1 0.089844 0.042969 0.085938 0.039062 0.074219 0.039062 0.072266 0.041016 0.066406 0.041016 0.062500 0.044922 0.060547 0.044922 0.054688 0.052734 0.058594 0.056641 0.064453 0.056641 0.072266 0.050781 0.080078 0.050781 0.082031 0.048828 0.083984 0.048828
1 0.000000 0.105469 0.000000 0.326172 0.070312 0.367188 0.017578 0.371094 0.000000 0.333984 0.005859 0.539062 0.064453 0.648438 0.117188 0.662109 0.142578 0.740234 0.210938 0.730469 0.201172 0.818359 0.302734 0.751953 0.439453 0.738281 0.414062 0.773438 0.427734 0.808594 0.517578 0.759766 0.576172 0.691406 0.552734 0.697266 0.527344 0.646484 0.572266 0.607422 0.533203 0.630859 0.515625 0.566406 0.453125 0.541016 0.380859 0.609375 0.343750 0.603516 0.318359 0.660156 0.281250 0.638672 0.269531 0.673828 0.152344 0.673828 0.093750 0.634766 0.064453 0.554688 0.119141 0.505859 0.181641 0.529297 0.197266 0.503906 0.117188 0.474609 0.158203 0.298828 0.097656 0.230469 0.013672 0.216797 0.027344 0.154297
0 0.527344 0.166016 0.525391 0.167969 0.525391 0.169922 0.527344 0.171875 0.529297 0.171875 0.531250 0.169922 0.531250 0.167969 0.529297 0.166016
0 0.576172 0.175781 0.570312 0.181641 0.574219 0.185547 0.580078 0.185547 0.582031 0.183594 0.582031 0.179688 0.578125 0.175781
0 0.609375 0.189453 0.605469 0.193359 0.611328 0.199219 0.613281 0.197266 0.613281 0.193359
0 0.466797 0.199219 0.462891 0.203125 0.468750 0.208984 0.472656 0.205078 0.472656 0.203125 0.468750 0.199219
0 0.646484 0.220703 0.644531 0.222656 0.648438 0.226562 0.650391 0.224609 0.650391 0.222656 0.648438 0.220703
0 0.669922 0.220703 0.667969 0.222656 0.669922 0.224609 0.671875 0.224609 0.673828 0.222656 0.671875 0.220703
0 0.617188 0.238281 0.613281 0.238281 0.609375 0.242188 0.609375 0.246094 0.615234 0.251953 0.617188 0.250000 0.619141 0.250000 0.621094 0.248047 0.621094 0.242188
0 0.382812 0.242188 0.375000 0.242188 0.369141 0.251953 0.369141 0.257812 0.371094 0.259766 0.371094 0.261719 0.376953 0.265625 0.382812 0.263672 0.390625 0.255859 0.390625 0.250000
0 0.601562 0.257812 0.595703 0.261719 0.595703 0.273438 0.601562 0.279297 0.605469 0.279297 0.609375 0.275391 0.609375 0.265625
0 0.275391 0.277344 0.269531 0.283203 0.269531 0.285156 0.271484 0.287109 0.271484 0.289062 0.277344 0.294922 0.283203 0.294922 0.289062 0.289062 0.289062 0.285156 0.283203 0.279297 0.281250 0.279297 0.279297 0.277344
0 0.259766 0.281250 0.257812 0.283203 0.259766 0.285156 0.261719 0.283203
0 0.894531 0.285156 0.892578 0.287109 0.894531 0.289062 0.896484 0.289062 0.898438 0.287109 0.896484 0.285156
0 0.357422 0.292969 0.355469 0.294922 0.355469 0.296875 0.359375 0.300781 0.361328 0.300781 0.365234 0.296875 0.361328 0.292969
0 0.224609 0.296875 0.222656 0.298828 0.226562 0.302734 0.228516 0.300781 0.228516 0.298828 0.226562 0.296875
0 0.896484 0.302734 0.894531 0.304688 0.894531 0.306641 0.896484 0.308594 0.898438 0.308594 0.900391 0.306641
0 0.357422 0.308594 0.355469 0.310547 0.359375 0.314453 0.361328 0.312500 0.361328 0.310547 0.359375 0.308594
0 0.232422 0.314453 0.228516 0.318359 0.228516 0.320312 0.232422 0.324219 0.234375 0.324219 0.236328 0.322266 0.236328 0.316406 0.234375 0.314453
0 0.824219 0.324219 0.824219 0.326172 0.830078 0.332031 0.837891 0.332031 0.839844 0.330078 0.841797 0.330078 0.845703 0.326172 0.843750 0.324219 0.843750 0.322266 0.837891 0.316406 0.832031 0.316406 0.830078 0.318359 0.828125 0.318359
0 0.228516 0.335938 0.224609 0.339844 0.226562 0.341797 0.228516 0.341797 0.230469 0.339844 0.230469 0.337891
1 0.287109 0.339844 0.283203 0.339844 0.281250 0.337891 0.273438 0.345703 0.273438 0.351562 0.275391 0.353516 0.267578 0.365234 0.267578 0.373047 0.271484 0.376953 0.279297 0.376953 0.285156 0.371094 0.285156 0.367188 0.287109 0.365234 0.287109 0.349609 0.289062 0.347656 0.289062 0.341797
0 0.400391 0.337891 0.396484 0.341797 0.396484 0.343750 0.402344 0.349609 0.406250 0.349609 0.410156 0.345703 0.410156 0.341797 0.406250 0.337891
1 0.222656 0.349609 0.216797 0.349609 0.212891 0.353516 0.212891 0.357422 0.205078 0.365234 0.205078 0.369141 0.210938 0.375000 0.212891 0.375000 0.218750 0.371094 0.216797 0.369141 0.216797 0.363281 0.224609 0.355469 0.224609 0.351562
0 0.416016 0.361328 0.414062 0.363281 0.416016 0.365234 0.417969 0.363281
0 0.398438 0.375000 0.398438 0.378906 0.402344 0.384766 0.408203 0.384766 0.410156 0.382812 0.412109 0.382812 0.416016 0.378906 0.419922 0.382812 0.421875 0.380859 0.419922 0.378906 0.417969 0.380859 0.414062 0.376953 0.412109 0.376953 0.406250 0.371094 0.402344 0.371094
0 0.248047 0.380859 0.246094 0.382812 0.246094 0.384766 0.248047 0.386719 0.250000 0.384766 0.250000 0.382812
1 0.226562 0.386719 0.222656 0.388672 0.224609 0.404297 0.216797 0.416016 0.216797 0.423828 0.199219 0.449219 0.203125 0.457031 0.216797 0.464844 0.210938 0.482422 0.214844 0.494141 0.224609 0.494141 0.234375 0.480469 0.232422 0.462891 0.238281 0.447266 0.232422 0.437500 0.232422 0.427734 0.246094 0.404297 0.240234 0.394531
0 0.167969 0.406250 0.166016 0.408203 0.177734 0.416016 0.175781 0.423828 0.193359 0.437500 0.207031 0.423828 0.207031 0.417969 0.205078 0.416016 0.195312 0.421875 0.191406 0.421875 0.187500 0.417969 0.185547 0.404297 0.181641 0.398438 0.171875 0.406250
0 0.140625 0.416016 0.138672 0.417969 0.138672 0.421875 0.150391 0.431641 0.150391 0.435547 0.154297 0.439453 0.158203 0.435547 0.158203 0.433594 0.164062 0.425781 0.164062 0.423828 0.162109 0.421875 0.160156 0.421875 0.154297 0.427734 0.142578 0.416016
0 0.394531 0.423828 0.392578 0.425781 0.394531 0.427734 0.396484 0.425781
0 0.445312 0.429688 0.443359 0.431641 0.447266 0.435547 0.449219 0.433594 0.449219 0.431641 0.447266 0.429688
0 0.376953 0.437500 0.375000 0.439453 0.376953 0.441406 0.376953 0.445312 0.378906 0.447266 0.380859 0.447266 0.382812 0.445312 0.380859 0.443359 0.380859 0.439453 0.378906 0.437500
0 0.455078 0.449219 0.453125 0.451172 0.453125 0.453125 0.455078 0.455078 0.457031 0.455078 0.458984 0.453125 0.458984 0.451172 0.457031 0.449219
0 0.527344 0.449219 0.525391 0.451172 0.527344 0.453125 0.529297 0.451172
0 0.248047 0.457031 0.244141 0.460938 0.244141 0.462891 0.248047 0.466797 0.251953 0.462891 0.251953 0.460938
0 0.726562 0.457031 0.724609 0.458984 0.726562 0.460938 0.728516 0.458984
0 0.365234 0.472656 0.359375 0.478516 0.359375 0.480469 0.357422 0.482422 0.363281 0.488281 0.380859 0.494141 0.384766 0.490234 0.384766 0.486328 0.371094 0.472656
0 0.255859 0.478516 0.251953 0.482422 0.257812 0.488281 0.259766 0.488281 0.261719 0.486328 0.261719 0.482422 0.257812 0.478516
0 0.296875 0.501953 0.292969 0.505859 0.292969 0.507812 0.294922 0.509766 0.296875 0.509766 0.300781 0.505859
0 0.509766 0.505859 0.507812 0.507812 0.509766 0.509766 0.511719 0.507812
0 0.115234 0.527344 0.111328 0.531250 0.111328 0.533203 0.113281 0.535156 0.113281 0.537109 0.117188 0.541016 0.119141 0.541016 0.121094 0.542969 0.123047 0.541016 0.123047 0.539062 0.125000 0.537109 0.123047 0.535156 0.123047 0.531250 0.121094 0.529297 0.119141 0.529297 0.117188 0.527344
0 0.210938 0.527344 0.207031 0.531250 0.207031 0.535156 0.210938 0.539062 0.214844 0.539062 0.216797 0.537109 0.216797 0.535156 0.218750 0.533203 0.218750 0.531250 0.214844 0.527344
0 0.421875 0.531250 0.419922 0.533203 0.421875 0.535156 0.423828 0.533203
0 0.488281 0.531250 0.486328 0.533203 0.488281 0.535156 0.490234 0.533203
0 0.953125 0.533203 0.951172 0.535156 0.953125 0.537109 0.955078 0.537109 0.957031 0.535156 0.955078 0.533203
0 0.921875 0.541016 0.917969 0.544922 0.917969 0.546875 0.919922 0.548828 0.919922 0.550781 0.921875 0.552734 0.925781 0.552734 0.929688 0.548828 0.929688 0.544922 0.925781 0.541016
0 0.175781 0.544922 0.171875 0.544922 0.169922 0.546875 0.169922 0.552734 0.167969 0.554688 0.171875 0.558594 0.173828 0.558594 0.177734 0.554688 0.177734 0.546875
0 0.406250 0.542969 0.404297 0.544922 0.406250 0.546875 0.408203 0.544922
0 0.097656 0.552734 0.095703 0.554688 0.097656 0.556641 0.099609 0.556641 0.101562 0.554688 0.099609 0.552734
0 0.486328 0.550781 0.484375 0.552734 0.486328 0.554688 0.488281 0.552734
0 0.326172 0.554688 0.322266 0.554688 0.320312 0.556641 0.320312 0.562500 0.322266 0.564453 0.324219 0.564453 0.328125 0.560547 0.328125 0.556641
0 0.308594 0.560547 0.300781 0.570312 0.294922 0.570312 0.289062 0.574219 0.287109 0.583984 0.291016 0.589844 0.298828 0.591797 0.308594 0.603516 0.312500 0.603516 0.316406 0.599609 0.316406 0.595703 0.306641 0.587891 0.314453 0.578125 0.306641 0.570312 0.312500 0.564453 0.312500 0.562500
0 0.384766 0.560547 0.382812 0.562500 0.386719 0.566406 0.388672 0.564453 0.388672 0.562500 0.386719 0.560547
0 0.621094 0.562500 0.617188 0.566406 0.617188 0.572266 0.619141 0.574219 0.619141 0.576172 0.621094 0.578125 0.625000 0.578125 0.626953 0.576172 0.626953 0.572266 0.628906 0.570312 0.628906 0.566406 0.625000 0.562500
0 0.943359 0.564453 0.939453 0.568359 0.943359 0.572266 0.947266 0.568359
1 0.318359 0.580078 0.324219 0.583984 0.330078 0.578125 0.335938 0.583984 0.341797 0.583984 0.351562 0.591797 0.353516 0.591797 0.361328 0.583984 0.355469 0.578125 0.349609 0.578125 0.339844 0.570312 0.335938 0.570312 0.326172 0.578125 0.322266 0.576172
0 0.935547 0.589844 0.931641 0.589844 0.927734 0.593750 0.933594 0.599609 0.937500 0.595703 0.937500 0.591797
0 0.550781 0.595703 0.548828 0.597656 0.548828 0.599609 0.552734 0.603516 0.556641 0.599609 0.552734 0.595703
0 0.708984 0.597656 0.705078 0.601562 0.705078 0.605469 0.708984 0.609375 0.712891 0.609375 0.716797 0.605469 0.716797 0.603516 0.710938 0.597656
1 0.210938 0.609375 0.210938 0.615234 0.216797 0.621094 0.220703 0.621094 0.222656 0.623047 0.230469 0.623047 0.232422 0.621094 0.238281 0.619141 0.242188 0.615234 0.236328 0.609375 0.226562 0.611328 0.218750 0.605469 0.216797 0.605469
0 0.259766 0.609375 0.255859 0.609375 0.251953 0.613281 0.251953 0.617188 0.257812 0.623047 0.263672 0.617188 0.263672 0.613281
0 0.306641 0.615234 0.302734 0.611328 0.300781 0.611328 0.298828 0.613281 0.289062 0.613281 0.287109 0.615234 0.285156 0.621094 0.287109 0.623047 0.291016 0.623047 0.292969 0.621094 0.296875 0.625000 0.298828 0.623047 0.300781 0.625000 0.302734 0.625000 0.306641 0.621094
0 0.185547 0.634766 0.181641 0.638672 0.181641 0.640625 0.187500 0.646484 0.193359 0.640625 0.193359 0.638672 0.191406 0.636719 0.189453 0.636719 0.187500 0.634766
0 0.728516 0.634766 0.726562 0.636719 0.726562 0.638672 0.728516 0.640625 0.730469 0.640625 0.732422 0.638672 0.732422 0.636719 0.730469 0.634766
0 0.566406 0.638672 0.560547 0.638672 0.556641 0.642578 0.556641 0.646484 0.560547 0.650391 0.562500 0.650391 0.564453 0.648438 0.566406 0.648438 0.568359 0.646484 0.568359 0.640625
0 0.212891 0.646484 0.210938 0.648438 0.210938 0.650391 0.212891 0.652344 0.214844 0.652344 0.216797 0.650391 0.216797 0.648438 0.214844 0.646484
1 0.625000 0.646484 0.619141 0.654297 0.625000 0.664062 0.636719 0.677734 0.650391 0.681641 0.654297 0.677734 0.652344 0.675781 0.652344 0.666016 0.650391 0.664062 0.636719 0.664062 0.630859 0.658203 0.630859 0.648438 0.628906 0.646484
0 0.892578 0.660156 0.884766 0.664062 0.878906 0.669922 0.878906 0.675781 0.876953 0.677734 0.878906 0.679688 0.876953 0.683594 0.886719 0.695312 0.898438 0.699219 0.908203 0.691406 0.910156 0.687500 0.910156 0.677734 0.912109 0.675781 0.904297 0.664062 0.900391 0.664062 0.896484 0.660156 0.894531 0.662109
0 0.619141 0.691406 0.617188 0.693359 0.619141 0.695312 0.621094 0.695312 0.623047 0.693359 0.621094 0.691406
1 0.630859 0.724609 0.628906 0.724609 0.626953 0.726562 0.628906 0.728516 0.628906 0.730469 0.626953 0.732422 0.628906 0.734375 0.630859 0.732422 0.628906 0.730469 0.632812 0.726562
0 0.746094 0.724609 0.742188 0.728516 0.742188 0.730469 0.740234 0.732422 0.740234 0.740234 0.742188 0.742188 0.744141 0.740234 0.748047 0.740234 0.750000 0.738281 0.750000 0.736328 0.751953 0.734375 0.751953 0.732422 0.750000 0.730469 0.750000 0.728516
0 0.666016 0.740234 0.662109 0.744141 0.666016 0.748047 0.669922 0.744141
0 0.730469 0.748047 0.728516 0.750000 0.728516 0.753906 0.732422 0.757812 0.734375 0.757812 0.738281 0.753906 0.738281 0.750000 0.736328 0.748047
0 0.382812 0.755859 0.375000 0.763672 0.375000 0.773438 0.380859 0.781250 0.386719 0.783203 0.396484 0.775391 0.396484 0.773438 0.398438 0.771484 0.398438 0.765625 0.392578 0.757812 0.390625 0.757812 0.388672 0.755859
0 0.601562 0.755859 0.597656 0.755859 0.595703 0.757812 0.593750 0.757812 0.591797 0.759766 0.591797 0.765625 0.595703 0.769531 0.597656 0.769531 0.599609 0.771484 0.607422 0.763672 0.605469 0.761719 0.605469 0.759766
0 0.875000 0.755859 0.871094 0.759766 0.871094 0.765625 0.873047 0.767578 0.873047 0.769531 0.875000 0.771484 0.878906 0.771484 0.884766 0.765625 0.884766 0.761719 0.878906 0.755859
0 0.761719 0.759766 0.759766 0.759766 0.755859 0.763672 0.755859 0.765625 0.759766 0.769531 0.761719 0.767578 0.763672 0.767578 0.765625 0.765625 0.765625 0.763672
0 0.361328 0.761719 0.359375 0.763672 0.361328 0.765625 0.363281 0.765625 0.365234 0.763672 0.363281 0.761719
0 0.662109 0.765625 0.656250 0.771484 0.656250 0.775391 0.658203 0.777344 0.662109 0.777344 0.664062 0.775391 0.664062 0.773438 0.666016 0.771484 0.666016 0.769531
0 0.496094 0.787109 0.494141 0.789062 0.496094 0.791016 0.498047 0.789062
0 0.617188 0.789062 0.613281 0.792969 0.613281 0.794922 0.617188 0.798828 0.619141 0.798828 0.623047 0.794922 0.623047 0.792969 0.619141 0.789062
0 0.857422 0.794922 0.851562 0.802734 0.851562 0.818359 0.855469 0.826172 0.869141 0.835938 0.882812 0.835938 0.890625 0.841797 0.898438 0.841797 0.904297 0.835938 0.904297 0.828125 0.900391 0.822266 0.898438 0.814453 0.900391 0.812500 0.894531 0.804688 0.875000 0.792969
0 0.929688 0.796875 0.925781 0.792969 0.923828 0.792969 0.921875 0.794922 0.919922 0.794922 0.917969 0.796875 0.921875 0.800781 0.925781 0.800781
0 0.710938 0.798828 0.708984 0.800781 0.710938 0.802734 0.712891 0.802734 0.714844 0.800781 0.712891 0.798828
0 0.738281 0.796875 0.736328 0.798828 0.736328 0.800781 0.738281 0.802734 0.740234 0.802734 0.742188 0.800781 0.742188 0.798828 0.740234 0.796875
0 0.578125 0.818359 0.574219 0.822266 0.574219 0.830078 0.576172 0.832031 0.576172 0.835938 0.578125 0.837891 0.578125 0.839844 0.580078 0.841797 0.585938 0.841797 0.589844 0.837891 0.589844 0.835938 0.591797 0.833984 0.591797 0.826172 0.587891 0.820312 0.585938 0.820312 0.583984 0.818359
0 0.509766 0.822266 0.503906 0.824219 0.500000 0.830078 0.500000 0.835938 0.498047 0.837891 0.498047 0.841797 0.503906 0.845703 0.509766 0.843750 0.513672 0.837891 0.513672 0.826172
0 0.611328 0.820312 0.607422 0.824219 0.607422 0.826172 0.609375 0.828125 0.609375 0.835938 0.607422 0.837891 0.607422 0.841797 0.611328 0.845703 0.613281 0.845703 0.615234 0.843750 0.617188 0.843750 0.621094 0.839844 0.621094 0.837891 0.623047 0.835938 0.623047 0.832031 0.621094 0.830078 0.621094 0.828125 0.613281 0.820312
0 0.664062 0.828125 0.660156 0.832031 0.664062 0.835938 0.667969 0.832031
1 0.724609 0.830078 0.720703 0.833984 0.722656 0.835938 0.716797 0.841797 0.718750 0.843750 0.720703 0.843750 0.728516 0.835938 0.728516 0.833984
0 0.972656 0.839844 0.968750 0.843750 0.968750 0.847656 0.974609 0.853516 0.976562 0.853516 0.978516 0.851562 0.980469 0.851562 0.982422 0.849609 0.982422 0.845703 0.980469 0.843750 0.980469 0.841797 0.978516 0.839844
0 0.648438 0.847656 0.646484 0.847656 0.644531 0.849609 0.638672 0.849609 0.634766 0.855469 0.634766 0.859375 0.640625 0.865234 0.644531 0.865234 0.650391 0.859375 0.650391 0.857422 0.652344 0.855469 0.652344 0.851562
1 0.246094 0.943359 0.251953 0.966797 0.277344 0.980469 0.312500 0.916016 0.351562 0.958984 0.386719 0.933594 0.378906 0.996094 0.423828 0.998047 0.425781 0.970703 0.453125 0.970703 0.462891 0.957031 0.439453 0.933594 0.449219 0.921875 0.470703 0.925781 0.490234 0.998047 0.500000 0.998047 0.505859 0.978516 0.490234 0.935547 0.507812 0.921875 0.498047 0.912109 0.511719 0.902344 0.544922 0.931641 0.554688 0.955078 0.542969 0.998047 0.580078 0.998047 0.568359 0.939453 0.519531 0.867188 0.384766 0.863281 0.359375 0.853516 0.333984 0.865234 0.302734 0.906250 0.263672 0.914062
1 0.720703 0.859375 0.716797 0.855469 0.714844 0.855469 0.712891 0.857422 0.710938 0.857422 0.708984 0.859375 0.707031 0.859375 0.705078 0.861328 0.703125 0.859375 0.701172 0.861328 0.701172 0.863281 0.703125 0.865234 0.705078 0.863281 0.708984 0.863281 0.710938 0.861328 0.712891 0.863281 0.718750 0.863281 0.720703 0.861328
0 0.546875 0.859375 0.541016 0.865234 0.541016 0.867188 0.546875 0.873047 0.550781 0.869141 0.550781 0.863281
0 0.882812 0.861328 0.878906 0.865234 0.878906 0.875000 0.882812 0.880859 0.888672 0.880859 0.892578 0.876953 0.892578 0.867188 0.888672 0.861328
0 0.582031 0.865234 0.578125 0.869141 0.578125 0.873047 0.576172 0.875000 0.583984 0.882812 0.591797 0.882812 0.595703 0.878906 0.595703 0.876953 0.593750 0.875000 0.593750 0.871094 0.591797 0.869141 0.589844 0.869141 0.585938 0.865234
0 0.671875 0.867188 0.669922 0.869141 0.669922 0.871094 0.667969 0.873047 0.667969 0.875000 0.669922 0.876953 0.669922 0.878906 0.673828 0.882812 0.675781 0.882812 0.677734 0.884766 0.683594 0.878906 0.683594 0.876953 0.685547 0.875000 0.683594 0.873047 0.683594 0.871094 0.679688 0.867188
0 0.619141 0.880859 0.615234 0.884766 0.619141 0.888672 0.621094 0.886719 0.621094 0.882812
0 0.994141 0.878906 0.990234 0.878906 0.986328 0.882812 0.988281 0.884766 0.988281 0.886719 0.990234 0.888672 0.992188 0.888672 0.994141 0.886719 0.996094 0.886719 0.998047 0.884766 0.998047 0.880859 0.996094 0.880859
0 0.718750 0.882812 0.714844 0.886719 0.714844 0.888672 0.716797 0.890625 0.716797 0.892578 0.718750 0.894531 0.724609 0.894531 0.726562 0.892578 0.726562 0.888672 0.724609 0.886719 0.722656 0.886719
0 0.921875 0.886719 0.919922 0.888672 0.921875 0.890625 0.923828 0.888672
0 0.671875 0.894531 0.669922 0.896484 0.669922 0.898438 0.673828 0.902344 0.675781 0.902344 0.677734 0.900391 0.677734 0.896484 0.675781 0.894531
0 0.695312 0.894531 0.691406 0.898438 0.691406 0.906250 0.697266 0.912109 0.701172 0.908203 0.701172 0.900391
0 0.611328 0.910156 0.609375 0.912109 0.611328 0.916016 0.603516 0.927734 0.593750 0.933594 0.587891 0.941406 0.593750 0.945312 0.601562 0.939453 0.607422 0.939453 0.617188 0.947266 0.634766 0.953125 0.636719 0.951172 0.632812 0.941406 0.640625 0.933594 0.634766 0.931641 0.630859 0.923828 0.636719 0.917969 0.630859 0.914062 0.625000 0.921875 0.619141 0.921875 0.611328 0.916016 0.615234 0.912109
0 0.763672 0.919922 0.759766 0.919922 0.755859 0.923828 0.757812 0.925781 0.757812 0.927734 0.759766 0.929688 0.761719 0.929688 0.765625 0.925781 0.765625 0.921875
0 0.654297 0.935547 0.650391 0.939453 0.650391 0.941406 0.654297 0.945312 0.658203 0.941406 0.658203 0.939453
0 0.527344 0.937500 0.523438 0.941406 0.523438 0.943359 0.521484 0.945312 0.521484 0.951172 0.527344 0.957031 0.531250 0.957031 0.535156 0.953125 0.535156 0.951172 0.537109 0.949219 0.537109 0.945312 0.535156 0.943359 0.535156 0.941406 0.531250 0.937500
0 0.738281 0.941406 0.734375 0.945312 0.734375 0.949219 0.740234 0.955078 0.742188 0.955078 0.748047 0.949219 0.748047 0.945312 0.744141 0.941406
1 0.693359 0.947266 0.689453 0.951172 0.689453 0.955078 0.697266 0.964844 0.699219 0.984375 0.703125 0.988281 0.705078 0.988281 0.710938 0.982422 0.710938 0.976562 0.703125 0.962891 0.705078 0.953125 0.699219 0.947266
0 0.789062 0.949219 0.785156 0.949219 0.777344 0.945312 0.771484 0.951172 0.771484 0.953125 0.779297 0.960938 0.767578 0.970703 0.769531 0.974609 0.775391 0.974609 0.777344 0.972656 0.777344 0.968750 0.783203 0.962891 0.787109 0.964844 0.792969 0.958984 0.792969 0.953125
0 0.664062 0.951172 0.658203 0.951172 0.646484 0.962891 0.636719 0.964844 0.628906 0.976562 0.630859 0.982422 0.644531 0.994141 0.644531 0.998047 0.669922 0.998047 0.667969 0.990234 0.675781 0.982422 0.677734 0.970703 0.669922 0.962891 0.669922 0.958984
0 0.722656 0.964844 0.720703 0.966797 0.722656 0.968750 0.724609 0.968750 0.726562 0.966797 0.724609 0.964844
0 0.902344 0.976562 0.900391 0.976562 0.896484 0.980469 0.896484 0.982422 0.898438 0.984375 0.900391 0.982422 0.902344 0.984375 0.904297 0.982422 0.904297 0.978516
0 0.824219 0.986328 0.820312 0.990234 0.824219 0.994141 0.828125 0.990234
0 0.605469 0.996094 0.603516 0.994141 0.601562 0.996094 0.601562 0.998047 0.605469 0.998047
