0 0.222656 0.021484 0.220703 0.023438 0.222656 0.025391 0.224609 0.023438
0 0.234375 0.029297 0.232422 0.031250 0.232422 0.035156 0.234375 0.037109 0.234375 0.039062 0.236328 0.041016 0.238281 0.039062 0.238281 0.033203
1 0.000000 0.037109 0.000000 0.128906 0.039062 0.078125 0.091797 0.115234 0.019531 0.146484 0.091797 0.150391 0.042969 0.224609 0.000000 0.199219 0.009766 0.257812 0.050781 0.236328 0.000000 0.373047 0.054688 0.396484 0.000000 0.392578 0.054688 0.613281 0.125000 0.609375 0.117188 0.681641 0.191406 0.695312 0.189453 0.990234 0.232422 0.902344 0.310547 0.951172 0.277344 0.998047 0.503906 0.957031 0.615234 0.998047 0.636719 0.933594 0.656250 0.998047 0.791016 0.974609 0.876953 0.777344 0.769531 0.968750 0.636719 0.884766 0.535156 0.904297 0.716797 0.697266 0.556641 0.833984 0.462891 0.820312 0.509766 0.882812 0.455078 0.955078 0.230469 0.871094 0.234375 0.785156 0.353516 0.783203 0.445312 0.675781 0.435547 0.472656 0.306641 0.462891 0.369141 0.490234 0.382812 0.406250 0.316406 0.396484 0.234375 0.250000 0.068359 0.248047 0.138672 0.136719
0 0.185547 0.046875 0.183594 0.048828 0.185547 0.050781 0.187500 0.048828
0 0.255859 0.048828 0.251953 0.052734 0.251953 0.058594 0.250000 0.060547 0.251953 0.062500 0.251953 0.066406 0.250000 0.068359 0.250000 0.072266 0.253906 0.076172 0.261719 0.076172 0.265625 0.070312 0.265625 0.054688 0.261719 0.048828
0 0.248047 0.083984 0.246094 0.083984 0.244141 0.085938 0.244141 0.091797 0.242188 0.093750 0.242188 0.097656 0.244141 0.099609 0.248047 0.099609 0.250000 0.097656 0.251953 0.097656 0.253906 0.095703 0.251953 0.093750 0.251953 0.087891
1 0.240234 0.103516 0.236328 0.101562 0.230469 0.109375 0.226562 0.109375 0.224609 0.111328 0.214844 0.111328 0.210938 0.115234 0.210938 0.125000 0.212891 0.126953 0.220703 0.126953 0.232422 0.115234 0.236328 0.113281 0.236328 0.109375
0 0.158203 0.125000 0.154297 0.128906 0.154297 0.130859 0.158203 0.134766 0.162109 0.134766 0.164062 0.132812 0.164062 0.128906 0.160156 0.125000
0 0.203125 0.150391 0.201172 0.152344 0.201172 0.156250 0.203125 0.158203 0.207031 0.158203 0.210938 0.154297 0.210938 0.152344 0.208984 0.150391
1 0.181641 0.158203 0.177734 0.162109 0.185547 0.171875 0.185547 0.173828 0.183594 0.175781 0.183594 0.183594 0.187500 0.187500 0.189453 0.187500 0.193359 0.183594 0.193359 0.181641 0.191406 0.179688 0.191406 0.173828 0.189453 0.171875 0.191406 0.169922 0.187500 0.166016 0.185547 0.160156 0.183594 0.158203
0 0.000000 0.177734 0.001953 0.175781 0.003906 0.175781 0.005859 0.173828 0.003906 0.171875 0.000000 0.171875
0 0.169922 0.203125 0.166016 0.207031 0.166016 0.208984 0.171875 0.214844 0.173828 0.214844 0.175781 0.212891 0.175781 0.207031 0.171875 0.203125
0 0.628906 0.205078 0.626953 0.207031 0.628906 0.208984 0.630859 0.208984 0.632812 0.207031 0.630859 0.205078
0 0.000000 0.267578 0.000000 0.275391 0.001953 0.275391 0.003906 0.273438 0.003906 0.271484
0 0.882812 0.308594 0.878906 0.312500 0.878906 0.314453 0.882812 0.318359 0.884766 0.318359 0.888672 0.314453 0.888672 0.312500 0.886719 0.310547 0.884766 0.310547
0 0.357422 0.316406 0.355469 0.318359 0.355469 0.324219 0.357422 0.326172 0.359375 0.326172 0.363281 0.322266 0.363281 0.320312 0.359375 0.316406
0 0.677734 0.320312 0.675781 0.322266 0.677734 0.324219 0.679688 0.322266
0 0.476562 0.341797 0.474609 0.343750 0.476562 0.345703 0.478516 0.343750
0 0.652344 0.357422 0.648438 0.361328 0.648438 0.365234 0.652344 0.369141 0.656250 0.369141 0.660156 0.365234 0.660156 0.361328 0.656250 0.357422
0 0.773438 0.355469 0.771484 0.357422 0.773438 0.359375 0.775391 0.357422
0 0.265625 0.367188 0.261719 0.371094 0.263672 0.373047 0.263672 0.376953 0.265625 0.378906 0.267578 0.378906 0.271484 0.375000 0.269531 0.373047 0.269531 0.371094
0 0.443359 0.431641 0.443359 0.421875 0.437500 0.416016 0.431641 0.416016 0.419922 0.423828 0.416016 0.419922 0.408203 0.419922 0.406250 0.421875 0.408203 0.425781 0.416016 0.425781 0.417969 0.423828 0.423828 0.429688 0.423828 0.433594 0.429688 0.439453 0.437500 0.439453
0 0.531250 0.417969 0.527344 0.421875 0.527344 0.423828 0.531250 0.427734 0.535156 0.423828 0.535156 0.421875
0 0.576172 0.419922 0.572266 0.423828 0.572266 0.425781 0.574219 0.427734 0.576172 0.427734 0.580078 0.423828
0 0.121094 0.441406 0.119141 0.443359 0.123047 0.447266 0.125000 0.445312 0.125000 0.443359 0.123047 0.441406
0 0.337891 0.457031 0.335938 0.458984 0.335938 0.460938 0.337891 0.462891 0.339844 0.460938 0.339844 0.458984
0 0.570312 0.460938 0.568359 0.460938 0.566406 0.462891 0.566406 0.464844 0.568359 0.466797 0.572266 0.462891
0 0.488281 0.494141 0.486328 0.496094 0.482422 0.496094 0.480469 0.498047 0.480469 0.503906 0.484375 0.507812 0.486328 0.507812 0.492188 0.501953 0.492188 0.498047
0 0.677734 0.539062 0.671875 0.533203 0.669922 0.533203 0.666016 0.529297 0.664062 0.531250 0.658203 0.533203 0.652344 0.539062 0.652344 0.542969 0.654297 0.544922 0.664062 0.544922 0.666016 0.542969 0.669922 0.542969 0.671875 0.541016 0.673828 0.542969 0.675781 0.542969 0.677734 0.541016
0 0.562500 0.531250 0.558594 0.535156 0.562500 0.539062 0.566406 0.539062 0.568359 0.537109 0.568359 0.533203 0.566406 0.531250
0 0.478516 0.541016 0.474609 0.537109 0.472656 0.537109 0.468750 0.541016 0.468750 0.542969 0.470703 0.544922 0.474609 0.544922
0 0.501953 0.556641 0.500000 0.558594 0.501953 0.560547 0.503906 0.558594
0 0.966797 0.580078 0.964844 0.582031 0.964844 0.593750 0.968750 0.597656 0.970703 0.597656 0.976562 0.601562 0.984375 0.601562 0.988281 0.597656 0.988281 0.591797 0.980469 0.583984 0.978516 0.583984 0.974609 0.580078
0 0.660156 0.597656 0.656250 0.601562 0.656250 0.603516 0.658203 0.605469 0.662109 0.601562 0.662109 0.599609
0 0.728516 0.609375 0.724609 0.613281 0.724609 0.615234 0.728516 0.619141 0.732422 0.615234 0.732422 0.613281
0 0.828125 0.617188 0.826172 0.619141 0.830078 0.623047 0.832031 0.621094 0.832031 0.619141 0.830078 0.617188
0 0.791016 0.626953 0.789062 0.625000 0.787109 0.625000 0.783203 0.628906 0.785156 0.630859 0.789062 0.630859 0.791016 0.628906
0 0.761719 0.630859 0.759766 0.632812 0.759766 0.634766 0.761719 0.636719 0.763672 0.636719 0.765625 0.634766
0 0.957031 0.632812 0.955078 0.632812 0.949219 0.638672 0.949219 0.646484 0.953125 0.650391 0.957031 0.650391 0.962891 0.644531 0.962891 0.638672
0 0.705078 0.650391 0.703125 0.650391 0.699219 0.654297 0.699219 0.660156 0.701172 0.662109 0.705078 0.662109 0.708984 0.658203 0.708984 0.654297
0 0.650391 0.660156 0.648438 0.662109 0.648438 0.677734 0.652344 0.681641 0.658203 0.677734 0.658203 0.675781 0.660156 0.673828 0.660156 0.669922 0.658203 0.667969 0.658203 0.666016 0.652344 0.660156
0 0.988281 0.664062 0.984375 0.664062 0.982422 0.666016 0.982422 0.667969 0.980469 0.669922 0.982422 0.671875 0.984375 0.671875 0.986328 0.673828 0.990234 0.669922 0.990234 0.666016
0 0.789062 0.669922 0.785156 0.669922 0.783203 0.671875 0.783203 0.673828 0.781250 0.675781 0.781250 0.677734 0.783203 0.679688 0.785156 0.679688 0.787109 0.681641 0.792969 0.675781 0.792969 0.673828
0 0.478516 0.671875 0.476562 0.673828 0.478516 0.675781 0.480469 0.673828
0 0.775391 0.683594 0.763672 0.673828 0.755859 0.673828 0.744141 0.685547 0.742188 0.689453 0.742188 0.693359 0.748047 0.699219 0.751953 0.699219 0.761719 0.693359 0.767578 0.693359 0.771484 0.691406
0 0.486328 0.679688 0.484375 0.681641 0.484375 0.683594 0.486328 0.685547 0.488281 0.683594 0.488281 0.681641
0 0.779297 0.695312 0.777344 0.697266 0.775391 0.697266 0.773438 0.699219 0.773438 0.705078 0.779297 0.710938 0.783203 0.710938 0.787109 0.707031 0.787109 0.699219 0.785156 0.697266 0.783203 0.697266 0.781250 0.695312
0 0.974609 0.695312 0.970703 0.699219 0.970703 0.703125 0.974609 0.707031 0.976562 0.707031 0.978516 0.708984 0.980469 0.708984 0.986328 0.712891 0.990234 0.708984 0.990234 0.707031 0.988281 0.705078 0.988281 0.703125 0.982422 0.697266 0.980469 0.697266 0.978516 0.695312
0 0.814453 0.699219 0.812500 0.701172 0.812500 0.703125 0.816406 0.707031 0.818359 0.707031 0.822266 0.703125 0.818359 0.699219
0 0.857422 0.708984 0.855469 0.710938 0.857422 0.712891 0.859375 0.710938
0 0.621094 0.710938 0.619141 0.712891 0.617188 0.712891 0.613281 0.716797 0.613281 0.720703 0.619141 0.726562 0.621094 0.726562 0.625000 0.730469 0.630859 0.726562 0.630859 0.716797 0.626953 0.712891 0.625000 0.712891 0.623047 0.710938
0 0.896484 0.712891 0.894531 0.712891 0.892578 0.714844 0.892578 0.716797 0.888672 0.720703 0.888672 0.724609 0.890625 0.726562 0.894531 0.726562 0.896484 0.724609 0.896484 0.718750 0.898438 0.716797 0.898438 0.714844
1 0.818359 0.724609 0.814453 0.720703 0.812500 0.722656 0.806641 0.722656 0.804688 0.726562 0.787109 0.742188 0.792969 0.748047 0.794922 0.746094 0.800781 0.746094 0.804688 0.744141 0.808594 0.738281 0.806641 0.734375 0.810547 0.730469 0.814453 0.730469 0.818359 0.726562
0 0.585938 0.722656 0.583984 0.724609 0.585938 0.726562 0.587891 0.724609
0 0.781250 0.722656 0.779297 0.722656 0.777344 0.724609 0.775391 0.724609 0.769531 0.730469 0.769531 0.732422 0.773438 0.736328 0.775391 0.734375 0.781250 0.734375 0.785156 0.730469 0.785156 0.726562
0 0.871094 0.724609 0.867188 0.724609 0.865234 0.726562 0.865234 0.728516 0.867188 0.730469 0.869141 0.730469 0.873047 0.726562
0 0.949219 0.724609 0.945312 0.724609 0.943359 0.726562 0.943359 0.730469 0.947266 0.734375 0.953125 0.728516
0 0.550781 0.734375 0.544922 0.740234 0.546875 0.742188 0.546875 0.746094 0.552734 0.751953 0.554688 0.751953 0.556641 0.753906 0.560547 0.753906 0.566406 0.748047 0.566406 0.740234 0.560547 0.734375
0 0.867188 0.746094 0.865234 0.748047 0.865234 0.753906 0.867188 0.755859 0.869141 0.755859 0.871094 0.757812 0.873047 0.755859 0.875000 0.755859 0.876953 0.753906 0.876953 0.751953 0.871094 0.746094
0 0.888672 0.748047 0.886719 0.750000 0.888672 0.751953 0.890625 0.750000
0 0.849609 0.750000 0.845703 0.750000 0.843750 0.751953 0.839844 0.751953 0.835938 0.755859 0.835938 0.757812 0.841797 0.763672 0.843750 0.763672 0.845703 0.761719 0.847656 0.761719 0.851562 0.757812 0.851562 0.751953
1 0.908203 0.767578 0.904297 0.763672 0.902344 0.763672 0.900391 0.765625 0.896484 0.765625 0.894531 0.767578 0.888672 0.765625 0.882812 0.771484 0.886719 0.775391 0.890625 0.775391 0.896484 0.771484 0.900391 0.771484 0.902344 0.773438 0.904297 0.773438 0.908203 0.769531
0 0.958984 0.765625 0.953125 0.765625 0.949219 0.769531 0.949219 0.773438 0.953125 0.777344 0.953125 0.779297 0.955078 0.781250 0.957031 0.779297 0.960938 0.779297 0.964844 0.775391 0.964844 0.771484
0 0.761719 0.775391 0.757812 0.779297 0.757812 0.781250 0.759766 0.783203 0.761719 0.783203 0.765625 0.779297
0 0.458984 0.777344 0.457031 0.779297 0.457031 0.785156 0.458984 0.787109 0.460938 0.787109 0.464844 0.783203
0 0.816406 0.777344 0.812500 0.781250 0.812500 0.783203 0.816406 0.787109 0.818359 0.787109 0.822266 0.783203 0.822266 0.781250 0.818359 0.777344
0 0.519531 0.787109 0.513672 0.791016 0.513672 0.792969 0.511719 0.794922 0.511719 0.800781 0.517578 0.806641 0.523438 0.806641 0.529297 0.800781 0.529297 0.792969 0.523438 0.787109
0 0.820312 0.794922 0.812500 0.804688 0.812500 0.818359 0.816406 0.824219 0.820312 0.826172 0.828125 0.826172 0.832031 0.824219 0.839844 0.816406 0.839844 0.804688 0.833984 0.796875 0.830078 0.794922
0 0.283203 0.804688 0.279297 0.808594 0.279297 0.810547 0.283203 0.814453 0.285156 0.814453 0.289062 0.810547 0.289062 0.808594 0.285156 0.804688
0 0.400391 0.816406 0.394531 0.822266 0.394531 0.826172 0.400391 0.832031 0.406250 0.832031 0.410156 0.828125 0.410156 0.822266 0.404297 0.816406
0 0.931641 0.822266 0.925781 0.828125 0.925781 0.830078 0.931641 0.835938 0.935547 0.835938 0.939453 0.832031 0.939453 0.826172 0.935547 0.822266
0 0.804688 0.824219 0.802734 0.824219 0.798828 0.828125 0.800781 0.830078 0.798828 0.832031 0.800781 0.833984 0.802734 0.833984 0.806641 0.830078 0.806641 0.826172
0 0.136719 0.828125 0.132812 0.832031 0.136719 0.835938 0.138672 0.835938 0.142578 0.832031 0.138672 0.828125
0 0.375000 0.833984 0.373047 0.835938 0.375000 0.837891 0.376953 0.837891 0.378906 0.835938 0.376953 0.833984
0 0.636719 0.845703 0.632812 0.845703 0.628906 0.849609 0.632812 0.853516 0.634766 0.853516 0.638672 0.849609 0.638672 0.847656
0 0.701172 0.843750 0.697266 0.847656 0.697266 0.855469 0.687500 0.867188 0.673828 0.865234 0.667969 0.871094 0.667969 0.878906 0.673828 0.886719 0.673828 0.898438 0.681641 0.906250 0.699219 0.904297 0.712891 0.888672 0.707031 0.880859 0.710938 0.863281
1 0.423828 0.851562 0.417969 0.855469 0.417969 0.865234 0.400391 0.880859 0.400391 0.888672 0.410156 0.896484 0.416016 0.896484 0.419922 0.892578 0.417969 0.871094 0.429688 0.861328 0.429688 0.855469
0 0.378906 0.867188 0.371094 0.867188 0.367188 0.871094 0.367188 0.873047 0.361328 0.878906 0.361328 0.882812 0.367188 0.888672 0.369141 0.888672 0.371094 0.890625 0.373047 0.888672 0.375000 0.888672 0.378906 0.884766 0.378906 0.882812 0.380859 0.880859 0.380859 0.869141
1 0.492188 0.878906 0.484375 0.871094 0.470703 0.873047 0.458984 0.884766 0.451172 0.878906 0.445312 0.878906 0.439453 0.884766 0.437500 0.894531 0.445312 0.900391 0.457031 0.898438 0.460938 0.894531 0.484375 0.894531 0.490234 0.890625
0 0.990234 0.873047 0.988281 0.875000 0.988281 0.876953 0.990234 0.878906 0.992188 0.876953 0.992188 0.875000
0 0.654297 0.878906 0.652344 0.878906 0.648438 0.882812 0.648438 0.884766 0.652344 0.888672 0.654297 0.886719 0.656250 0.886719 0.658203 0.884766 0.658203 0.882812
0 0.734375 0.908203 0.738281 0.919922 0.751953 0.927734 0.763672 0.927734 0.771484 0.919922 0.771484 0.912109 0.773438 0.910156 0.773438 0.906250 0.769531 0.902344 0.761719 0.904297 0.751953 0.900391 0.740234 0.900391
0 0.912109 0.904297 0.910156 0.902344 0.908203 0.902344 0.906250 0.900391 0.904297 0.902344 0.900391 0.902344 0.898438 0.904297 0.898438 0.908203 0.900391 0.910156 0.908203 0.910156 0.912109 0.906250
0 0.423828 0.906250 0.417969 0.906250 0.416016 0.908203 0.416016 0.916016 0.419922 0.919922 0.427734 0.912109 0.425781 0.910156 0.425781 0.908203
1 0.882812 0.910156 0.884766 0.919922 0.894531 0.931641 0.900391 0.931641 0.910156 0.927734 0.912109 0.929688 0.921875 0.929688 0.925781 0.925781 0.925781 0.921875 0.921875 0.917969 0.904297 0.919922 0.886719 0.908203
0 0.929688 0.906250 0.927734 0.908203 0.929688 0.910156 0.931641 0.908203
0 0.957031 0.916016 0.957031 0.925781 0.960938 0.929688 0.962891 0.929688 0.964844 0.931641 0.970703 0.931641 0.972656 0.933594 0.978516 0.933594 0.984375 0.929688 0.984375 0.919922 0.978516 0.912109 0.976562 0.912109 0.974609 0.910156 0.966797 0.910156 0.964844 0.912109 0.960938 0.912109
0 0.714844 0.923828 0.712891 0.925781 0.714844 0.927734 0.716797 0.925781
0 0.285156 0.945312 0.283203 0.947266 0.285156 0.949219 0.287109 0.949219 0.289062 0.947266 0.287109 0.945312
0 0.859375 0.953125 0.857422 0.955078 0.857422 0.957031 0.855469 0.958984 0.855469 0.960938 0.859375 0.964844 0.865234 0.964844 0.867188 0.962891 0.867188 0.957031 0.863281 0.953125
0 0.933594 0.953125 0.929688 0.957031 0.933594 0.960938 0.935547 0.958984 0.935547 0.955078
0 0.839844 0.957031 0.837891 0.958984 0.837891 0.960938 0.839844 0.962891 0.841797 0.960938 0.841797 0.958984
0 0.949219 0.957031 0.941406 0.978516 0.937500 0.982422 0.931641 0.984375 0.937500 0.988281 0.943359 0.982422 0.949219 0.982422 0.958984 0.992188 0.966797 0.992188 0.968750 0.990234 0.968750 0.984375 0.962891 0.968750 0.951172 0.957031
0 0.886719 0.970703 0.884766 0.972656 0.884766 0.976562 0.886719 0.978516 0.888672 0.978516 0.890625 0.980469 0.892578 0.980469 0.894531 0.978516 0.894531 0.976562 0.896484 0.974609 0.892578 0.970703
1 0.529297 0.998047 0.560547 0.998047 0.558594 0.996094 0.552734 0.996094 0.550781 0.994141 0.542969 0.994141 0.541016 0.992188 0.537109 0.992188 0.535156 0.990234 0.533203 0.990234 0.531250 0.992188 0.531250 0.996094
0 0.822266 0.996094 0.822266 0.998047 0.832031 0.998047 0.828125 0.994141 0.824219 0.994141
1 0.982422 0.998047 0.998047 0.998047 0.998047 0.994141 0.996094 0.994141 0.994141 0.992188 0.988281 0.992188
1 0.906250 0.998047 0.912109 0.998047 0.910156 0.996094 0.908203 0.996094
