0 0.033203 0.003906 0.029297 0.007812 0.029297 0.009766 0.031250 0.011719 0.031250 0.013672 0.035156 0.019531 0.035156 0.023438 0.041016 0.027344 0.046875 0.021484 0.046875 0.011719 0.039062 0.003906
0 0.449219 0.152344 0.445312 0.156250 0.447266 0.158203 0.449219 0.158203 0.451172 0.156250 0.451172 0.154297
1 0.000000 0.162109 0.000000 0.197266 0.021484 0.195312 0.000000 0.287109 0.029297 0.302734 0.000000 0.320312 0.025391 0.576172 0.101562 0.669922 0.160156 0.675781 0.158203 0.753906 0.289062 0.703125 0.369141 0.742188 0.447266 0.664062 0.455078 0.589844 0.423828 0.546875 0.373047 0.527344 0.316406 0.564453 0.281250 0.546875 0.265625 0.593750 0.214844 0.601562 0.250000 0.541016 0.269531 0.548828 0.255859 0.531250 0.296875 0.515625 0.261719 0.488281 0.236328 0.564453 0.197266 0.554688 0.201172 0.585938 0.162109 0.607422 0.056641 0.566406 0.033203 0.519531 0.062500 0.462891 0.154297 0.443359 0.097656 0.398438 0.166016 0.373047 0.166016 0.439453 0.193359 0.441406 0.228516 0.339844 0.199219 0.351562 0.214844 0.298828 0.179688 0.365234 0.115234 0.373047 0.093750 0.347656 0.107422 0.376953 0.060547 0.412109 0.072266 0.240234 0.041016 0.177734
0 0.488281 0.160156 0.484375 0.164062 0.484375 0.166016 0.490234 0.171875 0.494141 0.171875 0.496094 0.169922 0.496094 0.167969 0.498047 0.166016 0.492188 0.160156
0 0.517578 0.173828 0.515625 0.175781 0.515625 0.179688 0.517578 0.181641 0.519531 0.181641 0.523438 0.177734 0.519531 0.173828
0 0.394531 0.179688 0.392578 0.181641 0.392578 0.183594 0.396484 0.187500 0.400391 0.183594 0.396484 0.179688
0 0.552734 0.197266 0.548828 0.201172 0.552734 0.205078 0.556641 0.201172
0 0.566406 0.199219 0.564453 0.201172 0.566406 0.203125 0.568359 0.203125 0.570312 0.201172 0.568359 0.199219
0 0.523438 0.212891 0.519531 0.216797 0.519531 0.220703 0.523438 0.224609 0.527344 0.224609 0.531250 0.220703 0.531250 0.216797 0.527344 0.212891
0 0.312500 0.220703 0.312500 0.222656 0.318359 0.228516 0.322266 0.228516 0.332031 0.236328 0.337891 0.236328 0.341797 0.232422 0.341797 0.226562 0.339844 0.224609 0.339844 0.222656 0.335938 0.218750 0.333984 0.218750 0.328125 0.214844 0.318359 0.214844
0 0.527344 0.236328 0.519531 0.228516 0.517578 0.228516 0.515625 0.230469 0.507812 0.230469 0.503906 0.234375 0.503906 0.238281 0.501953 0.240234 0.507812 0.246094 0.521484 0.246094 0.527344 0.240234
0 0.306641 0.259766 0.302734 0.263672 0.306641 0.267578 0.308594 0.267578 0.310547 0.265625 0.310547 0.261719 0.308594 0.259766
0 0.765625 0.273438 0.763672 0.275391 0.765625 0.277344 0.767578 0.275391
0 0.707031 0.289062 0.707031 0.291016 0.708984 0.292969 0.708984 0.294922 0.714844 0.298828 0.718750 0.298828 0.720703 0.296875 0.722656 0.296875 0.726562 0.291016 0.726562 0.289062 0.720703 0.283203 0.712891 0.283203
0 0.201172 0.285156 0.197266 0.289062 0.197266 0.291016 0.199219 0.292969 0.201172 0.292969 0.203125 0.291016 0.203125 0.287109
1 0.224609 0.291016 0.228516 0.298828 0.238281 0.302734 0.246094 0.308594 0.257812 0.308594 0.259766 0.306641 0.257812 0.298828 0.246094 0.287109 0.242188 0.285156 0.238281 0.285156 0.228516 0.291016 0.226562 0.289062
1 0.000000 0.298828 0.000000 0.312500 0.001953 0.312500 0.003906 0.310547 0.003906 0.308594 0.005859 0.306641 0.005859 0.304688 0.003906 0.302734 0.003906 0.300781 0.001953 0.298828
0 0.279297 0.298828 0.277344 0.300781 0.279297 0.302734 0.281250 0.300781
0 0.228516 0.320312 0.228516 0.322266 0.226562 0.324219 0.234375 0.332031 0.236328 0.332031 0.242188 0.335938 0.248047 0.335938 0.251953 0.332031 0.251953 0.326172 0.244141 0.318359 0.240234 0.318359 0.238281 0.316406 0.234375 0.316406
0 0.320312 0.326172 0.316406 0.330078 0.314453 0.330078 0.312500 0.332031 0.312500 0.335938 0.316406 0.339844 0.322266 0.339844 0.326172 0.335938 0.326172 0.332031
0 0.976562 0.345703 0.974609 0.345703 0.970703 0.349609 0.974609 0.353516 0.978516 0.349609 0.978516 0.347656
0 0.320312 0.359375 0.316406 0.363281 0.316406 0.367188 0.322266 0.373047 0.326172 0.373047 0.328125 0.371094 0.328125 0.369141 0.330078 0.367188 0.330078 0.361328 0.328125 0.359375
0 0.082031 0.388672 0.080078 0.390625 0.082031 0.392578 0.083984 0.390625
1 0.312500 0.404297 0.310547 0.402344 0.308594 0.404297 0.304688 0.404297 0.300781 0.408203 0.304688 0.412109
0 0.294922 0.425781 0.291016 0.429688 0.291016 0.451172 0.298828 0.460938 0.302734 0.460938 0.304688 0.458984 0.304688 0.445312 0.308594 0.441406 0.312500 0.433594 0.310547 0.431641 0.304688 0.433594
1 0.382812 0.458984 0.380859 0.460938 0.382812 0.462891 0.382812 0.466797 0.386719 0.470703 0.384766 0.472656 0.386719 0.474609 0.388672 0.474609 0.390625 0.472656 0.388672 0.470703 0.388672 0.466797 0.390625 0.464844 0.384766 0.458984
0 0.343750 0.466797 0.341797 0.468750 0.341797 0.470703 0.345703 0.474609 0.347656 0.472656 0.347656 0.470703
0 0.171875 0.470703 0.169922 0.472656 0.169922 0.476562 0.175781 0.482422 0.177734 0.482422 0.181641 0.478516 0.181641 0.474609 0.177734 0.470703
0 0.308594 0.470703 0.306641 0.468750 0.302734 0.468750 0.298828 0.472656 0.296875 0.470703 0.294922 0.472656 0.296875 0.474609 0.296875 0.476562 0.298828 0.478516 0.302734 0.478516 0.304688 0.476562 0.306641 0.476562 0.308594 0.474609
1 0.099609 0.474609 0.097656 0.472656 0.093750 0.472656 0.087891 0.476562 0.083984 0.476562 0.082031 0.474609 0.080078 0.474609 0.078125 0.476562 0.076172 0.476562 0.068359 0.484375 0.070312 0.486328 0.072266 0.484375 0.083984 0.484375 0.093750 0.478516 0.097656 0.478516 0.099609 0.476562
0 0.251953 0.474609 0.250000 0.476562 0.250000 0.478516 0.251953 0.480469 0.255859 0.480469 0.257812 0.478516 0.257812 0.476562 0.255859 0.474609
1 0.365234 0.478516 0.363281 0.480469 0.363281 0.484375 0.361328 0.486328 0.361328 0.490234 0.363281 0.492188 0.367188 0.488281 0.367188 0.480469
0 0.062500 0.482422 0.058594 0.486328 0.060547 0.488281 0.062500 0.488281 0.064453 0.486328 0.064453 0.484375
1 0.115234 0.480469 0.113281 0.482422 0.117188 0.486328 0.117188 0.490234 0.115234 0.492188 0.115234 0.496094 0.113281 0.498047 0.113281 0.500000 0.117188 0.503906 0.121094 0.500000 0.121094 0.494141 0.123047 0.492188 0.123047 0.488281 0.121094 0.486328 0.121094 0.484375
0 0.337891 0.490234 0.335938 0.492188 0.335938 0.496094 0.339844 0.500000 0.341797 0.498047 0.339844 0.496094 0.339844 0.492188
0 0.232422 0.507812 0.228516 0.507812 0.226562 0.509766 0.226562 0.511719 0.230469 0.515625 0.232422 0.513672 0.232422 0.511719 0.234375 0.509766
0 0.306641 0.509766 0.306641 0.511719 0.310547 0.515625 0.318359 0.515625 0.320312 0.513672 0.320312 0.511719 0.316406 0.507812 0.308594 0.507812
0 0.435547 0.515625 0.431641 0.519531 0.431641 0.521484 0.435547 0.525391 0.439453 0.521484 0.439453 0.519531
0 0.851562 0.521484 0.851562 0.523438 0.857422 0.529297 0.859375 0.529297 0.861328 0.527344 0.863281 0.527344 0.865234 0.525391 0.865234 0.523438 0.859375 0.517578 0.855469 0.517578
0 0.316406 0.523438 0.314453 0.525391 0.314453 0.531250 0.316406 0.533203 0.318359 0.533203 0.320312 0.535156 0.324219 0.531250 0.322266 0.529297 0.322266 0.527344 0.320312 0.525391 0.318359 0.525391
0 0.560547 0.546875 0.556641 0.550781 0.556641 0.552734 0.562500 0.558594 0.564453 0.558594 0.570312 0.552734 0.570312 0.550781 0.566406 0.546875
0 0.791016 0.554688 0.789062 0.556641 0.789062 0.558594 0.791016 0.560547 0.792969 0.560547 0.794922 0.558594 0.794922 0.556641 0.792969 0.554688
0 0.490234 0.566406 0.488281 0.566406 0.484375 0.570312 0.484375 0.572266 0.486328 0.574219 0.490234 0.574219 0.492188 0.572266 0.492188 0.568359
0 0.828125 0.566406 0.826172 0.568359 0.826172 0.570312 0.828125 0.572266 0.830078 0.572266 0.832031 0.574219 0.835938 0.570312 0.835938 0.568359 0.833984 0.566406
0 0.634766 0.576172 0.630859 0.580078 0.630859 0.582031 0.634766 0.585938 0.640625 0.585938 0.644531 0.582031 0.638672 0.576172
0 0.501953 0.601562 0.500000 0.599609 0.498047 0.601562 0.488281 0.601562 0.486328 0.603516 0.486328 0.607422 0.488281 0.609375 0.490234 0.609375 0.492188 0.611328 0.496094 0.611328 0.498047 0.609375 0.498047 0.605469
0 0.630859 0.599609 0.628906 0.601562 0.630859 0.603516 0.632812 0.603516 0.634766 0.601562 0.632812 0.599609
0 0.541016 0.607422 0.546875 0.613281 0.552734 0.613281 0.558594 0.607422 0.554688 0.603516 0.548828 0.603516 0.546875 0.605469 0.542969 0.605469
0 0.560547 0.619141 0.556641 0.619141 0.554688 0.621094 0.552734 0.621094 0.548828 0.625000 0.548828 0.628906 0.546875 0.630859 0.552734 0.636719 0.554688 0.636719 0.556641 0.634766 0.558594 0.634766 0.564453 0.628906 0.564453 0.623047
1 0.998047 0.619141 0.996094 0.621094 0.996094 0.623047 0.994141 0.625000 0.998047 0.628906
0 0.810547 0.621094 0.802734 0.628906 0.796875 0.646484 0.802734 0.652344 0.802734 0.656250 0.806641 0.660156 0.818359 0.664062 0.826172 0.660156 0.832031 0.654297 0.833984 0.644531 0.832031 0.642578 0.832031 0.634766 0.820312 0.621094 0.818359 0.623047 0.816406 0.621094 0.812500 0.623047
0 0.541016 0.630859 0.539062 0.630859 0.537109 0.632812 0.537109 0.634766 0.539062 0.636719 0.542969 0.632812
0 0.486328 0.638672 0.484375 0.640625 0.484375 0.644531 0.486328 0.646484 0.486328 0.650391 0.488281 0.652344 0.492188 0.652344 0.494141 0.650391 0.494141 0.644531 0.488281 0.638672
0 0.468750 0.646484 0.466797 0.648438 0.466797 0.650391 0.464844 0.652344 0.464844 0.658203 0.468750 0.662109 0.472656 0.662109 0.476562 0.658203 0.476562 0.656250 0.478516 0.654297 0.476562 0.652344 0.476562 0.650391 0.472656 0.646484
0 0.517578 0.650391 0.515625 0.652344 0.517578 0.654297 0.519531 0.652344
0 0.910156 0.652344 0.908203 0.652344 0.904297 0.656250 0.908203 0.660156 0.912109 0.656250 0.912109 0.654297
0 0.560547 0.662109 0.558594 0.664062 0.560547 0.666016 0.562500 0.664062
0 0.644531 0.677734 0.640625 0.681641 0.642578 0.683594 0.642578 0.687500 0.644531 0.689453 0.640625 0.693359 0.634766 0.693359 0.632812 0.695312 0.632812 0.699219 0.634766 0.701172 0.640625 0.701172 0.646484 0.695312 0.648438 0.695312 0.652344 0.691406 0.652344 0.689453 0.650391 0.687500 0.650391 0.683594
0 0.548828 0.681641 0.546875 0.683594 0.546875 0.687500 0.548828 0.689453 0.550781 0.689453 0.554688 0.685547 0.552734 0.683594 0.550781 0.683594
0 0.585938 0.679688 0.582031 0.683594 0.582031 0.685547 0.583984 0.687500 0.585938 0.687500 0.587891 0.685547 0.587891 0.681641
0 0.992188 0.683594 0.988281 0.687500 0.988281 0.691406 0.990234 0.693359 0.990234 0.695312 0.992188 0.697266 0.998047 0.697266 0.998047 0.685547 0.996094 0.683594
0 0.906250 0.701172 0.904297 0.703125 0.904297 0.705078 0.902344 0.707031 0.904297 0.708984 0.906250 0.708984 0.908203 0.707031 0.908203 0.703125
0 0.496094 0.703125 0.494141 0.703125 0.488281 0.708984 0.488281 0.714844 0.490234 0.716797 0.490234 0.718750 0.492188 0.720703 0.496094 0.720703 0.500000 0.716797 0.500000 0.714844 0.501953 0.712891 0.501953 0.708984
0 0.656250 0.708984 0.652344 0.712891 0.652344 0.716797 0.656250 0.720703 0.660156 0.716797 0.660156 0.712891
0 0.802734 0.712891 0.800781 0.712891 0.798828 0.714844 0.796875 0.714844 0.794922 0.716797 0.794922 0.718750 0.792969 0.720703 0.794922 0.722656 0.794922 0.724609 0.798828 0.728516 0.800781 0.728516 0.802734 0.726562 0.804688 0.726562 0.806641 0.724609 0.806641 0.716797
0 0.611328 0.732422 0.605469 0.738281 0.605469 0.740234 0.603516 0.742188 0.607422 0.746094 0.609375 0.746094 0.615234 0.740234 0.615234 0.738281 0.613281 0.736328 0.613281 0.734375
0 0.505859 0.738281 0.501953 0.742188 0.505859 0.746094 0.507812 0.746094 0.511719 0.742188 0.507812 0.738281
1 0.625000 0.742188 0.632812 0.750000 0.638672 0.750000 0.642578 0.746094 0.642578 0.744141 0.640625 0.742188 0.638672 0.742188 0.636719 0.744141 0.634766 0.742188 0.630859 0.742188 0.628906 0.740234 0.626953 0.740234
0 0.781250 0.744141 0.773438 0.751953 0.775391 0.763672 0.773438 0.767578 0.804688 0.800781 0.808594 0.796875 0.812500 0.798828 0.822266 0.792969 0.826172 0.785156 0.812500 0.757812 0.798828 0.744141 0.791016 0.742188
1 0.500000 0.763672 0.498047 0.765625 0.498047 0.769531 0.501953 0.775391 0.501953 0.779297 0.500000 0.781250 0.500000 0.787109 0.503906 0.792969 0.507812 0.792969 0.515625 0.785156 0.515625 0.781250 0.507812 0.771484 0.507812 0.765625 0.505859 0.763672
0 0.564453 0.767578 0.564453 0.771484 0.570312 0.777344 0.578125 0.777344 0.580078 0.775391 0.582031 0.777344 0.587891 0.777344 0.589844 0.775391 0.589844 0.771484 0.583984 0.765625 0.580078 0.765625 0.576172 0.761719 0.570312 0.761719
0 0.437500 0.773438 0.433594 0.777344 0.433594 0.783203 0.437500 0.789062 0.439453 0.789062 0.441406 0.791016 0.447266 0.791016 0.449219 0.792969 0.453125 0.792969 0.460938 0.785156 0.458984 0.783203 0.458984 0.779297 0.457031 0.777344 0.455078 0.777344 0.449219 0.773438 0.445312 0.773438 0.443359 0.771484
0 0.531250 0.787109 0.525391 0.792969 0.525391 0.796875 0.531250 0.802734 0.533203 0.800781 0.539062 0.800781 0.542969 0.796875 0.542969 0.791016 0.539062 0.787109
0 0.630859 0.792969 0.628906 0.792969 0.626953 0.794922 0.626953 0.796875 0.628906 0.798828 0.632812 0.794922
1 0.490234 0.806641 0.439453 0.800781 0.416016 0.833984 0.287109 0.808594 0.216797 0.851562 0.201172 0.892578 0.232422 0.910156 0.267578 0.871094 0.326172 0.880859 0.324219 0.960938 0.296875 0.998047 0.412109 0.998047 0.449219 0.941406 0.449219 0.839844
0 0.609375 0.796875 0.605469 0.796875 0.603516 0.798828 0.607422 0.802734 0.611328 0.798828
0 0.878906 0.796875 0.876953 0.798828 0.875000 0.798828 0.873047 0.800781 0.873047 0.802734 0.876953 0.806641 0.876953 0.808594 0.880859 0.812500 0.882812 0.812500 0.884766 0.814453 0.886719 0.812500 0.886719 0.810547 0.888672 0.808594 0.888672 0.802734 0.884766 0.798828 0.882812 0.798828 0.880859 0.796875
0 0.587891 0.806641 0.583984 0.810547 0.583984 0.812500 0.587891 0.816406 0.589844 0.816406 0.593750 0.820312 0.595703 0.818359 0.595703 0.812500 0.589844 0.806641
0 0.556641 0.808594 0.550781 0.814453 0.550781 0.818359 0.554688 0.822266 0.562500 0.822266 0.568359 0.816406 0.568359 0.812500 0.564453 0.808594
0 0.812500 0.812500 0.804688 0.812500 0.802734 0.814453 0.802734 0.816406 0.800781 0.818359 0.800781 0.832031 0.798828 0.833984 0.800781 0.835938 0.802734 0.835938 0.804688 0.833984 0.808594 0.833984 0.810547 0.832031 0.812500 0.833984 0.814453 0.832031 0.816406 0.832031 0.820312 0.828125 0.820312 0.822266 0.818359 0.820312 0.818359 0.818359
0 0.976562 0.818359 0.974609 0.818359 0.972656 0.820312 0.972656 0.822266 0.974609 0.824219 0.978516 0.820312
0 0.615234 0.828125 0.617188 0.830078 0.623047 0.830078 0.626953 0.826172 0.625000 0.824219 0.617188 0.824219 0.615234 0.826172
1 0.580078 0.830078 0.578125 0.833984 0.591797 0.845703 0.591797 0.857422 0.593750 0.861328 0.605469 0.873047 0.609375 0.871094 0.615234 0.855469 0.613281 0.853516 0.607422 0.859375 0.601562 0.855469 0.601562 0.833984 0.597656 0.830078 0.589844 0.832031
0 0.509766 0.833984 0.507812 0.835938 0.509766 0.837891 0.511719 0.835938
0 0.882812 0.832031 0.876953 0.837891 0.882812 0.843750 0.884766 0.841797 0.886719 0.843750 0.888672 0.841797 0.888672 0.837891
0 0.556641 0.841797 0.552734 0.843750 0.554688 0.851562 0.548828 0.857422 0.542969 0.859375 0.527344 0.855469 0.525391 0.857422 0.531250 0.867188 0.527344 0.871094 0.521484 0.869141 0.515625 0.871094 0.515625 0.875000 0.527344 0.884766 0.527344 0.888672 0.537109 0.898438 0.544922 0.894531 0.548828 0.884766 0.546875 0.869141 0.554688 0.863281 0.554688 0.857422 0.562500 0.849609
0 0.634766 0.839844 0.630859 0.843750 0.634766 0.847656 0.636719 0.847656 0.638672 0.845703 0.638672 0.843750
0 0.644531 0.859375 0.642578 0.859375 0.640625 0.861328 0.638672 0.861328 0.636719 0.863281 0.636719 0.867188 0.638672 0.869141 0.640625 0.869141 0.642578 0.867188 0.644531 0.867188 0.646484 0.865234 0.646484 0.861328
0 0.832031 0.867188 0.830078 0.869141 0.833984 0.873047 0.835938 0.871094 0.835938 0.869141 0.833984 0.867188
0 0.921875 0.869141 0.919922 0.871094 0.919922 0.875000 0.921875 0.876953 0.923828 0.875000 0.923828 0.871094
0 0.558594 0.873047 0.556641 0.873047 0.554688 0.875000 0.554688 0.876953 0.556641 0.878906 0.560547 0.875000
0 0.951172 0.876953 0.947266 0.876953 0.943359 0.880859 0.943359 0.882812 0.941406 0.884766 0.945312 0.888672 0.941406 0.892578 0.941406 0.894531 0.943359 0.896484 0.945312 0.896484 0.951172 0.890625 0.951172 0.886719 0.953125 0.884766 0.953125 0.878906
0 0.658203 0.890625 0.660156 0.892578 0.660156 0.896484 0.664062 0.900391 0.671875 0.900391 0.673828 0.902344 0.677734 0.902344 0.683594 0.896484 0.673828 0.888672 0.671875 0.890625 0.666016 0.884766 0.664062 0.884766
1 0.615234 0.914062 0.603516 0.910156 0.585938 0.886719 0.585938 0.916016 0.582031 0.919922 0.566406 0.916016 0.560547 0.931641 0.548828 0.941406 0.507812 0.962891 0.488281 0.968750 0.476562 0.966797 0.457031 0.984375 0.455078 0.998047 0.513672 0.998047 0.529297 0.994141 0.533203 0.986328 0.515625 0.976562 0.544922 0.957031 0.550781 0.960938 0.550781 0.968750 0.542969 0.978516 0.558594 0.984375 0.568359 0.974609 0.570312 0.960938 0.578125 0.951172 0.593750 0.958984 0.605469 0.949219 0.603516 0.931641 0.615234 0.919922
0 0.568359 0.890625 0.566406 0.892578 0.566406 0.894531 0.568359 0.896484 0.570312 0.896484 0.572266 0.894531
0 0.703125 0.910156 0.697266 0.906250 0.695312 0.906250 0.687500 0.912109 0.683594 0.912109 0.681641 0.910156 0.675781 0.916016 0.675781 0.923828 0.681641 0.929688 0.685547 0.929688 0.693359 0.921875 0.697266 0.921875 0.703125 0.916016
0 0.525391 0.912109 0.521484 0.912109 0.517578 0.916016 0.517578 0.921875 0.521484 0.925781 0.523438 0.923828 0.525391 0.923828 0.527344 0.921875 0.527344 0.914062
1 0.785156 0.914062 0.781250 0.917969 0.785156 0.921875 0.787109 0.921875 0.791016 0.925781 0.791016 0.927734 0.794922 0.931641 0.798828 0.927734 0.794922 0.923828 0.792969 0.923828 0.789062 0.919922 0.789062 0.917969
0 0.937500 0.925781 0.933594 0.929688 0.933594 0.931641 0.931641 0.933594 0.931641 0.937500 0.935547 0.943359 0.943359 0.943359 0.947266 0.937500 0.947266 0.931641 0.941406 0.925781
0 0.625000 0.931641 0.621094 0.935547 0.621094 0.939453 0.625000 0.943359 0.626953 0.943359 0.630859 0.939453 0.630859 0.937500
0 0.644531 0.937500 0.640625 0.933594 0.636719 0.937500 0.638672 0.939453 0.642578 0.939453
0 0.781250 0.937500 0.775391 0.943359 0.779297 0.947266 0.783203 0.947266 0.785156 0.945312 0.785156 0.941406
0 0.906250 0.941406 0.910156 0.945312 0.916016 0.945312 0.917969 0.943359 0.917969 0.941406 0.916016 0.939453 0.912109 0.939453 0.910156 0.937500
0 0.726562 0.943359 0.722656 0.947266 0.726562 0.951172 0.730469 0.947266
0 0.613281 0.957031 0.609375 0.960938 0.609375 0.962891 0.607422 0.964844 0.605469 0.970703 0.609375 0.974609 0.621094 0.974609 0.628906 0.966797 0.628906 0.962891 0.623047 0.957031
1 0.677734 0.964844 0.671875 0.970703 0.671875 0.974609 0.667969 0.978516 0.667969 0.980469 0.666016 0.982422 0.667969 0.984375 0.669922 0.984375 0.675781 0.978516 0.677734 0.978516 0.683594 0.972656 0.683594 0.970703
0 0.796875 0.966797 0.792969 0.970703 0.794922 0.972656 0.794922 0.974609 0.796875 0.976562 0.800781 0.976562 0.804688 0.972656 0.804688 0.968750 0.802734 0.966797 0.800781 0.968750 0.798828 0.966797
0 0.894531 0.964844 0.890625 0.968750 0.890625 0.980469 0.896484 0.986328 0.898438 0.986328 0.902344 0.982422 0.902344 0.980469 0.904297 0.978516 0.904297 0.972656 0.906250 0.970703 0.900391 0.964844
1 0.630859 0.994141 0.628906 0.992188 0.628906 0.990234 0.625000 0.986328 0.623047 0.986328 0.617188 0.992188 0.611328 0.992188 0.609375 0.990234 0.607422 0.992188 0.605469 0.992188 0.599609 0.998047 0.630859 0.998047
1 0.699219 0.994141 0.695312 0.990234 0.689453 0.990234 0.687500 0.992188 0.685547 0.992188 0.683594 0.994141 0.681641 0.994141 0.677734 0.998047 0.699219 0.998047
0 0.990234 0.996094 0.986328 0.992188 0.984375 0.994141 0.982422 0.994141 0.980469 0.996094 0.980469 0.998047 0.990234 0.998047
