1 0.000000 0.144531 0.000000 0.529297 0.035156 0.541016 0.027344 0.611328 0.074219 0.599609 0.123047 0.642578 0.111328 0.734375 0.160156 0.707031 0.197266 0.742188 0.259766 0.906250 0.492188 0.806641 0.443359 0.873047 0.486328 0.847656 0.482422 0.888672 0.556641 0.912109 0.576172 0.845703 0.492188 0.841797 0.531250 0.765625 0.490234 0.705078 0.427734 0.771484 0.355469 0.769531 0.353516 0.818359 0.287109 0.853516 0.208984 0.714844 0.285156 0.685547 0.343750 0.705078 0.306641 0.664062 0.328125 0.638672 0.357422 0.664062 0.371094 0.611328 0.294922 0.568359 0.291016 0.466797 0.201172 0.298828 0.148438 0.275391 0.050781 0.316406 0.087891 0.287109 0.070312 0.263672 0.128906 0.250000 0.076172 0.250000 0.064453 0.164062 0.144531 0.148438 0.142578 0.230469 0.156250 0.152344
0 0.578125 0.132812 0.576172 0.134766 0.576172 0.136719 0.574219 0.138672 0.576172 0.140625 0.578125 0.140625 0.582031 0.136719
0 0.572266 0.150391 0.570312 0.152344 0.570312 0.154297 0.572266 0.156250 0.574219 0.154297 0.574219 0.152344
0 0.671875 0.175781 0.669922 0.177734 0.671875 0.179688 0.673828 0.179688 0.675781 0.177734 0.673828 0.175781
0 0.468750 0.185547 0.466797 0.187500 0.466797 0.195312 0.470703 0.199219 0.472656 0.199219 0.478516 0.193359 0.478516 0.191406 0.476562 0.189453 0.476562 0.187500 0.474609 0.185547
0 0.367188 0.207031 0.363281 0.210938 0.363281 0.212891 0.367188 0.216797 0.369141 0.216797 0.373047 0.212891 0.373047 0.210938 0.369141 0.207031
0 0.500000 0.216797 0.498047 0.218750 0.498047 0.220703 0.500000 0.222656 0.503906 0.222656 0.505859 0.220703 0.505859 0.218750 0.503906 0.216797
0 0.457031 0.238281 0.451172 0.244141 0.455078 0.248047 0.460938 0.242188
0 0.564453 0.253906 0.560547 0.257812 0.560547 0.263672 0.564453 0.267578 0.566406 0.267578 0.570312 0.263672 0.570312 0.257812 0.566406 0.253906
0 0.277344 0.275391 0.273438 0.275391 0.271484 0.277344 0.271484 0.281250 0.275391 0.285156 0.279297 0.281250 0.279297 0.277344
0 0.244141 0.283203 0.242188 0.285156 0.242188 0.289062 0.244141 0.291016 0.248047 0.291016 0.250000 0.289062 0.250000 0.285156 0.248047 0.283203
0 0.611328 0.287109 0.603516 0.292969 0.603516 0.304688 0.607422 0.310547 0.617188 0.310547 0.625000 0.304688 0.625000 0.302734 0.626953 0.300781 0.626953 0.292969 0.621094 0.287109
0 0.330078 0.308594 0.328125 0.310547 0.328125 0.312500 0.330078 0.314453 0.333984 0.314453 0.335938 0.312500 0.335938 0.310547 0.333984 0.308594
0 0.386719 0.333984 0.394531 0.339844 0.394531 0.345703 0.400391 0.351562 0.404297 0.351562 0.406250 0.353516 0.412109 0.349609 0.412109 0.341797 0.406250 0.332031 0.400391 0.332031 0.398438 0.333984 0.390625 0.333984 0.388672 0.332031
0 0.318359 0.373047 0.314453 0.376953 0.314453 0.378906 0.318359 0.382812 0.318359 0.384766 0.320312 0.386719 0.322266 0.386719 0.324219 0.388672 0.326172 0.388672 0.330078 0.384766 0.330078 0.382812 0.328125 0.380859 0.328125 0.378906 0.326172 0.376953 0.324219 0.376953 0.320312 0.373047
0 0.441406 0.376953 0.441406 0.380859 0.445312 0.384766 0.447266 0.384766 0.449219 0.386719 0.455078 0.386719 0.458984 0.382812 0.458984 0.380859 0.453125 0.375000 0.443359 0.375000
0 0.433594 0.400391 0.429688 0.404297 0.429688 0.408203 0.435547 0.414062 0.437500 0.414062 0.439453 0.412109 0.441406 0.412109 0.443359 0.410156 0.443359 0.404297 0.439453 0.400391
0 0.935547 0.406250 0.933594 0.408203 0.933594 0.410156 0.937500 0.414062 0.941406 0.414062 0.943359 0.412109 0.943359 0.408203 0.941406 0.406250
0 0.962891 0.472656 0.960938 0.474609 0.962891 0.476562 0.964844 0.476562 0.966797 0.474609 0.964844 0.472656
0 0.841797 0.494141 0.839844 0.494141 0.835938 0.498047 0.835938 0.501953 0.837891 0.503906 0.841797 0.503906 0.845703 0.500000 0.845703 0.498047
0 0.330078 0.509766 0.328125 0.511719 0.328125 0.513672 0.330078 0.515625 0.332031 0.515625 0.333984 0.513672
1 0.375000 0.523438 0.371094 0.519531 0.365234 0.525391 0.365234 0.527344 0.363281 0.529297 0.363281 0.531250 0.359375 0.535156 0.353516 0.529297 0.351562 0.529297 0.347656 0.533203 0.347656 0.535156 0.351562 0.539062 0.357422 0.533203 0.365234 0.541016 0.369141 0.537109 0.369141 0.533203 0.371094 0.531250 0.371094 0.529297 0.375000 0.525391
0 0.324219 0.525391 0.320312 0.529297 0.320312 0.535156 0.322266 0.537109 0.324219 0.537109 0.326172 0.539062 0.328125 0.539062 0.332031 0.535156 0.332031 0.531250 0.326172 0.525391
0 0.982422 0.537109 0.980469 0.539062 0.980469 0.541016 0.982422 0.542969 0.984375 0.542969 0.986328 0.541016
0 0.419922 0.548828 0.417969 0.550781 0.421875 0.554688 0.423828 0.552734 0.423828 0.550781 0.421875 0.548828
0 0.433594 0.546875 0.431641 0.548828 0.431641 0.550781 0.429688 0.552734 0.429688 0.554688 0.437500 0.562500 0.441406 0.562500 0.443359 0.560547 0.441406 0.558594 0.441406 0.554688 0.443359 0.552734 0.437500 0.546875
0 0.455078 0.556641 0.453125 0.558594 0.453125 0.562500 0.455078 0.564453 0.457031 0.564453 0.458984 0.566406 0.460938 0.564453 0.460938 0.560547 0.457031 0.556641
0 0.357422 0.558594 0.355469 0.560547 0.357422 0.562500 0.359375 0.560547
0 0.970703 0.560547 0.968750 0.562500 0.970703 0.564453 0.972656 0.562500
0 0.466797 0.572266 0.464844 0.574219 0.464844 0.576172 0.470703 0.582031 0.472656 0.582031 0.474609 0.580078 0.472656 0.578125 0.474609 0.576172 0.472656 0.574219 0.470703 0.574219 0.468750 0.572266
0 0.984375 0.578125 0.980469 0.582031 0.980469 0.583984 0.982422 0.585938 0.986328 0.585938 0.988281 0.583984 0.988281 0.582031
0 0.429688 0.583984 0.423828 0.589844 0.423828 0.595703 0.425781 0.597656 0.427734 0.597656 0.429688 0.599609 0.433594 0.599609 0.439453 0.593750 0.439453 0.591797 0.437500 0.589844 0.437500 0.587891 0.435547 0.585938 0.433594 0.585938 0.431641 0.583984
1 0.542969 0.583984 0.542969 0.589844 0.535156 0.599609 0.535156 0.611328 0.550781 0.630859 0.554688 0.644531 0.572266 0.654297 0.587891 0.626953 0.570312 0.605469 0.570312 0.589844 0.550781 0.593750
0 0.464844 0.587891 0.460938 0.591797 0.464844 0.595703 0.466797 0.595703 0.468750 0.593750 0.468750 0.591797
0 0.406250 0.589844 0.404297 0.591797 0.404297 0.595703 0.406250 0.597656 0.410156 0.597656 0.412109 0.595703 0.412109 0.593750 0.408203 0.589844
0 0.847656 0.615234 0.845703 0.617188 0.845703 0.619141 0.847656 0.621094 0.849609 0.621094 0.851562 0.619141
0 0.195312 0.619141 0.193359 0.621094 0.195312 0.623047 0.197266 0.621094
0 0.910156 0.638672 0.906250 0.642578 0.906250 0.644531 0.910156 0.648438 0.912109 0.648438 0.916016 0.644531 0.916016 0.642578 0.912109 0.638672
0 0.408203 0.644531 0.400391 0.656250 0.392578 0.658203 0.386719 0.664062 0.388672 0.667969 0.386719 0.681641 0.394531 0.689453 0.412109 0.687500 0.416016 0.691406 0.416016 0.697266 0.419922 0.699219 0.423828 0.695312 0.414062 0.683594 0.416016 0.666016 0.412109 0.660156 0.414062 0.650391
0 0.455078 0.648438 0.451172 0.652344 0.451172 0.654297 0.449219 0.656250 0.451172 0.658203 0.455078 0.658203 0.457031 0.660156 0.458984 0.658203 0.457031 0.656250 0.457031 0.654297 0.455078 0.652344 0.457031 0.650391
0 0.328125 0.652344 0.326172 0.654297 0.328125 0.656250 0.330078 0.654297
0 0.441406 0.654297 0.437500 0.658203 0.437500 0.662109 0.439453 0.664062 0.445312 0.658203
0 0.492188 0.660156 0.490234 0.662109 0.490234 0.664062 0.494141 0.667969 0.496094 0.667969 0.498047 0.666016 0.498047 0.664062 0.494141 0.660156
0 0.609375 0.666016 0.607422 0.667969 0.609375 0.669922 0.611328 0.667969
0 0.550781 0.673828 0.537109 0.681641 0.537109 0.689453 0.539062 0.691406 0.537109 0.705078 0.539062 0.707031 0.539062 0.710938 0.546875 0.716797 0.556641 0.712891 0.558594 0.708984 0.556641 0.707031 0.558594 0.699219 0.564453 0.693359 0.564453 0.685547 0.562500 0.681641
0 0.851562 0.681641 0.847656 0.685547 0.847656 0.687500 0.851562 0.691406 0.853516 0.691406 0.855469 0.689453 0.855469 0.687500 0.857422 0.685547 0.853516 0.681641
0 0.519531 0.689453 0.517578 0.689453 0.515625 0.691406 0.515625 0.693359 0.509766 0.699219 0.505859 0.695312 0.503906 0.697266 0.513672 0.707031 0.519531 0.701172 0.519531 0.699219 0.521484 0.697266 0.521484 0.691406
0 0.601562 0.691406 0.599609 0.693359 0.601562 0.695312 0.603516 0.693359
0 0.574219 0.697266 0.570312 0.697266 0.568359 0.699219 0.568359 0.701172 0.570312 0.703125 0.572266 0.703125 0.576172 0.699219
0 0.419922 0.708984 0.417969 0.708984 0.410156 0.716797 0.410156 0.722656 0.416016 0.728516 0.419922 0.728516 0.425781 0.722656 0.425781 0.714844
0 0.714844 0.708984 0.710938 0.712891 0.714844 0.716797 0.718750 0.716797 0.722656 0.712891 0.718750 0.708984
0 0.255859 0.710938 0.253906 0.712891 0.255859 0.714844 0.257812 0.712891
0 0.599609 0.714844 0.595703 0.714844 0.591797 0.718750 0.591797 0.724609 0.587891 0.728516 0.591797 0.732422 0.593750 0.730469 0.601562 0.730469 0.605469 0.724609 0.605469 0.720703
0 0.314453 0.724609 0.310547 0.728516 0.310547 0.730469 0.314453 0.734375 0.316406 0.734375 0.320312 0.730469 0.320312 0.728516 0.316406 0.724609
0 0.521484 0.728516 0.523438 0.730469 0.529297 0.730469 0.531250 0.728516 0.529297 0.726562 0.523438 0.726562
0 0.566406 0.734375 0.564453 0.736328 0.562500 0.736328 0.560547 0.738281 0.560547 0.746094 0.562500 0.748047 0.564453 0.748047 0.566406 0.750000 0.570312 0.750000 0.576172 0.744141 0.576172 0.740234 0.570312 0.734375
0 0.708984 0.759766 0.705078 0.763672 0.705078 0.765625 0.710938 0.771484 0.714844 0.771484 0.718750 0.767578 0.718750 0.763672 0.714844 0.759766
0 0.751953 0.761719 0.750000 0.763672 0.750000 0.765625 0.753906 0.769531 0.755859 0.769531 0.757812 0.767578 0.757812 0.763672 0.755859 0.761719
0 0.828125 0.773438 0.826172 0.775391 0.826172 0.777344 0.824219 0.779297 0.824219 0.783203 0.828125 0.787109 0.835938 0.787109 0.839844 0.783203 0.839844 0.777344 0.835938 0.773438
0 0.324219 0.779297 0.322266 0.781250 0.322266 0.787109 0.326172 0.791016 0.330078 0.791016 0.333984 0.787109 0.333984 0.785156 0.330078 0.781250 0.328125 0.781250 0.326172 0.779297
0 0.679688 0.792969 0.675781 0.796875 0.675781 0.804688 0.681641 0.810547 0.685547 0.810547 0.691406 0.806641 0.691406 0.802734 0.693359 0.800781 0.693359 0.798828 0.689453 0.794922 0.687500 0.794922 0.685547 0.792969
0 0.953125 0.796875 0.951172 0.798828 0.951172 0.800781 0.953125 0.802734 0.955078 0.800781 0.955078 0.798828
0 0.892578 0.808594 0.888672 0.812500 0.892578 0.816406 0.896484 0.812500
0 0.607422 0.837891 0.605469 0.839844 0.605469 0.841797 0.607422 0.843750 0.611328 0.843750 0.613281 0.841797 0.613281 0.839844 0.611328 0.837891
0 0.802734 0.841797 0.800781 0.843750 0.800781 0.845703 0.802734 0.847656 0.804688 0.847656 0.806641 0.845703 0.806641 0.843750 0.804688 0.841797
0 0.818359 0.849609 0.814453 0.853516 0.814453 0.859375 0.816406 0.861328 0.824219 0.861328 0.828125 0.857422 0.828125 0.851562 0.826172 0.849609
0 0.591797 0.851562 0.589844 0.851562 0.587891 0.853516 0.587891 0.855469 0.589844 0.857422 0.593750 0.853516
0 0.406250 0.869141 0.402344 0.875000 0.402344 0.882812 0.408203 0.888672 0.412109 0.888672 0.416016 0.884766 0.416016 0.882812 0.417969 0.880859 0.417969 0.873047 0.414062 0.869141
0 0.873047 0.878906 0.869141 0.882812 0.871094 0.884766 0.871094 0.886719 0.873047 0.888672 0.875000 0.888672 0.878906 0.884766 0.878906 0.882812 0.875000 0.878906
0 0.416016 0.900391 0.412109 0.906250 0.412109 0.912109 0.410156 0.914062 0.412109 0.916016 0.412109 0.917969 0.416016 0.921875 0.421875 0.923828 0.423828 0.921875 0.425781 0.921875 0.429688 0.917969 0.429688 0.916016 0.431641 0.914062 0.429688 0.912109 0.429688 0.908203 0.423828 0.902344 0.421875 0.902344 0.419922 0.900391
0 0.437500 0.902344 0.437500 0.904297 0.439453 0.906250 0.445312 0.906250 0.447266 0.904297 0.443359 0.900391 0.439453 0.900391
0 0.980469 0.904297 0.976562 0.908203 0.976562 0.914062 0.978516 0.916016 0.978516 0.917969 0.980469 0.919922 0.984375 0.919922 0.990234 0.914062 0.990234 0.910156 0.984375 0.904297
0 0.773438 0.906250 0.771484 0.908203 0.771484 0.910156 0.773438 0.912109 0.775391 0.910156 0.775391 0.908203
0 0.958984 0.912109 0.955078 0.916016 0.953125 0.916016 0.951172 0.917969 0.951172 0.919922 0.953125 0.921875 0.953125 0.923828 0.958984 0.929688 0.960938 0.929688 0.966797 0.925781 0.966797 0.923828 0.968750 0.921875 0.968750 0.917969 0.964844 0.914062 0.962891 0.914062 0.960938 0.912109
0 0.683594 0.923828 0.683594 0.929688 0.693359 0.937500 0.695312 0.935547 0.697266 0.937500 0.705078 0.937500 0.708984 0.931641 0.705078 0.927734 0.705078 0.925781 0.699219 0.919922 0.697266 0.919922 0.695312 0.917969 0.693359 0.917969
1 0.498047 0.957031 0.498047 0.966797 0.511719 0.976562 0.523438 0.970703 0.552734 0.976562 0.560547 0.968750 0.558594 0.951172 0.582031 0.931641 0.597656 0.949219 0.597656 0.960938 0.605469 0.968750 0.603516 0.978516 0.617188 0.976562 0.626953 0.982422 0.628906 0.972656 0.638672 0.968750 0.650391 0.984375 0.644531 0.990234 0.648438 0.994141 0.660156 0.980469 0.669922 0.978516 0.679688 0.968750 0.656250 0.953125 0.636719 0.960938 0.626953 0.958984 0.619141 0.953125 0.621094 0.935547 0.615234 0.927734 0.603516 0.925781 0.595703 0.929688 0.582031 0.921875 0.572266 0.931641 0.556641 0.933594 0.529297 0.955078 0.513672 0.943359
0 0.640625 0.927734 0.636719 0.927734 0.632812 0.931641 0.632812 0.933594 0.638672 0.939453 0.642578 0.935547 0.642578 0.933594 0.644531 0.931641
0 0.839844 0.931641 0.835938 0.935547 0.835938 0.937500 0.839844 0.941406 0.843750 0.937500 0.843750 0.935547
0 0.990234 0.933594 0.984375 0.939453 0.984375 0.955078 0.988281 0.958984 0.998047 0.958984 0.998047 0.933594
0 0.671875 0.939453 0.667969 0.943359 0.671875 0.947266 0.675781 0.943359
0 0.763672 0.939453 0.761719 0.939453 0.757812 0.943359 0.757812 0.951172 0.759766 0.953125 0.763672 0.953125 0.767578 0.949219 0.767578 0.943359
0 0.468750 0.945312 0.464844 0.949219 0.464844 0.951172 0.462891 0.953125 0.462891 0.957031 0.464844 0.958984 0.464844 0.960938 0.468750 0.964844 0.474609 0.964844 0.480469 0.958984 0.480469 0.951172 0.476562 0.947266 0.470703 0.947266
0 0.708984 0.945312 0.705078 0.949219 0.705078 0.953125 0.707031 0.955078 0.712891 0.955078 0.714844 0.953125 0.714844 0.949219 0.710938 0.945312
0 0.427734 0.951172 0.425781 0.951172 0.421875 0.955078 0.425781 0.958984 0.429688 0.955078 0.429688 0.953125
0 0.824219 0.955078 0.822266 0.957031 0.822266 0.960938 0.826172 0.964844 0.828125 0.964844 0.832031 0.960938 0.832031 0.957031 0.830078 0.955078
0 0.707031 0.970703 0.705078 0.972656 0.703125 0.972656 0.697266 0.978516 0.699219 0.988281 0.703125 0.994141 0.703125 0.996094 0.701172 0.998047 0.714844 0.998047 0.714844 0.988281 0.716797 0.986328 0.714844 0.984375 0.716797 0.982422 0.716797 0.980469 0.712891 0.976562 0.712891 0.974609
0 0.843750 0.968750 0.841797 0.968750 0.839844 0.970703 0.839844 0.972656 0.841797 0.974609 0.845703 0.970703
0 0.468750 0.980469 0.464844 0.984375 0.464844 0.998047 0.480469 0.998047 0.480469 0.988281 0.478516 0.986328 0.478516 0.984375 0.474609 0.980469
1 0.591797 0.982422 0.589844 0.984375 0.574219 0.980469 0.568359 0.982422 0.556641 0.994141 0.541016 0.994141 0.537109 0.998047 0.599609 0.998047
0 0.685547 0.984375 0.681641 0.988281 0.681641 0.992188 0.683594 0.994141 0.687500 0.994141 0.689453 0.992188 0.689453 0.988281
0 0.751953 0.986328 0.750000 0.988281 0.750000 0.990234 0.753906 0.994141 0.755859 0.994141 0.759766 0.990234 0.755859 0.986328
1 0.607422 0.998047 0.626953 0.998047 0.623047 0.994141 0.613281 0.994141 0.611328 0.996094 0.609375 0.996094
0 0.785156 0.996094 0.785156 0.998047 0.796875 0.998047 0.796875 0.996094 0.794922 0.994141 0.792969 0.994141 0.791016 0.992188 0.789062 0.992188
1 0.980469 0.998047 0.998047 0.998047 0.998047 0.994141 0.996094 0.994141 0.994141 0.992188 0.988281 0.992188 0.986328 0.994141 0.984375 0.994141
1 0.736328 0.998047 0.746094 0.998047 0.744141 0.996094 0.738281 0.996094
