0 0.042969 0.046875 0.000000 0.042969 0.000000 0.173828 0.003906 0.175781 0.031250 0.166016 0.060547 0.126953 0.068359 0.072266 0.064453 0.062500
0 0.609375 0.181641 0.607422 0.183594 0.605469 0.183594 0.599609 0.189453 0.599609 0.197266 0.605469 0.203125 0.611328 0.203125 0.617188 0.197266 0.617188 0.195312 0.619141 0.193359 0.619141 0.189453 0.613281 0.183594 0.611328 0.183594
1 0.000000 0.195312 0.000000 0.218750 0.083984 0.230469 0.041016 0.281250 0.000000 0.263672 0.000000 0.351562 0.029297 0.318359 0.041016 0.373047 0.000000 0.392578 0.027344 0.447266 0.000000 0.439453 0.000000 0.500000 0.039062 0.576172 0.095703 0.562500 0.107422 0.648438 0.142578 0.642578 0.171875 0.687500 0.181641 0.771484 0.330078 0.712891 0.376953 0.638672 0.365234 0.718750 0.388672 0.728516 0.402344 0.687500 0.429688 0.697266 0.404297 0.681641 0.402344 0.630859 0.441406 0.564453 0.380859 0.498047 0.412109 0.572266 0.386719 0.597656 0.359375 0.494141 0.312500 0.462891 0.326172 0.429688 0.384766 0.402344 0.341797 0.382812 0.294922 0.414062 0.236328 0.339844 0.238281 0.306641 0.220703 0.335938 0.183594 0.337891 0.148438 0.312500 0.125000 0.232422
0 0.714844 0.232422 0.710938 0.236328 0.710938 0.238281 0.708984 0.240234 0.710938 0.242188 0.710938 0.246094 0.712891 0.248047 0.714844 0.248047 0.716797 0.250000 0.718750 0.250000 0.724609 0.244141 0.724609 0.236328 0.720703 0.232422
0 0.031250 0.240234 0.025391 0.242188 0.021484 0.238281 0.019531 0.238281 0.017578 0.240234 0.017578 0.242188 0.019531 0.244141 0.015625 0.248047 0.013672 0.248047 0.011719 0.250000 0.013672 0.251953 0.013672 0.253906 0.017578 0.257812 0.019531 0.257812 0.025391 0.251953 0.027344 0.253906 0.029297 0.251953 0.029297 0.250000 0.031250 0.248047 0.031250 0.244141 0.033203 0.242188
0 0.783203 0.261719 0.781250 0.263672 0.781250 0.267578 0.783203 0.269531 0.787109 0.269531 0.789062 0.267578 0.789062 0.265625 0.785156 0.261719
0 0.509766 0.302734 0.505859 0.302734 0.503906 0.304688 0.507812 0.308594 0.511719 0.304688
1 0.361328 0.353516 0.359375 0.349609 0.351562 0.345703 0.345703 0.337891 0.341797 0.337891 0.333984 0.345703 0.337891 0.349609 0.337891 0.355469 0.332031 0.361328 0.328125 0.357422 0.320312 0.361328 0.314453 0.361328 0.296875 0.353516 0.291016 0.347656 0.287109 0.349609 0.285156 0.357422 0.287109 0.359375 0.291016 0.357422 0.300781 0.359375 0.304688 0.363281 0.312500 0.365234 0.322266 0.375000 0.324219 0.375000 0.332031 0.365234 0.333984 0.367188 0.339844 0.367188 0.345703 0.371094 0.349609 0.371094 0.357422 0.363281 0.361328 0.357422
0 0.658203 0.337891 0.652344 0.343750 0.652344 0.349609 0.656250 0.353516 0.664062 0.353516 0.666016 0.351562 0.666016 0.349609 0.667969 0.347656 0.667969 0.343750 0.662109 0.337891
0 0.507812 0.345703 0.501953 0.351562 0.501953 0.357422 0.503906 0.359375 0.503906 0.361328 0.507812 0.365234 0.509766 0.365234 0.511719 0.367188 0.515625 0.367188 0.521484 0.363281 0.521484 0.361328 0.523438 0.359375 0.523438 0.353516 0.515625 0.345703
0 0.900391 0.382812 0.896484 0.386719 0.896484 0.388672 0.898438 0.390625 0.900391 0.390625 0.904297 0.386719
0 0.398438 0.404297 0.396484 0.406250 0.398438 0.408203 0.400391 0.408203 0.402344 0.406250 0.400391 0.404297
0 0.562500 0.417969 0.562500 0.419922 0.564453 0.421875 0.570312 0.421875 0.572266 0.419922 0.568359 0.416016 0.564453 0.416016
0 0.361328 0.427734 0.359375 0.429688 0.359375 0.433594 0.361328 0.435547 0.363281 0.435547 0.365234 0.433594 0.363281 0.431641 0.363281 0.429688
0 0.414062 0.425781 0.408203 0.431641 0.410156 0.433594 0.410156 0.435547 0.414062 0.439453 0.416016 0.439453 0.419922 0.435547 0.419922 0.429688 0.416016 0.425781
0 0.470703 0.429688 0.466797 0.433594 0.470703 0.437500 0.474609 0.437500 0.476562 0.435547 0.476562 0.431641 0.474609 0.429688
0 0.394531 0.447266 0.390625 0.451172 0.394531 0.455078 0.398438 0.451172
0 0.724609 0.445312 0.722656 0.447266 0.724609 0.449219 0.726562 0.447266
1 0.367188 0.462891 0.365234 0.464844 0.365234 0.468750 0.367188 0.470703 0.367188 0.472656 0.369141 0.474609 0.369141 0.482422 0.371094 0.484375 0.373047 0.482422 0.373047 0.470703 0.375000 0.468750 0.375000 0.466797 0.371094 0.462891
0 0.601562 0.482422 0.599609 0.484375 0.601562 0.486328 0.603516 0.484375
0 0.966797 0.480469 0.962891 0.484375 0.964844 0.486328 0.966797 0.486328 0.968750 0.484375 0.968750 0.482422
0 0.503906 0.492188 0.498047 0.496094 0.498047 0.498047 0.496094 0.500000 0.496094 0.507812 0.500000 0.513672 0.509766 0.513672 0.515625 0.509766 0.515625 0.507812 0.517578 0.505859 0.517578 0.500000 0.513672 0.494141 0.509766 0.494141 0.507812 0.492188
0 0.572266 0.496094 0.568359 0.500000 0.572266 0.503906 0.574219 0.501953 0.574219 0.498047
0 0.449219 0.500000 0.445312 0.501953 0.441406 0.501953 0.439453 0.503906 0.433594 0.503906 0.431641 0.505859 0.429688 0.503906 0.425781 0.509766 0.425781 0.515625 0.435547 0.525391 0.443359 0.525391 0.455078 0.513672 0.457031 0.509766
0 0.603516 0.503906 0.601562 0.505859 0.601562 0.507812 0.603516 0.509766 0.607422 0.509766 0.609375 0.507812 0.605469 0.503906
0 0.974609 0.531250 0.968750 0.537109 0.968750 0.542969 0.970703 0.544922 0.970703 0.546875 0.976562 0.552734 0.984375 0.552734 0.986328 0.550781 0.988281 0.550781 0.992188 0.546875 0.992188 0.539062 0.984375 0.531250
0 0.580078 0.542969 0.580078 0.544922 0.582031 0.546875 0.583984 0.546875 0.587891 0.550781 0.589844 0.550781 0.593750 0.554688 0.597656 0.554688 0.601562 0.550781 0.601562 0.546875 0.595703 0.541016 0.585938 0.541016 0.583984 0.539062
0 0.253906 0.556641 0.257812 0.560547 0.263672 0.560547 0.265625 0.558594 0.265625 0.554688 0.263672 0.552734 0.257812 0.552734
0 0.275391 0.550781 0.273438 0.552734 0.273438 0.554688 0.275391 0.556641 0.277344 0.554688 0.277344 0.552734
0 0.544922 0.550781 0.542969 0.552734 0.542969 0.554688 0.544922 0.556641 0.546875 0.556641 0.548828 0.554688 0.548828 0.552734 0.546875 0.550781
0 0.560547 0.564453 0.558594 0.566406 0.558594 0.568359 0.560547 0.570312 0.562500 0.570312 0.564453 0.568359 0.564453 0.566406 0.562500 0.564453
0 0.580078 0.580078 0.580078 0.582031 0.582031 0.583984 0.587891 0.583984 0.589844 0.582031 0.585938 0.578125 0.582031 0.578125
0 0.521484 0.587891 0.519531 0.587891 0.515625 0.591797 0.513672 0.591797 0.507812 0.597656 0.507812 0.599609 0.511719 0.603516 0.515625 0.603516 0.517578 0.601562 0.519531 0.601562 0.525391 0.595703 0.525391 0.591797
0 0.480469 0.595703 0.476562 0.595703 0.474609 0.597656 0.474609 0.599609 0.476562 0.601562 0.478516 0.601562 0.482422 0.597656
0 0.962891 0.617188 0.960938 0.619141 0.960938 0.621094 0.962891 0.623047 0.964844 0.623047 0.966797 0.621094 0.966797 0.619141 0.964844 0.617188
1 0.617188 0.623047 0.613281 0.626953 0.615234 0.628906 0.615234 0.630859 0.617188 0.632812 0.617188 0.638672 0.621094 0.642578 0.623047 0.642578 0.625000 0.640625 0.625000 0.634766 0.623047 0.632812 0.623047 0.630859 0.621094 0.628906 0.621094 0.626953
0 0.591797 0.630859 0.589844 0.632812 0.589844 0.634766 0.591797 0.636719 0.593750 0.636719 0.595703 0.634766 0.595703 0.632812 0.593750 0.630859
0 0.544922 0.638672 0.539062 0.638672 0.537109 0.640625 0.535156 0.640625 0.529297 0.646484 0.525391 0.646484 0.523438 0.648438 0.523438 0.652344 0.529297 0.658203 0.535156 0.658203 0.537109 0.660156 0.539062 0.660156 0.542969 0.656250 0.539062 0.652344 0.546875 0.644531 0.546875 0.640625
0 0.599609 0.642578 0.595703 0.646484 0.595703 0.650391 0.593750 0.652344 0.593750 0.660156 0.597656 0.664062 0.601562 0.664062 0.607422 0.658203 0.605469 0.656250 0.605469 0.652344 0.603516 0.650391 0.603516 0.646484
0 0.437500 0.644531 0.435547 0.646484 0.437500 0.648438 0.439453 0.646484
0 0.576172 0.654297 0.570312 0.660156 0.552734 0.664062 0.548828 0.667969 0.548828 0.671875 0.558594 0.677734 0.554688 0.689453 0.556641 0.697266 0.562500 0.705078 0.568359 0.705078 0.572266 0.701172 0.570312 0.685547 0.585938 0.671875 0.583984 0.664062
0 0.501953 0.664062 0.501953 0.666016 0.505859 0.669922 0.511719 0.669922 0.513672 0.671875 0.521484 0.671875 0.525391 0.667969 0.513672 0.656250 0.507812 0.656250 0.503906 0.660156 0.503906 0.662109
0 0.427734 0.660156 0.425781 0.662109 0.427734 0.664062 0.429688 0.662109
0 0.535156 0.666016 0.531250 0.669922 0.535156 0.673828 0.537109 0.673828 0.539062 0.671875 0.539062 0.669922
0 0.482422 0.667969 0.478516 0.671875 0.478516 0.673828 0.482422 0.677734 0.486328 0.673828 0.486328 0.671875
1 0.593750 0.679688 0.585938 0.685547 0.585938 0.697266 0.597656 0.720703 0.582031 0.736328 0.583984 0.746094 0.574219 0.753906 0.566406 0.773438 0.578125 0.791016 0.578125 0.800781 0.583984 0.802734 0.591797 0.791016 0.603516 0.798828 0.587891 0.810547 0.593750 0.818359 0.617188 0.802734 0.636719 0.814453 0.652344 0.855469 0.669922 0.853516 0.683594 0.833984 0.687500 0.837891 0.683594 0.867188 0.703125 0.876953 0.707031 0.867188 0.699219 0.857422 0.701172 0.818359 0.673828 0.798828 0.662109 0.779297 0.656250 0.779297 0.648438 0.791016 0.638672 0.785156 0.636719 0.765625 0.621094 0.753906 0.621094 0.736328 0.632812 0.726562 0.619141 0.714844 0.623047 0.707031 0.615234 0.695312 0.617188 0.687500
0 0.501953 0.687500 0.500000 0.687500 0.498047 0.689453 0.498047 0.691406 0.500000 0.693359 0.503906 0.689453
0 0.796875 0.689453 0.792969 0.693359 0.794922 0.695312 0.794922 0.697266 0.796875 0.699219 0.800781 0.699219 0.804688 0.695312 0.804688 0.693359 0.800781 0.689453
0 0.777344 0.695312 0.773438 0.699219 0.773438 0.703125 0.777344 0.707031 0.781250 0.707031 0.783203 0.705078 0.783203 0.703125 0.785156 0.701172 0.783203 0.699219 0.783203 0.697266 0.781250 0.695312
0 0.546875 0.701172 0.542969 0.701172 0.539062 0.705078 0.542969 0.708984 0.544922 0.708984 0.548828 0.705078 0.548828 0.703125
0 0.630859 0.699219 0.628906 0.701172 0.630859 0.703125 0.632812 0.703125 0.634766 0.701172 0.632812 0.699219
0 0.732422 0.707031 0.730469 0.708984 0.732422 0.710938 0.734375 0.710938 0.736328 0.708984 0.734375 0.707031
0 0.582031 0.712891 0.578125 0.716797 0.580078 0.718750 0.582031 0.718750 0.583984 0.716797 0.583984 0.714844
0 0.539062 0.714844 0.537109 0.714844 0.531250 0.720703 0.533203 0.722656 0.535156 0.722656 0.537109 0.724609 0.542969 0.718750
0 0.503906 0.718750 0.501953 0.720703 0.501953 0.722656 0.503906 0.724609 0.505859 0.722656 0.505859 0.720703
1 0.406250 0.724609 0.404297 0.726562 0.402344 0.726562 0.398438 0.730469 0.400391 0.732422 0.400391 0.734375 0.402344 0.736328 0.404297 0.736328 0.410156 0.742188 0.410156 0.748047 0.412109 0.750000 0.416016 0.750000 0.417969 0.748047 0.417969 0.744141 0.412109 0.738281 0.412109 0.728516 0.408203 0.724609
0 0.347656 0.728516 0.343750 0.732422 0.343750 0.734375 0.347656 0.738281 0.351562 0.734375 0.351562 0.732422
1 0.572266 0.728516 0.494141 0.755859 0.455078 0.816406 0.458984 0.843750 0.427734 0.851562 0.443359 0.869141 0.458984 0.847656 0.476562 0.863281 0.474609 0.886719 0.404297 0.900391 0.392578 0.880859 0.419922 0.871094 0.408203 0.847656 0.380859 0.869141 0.371094 0.857422 0.347656 0.873047 0.310547 0.851562 0.343750 0.818359 0.365234 0.818359 0.337891 0.798828 0.273438 0.837891 0.263672 0.886719 0.279297 0.904297 0.310547 0.906250 0.326172 0.966797 0.345703 0.958984 0.353516 0.921875 0.435547 0.919922 0.511719 0.882812 0.529297 0.857422 0.542969 0.871094 0.529297 0.912109 0.539062 0.923828 0.580078 0.884766 0.576172 0.855469 0.562500 0.873047 0.494141 0.785156 0.539062 0.767578 0.544922 0.787109
0 0.500000 0.734375 0.498047 0.732422 0.494141 0.732422 0.492188 0.734375 0.492188 0.736328 0.490234 0.738281 0.492188 0.740234 0.494141 0.738281 0.498047 0.738281 0.500000 0.736328
0 0.658203 0.730469 0.654297 0.734375 0.656250 0.736328 0.658203 0.736328 0.660156 0.738281 0.664062 0.734375 0.660156 0.730469
0 0.474609 0.740234 0.474609 0.744141 0.476562 0.746094 0.478516 0.746094 0.480469 0.744141 0.482422 0.744141 0.484375 0.742188 0.484375 0.740234 0.482422 0.738281 0.476562 0.738281
0 0.654297 0.746094 0.648438 0.746094 0.642578 0.751953 0.640625 0.751953 0.638672 0.753906 0.638672 0.759766 0.640625 0.761719 0.644531 0.761719 0.646484 0.763672 0.648438 0.761719 0.654297 0.761719 0.658203 0.757812 0.658203 0.750000
0 0.781250 0.748047 0.777344 0.751953 0.777344 0.757812 0.781250 0.763672 0.783203 0.763672 0.785156 0.765625 0.789062 0.765625 0.794922 0.759766 0.794922 0.753906 0.789062 0.748047
0 0.341797 0.750000 0.339844 0.751953 0.341797 0.753906 0.343750 0.751953
0 0.326172 0.755859 0.324219 0.757812 0.324219 0.759766 0.326172 0.761719 0.328125 0.759766 0.328125 0.757812
0 0.335938 0.763672 0.333984 0.765625 0.333984 0.767578 0.337891 0.771484 0.339844 0.769531 0.339844 0.765625 0.337891 0.763672
1 0.425781 0.761719 0.423828 0.761719 0.419922 0.765625 0.419922 0.771484 0.414062 0.777344 0.414062 0.779297 0.412109 0.781250 0.414062 0.783203 0.414062 0.785156 0.419922 0.789062 0.421875 0.789062 0.427734 0.783203 0.427734 0.769531 0.429688 0.767578 0.429688 0.765625
0 0.685547 0.761719 0.681641 0.765625 0.681641 0.775391 0.697266 0.791016 0.703125 0.791016 0.710938 0.781250 0.710938 0.777344 0.708984 0.773438 0.695312 0.761719
0 0.365234 0.771484 0.369141 0.775391 0.369141 0.779297 0.378906 0.787109 0.382812 0.787109 0.384766 0.789062 0.390625 0.789062 0.392578 0.787109 0.390625 0.785156 0.390625 0.775391 0.384766 0.769531 0.382812 0.769531 0.380859 0.767578 0.376953 0.767578 0.375000 0.765625 0.371094 0.765625
0 0.361328 0.775391 0.357422 0.771484 0.355469 0.771484 0.349609 0.777344 0.351562 0.779297 0.357422 0.779297
0 0.755859 0.769531 0.751953 0.773438 0.751953 0.775391 0.753906 0.777344 0.753906 0.779297 0.755859 0.781250 0.761719 0.781250 0.765625 0.777344 0.765625 0.775391 0.763672 0.773438 0.763672 0.771484 0.761719 0.769531
0 0.958984 0.769531 0.957031 0.771484 0.957031 0.781250 0.960938 0.785156 0.964844 0.785156 0.968750 0.781250 0.968750 0.773438 0.966797 0.771484 0.964844 0.771484 0.962891 0.769531
1 0.833984 0.777344 0.832031 0.781250 0.835938 0.785156 0.841797 0.787109 0.847656 0.792969 0.843750 0.798828 0.851562 0.806641 0.857422 0.804688 0.859375 0.802734 0.859375 0.796875 0.847656 0.787109 0.847656 0.783203 0.843750 0.779297
0 0.875000 0.781250 0.871094 0.785156 0.875000 0.789062 0.878906 0.785156
0 0.443359 0.792969 0.441406 0.794922 0.445312 0.798828 0.447266 0.796875 0.447266 0.794922 0.445312 0.792969
0 0.558594 0.798828 0.556641 0.800781 0.564453 0.808594 0.566406 0.808594 0.570312 0.804688 0.570312 0.802734 0.572266 0.800781 0.568359 0.796875 0.562500 0.796875 0.560547 0.798828
0 0.947266 0.800781 0.945312 0.802734 0.947266 0.804688 0.949219 0.804688 0.951172 0.802734 0.949219 0.800781
0 0.560547 0.822266 0.556641 0.818359 0.554688 0.818359 0.550781 0.822266 0.548828 0.822266 0.544922 0.826172 0.544922 0.828125 0.546875 0.830078 0.548828 0.830078 0.550781 0.828125 0.556641 0.828125 0.560547 0.824219
0 0.730469 0.816406 0.726562 0.820312 0.726562 0.822266 0.730469 0.826172 0.734375 0.826172 0.738281 0.822266 0.738281 0.820312 0.734375 0.816406
1 0.886719 0.853516 0.882812 0.857422 0.882812 0.863281 0.890625 0.871094 0.884766 0.876953 0.882812 0.884766 0.886719 0.888672 0.890625 0.888672 0.896484 0.882812 0.896484 0.876953 0.900391 0.869141 0.896484 0.865234 0.892578 0.857422
0 0.970703 0.857422 0.966797 0.853516 0.962891 0.857422 0.964844 0.859375 0.968750 0.859375
1 0.679688 0.888672 0.671875 0.878906 0.650391 0.882812 0.636719 0.863281 0.625000 0.882812 0.603516 0.880859 0.599609 0.884766 0.595703 0.914062 0.605469 0.917969 0.611328 0.912109 0.609375 0.900391 0.613281 0.896484 0.632812 0.900391 0.640625 0.906250 0.669922 0.904297 0.679688 0.894531
0 0.847656 0.867188 0.849609 0.869141 0.853516 0.869141 0.855469 0.867188 0.853516 0.865234 0.849609 0.865234
0 0.992188 0.880859 0.990234 0.882812 0.990234 0.884766 0.994141 0.888672 0.998047 0.888672 0.998047 0.880859
0 0.714844 0.882812 0.707031 0.888672 0.701172 0.900391 0.701172 0.917969 0.716797 0.935547 0.722656 0.960938 0.732422 0.964844 0.750000 0.951172 0.753906 0.943359 0.753906 0.931641 0.744141 0.912109 0.734375 0.902344 0.732422 0.888672 0.724609 0.882812
0 0.771484 0.884766 0.767578 0.888672 0.767578 0.890625 0.771484 0.894531 0.775391 0.890625 0.775391 0.888672
0 0.814453 0.888672 0.812500 0.890625 0.812500 0.892578 0.814453 0.894531 0.816406 0.892578 0.816406 0.890625
0 0.851562 0.890625 0.849609 0.892578 0.847656 0.892578 0.845703 0.894531 0.845703 0.898438 0.843750 0.900391 0.843750 0.902344 0.845703 0.904297 0.847656 0.904297 0.849609 0.906250 0.851562 0.906250 0.853516 0.904297 0.855469 0.904297 0.857422 0.902344 0.857422 0.894531 0.855469 0.892578 0.853516 0.892578
0 0.572266 0.898438 0.568359 0.902344 0.568359 0.908203 0.572266 0.912109 0.576172 0.912109 0.580078 0.908203 0.580078 0.904297 0.576172 0.900391 0.574219 0.900391
0 0.990234 0.898438 0.984375 0.904297 0.984375 0.906250 0.992188 0.914062 0.998047 0.908203 0.998047 0.902344 0.996094 0.900391 0.994141 0.900391 0.992188 0.898438
0 0.689453 0.914062 0.687500 0.916016 0.687500 0.917969 0.689453 0.919922 0.691406 0.917969 0.691406 0.916016
1 0.521484 0.933594 0.515625 0.933594 0.507812 0.947266 0.486328 0.968750 0.468750 0.968750 0.474609 0.986328 0.466797 0.998047 0.482422 0.998047 0.503906 0.982422 0.503906 0.964844 0.511719 0.957031 0.523438 0.955078 0.527344 0.951172 0.527344 0.939453
0 0.375000 0.937500 0.373047 0.939453 0.371094 0.939453 0.369141 0.941406 0.369141 0.943359 0.375000 0.949219 0.376953 0.949219 0.380859 0.945312 0.380859 0.941406 0.376953 0.937500
0 0.666016 0.939453 0.660156 0.945312 0.660156 0.947266 0.666016 0.953125 0.667969 0.953125 0.673828 0.947266 0.673828 0.943359 0.671875 0.941406 0.669922 0.941406 0.667969 0.939453
0 0.757812 0.955078 0.753906 0.958984 0.753906 0.964844 0.755859 0.966797 0.759766 0.966797 0.761719 0.964844 0.761719 0.962891 0.763672 0.960938
1 0.888672 0.968750 0.882812 0.962891 0.869141 0.970703 0.859375 0.964844 0.853516 0.966797 0.839844 0.978516 0.853516 0.988281 0.863281 0.990234 0.867188 0.988281 0.876953 0.976562 0.878906 0.978516 0.884766 0.978516 0.888672 0.974609
0 0.902344 0.982422 0.898438 0.986328 0.900391 0.988281 0.902344 0.988281 0.904297 0.986328 0.904297 0.984375
0 0.410156 0.992188 0.410156 0.996094 0.412109 0.998047 0.431641 0.998047 0.429688 0.996094 0.429688 0.994141 0.423828 0.988281 0.421875 0.988281 0.419922 0.986328 0.416016 0.986328
0 0.794922 0.988281 0.791016 0.992188 0.792969 0.994141 0.794922 0.994141 0.796875 0.992188 0.796875 0.990234
1 0.671875 0.998047 0.681641 0.998047 0.679688 0.996094 0.677734 0.996094 0.675781 0.994141
