0 0.578125 0.080078 0.576172 0.082031 0.578125 0.083984 0.580078 0.082031
0 0.988281 0.136719 0.984375 0.140625 0.984375 0.144531 0.986328 0.146484 0.990234 0.146484 0.992188 0.144531 0.992188 0.140625
0 0.703125 0.140625 0.701172 0.142578 0.701172 0.148438 0.703125 0.150391 0.705078 0.150391 0.707031 0.148438 0.707031 0.144531
0 0.656250 0.179688 0.654297 0.181641 0.654297 0.183594 0.656250 0.185547 0.658203 0.183594 0.658203 0.181641
0 0.593750 0.187500 0.591797 0.189453 0.591797 0.193359 0.593750 0.195312 0.595703 0.195312 0.599609 0.191406 0.595703 0.187500
0 0.675781 0.195312 0.671875 0.199219 0.671875 0.201172 0.675781 0.205078 0.679688 0.201172 0.679688 0.199219
0 0.623047 0.203125 0.621094 0.201172 0.619141 0.201172 0.615234 0.205078 0.617188 0.207031 0.619141 0.207031
0 0.738281 0.205078 0.736328 0.207031 0.736328 0.208984 0.738281 0.210938 0.742188 0.210938 0.744141 0.208984 0.744141 0.207031 0.742188 0.205078
0 0.611328 0.212891 0.607422 0.216797 0.611328 0.220703 0.613281 0.220703 0.615234 0.218750 0.615234 0.216797
1 0.000000 0.228516 0.000000 0.636719 0.058594 0.613281 0.162109 0.707031 0.171875 0.779297 0.257812 0.734375 0.314453 0.761719 0.310547 0.853516 0.246094 0.888672 0.251953 0.925781 0.312500 0.945312 0.326172 0.998047 0.376953 0.998047 0.357422 0.941406 0.488281 0.998047 0.492188 0.947266 0.574219 0.919922 0.681641 0.972656 0.734375 0.917969 0.744141 0.845703 0.714844 0.884766 0.656250 0.871094 0.646484 0.927734 0.572266 0.902344 0.511719 0.931641 0.466797 0.892578 0.355469 0.927734 0.314453 0.894531 0.330078 0.773438 0.228516 0.712891 0.351562 0.617188 0.412109 0.648438 0.388672 0.585938 0.423828 0.587891 0.382812 0.566406 0.322266 0.607422 0.300781 0.521484 0.263672 0.531250 0.193359 0.474609 0.148438 0.509766 0.181641 0.455078 0.121094 0.517578 0.035156 0.380859
0 0.474609 0.226562 0.472656 0.228516 0.472656 0.232422 0.474609 0.234375 0.476562 0.234375 0.478516 0.232422 0.478516 0.228516 0.476562 0.226562
0 0.820312 0.230469 0.816406 0.234375 0.820312 0.238281 0.824219 0.234375
0 0.562500 0.234375 0.560547 0.236328 0.562500 0.238281 0.564453 0.236328
0 0.042969 0.244141 0.039062 0.248047 0.039062 0.250000 0.042969 0.253906 0.046875 0.250000 0.046875 0.248047
0 0.517578 0.244141 0.513672 0.248047 0.513672 0.250000 0.517578 0.253906 0.519531 0.253906 0.523438 0.250000 0.523438 0.248047 0.521484 0.246094 0.519531 0.246094
0 0.892578 0.271484 0.888672 0.275391 0.888672 0.283203 0.894531 0.289062 0.902344 0.289062 0.906250 0.285156 0.906250 0.277344 0.900391 0.271484
0 0.574219 0.281250 0.572266 0.283203 0.572266 0.285156 0.574219 0.287109 0.576172 0.287109 0.578125 0.285156
0 0.804688 0.283203 0.802734 0.285156 0.804688 0.287109 0.806641 0.285156
1 0.482422 0.291016 0.478516 0.296875 0.480469 0.308594 0.488281 0.314453 0.498047 0.314453 0.501953 0.318359 0.501953 0.322266 0.505859 0.328125 0.513672 0.328125 0.517578 0.324219 0.519531 0.316406 0.513672 0.310547 0.505859 0.312500 0.501953 0.308594 0.503906 0.306641 0.501953 0.294922 0.492188 0.289062
1 0.531250 0.314453 0.533203 0.320312 0.539062 0.326172 0.548828 0.324219 0.560547 0.341797 0.568359 0.337891 0.582031 0.341797 0.589844 0.333984 0.589844 0.328125 0.585938 0.324219 0.572266 0.326172 0.564453 0.320312 0.566406 0.308594 0.560547 0.302734 0.550781 0.306641 0.537109 0.306641
0 0.808594 0.308594 0.806641 0.310547 0.808594 0.312500 0.810547 0.310547
0 0.349609 0.316406 0.343750 0.322266 0.343750 0.328125 0.345703 0.330078 0.345703 0.332031 0.349609 0.335938 0.357422 0.335938 0.359375 0.333984 0.361328 0.333984 0.363281 0.332031 0.365234 0.326172 0.361328 0.322266 0.361328 0.320312 0.359375 0.318359 0.357422 0.318359 0.355469 0.316406
0 0.144531 0.324219 0.144531 0.326172 0.146484 0.328125 0.152344 0.328125 0.154297 0.326172 0.150391 0.322266 0.146484 0.322266
0 0.214844 0.347656 0.212891 0.349609 0.214844 0.351562 0.216797 0.351562 0.218750 0.349609 0.216797 0.347656
0 0.623047 0.351562 0.623047 0.357422 0.625000 0.359375 0.626953 0.359375 0.628906 0.361328 0.632812 0.361328 0.634766 0.359375 0.636719 0.359375 0.638672 0.357422 0.638672 0.355469 0.640625 0.353516 0.640625 0.351562 0.636719 0.347656 0.634766 0.349609 0.632812 0.347656 0.626953 0.347656
0 0.337891 0.355469 0.335938 0.357422 0.339844 0.361328 0.341797 0.359375
0 0.511719 0.359375 0.505859 0.361328 0.505859 0.367188 0.501953 0.371094 0.488281 0.371094 0.478516 0.378906 0.478516 0.386719 0.486328 0.394531 0.496094 0.394531 0.501953 0.390625 0.511719 0.390625 0.515625 0.386719 0.515625 0.378906 0.509766 0.371094 0.513672 0.363281
0 0.816406 0.363281 0.814453 0.365234 0.816406 0.367188 0.818359 0.365234
0 0.591797 0.367188 0.585938 0.373047 0.587891 0.375000 0.585938 0.376953 0.589844 0.380859 0.593750 0.380859 0.597656 0.376953 0.597656 0.373047
0 0.458984 0.380859 0.457031 0.380859 0.453125 0.384766 0.453125 0.386719 0.457031 0.390625 0.460938 0.386719 0.460938 0.382812
0 0.318359 0.384766 0.312500 0.390625 0.312500 0.392578 0.310547 0.394531 0.310547 0.398438 0.316406 0.404297 0.326172 0.404297 0.330078 0.400391 0.330078 0.394531 0.328125 0.392578 0.328125 0.390625 0.322266 0.384766
0 0.294922 0.388672 0.291016 0.392578 0.294922 0.396484 0.296875 0.396484 0.300781 0.392578 0.296875 0.388672
0 0.269531 0.394531 0.263672 0.400391 0.263672 0.406250 0.269531 0.412109 0.271484 0.410156 0.273438 0.410156 0.277344 0.406250 0.277344 0.404297 0.275391 0.402344 0.275391 0.398438 0.273438 0.396484 0.271484 0.396484
0 0.638672 0.398438 0.636719 0.400391 0.638672 0.402344 0.640625 0.400391
0 0.197266 0.406250 0.191406 0.412109 0.193359 0.417969 0.203125 0.427734 0.205078 0.427734 0.207031 0.425781 0.210938 0.425781 0.216797 0.419922 0.216797 0.416016 0.214844 0.414062 0.214844 0.412109 0.210938 0.408203 0.208984 0.408203 0.207031 0.406250
0 0.505859 0.406250 0.503906 0.408203 0.505859 0.410156 0.507812 0.410156 0.509766 0.408203 0.507812 0.406250
0 0.464844 0.410156 0.458984 0.416016 0.458984 0.419922 0.464844 0.425781 0.470703 0.425781 0.476562 0.419922 0.476562 0.416016 0.470703 0.410156
0 0.671875 0.417969 0.667969 0.421875 0.667969 0.423828 0.669922 0.425781 0.671875 0.425781 0.675781 0.421875
0 0.875000 0.417969 0.873047 0.419922 0.873047 0.425781 0.875000 0.427734 0.880859 0.427734 0.882812 0.425781 0.882812 0.421875 0.878906 0.417969
0 0.941406 0.421875 0.937500 0.425781 0.941406 0.429688 0.945312 0.425781
0 0.250000 0.427734 0.248047 0.429688 0.242188 0.429688 0.240234 0.431641 0.238281 0.429688 0.236328 0.429688 0.232422 0.435547 0.234375 0.437500 0.236328 0.443359 0.244141 0.453125 0.248047 0.453125 0.250000 0.451172 0.250000 0.443359 0.255859 0.433594
0 0.888672 0.429688 0.884766 0.433594 0.884766 0.435547 0.888672 0.439453 0.894531 0.439453 0.898438 0.435547 0.898438 0.433594 0.894531 0.429688
0 0.666016 0.437500 0.664062 0.439453 0.664062 0.441406 0.666016 0.443359 0.669922 0.443359 0.671875 0.441406 0.667969 0.437500
0 0.728516 0.437500 0.724609 0.441406 0.724609 0.445312 0.726562 0.447266 0.730469 0.447266 0.732422 0.445312 0.732422 0.441406
0 0.492188 0.449219 0.488281 0.449219 0.484375 0.453125 0.484375 0.458984 0.488281 0.462891 0.490234 0.462891 0.492188 0.460938 0.494141 0.460938 0.496094 0.458984 0.496094 0.453125
0 0.791016 0.457031 0.789062 0.458984 0.789062 0.462891 0.791016 0.464844 0.791016 0.466797 0.796875 0.472656 0.802734 0.466797 0.798828 0.462891 0.798828 0.458984 0.796875 0.457031 0.794922 0.458984 0.792969 0.458984
0 0.857422 0.458984 0.855469 0.460938 0.857422 0.462891 0.859375 0.460938
0 0.759766 0.466797 0.757812 0.468750 0.757812 0.470703 0.759766 0.472656 0.761719 0.472656 0.763672 0.470703 0.763672 0.468750 0.761719 0.466797
0 0.929688 0.466797 0.927734 0.468750 0.927734 0.470703 0.925781 0.472656 0.925781 0.474609 0.929688 0.478516 0.931641 0.478516 0.935547 0.474609 0.935547 0.470703 0.931641 0.466797
0 0.572266 0.474609 0.568359 0.478516 0.568359 0.482422 0.574219 0.488281 0.576172 0.488281 0.582031 0.482422 0.582031 0.478516 0.578125 0.474609
0 0.708984 0.474609 0.707031 0.476562 0.707031 0.478516 0.710938 0.482422 0.714844 0.478516 0.710938 0.474609
0 0.818359 0.474609 0.814453 0.474609 0.812500 0.476562 0.812500 0.478516 0.816406 0.482422 0.820312 0.478516 0.820312 0.476562
0 0.214844 0.484375 0.212891 0.486328 0.212891 0.490234 0.214844 0.492188 0.216797 0.492188 0.220703 0.488281 0.216797 0.484375
0 0.853516 0.486328 0.849609 0.490234 0.853516 0.494141 0.857422 0.490234
0 0.964844 0.490234 0.962891 0.490234 0.958984 0.494141 0.962891 0.498047 0.966797 0.494141 0.966797 0.492188
0 0.519531 0.492188 0.517578 0.494141 0.517578 0.498047 0.521484 0.501953 0.525391 0.498047 0.525391 0.496094 0.521484 0.492188
0 0.660156 0.494141 0.658203 0.494141 0.654297 0.498047 0.654297 0.501953 0.658203 0.505859 0.660156 0.503906 0.662109 0.503906 0.664062 0.501953 0.664062 0.498047
0 0.726562 0.492188 0.724609 0.494141 0.724609 0.498047 0.726562 0.500000 0.726562 0.501953 0.728516 0.503906 0.730469 0.503906 0.732422 0.505859 0.734375 0.505859 0.740234 0.500000 0.740234 0.498047 0.734375 0.492188
0 0.914062 0.496094 0.910156 0.500000 0.914062 0.503906 0.916016 0.503906 0.919922 0.500000 0.916016 0.496094
0 0.433594 0.500000 0.429688 0.503906 0.429688 0.505859 0.433594 0.509766 0.435547 0.509766 0.439453 0.505859 0.439453 0.503906 0.435547 0.500000
0 0.802734 0.500000 0.798828 0.503906 0.804688 0.509766 0.808594 0.505859 0.808594 0.503906 0.804688 0.500000
0 0.416016 0.507812 0.412109 0.511719 0.412109 0.513672 0.414062 0.515625 0.414062 0.517578 0.419922 0.523438 0.421875 0.523438 0.425781 0.519531 0.425781 0.517578 0.427734 0.515625 0.427734 0.513672 0.421875 0.507812
0 0.494141 0.517578 0.492188 0.519531 0.494141 0.521484 0.496094 0.519531
0 0.857422 0.515625 0.853516 0.515625 0.851562 0.517578 0.851562 0.519531 0.855469 0.523438 0.859375 0.519531 0.859375 0.517578
0 0.513672 0.521484 0.509766 0.525391 0.509766 0.533203 0.513672 0.537109 0.519531 0.537109 0.523438 0.533203 0.523438 0.531250 0.525391 0.529297 0.525391 0.527344 0.519531 0.521484
0 0.539062 0.525391 0.535156 0.529297 0.535156 0.535156 0.533203 0.537109 0.533203 0.541016 0.541016 0.548828 0.546875 0.544922 0.546875 0.542969 0.548828 0.541016 0.548828 0.535156 0.546875 0.533203 0.546875 0.531250 0.541016 0.525391
0 0.585938 0.527344 0.583984 0.525391 0.582031 0.525391 0.578125 0.529297 0.580078 0.531250 0.582031 0.531250
0 0.468750 0.531250 0.468750 0.533203 0.470703 0.535156 0.472656 0.535156 0.474609 0.537109 0.478516 0.537109 0.480469 0.539062 0.486328 0.539062 0.490234 0.535156 0.490234 0.533203 0.484375 0.527344 0.472656 0.527344
0 0.679688 0.527344 0.677734 0.529297 0.677734 0.531250 0.679688 0.533203 0.681641 0.531250 0.681641 0.529297
0 0.439453 0.533203 0.435547 0.537109 0.435547 0.546875 0.437500 0.548828 0.437500 0.550781 0.443359 0.554688 0.453125 0.554688 0.455078 0.552734 0.455078 0.546875 0.453125 0.544922 0.453125 0.542969 0.445312 0.533203
0 0.628906 0.541016 0.626953 0.541016 0.625000 0.542969 0.623047 0.542969 0.619141 0.546875 0.619141 0.548828 0.623047 0.552734 0.628906 0.552734 0.632812 0.548828 0.632812 0.544922
0 0.558594 0.542969 0.554688 0.546875 0.556641 0.548828 0.558594 0.548828 0.560547 0.546875 0.560547 0.544922
0 0.712891 0.554688 0.707031 0.548828 0.697266 0.554688 0.701172 0.564453 0.681641 0.578125 0.671875 0.570312 0.664062 0.570312 0.648438 0.582031 0.648438 0.597656 0.664062 0.611328 0.677734 0.603516 0.677734 0.595703 0.683594 0.589844 0.691406 0.595703 0.716797 0.597656 0.714844 0.580078 0.703125 0.566406
0 0.851562 0.548828 0.847656 0.548828 0.843750 0.552734 0.847656 0.556641 0.849609 0.556641 0.853516 0.552734 0.853516 0.550781
0 0.363281 0.552734 0.359375 0.556641 0.359375 0.562500 0.363281 0.566406 0.367188 0.562500 0.367188 0.556641
0 0.527344 0.556641 0.525391 0.558594 0.525391 0.562500 0.527344 0.564453 0.531250 0.564453 0.533203 0.562500 0.533203 0.560547 0.529297 0.556641
1 0.765625 0.562500 0.761719 0.566406 0.759766 0.566406 0.755859 0.570312 0.755859 0.572266 0.751953 0.576172 0.755859 0.580078 0.759766 0.576172 0.761719 0.576172 0.765625 0.572266 0.765625 0.570312 0.769531 0.566406
0 0.568359 0.568359 0.564453 0.572266 0.564453 0.574219 0.566406 0.576172 0.568359 0.576172 0.572266 0.572266
1 0.437500 0.570312 0.433594 0.574219 0.435547 0.580078 0.441406 0.587891 0.441406 0.595703 0.437500 0.601562 0.441406 0.605469 0.447266 0.605469 0.455078 0.609375 0.460938 0.609375 0.464844 0.613281 0.464844 0.617188 0.462891 0.619141 0.462891 0.623047 0.464844 0.625000 0.462891 0.626953 0.462891 0.630859 0.457031 0.636719 0.458984 0.640625 0.466797 0.634766 0.470703 0.626953 0.472656 0.615234 0.474609 0.613281 0.460938 0.599609 0.457031 0.589844
0 0.537109 0.572266 0.531250 0.578125 0.531250 0.587891 0.537109 0.593750 0.541016 0.589844 0.541016 0.576172
0 0.519531 0.576172 0.517578 0.576172 0.515625 0.578125 0.515625 0.580078 0.513672 0.582031 0.513672 0.583984 0.511719 0.585938 0.515625 0.589844 0.519531 0.589844 0.523438 0.585938 0.523438 0.580078
0 0.603516 0.587891 0.603516 0.589844 0.609375 0.595703 0.613281 0.595703 0.615234 0.593750 0.617188 0.593750 0.621094 0.589844 0.621094 0.587891 0.615234 0.582031 0.607422 0.582031 0.605469 0.583984 0.605469 0.585938
0 0.492188 0.585938 0.488281 0.589844 0.488281 0.593750 0.494141 0.599609 0.496094 0.599609 0.498047 0.597656 0.498047 0.591797 0.500000 0.589844 0.500000 0.587891 0.498047 0.585938
0 0.566406 0.589844 0.564453 0.587891 0.562500 0.587891 0.558594 0.591797 0.560547 0.593750 0.564453 0.593750 0.566406 0.591797
0 0.212891 0.589844 0.210938 0.591797 0.212891 0.593750 0.214844 0.591797
0 0.970703 0.595703 0.968750 0.597656 0.968750 0.599609 0.970703 0.601562 0.972656 0.601562 0.974609 0.599609 0.974609 0.597656 0.972656 0.595703
0 0.527344 0.599609 0.523438 0.603516 0.527344 0.607422 0.531250 0.603516
0 0.427734 0.601562 0.425781 0.603516 0.427734 0.605469 0.429688 0.605469 0.431641 0.603516 0.429688 0.601562
0 0.544922 0.605469 0.541016 0.609375 0.542969 0.611328 0.544922 0.611328 0.546875 0.609375 0.546875 0.607422
0 0.480469 0.611328 0.478516 0.613281 0.480469 0.615234 0.482422 0.615234 0.484375 0.613281 0.482422 0.611328
0 0.687500 0.611328 0.683594 0.611328 0.679688 0.615234 0.685547 0.621094 0.691406 0.615234
0 0.753906 0.611328 0.751953 0.611328 0.746094 0.617188 0.746094 0.621094 0.748047 0.623047 0.753906 0.623047 0.757812 0.619141 0.757812 0.615234
0 0.431641 0.619141 0.429688 0.621094 0.429688 0.625000 0.433594 0.630859 0.433594 0.638672 0.431641 0.640625 0.433594 0.642578 0.437500 0.642578 0.439453 0.640625 0.441406 0.640625 0.447266 0.634766 0.447266 0.632812 0.445312 0.630859 0.441406 0.630859 0.435547 0.625000 0.435547 0.623047
0 0.542969 0.617188 0.541016 0.619141 0.539062 0.619141 0.537109 0.621094 0.537109 0.623047 0.535156 0.625000 0.535156 0.628906 0.539062 0.632812 0.541016 0.632812 0.544922 0.628906 0.544922 0.623047 0.546875 0.621094
0 0.226562 0.621094 0.224609 0.623047 0.224609 0.625000 0.226562 0.626953 0.228516 0.625000 0.228516 0.623047
0 0.503906 0.628906 0.501953 0.626953 0.498047 0.626953 0.496094 0.628906 0.494141 0.628906 0.490234 0.632812 0.490234 0.636719 0.492188 0.638672 0.494141 0.636719 0.498047 0.636719 0.500000 0.634766 0.501953 0.634766 0.503906 0.632812
0 0.576172 0.628906 0.574219 0.630859 0.574219 0.636719 0.572266 0.638672 0.574219 0.640625 0.580078 0.640625 0.583984 0.636719 0.583984 0.634766 0.585938 0.632812 0.582031 0.628906
0 0.201172 0.632812 0.199219 0.634766 0.201172 0.636719 0.203125 0.634766
0 0.769531 0.634766 0.765625 0.634766 0.759766 0.640625 0.763672 0.644531 0.765625 0.644531 0.767578 0.646484 0.771484 0.642578 0.771484 0.636719
0 0.699219 0.636719 0.697266 0.636719 0.691406 0.642578 0.695312 0.646484 0.697266 0.646484 0.701172 0.642578 0.701172 0.638672
1 0.472656 0.646484 0.470703 0.648438 0.470703 0.652344 0.472656 0.654297 0.472656 0.660156 0.474609 0.662109 0.474609 0.664062 0.476562 0.666016 0.480469 0.662109 0.478516 0.660156 0.480469 0.658203 0.478516 0.656250 0.478516 0.654297 0.480469 0.652344 0.474609 0.646484
0 0.529297 0.648438 0.523438 0.656250 0.523438 0.671875 0.527344 0.679688 0.533203 0.685547 0.539062 0.685547 0.546875 0.677734 0.548828 0.673828 0.548828 0.664062 0.554688 0.658203 0.554688 0.654297 0.552734 0.652344 0.544922 0.652344 0.539062 0.648438
0 0.605469 0.650391 0.603516 0.652344 0.603516 0.658203 0.605469 0.660156 0.609375 0.660156 0.613281 0.656250 0.611328 0.654297 0.611328 0.652344 0.609375 0.650391
0 0.875000 0.664062 0.871094 0.667969 0.871094 0.677734 0.880859 0.687500 0.876953 0.691406 0.871094 0.691406 0.865234 0.697266 0.863281 0.708984 0.871094 0.716797 0.880859 0.716797 0.890625 0.708984 0.894531 0.701172 0.880859 0.685547 0.888672 0.675781 0.880859 0.666016
0 0.787109 0.673828 0.783203 0.669922 0.777344 0.669922 0.775391 0.671875 0.773438 0.671875 0.769531 0.675781 0.771484 0.677734 0.771484 0.679688 0.773438 0.681641 0.779297 0.681641 0.781250 0.679688 0.783203 0.679688 0.787109 0.675781
0 0.927734 0.667969 0.925781 0.669922 0.927734 0.671875 0.929688 0.671875 0.931641 0.669922 0.929688 0.667969
1 0.595703 0.677734 0.591797 0.681641 0.591797 0.683594 0.597656 0.689453 0.599609 0.689453 0.605469 0.695312 0.605469 0.697266 0.609375 0.701172 0.613281 0.697266 0.613281 0.687500 0.609375 0.683594 0.607422 0.683594 0.605469 0.681641 0.603516 0.681641 0.601562 0.679688
0 0.310547 0.679688 0.306641 0.679688 0.304688 0.681641 0.308594 0.685547 0.312500 0.681641
0 0.705078 0.681641 0.703125 0.681641 0.699219 0.685547 0.699219 0.687500 0.703125 0.691406 0.705078 0.689453 0.707031 0.689453 0.708984 0.687500 0.708984 0.685547
0 0.962891 0.681641 0.960938 0.683594 0.960938 0.685547 0.962891 0.687500 0.964844 0.687500 0.966797 0.685547 0.966797 0.683594 0.964844 0.681641
0 0.996094 0.679688 0.994141 0.681641 0.996094 0.683594 0.998047 0.683594 0.998047 0.679688
1 0.501953 0.683594 0.498047 0.683594 0.496094 0.685547 0.496094 0.687500 0.492188 0.691406 0.492188 0.693359 0.494141 0.695312 0.496094 0.695312 0.503906 0.687500 0.503906 0.685547
0 0.576172 0.687500 0.572266 0.691406 0.572266 0.695312 0.576172 0.699219 0.578125 0.699219 0.582031 0.695312 0.582031 0.691406 0.578125 0.687500
0 0.457031 0.699219 0.455078 0.697266 0.453125 0.697266 0.449219 0.701172 0.451172 0.703125 0.453125 0.701172 0.455078 0.701172
0 0.519531 0.703125 0.515625 0.699219 0.511719 0.703125 0.513672 0.705078 0.517578 0.705078
0 0.718750 0.703125 0.716797 0.705078 0.716797 0.708984 0.718750 0.710938 0.720703 0.710938 0.724609 0.707031 0.720703 0.703125
0 0.800781 0.705078 0.798828 0.707031 0.802734 0.710938 0.804688 0.708984 0.804688 0.707031 0.802734 0.705078
0 0.435547 0.707031 0.433594 0.708984 0.433594 0.710938 0.439453 0.716797 0.441406 0.714844 0.441406 0.710938 0.437500 0.707031
1 0.724609 0.726562 0.718750 0.724609 0.714844 0.728516 0.703125 0.718750 0.691406 0.726562 0.683594 0.720703 0.681641 0.712891 0.675781 0.707031 0.671875 0.707031 0.660156 0.728516 0.660156 0.744141 0.656250 0.748047 0.648438 0.746094 0.644531 0.742188 0.646484 0.734375 0.638672 0.728516 0.634766 0.732422 0.634766 0.738281 0.644531 0.748047 0.634766 0.753906 0.625000 0.744141 0.623047 0.746094 0.626953 0.750000 0.625000 0.755859 0.642578 0.765625 0.648438 0.765625 0.656250 0.775391 0.664062 0.769531 0.679688 0.765625 0.693359 0.757812 0.708984 0.742188 0.710938 0.734375 0.714844 0.730469 0.720703 0.734375
0 0.562500 0.714844 0.560547 0.716797 0.560547 0.718750 0.562500 0.720703 0.564453 0.718750 0.564453 0.716797
1 0.619141 0.722656 0.617188 0.722656 0.613281 0.726562 0.613281 0.728516 0.611328 0.730469 0.611328 0.732422 0.613281 0.734375 0.615234 0.734375 0.617188 0.732422 0.617188 0.728516 0.621094 0.724609
1 0.742188 0.726562 0.742188 0.730469 0.748047 0.740234 0.757812 0.740234 0.761719 0.736328 0.765625 0.736328 0.769531 0.738281 0.773438 0.734375 0.773438 0.730469 0.769531 0.726562 0.763672 0.730469 0.761719 0.730469 0.755859 0.724609 0.750000 0.724609 0.748047 0.722656 0.746094 0.722656
0 0.947266 0.724609 0.945312 0.724609 0.943359 0.726562 0.943359 0.730469 0.945312 0.732422 0.947266 0.730469 0.947266 0.728516 0.949219 0.726562
0 0.542969 0.726562 0.539062 0.726562 0.535156 0.730469 0.535156 0.732422 0.539062 0.736328 0.541016 0.736328 0.542969 0.734375 0.544922 0.734375 0.546875 0.732422 0.546875 0.730469
0 0.800781 0.734375 0.796875 0.734375 0.792969 0.738281 0.792969 0.740234 0.791016 0.742188 0.792969 0.744141 0.794922 0.744141 0.796875 0.746094 0.798828 0.746094 0.804688 0.740234 0.802734 0.738281 0.802734 0.736328
0 0.427734 0.738281 0.425781 0.740234 0.425781 0.742188 0.427734 0.744141 0.427734 0.746094 0.429688 0.748047 0.431641 0.748047 0.435547 0.744141 0.435547 0.742188 0.431641 0.738281
0 0.982422 0.740234 0.980469 0.742188 0.978516 0.742188 0.976562 0.744141 0.982422 0.750000 0.984375 0.748047 0.984375 0.742188
0 0.560547 0.748047 0.556641 0.751953 0.556641 0.753906 0.558594 0.755859 0.564453 0.755859 0.568359 0.751953 0.564453 0.748047
0 0.771484 0.746094 0.759766 0.750000 0.748047 0.763672 0.759766 0.775391 0.761719 0.775391 0.767578 0.767578 0.773438 0.767578 0.781250 0.761719 0.781250 0.753906
0 0.576172 0.761719 0.578125 0.771484 0.585938 0.779297 0.587891 0.779297 0.589844 0.781250 0.595703 0.781250 0.597656 0.779297 0.599609 0.779297 0.605469 0.773438 0.603516 0.771484 0.603516 0.769531 0.597656 0.763672 0.595703 0.763672 0.585938 0.757812 0.580078 0.757812
0 0.378906 0.763672 0.376953 0.765625 0.378906 0.767578 0.380859 0.765625
0 0.474609 0.765625 0.472656 0.767578 0.472656 0.769531 0.476562 0.773438 0.478516 0.771484 0.478516 0.767578 0.476562 0.765625
0 0.521484 0.765625 0.517578 0.769531 0.517578 0.775391 0.521484 0.779297 0.523438 0.779297 0.525391 0.781250 0.529297 0.781250 0.535156 0.775391 0.535156 0.771484 0.529297 0.765625
0 0.865234 0.765625 0.861328 0.765625 0.859375 0.767578 0.863281 0.771484 0.867188 0.767578
0 0.902344 0.765625 0.900391 0.767578 0.900391 0.769531 0.902344 0.771484 0.906250 0.771484 0.908203 0.769531 0.908203 0.767578 0.906250 0.765625
0 0.423828 0.789062 0.419922 0.802734 0.443359 0.820312 0.464844 0.814453 0.484375 0.832031 0.496094 0.830078 0.501953 0.822266 0.492188 0.794922 0.478516 0.789062 0.464844 0.775391 0.455078 0.775391 0.445312 0.781250 0.431641 0.781250
0 0.570312 0.773438 0.566406 0.777344 0.570312 0.781250 0.572266 0.781250 0.574219 0.779297 0.574219 0.777344
0 0.625000 0.781250 0.626953 0.812500 0.623047 0.820312 0.632812 0.826172 0.626953 0.839844 0.630859 0.847656 0.642578 0.845703 0.666016 0.818359 0.683594 0.820312 0.693359 0.826172 0.685547 0.818359 0.683594 0.804688 0.675781 0.798828 0.667969 0.802734 0.656250 0.798828 0.644531 0.777344 0.636719 0.775391
0 0.703125 0.777344 0.701172 0.779297 0.701172 0.781250 0.699219 0.783203 0.705078 0.789062 0.710938 0.783203 0.705078 0.777344
1 0.781250 0.781250 0.777344 0.785156 0.777344 0.789062 0.783203 0.791016 0.789062 0.796875 0.796875 0.810547 0.796875 0.814453 0.804688 0.822266 0.814453 0.820312 0.818359 0.812500 0.808594 0.798828 0.794922 0.789062 0.791016 0.789062
0 0.837891 0.781250 0.835938 0.783203 0.837891 0.785156 0.839844 0.785156 0.841797 0.783203 0.839844 0.781250
0 0.966797 0.787109 0.964844 0.789062 0.966797 0.791016 0.968750 0.789062
0 0.773438 0.798828 0.761719 0.798828 0.753906 0.806641 0.755859 0.812500 0.761719 0.816406 0.767578 0.816406 0.773438 0.810547 0.773438 0.808594 0.775391 0.806641 0.775391 0.800781
0 0.851562 0.800781 0.849609 0.802734 0.851562 0.804688 0.853516 0.804688 0.855469 0.802734 0.853516 0.800781
0 0.416016 0.820312 0.412109 0.824219 0.412109 0.830078 0.416016 0.833984 0.419922 0.833984 0.421875 0.832031 0.421875 0.830078 0.423828 0.828125 0.423828 0.826172 0.417969 0.820312
0 0.582031 0.835938 0.580078 0.837891 0.580078 0.841797 0.582031 0.843750 0.582031 0.847656 0.587891 0.853516 0.589844 0.851562 0.591797 0.851562 0.593750 0.849609 0.593750 0.843750 0.587891 0.837891 0.585938 0.837891 0.583984 0.835938
0 0.779297 0.839844 0.773438 0.845703 0.779297 0.851562 0.781250 0.851562 0.785156 0.847656 0.785156 0.843750 0.781250 0.839844
0 0.517578 0.843750 0.515625 0.845703 0.515625 0.847656 0.517578 0.849609 0.519531 0.847656 0.519531 0.845703
1 0.562500 0.859375 0.558594 0.857422 0.554688 0.861328 0.546875 0.855469 0.542969 0.847656 0.535156 0.847656 0.531250 0.859375 0.519531 0.869141 0.519531 0.873047 0.500000 0.886719 0.500000 0.894531 0.507812 0.902344 0.515625 0.900391 0.529297 0.882812 0.541016 0.878906 0.554688 0.863281 0.560547 0.865234
0 0.644531 0.859375 0.640625 0.859375 0.636719 0.863281 0.636719 0.869141 0.640625 0.873047 0.642578 0.873047 0.648438 0.867188 0.648438 0.863281
0 0.857422 0.861328 0.851562 0.867188 0.851562 0.869141 0.853516 0.871094 0.853516 0.875000 0.863281 0.882812 0.873047 0.882812 0.875000 0.880859 0.875000 0.875000 0.867188 0.867188 0.865234 0.869141
0 0.960938 0.861328 0.958984 0.863281 0.960938 0.865234 0.962891 0.863281
0 0.441406 0.876953 0.437500 0.880859 0.437500 0.882812 0.439453 0.884766 0.445312 0.884766 0.447266 0.886719 0.449219 0.884766 0.449219 0.880859 0.447266 0.878906 0.445312 0.878906 0.443359 0.876953
0 0.900391 0.875000 0.894531 0.880859 0.894531 0.886719 0.896484 0.888672 0.900391 0.888672 0.904297 0.884766 0.904297 0.878906
0 0.417969 0.884766 0.414062 0.888672 0.414062 0.890625 0.419922 0.896484 0.421875 0.896484 0.423828 0.894531 0.423828 0.888672 0.419922 0.884766
0 0.576172 0.884766 0.574219 0.886719 0.574219 0.888672 0.576172 0.890625 0.580078 0.890625 0.582031 0.892578 0.583984 0.890625 0.583984 0.886719 0.582031 0.884766
0 0.404297 0.886719 0.400391 0.890625 0.404297 0.894531 0.408203 0.890625
0 0.832031 0.886719 0.826172 0.890625 0.826172 0.892578 0.824219 0.894531 0.824219 0.898438 0.828125 0.904297 0.830078 0.904297 0.832031 0.906250 0.835938 0.906250 0.843750 0.898438 0.843750 0.892578 0.839844 0.888672 0.837891 0.888672 0.835938 0.886719
0 0.384766 0.892578 0.380859 0.892578 0.378906 0.894531 0.378906 0.896484 0.380859 0.898438 0.382812 0.898438 0.386719 0.894531
0 0.873047 0.908203 0.869141 0.912109 0.869141 0.914062 0.873047 0.917969 0.875000 0.917969 0.878906 0.914062 0.878906 0.912109 0.876953 0.910156 0.875000 0.910156
1 0.998047 0.910156 0.994141 0.914062 0.994141 0.917969 0.998047 0.921875
1 0.802734 0.923828 0.794922 0.923828 0.791016 0.927734 0.789062 0.945312 0.785156 0.949219 0.779297 0.949219 0.777344 0.951172 0.777344 0.958984 0.781250 0.966797 0.787109 0.972656 0.791016 0.972656 0.796875 0.966797 0.796875 0.953125 0.802734 0.947266 0.808594 0.935547 0.808594 0.929688
0 0.837891 0.923828 0.835938 0.925781 0.837891 0.927734 0.839844 0.927734 0.841797 0.925781 0.839844 0.923828
0 0.773438 0.925781 0.769531 0.929688 0.769531 0.931641 0.773438 0.935547 0.777344 0.935547 0.779297 0.933594 0.779297 0.929688 0.775391 0.925781
0 0.994141 0.933594 0.984375 0.935547 0.980469 0.941406 0.968750 0.951172 0.966797 0.957031 0.968750 0.968750 0.980469 0.976562 0.992188 0.976562 0.996094 0.972656 0.994141 0.968750 0.996094 0.966797 0.992188 0.958984 0.994141 0.957031 0.992188 0.951172 0.998047 0.937500
0 0.853516 0.941406 0.849609 0.945312 0.853516 0.949219 0.855469 0.949219 0.857422 0.947266 0.857422 0.945312
1 0.820312 0.958984 0.818359 0.957031 0.816406 0.958984 0.814453 0.958984 0.808594 0.964844 0.810547 0.966797 0.814453 0.966797 0.820312 0.960938
0 0.501953 0.966797 0.500000 0.968750 0.501953 0.970703 0.503906 0.968750
0 0.566406 0.966797 0.564453 0.966797 0.560547 0.970703 0.560547 0.972656 0.562500 0.974609 0.564453 0.974609 0.568359 0.970703 0.568359 0.968750
0 0.535156 0.970703 0.531250 0.974609 0.531250 0.978516 0.535156 0.982422 0.539062 0.982422 0.542969 0.978516 0.542969 0.976562 0.537109 0.970703
0 0.750000 0.970703 0.748047 0.972656 0.750000 0.974609 0.751953 0.974609 0.753906 0.972656 0.751953 0.970703
0 0.806641 0.976562 0.802734 0.976562 0.796875 0.982422 0.796875 0.990234 0.804688 0.998047 0.812500 0.990234 0.812500 0.982422
1 0.496094 0.998047 0.519531 0.998047 0.517578 0.996094 0.515625 0.996094 0.513672 0.994141 0.511719 0.994141 0.505859 0.990234 0.503906 0.990234 0.501953 0.992188 0.500000 0.992188
1 0.578125 0.998047 0.597656 0.998047 0.589844 0.990234 0.585938 0.990234
0 0.751953 0.998047 0.748047 0.994141 0.744141 0.998047
0 0.822266 0.994141 0.822266 0.998047 0.830078 0.998047 0.828125 0.996094 0.828125 0.994141 0.826172 0.992188 0.824219 0.992188
1 0.681641 0.998047 0.689453 0.998047 0.687500 0.996094 0.683594 0.996094
