0 0.730469 0.042969 0.724609 0.048828 0.724609 0.050781 0.726562 0.052734 0.726562 0.054688 0.728516 0.056641 0.734375 0.056641 0.740234 0.050781 0.740234 0.048828 0.734375 0.042969
1 0.087891 0.070312 0.060547 0.111328 0.000000 0.101562 0.037109 0.125000 0.000000 0.158203 0.000000 0.244141 0.068359 0.183594 0.154297 0.251953 0.087891 0.259766 0.044922 0.224609 0.009766 0.269531 0.035156 0.302734 0.000000 0.316406 0.000000 0.367188 0.044922 0.353516 0.003906 0.380859 0.000000 0.443359 0.076172 0.476562 0.015625 0.560547 0.070312 0.580078 0.066406 0.695312 0.134766 0.583984 0.203125 0.597656 0.210938 0.695312 0.142578 0.751953 0.160156 0.783203 0.230469 0.738281 0.271484 0.755859 0.210938 0.869141 0.224609 0.949219 0.263672 0.869141 0.400391 0.865234 0.355469 0.812500 0.271484 0.847656 0.285156 0.787109 0.410156 0.789062 0.365234 0.708984 0.238281 0.693359 0.208984 0.582031 0.261719 0.494141 0.212891 0.425781 0.125000 0.417969 0.085938 0.347656 0.199219 0.298828 0.062500 0.160156 0.087891 0.083984 0.148438 0.087891
0 0.162109 0.087891 0.160156 0.089844 0.162109 0.091797 0.164062 0.091797 0.166016 0.089844 0.164062 0.087891
0 0.177734 0.091797 0.175781 0.093750 0.179688 0.097656 0.181641 0.097656 0.183594 0.095703 0.179688 0.091797
0 0.199219 0.109375 0.197266 0.111328 0.197266 0.115234 0.191406 0.121094 0.189453 0.119141 0.185547 0.119141 0.179688 0.125000 0.179688 0.126953 0.187500 0.134766 0.193359 0.134766 0.197266 0.128906 0.197266 0.125000 0.201172 0.119141 0.201172 0.111328
0 0.917969 0.130859 0.914062 0.134766 0.914062 0.136719 0.917969 0.140625 0.917969 0.142578 0.919922 0.144531 0.921875 0.144531 0.923828 0.146484 0.925781 0.144531 0.925781 0.142578 0.927734 0.140625 0.927734 0.134766 0.923828 0.130859
0 0.972656 0.154297 0.970703 0.156250 0.972656 0.158203 0.974609 0.156250
0 0.878906 0.179688 0.875000 0.183594 0.875000 0.187500 0.876953 0.189453 0.880859 0.189453 0.882812 0.187500 0.882812 0.183594
1 0.068359 0.218750 0.072266 0.222656 0.078125 0.222656 0.080078 0.224609 0.082031 0.222656 0.083984 0.222656 0.085938 0.224609 0.087891 0.222656 0.085938 0.220703 0.083984 0.222656 0.082031 0.222656 0.076172 0.216797 0.070312 0.216797
0 0.796875 0.216797 0.792969 0.220703 0.792969 0.224609 0.796875 0.228516 0.804688 0.228516 0.806641 0.226562 0.806641 0.220703 0.802734 0.216797
0 0.824219 0.267578 0.820312 0.271484 0.820312 0.273438 0.826172 0.279297 0.830078 0.275391 0.830078 0.271484 0.826172 0.267578
0 0.617188 0.277344 0.623047 0.283203 0.628906 0.283203 0.630859 0.281250 0.630859 0.279297 0.625000 0.273438 0.621094 0.273438
0 0.712891 0.277344 0.710938 0.279297 0.712891 0.281250 0.714844 0.281250 0.716797 0.279297 0.714844 0.277344
0 0.232422 0.281250 0.230469 0.281250 0.228516 0.283203 0.228516 0.285156 0.230469 0.287109 0.234375 0.283203
0 0.646484 0.283203 0.642578 0.287109 0.642578 0.289062 0.644531 0.291016 0.648438 0.291016 0.650391 0.289062 0.650391 0.287109
0 0.609375 0.289062 0.605469 0.292969 0.609375 0.296875 0.613281 0.292969
0 0.753906 0.296875 0.750000 0.300781 0.753906 0.304688 0.755859 0.304688 0.757812 0.302734 0.757812 0.298828 0.755859 0.296875
0 0.994141 0.300781 0.988281 0.306641 0.988281 0.310547 0.986328 0.312500 0.986328 0.314453 0.990234 0.318359 0.990234 0.320312 0.992188 0.322266 0.994141 0.322266 0.996094 0.324219 0.998047 0.324219 0.998047 0.300781
0 0.203125 0.308594 0.199219 0.312500 0.199219 0.314453 0.203125 0.318359 0.205078 0.316406 0.205078 0.314453 0.207031 0.312500
0 0.867188 0.310547 0.865234 0.312500 0.865234 0.316406 0.867188 0.318359 0.869141 0.318359 0.873047 0.314453 0.869141 0.310547
0 0.681641 0.332031 0.679688 0.333984 0.683594 0.337891 0.685547 0.335938 0.685547 0.333984 0.683594 0.332031
0 0.505859 0.349609 0.503906 0.351562 0.503906 0.357422 0.507812 0.361328 0.509766 0.361328 0.513672 0.357422 0.513672 0.355469 0.515625 0.353516 0.511719 0.349609
0 0.716797 0.353516 0.714844 0.355469 0.712891 0.355469 0.710938 0.357422 0.710938 0.359375 0.714844 0.363281 0.716797 0.361328 0.718750 0.361328 0.720703 0.359375 0.718750 0.357422 0.718750 0.355469
0 0.835938 0.363281 0.841797 0.369141 0.847656 0.369141 0.851562 0.365234 0.845703 0.359375 0.839844 0.359375
0 0.287109 0.363281 0.283203 0.367188 0.283203 0.369141 0.287109 0.373047 0.289062 0.373047 0.291016 0.371094 0.291016 0.365234 0.289062 0.363281
0 0.210938 0.371094 0.207031 0.371094 0.205078 0.373047 0.205078 0.375000 0.208984 0.378906 0.212891 0.375000 0.212891 0.373047
0 0.865234 0.371094 0.863281 0.373047 0.861328 0.373047 0.857422 0.376953 0.857422 0.382812 0.855469 0.384766 0.857422 0.386719 0.857422 0.388672 0.861328 0.392578 0.873047 0.392578 0.878906 0.386719 0.878906 0.378906 0.875000 0.373047 0.869141 0.373047 0.867188 0.371094
0 0.966797 0.375000 0.962891 0.378906 0.966797 0.382812 0.968750 0.382812 0.972656 0.378906 0.968750 0.375000
0 0.669922 0.382812 0.667969 0.384766 0.667969 0.388672 0.671875 0.392578 0.675781 0.388672 0.675781 0.386719 0.671875 0.382812
0 0.558594 0.404297 0.554688 0.408203 0.554688 0.412109 0.558594 0.416016 0.560547 0.416016 0.564453 0.412109 0.564453 0.408203 0.560547 0.404297
0 0.601562 0.406250 0.599609 0.408203 0.597656 0.408203 0.591797 0.414062 0.591797 0.421875 0.593750 0.423828 0.593750 0.425781 0.599609 0.431641 0.603516 0.431641 0.605469 0.433594 0.607422 0.433594 0.617188 0.423828 0.617188 0.419922 0.615234 0.417969 0.615234 0.414062 0.609375 0.408203 0.607422 0.408203 0.605469 0.406250
0 0.218750 0.416016 0.214844 0.419922 0.216797 0.421875 0.218750 0.421875 0.220703 0.419922 0.220703 0.417969
0 0.460938 0.419922 0.453125 0.429688 0.453125 0.441406 0.451172 0.443359 0.453125 0.447266 0.451172 0.449219 0.457031 0.460938 0.464844 0.468750 0.476562 0.468750 0.482422 0.460938 0.482422 0.453125 0.478516 0.445312 0.478516 0.435547 0.476562 0.433594 0.478516 0.431641 0.468750 0.419922
0 0.818359 0.427734 0.814453 0.431641 0.818359 0.435547 0.820312 0.433594 0.820312 0.429688
0 0.796875 0.429688 0.794922 0.431641 0.796875 0.433594 0.798828 0.433594 0.800781 0.431641 0.798828 0.429688
0 0.425781 0.439453 0.421875 0.443359 0.425781 0.447266 0.429688 0.443359
0 0.335938 0.464844 0.332031 0.468750 0.332031 0.470703 0.335938 0.474609 0.339844 0.474609 0.341797 0.472656 0.341797 0.466797 0.339844 0.464844
0 0.601562 0.474609 0.597656 0.478516 0.601562 0.482422 0.605469 0.482422 0.607422 0.480469 0.607422 0.478516 0.605469 0.476562 0.603516 0.476562
0 0.351562 0.484375 0.349609 0.486328 0.349609 0.488281 0.347656 0.490234 0.351562 0.494141 0.355469 0.494141 0.357422 0.492188 0.357422 0.488281 0.353516 0.484375
0 0.291016 0.490234 0.287109 0.494141 0.287109 0.498047 0.289062 0.500000 0.291016 0.500000 0.294922 0.496094 0.294922 0.494141
0 0.693359 0.494141 0.687500 0.500000 0.687500 0.501953 0.689453 0.503906 0.689453 0.505859 0.693359 0.509766 0.695312 0.509766 0.697266 0.511719 0.701172 0.511719 0.705078 0.507812 0.705078 0.503906 0.703125 0.501953 0.703125 0.500000 0.699219 0.496094 0.697266 0.496094 0.695312 0.494141
0 0.488281 0.500000 0.484375 0.500000 0.482422 0.501953 0.482422 0.505859 0.486328 0.509766 0.492188 0.503906
1 0.589844 0.503906 0.589844 0.507812 0.593750 0.511719 0.595703 0.511719 0.597656 0.509766 0.601562 0.509766 0.609375 0.517578 0.615234 0.517578 0.617188 0.515625 0.617188 0.507812 0.613281 0.503906 0.607422 0.503906 0.605469 0.505859 0.597656 0.500000 0.593750 0.500000
0 0.449219 0.525391 0.441406 0.533203 0.443359 0.554688 0.453125 0.562500 0.457031 0.560547 0.468750 0.566406 0.478516 0.564453 0.490234 0.578125 0.494141 0.578125 0.498047 0.574219 0.498047 0.566406 0.484375 0.552734 0.476562 0.537109 0.476562 0.531250 0.480469 0.527344 0.478516 0.519531 0.472656 0.515625 0.462891 0.527344
0 0.947266 0.533203 0.943359 0.537109 0.943359 0.539062 0.949219 0.544922 0.951172 0.544922 0.955078 0.541016 0.955078 0.537109 0.951172 0.533203
0 0.556641 0.544922 0.554688 0.546875 0.554688 0.550781 0.558594 0.554688 0.560547 0.554688 0.564453 0.550781 0.564453 0.548828 0.560547 0.544922
0 0.634766 0.578125 0.632812 0.576172 0.628906 0.576172 0.625000 0.580078 0.625000 0.582031 0.626953 0.583984 0.628906 0.582031 0.630859 0.582031
0 0.662109 0.580078 0.660156 0.582031 0.660156 0.585938 0.658203 0.587891 0.658203 0.589844 0.660156 0.591797 0.662109 0.591797 0.664062 0.593750 0.667969 0.589844 0.667969 0.583984 0.664062 0.580078
0 0.462891 0.583984 0.460938 0.585938 0.462891 0.587891 0.464844 0.585938
1 0.505859 0.583984 0.501953 0.583984 0.496094 0.589844 0.498047 0.597656 0.488281 0.607422 0.490234 0.613281 0.494141 0.617188 0.498047 0.617188 0.503906 0.611328 0.503906 0.607422 0.513672 0.597656 0.513672 0.589844
0 0.523438 0.603516 0.521484 0.603516 0.519531 0.605469 0.517578 0.605469 0.515625 0.607422 0.517578 0.609375 0.515625 0.611328 0.515625 0.613281 0.517578 0.615234 0.517578 0.617188 0.511719 0.623047 0.511719 0.626953 0.515625 0.630859 0.517578 0.630859 0.519531 0.628906 0.521484 0.628906 0.523438 0.626953 0.525391 0.628906 0.527344 0.626953 0.529297 0.628906 0.531250 0.626953 0.531250 0.625000 0.533203 0.623047 0.531250 0.621094 0.529297 0.621094 0.527344 0.623047 0.523438 0.623047 0.519531 0.619141 0.521484 0.617188 0.521484 0.615234 0.525391 0.611328 0.525391 0.609375 0.527344 0.607422
0 0.601562 0.601562 0.597656 0.607422 0.597656 0.615234 0.601562 0.619141 0.607422 0.619141 0.611328 0.615234 0.611328 0.611328 0.613281 0.609375 0.611328 0.607422 0.611328 0.605469 0.607422 0.601562 0.605469 0.601562 0.603516 0.603516
0 0.328125 0.611328 0.324219 0.615234 0.328125 0.619141 0.332031 0.615234
1 0.453125 0.613281 0.451172 0.615234 0.451172 0.619141 0.455078 0.623047 0.453125 0.625000 0.453125 0.628906 0.457031 0.632812 0.458984 0.630859 0.458984 0.626953 0.453125 0.621094 0.457031 0.617188
0 0.789062 0.619141 0.785156 0.623047 0.785156 0.626953 0.787109 0.628906 0.789062 0.628906 0.792969 0.625000 0.792969 0.623047
0 0.359375 0.625000 0.353516 0.630859 0.353516 0.634766 0.359375 0.640625 0.361328 0.640625 0.367188 0.634766 0.365234 0.632812 0.365234 0.628906 0.363281 0.626953 0.361328 0.626953
0 0.585938 0.636719 0.583984 0.638672 0.585938 0.640625 0.587891 0.638672
0 0.630859 0.636719 0.628906 0.638672 0.632812 0.642578 0.634766 0.640625 0.634766 0.638672 0.632812 0.636719
0 0.718750 0.644531 0.716797 0.646484 0.718750 0.648438 0.720703 0.648438 0.722656 0.646484 0.720703 0.644531
0 0.496094 0.652344 0.490234 0.658203 0.492188 0.660156 0.492188 0.662109 0.494141 0.664062 0.496094 0.664062 0.500000 0.660156 0.500000 0.656250
0 0.515625 0.662109 0.511719 0.666016 0.511719 0.667969 0.509766 0.669922 0.511719 0.671875 0.509766 0.673828 0.513672 0.677734 0.521484 0.677734 0.523438 0.675781 0.523438 0.667969 0.521484 0.666016 0.521484 0.664062 0.519531 0.662109
0 0.324219 0.664062 0.320312 0.664062 0.314453 0.669922 0.316406 0.671875 0.316406 0.673828 0.320312 0.677734 0.322266 0.677734 0.324219 0.675781 0.326172 0.675781 0.328125 0.673828 0.328125 0.667969
1 0.666016 0.667969 0.669922 0.671875 0.669922 0.673828 0.671875 0.675781 0.673828 0.675781 0.677734 0.679688 0.679688 0.679688 0.683594 0.675781 0.679688 0.671875 0.675781 0.671875 0.669922 0.666016 0.667969 0.666016
0 0.648438 0.669922 0.644531 0.669922 0.642578 0.671875 0.642578 0.673828 0.646484 0.677734 0.650391 0.673828 0.650391 0.671875
0 0.755859 0.673828 0.751953 0.677734 0.755859 0.681641 0.759766 0.677734
0 0.658203 0.679688 0.654297 0.685547 0.654297 0.693359 0.658203 0.699219 0.664062 0.699219 0.667969 0.695312 0.667969 0.693359 0.669922 0.691406 0.669922 0.685547 0.664062 0.679688
0 0.423828 0.695312 0.417969 0.695312 0.414062 0.703125 0.402344 0.712891 0.384766 0.705078 0.378906 0.710938 0.384766 0.718750 0.392578 0.722656 0.392578 0.736328 0.396484 0.744141 0.408203 0.751953 0.417969 0.750000 0.429688 0.732422 0.427734 0.720703 0.417969 0.710938 0.425781 0.703125
0 0.607422 0.720703 0.601562 0.726562 0.601562 0.728516 0.607422 0.734375 0.613281 0.734375 0.617188 0.730469 0.617188 0.726562 0.611328 0.720703
0 0.697266 0.720703 0.695312 0.722656 0.695312 0.728516 0.697266 0.730469 0.697266 0.732422 0.701172 0.736328 0.705078 0.732422 0.705078 0.730469 0.703125 0.728516 0.703125 0.724609 0.699219 0.720703
0 0.812500 0.718750 0.806641 0.726562 0.806641 0.732422 0.808594 0.734375 0.810547 0.742188 0.816406 0.746094 0.824219 0.746094 0.826172 0.748047 0.830078 0.746094 0.837891 0.738281 0.837891 0.728516 0.835938 0.724609 0.826172 0.718750
0 0.556641 0.722656 0.554688 0.722656 0.552734 0.724609 0.550781 0.724609 0.544922 0.730469 0.544922 0.738281 0.548828 0.742188 0.552734 0.742188 0.554688 0.740234 0.556641 0.740234 0.560547 0.736328 0.560547 0.734375 0.562500 0.732422 0.562500 0.728516
0 0.716797 0.757812 0.710938 0.751953 0.708984 0.753906 0.707031 0.753906 0.703125 0.757812 0.703125 0.759766 0.701172 0.761719 0.703125 0.763672 0.712891 0.763672 0.716797 0.759766
0 0.837891 0.751953 0.832031 0.755859 0.832031 0.761719 0.830078 0.763672 0.832031 0.765625 0.832031 0.771484 0.828125 0.779297 0.828125 0.787109 0.830078 0.791016 0.839844 0.798828 0.847656 0.798828 0.861328 0.789062 0.855469 0.783203 0.855469 0.767578 0.851562 0.757812 0.843750 0.751953
0 0.537109 0.765625 0.533203 0.769531 0.533203 0.771484 0.535156 0.773438 0.537109 0.773438 0.539062 0.775391 0.542969 0.771484 0.542969 0.769531 0.539062 0.765625
0 0.585938 0.771484 0.583984 0.773438 0.583984 0.785156 0.587891 0.789062 0.591797 0.789062 0.595703 0.785156 0.595703 0.775391 0.591797 0.771484
0 0.933594 0.769531 0.931641 0.771484 0.935547 0.775391 0.937500 0.773438 0.937500 0.771484 0.935547 0.769531
0 0.615234 0.792969 0.611328 0.796875 0.611328 0.800781 0.609375 0.802734 0.609375 0.806641 0.613281 0.812500 0.621094 0.812500 0.623047 0.810547 0.623047 0.808594 0.626953 0.804688 0.626953 0.796875 0.623047 0.792969
1 0.818359 0.800781 0.808594 0.792969 0.798828 0.792969 0.791016 0.806641 0.775391 0.820312 0.759766 0.808594 0.753906 0.810547 0.740234 0.826172 0.742188 0.833984 0.748047 0.841797 0.751953 0.841797 0.759766 0.835938 0.767578 0.835938 0.777344 0.824219 0.783203 0.828125 0.808594 0.826172 0.818359 0.816406
1 0.517578 0.810547 0.503906 0.796875 0.496094 0.804688 0.498047 0.818359 0.490234 0.832031 0.439453 0.837891 0.416016 0.855469 0.429688 0.861328 0.468750 0.861328 0.515625 0.833984
1 0.572266 0.800781 0.566406 0.806641 0.570312 0.822266 0.564453 0.828125 0.554688 0.826172 0.539062 0.830078 0.535156 0.833984 0.533203 0.841797 0.541016 0.869141 0.556641 0.861328 0.570312 0.845703 0.578125 0.845703 0.587891 0.837891 0.589844 0.812500
0 0.414062 0.804688 0.412109 0.806641 0.412109 0.808594 0.410156 0.810547 0.412109 0.812500 0.412109 0.814453 0.414062 0.816406 0.417969 0.816406 0.419922 0.814453 0.421875 0.814453 0.423828 0.812500 0.423828 0.806641 0.421875 0.804688
0 0.691406 0.812500 0.687500 0.816406 0.691406 0.820312 0.695312 0.816406
1 0.982422 0.837891 0.978516 0.832031 0.974609 0.830078 0.968750 0.830078 0.962891 0.835938 0.951172 0.833984 0.947266 0.837891 0.945312 0.845703 0.949219 0.849609 0.955078 0.849609 0.958984 0.845703 0.964844 0.845703 0.968750 0.849609 0.976562 0.849609 0.982422 0.843750
0 0.794922 0.837891 0.791016 0.841797 0.791016 0.843750 0.794922 0.847656 0.798828 0.847656 0.802734 0.843750 0.802734 0.841797 0.798828 0.837891
1 0.750000 0.857422 0.728516 0.845703 0.720703 0.865234 0.708984 0.855469 0.699219 0.859375 0.697266 0.843750 0.687500 0.841797 0.679688 0.859375 0.642578 0.876953 0.638672 0.906250 0.625000 0.898438 0.589844 0.904297 0.572266 0.886719 0.566406 0.898438 0.583984 0.908203 0.566406 0.933594 0.539062 0.931641 0.523438 0.947266 0.519531 0.964844 0.537109 0.972656 0.574219 0.960938 0.595703 0.998047 0.605469 0.998047 0.593750 0.939453 0.617188 0.923828 0.656250 0.927734 0.658203 0.904297 0.695312 0.888672 0.703125 0.894531 0.685547 0.904297 0.687500 0.919922 0.699219 0.931641 0.718750 0.929688 0.726562 0.912109 0.707031 0.896484 0.726562 0.867188 0.746094 0.865234
0 0.828125 0.845703 0.826172 0.845703 0.822266 0.849609 0.820312 0.849609 0.816406 0.853516 0.818359 0.855469 0.816406 0.857422 0.822266 0.863281 0.826172 0.863281 0.833984 0.855469 0.833984 0.853516 0.832031 0.851562 0.832031 0.849609
0 0.845703 0.843750 0.839844 0.849609 0.839844 0.853516 0.841797 0.855469 0.841797 0.857422 0.847656 0.863281 0.851562 0.863281 0.857422 0.857422 0.857422 0.851562 0.853516 0.845703 0.851562 0.845703 0.849609 0.843750
0 0.648438 0.849609 0.646484 0.851562 0.646484 0.853516 0.648438 0.855469 0.650391 0.853516 0.650391 0.851562
0 0.960938 0.857422 0.953125 0.865234 0.953125 0.876953 0.960938 0.884766 0.968750 0.888672 0.978516 0.888672 0.982422 0.884766 0.982422 0.880859 0.984375 0.878906 0.982422 0.865234 0.990234 0.859375 0.986328 0.857422 0.982422 0.861328 0.976562 0.861328 0.968750 0.857422
0 0.546875 0.878906 0.542969 0.882812 0.542969 0.892578 0.548828 0.898438 0.552734 0.898438 0.558594 0.892578 0.558594 0.886719 0.556641 0.884766 0.556641 0.882812 0.552734 0.878906
0 0.822266 0.880859 0.818359 0.884766 0.822266 0.888672 0.826172 0.884766
0 0.843750 0.884766 0.837891 0.890625 0.837891 0.896484 0.839844 0.898438 0.839844 0.900391 0.849609 0.910156 0.853516 0.906250 0.857422 0.906250 0.861328 0.902344 0.861328 0.900391 0.863281 0.898438 0.863281 0.892578 0.857422 0.886719 0.855469 0.886719 0.853516 0.884766
1 0.890625 0.882812 0.886719 0.882812 0.882812 0.886719 0.882812 0.890625 0.886719 0.894531 0.886719 0.896484 0.876953 0.904297 0.876953 0.908203 0.882812 0.912109 0.884766 0.912109 0.888672 0.908203 0.888672 0.904297 0.886719 0.902344 0.886719 0.900391 0.896484 0.890625 0.896484 0.888672
1 0.523438 0.886719 0.517578 0.892578 0.517578 0.894531 0.523438 0.900391 0.523438 0.904297 0.519531 0.908203 0.519531 0.912109 0.525391 0.919922 0.533203 0.919922 0.539062 0.914062 0.539062 0.910156 0.537109 0.906250 0.527344 0.896484 0.527344 0.890625
0 0.943359 0.896484 0.939453 0.900391 0.943359 0.904297 0.947266 0.904297 0.949219 0.902344 0.949219 0.900391 0.947266 0.898438 0.945312 0.898438
0 0.787109 0.900391 0.783203 0.904297 0.783203 0.906250 0.785156 0.908203 0.785156 0.919922 0.783203 0.921875 0.785156 0.923828 0.791016 0.923828 0.792969 0.921875 0.800781 0.921875 0.802734 0.919922 0.800781 0.917969 0.800781 0.912109 0.798828 0.910156 0.798828 0.908203 0.792969 0.902344
0 0.914062 0.898438 0.912109 0.898438 0.908203 0.902344 0.908203 0.908203 0.910156 0.910156 0.914062 0.910156 0.917969 0.906250 0.917969 0.902344
0 0.996094 0.908203 0.988281 0.916016 0.992188 0.919922 0.994141 0.919922 0.998047 0.923828 0.998047 0.910156
0 0.849609 0.916016 0.847656 0.917969 0.849609 0.919922 0.851562 0.919922 0.853516 0.917969 0.851562 0.916016
0 0.826172 0.919922 0.816406 0.919922 0.812500 0.923828 0.810547 0.921875 0.804688 0.925781 0.804688 0.937500 0.810547 0.943359 0.818359 0.943359 0.832031 0.929688 0.832031 0.925781
1 0.888672 0.933594 0.884766 0.929688 0.871094 0.937500 0.869141 0.935547 0.859375 0.937500 0.849609 0.933594 0.835938 0.945312 0.832031 0.958984 0.837891 0.966797 0.845703 0.966797 0.851562 0.958984 0.849609 0.953125 0.857422 0.945312 0.867188 0.947266 0.875000 0.943359 0.884766 0.945312 0.888672 0.941406
0 0.751953 0.941406 0.746094 0.947266 0.746094 0.955078 0.750000 0.958984 0.751953 0.958984 0.757812 0.953125 0.757812 0.947266
0 0.937500 0.945312 0.935547 0.945312 0.931641 0.949219 0.931641 0.955078 0.935547 0.958984 0.937500 0.957031 0.939453 0.957031 0.941406 0.955078 0.941406 0.949219
0 0.953125 0.953125 0.951172 0.955078 0.949219 0.955078 0.945312 0.958984 0.945312 0.962891 0.947266 0.964844 0.947266 0.966797 0.953125 0.972656 0.958984 0.972656 0.964844 0.966797 0.964844 0.958984 0.958984 0.953125
0 0.701172 0.958984 0.697266 0.962891 0.697266 0.968750 0.701172 0.972656 0.707031 0.972656 0.710938 0.968750 0.710938 0.964844 0.707031 0.960938 0.703125 0.960938
0 0.916016 0.972656 0.914062 0.974609 0.916016 0.976562 0.917969 0.974609
0 0.517578 0.986328 0.511719 0.992188 0.515625 0.996094 0.513672 0.998047 0.517578 0.998047 0.515625 0.996094 0.521484 0.990234
1 0.705078 0.998047 0.732422 0.998047 0.728516 0.994141 0.728516 0.992188 0.722656 0.986328 0.714844 0.986328 0.712891 0.988281 0.710938 0.988281
0 0.898438 0.986328 0.896484 0.988281 0.898438 0.990234 0.900391 0.990234 0.902344 0.988281 0.900391 0.986328
1 0.757812 0.992188 0.757812 0.998047 0.779297 0.998047 0.773438 0.992188 0.763672 0.992188 0.761719 0.990234 0.759766 0.990234
0 0.863281 0.994141 0.859375 0.990234 0.855469 0.994141 0.855469 0.996094 0.853516 0.998047 0.863281 0.998047
0 0.464844 0.998047 0.458984 0.992188 0.453125 0.998047
0 0.890625 0.996094 0.888672 0.994141 0.886719 0.994141 0.882812 0.998047 0.888672 0.998047
1 0.580078 0.998047 0.585938 0.998047 0.583984 0.996094 0.582031 0.996094
