1 0.000000 0.033203 0.035156 0.085938 0.000000 0.142578 0.000000 0.392578 0.046875 0.328125 0.095703 0.351562 0.046875 0.441406 0.000000 0.414062 0.000000 0.591797 0.089844 0.603516 0.058594 0.708984 0.093750 0.796875 0.177734 0.750000 0.205078 0.824219 0.181641 0.902344 0.263672 0.880859 0.294922 0.921875 0.269531 0.998047 0.318359 0.998047 0.355469 0.908203 0.507812 0.882812 0.458984 0.841797 0.494141 0.771484 0.468750 0.742188 0.441406 0.826172 0.421875 0.789062 0.417969 0.857422 0.363281 0.882812 0.226562 0.822266 0.179688 0.722656 0.404297 0.535156 0.359375 0.523438 0.314453 0.572266 0.337891 0.537109 0.275391 0.529297 0.314453 0.494141 0.226562 0.525391 0.207031 0.482422 0.142578 0.478516 0.189453 0.367188 0.031250 0.275391 0.048828 0.089844
0 0.546875 0.078125 0.542969 0.082031 0.544922 0.083984 0.548828 0.080078
0 0.644531 0.105469 0.642578 0.107422 0.642578 0.109375 0.644531 0.111328 0.646484 0.111328 0.648438 0.109375
1 0.000000 0.111328 0.000000 0.128906 0.003906 0.125000 0.003906 0.123047 0.001953 0.121094 0.001953 0.113281
0 0.554688 0.134766 0.552734 0.136719 0.552734 0.138672 0.554688 0.140625 0.556641 0.140625 0.558594 0.138672 0.558594 0.136719 0.556641 0.134766
0 0.552734 0.201172 0.550781 0.203125 0.550781 0.205078 0.552734 0.207031 0.554688 0.205078 0.554688 0.203125
0 0.664062 0.250000 0.662109 0.251953 0.662109 0.253906 0.664062 0.255859 0.666016 0.253906 0.666016 0.251953
0 0.894531 0.251953 0.890625 0.255859 0.890625 0.257812 0.892578 0.259766 0.896484 0.259766 0.898438 0.257812 0.898438 0.255859
0 0.982422 0.251953 0.978516 0.255859 0.978516 0.259766 0.982422 0.263672 0.984375 0.263672 0.988281 0.259766 0.988281 0.255859 0.984375 0.251953
0 0.300781 0.265625 0.296875 0.269531 0.300781 0.273438 0.302734 0.273438 0.306641 0.269531 0.302734 0.265625
0 0.982422 0.277344 0.980469 0.279297 0.980469 0.281250 0.984375 0.285156 0.988281 0.281250 0.984375 0.277344
0 0.792969 0.287109 0.791016 0.287109 0.787109 0.291016 0.787109 0.294922 0.789062 0.296875 0.792969 0.296875 0.796875 0.292969 0.796875 0.291016
0 0.740234 0.289062 0.738281 0.291016 0.740234 0.292969 0.742188 0.291016
0 0.603516 0.318359 0.601562 0.320312 0.601562 0.322266 0.605469 0.326172 0.607422 0.326172 0.609375 0.324219 0.609375 0.320312 0.607422 0.318359
0 0.806641 0.320312 0.806641 0.322266 0.812500 0.328125 0.816406 0.328125 0.818359 0.326172 0.820312 0.326172 0.822266 0.324219 0.822266 0.322266 0.816406 0.316406 0.810547 0.316406
0 0.904297 0.320312 0.900391 0.316406 0.898438 0.316406 0.892578 0.320312 0.882812 0.320312 0.880859 0.322266 0.880859 0.328125 0.882812 0.330078 0.884766 0.330078 0.888672 0.333984 0.894531 0.335938 0.896484 0.333984 0.898438 0.333984 0.902344 0.330078 0.902344 0.328125 0.904297 0.326172
0 0.638672 0.322266 0.636719 0.324219 0.636719 0.328125 0.638672 0.330078 0.642578 0.330078 0.644531 0.328125 0.644531 0.326172 0.640625 0.322266
0 0.945312 0.324219 0.941406 0.328125 0.941406 0.330078 0.945312 0.333984 0.949219 0.330078 0.949219 0.328125
0 0.958984 0.330078 0.957031 0.332031 0.957031 0.335938 0.958984 0.337891 0.960938 0.337891 0.962891 0.335938 0.962891 0.332031 0.960938 0.330078
0 0.531250 0.333984 0.529297 0.335938 0.527344 0.335938 0.523438 0.339844 0.523438 0.343750 0.527344 0.347656 0.533203 0.347656 0.537109 0.343750 0.537109 0.339844
0 0.869141 0.332031 0.867188 0.333984 0.867188 0.335938 0.871094 0.339844 0.873047 0.337891 0.873047 0.333984 0.871094 0.332031
0 0.658203 0.339844 0.656250 0.341797 0.656250 0.345703 0.658203 0.347656 0.662109 0.347656 0.664062 0.345703 0.664062 0.341797 0.662109 0.339844
0 0.652344 0.361328 0.648438 0.365234 0.648438 0.367188 0.650391 0.369141 0.650391 0.371094 0.652344 0.373047 0.656250 0.373047 0.658203 0.371094 0.658203 0.369141 0.660156 0.367188 0.660156 0.365234 0.656250 0.361328
0 0.970703 0.363281 0.968750 0.363281 0.966797 0.365234 0.966797 0.369141 0.968750 0.371094 0.972656 0.367188 0.972656 0.365234
0 0.574219 0.367188 0.564453 0.375000 0.562500 0.378906 0.562500 0.388672 0.574219 0.398438 0.578125 0.400391 0.585938 0.400391 0.589844 0.398438 0.595703 0.390625 0.595703 0.382812 0.593750 0.380859 0.593750 0.376953 0.589844 0.371094 0.582031 0.367188
0 0.925781 0.369141 0.921875 0.373047 0.921875 0.378906 0.925781 0.382812 0.927734 0.382812 0.933594 0.376953 0.933594 0.375000 0.927734 0.369141
0 0.771484 0.378906 0.769531 0.380859 0.769531 0.388672 0.773438 0.392578 0.775391 0.392578 0.777344 0.394531 0.785156 0.394531 0.789062 0.390625 0.789062 0.384766 0.785156 0.378906 0.783203 0.378906 0.781250 0.376953 0.775391 0.376953 0.773438 0.378906
0 0.730469 0.384766 0.726562 0.388672 0.726562 0.392578 0.730469 0.396484 0.732422 0.396484 0.736328 0.392578 0.736328 0.388672 0.732422 0.384766
0 0.341797 0.386719 0.326172 0.402344 0.314453 0.402344 0.306641 0.410156 0.314453 0.429688 0.326172 0.433594 0.330078 0.429688 0.333984 0.433594 0.314453 0.462891 0.314453 0.470703 0.322266 0.478516 0.335938 0.470703 0.339844 0.449219 0.359375 0.433594 0.361328 0.414062 0.349609 0.392578
0 0.810547 0.394531 0.806641 0.398438 0.806641 0.400391 0.808594 0.402344 0.808594 0.404297 0.810547 0.406250 0.812500 0.406250 0.816406 0.402344 0.816406 0.398438 0.812500 0.394531
0 0.775391 0.400391 0.769531 0.400391 0.767578 0.402344 0.765625 0.402344 0.761719 0.406250 0.761719 0.416016 0.767578 0.421875 0.771484 0.421875 0.773438 0.419922 0.775391 0.419922 0.781250 0.410156 0.781250 0.406250
0 0.626953 0.406250 0.623047 0.402344 0.621094 0.402344 0.617188 0.406250 0.617188 0.408203 0.619141 0.410156 0.623047 0.410156
0 0.496094 0.412109 0.494141 0.414062 0.498047 0.417969 0.500000 0.416016 0.500000 0.414062 0.498047 0.412109
0 0.484375 0.423828 0.480469 0.427734 0.484375 0.431641 0.488281 0.427734
0 0.748047 0.429688 0.746094 0.431641 0.746094 0.433594 0.748047 0.435547 0.750000 0.435547 0.751953 0.433594 0.751953 0.431641 0.750000 0.429688
0 0.505859 0.439453 0.503906 0.441406 0.505859 0.443359 0.507812 0.443359 0.509766 0.441406 0.507812 0.439453
1 0.521484 0.449219 0.517578 0.453125 0.517578 0.457031 0.521484 0.460938 0.521484 0.462891 0.523438 0.464844 0.523438 0.470703 0.527344 0.474609 0.529297 0.474609 0.533203 0.470703 0.533203 0.464844 0.529297 0.460938 0.529297 0.458984 0.527344 0.457031 0.527344 0.453125 0.523438 0.449219
1 0.726562 0.449219 0.720703 0.453125 0.720703 0.458984 0.724609 0.464844 0.724609 0.470703 0.722656 0.472656 0.722656 0.474609 0.726562 0.478516 0.730469 0.474609 0.730469 0.472656 0.728516 0.470703 0.728516 0.462891 0.732422 0.458984 0.732422 0.455078
0 0.652344 0.455078 0.646484 0.460938 0.646484 0.464844 0.654297 0.472656 0.656250 0.472656 0.662109 0.466797 0.662109 0.460938 0.656250 0.455078
0 0.804688 0.455078 0.800781 0.458984 0.800781 0.464844 0.802734 0.466797 0.802734 0.468750 0.804688 0.470703 0.812500 0.470703 0.816406 0.466797 0.816406 0.460938 0.810547 0.455078
0 0.433594 0.458984 0.431641 0.460938 0.435547 0.464844 0.437500 0.464844 0.439453 0.462891 0.439453 0.460938 0.437500 0.458984
0 0.685547 0.458984 0.679688 0.464844 0.679688 0.470703 0.685547 0.476562 0.687500 0.474609 0.687500 0.472656 0.689453 0.470703 0.689453 0.468750 0.691406 0.466797 0.691406 0.464844
0 0.955078 0.470703 0.949219 0.476562 0.949219 0.488281 0.951172 0.490234 0.951172 0.494141 0.955078 0.498047 0.964844 0.498047 0.970703 0.492188 0.970703 0.482422 0.964844 0.472656 0.962891 0.472656 0.960938 0.470703
0 0.613281 0.472656 0.611328 0.474609 0.609375 0.474609 0.607422 0.476562 0.607422 0.480469 0.613281 0.486328 0.617188 0.486328 0.621094 0.482422 0.621094 0.476562 0.617188 0.472656
0 0.716797 0.476562 0.712891 0.472656 0.708984 0.476562 0.710938 0.478516 0.714844 0.478516
0 0.830078 0.478516 0.826172 0.478516 0.824219 0.480469 0.824219 0.484375 0.826172 0.486328 0.828125 0.486328 0.832031 0.482422 0.832031 0.480469
0 0.673828 0.482422 0.671875 0.484375 0.673828 0.486328 0.675781 0.486328 0.677734 0.484375 0.675781 0.482422
0 0.853516 0.484375 0.851562 0.486328 0.851562 0.488281 0.849609 0.490234 0.851562 0.492188 0.853516 0.492188 0.855469 0.494141 0.859375 0.490234 0.859375 0.488281 0.855469 0.484375
0 0.476562 0.494141 0.474609 0.492188 0.472656 0.492188 0.468750 0.496094 0.470703 0.498047 0.474609 0.498047 0.476562 0.496094
1 0.406250 0.500000 0.402344 0.496094 0.400391 0.498047 0.396484 0.498047 0.394531 0.500000 0.390625 0.500000 0.388672 0.498047 0.384766 0.498047 0.378906 0.503906 0.378906 0.505859 0.382812 0.509766 0.386719 0.509766 0.390625 0.505859 0.396484 0.505859 0.398438 0.507812 0.400391 0.507812 0.406250 0.501953
0 0.494141 0.503906 0.492188 0.505859 0.492188 0.507812 0.494141 0.509766 0.496094 0.507812 0.496094 0.505859
0 0.333984 0.511719 0.332031 0.513672 0.333984 0.515625 0.335938 0.515625 0.337891 0.513672 0.335938 0.511719
0 0.515625 0.513672 0.513672 0.515625 0.513672 0.521484 0.517578 0.525391 0.521484 0.525391 0.523438 0.527344 0.525391 0.527344 0.529297 0.523438 0.529297 0.521484 0.525391 0.517578 0.523438 0.517578 0.519531 0.513672
0 0.935547 0.513672 0.933594 0.515625 0.933594 0.517578 0.937500 0.521484 0.941406 0.521484 0.943359 0.519531 0.943359 0.517578 0.939453 0.513672
0 0.542969 0.517578 0.539062 0.517578 0.535156 0.521484 0.539062 0.525391 0.541016 0.523438 0.542969 0.523438 0.544922 0.521484 0.544922 0.519531
0 0.429688 0.519531 0.423828 0.519531 0.419922 0.523438 0.419922 0.533203 0.421875 0.535156 0.425781 0.535156 0.429688 0.531250 0.431641 0.531250 0.433594 0.529297 0.433594 0.523438
0 0.630859 0.533203 0.626953 0.535156 0.623047 0.541016 0.623047 0.550781 0.634766 0.564453 0.638672 0.564453 0.642578 0.562500 0.650391 0.552734 0.648438 0.550781 0.648438 0.542969 0.640625 0.535156 0.636719 0.533203
1 0.800781 0.531250 0.794922 0.537109 0.796875 0.539062 0.796875 0.541016 0.800781 0.544922 0.800781 0.550781 0.798828 0.552734 0.798828 0.554688 0.800781 0.556641 0.806641 0.556641 0.810547 0.552734 0.802734 0.544922 0.802734 0.542969 0.806641 0.539062 0.806641 0.537109
0 0.855469 0.533203 0.849609 0.539062 0.849609 0.544922 0.855469 0.552734 0.855469 0.562500 0.861328 0.568359 0.863281 0.568359 0.869141 0.562500 0.869141 0.556641 0.873047 0.552734 0.873047 0.546875 0.863281 0.535156 0.859375 0.533203
0 0.972656 0.533203 0.970703 0.535156 0.970703 0.537109 0.974609 0.541016 0.978516 0.537109 0.974609 0.533203
0 0.822266 0.541016 0.818359 0.544922 0.818359 0.546875 0.822266 0.550781 0.826172 0.550781 0.830078 0.546875 0.828125 0.544922 0.828125 0.542969 0.826172 0.541016
0 0.884766 0.552734 0.878906 0.558594 0.878906 0.560547 0.884766 0.566406 0.886719 0.566406 0.892578 0.560547 0.892578 0.558594 0.886719 0.552734
0 0.187500 0.560547 0.183594 0.564453 0.185547 0.566406 0.187500 0.566406 0.189453 0.564453 0.189453 0.562500
0 0.414062 0.558594 0.410156 0.562500 0.410156 0.566406 0.414062 0.570312 0.416016 0.570312 0.421875 0.564453 0.416016 0.558594
0 0.427734 0.562500 0.425781 0.564453 0.425781 0.566406 0.427734 0.568359 0.431641 0.568359 0.433594 0.566406 0.433594 0.564453 0.431641 0.562500
0 0.578125 0.562500 0.576172 0.564453 0.576172 0.566406 0.578125 0.568359 0.580078 0.568359 0.582031 0.566406 0.582031 0.564453 0.580078 0.562500
0 0.619141 0.574219 0.615234 0.574219 0.607422 0.582031 0.607422 0.587891 0.613281 0.593750 0.615234 0.593750 0.619141 0.589844 0.619141 0.580078 0.621094 0.578125 0.621094 0.576172
0 0.484375 0.582031 0.482422 0.583984 0.482422 0.585938 0.484375 0.587891 0.488281 0.587891 0.490234 0.585938 0.486328 0.582031
0 0.578125 0.593750 0.576172 0.595703 0.576172 0.599609 0.578125 0.601562 0.582031 0.597656
0 0.845703 0.593750 0.839844 0.599609 0.839844 0.601562 0.843750 0.605469 0.847656 0.605469 0.851562 0.601562 0.851562 0.599609
0 0.480469 0.601562 0.474609 0.607422 0.474609 0.611328 0.476562 0.613281 0.478516 0.613281 0.480469 0.615234 0.484375 0.615234 0.488281 0.611328 0.488281 0.607422 0.484375 0.603516 0.482422 0.603516
0 0.769531 0.601562 0.765625 0.605469 0.765625 0.607422 0.767578 0.609375 0.771484 0.609375 0.773438 0.607422 0.773438 0.605469
0 0.804688 0.605469 0.796875 0.611328 0.796875 0.625000 0.806641 0.630859 0.812500 0.630859 0.818359 0.626953 0.818359 0.625000 0.820312 0.623047 0.820312 0.615234 0.810547 0.605469
0 0.689453 0.609375 0.687500 0.611328 0.687500 0.613281 0.689453 0.615234 0.693359 0.615234 0.695312 0.613281 0.691406 0.609375
0 0.718750 0.615234 0.716797 0.615234 0.714844 0.617188 0.714844 0.619141 0.712891 0.621094 0.712891 0.625000 0.714844 0.626953 0.718750 0.626953 0.720703 0.625000 0.720703 0.617188
0 0.349609 0.623047 0.345703 0.619141 0.343750 0.619141 0.339844 0.623047 0.339844 0.625000 0.341797 0.626953 0.345703 0.626953
0 0.507812 0.619141 0.501953 0.625000 0.501953 0.628906 0.505859 0.632812 0.509766 0.632812 0.513672 0.628906 0.513672 0.625000
0 0.548828 0.621094 0.546875 0.623047 0.548828 0.625000 0.550781 0.625000 0.552734 0.623047 0.550781 0.621094
0 0.699219 0.623047 0.695312 0.626953 0.699219 0.630859 0.703125 0.626953
0 0.744141 0.623047 0.740234 0.626953 0.744141 0.630859 0.748047 0.630859 0.750000 0.628906 0.750000 0.625000 0.748047 0.623047
0 0.765625 0.626953 0.765625 0.628906 0.769531 0.632812 0.775391 0.632812 0.777344 0.630859 0.777344 0.626953 0.775391 0.625000 0.773438 0.625000 0.771484 0.623047 0.769531 0.625000 0.767578 0.625000
0 0.925781 0.630859 0.921875 0.634766 0.921875 0.636719 0.925781 0.640625 0.927734 0.640625 0.929688 0.642578 0.935547 0.636719 0.935547 0.634766 0.931641 0.630859
0 0.453125 0.634766 0.451172 0.636719 0.451172 0.638672 0.453125 0.640625 0.455078 0.640625 0.457031 0.642578 0.458984 0.640625 0.458984 0.636719 0.457031 0.634766
0 0.525391 0.636719 0.523438 0.636719 0.519531 0.640625 0.519531 0.644531 0.521484 0.646484 0.525391 0.642578 0.525391 0.640625 0.527344 0.638672
0 0.349609 0.650391 0.347656 0.652344 0.347656 0.654297 0.351562 0.658203 0.355469 0.654297 0.351562 0.650391
0 0.470703 0.650391 0.466797 0.654297 0.466797 0.660156 0.474609 0.667969 0.480469 0.662109 0.480469 0.656250 0.478516 0.654297 0.478516 0.652344 0.476562 0.650391
0 0.597656 0.654297 0.595703 0.662109 0.601562 0.677734 0.623047 0.693359 0.619141 0.710938 0.640625 0.734375 0.646484 0.734375 0.658203 0.718750 0.667969 0.718750 0.675781 0.710938 0.679688 0.697266 0.666016 0.679688 0.646484 0.679688 0.636719 0.669922 0.625000 0.677734 0.603516 0.650391
0 0.490234 0.656250 0.488281 0.658203 0.490234 0.660156 0.492188 0.658203
0 0.791016 0.656250 0.785156 0.662109 0.785156 0.664062 0.781250 0.669922 0.781250 0.675781 0.791016 0.687500 0.794922 0.687500 0.796875 0.685547 0.796875 0.679688 0.802734 0.669922 0.802734 0.664062 0.798828 0.658203 0.796875 0.658203 0.794922 0.656250
0 0.933594 0.656250 0.931641 0.658203 0.931641 0.660156 0.933594 0.662109 0.937500 0.662109 0.939453 0.660156 0.935547 0.656250
0 0.298828 0.664062 0.296875 0.664062 0.292969 0.667969 0.292969 0.669922 0.296875 0.673828 0.300781 0.669922 0.300781 0.666016
0 0.335938 0.666016 0.333984 0.667969 0.335938 0.669922 0.337891 0.669922 0.339844 0.667969 0.337891 0.666016
0 0.513672 0.664062 0.509766 0.667969 0.513672 0.671875 0.517578 0.667969
0 0.824219 0.671875 0.820312 0.675781 0.820312 0.679688 0.822266 0.681641 0.822266 0.687500 0.824219 0.689453 0.826172 0.689453 0.830078 0.685547 0.830078 0.675781 0.826172 0.671875
0 0.453125 0.685547 0.449219 0.689453 0.453125 0.693359 0.455078 0.693359 0.457031 0.691406 0.457031 0.687500 0.455078 0.685547
0 0.593750 0.689453 0.587891 0.695312 0.591797 0.699219 0.593750 0.699219 0.595703 0.697266 0.595703 0.691406
0 0.716797 0.695312 0.716797 0.701172 0.724609 0.708984 0.742188 0.708984 0.746094 0.705078 0.746094 0.699219 0.744141 0.697266 0.744141 0.695312 0.736328 0.689453 0.724609 0.689453
1 0.406250 0.693359 0.402344 0.697266 0.402344 0.701172 0.406250 0.705078 0.408203 0.705078 0.412109 0.708984 0.412109 0.710938 0.414062 0.712891 0.416016 0.712891 0.417969 0.710938 0.417969 0.708984 0.416016 0.707031 0.416016 0.705078 0.412109 0.701172 0.412109 0.699219
0 0.511719 0.693359 0.509766 0.693359 0.503906 0.699219 0.503906 0.701172 0.507812 0.705078 0.509766 0.703125 0.511719 0.703125 0.515625 0.699219 0.515625 0.697266
0 0.566406 0.691406 0.564453 0.691406 0.560547 0.695312 0.564453 0.699219 0.568359 0.695312 0.568359 0.693359
0 0.757812 0.695312 0.753906 0.699219 0.757812 0.703125 0.761719 0.699219
0 0.359375 0.701172 0.355469 0.705078 0.355469 0.708984 0.357422 0.710938 0.359375 0.710938 0.363281 0.707031 0.361328 0.705078 0.361328 0.703125
0 0.859375 0.707031 0.857422 0.708984 0.859375 0.710938 0.861328 0.710938 0.863281 0.708984 0.861328 0.707031
1 0.679688 0.720703 0.679688 0.730469 0.685547 0.736328 0.693359 0.736328 0.703125 0.728516 0.716797 0.730469 0.720703 0.726562 0.720703 0.722656 0.716797 0.716797 0.707031 0.722656 0.697266 0.712891 0.689453 0.712891
0 0.529297 0.714844 0.527344 0.714844 0.523438 0.718750 0.523438 0.720703 0.525391 0.722656 0.525391 0.724609 0.523438 0.726562 0.523438 0.728516 0.521484 0.730469 0.521484 0.732422 0.525391 0.736328 0.527344 0.736328 0.529297 0.734375 0.533203 0.734375 0.535156 0.732422 0.535156 0.724609 0.533203 0.722656 0.533203 0.718750
0 0.431641 0.718750 0.427734 0.722656 0.427734 0.726562 0.433594 0.732422 0.435547 0.732422 0.439453 0.728516 0.439453 0.722656 0.435547 0.718750
0 0.806641 0.732422 0.804688 0.730469 0.800781 0.730469 0.794922 0.736328 0.791016 0.732422 0.787109 0.724609 0.787109 0.720703 0.783203 0.718750 0.771484 0.738281 0.771484 0.744141 0.773438 0.748047 0.779297 0.751953 0.789062 0.746094 0.798828 0.734375 0.802734 0.738281
0 0.824219 0.718750 0.822266 0.720703 0.826172 0.724609 0.828125 0.722656 0.828125 0.720703 0.826172 0.718750
0 0.296875 0.722656 0.289062 0.722656 0.285156 0.726562 0.285156 0.732422 0.289062 0.736328 0.292969 0.736328 0.294922 0.734375 0.296875 0.734375 0.298828 0.732422 0.298828 0.730469 0.300781 0.728516 0.300781 0.726562
0 0.476562 0.722656 0.474609 0.724609 0.476562 0.726562 0.478516 0.726562 0.480469 0.724609 0.478516 0.722656
0 0.839844 0.724609 0.837891 0.726562 0.837891 0.728516 0.839844 0.730469 0.841797 0.730469 0.843750 0.728516
0 0.738281 0.730469 0.732422 0.736328 0.732422 0.740234 0.734375 0.742188 0.734375 0.744141 0.738281 0.748047 0.742188 0.748047 0.748047 0.744141 0.748047 0.742188 0.750000 0.740234 0.750000 0.736328 0.744141 0.730469
0 0.826172 0.732422 0.824219 0.734375 0.826172 0.736328 0.828125 0.736328 0.830078 0.734375 0.828125 0.732422
0 0.603516 0.734375 0.601562 0.736328 0.601562 0.738281 0.599609 0.740234 0.599609 0.742188 0.603516 0.746094 0.605469 0.746094 0.609375 0.742188 0.609375 0.740234
0 0.853516 0.734375 0.849609 0.738281 0.849609 0.742188 0.851562 0.744141 0.853516 0.744141 0.857422 0.740234 0.857422 0.738281
0 0.425781 0.744141 0.437500 0.757812 0.443359 0.757812 0.449219 0.751953 0.449219 0.748047 0.445312 0.742188 0.433594 0.742188 0.431641 0.740234 0.429688 0.740234
0 0.519531 0.742188 0.515625 0.742188 0.513672 0.744141 0.509766 0.744141 0.507812 0.746094 0.505859 0.746094 0.501953 0.750000 0.503906 0.755859 0.509766 0.761719 0.513672 0.761719 0.515625 0.763672 0.521484 0.757812 0.521484 0.755859 0.523438 0.753906 0.525391 0.748047
0 0.570312 0.746094 0.564453 0.751953 0.564453 0.753906 0.562500 0.755859 0.562500 0.759766 0.564453 0.761719 0.564453 0.763672 0.570312 0.767578 0.572266 0.767578 0.574219 0.765625 0.582031 0.765625 0.585938 0.761719 0.585938 0.757812 0.583984 0.755859 0.583984 0.753906 0.580078 0.750000
0 0.542969 0.751953 0.539062 0.755859 0.542969 0.759766 0.544922 0.759766 0.548828 0.755859 0.546875 0.753906 0.544922 0.753906
0 0.253906 0.753906 0.250000 0.757812 0.253906 0.761719 0.257812 0.757812
0 0.521484 0.767578 0.519531 0.769531 0.519531 0.771484 0.521484 0.773438 0.523438 0.771484 0.523438 0.769531
0 0.867188 0.775391 0.865234 0.777344 0.863281 0.777344 0.861328 0.779297 0.861328 0.781250 0.865234 0.785156 0.867188 0.785156 0.871094 0.781250 0.871094 0.779297
0 0.505859 0.783203 0.501953 0.787109 0.503906 0.789062 0.505859 0.789062 0.507812 0.791016 0.511719 0.787109 0.507812 0.783203
0 0.843750 0.783203 0.841797 0.785156 0.841797 0.787109 0.843750 0.789062 0.845703 0.789062 0.847656 0.787109
0 0.613281 0.792969 0.609375 0.796875 0.609375 0.798828 0.613281 0.802734 0.617188 0.802734 0.621094 0.798828 0.621094 0.796875 0.617188 0.792969
0 0.654297 0.800781 0.650391 0.804688 0.650391 0.814453 0.656250 0.820312 0.658203 0.820312 0.664062 0.814453 0.662109 0.812500 0.662109 0.802734 0.660156 0.800781
0 0.576172 0.804688 0.572266 0.806641 0.568359 0.810547 0.568359 0.812500 0.556641 0.822266 0.554688 0.826172 0.568359 0.837891 0.572266 0.837891 0.578125 0.832031 0.578125 0.826172 0.583984 0.814453 0.582031 0.808594
0 0.863281 0.816406 0.861328 0.818359 0.861328 0.820312 0.863281 0.822266 0.865234 0.820312 0.865234 0.818359
0 0.720703 0.832031 0.712891 0.824219 0.703125 0.820312 0.679688 0.835938 0.667969 0.847656 0.664062 0.855469 0.664062 0.865234 0.681641 0.876953 0.685547 0.875000 0.708984 0.849609 0.718750 0.855469 0.722656 0.851562
0 0.378906 0.830078 0.375000 0.833984 0.375000 0.841797 0.378906 0.845703 0.384766 0.845703 0.388672 0.841797 0.388672 0.833984 0.384766 0.830078
0 0.500000 0.830078 0.494141 0.835938 0.494141 0.843750 0.498047 0.847656 0.505859 0.847656 0.509766 0.843750 0.509766 0.835938 0.505859 0.830078
0 0.804688 0.835938 0.802734 0.837891 0.802734 0.841797 0.800781 0.843750 0.802734 0.845703 0.804688 0.851562 0.810547 0.855469 0.818359 0.855469 0.820312 0.853516 0.820312 0.849609 0.818359 0.847656 0.818359 0.843750 0.816406 0.841797 0.816406 0.839844 0.812500 0.835938 0.810547 0.835938 0.808594 0.833984 0.806641 0.835938
0 0.757812 0.837891 0.753906 0.841797 0.753906 0.851562 0.759766 0.857422 0.763672 0.857422 0.769531 0.851562 0.769531 0.843750 0.763672 0.837891
0 0.623047 0.839844 0.621094 0.841797 0.623047 0.843750 0.625000 0.841797
0 0.787109 0.839844 0.785156 0.841797 0.787109 0.843750 0.789062 0.843750 0.791016 0.841797 0.789062 0.839844
1 0.523438 0.855469 0.542969 0.867188 0.539062 0.875000 0.531250 0.869141 0.525391 0.875000 0.525391 0.882812 0.529297 0.886719 0.533203 0.886719 0.541016 0.876953 0.548828 0.888672 0.560547 0.898438 0.566406 0.898438 0.574219 0.892578 0.589844 0.890625 0.597656 0.896484 0.595703 0.900391 0.599609 0.906250 0.611328 0.910156 0.617188 0.916016 0.621094 0.914062 0.626953 0.902344 0.619141 0.888672 0.611328 0.882812 0.595703 0.886719 0.583984 0.876953 0.583984 0.869141 0.587891 0.865234 0.585938 0.861328 0.589844 0.857422 0.589844 0.851562 0.583984 0.845703 0.578125 0.845703 0.572266 0.851562 0.562500 0.847656 0.550781 0.847656 0.542969 0.851562 0.535156 0.847656
0 0.333984 0.861328 0.330078 0.865234 0.330078 0.869141 0.333984 0.873047 0.335938 0.873047 0.337891 0.871094 0.337891 0.869141 0.339844 0.867188
0 0.599609 0.873047 0.597656 0.875000 0.599609 0.876953 0.601562 0.875000
1 0.837891 0.871094 0.832031 0.875000 0.832031 0.882812 0.835938 0.886719 0.835938 0.894531 0.839844 0.898438 0.843750 0.898438 0.845703 0.896484 0.845703 0.890625 0.843750 0.888672 0.843750 0.880859 0.845703 0.878906 0.843750 0.876953 0.843750 0.875000
0 0.724609 0.876953 0.722656 0.878906 0.724609 0.880859 0.726562 0.878906
0 0.753906 0.875000 0.750000 0.878906 0.753906 0.882812 0.757812 0.882812 0.759766 0.880859 0.757812 0.878906 0.757812 0.876953 0.755859 0.875000
1 0.876953 0.880859 0.873047 0.880859 0.869141 0.884766 0.869141 0.894531 0.871094 0.896484 0.863281 0.904297 0.869141 0.908203 0.871094 0.908203 0.873047 0.906250 0.873047 0.900391 0.880859 0.892578 0.880859 0.884766
1 0.679688 0.884766 0.677734 0.886719 0.677734 0.888672 0.675781 0.890625 0.675781 0.892578 0.671875 0.896484 0.669922 0.896484 0.667969 0.898438 0.669922 0.900391 0.671875 0.900391 0.675781 0.896484 0.675781 0.894531 0.681641 0.888672 0.681641 0.886719
0 0.759766 0.896484 0.755859 0.900391 0.755859 0.902344 0.759766 0.906250 0.765625 0.906250 0.767578 0.904297 0.767578 0.902344 0.765625 0.900391 0.765625 0.898438 0.763672 0.896484
0 0.638672 0.910156 0.636719 0.912109 0.636719 0.916016 0.638672 0.917969 0.638672 0.919922 0.642578 0.923828 0.648438 0.923828 0.652344 0.919922 0.652344 0.916016 0.648438 0.912109 0.644531 0.912109 0.642578 0.910156
0 0.783203 0.914062 0.779297 0.917969 0.779297 0.919922 0.783203 0.923828 0.785156 0.923828 0.789062 0.919922 0.789062 0.917969 0.785156 0.914062
1 0.824219 0.919922 0.820312 0.923828 0.820312 0.925781 0.826172 0.931641 0.826172 0.933594 0.830078 0.937500 0.832031 0.937500 0.833984 0.939453 0.839844 0.939453 0.843750 0.935547 0.843750 0.929688 0.837891 0.925781 0.832031 0.927734
0 0.753906 0.923828 0.748047 0.929688 0.748047 0.939453 0.744141 0.943359 0.746094 0.945312 0.748047 0.945312 0.750000 0.943359 0.753906 0.943359 0.755859 0.945312 0.761719 0.947266 0.767578 0.941406 0.767578 0.935547 0.765625 0.933594 0.765625 0.931641 0.759766 0.925781
0 0.906250 0.931641 0.902344 0.931641 0.898438 0.935547 0.896484 0.935547 0.890625 0.941406 0.890625 0.945312 0.892578 0.947266 0.892578 0.951172 0.894531 0.953125 0.900391 0.953125 0.910156 0.947266 0.910156 0.935547
0 0.253906 0.935547 0.251953 0.937500 0.253906 0.939453 0.255859 0.939453 0.257812 0.937500 0.255859 0.935547
0 0.240234 0.937500 0.236328 0.941406 0.240234 0.945312 0.242188 0.945312 0.246094 0.941406 0.242188 0.937500
0 0.515625 0.939453 0.513672 0.941406 0.513672 0.945312 0.515625 0.947266 0.519531 0.943359
0 0.591797 0.939453 0.589844 0.941406 0.589844 0.943359 0.591797 0.945312 0.593750 0.943359 0.593750 0.941406
0 0.660156 0.943359 0.658203 0.945312 0.656250 0.945312 0.650391 0.951172 0.650391 0.957031 0.652344 0.958984 0.654297 0.964844 0.660156 0.970703 0.666016 0.970703 0.667969 0.968750 0.667969 0.960938 0.669922 0.958984 0.669922 0.951172 0.666016 0.945312
0 0.982422 0.943359 0.980469 0.945312 0.978516 0.945312 0.976562 0.947266 0.976562 0.951172 0.974609 0.953125 0.974609 0.955078 0.978516 0.958984 0.982422 0.958984 0.988281 0.953125 0.988281 0.949219
0 0.634766 0.951172 0.632812 0.953125 0.634766 0.955078 0.636719 0.955078 0.638672 0.953125 0.636719 0.951172
0 0.708984 0.957031 0.710938 0.958984 0.716797 0.958984 0.718750 0.957031 0.718750 0.955078 0.716797 0.953125 0.712891 0.953125
0 0.605469 0.957031 0.603516 0.958984 0.603516 0.962891 0.607422 0.966797 0.611328 0.962891 0.611328 0.960938 0.607422 0.957031
0 0.638672 0.966797 0.634766 0.970703 0.634766 0.972656 0.632812 0.974609 0.632812 0.976562 0.636719 0.980469 0.642578 0.980469 0.646484 0.976562 0.646484 0.970703 0.642578 0.966797
0 0.759766 0.968750 0.757812 0.970703 0.757812 0.974609 0.761719 0.980469 0.761719 0.990234 0.765625 0.998047 0.785156 0.998047 0.791016 0.988281 0.791016 0.978516 0.789062 0.974609 0.779297 0.966797
0 0.925781 0.970703 0.923828 0.972656 0.923828 0.986328 0.929688 0.992188 0.935547 0.988281 0.935547 0.980469 0.933594 0.978516 0.933594 0.976562 0.929688 0.972656 0.927734 0.972656
0 0.601562 0.976562 0.599609 0.978516 0.601562 0.980469 0.603516 0.978516
0 0.988281 0.978516 0.984375 0.982422 0.984375 0.984375 0.986328 0.986328 0.986328 0.988281 0.988281 0.990234 0.990234 0.990234 0.992188 0.992188 0.996094 0.992188 0.998047 0.990234 0.998047 0.978516
0 0.835938 0.982422 0.833984 0.984375 0.833984 0.988281 0.835938 0.990234 0.839844 0.986328
0 0.884766 0.980469 0.878906 0.986328 0.878906 0.990234 0.880859 0.992188 0.882812 0.992188 0.884766 0.994141 0.888672 0.994141 0.892578 0.990234 0.892578 0.986328 0.890625 0.984375 0.890625 0.982422 0.888672 0.980469
0 0.947266 0.984375 0.947266 0.986328 0.951172 0.990234 0.953125 0.990234 0.958984 0.996094 0.958984 0.998047 0.968750 0.998047 0.966797 0.996094 0.966797 0.992188 0.964844 0.990234 0.964844 0.986328 0.958984 0.980469 0.951172 0.980469
0 0.445312 0.984375 0.441406 0.984375 0.437500 0.988281 0.441406 0.992188 0.443359 0.992188 0.447266 0.988281 0.447266 0.986328
0 0.744141 0.984375 0.742188 0.986328 0.742188 0.988281 0.744141 0.990234 0.746094 0.990234 0.748047 0.988281 0.748047 0.986328 0.746094 0.984375
0 0.830078 0.992188 0.828125 0.994141 0.830078 0.996094 0.828125 0.998047 0.832031 0.998047 0.830078 0.996094 0.832031 0.994141
1 0.794922 0.998047 0.802734 0.998047 0.800781 0.996094 0.796875 0.996094
