0 0.314453 0.029297 0.312500 0.031250 0.314453 0.033203 0.316406 0.031250
0 0.468750 0.056641 0.464844 0.056641 0.458984 0.062500 0.462891 0.066406 0.466797 0.066406 0.470703 0.062500 0.470703 0.058594
0 0.875000 0.091797 0.873047 0.091797 0.869141 0.095703 0.869141 0.099609 0.867188 0.101562 0.871094 0.105469 0.873047 0.103516 0.875000 0.103516 0.876953 0.101562 0.876953 0.099609 0.878906 0.097656 0.878906 0.095703
0 0.222656 0.125000 0.218750 0.130859 0.230469 0.144531 0.232422 0.144531 0.234375 0.146484 0.238281 0.146484 0.244141 0.140625 0.244141 0.138672 0.240234 0.132812 0.240234 0.128906 0.238281 0.126953 0.236328 0.128906 0.230469 0.128906 0.228516 0.126953
0 0.216797 0.140625 0.214844 0.142578 0.216797 0.144531 0.218750 0.142578
1 0.000000 0.210938 0.000000 0.388672 0.042969 0.359375 0.056641 0.408203 0.000000 0.414062 0.000000 0.615234 0.070312 0.568359 0.132812 0.601562 0.115234 0.771484 0.228516 0.828125 0.212891 0.892578 0.281250 0.892578 0.304688 0.976562 0.433594 0.998047 0.396484 0.927734 0.494141 0.992188 0.638672 0.845703 0.601562 0.777344 0.673828 0.804688 0.675781 0.724609 0.496094 0.767578 0.468750 0.857422 0.400391 0.847656 0.384766 0.894531 0.265625 0.847656 0.238281 0.787109 0.435547 0.794922 0.468750 0.707031 0.335938 0.613281 0.310547 0.662109 0.359375 0.636719 0.400391 0.714844 0.179688 0.738281 0.146484 0.685547 0.185547 0.636719 0.111328 0.554688 0.214844 0.466797 0.318359 0.507812 0.335938 0.595703 0.396484 0.582031 0.445312 0.429688 0.251953 0.447266 0.185547 0.271484 0.240234 0.226562 0.166016 0.250000 0.236328 0.183594 0.201172 0.154297 0.072266 0.236328
0 0.812500 0.156250 0.808594 0.160156 0.808594 0.164062 0.812500 0.167969 0.814453 0.167969 0.818359 0.164062 0.818359 0.160156 0.814453 0.156250
0 0.478516 0.187500 0.474609 0.191406 0.474609 0.193359 0.478516 0.197266 0.482422 0.197266 0.486328 0.193359 0.486328 0.191406 0.482422 0.187500
0 0.851562 0.187500 0.845703 0.193359 0.845703 0.195312 0.849609 0.199219 0.851562 0.199219 0.855469 0.195312 0.855469 0.191406
0 0.238281 0.195312 0.236328 0.197266 0.236328 0.199219 0.240234 0.203125 0.244141 0.199219 0.240234 0.195312
0 0.457031 0.203125 0.453125 0.208984 0.458984 0.220703 0.455078 0.234375 0.458984 0.240234 0.462891 0.242188 0.468750 0.242188 0.476562 0.236328 0.480469 0.226562 0.478516 0.222656 0.466797 0.212891 0.466797 0.207031 0.462891 0.203125
0 0.425781 0.212891 0.423828 0.212891 0.419922 0.216797 0.419922 0.220703 0.421875 0.222656 0.425781 0.222656 0.429688 0.218750 0.429688 0.216797
0 0.781250 0.210938 0.779297 0.212891 0.779297 0.214844 0.783203 0.218750 0.783203 0.220703 0.785156 0.222656 0.787109 0.220703 0.785156 0.218750 0.785156 0.214844 0.787109 0.212891 0.785156 0.210938
0 0.351562 0.244141 0.345703 0.238281 0.341797 0.238281 0.333984 0.246094 0.328125 0.246094 0.326172 0.244141 0.320312 0.246094 0.314453 0.251953 0.314453 0.255859 0.312500 0.257812 0.314453 0.267578 0.326172 0.273438 0.332031 0.271484 0.337891 0.263672 0.337891 0.257812 0.345703 0.250000 0.347656 0.250000
0 0.093750 0.253906 0.091797 0.251953 0.089844 0.251953 0.085938 0.255859 0.087891 0.257812 0.091797 0.257812 0.093750 0.255859
0 0.490234 0.265625 0.488281 0.267578 0.488281 0.271484 0.490234 0.273438 0.494141 0.269531
0 0.271484 0.275391 0.267578 0.279297 0.267578 0.283203 0.273438 0.289062 0.279297 0.289062 0.283203 0.285156 0.283203 0.279297 0.279297 0.275391
0 0.775391 0.275391 0.771484 0.279297 0.775391 0.283203 0.779297 0.279297
0 0.248047 0.281250 0.244141 0.285156 0.244141 0.287109 0.248047 0.291016 0.251953 0.291016 0.255859 0.287109 0.255859 0.283203 0.253906 0.281250
0 0.457031 0.287109 0.449219 0.287109 0.443359 0.292969 0.443359 0.300781 0.445312 0.302734 0.445312 0.304688 0.451172 0.310547 0.453125 0.308594 0.455078 0.308594 0.462891 0.300781 0.462891 0.292969
0 0.218750 0.292969 0.218750 0.294922 0.226562 0.302734 0.232422 0.302734 0.238281 0.296875 0.238281 0.292969 0.234375 0.289062 0.222656 0.289062
0 0.505859 0.291016 0.498047 0.298828 0.498047 0.304688 0.500000 0.306641 0.500000 0.308594 0.503906 0.312500 0.509766 0.314453 0.515625 0.310547 0.515625 0.308594 0.517578 0.306641 0.517578 0.298828 0.513672 0.292969 0.507812 0.292969
1 0.341797 0.300781 0.337891 0.304688 0.337891 0.306641 0.339844 0.308594 0.337891 0.310547 0.339844 0.312500 0.337891 0.314453 0.337891 0.318359 0.341797 0.322266 0.343750 0.322266 0.347656 0.318359 0.347656 0.304688 0.343750 0.300781
0 0.236328 0.308594 0.234375 0.308594 0.232422 0.310547 0.232422 0.312500 0.228516 0.316406 0.232422 0.320312 0.236328 0.320312 0.240234 0.316406 0.240234 0.312500
0 0.484375 0.308594 0.482422 0.310547 0.482422 0.316406 0.484375 0.318359 0.488281 0.318359 0.490234 0.316406 0.490234 0.314453 0.492188 0.312500 0.490234 0.310547 0.488281 0.310547 0.486328 0.308594
0 0.761719 0.308594 0.755859 0.314453 0.755859 0.318359 0.759766 0.322266 0.765625 0.322266 0.771484 0.316406 0.771484 0.312500 0.769531 0.310547 0.767578 0.310547 0.765625 0.308594
0 0.718750 0.312500 0.716797 0.314453 0.716797 0.316406 0.718750 0.318359 0.722656 0.318359 0.724609 0.316406 0.720703 0.312500
1 0.246094 0.326172 0.246094 0.333984 0.251953 0.339844 0.269531 0.341797 0.281250 0.351562 0.289062 0.345703 0.289062 0.339844 0.285156 0.335938 0.271484 0.332031 0.255859 0.320312 0.250000 0.322266
0 0.474609 0.324219 0.468750 0.330078 0.468750 0.332031 0.472656 0.335938 0.478516 0.335938 0.482422 0.332031 0.482422 0.328125 0.480469 0.326172 0.478516 0.326172 0.476562 0.324219
0 0.546875 0.326172 0.544922 0.328125 0.544922 0.330078 0.548828 0.333984 0.550781 0.333984 0.552734 0.332031 0.552734 0.330078 0.554688 0.328125 0.552734 0.326172
1 0.718750 0.330078 0.714844 0.330078 0.705078 0.339844 0.701172 0.339844 0.697266 0.343750 0.697266 0.347656 0.701172 0.351562 0.707031 0.351562 0.718750 0.339844 0.718750 0.337891 0.720703 0.335938 0.720703 0.332031
0 0.867188 0.328125 0.861328 0.333984 0.861328 0.335938 0.867188 0.341797 0.873047 0.341797 0.876953 0.337891 0.876953 0.333984 0.871094 0.328125
1 0.439453 0.339844 0.433594 0.351562 0.435547 0.353516 0.433594 0.361328 0.443359 0.376953 0.455078 0.378906 0.464844 0.375000 0.486328 0.388672 0.492188 0.380859 0.474609 0.363281 0.468750 0.363281 0.464844 0.359375 0.462891 0.343750 0.457031 0.337891 0.447266 0.335938
0 0.726562 0.343750 0.724609 0.345703 0.728516 0.349609 0.730469 0.347656 0.730469 0.345703 0.728516 0.343750
0 0.603516 0.371094 0.601562 0.373047 0.601562 0.376953 0.605469 0.380859 0.609375 0.380859 0.613281 0.376953 0.613281 0.375000 0.609375 0.371094
0 0.240234 0.375000 0.238281 0.376953 0.240234 0.378906 0.242188 0.376953
0 0.468750 0.384766 0.466797 0.384766 0.458984 0.392578 0.458984 0.396484 0.462891 0.400391 0.462891 0.402344 0.464844 0.404297 0.468750 0.404297 0.472656 0.400391 0.472656 0.396484 0.476562 0.392578
0 0.669922 0.386719 0.664062 0.392578 0.664062 0.396484 0.667969 0.400391 0.673828 0.394531 0.673828 0.390625
1 0.603516 0.392578 0.599609 0.396484 0.597656 0.396484 0.595703 0.398438 0.597656 0.400391 0.597656 0.402344 0.601562 0.406250 0.603516 0.404297 0.607422 0.408203 0.607422 0.410156 0.609375 0.412109 0.609375 0.416016 0.603516 0.421875 0.603516 0.423828 0.601562 0.425781 0.601562 0.429688 0.605469 0.433594 0.607422 0.433594 0.611328 0.427734 0.611328 0.421875 0.609375 0.419922 0.613281 0.416016 0.615234 0.416016 0.619141 0.410156 0.611328 0.402344 0.611328 0.398438 0.605469 0.392578
0 0.435547 0.400391 0.433594 0.402344 0.433594 0.404297 0.435547 0.406250 0.437500 0.404297 0.437500 0.402344
0 0.716797 0.404297 0.714844 0.406250 0.710938 0.406250 0.701172 0.416016 0.701172 0.429688 0.705078 0.435547 0.712891 0.441406 0.724609 0.441406 0.734375 0.431641 0.736328 0.417969 0.728516 0.408203 0.722656 0.404297
0 0.113281 0.408203 0.111328 0.410156 0.115234 0.414062 0.117188 0.414062 0.119141 0.412109 0.117188 0.410156 0.115234 0.410156
0 0.554688 0.408203 0.544922 0.416016 0.541016 0.425781 0.542969 0.429688 0.552734 0.439453 0.562500 0.439453 0.568359 0.433594 0.568359 0.427734 0.570312 0.425781 0.572266 0.416016 0.566406 0.410156
0 0.519531 0.410156 0.513672 0.416016 0.513672 0.419922 0.517578 0.423828 0.519531 0.423828 0.521484 0.425781 0.527344 0.425781 0.529297 0.423828 0.529297 0.421875 0.531250 0.419922 0.531250 0.417969 0.525391 0.412109 0.523438 0.412109 0.521484 0.410156
0 0.792969 0.412109 0.787109 0.416016 0.787109 0.417969 0.785156 0.419922 0.785156 0.423828 0.789062 0.429688 0.792969 0.429688 0.794922 0.431641 0.796875 0.431641 0.802734 0.425781 0.804688 0.419922 0.800781 0.414062 0.798828 0.416016 0.794922 0.412109
0 0.662109 0.437500 0.660156 0.439453 0.660156 0.443359 0.664062 0.447266 0.667969 0.443359 0.667969 0.441406 0.664062 0.437500
0 0.548828 0.447266 0.546875 0.447266 0.544922 0.449219 0.542969 0.449219 0.541016 0.451172 0.541016 0.457031 0.544922 0.460938 0.548828 0.460938 0.550781 0.458984 0.550781 0.457031 0.552734 0.455078 0.552734 0.451172
0 0.640625 0.449219 0.638672 0.451172 0.638672 0.453125 0.640625 0.455078 0.642578 0.453125 0.642578 0.451172
0 0.484375 0.480469 0.482422 0.480469 0.476562 0.486328 0.476562 0.488281 0.478516 0.490234 0.478516 0.492188 0.482422 0.496094 0.488281 0.490234 0.488281 0.484375
0 0.505859 0.484375 0.503906 0.488281 0.503906 0.498047 0.511719 0.503906 0.517578 0.503906 0.519531 0.501953 0.529297 0.500000 0.533203 0.494141 0.533203 0.490234 0.531250 0.486328 0.523438 0.480469 0.511719 0.480469
0 0.761719 0.484375 0.757812 0.488281 0.757812 0.494141 0.761719 0.498047 0.763672 0.498047 0.765625 0.500000 0.767578 0.498047 0.767578 0.494141 0.769531 0.492188 0.769531 0.490234 0.763672 0.484375
1 0.275391 0.507812 0.279297 0.511719 0.279297 0.513672 0.281250 0.515625 0.283203 0.515625 0.285156 0.517578 0.287109 0.517578 0.292969 0.521484 0.294922 0.521484 0.296875 0.519531 0.292969 0.515625 0.291016 0.515625 0.289062 0.513672 0.287109 0.513672 0.283203 0.509766 0.283203 0.507812 0.281250 0.505859 0.277344 0.505859
1 0.558594 0.517578 0.558594 0.519531 0.562500 0.523438 0.564453 0.521484 0.566406 0.523438 0.570312 0.523438 0.578125 0.529297 0.580078 0.527344 0.589844 0.525391 0.595703 0.521484 0.595703 0.515625 0.589844 0.509766 0.576172 0.509766 0.566406 0.515625 0.560547 0.515625
0 0.701172 0.507812 0.699219 0.509766 0.699219 0.511719 0.701172 0.513672 0.703125 0.511719 0.703125 0.509766
0 0.513672 0.517578 0.511719 0.519531 0.511719 0.521484 0.513672 0.523438 0.515625 0.521484 0.515625 0.519531
0 0.978516 0.519531 0.976562 0.519531 0.974609 0.521484 0.972656 0.521484 0.970703 0.523438 0.970703 0.525391 0.968750 0.527344 0.968750 0.531250 0.970703 0.533203 0.972656 0.533203 0.974609 0.535156 0.978516 0.535156 0.980469 0.533203 0.982422 0.533203 0.984375 0.531250 0.984375 0.529297 0.986328 0.527344 0.984375 0.525391 0.984375 0.523438 0.982422 0.521484 0.980469 0.521484
0 0.257812 0.537109 0.251953 0.542969 0.251953 0.544922 0.257812 0.550781 0.259766 0.550781 0.265625 0.544922 0.265625 0.542969 0.259766 0.537109
1 0.503906 0.539062 0.500000 0.542969 0.500000 0.544922 0.501953 0.546875 0.500000 0.548828 0.500000 0.550781 0.494141 0.556641 0.494141 0.560547 0.498047 0.564453 0.503906 0.564453 0.509766 0.570312 0.511719 0.568359 0.509766 0.566406 0.509766 0.562500 0.507812 0.560547 0.507812 0.558594 0.505859 0.556641 0.505859 0.552734 0.503906 0.550781 0.505859 0.548828 0.507812 0.542969
0 0.197266 0.542969 0.193359 0.546875 0.195312 0.548828 0.195312 0.550781 0.199219 0.554688 0.201172 0.554688 0.205078 0.550781 0.205078 0.546875 0.201172 0.542969
0 0.287109 0.544922 0.281250 0.550781 0.283203 0.552734 0.285156 0.552734 0.289062 0.548828 0.289062 0.546875
0 0.548828 0.542969 0.544922 0.546875 0.544922 0.550781 0.542969 0.552734 0.544922 0.554688 0.544922 0.556641 0.550781 0.562500 0.558594 0.562500 0.562500 0.558594 0.562500 0.556641 0.564453 0.554688 0.564453 0.550781 0.560547 0.544922 0.558594 0.544922 0.556641 0.542969
0 0.710938 0.542969 0.708984 0.544922 0.710938 0.546875 0.712891 0.546875 0.714844 0.544922 0.712891 0.542969
0 0.396484 0.550781 0.394531 0.548828 0.392578 0.550781 0.390625 0.550781 0.388672 0.552734 0.390625 0.554688 0.394531 0.554688 0.396484 0.552734
0 0.658203 0.552734 0.656250 0.554688 0.656250 0.556641 0.660156 0.560547 0.664062 0.556641 0.660156 0.552734
0 0.439453 0.554688 0.435547 0.558594 0.435547 0.560547 0.433594 0.562500 0.433594 0.564453 0.435547 0.566406 0.445312 0.566406 0.449219 0.562500 0.449219 0.560547 0.447266 0.558594 0.447266 0.556641 0.445312 0.554688
0 0.253906 0.558594 0.251953 0.560547 0.251953 0.562500 0.253906 0.564453 0.257812 0.564453 0.259766 0.562500 0.257812 0.560547 0.255859 0.560547
0 0.888672 0.562500 0.884766 0.566406 0.886719 0.568359 0.888672 0.568359 0.890625 0.566406 0.890625 0.564453
0 0.751953 0.568359 0.748047 0.572266 0.748047 0.574219 0.746094 0.576172 0.746094 0.578125 0.742188 0.582031 0.742188 0.583984 0.746094 0.587891 0.748047 0.587891 0.753906 0.591797 0.759766 0.587891 0.759766 0.583984 0.755859 0.578125 0.755859 0.572266
0 0.464844 0.574219 0.464844 0.578125 0.466797 0.580078 0.468750 0.580078 0.470703 0.582031 0.478516 0.582031 0.480469 0.580078 0.480469 0.578125 0.478516 0.576172 0.476562 0.576172 0.474609 0.574219 0.472656 0.574219 0.468750 0.570312
0 0.537109 0.570312 0.535156 0.572266 0.533203 0.572266 0.531250 0.574219 0.531250 0.576172 0.535156 0.580078 0.537109 0.580078 0.541016 0.576172 0.541016 0.574219
0 0.412109 0.589844 0.408203 0.589844 0.406250 0.591797 0.404297 0.591797 0.398438 0.597656 0.398438 0.603516 0.400391 0.605469 0.400391 0.607422 0.406250 0.611328 0.410156 0.611328 0.416016 0.605469 0.416016 0.593750
0 0.873047 0.591797 0.869141 0.595703 0.869141 0.597656 0.871094 0.599609 0.871094 0.601562 0.873047 0.603516 0.876953 0.603516 0.880859 0.599609 0.880859 0.595703 0.876953 0.591797
0 0.507812 0.599609 0.500000 0.599609 0.498047 0.601562 0.498047 0.607422 0.501953 0.611328 0.509766 0.603516 0.509766 0.601562
1 0.207031 0.601562 0.205078 0.603516 0.205078 0.609375 0.207031 0.611328 0.207031 0.613281 0.210938 0.617188 0.212891 0.615234 0.210938 0.613281 0.210938 0.611328 0.208984 0.609375 0.208984 0.603516
0 0.498047 0.615234 0.496094 0.617188 0.498047 0.619141 0.500000 0.617188
0 0.195312 0.619141 0.193359 0.621094 0.193359 0.623047 0.197266 0.626953 0.199219 0.625000 0.199219 0.623047
0 0.544922 0.617188 0.541016 0.621094 0.542969 0.625000 0.533203 0.632812 0.533203 0.636719 0.550781 0.654297 0.558594 0.654297 0.560547 0.650391 0.554688 0.648438 0.548828 0.642578 0.548828 0.638672 0.554688 0.632812 0.562500 0.638672 0.566406 0.634766 0.566406 0.625000 0.562500 0.621094 0.558594 0.623047 0.548828 0.617188
0 0.718750 0.638672 0.716797 0.640625 0.716797 0.642578 0.718750 0.644531 0.720703 0.642578 0.720703 0.640625
0 0.578125 0.640625 0.576172 0.642578 0.578125 0.644531 0.580078 0.642578
0 0.591797 0.660156 0.595703 0.666016 0.601562 0.660156 0.607422 0.664062 0.599609 0.679688 0.607422 0.685547 0.607422 0.701172 0.613281 0.707031 0.628906 0.697266 0.654297 0.701172 0.662109 0.695312 0.648438 0.685547 0.640625 0.683594 0.634766 0.687500 0.628906 0.681641 0.638672 0.666016 0.638672 0.656250 0.628906 0.642578 0.605469 0.644531
0 0.207031 0.646484 0.205078 0.648438 0.205078 0.650391 0.207031 0.652344 0.208984 0.652344 0.210938 0.650391 0.210938 0.648438 0.208984 0.646484
1 0.488281 0.654297 0.484375 0.654297 0.480469 0.658203 0.480469 0.664062 0.464844 0.681641 0.462891 0.685547 0.464844 0.689453 0.472656 0.689453 0.480469 0.683594 0.482422 0.677734 0.492188 0.666016 0.492188 0.658203
1 0.533203 0.658203 0.531250 0.660156 0.531250 0.666016 0.533203 0.667969 0.531250 0.669922 0.531250 0.677734 0.533203 0.679688 0.537109 0.679688 0.541016 0.675781 0.541016 0.667969 0.539062 0.666016 0.539062 0.660156 0.537109 0.658203
0 0.650391 0.660156 0.648438 0.662109 0.648438 0.667969 0.652344 0.671875 0.654297 0.669922 0.654297 0.662109 0.652344 0.660156
0 0.892578 0.660156 0.888672 0.660156 0.882812 0.666016 0.882812 0.667969 0.878906 0.673828 0.878906 0.677734 0.880859 0.679688 0.880859 0.681641 0.886719 0.687500 0.888672 0.687500 0.890625 0.685547 0.890625 0.683594 0.894531 0.677734 0.894531 0.673828 0.896484 0.671875 0.896484 0.667969 0.898438 0.666016
0 0.585938 0.669922 0.582031 0.666016 0.578125 0.669922 0.580078 0.671875 0.583984 0.671875
0 0.496094 0.677734 0.494141 0.679688 0.496094 0.681641 0.498047 0.679688
0 0.683594 0.679688 0.681641 0.681641 0.681641 0.685547 0.683594 0.687500 0.687500 0.687500 0.689453 0.685547 0.689453 0.683594 0.685547 0.679688
0 0.806641 0.689453 0.804688 0.691406 0.806641 0.693359 0.808594 0.693359 0.810547 0.691406 0.808594 0.689453
0 0.371094 0.695312 0.367188 0.691406 0.365234 0.693359 0.363281 0.693359 0.359375 0.697266 0.361328 0.699219 0.369141 0.699219 0.371094 0.697266
0 0.691406 0.693359 0.687500 0.697266 0.691406 0.701172 0.695312 0.697266
0 0.988281 0.701172 0.986328 0.703125 0.988281 0.705078 0.990234 0.705078 0.992188 0.703125 0.990234 0.701172
0 0.677734 0.710938 0.693359 0.726562 0.695312 0.730469 0.699219 0.730469 0.701172 0.732422 0.705078 0.728516 0.705078 0.718750 0.707031 0.716797 0.707031 0.710938 0.705078 0.708984 0.703125 0.708984 0.699219 0.712891 0.699219 0.716797 0.695312 0.720703 0.679688 0.708984
0 0.939453 0.712891 0.933594 0.718750 0.935547 0.720703 0.933594 0.722656 0.933594 0.726562 0.935547 0.728516 0.935547 0.732422 0.941406 0.738281 0.943359 0.738281 0.949219 0.732422 0.949219 0.726562 0.947266 0.724609 0.949219 0.722656 0.947266 0.720703 0.947266 0.716797 0.943359 0.712891
0 0.507812 0.716797 0.505859 0.718750 0.505859 0.720703 0.507812 0.722656 0.509766 0.722656 0.511719 0.720703 0.511719 0.718750 0.509766 0.716797
0 0.640625 0.716797 0.638672 0.718750 0.638672 0.720703 0.642578 0.724609 0.644531 0.724609 0.648438 0.720703 0.646484 0.718750 0.642578 0.718750
0 0.208984 0.732422 0.207031 0.734375 0.207031 0.736328 0.208984 0.738281 0.210938 0.736328 0.210938 0.734375
0 0.646484 0.736328 0.644531 0.738281 0.648438 0.742188 0.650391 0.740234 0.650391 0.738281 0.648438 0.736328
0 0.748047 0.736328 0.746094 0.738281 0.746094 0.740234 0.748047 0.742188 0.750000 0.742188 0.751953 0.740234
1 0.703125 0.740234 0.699219 0.744141 0.703125 0.748047 0.707031 0.748047 0.712891 0.753906 0.716797 0.750000 0.712891 0.746094 0.710938 0.746094 0.707031 0.742188 0.705078 0.742188
0 0.792969 0.751953 0.789062 0.751953 0.787109 0.753906 0.785156 0.753906 0.783203 0.755859 0.783203 0.761719 0.787109 0.765625 0.789062 0.765625 0.791016 0.767578 0.796875 0.761719 0.796875 0.755859
0 0.482422 0.757812 0.478516 0.757812 0.472656 0.763672 0.472656 0.769531 0.476562 0.773438 0.478516 0.773438 0.480469 0.771484 0.482422 0.771484 0.484375 0.769531 0.484375 0.767578 0.486328 0.765625 0.486328 0.761719
0 0.912109 0.767578 0.908203 0.771484 0.908203 0.773438 0.914062 0.779297 0.916016 0.779297 0.919922 0.775391 0.919922 0.773438 0.916016 0.769531 0.914062 0.769531
1 0.742188 0.775391 0.734375 0.775391 0.732422 0.783203 0.746094 0.791016 0.736328 0.800781 0.724609 0.796875 0.716797 0.808594 0.718750 0.833984 0.726562 0.845703 0.736328 0.839844 0.736328 0.824219 0.748047 0.812500 0.751953 0.814453 0.761719 0.804688 0.761719 0.798828 0.746094 0.787109 0.748047 0.779297
0 0.925781 0.781250 0.921875 0.787109 0.923828 0.789062 0.923828 0.792969 0.929688 0.798828 0.933594 0.798828 0.937500 0.794922 0.937500 0.792969 0.939453 0.791016 0.939453 0.787109 0.933594 0.781250
0 0.708984 0.794922 0.707031 0.796875 0.707031 0.802734 0.708984 0.804688 0.710938 0.804688 0.712891 0.802734 0.712891 0.800781 0.710938 0.798828 0.710938 0.796875
0 0.962891 0.798828 0.958984 0.802734 0.958984 0.806641 0.964844 0.812500 0.970703 0.806641 0.970703 0.804688 0.964844 0.798828
0 0.833984 0.816406 0.832031 0.818359 0.832031 0.824219 0.833984 0.826172 0.835938 0.826172 0.839844 0.822266 0.839844 0.820312 0.835938 0.816406
0 0.791016 0.830078 0.792969 0.832031 0.792969 0.833984 0.800781 0.841797 0.804688 0.841797 0.810547 0.837891 0.810547 0.832031 0.808594 0.830078 0.808594 0.828125 0.804688 0.824219 0.796875 0.824219
0 0.888672 0.841797 0.884766 0.845703 0.884766 0.851562 0.888672 0.855469 0.892578 0.855469 0.894531 0.853516 0.894531 0.851562 0.896484 0.849609 0.896484 0.847656 0.892578 0.843750 0.890625 0.843750
0 0.939453 0.849609 0.937500 0.851562 0.939453 0.853516 0.941406 0.853516 0.943359 0.851562 0.941406 0.849609
0 0.681641 0.855469 0.667969 0.865234 0.667969 0.871094 0.673828 0.876953 0.675781 0.884766 0.687500 0.892578 0.699219 0.882812 0.699219 0.873047 0.695312 0.867188 0.693359 0.859375 0.691406 0.857422 0.683594 0.857422
0 0.726562 0.863281 0.722656 0.863281 0.720703 0.865234 0.720703 0.867188 0.722656 0.869141 0.724609 0.869141 0.728516 0.865234
0 0.878906 0.873047 0.875000 0.873047 0.873047 0.875000 0.871094 0.875000 0.867188 0.878906 0.867188 0.886719 0.873047 0.892578 0.878906 0.890625 0.884766 0.884766 0.886719 0.884766 0.888672 0.882812 0.886719 0.880859 0.886719 0.878906 0.882812 0.875000 0.880859 0.875000
0 0.621094 0.876953 0.619141 0.878906 0.619141 0.884766 0.621094 0.886719 0.623047 0.886719 0.626953 0.882812 0.626953 0.880859 0.623047 0.876953
1 0.732422 0.900391 0.734375 0.914062 0.730469 0.917969 0.728516 0.923828 0.730469 0.927734 0.744141 0.939453 0.748047 0.939453 0.753906 0.933594 0.753906 0.923828 0.757812 0.919922 0.765625 0.923828 0.773438 0.923828 0.777344 0.921875 0.787109 0.927734 0.794922 0.923828 0.804688 0.931641 0.810547 0.931641 0.814453 0.927734 0.814453 0.923828 0.806641 0.917969 0.796875 0.919922 0.789062 0.912109 0.773438 0.914062 0.755859 0.898438 0.734375 0.898438
1 0.914062 0.902344 0.914062 0.906250 0.927734 0.919922 0.935547 0.919922 0.937500 0.917969 0.937500 0.910156 0.935547 0.908203 0.933594 0.908203 0.931641 0.906250 0.923828 0.906250 0.917969 0.900391 0.916016 0.900391
0 0.578125 0.908203 0.578125 0.910156 0.580078 0.912109 0.580078 0.914062 0.583984 0.917969 0.585938 0.917969 0.587891 0.919922 0.593750 0.919922 0.599609 0.914062 0.599609 0.910156 0.595703 0.906250 0.587891 0.906250 0.585938 0.904297 0.583984 0.904297
0 0.837891 0.919922 0.835938 0.921875 0.835938 0.923828 0.839844 0.927734 0.843750 0.923828 0.839844 0.919922
0 0.894531 0.925781 0.890625 0.929688 0.890625 0.933594 0.894531 0.937500 0.898438 0.937500 0.902344 0.933594 0.902344 0.931641 0.896484 0.925781
0 0.775391 0.933594 0.773438 0.935547 0.771484 0.935547 0.769531 0.937500 0.769531 0.943359 0.775391 0.949219 0.781250 0.943359 0.781250 0.937500 0.779297 0.935547 0.777344 0.935547
0 0.982422 0.935547 0.980469 0.937500 0.980469 0.939453 0.984375 0.943359 0.988281 0.939453 0.984375 0.935547
0 0.871094 0.937500 0.867188 0.941406 0.867188 0.947266 0.871094 0.951172 0.878906 0.951172 0.884766 0.945312 0.884766 0.943359 0.878906 0.937500
0 0.757812 0.955078 0.755859 0.957031 0.757812 0.958984 0.759766 0.957031
0 0.556641 0.958984 0.554688 0.960938 0.552734 0.960938 0.546875 0.966797 0.546875 0.972656 0.552734 0.978516 0.560547 0.978516 0.564453 0.974609 0.564453 0.972656 0.566406 0.970703 0.566406 0.966797 0.560547 0.960938 0.558594 0.960938
0 0.806641 0.958984 0.802734 0.962891 0.802734 0.964844 0.806641 0.968750 0.808594 0.968750 0.812500 0.964844 0.812500 0.962891 0.808594 0.958984
1 0.736328 0.972656 0.738281 0.976562 0.750000 0.986328 0.757812 0.998047 0.773438 0.998047 0.761719 0.990234 0.763672 0.986328 0.763672 0.978516 0.757812 0.972656 0.751953 0.972656 0.746094 0.968750
1 0.664062 0.998047 0.658203 0.992188 0.656250 0.992188 0.654297 0.990234 0.650391 0.990234 0.648438 0.992188 0.646484 0.992188 0.640625 0.998047 0.638672 0.996094 0.636719 0.996094 0.634766 0.998047
