1 0.335938 0.000000 0.337891 0.001953 0.339844 0.001953 0.341797 0.000000
0 0.277344 0.037109 0.275391 0.037109 0.273438 0.039062 0.273438 0.041016 0.275391 0.042969 0.279297 0.039062
0 0.462891 0.062500 0.457031 0.066406 0.457031 0.070312 0.458984 0.072266 0.458984 0.076172 0.462891 0.080078 0.462891 0.082031 0.466797 0.085938 0.470703 0.082031 0.470703 0.072266 0.468750 0.070312 0.468750 0.068359
0 0.291016 0.066406 0.289062 0.068359 0.289062 0.070312 0.291016 0.072266 0.292969 0.070312 0.292969 0.068359
0 0.451172 0.078125 0.449219 0.080078 0.449219 0.083984 0.451172 0.085938 0.453125 0.083984 0.453125 0.080078
0 0.453125 0.105469 0.449219 0.109375 0.449219 0.113281 0.445312 0.117188 0.445312 0.121094 0.447266 0.123047 0.449219 0.121094 0.455078 0.121094 0.458984 0.117188 0.458984 0.113281 0.457031 0.111328 0.457031 0.109375
1 0.046875 0.113281 0.000000 0.140625 0.011719 0.173828 0.078125 0.148438 0.000000 0.220703 0.000000 0.474609 0.119141 0.718750 0.201172 0.707031 0.193359 0.787109 0.236328 0.746094 0.285156 0.787109 0.267578 0.998047 0.380859 0.998047 0.302734 0.986328 0.308594 0.880859 0.433594 0.888672 0.498047 0.855469 0.578125 0.750000 0.589844 0.667969 0.554688 0.597656 0.513672 0.685547 0.490234 0.630859 0.431641 0.640625 0.406250 0.589844 0.343750 0.587891 0.398438 0.494141 0.322266 0.511719 0.322266 0.449219 0.187500 0.363281 0.259766 0.275391 0.179688 0.347656 0.136719 0.337891 0.232422 0.214844 0.146484 0.294922 0.111328 0.281250 0.130859 0.316406 0.095703 0.330078 0.039062 0.238281 0.132812 0.136719
0 0.154297 0.121094 0.148438 0.126953 0.156250 0.136719 0.148438 0.142578 0.142578 0.142578 0.138672 0.138672 0.136719 0.140625 0.140625 0.144531 0.142578 0.142578 0.156250 0.158203 0.183594 0.154297 0.187500 0.160156 0.183594 0.171875 0.167969 0.189453 0.154297 0.191406 0.150391 0.207031 0.162109 0.214844 0.169922 0.210938 0.177734 0.201172 0.185547 0.201172 0.193359 0.193359 0.203125 0.193359 0.208984 0.189453 0.218750 0.201172 0.222656 0.189453 0.220703 0.175781 0.201172 0.148438 0.175781 0.134766 0.162109 0.123047
0 0.369141 0.152344 0.369141 0.158203 0.371094 0.160156 0.371094 0.162109 0.375000 0.166016 0.384766 0.166016 0.388672 0.162109 0.388672 0.158203 0.384766 0.152344 0.382812 0.152344 0.380859 0.150391 0.371094 0.150391
0 0.156250 0.162109 0.154297 0.164062 0.156250 0.166016 0.158203 0.164062
1 0.048828 0.171875 0.046875 0.169922 0.044922 0.169922 0.041016 0.173828 0.039062 0.173828 0.035156 0.177734 0.037109 0.179688 0.041016 0.179688 0.042969 0.177734 0.044922 0.177734 0.046875 0.175781 0.046875 0.173828
0 0.248047 0.177734 0.246094 0.179688 0.246094 0.183594 0.248047 0.185547 0.251953 0.181641
0 0.269531 0.177734 0.267578 0.179688 0.269531 0.181641 0.271484 0.179688
0 0.021484 0.183594 0.013672 0.191406 0.009766 0.193359 0.001953 0.193359 0.000000 0.195312 0.000000 0.207031 0.011719 0.216797 0.015625 0.216797 0.027344 0.205078 0.025391 0.201172 0.015625 0.207031 0.011719 0.203125 0.011719 0.201172 0.025391 0.187500
0 0.406250 0.183594 0.402344 0.187500 0.404297 0.189453 0.406250 0.189453 0.408203 0.187500 0.408203 0.185547
0 0.724609 0.189453 0.722656 0.191406 0.722656 0.193359 0.726562 0.197266 0.728516 0.195312 0.728516 0.193359
0 0.359375 0.205078 0.357422 0.207031 0.357422 0.212891 0.359375 0.214844 0.363281 0.214844 0.367188 0.210938 0.367188 0.208984 0.363281 0.205078
0 0.375000 0.212891 0.373047 0.214844 0.375000 0.216797 0.376953 0.214844
0 0.107422 0.220703 0.105469 0.222656 0.107422 0.224609 0.109375 0.222656
1 0.140625 0.232422 0.134766 0.238281 0.134766 0.240234 0.132812 0.242188 0.132812 0.244141 0.111328 0.265625 0.111328 0.267578 0.109375 0.269531 0.109375 0.271484 0.111328 0.273438 0.121094 0.263672 0.123047 0.263672 0.126953 0.259766 0.126953 0.257812 0.128906 0.255859 0.128906 0.253906 0.132812 0.250000 0.134766 0.250000 0.138672 0.246094 0.140625 0.246094 0.144531 0.242188 0.144531 0.236328
1 0.236328 0.238281 0.234375 0.240234 0.234375 0.242188 0.238281 0.246094 0.236328 0.248047 0.236328 0.250000 0.232422 0.253906 0.232422 0.255859 0.236328 0.259766 0.238281 0.259766 0.242188 0.255859 0.242188 0.251953 0.238281 0.246094 0.238281 0.244141 0.240234 0.242188
0 0.277344 0.240234 0.273438 0.244141 0.277344 0.248047 0.279297 0.248047 0.283203 0.244141 0.279297 0.240234
1 0.310547 0.250000 0.324219 0.261719 0.339844 0.265625 0.349609 0.259766 0.357422 0.267578 0.361328 0.265625 0.361328 0.261719 0.357422 0.257812 0.353516 0.257812 0.347656 0.251953 0.335938 0.248047 0.330078 0.238281 0.320312 0.246094 0.312500 0.246094
0 0.294922 0.248047 0.292969 0.250000 0.294922 0.251953 0.296875 0.250000
0 0.283203 0.255859 0.275391 0.255859 0.271484 0.259766 0.273438 0.261719 0.271484 0.263672 0.275391 0.267578 0.277344 0.265625 0.279297 0.265625 0.285156 0.259766 0.285156 0.257812
0 0.382812 0.259766 0.380859 0.259766 0.376953 0.263672 0.380859 0.267578 0.384766 0.263672 0.384766 0.261719
0 0.382812 0.271484 0.380859 0.273438 0.382812 0.275391 0.384766 0.273438
0 0.371094 0.273438 0.369141 0.273438 0.365234 0.277344 0.365234 0.281250 0.367188 0.283203 0.369141 0.281250 0.373047 0.281250 0.375000 0.279297 0.375000 0.277344
0 0.357422 0.285156 0.355469 0.287109 0.355469 0.289062 0.357422 0.291016 0.361328 0.291016 0.363281 0.289062 0.363281 0.287109 0.361328 0.285156
0 0.306641 0.294922 0.302734 0.294922 0.300781 0.296875 0.298828 0.296875 0.296875 0.298828 0.298828 0.300781 0.298828 0.302734 0.302734 0.306641 0.304688 0.306641 0.306641 0.304688 0.308594 0.304688 0.310547 0.302734 0.310547 0.298828
0 0.279297 0.298828 0.273438 0.302734 0.277344 0.320312 0.275391 0.322266 0.275391 0.330078 0.269531 0.337891 0.269531 0.341797 0.275391 0.345703 0.279297 0.345703 0.289062 0.335938 0.294922 0.333984 0.300781 0.328125 0.300781 0.318359 0.294922 0.310547 0.287109 0.310547
0 0.347656 0.298828 0.343750 0.302734 0.345703 0.304688 0.349609 0.300781
0 0.365234 0.298828 0.361328 0.302734 0.365234 0.306641 0.369141 0.302734
0 0.414062 0.314453 0.412109 0.314453 0.408203 0.318359 0.412109 0.322266 0.414062 0.320312 0.414062 0.318359 0.416016 0.316406
0 0.392578 0.333984 0.388672 0.330078 0.386719 0.330078 0.382812 0.333984 0.382812 0.335938 0.380859 0.337891 0.382812 0.339844 0.384766 0.337891 0.390625 0.337891 0.392578 0.335938
0 0.515625 0.332031 0.513672 0.333984 0.511719 0.333984 0.509766 0.335938 0.509766 0.341797 0.511719 0.343750 0.513672 0.343750 0.515625 0.345703 0.521484 0.339844 0.521484 0.337891
0 0.316406 0.341797 0.314453 0.341797 0.310547 0.345703 0.310547 0.349609 0.306641 0.355469 0.306641 0.359375 0.310547 0.363281 0.312500 0.363281 0.314453 0.361328 0.316406 0.361328 0.320312 0.357422 0.320312 0.355469 0.322266 0.353516 0.322266 0.347656
0 0.255859 0.343750 0.250000 0.349609 0.250000 0.359375 0.251953 0.363281 0.263672 0.375000 0.275391 0.375000 0.279297 0.373047 0.283203 0.367188 0.283203 0.363281 0.261719 0.343750
0 0.603516 0.349609 0.601562 0.351562 0.603516 0.353516 0.605469 0.353516 0.607422 0.351562 0.605469 0.349609
0 0.242188 0.365234 0.240234 0.367188 0.242188 0.369141 0.244141 0.367188
0 0.394531 0.367188 0.390625 0.371094 0.398438 0.378906 0.400391 0.376953 0.400391 0.373047
0 0.529297 0.378906 0.525391 0.382812 0.525391 0.384766 0.527344 0.386719 0.529297 0.386719 0.531250 0.384766 0.531250 0.380859
0 0.458984 0.386719 0.457031 0.384766 0.455078 0.384766 0.451172 0.388672 0.453125 0.390625 0.457031 0.390625 0.458984 0.388672
0 0.402344 0.392578 0.400391 0.394531 0.402344 0.396484 0.404297 0.394531
0 0.732422 0.392578 0.728516 0.396484 0.728516 0.398438 0.732422 0.402344 0.736328 0.402344 0.740234 0.398438 0.740234 0.394531 0.738281 0.392578
0 0.427734 0.398438 0.425781 0.400391 0.427734 0.402344 0.429688 0.400391
0 0.287109 0.416016 0.285156 0.417969 0.285156 0.419922 0.287109 0.421875 0.289062 0.421875 0.291016 0.419922
1 0.402344 0.419922 0.404297 0.421875 0.408203 0.421875 0.410156 0.419922 0.412109 0.419922 0.414062 0.417969 0.416016 0.419922 0.419922 0.419922 0.421875 0.417969 0.419922 0.416016 0.417969 0.416016 0.416016 0.414062 0.410156 0.414062 0.408203 0.416016 0.406250 0.416016
0 0.441406 0.414062 0.437500 0.417969 0.441406 0.421875 0.443359 0.421875 0.445312 0.419922 0.445312 0.417969
1 0.457031 0.416016 0.455078 0.417969 0.455078 0.419922 0.453125 0.421875 0.460938 0.429688 0.462891 0.429688 0.466797 0.433594 0.468750 0.433594 0.470703 0.431641 0.470703 0.427734 0.458984 0.416016
0 0.347656 0.435547 0.345703 0.437500 0.349609 0.441406 0.351562 0.439453 0.351562 0.437500 0.349609 0.435547
0 0.474609 0.435547 0.472656 0.437500 0.474609 0.439453 0.474609 0.441406 0.476562 0.443359 0.478516 0.443359 0.482422 0.439453 0.482422 0.437500 0.480469 0.435547
0 0.361328 0.437500 0.357422 0.441406 0.363281 0.447266 0.367188 0.443359 0.367188 0.441406 0.363281 0.437500
1 0.441406 0.439453 0.439453 0.441406 0.439453 0.443359 0.441406 0.445312 0.441406 0.447266 0.443359 0.449219 0.443359 0.451172 0.441406 0.453125 0.441406 0.455078 0.445312 0.458984 0.447266 0.457031 0.453125 0.462891 0.453125 0.464844 0.451172 0.466797 0.451172 0.468750 0.449219 0.470703 0.449219 0.472656 0.451172 0.474609 0.453125 0.472656 0.453125 0.470703 0.458984 0.464844 0.458984 0.460938 0.451172 0.453125 0.451172 0.449219 0.453125 0.447266 0.453125 0.445312 0.451172 0.443359 0.447266 0.443359 0.445312 0.441406 0.443359 0.441406
0 0.589844 0.441406 0.585938 0.445312 0.589844 0.449219 0.593750 0.449219 0.595703 0.447266 0.595703 0.445312 0.591797 0.441406
0 0.494141 0.453125 0.490234 0.457031 0.490234 0.458984 0.492188 0.460938 0.498047 0.460938 0.501953 0.457031 0.498047 0.453125
0 0.710938 0.455078 0.708984 0.457031 0.708984 0.458984 0.710938 0.460938 0.712891 0.460938 0.714844 0.458984 0.714844 0.457031 0.712891 0.455078
0 0.355469 0.458984 0.351562 0.462891 0.351562 0.464844 0.355469 0.468750 0.359375 0.468750 0.363281 0.464844 0.363281 0.462891 0.359375 0.458984
0 0.417969 0.460938 0.416016 0.462891 0.416016 0.464844 0.417969 0.466797 0.417969 0.468750 0.419922 0.470703 0.421875 0.470703 0.423828 0.468750 0.423828 0.464844 0.419922 0.460938
0 0.396484 0.464844 0.392578 0.468750 0.396484 0.472656 0.398438 0.470703 0.398438 0.466797
0 0.476562 0.464844 0.472656 0.464844 0.468750 0.468750 0.468750 0.470703 0.472656 0.474609 0.474609 0.474609 0.478516 0.470703 0.478516 0.466797
0 0.564453 0.466797 0.562500 0.468750 0.562500 0.472656 0.564453 0.474609 0.564453 0.476562 0.566406 0.478516 0.570312 0.478516 0.574219 0.474609 0.574219 0.472656 0.568359 0.466797
0 0.498047 0.470703 0.496094 0.470703 0.494141 0.468750 0.490234 0.468750 0.484375 0.474609 0.484375 0.482422 0.480469 0.488281 0.480469 0.490234 0.482422 0.492188 0.488281 0.486328 0.490234 0.486328 0.492188 0.484375 0.498047 0.484375 0.500000 0.482422 0.501953 0.476562
0 0.390625 0.474609 0.388672 0.474609 0.384766 0.478516 0.384766 0.480469 0.386719 0.482422 0.388672 0.482422 0.392578 0.478516 0.392578 0.476562
0 0.533203 0.480469 0.523438 0.488281 0.523438 0.500000 0.531250 0.509766 0.535156 0.511719 0.541016 0.511719 0.544922 0.509766 0.550781 0.501953 0.550781 0.490234 0.541016 0.480469
0 0.593750 0.484375 0.591797 0.484375 0.583984 0.492188 0.583984 0.496094 0.585938 0.498047 0.589844 0.498047 0.597656 0.490234 0.597656 0.488281
0 0.417969 0.500000 0.417969 0.501953 0.423828 0.507812 0.425781 0.505859 0.427734 0.505859 0.429688 0.503906 0.423828 0.498047 0.419922 0.498047
0 0.447266 0.496094 0.445312 0.498047 0.447266 0.500000 0.449219 0.500000 0.451172 0.498047 0.449219 0.496094
0 0.681641 0.511719 0.677734 0.515625 0.679688 0.517578 0.681641 0.517578 0.683594 0.515625 0.683594 0.513672
0 0.490234 0.521484 0.486328 0.525391 0.488281 0.527344 0.490234 0.527344 0.492188 0.525391 0.492188 0.523438
0 0.423828 0.529297 0.423828 0.535156 0.425781 0.537109 0.427734 0.544922 0.437500 0.550781 0.455078 0.548828 0.458984 0.544922 0.449219 0.535156 0.447266 0.531250 0.437500 0.525391 0.429688 0.523438
0 0.533203 0.529297 0.527344 0.535156 0.529297 0.537109 0.529297 0.539062 0.531250 0.541016 0.533203 0.539062 0.535156 0.539062 0.539062 0.535156
0 0.777344 0.558594 0.775391 0.560547 0.777344 0.562500 0.779297 0.560547
0 0.431641 0.568359 0.421875 0.578125 0.416016 0.580078 0.412109 0.585938 0.416016 0.589844 0.427734 0.587891 0.431641 0.591797 0.435547 0.603516 0.439453 0.607422 0.445312 0.607422 0.451172 0.599609 0.445312 0.591797 0.445312 0.587891 0.435547 0.576172 0.437500 0.572266
0 0.480469 0.572266 0.474609 0.566406 0.472656 0.566406 0.470703 0.568359 0.466797 0.568359 0.462891 0.572266 0.464844 0.574219 0.466797 0.574219 0.468750 0.576172 0.476562 0.576172
0 0.601562 0.580078 0.597656 0.583984 0.601562 0.587891 0.603516 0.587891 0.607422 0.583984 0.603516 0.580078
0 0.619141 0.578125 0.617188 0.580078 0.617188 0.582031 0.619141 0.583984 0.621094 0.583984 0.623047 0.582031
0 0.683594 0.587891 0.679688 0.591797 0.683594 0.595703 0.685547 0.595703 0.687500 0.593750 0.687500 0.589844 0.685547 0.587891
0 0.287109 0.589844 0.285156 0.591797 0.287109 0.593750 0.289062 0.593750 0.291016 0.591797 0.289062 0.589844
1 0.597656 0.597656 0.595703 0.595703 0.591797 0.595703 0.589844 0.593750 0.587891 0.593750 0.583984 0.589844 0.582031 0.589844 0.580078 0.591797 0.578125 0.591797 0.574219 0.595703 0.572266 0.595703 0.570312 0.597656 0.570312 0.601562 0.574219 0.605469 0.582031 0.605469 0.591797 0.597656 0.593750 0.599609 0.595703 0.599609
0 0.796875 0.589844 0.787109 0.589844 0.783203 0.593750 0.783203 0.601562 0.787109 0.605469 0.791016 0.605469 0.800781 0.595703 0.798828 0.593750 0.798828 0.591797
0 0.636719 0.613281 0.638672 0.615234 0.640625 0.615234 0.646484 0.621094 0.650391 0.621094 0.654297 0.617188 0.654297 0.615234 0.648438 0.609375 0.644531 0.609375 0.642578 0.611328 0.638672 0.611328
0 0.523438 0.613281 0.517578 0.617188 0.517578 0.626953 0.525391 0.634766 0.527344 0.634766 0.529297 0.632812 0.529297 0.630859 0.531250 0.628906 0.531250 0.626953 0.529297 0.625000 0.529297 0.619141
0 0.716797 0.615234 0.714844 0.617188 0.716797 0.619141 0.718750 0.619141 0.720703 0.617188 0.718750 0.615234
0 0.968750 0.634766 0.964844 0.638672 0.968750 0.642578 0.972656 0.638672
0 0.931641 0.640625 0.929688 0.642578 0.929688 0.644531 0.931641 0.646484 0.933594 0.646484 0.935547 0.644531
0 0.660156 0.652344 0.656250 0.652344 0.652344 0.656250 0.656250 0.660156 0.658203 0.660156 0.662109 0.656250 0.662109 0.654297
0 0.623047 0.666016 0.623047 0.669922 0.625000 0.671875 0.630859 0.671875 0.634766 0.667969 0.630859 0.664062 0.625000 0.664062
0 0.878906 0.666016 0.875000 0.669922 0.875000 0.671875 0.878906 0.675781 0.882812 0.671875 0.882812 0.669922
0 0.814453 0.669922 0.812500 0.671875 0.814453 0.673828 0.816406 0.673828 0.818359 0.671875 0.816406 0.669922
0 0.923828 0.677734 0.921875 0.679688 0.925781 0.683594 0.927734 0.681641 0.927734 0.679688 0.925781 0.677734
0 0.810547 0.691406 0.806641 0.695312 0.806641 0.697266 0.810547 0.701172 0.814453 0.701172 0.818359 0.697266 0.818359 0.695312 0.814453 0.691406
0 0.917969 0.705078 0.914062 0.701172 0.912109 0.701172 0.910156 0.703125 0.908203 0.703125 0.904297 0.707031 0.908203 0.710938 0.914062 0.710938 0.917969 0.707031
0 0.982422 0.708984 0.978516 0.712891 0.978516 0.716797 0.976562 0.718750 0.976562 0.722656 0.980469 0.726562 0.982422 0.726562 0.984375 0.728516 0.988281 0.724609 0.988281 0.718750 0.986328 0.716797 0.986328 0.714844 0.984375 0.712891 0.984375 0.710938
0 0.748047 0.712891 0.744141 0.712891 0.740234 0.716797 0.740234 0.718750 0.738281 0.720703 0.738281 0.730469 0.744141 0.734375 0.750000 0.728516 0.750000 0.724609 0.751953 0.722656 0.751953 0.716797
0 0.865234 0.714844 0.861328 0.718750 0.861328 0.720703 0.865234 0.724609 0.867188 0.724609 0.869141 0.722656 0.869141 0.718750
0 0.882812 0.716797 0.876953 0.720703 0.876953 0.734375 0.878906 0.736328 0.884766 0.736328 0.886719 0.738281 0.888672 0.738281 0.894531 0.732422 0.894531 0.726562 0.892578 0.724609 0.892578 0.722656 0.888672 0.718750
0 0.306641 0.720703 0.304688 0.722656 0.306641 0.724609 0.308594 0.724609 0.310547 0.722656 0.308594 0.720703
0 0.947266 0.718750 0.939453 0.718750 0.933594 0.724609 0.933594 0.730469 0.941406 0.738281 0.943359 0.738281 0.945312 0.736328 0.945312 0.734375 0.947266 0.732422 0.947266 0.730469 0.951172 0.726562 0.951172 0.722656
1 0.853516 0.734375 0.847656 0.742188 0.859375 0.753906 0.855469 0.763672 0.857422 0.765625 0.855469 0.779297 0.861328 0.785156 0.875000 0.785156 0.880859 0.775391 0.878906 0.767578 0.880859 0.755859 0.876953 0.751953 0.867188 0.750000 0.863281 0.746094 0.863281 0.740234 0.857422 0.734375
0 0.951172 0.746094 0.949219 0.748047 0.949219 0.750000 0.951172 0.751953 0.953125 0.750000 0.953125 0.748047
0 0.480469 0.765625 0.478516 0.767578 0.478516 0.769531 0.476562 0.771484 0.476562 0.773438 0.478516 0.775391 0.482422 0.775391 0.484375 0.773438 0.484375 0.769531
0 0.964844 0.767578 0.960938 0.771484 0.960938 0.773438 0.962891 0.775391 0.966797 0.775391 0.968750 0.773438 0.968750 0.771484
1 0.775391 0.826172 0.781250 0.832031 0.796875 0.830078 0.804688 0.822266 0.796875 0.810547 0.802734 0.804688 0.810547 0.806641 0.814453 0.816406 0.822266 0.820312 0.835938 0.810547 0.851562 0.816406 0.859375 0.808594 0.859375 0.802734 0.841797 0.798828 0.826172 0.785156 0.798828 0.779297 0.794922 0.789062 0.781250 0.796875 0.783203 0.808594 0.775391 0.818359
1 0.896484 0.789062 0.902344 0.794922 0.906250 0.794922 0.914062 0.802734 0.917969 0.802734 0.919922 0.804688 0.927734 0.796875 0.927734 0.792969 0.923828 0.789062 0.919922 0.789062 0.917969 0.791016 0.912109 0.791016 0.906250 0.785156 0.900391 0.785156
0 0.951172 0.789062 0.949219 0.791016 0.951172 0.792969 0.953125 0.792969 0.955078 0.791016 0.953125 0.789062
1 0.728516 0.796875 0.722656 0.802734 0.722656 0.806641 0.724609 0.808594 0.724609 0.810547 0.728516 0.814453 0.728516 0.822266 0.730469 0.824219 0.732422 0.824219 0.734375 0.822266 0.732422 0.820312 0.732422 0.812500 0.736328 0.808594 0.736328 0.804688 0.734375 0.802734 0.734375 0.800781
0 0.458984 0.802734 0.457031 0.804688 0.457031 0.806641 0.458984 0.808594 0.460938 0.808594 0.462891 0.806641 0.462891 0.804688 0.460938 0.802734
1 0.998047 0.800781 0.996094 0.802734 0.996094 0.806641 0.998047 0.808594
0 0.439453 0.808594 0.435547 0.808594 0.433594 0.810547 0.433594 0.812500 0.435547 0.814453 0.437500 0.814453 0.441406 0.810547
0 0.644531 0.808594 0.642578 0.810547 0.644531 0.812500 0.642578 0.814453 0.644531 0.816406 0.646484 0.816406 0.648438 0.814453 0.648438 0.812500
0 0.753906 0.808594 0.748047 0.814453 0.748047 0.820312 0.753906 0.826172 0.755859 0.826172 0.761719 0.820312 0.761719 0.816406 0.759766 0.814453 0.759766 0.812500 0.757812 0.810547 0.755859 0.810547
0 0.427734 0.822266 0.423828 0.826172 0.423828 0.830078 0.427734 0.833984 0.429688 0.833984 0.433594 0.830078 0.433594 0.828125
0 0.464844 0.822266 0.462891 0.824219 0.462891 0.826172 0.460938 0.828125 0.460938 0.830078 0.464844 0.833984 0.466797 0.833984 0.468750 0.835938 0.472656 0.835938 0.476562 0.832031 0.474609 0.830078 0.474609 0.828125 0.472656 0.826172 0.470703 0.826172 0.466797 0.822266
0 0.537109 0.822266 0.533203 0.826172 0.537109 0.830078 0.539062 0.830078 0.541016 0.828125 0.541016 0.824219 0.539062 0.822266
0 0.970703 0.826172 0.966797 0.830078 0.966797 0.835938 0.968750 0.837891 0.974609 0.837891 0.978516 0.833984 0.978516 0.830078 0.974609 0.826172
0 0.681641 0.839844 0.677734 0.843750 0.677734 0.855469 0.685547 0.863281 0.689453 0.863281 0.697266 0.855469 0.697266 0.845703 0.691406 0.839844
0 0.945312 0.839844 0.937500 0.839844 0.933594 0.841797 0.927734 0.853516 0.929688 0.855469 0.929688 0.861328 0.935547 0.869141 0.931641 0.875000 0.935547 0.880859 0.937500 0.880859 0.957031 0.859375 0.957031 0.853516 0.953125 0.845703
1 0.792969 0.847656 0.781250 0.843750 0.744141 0.851562 0.730469 0.845703 0.726562 0.861328 0.744141 0.876953 0.724609 0.892578 0.685547 0.882812 0.679688 0.886719 0.681641 0.906250 0.669922 0.900391 0.652344 0.914062 0.640625 0.906250 0.628906 0.916016 0.605469 0.914062 0.591797 0.937500 0.593750 0.955078 0.626953 0.962891 0.638672 0.978516 0.632812 0.982422 0.623047 0.974609 0.611328 0.986328 0.595703 0.982422 0.572266 0.998047 0.611328 0.998047 0.613281 0.988281 0.619141 0.998047 0.636719 0.998047 0.646484 0.986328 0.648438 0.998047 0.679688 0.998047 0.669922 0.982422 0.679688 0.974609 0.681641 0.960938 0.664062 0.953125 0.677734 0.921875 0.697266 0.923828 0.730469 0.906250 0.748047 0.880859 0.792969 0.886719
0 0.638672 0.849609 0.636719 0.851562 0.636719 0.853516 0.640625 0.857422 0.644531 0.853516 0.640625 0.849609
0 0.912109 0.849609 0.910156 0.851562 0.910156 0.853516 0.912109 0.855469 0.914062 0.853516 0.914062 0.851562
1 0.998047 0.851562 0.992188 0.857422 0.992188 0.863281 0.994141 0.865234 0.994141 0.869141 0.996094 0.871094 0.996094 0.873047 0.998047 0.875000 0.998047 0.876953 0.996094 0.878906 0.996094 0.886719 0.994141 0.888672 0.994141 0.890625 0.992188 0.892578 0.992188 0.894531 0.994141 0.896484 0.998047 0.896484
0 0.531250 0.857422 0.529297 0.857422 0.527344 0.859375 0.527344 0.861328 0.529297 0.863281 0.533203 0.859375
0 0.562500 0.861328 0.558594 0.865234 0.558594 0.867188 0.562500 0.871094 0.566406 0.867188 0.566406 0.865234
0 0.363281 0.900391 0.361328 0.900391 0.359375 0.902344 0.357422 0.902344 0.355469 0.904297 0.357422 0.906250 0.357422 0.908203 0.359375 0.910156 0.363281 0.910156 0.367188 0.906250 0.367188 0.904297
0 0.587891 0.900391 0.585938 0.900391 0.583984 0.902344 0.583984 0.912109 0.585938 0.914062 0.587891 0.912109 0.587891 0.910156 0.589844 0.908203 0.589844 0.906250 0.591797 0.904297
0 0.193359 0.910156 0.189453 0.914062 0.189453 0.917969 0.191406 0.919922 0.197266 0.919922 0.201172 0.916016 0.201172 0.914062 0.197266 0.910156
0 0.474609 0.912109 0.474609 0.914062 0.476562 0.916016 0.478516 0.921875 0.486328 0.929688 0.492188 0.929688 0.498047 0.925781 0.498047 0.923828 0.496094 0.921875 0.496094 0.917969 0.492188 0.914062 0.488281 0.914062 0.486328 0.912109 0.480469 0.912109 0.478516 0.910156 0.476562 0.910156
0 0.736328 0.914062 0.734375 0.914062 0.732422 0.916016 0.730469 0.916016 0.726562 0.919922 0.726562 0.923828 0.730469 0.927734 0.732422 0.927734 0.740234 0.919922 0.740234 0.917969
0 0.751953 0.917969 0.750000 0.919922 0.751953 0.921875 0.753906 0.921875 0.755859 0.919922 0.753906 0.917969
0 0.771484 0.923828 0.767578 0.927734 0.767578 0.929688 0.771484 0.933594 0.773438 0.933594 0.777344 0.929688 0.777344 0.927734 0.775391 0.925781 0.773438 0.925781
0 0.820312 0.935547 0.820312 0.945312 0.826172 0.951172 0.832031 0.951172 0.835938 0.947266 0.837891 0.947266 0.841797 0.943359 0.843750 0.943359 0.845703 0.941406 0.845703 0.939453 0.841797 0.935547 0.839844 0.935547 0.837891 0.933594 0.833984 0.933594 0.832031 0.931641 0.824219 0.931641
0 0.873047 0.933594 0.871094 0.935547 0.871094 0.937500 0.867188 0.941406 0.871094 0.945312 0.873047 0.945312 0.875000 0.943359 0.875000 0.935547
0 0.783203 0.939453 0.779297 0.939453 0.777344 0.941406 0.777344 0.943359 0.775391 0.945312 0.775391 0.949219 0.779297 0.953125 0.781250 0.953125 0.787109 0.947266 0.787109 0.945312 0.785156 0.943359 0.785156 0.941406
1 0.501953 0.945312 0.496094 0.951172 0.496094 0.953125 0.507812 0.964844 0.505859 0.966797 0.509766 0.970703 0.513672 0.970703 0.515625 0.968750 0.515625 0.964844 0.509766 0.958984 0.509766 0.949219 0.505859 0.945312
0 0.734375 0.957031 0.732422 0.957031 0.726562 0.962891 0.726562 0.964844 0.724609 0.966797 0.724609 0.968750 0.728516 0.972656 0.730469 0.970703 0.734375 0.970703 0.740234 0.964844 0.740234 0.962891
1 0.832031 0.968750 0.826172 0.960938 0.812500 0.958984 0.792969 0.978516 0.787109 0.978516 0.783203 0.974609 0.775391 0.976562 0.765625 0.964844 0.759766 0.968750 0.763672 0.976562 0.746094 0.986328 0.744141 0.998047 0.826172 0.998047
1 0.998047 0.958984 0.996094 0.960938 0.992188 0.960938 0.982422 0.970703 0.976562 0.972656 0.970703 0.978516 0.970703 0.982422 0.968750 0.984375 0.968750 0.998047 0.982422 0.998047 0.982422 0.990234 0.986328 0.986328 0.998047 0.984375
0 0.869141 0.962891 0.863281 0.962891 0.855469 0.970703 0.853516 0.978516 0.851562 0.980469 0.851562 0.988281 0.859375 0.998047 0.865234 0.998047 0.873047 0.990234 0.876953 0.982422 0.876953 0.968750
0 0.228516 0.966797 0.224609 0.972656 0.224609 0.978516 0.228516 0.984375 0.230469 0.984375 0.232422 0.986328 0.236328 0.986328 0.242188 0.980469 0.242188 0.974609 0.240234 0.972656 0.240234 0.970703 0.236328 0.966797
0 0.455078 0.980469 0.451172 0.984375 0.449219 0.990234 0.457031 0.998047 0.464844 0.998047 0.472656 0.990234 0.472656 0.986328 0.468750 0.982422 0.466797 0.982422 0.464844 0.980469
0 0.568359 0.982422 0.566406 0.980469 0.558594 0.980469 0.554688 0.984375 0.554688 0.990234 0.552734 0.992188 0.552734 0.994141 0.548828 0.998047 0.568359 0.998047 0.566406 0.996094 0.570312 0.992188 0.570312 0.990234 0.566406 0.984375
1 0.494141 0.996094 0.494141 0.998047 0.511719 0.998047 0.507812 0.994141 0.496094 0.994141
