1 0.000000 0.226562 0.000000 0.345703 0.013672 0.365234 0.027344 0.347656 0.000000 0.380859 0.000000 0.462891 0.041016 0.501953 0.019531 0.619141 0.078125 0.677734 0.210938 0.642578 0.273438 0.658203 0.275391 0.734375 0.214844 0.785156 0.162109 0.783203 0.152344 0.826172 0.173828 0.843750 0.222656 0.814453 0.250000 0.839844 0.230469 0.943359 0.251953 0.996094 0.285156 0.998047 0.271484 0.949219 0.304688 0.931641 0.267578 0.910156 0.275391 0.839844 0.240234 0.796875 0.285156 0.753906 0.326172 0.763672 0.457031 0.691406 0.496094 0.638672 0.501953 0.578125 0.468750 0.541016 0.480469 0.562500 0.458984 0.556641 0.433594 0.505859 0.355469 0.466797 0.277344 0.486328 0.222656 0.560547 0.167969 0.542969 0.119141 0.470703 0.039062 0.453125 0.056641 0.304688
0 0.740234 0.326172 0.738281 0.328125 0.738281 0.330078 0.736328 0.332031 0.740234 0.335938 0.744141 0.335938 0.748047 0.332031 0.748047 0.330078 0.744141 0.326172
0 0.937500 0.333984 0.933594 0.337891 0.933594 0.341797 0.935547 0.343750 0.937500 0.343750 0.941406 0.339844 0.941406 0.337891
0 0.601562 0.355469 0.599609 0.357422 0.599609 0.359375 0.601562 0.361328 0.603516 0.361328 0.605469 0.359375 0.605469 0.357422 0.603516 0.355469
0 0.691406 0.363281 0.691406 0.367188 0.695312 0.371094 0.705078 0.371094 0.710938 0.365234 0.705078 0.359375 0.697266 0.359375 0.695312 0.361328 0.693359 0.361328
0 0.541016 0.363281 0.539062 0.365234 0.541016 0.367188 0.542969 0.367188 0.544922 0.365234 0.542969 0.363281
0 0.992188 0.388672 0.988281 0.388672 0.986328 0.390625 0.986328 0.392578 0.988281 0.394531 0.990234 0.394531 0.994141 0.390625
0 0.595703 0.394531 0.591797 0.394531 0.589844 0.396484 0.589844 0.398438 0.593750 0.402344 0.597656 0.398438 0.597656 0.396484
0 0.822266 0.398438 0.818359 0.398438 0.812500 0.404297 0.812500 0.410156 0.816406 0.414062 0.820312 0.414062 0.822266 0.412109 0.824219 0.412109 0.826172 0.410156 0.826172 0.408203 0.828125 0.406250 0.828125 0.404297
0 0.890625 0.400391 0.886719 0.404297 0.886719 0.406250 0.888672 0.408203 0.890625 0.408203 0.894531 0.404297
0 0.500000 0.406250 0.496094 0.410156 0.500000 0.414062 0.503906 0.414062 0.505859 0.412109 0.505859 0.410156 0.501953 0.406250
0 0.080078 0.431641 0.076172 0.435547 0.076172 0.441406 0.078125 0.443359 0.078125 0.445312 0.080078 0.447266 0.082031 0.447266 0.083984 0.445312 0.083984 0.435547
0 0.505859 0.429688 0.501953 0.433594 0.503906 0.435547 0.505859 0.435547 0.507812 0.433594 0.507812 0.431641
0 0.701172 0.445312 0.699219 0.447266 0.699219 0.455078 0.703125 0.458984 0.703125 0.460938 0.707031 0.464844 0.708984 0.464844 0.710938 0.466797 0.716797 0.466797 0.720703 0.460938 0.720703 0.457031 0.718750 0.455078 0.718750 0.449219 0.716797 0.447266 0.708984 0.447266 0.707031 0.445312
0 0.849609 0.455078 0.847656 0.457031 0.847656 0.458984 0.849609 0.460938 0.851562 0.458984 0.851562 0.457031
0 0.597656 0.464844 0.593750 0.468750 0.597656 0.472656 0.599609 0.472656 0.601562 0.470703 0.601562 0.466797 0.599609 0.464844
0 0.656250 0.468750 0.654297 0.470703 0.654297 0.472656 0.656250 0.474609 0.660156 0.474609 0.662109 0.472656 0.662109 0.470703 0.660156 0.468750
0 0.861328 0.478516 0.859375 0.480469 0.859375 0.484375 0.861328 0.486328 0.863281 0.486328 0.867188 0.482422 0.863281 0.478516
0 0.892578 0.476562 0.890625 0.478516 0.892578 0.480469 0.894531 0.480469 0.896484 0.478516 0.894531 0.476562
0 0.730469 0.484375 0.726562 0.488281 0.726562 0.490234 0.730469 0.494141 0.732422 0.494141 0.736328 0.490234 0.736328 0.488281 0.732422 0.484375
0 0.773438 0.490234 0.771484 0.492188 0.773438 0.494141 0.775391 0.492188
0 0.193359 0.505859 0.185547 0.511719 0.185547 0.513672 0.183594 0.515625 0.183594 0.525391 0.187500 0.531250 0.189453 0.531250 0.191406 0.533203 0.199219 0.533203 0.205078 0.527344 0.205078 0.525391 0.207031 0.523438 0.207031 0.515625 0.201172 0.507812 0.199219 0.507812 0.197266 0.505859
0 0.537109 0.511719 0.539062 0.517578 0.544922 0.523438 0.546875 0.523438 0.548828 0.525391 0.558594 0.525391 0.566406 0.517578 0.566406 0.513672 0.556641 0.503906 0.548828 0.503906 0.546875 0.505859 0.542969 0.505859
0 0.226562 0.527344 0.222656 0.531250 0.222656 0.535156 0.224609 0.537109 0.228516 0.537109 0.230469 0.535156 0.230469 0.531250
0 0.861328 0.533203 0.857422 0.537109 0.857422 0.541016 0.859375 0.542969 0.863281 0.539062 0.863281 0.535156
0 0.283203 0.535156 0.279297 0.539062 0.281250 0.541016 0.281250 0.542969 0.269531 0.552734 0.269531 0.556641 0.273438 0.560547 0.275391 0.560547 0.277344 0.562500 0.279297 0.560547 0.281250 0.560547 0.287109 0.554688 0.287109 0.552734 0.283203 0.546875 0.285156 0.544922 0.287109 0.539062
0 0.878906 0.550781 0.873047 0.550781 0.867188 0.556641 0.867188 0.568359 0.873047 0.572266 0.875000 0.570312 0.876953 0.570312 0.880859 0.566406 0.880859 0.564453 0.882812 0.562500 0.882812 0.554688
0 0.671875 0.564453 0.669922 0.566406 0.669922 0.568359 0.671875 0.570312 0.673828 0.568359 0.673828 0.566406
0 0.695312 0.591797 0.693359 0.593750 0.695312 0.595703 0.697266 0.595703 0.699219 0.593750 0.697266 0.591797
1 0.277344 0.599609 0.275391 0.599609 0.273438 0.601562 0.273438 0.603516 0.267578 0.609375 0.269531 0.611328 0.271484 0.609375 0.273438 0.609375 0.275391 0.607422 0.275391 0.605469 0.279297 0.601562
0 0.742188 0.597656 0.740234 0.599609 0.740234 0.607422 0.742188 0.609375 0.748047 0.609375 0.750000 0.607422 0.750000 0.601562 0.746094 0.597656
0 0.812500 0.597656 0.810547 0.599609 0.810547 0.601562 0.814453 0.605469 0.816406 0.605469 0.820312 0.601562 0.820312 0.599609 0.818359 0.597656
0 0.671875 0.605469 0.669922 0.607422 0.669922 0.609375 0.671875 0.611328 0.673828 0.609375 0.673828 0.607422
0 0.658203 0.609375 0.656250 0.611328 0.658203 0.613281 0.660156 0.613281 0.662109 0.611328 0.660156 0.609375
0 0.601562 0.621094 0.597656 0.625000 0.601562 0.628906 0.603516 0.628906 0.607422 0.625000 0.603516 0.621094
0 0.439453 0.636719 0.437500 0.636719 0.435547 0.638672 0.435547 0.640625 0.437500 0.642578 0.441406 0.638672
0 0.666016 0.650391 0.664062 0.652344 0.662109 0.652344 0.660156 0.654297 0.660156 0.656250 0.664062 0.660156 0.669922 0.654297
0 0.539062 0.662109 0.537109 0.664062 0.539062 0.666016 0.541016 0.664062
0 0.617188 0.664062 0.615234 0.664062 0.611328 0.667969 0.611328 0.669922 0.615234 0.673828 0.621094 0.667969
0 0.724609 0.673828 0.722656 0.675781 0.722656 0.677734 0.724609 0.679688 0.726562 0.679688 0.728516 0.677734 0.728516 0.675781 0.726562 0.673828
0 0.162109 0.679688 0.160156 0.681641 0.162109 0.683594 0.164062 0.683594 0.166016 0.681641 0.164062 0.679688
1 0.642578 0.685547 0.630859 0.681641 0.625000 0.687500 0.625000 0.695312 0.638672 0.718750 0.638672 0.728516 0.628906 0.738281 0.623047 0.734375 0.593750 0.736328 0.582031 0.726562 0.568359 0.722656 0.552734 0.738281 0.546875 0.734375 0.533203 0.738281 0.550781 0.751953 0.542969 0.769531 0.550781 0.783203 0.531250 0.798828 0.531250 0.810547 0.539062 0.818359 0.560547 0.818359 0.566406 0.804688 0.576172 0.806641 0.593750 0.800781 0.583984 0.785156 0.583984 0.761719 0.587891 0.757812 0.603516 0.767578 0.611328 0.767578 0.636719 0.750000 0.652344 0.746094 0.662109 0.736328 0.667969 0.718750
0 0.708984 0.683594 0.705078 0.687500 0.708984 0.691406 0.712891 0.687500
0 0.878906 0.691406 0.878906 0.693359 0.884766 0.699219 0.892578 0.699219 0.896484 0.695312 0.896484 0.691406 0.892578 0.687500 0.882812 0.687500
0 0.580078 0.695312 0.578125 0.697266 0.580078 0.699219 0.582031 0.697266
0 0.957031 0.703125 0.953125 0.707031 0.955078 0.708984 0.955078 0.712891 0.957031 0.714844 0.957031 0.718750 0.962891 0.724609 0.964844 0.724609 0.970703 0.718750 0.970703 0.716797 0.968750 0.714844 0.968750 0.712891 0.958984 0.703125
0 0.179688 0.708984 0.175781 0.712891 0.175781 0.714844 0.177734 0.716797 0.179688 0.716797 0.183594 0.712891
0 0.228516 0.720703 0.226562 0.718750 0.224609 0.720703 0.218750 0.720703 0.214844 0.724609 0.214844 0.728516 0.216797 0.730469 0.220703 0.730469 0.228516 0.722656
0 0.439453 0.740234 0.437500 0.740234 0.431641 0.746094 0.431641 0.748047 0.435547 0.751953 0.437500 0.751953 0.441406 0.748047 0.441406 0.742188
0 0.507812 0.746094 0.505859 0.748047 0.505859 0.750000 0.507812 0.751953 0.509766 0.750000 0.509766 0.748047
0 0.675781 0.746094 0.673828 0.748047 0.673828 0.750000 0.675781 0.751953 0.677734 0.751953 0.679688 0.750000 0.679688 0.748047 0.677734 0.746094
0 0.896484 0.746094 0.892578 0.750000 0.892578 0.753906 0.898438 0.759766 0.900391 0.759766 0.906250 0.753906 0.906250 0.751953 0.900391 0.746094
0 0.187500 0.753906 0.185547 0.755859 0.187500 0.757812 0.189453 0.755859
1 0.728516 0.763672 0.722656 0.757812 0.716797 0.757812 0.707031 0.765625 0.701172 0.765625 0.691406 0.757812 0.687500 0.757812 0.677734 0.763672 0.675781 0.779297 0.671875 0.783203 0.664062 0.781250 0.652344 0.783203 0.640625 0.775391 0.634766 0.777344 0.621094 0.771484 0.611328 0.779297 0.609375 0.785156 0.628906 0.798828 0.638672 0.810547 0.638672 0.822266 0.648438 0.826172 0.652344 0.820312 0.644531 0.812500 0.644531 0.808594 0.650391 0.802734 0.675781 0.796875 0.685547 0.804688 0.689453 0.804688 0.708984 0.794922 0.720703 0.792969 0.728516 0.779297 0.726562 0.775391
0 0.468750 0.767578 0.466797 0.769531 0.466797 0.771484 0.468750 0.773438 0.470703 0.771484 0.470703 0.769531
0 0.494141 0.777344 0.492188 0.779297 0.494141 0.781250 0.496094 0.781250 0.498047 0.779297 0.496094 0.777344
0 0.519531 0.785156 0.521484 0.787109 0.525391 0.787109 0.527344 0.789062 0.529297 0.787109 0.531250 0.789062 0.533203 0.787109 0.533203 0.785156 0.529297 0.781250 0.523438 0.781250
0 0.419922 0.787109 0.417969 0.789062 0.419922 0.791016 0.421875 0.789062
0 0.781250 0.796875 0.777344 0.800781 0.777344 0.804688 0.783203 0.810547 0.791016 0.810547 0.794922 0.806641 0.794922 0.804688 0.792969 0.802734 0.792969 0.800781 0.791016 0.798828 0.789062 0.798828 0.787109 0.796875
0 0.457031 0.802734 0.443359 0.804688 0.435547 0.820312 0.453125 0.839844 0.478516 0.845703 0.492188 0.871094 0.482422 0.886719 0.503906 0.888672 0.519531 0.876953 0.531250 0.892578 0.488281 0.919922 0.470703 0.906250 0.468750 0.916016 0.447266 0.929688 0.429688 0.921875 0.416016 0.931641 0.404297 0.923828 0.380859 0.931641 0.365234 0.929688 0.380859 0.947266 0.423828 0.968750 0.474609 0.941406 0.486328 0.951172 0.505859 0.941406 0.517578 0.923828 0.554688 0.904297 0.550781 0.871094 0.513672 0.843750 0.515625 0.833984 0.507812 0.830078 0.494141 0.837891 0.472656 0.810547
0 0.908203 0.802734 0.906250 0.804688 0.908203 0.806641 0.910156 0.806641 0.912109 0.804688 0.910156 0.802734
0 0.759766 0.810547 0.757812 0.812500 0.757812 0.816406 0.759766 0.818359 0.759766 0.820312 0.761719 0.822266 0.763672 0.822266 0.767578 0.818359 0.767578 0.814453 0.763672 0.810547
0 0.824219 0.808594 0.822266 0.810547 0.820312 0.810547 0.818359 0.812500 0.818359 0.820312 0.822266 0.824219 0.824219 0.824219 0.826172 0.826172 0.828125 0.824219 0.830078 0.824219 0.833984 0.820312 0.833984 0.814453 0.830078 0.810547 0.828125 0.810547 0.826172 0.808594
0 0.583984 0.812500 0.582031 0.814453 0.582031 0.818359 0.585938 0.822266 0.587891 0.822266 0.591797 0.818359 0.591797 0.816406 0.587891 0.812500
0 0.740234 0.822266 0.734375 0.818359 0.730469 0.822266 0.732422 0.830078 0.724609 0.837891 0.712891 0.835938 0.705078 0.839844 0.695312 0.833984 0.689453 0.839844 0.691406 0.845703 0.687500 0.849609 0.666016 0.839844 0.658203 0.841797 0.652344 0.849609 0.652344 0.857422 0.662109 0.876953 0.675781 0.882812 0.685547 0.882812 0.691406 0.878906 0.697266 0.869141 0.691406 0.851562 0.699219 0.847656 0.718750 0.869141 0.738281 0.878906 0.744141 0.878906 0.753906 0.865234 0.751953 0.857422 0.744141 0.849609 0.740234 0.835938 0.736328 0.832031
0 0.888672 0.818359 0.886719 0.820312 0.886719 0.824219 0.888672 0.826172 0.892578 0.826172 0.894531 0.824219 0.894531 0.820312 0.892578 0.818359
0 0.605469 0.822266 0.601562 0.822266 0.597656 0.826172 0.597656 0.828125 0.603516 0.833984 0.607422 0.830078 0.607422 0.824219
0 0.539062 0.828125 0.535156 0.824219 0.533203 0.826172 0.531250 0.826172 0.529297 0.828125 0.529297 0.830078 0.531250 0.832031 0.537109 0.832031 0.539062 0.830078
1 0.794922 0.824219 0.789062 0.826172 0.769531 0.847656 0.765625 0.847656 0.759766 0.853516 0.765625 0.861328 0.775391 0.861328 0.787109 0.857422 0.796875 0.849609 0.800781 0.839844 0.800781 0.832031
0 0.595703 0.835938 0.591797 0.835938 0.589844 0.837891 0.589844 0.839844 0.587891 0.841797 0.591797 0.845703 0.593750 0.845703 0.599609 0.839844
0 0.833984 0.837891 0.832031 0.839844 0.830078 0.839844 0.826172 0.843750 0.828125 0.845703 0.828125 0.849609 0.830078 0.851562 0.830078 0.853516 0.832031 0.855469 0.833984 0.855469 0.835938 0.857422 0.837891 0.857422 0.841797 0.853516 0.839844 0.851562 0.839844 0.847656 0.835938 0.843750 0.837891 0.841797
0 0.380859 0.841797 0.378906 0.843750 0.380859 0.845703 0.380859 0.847656 0.384766 0.851562 0.386719 0.851562 0.388672 0.849609 0.388672 0.847656 0.386719 0.845703 0.386719 0.843750 0.384766 0.841797
0 0.310547 0.843750 0.306641 0.847656 0.306641 0.849609 0.308594 0.851562 0.308594 0.853516 0.314453 0.859375 0.316406 0.859375 0.318359 0.861328 0.322266 0.857422 0.322266 0.853516 0.318359 0.849609 0.318359 0.847656 0.316406 0.845703 0.314453 0.845703 0.312500 0.843750
1 0.363281 0.843750 0.361328 0.845703 0.361328 0.851562 0.363281 0.853516 0.365234 0.853516 0.371094 0.859375 0.375000 0.859375 0.376953 0.857422 0.373047 0.853516 0.373047 0.851562 0.369141 0.847656 0.369141 0.845703 0.367188 0.843750
0 0.296875 0.855469 0.294922 0.857422 0.294922 0.859375 0.296875 0.861328 0.298828 0.861328 0.300781 0.859375 0.300781 0.857422 0.298828 0.855469
0 0.349609 0.855469 0.347656 0.857422 0.351562 0.861328 0.353516 0.859375 0.353516 0.857422 0.351562 0.855469
1 0.798828 0.859375 0.794922 0.869141 0.802734 0.878906 0.802734 0.884766 0.796875 0.890625 0.798828 0.892578 0.794922 0.898438 0.792969 0.910156 0.796875 0.916016 0.806641 0.916016 0.810547 0.912109 0.810547 0.904297 0.814453 0.898438 0.816406 0.890625 0.812500 0.880859 0.818359 0.873047 0.818359 0.869141 0.810547 0.859375
0 0.378906 0.878906 0.376953 0.880859 0.376953 0.882812 0.380859 0.886719 0.382812 0.886719 0.386719 0.882812 0.386719 0.880859 0.384766 0.878906
0 0.396484 0.878906 0.392578 0.882812 0.398438 0.888672 0.400391 0.886719 0.400391 0.884766 0.402344 0.882812 0.398438 0.878906
0 0.615234 0.880859 0.611328 0.884766 0.615234 0.888672 0.619141 0.888672 0.623047 0.884766 0.619141 0.880859
0 0.849609 0.880859 0.847656 0.882812 0.847656 0.884766 0.851562 0.888672 0.853516 0.886719 0.853516 0.882812 0.851562 0.880859
0 0.359375 0.884766 0.355469 0.888672 0.355469 0.892578 0.359375 0.896484 0.361328 0.896484 0.365234 0.892578 0.365234 0.888672 0.361328 0.884766
0 0.171875 0.886719 0.167969 0.890625 0.169922 0.892578 0.171875 0.892578 0.173828 0.890625 0.173828 0.888672
0 0.322266 0.896484 0.322266 0.900391 0.326172 0.904297 0.332031 0.904297 0.335938 0.900391 0.333984 0.898438 0.333984 0.896484 0.332031 0.894531 0.324219 0.894531
0 0.380859 0.898438 0.380859 0.902344 0.382812 0.904297 0.392578 0.904297 0.396484 0.900391 0.396484 0.898438 0.392578 0.894531 0.384766 0.894531
1 0.859375 0.894531 0.849609 0.900391 0.843750 0.898438 0.835938 0.904297 0.833984 0.917969 0.837891 0.923828 0.826172 0.935547 0.826172 0.943359 0.822266 0.951172 0.826172 0.955078 0.843750 0.937500 0.845703 0.925781 0.855469 0.916016 0.855469 0.910156 0.863281 0.900391
0 0.347656 0.912109 0.328125 0.912109 0.320312 0.916016 0.314453 0.927734 0.316406 0.937500 0.324219 0.943359 0.330078 0.943359 0.333984 0.935547 0.349609 0.919922 0.351562 0.916016
0 0.601562 0.912109 0.597656 0.916016 0.597656 0.919922 0.599609 0.921875 0.601562 0.921875 0.603516 0.923828 0.605469 0.923828 0.609375 0.919922 0.609375 0.917969 0.603516 0.912109
0 0.550781 0.923828 0.541016 0.949219 0.541016 0.978516 0.548828 0.984375 0.562500 0.984375 0.578125 0.968750 0.587891 0.980469 0.593750 0.980469 0.599609 0.972656 0.597656 0.964844 0.593750 0.960938 0.582031 0.964844 0.572266 0.941406 0.564453 0.933594 0.556641 0.931641
0 0.720703 0.921875 0.718750 0.923828 0.720703 0.925781 0.722656 0.923828
0 0.525391 0.935547 0.523438 0.937500 0.523438 0.941406 0.525391 0.943359 0.527344 0.943359 0.529297 0.945312 0.531250 0.943359 0.531250 0.939453 0.529297 0.937500 0.527344 0.937500
0 0.710938 0.933594 0.708984 0.935547 0.708984 0.937500 0.712891 0.941406 0.714844 0.941406 0.718750 0.937500 0.718750 0.935547 0.716797 0.933594
0 0.617188 0.941406 0.615234 0.943359 0.617188 0.945312 0.619141 0.943359
0 0.197266 0.949219 0.195312 0.951172 0.197266 0.953125 0.199219 0.953125 0.201172 0.951172 0.199219 0.949219
0 0.896484 0.951172 0.894531 0.953125 0.894531 0.955078 0.896484 0.957031 0.896484 0.958984 0.898438 0.960938 0.902344 0.957031
0 0.373047 0.955078 0.371094 0.955078 0.367188 0.958984 0.367188 0.960938 0.371094 0.964844 0.376953 0.958984
0 0.748047 0.957031 0.744141 0.960938 0.748047 0.970703 0.740234 0.982422 0.740234 0.990234 0.746094 0.998047 0.777344 0.998047 0.779297 0.992188 0.775391 0.980469 0.769531 0.976562 0.759766 0.976562 0.751953 0.968750 0.753906 0.960938
0 0.960938 0.962891 0.957031 0.966797 0.957031 0.972656 0.960938 0.976562 0.962891 0.976562 0.964844 0.974609 0.966797 0.974609 0.968750 0.972656 0.968750 0.968750 0.962891 0.962891
1 0.361328 0.978516 0.349609 0.966797 0.339844 0.966797 0.335938 0.970703 0.335938 0.974609 0.326172 0.984375 0.306641 0.992188 0.300781 0.998047 0.335938 0.998047 0.339844 0.994141 0.343750 0.998047 0.355469 0.998047 0.353516 0.992188 0.361328 0.982422
0 0.792969 0.966797 0.791016 0.966797 0.789062 0.968750 0.789062 0.970703 0.791016 0.972656 0.794922 0.968750
0 0.486328 0.968750 0.484375 0.970703 0.484375 0.972656 0.486328 0.974609 0.488281 0.974609 0.490234 0.972656 0.490234 0.970703 0.488281 0.968750
1 0.427734 0.998047 0.494141 0.998047 0.494141 0.996094 0.490234 0.992188 0.462891 0.992188 0.460938 0.990234 0.457031 0.990234 0.455078 0.992188 0.453125 0.992188 0.449219 0.996094 0.445312 0.996094 0.441406 0.992188 0.435547 0.992188 0.433594 0.994141 0.431641 0.994141
