0 0.046875 0.003906 0.044922 0.005859 0.044922 0.009766 0.048828 0.013672 0.050781 0.013672 0.054688 0.009766 0.048828 0.003906
1 0.000000 0.085938 0.000000 0.517578 0.046875 0.531250 0.066406 0.607422 0.144531 0.605469 0.150391 0.738281 0.265625 0.757812 0.275391 0.863281 0.363281 0.886719 0.388672 0.998047 0.433594 0.986328 0.410156 0.937500 0.478516 0.923828 0.658203 0.998047 0.650391 0.914062 0.580078 0.910156 0.523438 0.796875 0.490234 0.837891 0.503906 0.796875 0.447266 0.738281 0.486328 0.724609 0.419922 0.681641 0.386719 0.759766 0.462891 0.785156 0.453125 0.845703 0.320312 0.830078 0.283203 0.744141 0.347656 0.675781 0.324219 0.763672 0.353516 0.759766 0.332031 0.503906 0.238281 0.457031 0.240234 0.406250 0.212891 0.427734 0.234375 0.359375 0.150391 0.523438 0.035156 0.484375 0.140625 0.457031 0.171875 0.417969 0.142578 0.380859 0.189453 0.396484 0.257812 0.328125 0.111328 0.367188 0.015625 0.310547 0.035156 0.179688
0 0.279297 0.130859 0.275391 0.130859 0.269531 0.136719 0.269531 0.140625 0.273438 0.144531 0.275391 0.144531 0.277344 0.146484 0.285156 0.138672 0.285156 0.136719
0 0.292969 0.128906 0.289062 0.132812 0.292969 0.136719 0.294922 0.136719 0.298828 0.132812 0.294922 0.128906
0 0.357422 0.134766 0.355469 0.136719 0.355469 0.140625 0.359375 0.144531 0.361328 0.144531 0.365234 0.140625 0.365234 0.138672 0.363281 0.136719 0.361328 0.136719 0.359375 0.134766
0 0.328125 0.138672 0.324219 0.142578 0.324219 0.146484 0.330078 0.152344 0.333984 0.152344 0.335938 0.150391 0.335938 0.142578 0.332031 0.138672
0 0.410156 0.142578 0.408203 0.144531 0.410156 0.146484 0.412109 0.144531
1 0.339844 0.156250 0.335938 0.160156 0.337891 0.166016 0.345703 0.173828 0.343750 0.179688 0.345703 0.193359 0.357422 0.207031 0.359375 0.216797 0.365234 0.218750 0.369141 0.214844 0.365234 0.208984 0.363281 0.193359 0.376953 0.179688 0.367188 0.175781 0.359375 0.166016 0.345703 0.156250
0 0.277344 0.166016 0.287109 0.175781 0.289062 0.173828 0.291016 0.173828 0.292969 0.171875 0.292969 0.166016 0.289062 0.162109 0.281250 0.162109
0 0.044922 0.167969 0.042969 0.169922 0.042969 0.171875 0.044922 0.173828 0.046875 0.171875 0.046875 0.169922
0 0.224609 0.171875 0.216797 0.179688 0.216797 0.181641 0.214844 0.183594 0.214844 0.191406 0.222656 0.197266 0.228516 0.197266 0.236328 0.191406 0.236328 0.187500 0.238281 0.185547 0.236328 0.183594 0.234375 0.177734 0.228516 0.171875
0 0.169922 0.177734 0.164062 0.183594 0.164062 0.197266 0.171875 0.205078 0.181641 0.205078 0.185547 0.203125 0.191406 0.193359 0.191406 0.187500 0.189453 0.183594 0.181641 0.177734
0 0.257812 0.183594 0.263672 0.189453 0.265625 0.189453 0.267578 0.187500 0.269531 0.187500 0.271484 0.185547 0.273438 0.185547 0.275391 0.183594 0.275391 0.179688 0.273438 0.177734 0.263672 0.177734
0 0.328125 0.197266 0.324219 0.201172 0.324219 0.203125 0.326172 0.205078 0.330078 0.205078 0.332031 0.203125 0.332031 0.201172
0 0.335938 0.207031 0.333984 0.208984 0.339844 0.214844 0.343750 0.210938 0.339844 0.207031
0 0.441406 0.212891 0.439453 0.214844 0.439453 0.216797 0.443359 0.220703 0.445312 0.220703 0.447266 0.218750 0.447266 0.214844 0.445312 0.212891
0 0.316406 0.240234 0.320312 0.244141 0.332031 0.244141 0.333984 0.242188 0.333984 0.240234 0.335938 0.238281 0.333984 0.236328 0.333984 0.234375 0.332031 0.232422 0.330078 0.232422 0.328125 0.230469 0.324219 0.230469 0.318359 0.236328 0.318359 0.238281
0 0.375000 0.232422 0.373047 0.232422 0.369141 0.236328 0.369141 0.240234 0.371094 0.242188 0.375000 0.242188 0.378906 0.238281 0.378906 0.236328
0 0.380859 0.251953 0.376953 0.248047 0.373047 0.251953 0.375000 0.253906 0.378906 0.253906
0 0.070312 0.250000 0.068359 0.251953 0.068359 0.253906 0.072266 0.257812 0.076172 0.257812 0.078125 0.255859 0.078125 0.251953 0.076172 0.250000
0 0.404297 0.253906 0.402344 0.255859 0.402344 0.257812 0.404297 0.259766 0.406250 0.257812 0.406250 0.255859
0 0.312500 0.259766 0.310547 0.261719 0.310547 0.263672 0.312500 0.265625 0.314453 0.265625 0.316406 0.263672 0.316406 0.261719 0.314453 0.259766
0 0.265625 0.277344 0.261719 0.281250 0.267578 0.287109 0.271484 0.287109 0.273438 0.285156 0.273438 0.279297 0.271484 0.277344
0 0.158203 0.291016 0.154297 0.291016 0.148438 0.296875 0.148438 0.298828 0.152344 0.302734 0.156250 0.302734 0.158203 0.300781 0.160156 0.300781 0.162109 0.298828 0.162109 0.294922
0 0.242188 0.292969 0.240234 0.294922 0.240234 0.298828 0.244141 0.302734 0.248047 0.298828 0.248047 0.296875 0.244141 0.292969
0 0.066406 0.296875 0.062500 0.300781 0.062500 0.302734 0.066406 0.306641 0.070312 0.306641 0.072266 0.304688 0.072266 0.300781 0.068359 0.296875
0 0.279297 0.296875 0.273438 0.302734 0.273438 0.308594 0.279297 0.314453 0.287109 0.314453 0.292969 0.308594 0.292969 0.306641 0.287109 0.300781 0.285156 0.300781
0 0.587891 0.314453 0.583984 0.318359 0.587891 0.322266 0.591797 0.318359
0 0.326172 0.339844 0.322266 0.343750 0.322266 0.345703 0.326172 0.349609 0.328125 0.349609 0.332031 0.345703
0 0.570312 0.359375 0.568359 0.359375 0.562500 0.365234 0.560547 0.363281 0.558594 0.365234 0.564453 0.371094 0.566406 0.371094 0.568359 0.373047 0.574219 0.367188 0.574219 0.363281
0 0.457031 0.408203 0.455078 0.408203 0.451172 0.412109 0.451172 0.416016 0.455078 0.419922 0.460938 0.414062 0.460938 0.412109
0 0.673828 0.412109 0.669922 0.408203 0.667969 0.408203 0.664062 0.412109 0.664062 0.414062 0.666016 0.416016 0.669922 0.416016
0 0.259766 0.414062 0.263672 0.417969 0.269531 0.417969 0.273438 0.414062 0.269531 0.410156 0.263672 0.410156
0 0.177734 0.417969 0.175781 0.419922 0.177734 0.421875 0.179688 0.419922
0 0.287109 0.417969 0.285156 0.419922 0.287109 0.421875 0.289062 0.419922
0 0.263672 0.435547 0.259766 0.431641 0.255859 0.435547 0.257812 0.437500 0.261719 0.437500
1 0.617188 0.433594 0.613281 0.437500 0.613281 0.441406 0.623047 0.453125 0.623047 0.462891 0.628906 0.468750 0.638672 0.468750 0.644531 0.462891 0.642578 0.455078 0.630859 0.447266 0.628906 0.443359 0.630859 0.441406 0.623047 0.431641
0 0.337891 0.433594 0.335938 0.435547 0.335938 0.439453 0.333984 0.441406 0.335938 0.443359 0.335938 0.445312 0.339844 0.449219 0.343750 0.449219 0.347656 0.445312 0.347656 0.439453 0.345703 0.437500 0.345703 0.435547 0.343750 0.433594
0 0.318359 0.439453 0.314453 0.439453 0.310547 0.443359 0.312500 0.445312 0.312500 0.449219 0.316406 0.453125 0.322266 0.447266 0.322266 0.443359
0 0.447266 0.441406 0.445312 0.439453 0.443359 0.439453 0.439453 0.443359 0.441406 0.445312 0.445312 0.445312 0.447266 0.443359
0 0.500000 0.447266 0.496094 0.451172 0.496094 0.457031 0.494141 0.458984 0.496094 0.460938 0.498047 0.460938 0.500000 0.462891 0.505859 0.462891 0.509766 0.458984 0.509766 0.455078 0.507812 0.453125 0.507812 0.451172 0.503906 0.447266
0 0.357422 0.449219 0.355469 0.451172 0.359375 0.455078 0.361328 0.453125 0.361328 0.451172 0.359375 0.449219
0 0.671875 0.451172 0.664062 0.458984 0.669922 0.464844 0.671875 0.464844 0.673828 0.466797 0.677734 0.466797 0.679688 0.464844 0.679688 0.462891 0.681641 0.460938 0.681641 0.457031 0.675781 0.451172
0 0.789062 0.449219 0.787109 0.451172 0.789062 0.453125 0.791016 0.451172
1 0.425781 0.474609 0.425781 0.478516 0.421875 0.484375 0.429688 0.494141 0.433594 0.496094 0.443359 0.494141 0.453125 0.486328 0.457031 0.486328 0.470703 0.501953 0.464844 0.509766 0.468750 0.513672 0.478516 0.513672 0.484375 0.519531 0.488281 0.519531 0.494141 0.515625 0.498047 0.501953 0.496094 0.500000 0.490234 0.500000 0.480469 0.507812 0.474609 0.507812 0.470703 0.501953 0.474609 0.498047 0.482422 0.498047 0.484375 0.496094 0.484375 0.490234 0.468750 0.482422 0.447266 0.462891 0.435547 0.462891
0 0.386719 0.466797 0.384766 0.468750 0.382812 0.466797 0.378906 0.470703 0.373047 0.468750 0.355469 0.480469 0.353516 0.484375 0.353516 0.492188 0.359375 0.500000 0.369141 0.501953 0.375000 0.498047 0.376953 0.494141 0.376953 0.484375 0.375000 0.480469 0.380859 0.474609 0.386719 0.476562 0.390625 0.472656
0 0.414062 0.470703 0.412109 0.472656 0.414062 0.474609 0.416016 0.472656
0 0.574219 0.472656 0.566406 0.472656 0.560547 0.476562 0.560547 0.482422 0.566406 0.488281 0.568359 0.486328 0.572266 0.486328 0.578125 0.482422 0.578125 0.480469 0.580078 0.478516
0 0.767578 0.474609 0.761719 0.474609 0.757812 0.478516 0.757812 0.480469 0.755859 0.482422 0.763672 0.490234 0.765625 0.488281 0.767578 0.488281 0.773438 0.482422 0.773438 0.480469
0 0.414062 0.482422 0.406250 0.484375 0.396484 0.490234 0.390625 0.490234 0.384766 0.496094 0.384766 0.500000 0.380859 0.503906 0.384766 0.511719 0.392578 0.519531 0.404297 0.519531 0.412109 0.511719 0.412109 0.501953 0.414062 0.500000 0.412109 0.496094 0.416016 0.490234 0.416016 0.484375
0 0.916016 0.490234 0.912109 0.494141 0.912109 0.496094 0.916016 0.500000 0.917969 0.500000 0.921875 0.496094 0.921875 0.494141 0.917969 0.490234
0 0.687500 0.498047 0.685547 0.500000 0.687500 0.501953 0.689453 0.500000
0 0.371094 0.509766 0.367188 0.513672 0.371094 0.517578 0.373047 0.517578 0.375000 0.515625 0.375000 0.511719 0.373047 0.509766
0 0.779297 0.509766 0.773438 0.515625 0.773438 0.517578 0.779297 0.523438 0.785156 0.523438 0.789062 0.519531 0.789062 0.515625 0.783203 0.509766
0 0.521484 0.513672 0.519531 0.515625 0.519531 0.519531 0.521484 0.521484 0.525391 0.521484 0.527344 0.519531 0.527344 0.517578 0.523438 0.513672
0 0.519531 0.533203 0.517578 0.533203 0.513672 0.537109 0.513672 0.541016 0.517578 0.544922 0.521484 0.541016 0.521484 0.535156
0 0.529297 0.546875 0.527344 0.548828 0.527344 0.550781 0.531250 0.554688 0.535156 0.550781 0.531250 0.546875
0 0.457031 0.552734 0.453125 0.556641 0.453125 0.558594 0.457031 0.562500 0.460938 0.562500 0.462891 0.560547 0.462891 0.556641 0.458984 0.552734
0 0.619141 0.552734 0.617188 0.554688 0.617188 0.556641 0.619141 0.558594 0.621094 0.558594 0.623047 0.556641 0.623047 0.554688 0.621094 0.552734
0 0.482422 0.554688 0.478516 0.558594 0.482422 0.562500 0.484375 0.562500 0.486328 0.560547 0.486328 0.558594
0 0.841797 0.556641 0.837891 0.560547 0.837891 0.564453 0.839844 0.566406 0.841797 0.566406 0.845703 0.562500 0.845703 0.560547
0 0.544922 0.564453 0.542969 0.566406 0.544922 0.568359 0.546875 0.568359 0.548828 0.566406 0.546875 0.564453
0 0.507812 0.568359 0.503906 0.572266 0.503906 0.576172 0.509766 0.582031 0.511719 0.582031 0.517578 0.576172 0.517578 0.574219 0.511719 0.568359
0 0.783203 0.566406 0.781250 0.568359 0.781250 0.572266 0.777344 0.576172 0.781250 0.580078 0.783203 0.580078 0.787109 0.576172 0.787109 0.572266 0.785156 0.570312 0.785156 0.568359
0 0.580078 0.583984 0.576172 0.580078 0.572266 0.583984 0.574219 0.585938 0.578125 0.585938
0 0.605469 0.578125 0.603516 0.578125 0.599609 0.582031 0.599609 0.583984 0.601562 0.585938 0.601562 0.587891 0.603516 0.589844 0.609375 0.583984 0.607422 0.582031 0.607422 0.580078
0 0.794922 0.591797 0.792969 0.593750 0.792969 0.595703 0.791016 0.597656 0.791016 0.601562 0.792969 0.603516 0.792969 0.605469 0.794922 0.607422 0.800781 0.607422 0.806641 0.601562 0.806641 0.599609 0.804688 0.597656 0.804688 0.595703 0.802734 0.593750 0.800781 0.593750 0.798828 0.591797
0 0.482422 0.595703 0.478516 0.595703 0.476562 0.597656 0.476562 0.601562 0.480469 0.605469 0.484375 0.601562 0.484375 0.597656
0 0.839844 0.595703 0.837891 0.595703 0.835938 0.597656 0.835938 0.599609 0.837891 0.601562 0.841797 0.597656
0 0.748047 0.603516 0.744141 0.605469 0.740234 0.611328 0.740234 0.625000 0.744141 0.630859 0.748047 0.632812 0.755859 0.632812 0.759766 0.630859 0.763672 0.625000 0.763672 0.613281 0.761719 0.609375 0.753906 0.603516
0 0.814453 0.609375 0.810547 0.613281 0.814453 0.617188 0.818359 0.613281
0 0.582031 0.619141 0.580078 0.621094 0.580078 0.628906 0.583984 0.632812 0.591797 0.632812 0.593750 0.630859 0.593750 0.623047 0.591797 0.621094 0.589844 0.621094 0.585938 0.617188 0.583984 0.619141
0 0.781250 0.621094 0.779297 0.623047 0.775391 0.623047 0.771484 0.626953 0.771484 0.636719 0.777344 0.642578 0.783203 0.644531 0.785156 0.642578 0.789062 0.642578 0.791016 0.640625 0.791016 0.638672 0.792969 0.636719 0.792969 0.630859 0.791016 0.628906 0.791016 0.626953 0.787109 0.623047
0 0.373047 0.630859 0.371094 0.632812 0.371094 0.636719 0.373047 0.638672 0.376953 0.638672 0.380859 0.634766 0.376953 0.630859
0 0.837891 0.632812 0.832031 0.638672 0.832031 0.642578 0.833984 0.644531 0.833984 0.646484 0.837891 0.650391 0.843750 0.650391 0.849609 0.644531 0.849609 0.638672 0.843750 0.632812
1 0.689453 0.640625 0.687500 0.640625 0.685547 0.642578 0.685547 0.644531 0.681641 0.648438 0.681641 0.652344 0.677734 0.658203 0.677734 0.662109 0.681641 0.666016 0.685547 0.662109 0.685547 0.658203 0.687500 0.656250 0.687500 0.654297 0.691406 0.650391 0.691406 0.642578
1 0.794922 0.650391 0.787109 0.654297 0.787109 0.660156 0.794922 0.667969 0.791016 0.671875 0.775391 0.675781 0.767578 0.685547 0.773438 0.707031 0.781250 0.716797 0.796875 0.716797 0.804688 0.708984 0.802734 0.691406 0.804688 0.673828 0.798828 0.666016 0.800781 0.656250
1 0.962891 0.652344 0.960938 0.654297 0.964844 0.658203 0.962891 0.660156 0.964844 0.662109 0.966797 0.662109 0.968750 0.660156 0.964844 0.656250 0.964844 0.654297
0 0.498047 0.662109 0.494141 0.662109 0.492188 0.664062 0.492188 0.666016 0.496094 0.669922 0.500000 0.666016 0.500000 0.664062
0 0.984375 0.662109 0.982422 0.664062 0.982422 0.666016 0.984375 0.667969 0.986328 0.666016 0.986328 0.664062
0 0.722656 0.666016 0.720703 0.667969 0.720703 0.669922 0.722656 0.671875 0.724609 0.671875 0.726562 0.669922 0.726562 0.667969 0.724609 0.666016
0 0.953125 0.691406 0.949219 0.687500 0.945312 0.691406 0.947266 0.693359 0.951172 0.693359
1 0.679688 0.691406 0.675781 0.695312 0.683594 0.707031 0.675781 0.714844 0.675781 0.730469 0.683594 0.738281 0.673828 0.746094 0.669922 0.755859 0.669922 0.763672 0.679688 0.773438 0.679688 0.779297 0.673828 0.785156 0.673828 0.792969 0.679688 0.798828 0.689453 0.794922 0.697266 0.804688 0.701172 0.804688 0.705078 0.800781 0.705078 0.796875 0.701172 0.792969 0.695312 0.792969 0.691406 0.796875 0.687500 0.792969 0.691406 0.779297 0.689453 0.773438 0.697266 0.763672 0.697266 0.751953 0.683594 0.738281 0.699219 0.724609 0.699219 0.710938 0.687500 0.699219 0.687500 0.695312 0.683594 0.691406
1 0.582031 0.695312 0.576172 0.701172 0.576172 0.712891 0.578125 0.714844 0.578125 0.720703 0.587891 0.740234 0.585938 0.742188 0.589844 0.744141 0.593750 0.740234 0.591797 0.738281 0.597656 0.730469 0.595703 0.726562 0.595703 0.718750 0.599609 0.714844 0.599609 0.710938 0.595703 0.703125 0.589844 0.697266
0 0.894531 0.695312 0.890625 0.699219 0.890625 0.707031 0.894531 0.710938 0.896484 0.710938 0.898438 0.712891 0.902344 0.712891 0.908203 0.707031 0.908203 0.701172 0.902344 0.695312
0 0.925781 0.703125 0.923828 0.705078 0.921875 0.705078 0.919922 0.707031 0.919922 0.708984 0.917969 0.710938 0.917969 0.714844 0.919922 0.716797 0.919922 0.718750 0.921875 0.720703 0.927734 0.720703 0.931641 0.716797 0.931641 0.714844 0.933594 0.712891 0.931641 0.710938 0.931641 0.708984
0 0.949219 0.705078 0.945312 0.708984 0.949219 0.712891 0.951172 0.712891 0.953125 0.710938 0.953125 0.708984
0 0.660156 0.714844 0.656250 0.718750 0.660156 0.722656 0.662109 0.722656 0.666016 0.718750 0.662109 0.714844
0 0.759766 0.728516 0.759766 0.732422 0.761719 0.734375 0.767578 0.734375 0.771484 0.730469 0.767578 0.726562 0.761719 0.726562
0 0.314453 0.734375 0.312500 0.736328 0.314453 0.738281 0.316406 0.738281 0.318359 0.736328 0.316406 0.734375
0 0.566406 0.740234 0.564453 0.742188 0.564453 0.744141 0.562500 0.746094 0.562500 0.748047 0.566406 0.751953 0.572266 0.751953 0.578125 0.746094 0.572266 0.740234
0 0.996094 0.740234 0.994141 0.742188 0.994141 0.744141 0.996094 0.746094 0.998047 0.744141 0.998047 0.742188
1 0.527344 0.742188 0.519531 0.742188 0.515625 0.746094 0.511719 0.763672 0.507812 0.767578 0.498047 0.759766 0.490234 0.757812 0.486328 0.763672 0.488281 0.769531 0.500000 0.779297 0.503906 0.779297 0.511719 0.769531 0.515625 0.771484 0.521484 0.769531 0.525391 0.759766 0.531250 0.753906 0.531250 0.748047
1 0.595703 0.753906 0.595703 0.759766 0.599609 0.763672 0.611328 0.763672 0.619141 0.769531 0.625000 0.769531 0.628906 0.765625 0.626953 0.759766 0.621094 0.753906 0.617188 0.751953 0.613281 0.751953 0.611328 0.750000 0.601562 0.750000
0 0.734375 0.750000 0.730469 0.753906 0.730469 0.755859 0.728516 0.757812 0.730469 0.759766 0.730469 0.761719 0.734375 0.765625 0.738281 0.765625 0.744141 0.759766 0.744141 0.753906 0.740234 0.750000
1 0.550781 0.755859 0.546875 0.755859 0.544922 0.757812 0.544922 0.763672 0.546875 0.765625 0.539062 0.775391 0.541016 0.777344 0.541016 0.787109 0.546875 0.792969 0.550781 0.789062 0.550781 0.775391 0.546875 0.769531 0.546875 0.767578 0.552734 0.761719 0.552734 0.757812
0 0.568359 0.763672 0.566406 0.765625 0.566406 0.769531 0.570312 0.773438 0.576172 0.773438 0.578125 0.771484 0.578125 0.765625 0.576172 0.763672 0.574219 0.763672 0.572266 0.761719 0.570312 0.763672
0 0.626953 0.777344 0.623047 0.781250 0.623047 0.789062 0.626953 0.792969 0.636719 0.792969 0.642578 0.787109 0.640625 0.785156 0.640625 0.783203 0.636719 0.779297 0.634766 0.779297 0.632812 0.777344
0 0.925781 0.779297 0.923828 0.781250 0.925781 0.783203 0.927734 0.783203 0.929688 0.781250 0.927734 0.779297
0 0.201172 0.781250 0.197266 0.785156 0.201172 0.789062 0.205078 0.785156
0 0.712891 0.781250 0.708984 0.785156 0.710938 0.787109 0.712891 0.787109 0.714844 0.785156 0.714844 0.783203
0 0.601562 0.791016 0.595703 0.796875 0.597656 0.798828 0.597656 0.800781 0.603516 0.806641 0.605469 0.806641 0.607422 0.804688 0.607422 0.796875
0 0.437500 0.792969 0.429688 0.792969 0.427734 0.794922 0.425781 0.794922 0.421875 0.800781 0.421875 0.804688 0.423828 0.806641 0.425781 0.806641 0.427734 0.808594 0.429688 0.808594 0.431641 0.810547 0.433594 0.810547 0.441406 0.802734 0.441406 0.798828
0 0.585938 0.792969 0.582031 0.796875 0.585938 0.800781 0.589844 0.796875
0 0.937500 0.806641 0.935547 0.808594 0.935547 0.810547 0.937500 0.812500 0.939453 0.812500 0.941406 0.810547 0.941406 0.808594 0.939453 0.806641
0 0.556641 0.818359 0.548828 0.818359 0.546875 0.820312 0.537109 0.822266 0.533203 0.826172 0.533203 0.832031 0.531250 0.833984 0.533203 0.835938 0.533203 0.839844 0.539062 0.845703 0.542969 0.845703 0.550781 0.837891 0.550781 0.833984 0.558594 0.828125 0.560547 0.822266
0 0.601562 0.832031 0.597656 0.835938 0.601562 0.839844 0.603516 0.839844 0.607422 0.835938 0.603516 0.832031
0 0.835938 0.833984 0.833984 0.835938 0.837891 0.839844 0.839844 0.839844 0.841797 0.837891 0.837891 0.833984
0 0.628906 0.835938 0.619141 0.847656 0.613281 0.847656 0.607422 0.853516 0.607422 0.857422 0.634766 0.886719 0.640625 0.886719 0.648438 0.878906 0.648438 0.873047 0.644531 0.867188 0.644531 0.861328 0.648438 0.855469 0.646484 0.841797 0.638672 0.835938
0 0.869141 0.859375 0.867188 0.861328 0.867188 0.867188 0.865234 0.869141 0.865234 0.873047 0.869141 0.876953 0.871094 0.876953 0.876953 0.871094 0.876953 0.863281 0.875000 0.861328 0.873047 0.861328 0.871094 0.859375
0 0.689453 0.876953 0.677734 0.886719 0.675781 0.890625 0.675781 0.898438 0.683594 0.908203 0.687500 0.908203 0.689453 0.910156 0.697266 0.910156 0.701172 0.906250 0.705078 0.898438 0.705078 0.886719 0.697266 0.878906
0 0.583984 0.884766 0.582031 0.884766 0.578125 0.888672 0.578125 0.894531 0.582031 0.898438 0.587891 0.892578 0.587891 0.888672
0 0.343750 0.894531 0.335938 0.902344 0.335938 0.904297 0.343750 0.912109 0.343750 0.914062 0.349609 0.919922 0.351562 0.919922 0.357422 0.914062 0.359375 0.908203 0.357422 0.906250 0.357422 0.902344 0.355469 0.900391 0.353516 0.900391 0.349609 0.896484
1 0.724609 0.908203 0.720703 0.914062 0.720703 0.927734 0.738281 0.949219 0.738281 0.958984 0.732422 0.972656 0.738281 0.980469 0.744141 0.980469 0.761719 0.957031 0.761719 0.947266 0.748047 0.927734 0.744141 0.916016 0.734375 0.908203
0 0.791016 0.919922 0.785156 0.927734 0.785156 0.941406 0.796875 0.951172 0.808594 0.951172 0.816406 0.955078 0.820312 0.951172 0.820312 0.939453 0.822266 0.937500 0.818359 0.925781 0.806641 0.917969 0.794922 0.917969
0 0.773438 0.923828 0.771484 0.925781 0.773438 0.927734 0.775391 0.927734 0.777344 0.925781 0.775391 0.923828
0 0.949219 0.925781 0.947266 0.927734 0.949219 0.929688 0.951172 0.929688 0.953125 0.927734 0.951172 0.925781
0 0.953125 0.937500 0.951172 0.939453 0.951172 0.943359 0.953125 0.945312 0.955078 0.945312 0.958984 0.941406 0.955078 0.937500
0 0.919922 0.943359 0.917969 0.945312 0.916016 0.945312 0.914062 0.947266 0.914062 0.951172 0.916016 0.953125 0.917969 0.953125 0.919922 0.955078 0.921875 0.955078 0.925781 0.951172 0.925781 0.949219
0 0.968750 0.943359 0.966797 0.945312 0.966797 0.947266 0.970703 0.951172 0.972656 0.951172 0.976562 0.947266 0.972656 0.943359
0 0.482422 0.945312 0.478516 0.949219 0.478516 0.953125 0.482422 0.957031 0.484375 0.957031 0.490234 0.951172 0.484375 0.945312
0 0.453125 0.957031 0.451172 0.955078 0.449219 0.955078 0.445312 0.958984 0.447266 0.960938 0.451172 0.960938 0.453125 0.958984
0 0.695312 0.955078 0.691406 0.958984 0.695312 0.962891 0.697266 0.962891 0.701172 0.958984 0.697266 0.955078
0 0.427734 0.957031 0.423828 0.960938 0.423828 0.962891 0.427734 0.966797 0.429688 0.966797 0.433594 0.962891 0.433594 0.960938 0.429688 0.957031
0 0.533203 0.960938 0.529297 0.964844 0.529297 0.970703 0.531250 0.972656 0.531250 0.974609 0.535156 0.978516 0.537109 0.978516 0.539062 0.980469 0.544922 0.980469 0.546875 0.978516 0.546875 0.974609 0.548828 0.972656 0.546875 0.970703 0.546875 0.968750 0.541016 0.962891 0.539062 0.962891 0.537109 0.960938
0 0.566406 0.970703 0.560547 0.976562 0.560547 0.978516 0.564453 0.982422 0.566406 0.982422 0.570312 0.978516 0.570312 0.974609
0 0.919922 0.968750 0.917969 0.970703 0.916016 0.970703 0.914062 0.972656 0.914062 0.976562 0.921875 0.984375 0.923828 0.984375 0.929688 0.978516 0.929688 0.974609 0.923828 0.968750
0 0.609375 0.984375 0.607422 0.984375 0.601562 0.990234 0.601562 0.994141 0.603516 0.996094 0.601562 0.998047 0.607422 0.998047 0.607422 0.996094 0.613281 0.990234 0.613281 0.988281
1 0.705078 0.998047 0.730469 0.998047 0.726562 0.994141 0.724609 0.994141 0.718750 0.990234 0.716797 0.992188 0.714844 0.990234 0.712891 0.992188 0.710938 0.992188
0 0.869141 0.988281 0.865234 0.992188 0.867188 0.994141 0.869141 0.994141 0.871094 0.992188 0.871094 0.990234
1 0.910156 0.998047 0.927734 0.998047 0.925781 0.996094 0.925781 0.994141 0.921875 0.990234 0.917969 0.990234
