1 0.000000 0.183594 0.000000 0.529297 0.033203 0.607422 0.117188 0.634766 0.148438 0.677734 0.103516 0.791016 0.142578 0.830078 0.273438 0.775391 0.328125 0.785156 0.398438 0.728516 0.382812 0.792969 0.433594 0.837891 0.419922 0.894531 0.255859 0.964844 0.259766 0.998047 0.343750 0.966797 0.390625 0.998047 0.378906 0.955078 0.498047 0.867188 0.460938 0.855469 0.412109 0.714844 0.453125 0.662109 0.390625 0.675781 0.392578 0.707031 0.353516 0.662109 0.341797 0.697266 0.320312 0.656250 0.384766 0.619141 0.361328 0.511719 0.294922 0.490234 0.203125 0.363281 0.062500 0.371094 0.027344 0.322266 0.044922 0.234375
0 0.794922 0.320312 0.792969 0.322266 0.794922 0.324219 0.796875 0.322266
0 0.695312 0.337891 0.693359 0.339844 0.695312 0.341797 0.697266 0.339844
0 0.787109 0.355469 0.785156 0.357422 0.787109 0.359375 0.789062 0.357422
0 0.750000 0.367188 0.748047 0.369141 0.751953 0.373047 0.753906 0.371094 0.753906 0.369141 0.751953 0.367188
0 0.888672 0.369141 0.882812 0.369141 0.878906 0.373047 0.878906 0.375000 0.882812 0.378906 0.884766 0.378906 0.890625 0.373047 0.890625 0.371094
0 0.611328 0.373047 0.605469 0.378906 0.607422 0.380859 0.609375 0.380859 0.611328 0.382812 0.615234 0.378906 0.615234 0.376953
0 0.736328 0.373047 0.734375 0.375000 0.736328 0.376953 0.738281 0.376953 0.740234 0.375000 0.738281 0.373047
0 0.785156 0.371094 0.783203 0.373047 0.785156 0.375000 0.785156 0.380859 0.787109 0.382812 0.789062 0.382812 0.792969 0.378906
0 0.765625 0.378906 0.763672 0.380859 0.765625 0.382812 0.767578 0.380859
0 0.908203 0.378906 0.902344 0.384766 0.904297 0.386719 0.904297 0.388672 0.906250 0.390625 0.908203 0.390625 0.910156 0.392578 0.916016 0.392578 0.919922 0.388672 0.919922 0.384766 0.916016 0.380859 0.914062 0.380859 0.912109 0.378906
0 0.736328 0.384766 0.732422 0.388672 0.732422 0.394531 0.734375 0.396484 0.742188 0.396484 0.746094 0.392578 0.744141 0.390625 0.744141 0.388672 0.740234 0.384766
0 0.722656 0.392578 0.716797 0.392578 0.712891 0.396484 0.712891 0.404297 0.714844 0.406250 0.716797 0.406250 0.718750 0.408203 0.720703 0.406250 0.722656 0.406250 0.724609 0.404297 0.724609 0.394531
0 0.869141 0.400391 0.867188 0.402344 0.867188 0.404297 0.871094 0.408203 0.873047 0.406250 0.873047 0.402344 0.871094 0.400391
0 0.761719 0.404297 0.759766 0.406250 0.759766 0.408203 0.761719 0.410156 0.763672 0.408203 0.763672 0.406250
0 0.939453 0.402344 0.937500 0.404297 0.939453 0.406250 0.941406 0.406250 0.943359 0.404297 0.941406 0.402344
0 0.734375 0.416016 0.730469 0.419922 0.734375 0.423828 0.736328 0.423828 0.738281 0.421875 0.738281 0.417969 0.736328 0.416016
0 0.150391 0.435547 0.148438 0.437500 0.150391 0.439453 0.152344 0.437500
1 0.166016 0.439453 0.164062 0.441406 0.167969 0.445312 0.167969 0.447266 0.169922 0.449219 0.171875 0.447266 0.171875 0.445312 0.169922 0.443359 0.169922 0.441406 0.167969 0.439453
0 0.644531 0.437500 0.642578 0.439453 0.642578 0.441406 0.644531 0.443359 0.646484 0.441406 0.646484 0.439453
0 0.578125 0.441406 0.576172 0.441406 0.572266 0.445312 0.572266 0.449219 0.574219 0.451172 0.578125 0.451172 0.582031 0.447266 0.582031 0.445312
1 0.179688 0.447266 0.175781 0.451172 0.179688 0.455078 0.177734 0.457031 0.179688 0.458984 0.181641 0.457031 0.179688 0.455078 0.179688 0.453125 0.181641 0.451172 0.181641 0.449219
0 0.630859 0.472656 0.628906 0.474609 0.630859 0.476562 0.632812 0.474609
0 0.871094 0.484375 0.871094 0.488281 0.873047 0.490234 0.873047 0.492188 0.880859 0.500000 0.888672 0.500000 0.890625 0.498047 0.892578 0.498047 0.896484 0.494141 0.896484 0.490234 0.888672 0.482422 0.884766 0.482422 0.882812 0.480469 0.875000 0.480469
0 0.093750 0.507812 0.089844 0.507812 0.085938 0.511719 0.085938 0.515625 0.087891 0.517578 0.085938 0.519531 0.087891 0.521484 0.095703 0.513672 0.095703 0.509766
0 0.787109 0.507812 0.783203 0.511719 0.783203 0.513672 0.785156 0.515625 0.789062 0.515625 0.791016 0.513672 0.791016 0.511719
0 0.093750 0.523438 0.091797 0.525391 0.093750 0.527344 0.095703 0.525391
0 0.779297 0.523438 0.775391 0.527344 0.779297 0.531250 0.781250 0.531250 0.785156 0.527344 0.781250 0.523438
0 0.908203 0.525391 0.906250 0.527344 0.910156 0.531250 0.912109 0.529297 0.912109 0.527344 0.910156 0.525391
0 0.421875 0.529297 0.416016 0.535156 0.417969 0.537109 0.417969 0.539062 0.419922 0.541016 0.421875 0.541016 0.423828 0.542969 0.425781 0.541016 0.427734 0.541016 0.429688 0.539062 0.429688 0.535156 0.423828 0.529297
0 0.474609 0.529297 0.472656 0.529297 0.468750 0.533203 0.468750 0.535156 0.466797 0.537109 0.466797 0.539062 0.470703 0.542969 0.472656 0.542969 0.474609 0.541016 0.474609 0.539062 0.476562 0.537109 0.476562 0.531250
0 0.937500 0.542969 0.933594 0.542969 0.929688 0.546875 0.929688 0.550781 0.933594 0.554688 0.935547 0.554688 0.941406 0.548828 0.941406 0.546875
0 0.398438 0.570312 0.398438 0.576172 0.402344 0.580078 0.410156 0.580078 0.416016 0.576172 0.416016 0.568359 0.414062 0.566406 0.402344 0.566406
0 0.494141 0.580078 0.488281 0.587891 0.488281 0.595703 0.492188 0.605469 0.500000 0.613281 0.503906 0.613281 0.505859 0.615234 0.517578 0.615234 0.523438 0.609375 0.523438 0.599609 0.525391 0.597656 0.523438 0.595703 0.523438 0.589844 0.515625 0.582031 0.511719 0.582031 0.507812 0.578125
0 0.542969 0.583984 0.541016 0.585938 0.542969 0.587891 0.544922 0.585938
0 0.408203 0.587891 0.404297 0.591797 0.408203 0.595703 0.412109 0.591797
0 0.541016 0.593750 0.539062 0.595703 0.537109 0.595703 0.533203 0.599609 0.533203 0.601562 0.539062 0.607422 0.544922 0.607422 0.546875 0.605469 0.548828 0.605469 0.550781 0.603516 0.550781 0.599609 0.544922 0.593750 0.542969 0.595703
0 0.818359 0.597656 0.816406 0.599609 0.816406 0.601562 0.818359 0.603516 0.820312 0.603516 0.822266 0.601562
0 0.449219 0.611328 0.445312 0.611328 0.443359 0.613281 0.443359 0.617188 0.445312 0.619141 0.447266 0.619141 0.451172 0.615234 0.451172 0.613281
0 0.554688 0.617188 0.552734 0.619141 0.552734 0.621094 0.554688 0.623047 0.556641 0.621094 0.556641 0.619141
0 0.699219 0.621094 0.695312 0.626953 0.695312 0.630859 0.697266 0.632812 0.699219 0.638672 0.701172 0.640625 0.705078 0.640625 0.707031 0.642578 0.716797 0.640625 0.720703 0.634766 0.720703 0.626953 0.714844 0.621094 0.712891 0.621094 0.710938 0.619141 0.703125 0.619141 0.701172 0.621094
0 0.507812 0.623047 0.505859 0.623047 0.500000 0.628906 0.500000 0.630859 0.503906 0.634766 0.505859 0.634766 0.511719 0.628906 0.511719 0.626953
0 0.906250 0.621094 0.904297 0.623047 0.906250 0.625000 0.904297 0.626953 0.906250 0.628906 0.910156 0.625000
0 0.480469 0.634766 0.476562 0.638672 0.476562 0.644531 0.482422 0.648438 0.490234 0.648438 0.492188 0.650391 0.496094 0.646484 0.496094 0.644531 0.494141 0.642578 0.494141 0.640625 0.492188 0.638672 0.488281 0.638672 0.486328 0.636719 0.484375 0.636719 0.482422 0.634766
0 0.601562 0.636719 0.597656 0.640625 0.601562 0.644531 0.603516 0.644531 0.605469 0.642578 0.605469 0.640625
0 0.857422 0.638672 0.855469 0.640625 0.855469 0.644531 0.857422 0.646484 0.859375 0.646484 0.861328 0.644531 0.859375 0.642578 0.859375 0.640625
0 0.474609 0.650391 0.472656 0.648438 0.470703 0.648438 0.468750 0.646484 0.466797 0.648438 0.464844 0.648438 0.458984 0.654297 0.460938 0.656250 0.466797 0.656250 0.468750 0.658203 0.474609 0.652344
0 0.984375 0.652344 0.982422 0.654297 0.984375 0.656250 0.986328 0.654297
0 0.900391 0.660156 0.896484 0.664062 0.896484 0.669922 0.898438 0.671875 0.904297 0.671875 0.906250 0.669922 0.906250 0.664062 0.902344 0.660156
0 0.927734 0.677734 0.923828 0.681641 0.927734 0.685547 0.931641 0.681641
0 0.964844 0.677734 0.962891 0.679688 0.962891 0.681641 0.966797 0.685547 0.970703 0.685547 0.972656 0.683594 0.972656 0.679688 0.970703 0.677734
0 0.642578 0.679688 0.640625 0.681641 0.642578 0.683594 0.644531 0.683594 0.646484 0.681641 0.644531 0.679688
0 0.898438 0.683594 0.896484 0.685547 0.896484 0.687500 0.898438 0.689453 0.900391 0.687500 0.900391 0.685547
0 0.804688 0.697266 0.802734 0.699219 0.802734 0.703125 0.804688 0.705078 0.808594 0.705078 0.810547 0.703125 0.810547 0.701172 0.806641 0.697266
0 0.619141 0.703125 0.615234 0.707031 0.619141 0.710938 0.621094 0.710938 0.623047 0.708984 0.623047 0.707031
0 0.742188 0.703125 0.740234 0.705078 0.742188 0.707031 0.744141 0.705078
0 0.650391 0.712891 0.646484 0.716797 0.646484 0.720703 0.648438 0.722656 0.648438 0.724609 0.650391 0.726562 0.656250 0.726562 0.658203 0.724609 0.658203 0.722656 0.660156 0.720703 0.660156 0.718750 0.654297 0.712891
0 0.535156 0.728516 0.531250 0.732422 0.531250 0.738281 0.533203 0.740234 0.533203 0.742188 0.537109 0.746094 0.541016 0.746094 0.544922 0.742188 0.544922 0.732422 0.541016 0.728516
0 0.714844 0.726562 0.712891 0.726562 0.708984 0.730469 0.708984 0.736328 0.710938 0.738281 0.712891 0.738281 0.718750 0.732422 0.718750 0.730469
0 0.578125 0.736328 0.576172 0.738281 0.578125 0.740234 0.580078 0.738281
0 0.650391 0.736328 0.646484 0.736328 0.640625 0.742188 0.640625 0.746094 0.644531 0.750000 0.646484 0.750000 0.648438 0.751953 0.650391 0.750000 0.652344 0.750000 0.654297 0.748047 0.654297 0.740234
0 0.919922 0.736328 0.919922 0.740234 0.921875 0.742188 0.927734 0.742188 0.931641 0.738281 0.927734 0.734375 0.921875 0.734375
0 0.691406 0.738281 0.687500 0.742188 0.687500 0.744141 0.689453 0.746094 0.693359 0.746094 0.695312 0.744141 0.695312 0.742188
0 0.480469 0.744141 0.476562 0.748047 0.482422 0.753906 0.486328 0.750000 0.486328 0.748047 0.482422 0.744141
0 0.478516 0.763672 0.468750 0.757812 0.462891 0.757812 0.460938 0.759766 0.458984 0.759766 0.455078 0.765625 0.455078 0.775391 0.457031 0.777344 0.457031 0.779297 0.458984 0.781250 0.466797 0.781250 0.468750 0.779297 0.470703 0.779297 0.474609 0.775391
0 0.666016 0.759766 0.660156 0.765625 0.660156 0.767578 0.664062 0.773438 0.664062 0.777344 0.666016 0.779297 0.667969 0.779297 0.669922 0.781250 0.671875 0.781250 0.675781 0.777344 0.675781 0.773438 0.671875 0.769531 0.671875 0.767578 0.669922 0.765625 0.669922 0.763672
0 0.857422 0.769531 0.853516 0.773438 0.853516 0.775391 0.857422 0.779297 0.859375 0.779297 0.863281 0.775391 0.863281 0.773438 0.859375 0.769531
0 0.644531 0.785156 0.640625 0.781250 0.638672 0.781250 0.636719 0.779297 0.632812 0.779297 0.630859 0.781250 0.628906 0.781250 0.626953 0.783203 0.626953 0.785156 0.625000 0.787109 0.625000 0.789062 0.628906 0.792969 0.632812 0.792969 0.634766 0.791016 0.638672 0.791016 0.640625 0.789062 0.642578 0.789062 0.644531 0.787109
0 0.972656 0.787109 0.970703 0.789062 0.974609 0.792969 0.976562 0.791016 0.976562 0.789062 0.974609 0.787109
0 0.570312 0.828125 0.583984 0.837891 0.585938 0.835938 0.589844 0.835938 0.591797 0.837891 0.593750 0.835938 0.585938 0.828125 0.589844 0.824219 0.597656 0.824219 0.605469 0.818359 0.615234 0.818359 0.617188 0.820312 0.621094 0.820312 0.625000 0.816406 0.625000 0.812500 0.619141 0.804688 0.615234 0.804688 0.605469 0.812500 0.599609 0.812500 0.595703 0.808594 0.593750 0.800781 0.587891 0.794922 0.582031 0.794922 0.574219 0.804688 0.576172 0.808594 0.587891 0.820312 0.587891 0.822266 0.583984 0.826172 0.574219 0.826172 0.572266 0.824219
0 0.656250 0.792969 0.652344 0.792969 0.648438 0.796875 0.648438 0.798828 0.646484 0.800781 0.650391 0.804688 0.652344 0.804688 0.654297 0.802734 0.656250 0.802734 0.660156 0.798828 0.660156 0.796875
0 0.945312 0.794922 0.943359 0.796875 0.945312 0.798828 0.947266 0.798828 0.949219 0.796875 0.947266 0.794922
0 0.812500 0.798828 0.804688 0.808594 0.804688 0.820312 0.810547 0.833984 0.818359 0.839844 0.826172 0.839844 0.832031 0.833984 0.832031 0.822266 0.826172 0.814453 0.822266 0.802734 0.816406 0.798828
0 0.763672 0.820312 0.761719 0.822266 0.761719 0.824219 0.765625 0.828125 0.767578 0.828125 0.771484 0.824219 0.767578 0.820312
0 0.533203 0.824219 0.531250 0.826172 0.533203 0.828125 0.535156 0.826172
0 0.554688 0.826172 0.550781 0.830078 0.550781 0.832031 0.554688 0.837891 0.554688 0.845703 0.558594 0.849609 0.560547 0.849609 0.564453 0.845703 0.566406 0.839844 0.562500 0.835938 0.560547 0.830078 0.556641 0.826172
1 0.496094 0.839844 0.501953 0.853516 0.513672 0.853516 0.517578 0.851562 0.539062 0.861328 0.542969 0.855469 0.542969 0.849609 0.541016 0.847656 0.539062 0.849609 0.533203 0.849609 0.525391 0.837891 0.515625 0.830078 0.509766 0.828125 0.501953 0.832031
0 0.220703 0.833984 0.216797 0.837891 0.220703 0.841797 0.222656 0.841797 0.224609 0.839844 0.224609 0.835938 0.222656 0.833984
0 0.628906 0.841797 0.625000 0.845703 0.625000 0.849609 0.628906 0.853516 0.636719 0.853516 0.638672 0.851562 0.638672 0.849609 0.632812 0.843750 0.630859 0.843750
0 0.714844 0.847656 0.710938 0.855469 0.710938 0.865234 0.707031 0.871094 0.710938 0.875000 0.716797 0.875000 0.724609 0.878906 0.734375 0.878906 0.740234 0.875000 0.750000 0.876953 0.753906 0.873047 0.748047 0.865234 0.748047 0.853516 0.740234 0.845703 0.724609 0.841797
0 0.871094 0.849609 0.853516 0.851562 0.849609 0.855469 0.849609 0.859375 0.843750 0.867188 0.843750 0.873047 0.847656 0.878906 0.855469 0.882812 0.861328 0.882812 0.869141 0.876953 0.876953 0.857422
0 0.814453 0.857422 0.808594 0.857422 0.798828 0.865234 0.789062 0.886719 0.769531 0.886719 0.769531 0.914062 0.775391 0.921875 0.783203 0.925781 0.791016 0.921875 0.800781 0.929688 0.804688 0.921875 0.796875 0.910156 0.830078 0.892578 0.824219 0.880859 0.824219 0.867188
1 0.621094 0.867188 0.617188 0.861328 0.611328 0.861328 0.609375 0.863281 0.605469 0.863281 0.597656 0.867188 0.591797 0.873047 0.583984 0.873047 0.576172 0.867188 0.568359 0.873047 0.572266 0.876953 0.560547 0.886719 0.560547 0.890625 0.568359 0.898438 0.570312 0.898438 0.576172 0.894531 0.576172 0.886719 0.570312 0.880859 0.574219 0.876953 0.576172 0.878906 0.585938 0.880859 0.591797 0.884766 0.599609 0.884766 0.611328 0.873047 0.617188 0.871094
0 0.277344 0.865234 0.273438 0.865234 0.271484 0.867188 0.271484 0.869141 0.275391 0.873047 0.279297 0.869141 0.279297 0.867188
0 0.302734 0.865234 0.300781 0.867188 0.300781 0.869141 0.302734 0.871094 0.304688 0.871094 0.306641 0.869141
0 0.925781 0.869141 0.923828 0.871094 0.921875 0.871094 0.917969 0.875000 0.917969 0.876953 0.916016 0.878906 0.917969 0.880859 0.917969 0.882812 0.921875 0.886719 0.923828 0.886719 0.925781 0.884766 0.927734 0.884766 0.931641 0.880859 0.931641 0.875000
0 0.494141 0.902344 0.496094 0.910156 0.503906 0.916016 0.511719 0.914062 0.517578 0.917969 0.529297 0.917969 0.546875 0.904297 0.546875 0.896484 0.544922 0.894531 0.535156 0.896484 0.523438 0.880859 0.511719 0.878906 0.496094 0.892578
0 0.951172 0.878906 0.949219 0.880859 0.949219 0.884766 0.951172 0.886719 0.953125 0.886719 0.955078 0.884766 0.955078 0.880859 0.953125 0.878906
0 0.373047 0.884766 0.369141 0.884766 0.363281 0.890625 0.363281 0.900391 0.367188 0.904297 0.371094 0.904297 0.376953 0.898438 0.376953 0.892578 0.378906 0.890625
0 0.898438 0.884766 0.886719 0.882812 0.869141 0.888672 0.861328 0.896484 0.861328 0.910156 0.873047 0.919922 0.880859 0.919922 0.884766 0.916016 0.896484 0.912109 0.904297 0.902344 0.904297 0.892578
0 0.615234 0.898438 0.617188 0.900391 0.623047 0.900391 0.625000 0.898438 0.623047 0.896484 0.621094 0.896484 0.619141 0.894531
0 0.642578 0.894531 0.640625 0.896484 0.642578 0.898438 0.644531 0.898438 0.646484 0.896484 0.644531 0.894531
0 0.974609 0.896484 0.970703 0.900391 0.970703 0.908203 0.972656 0.910156 0.972656 0.912109 0.976562 0.916016 0.980469 0.916016 0.986328 0.910156 0.988281 0.904297 0.992188 0.900391 0.990234 0.898438 0.984375 0.900391 0.980469 0.896484
0 0.599609 0.904297 0.595703 0.908203 0.599609 0.912109 0.601562 0.912109 0.603516 0.910156 0.603516 0.908203
0 0.750000 0.904297 0.734375 0.902344 0.720703 0.912109 0.718750 0.923828 0.708984 0.941406 0.708984 0.953125 0.712891 0.958984 0.726562 0.960938 0.738281 0.958984 0.744141 0.955078 0.744141 0.949219 0.759766 0.929688 0.759766 0.914062
0 0.826172 0.912109 0.820312 0.917969 0.820312 0.925781 0.822266 0.927734 0.822266 0.929688 0.830078 0.935547 0.832031 0.935547 0.835938 0.939453 0.841797 0.939453 0.845703 0.935547 0.845703 0.933594 0.839844 0.927734 0.839844 0.925781 0.837891 0.923828 0.837891 0.917969 0.832031 0.912109
0 0.480469 0.917969 0.476562 0.921875 0.476562 0.923828 0.478516 0.925781 0.484375 0.925781 0.486328 0.923828 0.486328 0.921875 0.482422 0.917969
0 0.685547 0.927734 0.681641 0.931641 0.685547 0.935547 0.689453 0.931641
0 0.935547 0.927734 0.931641 0.931641 0.931641 0.933594 0.935547 0.937500 0.939453 0.937500 0.941406 0.935547 0.941406 0.929688 0.939453 0.927734
0 0.490234 0.931641 0.486328 0.935547 0.486328 0.937500 0.488281 0.939453 0.490234 0.939453 0.492188 0.937500 0.492188 0.933594
1 0.789062 0.931641 0.785156 0.931641 0.783203 0.929688 0.775391 0.937500 0.775391 0.939453 0.761719 0.951172 0.761719 0.957031 0.765625 0.960938 0.767578 0.960938 0.779297 0.949219 0.781250 0.949219 0.789062 0.943359 0.791016 0.939453 0.791016 0.933594
0 0.982422 0.937500 0.980469 0.935547 0.978516 0.935547 0.974609 0.939453 0.968750 0.939453 0.966797 0.937500 0.955078 0.937500 0.945312 0.945312 0.945312 0.953125 0.951172 0.960938 0.958984 0.960938 0.968750 0.955078
0 0.820312 0.945312 0.818359 0.945312 0.816406 0.947266 0.816406 0.949219 0.818359 0.951172 0.822266 0.947266
1 0.861328 0.947266 0.857422 0.951172 0.857422 0.953125 0.859375 0.955078 0.861328 0.955078 0.865234 0.958984 0.867188 0.964844 0.871094 0.968750 0.873047 0.968750 0.878906 0.962891 0.878906 0.960938 0.869141 0.951172 0.869141 0.949219 0.867188 0.947266
0 0.896484 0.951172 0.888672 0.958984 0.890625 0.980469 0.878906 0.986328 0.876953 0.996094 0.890625 0.998047 0.890625 0.994141 0.898438 0.988281 0.904297 0.998047 0.931641 0.998047 0.937500 0.988281 0.939453 0.976562 0.935547 0.966797 0.927734 0.960938 0.916016 0.962891 0.904297 0.951172
1 0.591797 0.974609 0.591797 0.986328 0.599609 0.998047 0.628906 0.998047 0.642578 0.986328 0.654297 0.982422 0.669922 0.998047 0.695312 0.998047 0.683594 0.994141 0.654297 0.968750 0.642578 0.974609 0.623047 0.962891 0.605469 0.960938 0.597656 0.964844
0 0.855469 0.970703 0.847656 0.970703 0.843750 0.966797 0.837891 0.964844 0.830078 0.964844 0.816406 0.980469 0.814453 0.998047 0.845703 0.998047 0.847656 0.990234 0.859375 0.978516
0 0.970703 0.976562 0.964844 0.982422 0.964844 0.984375 0.970703 0.990234 0.978516 0.990234 0.982422 0.986328 0.982422 0.982422 0.978516 0.978516 0.974609 0.978516 0.972656 0.976562
0 0.523438 0.980469 0.521484 0.982422 0.523438 0.984375 0.525391 0.982422
0 0.425781 0.986328 0.423828 0.988281 0.425781 0.990234 0.427734 0.990234 0.429688 0.988281 0.427734 0.986328
1 0.998047 0.986328 0.996094 0.988281 0.996094 0.998047 0.998047 0.998047
1 0.751953 0.998047 0.763672 0.998047 0.761719 0.996094 0.759766 0.996094 0.757812 0.994141 0.755859 0.994141
