0 0.767578 0.046875 0.763672 0.050781 0.761719 0.050781 0.759766 0.052734 0.759766 0.054688 0.767578 0.062500 0.771484 0.062500 0.777344 0.056641 0.777344 0.054688 0.771484 0.048828 0.769531 0.048828
0 0.933594 0.046875 0.931641 0.048828 0.933594 0.050781 0.935547 0.048828
1 0.097656 0.089844 0.097656 0.091797 0.105469 0.097656 0.113281 0.089844 0.121094 0.099609 0.123047 0.095703 0.130859 0.087891 0.136719 0.091797 0.140625 0.091797 0.146484 0.097656 0.148438 0.101562 0.146484 0.103516 0.154297 0.111328 0.158203 0.111328 0.166016 0.103516 0.166016 0.099609 0.158203 0.091797 0.154297 0.091797 0.142578 0.080078 0.125000 0.080078 0.123047 0.082031 0.111328 0.082031 0.109375 0.083984 0.101562 0.085938
1 0.193359 0.097656 0.191406 0.095703 0.189453 0.097656 0.177734 0.097656 0.175781 0.099609 0.177734 0.101562 0.187500 0.101562 0.189453 0.099609 0.191406 0.099609
0 0.113281 0.105469 0.101562 0.103516 0.068359 0.134766 0.039062 0.136719 0.033203 0.130859 0.031250 0.107422 0.019531 0.115234 0.015625 0.142578 0.000000 0.152344 0.000000 0.171875 0.031250 0.148438 0.046875 0.156250 0.035156 0.175781 0.007812 0.175781 0.000000 0.191406 0.000000 0.210938 0.019531 0.224609 0.025391 0.238281 0.013672 0.273438 0.046875 0.250000 0.044922 0.238281 0.060547 0.222656 0.062500 0.201172 0.074219 0.203125 0.097656 0.236328 0.107422 0.234375 0.107422 0.224609 0.091797 0.212891 0.072266 0.185547 0.068359 0.169922 0.080078 0.144531
0 0.230469 0.113281 0.228516 0.115234 0.234375 0.121094 0.238281 0.128906 0.234375 0.132812 0.226562 0.130859 0.220703 0.136719 0.222656 0.144531 0.228516 0.148438 0.232422 0.148438 0.236328 0.144531 0.236328 0.138672 0.244141 0.130859 0.244141 0.126953
0 0.958984 0.138672 0.957031 0.140625 0.957031 0.142578 0.955078 0.144531 0.955078 0.146484 0.960938 0.152344 0.962891 0.152344 0.964844 0.154297 0.966797 0.154297 0.968750 0.152344 0.968750 0.150391 0.970703 0.148438 0.970703 0.144531 0.968750 0.142578 0.968750 0.140625 0.966797 0.138672
0 0.912109 0.187500 0.910156 0.189453 0.910156 0.193359 0.912109 0.195312 0.914062 0.195312 0.916016 0.193359 0.916016 0.189453 0.914062 0.187500
0 0.951172 0.216797 0.949219 0.218750 0.951172 0.220703 0.953125 0.218750
0 0.826172 0.220703 0.822266 0.224609 0.822266 0.228516 0.824219 0.230469 0.824219 0.232422 0.830078 0.238281 0.832031 0.238281 0.835938 0.234375 0.835938 0.224609 0.832031 0.220703
1 0.060547 0.250000 0.017578 0.310547 0.042969 0.310547 0.044922 0.353516 0.000000 0.306641 0.000000 0.464844 0.087891 0.482422 0.097656 0.515625 0.027344 0.583984 0.085938 0.605469 0.078125 0.722656 0.150391 0.601562 0.224609 0.613281 0.205078 0.642578 0.226562 0.722656 0.158203 0.775391 0.181641 0.808594 0.248047 0.755859 0.292969 0.769531 0.226562 0.896484 0.240234 0.972656 0.279297 0.892578 0.421875 0.890625 0.369141 0.828125 0.291016 0.867188 0.308594 0.806641 0.339844 0.828125 0.343750 0.791016 0.394531 0.832031 0.431641 0.812500 0.382812 0.728516 0.259766 0.716797 0.236328 0.609375 0.306641 0.574219 0.310547 0.476562 0.238281 0.421875 0.136719 0.431641 0.105469 0.363281 0.195312 0.308594 0.156250 0.250000 0.126953 0.250000 0.156250 0.273438 0.134766 0.292969
1 0.109375 0.251953 0.107422 0.253906 0.107422 0.255859 0.109375 0.257812 0.113281 0.257812 0.115234 0.259766 0.117188 0.257812 0.113281 0.253906 0.111328 0.253906
0 0.863281 0.283203 0.861328 0.285156 0.861328 0.287109 0.865234 0.291016 0.869141 0.287109 0.865234 0.283203
0 0.656250 0.285156 0.654297 0.285156 0.650391 0.289062 0.650391 0.291016 0.652344 0.292969 0.656250 0.292969 0.658203 0.291016 0.658203 0.287109
0 0.669922 0.289062 0.667969 0.291016 0.667969 0.294922 0.669922 0.296875 0.671875 0.296875 0.675781 0.292969 0.671875 0.289062
0 0.748047 0.289062 0.746094 0.291016 0.746094 0.292969 0.748047 0.294922 0.750000 0.294922 0.751953 0.292969 0.751953 0.291016 0.750000 0.289062
0 0.316406 0.292969 0.314453 0.294922 0.316406 0.296875 0.318359 0.296875 0.320312 0.294922 0.318359 0.292969
0 0.992188 0.294922 0.990234 0.296875 0.990234 0.298828 0.992188 0.300781 0.994141 0.298828 0.994141 0.296875
0 0.302734 0.298828 0.300781 0.300781 0.302734 0.302734 0.304688 0.300781
0 0.638672 0.300781 0.634766 0.304688 0.638672 0.308594 0.642578 0.304688
0 0.783203 0.304688 0.779297 0.308594 0.779297 0.310547 0.781250 0.312500 0.785156 0.312500 0.787109 0.310547 0.787109 0.308594
0 0.656250 0.314453 0.654297 0.316406 0.654297 0.318359 0.656250 0.320312 0.658203 0.318359 0.658203 0.316406
0 0.294922 0.322266 0.291016 0.326172 0.292969 0.328125 0.296875 0.324219
0 0.906250 0.324219 0.902344 0.328125 0.904297 0.330078 0.904297 0.332031 0.906250 0.333984 0.910156 0.333984 0.912109 0.332031 0.912109 0.328125 0.908203 0.324219
0 0.714844 0.337891 0.710938 0.341797 0.712891 0.343750 0.714844 0.343750 0.716797 0.341797 0.716797 0.339844
1 0.193359 0.339844 0.189453 0.343750 0.189453 0.345703 0.193359 0.349609 0.195312 0.349609 0.199219 0.353516 0.201172 0.353516 0.208984 0.361328 0.210938 0.361328 0.212891 0.359375 0.212891 0.355469 0.210938 0.353516 0.210938 0.351562 0.201172 0.341797 0.197266 0.341797 0.195312 0.339844
0 0.541016 0.359375 0.535156 0.365234 0.541016 0.371094 0.542969 0.369141 0.544922 0.369141 0.546875 0.367188 0.546875 0.365234
0 0.746094 0.363281 0.742188 0.367188 0.742188 0.369141 0.746094 0.373047 0.748047 0.373047 0.751953 0.369141 0.751953 0.367188 0.748047 0.363281
0 0.298828 0.375000 0.294922 0.378906 0.296875 0.380859 0.296875 0.382812 0.298828 0.384766 0.300781 0.384766 0.304688 0.380859 0.304688 0.378906 0.302734 0.376953 0.300781 0.376953
0 0.886719 0.375000 0.880859 0.375000 0.876953 0.378906 0.876953 0.380859 0.875000 0.382812 0.875000 0.386719 0.876953 0.388672 0.880859 0.388672 0.886719 0.382812 0.886719 0.378906 0.888672 0.376953
0 0.228516 0.380859 0.226562 0.378906 0.220703 0.378906 0.218750 0.380859 0.216797 0.380859 0.212891 0.384766 0.212891 0.386719 0.216797 0.390625 0.220703 0.390625 0.228516 0.382812
0 0.707031 0.388672 0.705078 0.390625 0.705078 0.394531 0.708984 0.398438 0.710938 0.398438 0.712891 0.396484 0.712891 0.390625 0.710938 0.388672
0 0.908203 0.386719 0.906250 0.386719 0.904297 0.388672 0.900391 0.388672 0.898438 0.390625 0.898438 0.396484 0.900391 0.398438 0.900391 0.400391 0.906250 0.406250 0.910156 0.402344 0.912109 0.402344 0.916016 0.398438 0.916016 0.392578 0.912109 0.388672 0.910156 0.388672
0 0.580078 0.414062 0.576172 0.417969 0.576172 0.421875 0.578125 0.423828 0.583984 0.423828 0.587891 0.419922 0.582031 0.414062
0 0.632812 0.421875 0.625000 0.427734 0.625000 0.429688 0.623047 0.431641 0.623047 0.435547 0.625000 0.437500 0.625000 0.441406 0.626953 0.443359 0.628906 0.443359 0.632812 0.447266 0.640625 0.447266 0.646484 0.441406 0.646484 0.439453 0.648438 0.437500 0.646484 0.435547 0.646484 0.431641 0.644531 0.429688 0.644531 0.427734 0.638672 0.421875
0 0.371094 0.425781 0.369141 0.427734 0.371094 0.429688 0.373047 0.427734
0 0.488281 0.437500 0.482422 0.439453 0.476562 0.449219 0.478516 0.453125 0.476562 0.455078 0.478516 0.458984 0.478516 0.468750 0.492188 0.484375 0.500000 0.484375 0.507812 0.478516 0.509766 0.472656 0.503906 0.458984 0.505859 0.453125 0.501953 0.445312 0.494141 0.437500
0 0.835938 0.443359 0.833984 0.445312 0.835938 0.447266 0.837891 0.447266 0.839844 0.445312 0.837891 0.443359
0 0.857422 0.441406 0.853516 0.445312 0.853516 0.447266 0.855469 0.449219 0.857422 0.449219 0.859375 0.447266 0.859375 0.443359
0 0.451172 0.449219 0.449219 0.451172 0.449219 0.455078 0.451172 0.457031 0.455078 0.457031 0.457031 0.455078 0.457031 0.453125 0.453125 0.449219
0 0.351562 0.470703 0.347656 0.474609 0.347656 0.478516 0.351562 0.482422 0.353516 0.482422 0.357422 0.478516 0.357422 0.474609 0.353516 0.470703
0 0.634766 0.490234 0.630859 0.494141 0.632812 0.496094 0.632812 0.498047 0.634766 0.500000 0.638672 0.500000 0.642578 0.496094 0.636719 0.490234
0 0.371094 0.492188 0.369141 0.492188 0.365234 0.496094 0.365234 0.498047 0.369141 0.501953 0.373047 0.498047 0.373047 0.494141
0 0.728516 0.509766 0.722656 0.513672 0.722656 0.517578 0.720703 0.519531 0.720703 0.523438 0.726562 0.529297 0.730469 0.529297 0.736328 0.523438 0.736328 0.515625 0.732422 0.511719 0.730469 0.511719
0 0.515625 0.517578 0.466797 0.558594 0.470703 0.578125 0.500000 0.578125 0.513672 0.595703 0.521484 0.591797 0.521484 0.583984 0.509766 0.570312 0.509766 0.562500 0.500000 0.550781 0.500000 0.544922 0.509766 0.531250 0.513672 0.533203 0.519531 0.529297
1 0.617188 0.519531 0.617188 0.521484 0.623047 0.527344 0.632812 0.525391 0.640625 0.533203 0.644531 0.533203 0.650391 0.529297 0.650391 0.523438 0.642578 0.517578 0.640625 0.517578 0.636719 0.521484 0.632812 0.521484 0.628906 0.517578 0.625000 0.515625 0.621094 0.515625
0 0.591797 0.558594 0.587891 0.562500 0.587891 0.564453 0.591797 0.568359 0.593750 0.568359 0.597656 0.564453 0.597656 0.562500 0.593750 0.558594
0 0.986328 0.562500 0.988281 0.564453 0.988281 0.566406 0.990234 0.568359 0.998047 0.568359 0.998047 0.558594 0.990234 0.558594
1 0.707031 0.603516 0.703125 0.599609 0.699219 0.599609 0.695312 0.603516 0.695312 0.605469 0.685547 0.615234 0.683594 0.613281 0.681641 0.615234 0.681641 0.617188 0.685547 0.621094 0.687500 0.619141 0.689453 0.619141 0.695312 0.613281 0.701172 0.613281 0.707031 0.607422
0 0.531250 0.603516 0.521484 0.603516 0.517578 0.607422 0.517578 0.613281 0.519531 0.615234 0.517578 0.617188 0.517578 0.628906 0.523438 0.632812 0.525391 0.632812 0.531250 0.626953 0.531250 0.623047 0.537109 0.613281 0.537109 0.609375
0 0.638672 0.619141 0.636719 0.621094 0.632812 0.621094 0.628906 0.625000 0.628906 0.634766 0.632812 0.638672 0.638672 0.638672 0.644531 0.632812 0.644531 0.630859 0.646484 0.628906 0.646484 0.625000 0.642578 0.621094 0.640625 0.621094
0 0.552734 0.621094 0.548828 0.625000 0.548828 0.626953 0.552734 0.630859 0.554688 0.630859 0.558594 0.626953 0.558594 0.625000 0.554688 0.621094
0 0.828125 0.621094 0.826172 0.621094 0.822266 0.625000 0.822266 0.626953 0.826172 0.630859 0.828125 0.628906 0.830078 0.628906 0.832031 0.626953 0.832031 0.625000
0 0.484375 0.634766 0.480469 0.638672 0.480469 0.646484 0.484375 0.650391 0.486328 0.650391 0.490234 0.646484 0.490234 0.644531 0.488281 0.642578 0.488281 0.638672
0 0.357422 0.636719 0.355469 0.638672 0.355469 0.642578 0.357422 0.644531 0.359375 0.644531 0.361328 0.642578 0.361328 0.638672 0.359375 0.636719
0 0.544922 0.638672 0.541016 0.642578 0.541016 0.646484 0.544922 0.650391 0.548828 0.650391 0.554688 0.644531 0.552734 0.642578 0.550781 0.642578 0.546875 0.638672
0 0.562500 0.638672 0.560547 0.640625 0.560547 0.642578 0.558594 0.644531 0.560547 0.646484 0.562500 0.646484 0.564453 0.648438 0.568359 0.644531 0.568359 0.642578 0.566406 0.640625 0.564453 0.640625
0 0.664062 0.640625 0.662109 0.642578 0.662109 0.644531 0.664062 0.646484 0.666016 0.644531 0.666016 0.642578
0 0.378906 0.644531 0.375000 0.648438 0.375000 0.652344 0.373047 0.654297 0.375000 0.656250 0.375000 0.658203 0.376953 0.660156 0.378906 0.660156 0.380859 0.662109 0.382812 0.662109 0.386719 0.658203 0.386719 0.652344 0.384766 0.650391 0.384766 0.648438 0.382812 0.646484 0.380859 0.646484
0 0.750000 0.648438 0.748047 0.650391 0.748047 0.652344 0.750000 0.654297 0.751953 0.652344 0.751953 0.650391
0 0.619141 0.654297 0.617188 0.656250 0.619141 0.658203 0.621094 0.656250
0 0.523438 0.675781 0.521484 0.677734 0.521484 0.679688 0.519531 0.681641 0.525391 0.687500 0.527344 0.687500 0.529297 0.685547 0.529297 0.683594 0.531250 0.681641 0.525391 0.675781
0 0.337891 0.681641 0.333984 0.685547 0.333984 0.693359 0.335938 0.695312 0.337891 0.695312 0.339844 0.697266 0.341797 0.697266 0.347656 0.691406 0.347656 0.687500 0.341797 0.681641
0 0.548828 0.679688 0.542969 0.685547 0.542969 0.695312 0.548828 0.701172 0.550781 0.701172 0.554688 0.697266 0.554688 0.687500 0.552734 0.685547 0.552734 0.683594
0 0.677734 0.685547 0.675781 0.687500 0.675781 0.691406 0.677734 0.693359 0.679688 0.693359 0.681641 0.695312 0.683594 0.693359 0.683594 0.689453 0.679688 0.685547
0 0.697266 0.683594 0.693359 0.683594 0.691406 0.685547 0.695312 0.689453 0.699219 0.685547
0 0.693359 0.693359 0.687500 0.699219 0.687500 0.707031 0.689453 0.708984 0.687500 0.710938 0.689453 0.712891 0.689453 0.714844 0.693359 0.718750 0.695312 0.718750 0.697266 0.720703 0.699219 0.718750 0.701172 0.718750 0.705078 0.714844 0.705078 0.708984 0.703125 0.707031 0.703125 0.703125 0.701172 0.701172 0.701172 0.699219 0.695312 0.693359
0 0.718750 0.691406 0.714844 0.695312 0.714844 0.697266 0.718750 0.701172 0.722656 0.697266 0.722656 0.695312
0 0.791016 0.693359 0.787109 0.693359 0.785156 0.695312 0.789062 0.699219 0.792969 0.695312
0 0.443359 0.716797 0.437500 0.722656 0.437500 0.724609 0.441406 0.728516 0.449219 0.728516 0.451172 0.726562 0.451172 0.718750 0.449219 0.716797
1 0.736328 0.724609 0.732422 0.728516 0.734375 0.730469 0.734375 0.740234 0.738281 0.744141 0.742188 0.740234 0.740234 0.738281 0.740234 0.726562 0.738281 0.724609
0 0.414062 0.728516 0.408203 0.728516 0.402344 0.734375 0.402344 0.738281 0.406250 0.742188 0.408203 0.742188 0.410156 0.740234 0.412109 0.740234 0.417969 0.734375 0.417969 0.732422
0 0.429688 0.736328 0.417969 0.746094 0.416016 0.750000 0.416016 0.763672 0.421875 0.771484 0.435547 0.775391 0.443359 0.771484 0.451172 0.763672 0.453125 0.750000 0.445312 0.740234 0.437500 0.736328
1 0.845703 0.734375 0.837891 0.740234 0.835938 0.753906 0.851562 0.769531 0.849609 0.785156 0.853516 0.802734 0.859375 0.810547 0.871094 0.810547 0.876953 0.804688 0.873047 0.789062 0.873047 0.771484 0.863281 0.761719 0.867188 0.750000 0.853516 0.734375
0 0.640625 0.744141 0.634766 0.750000 0.640625 0.755859 0.644531 0.755859 0.648438 0.751953 0.648438 0.748047 0.644531 0.744141
0 0.578125 0.746094 0.574219 0.751953 0.574219 0.755859 0.576172 0.757812 0.576172 0.761719 0.578125 0.763672 0.585938 0.763672 0.587891 0.765625 0.591797 0.761719 0.593750 0.755859 0.591797 0.753906 0.591797 0.751953 0.585938 0.746094
0 0.771484 0.746094 0.769531 0.748047 0.769531 0.750000 0.771484 0.751953 0.773438 0.750000 0.773438 0.748047
0 0.740234 0.769531 0.736328 0.765625 0.734375 0.765625 0.732422 0.767578 0.730469 0.767578 0.728516 0.769531 0.728516 0.773438 0.730469 0.775391 0.736328 0.775391 0.740234 0.771484
0 0.978516 0.777344 0.976562 0.777344 0.974609 0.779297 0.974609 0.781250 0.976562 0.783203 0.980469 0.779297
0 0.570312 0.783203 0.564453 0.789062 0.570312 0.794922 0.576172 0.789062
0 0.613281 0.783203 0.605469 0.791016 0.605469 0.794922 0.611328 0.800781 0.617188 0.800781 0.623047 0.794922 0.623047 0.789062 0.617188 0.783203
0 0.634766 0.808594 0.630859 0.812500 0.630859 0.820312 0.632812 0.822266 0.634766 0.822266 0.636719 0.824219 0.642578 0.824219 0.646484 0.820312 0.646484 0.816406 0.644531 0.814453 0.644531 0.812500 0.642578 0.810547 0.640625 0.810547 0.638672 0.808594
0 0.826172 0.808594 0.822266 0.810547 0.816406 0.818359 0.814453 0.835938 0.820312 0.841797 0.830078 0.845703 0.843750 0.833984 0.845703 0.826172 0.843750 0.824219 0.843750 0.818359 0.837891 0.810547
1 0.537109 0.822266 0.527344 0.816406 0.519531 0.824219 0.519531 0.837891 0.511719 0.849609 0.460938 0.855469 0.443359 0.875000 0.451172 0.875000 0.457031 0.880859 0.490234 0.880859 0.521484 0.861328 0.539062 0.865234 0.544922 0.855469 0.539062 0.847656 0.541016 0.830078
1 0.607422 0.822266 0.593750 0.820312 0.591797 0.837891 0.585938 0.843750 0.570312 0.845703 0.560547 0.855469 0.560547 0.871094 0.570312 0.890625 0.591797 0.869141 0.607422 0.863281 0.619141 0.841797
0 0.958984 0.820312 0.957031 0.822266 0.958984 0.824219 0.960938 0.822266
0 0.726562 0.826172 0.722656 0.830078 0.726562 0.833984 0.730469 0.830078
0 0.798828 0.826172 0.775391 0.828125 0.771484 0.832031 0.769531 0.835938 0.771484 0.853516 0.777344 0.859375 0.783203 0.859375 0.785156 0.857422 0.787109 0.849609 0.800781 0.835938 0.800781 0.828125
0 0.437500 0.828125 0.433594 0.832031 0.433594 0.841797 0.435547 0.843750 0.437500 0.841797 0.441406 0.845703 0.449219 0.837891 0.449219 0.835938 0.447266 0.833984 0.447266 0.832031 0.443359 0.828125 0.441406 0.830078 0.439453 0.828125
0 0.830078 0.849609 0.828125 0.851562 0.826172 0.851562 0.822266 0.855469 0.824219 0.857422 0.824219 0.861328 0.826172 0.863281 0.830078 0.863281 0.835938 0.857422 0.833984 0.855469 0.833984 0.853516
0 0.986328 0.849609 0.984375 0.851562 0.984375 0.853516 0.982422 0.855469 0.982422 0.857422 0.988281 0.863281 0.992188 0.863281 0.998047 0.857422 0.998047 0.855469 0.992188 0.849609
1 0.751953 0.892578 0.742188 0.880859 0.718750 0.875000 0.724609 0.859375 0.708984 0.855469 0.705078 0.865234 0.718750 0.875000 0.703125 0.886719 0.673828 0.890625 0.662109 0.925781 0.648438 0.919922 0.609375 0.925781 0.589844 0.951172 0.560547 0.955078 0.548828 0.966797 0.542969 0.986328 0.552734 0.998047 0.595703 0.984375 0.609375 0.998047 0.628906 0.998047 0.613281 0.958984 0.634766 0.945312 0.662109 0.943359 0.675781 0.949219 0.683594 0.939453 0.681641 0.925781 0.705078 0.912109 0.726562 0.910156 0.732422 0.916016 0.718750 0.925781 0.716797 0.943359 0.730469 0.955078 0.746094 0.953125 0.757812 0.929688 0.736328 0.916016 0.750000 0.904297
0 0.890625 0.867188 0.886719 0.861328 0.880859 0.859375 0.876953 0.863281 0.873047 0.863281 0.871094 0.865234 0.869141 0.865234 0.865234 0.861328 0.861328 0.861328 0.857422 0.869141 0.863281 0.876953 0.869141 0.876953 0.871094 0.875000 0.873047 0.876953 0.882812 0.878906 0.888672 0.873047
0 0.750000 0.873047 0.751953 0.875000 0.750000 0.876953 0.759766 0.886719 0.765625 0.886719 0.767578 0.884766 0.769531 0.884766 0.777344 0.876953 0.779297 0.876953 0.781250 0.875000 0.781250 0.873047 0.773438 0.867188 0.753906 0.867188
1 0.992188 0.875000 0.982422 0.884766 0.984375 0.886719 0.982422 0.888672 0.982422 0.892578 0.990234 0.902344 0.992188 0.902344 0.996094 0.906250 0.998047 0.906250 0.998047 0.875000
0 0.568359 0.898438 0.564453 0.902344 0.564453 0.912109 0.570312 0.917969 0.576172 0.917969 0.582031 0.912109 0.582031 0.908203 0.580078 0.906250 0.580078 0.904297 0.574219 0.898438
0 0.857422 0.900391 0.853516 0.904297 0.857422 0.908203 0.859375 0.908203 0.863281 0.904297 0.859375 0.900391
0 0.878906 0.900391 0.871094 0.908203 0.871094 0.914062 0.878906 0.921875 0.886719 0.921875 0.896484 0.912109 0.896484 0.910156 0.894531 0.908203 0.894531 0.906250 0.888672 0.900391
0 0.917969 0.904297 0.914062 0.910156 0.914062 0.914062 0.916016 0.916016 0.916016 0.925781 0.917969 0.927734 0.917969 0.929688 0.919922 0.931641 0.921875 0.931641 0.927734 0.925781 0.927734 0.921875 0.925781 0.919922 0.925781 0.914062 0.927734 0.912109 0.927734 0.910156 0.923828 0.904297
0 0.591797 0.908203 0.587891 0.912109 0.587891 0.917969 0.595703 0.925781 0.601562 0.925781 0.609375 0.917969 0.607422 0.916016 0.607422 0.914062 0.603516 0.910156 0.601562 0.910156 0.599609 0.908203
0 0.544922 0.910156 0.541016 0.914062 0.541016 0.916016 0.546875 0.921875 0.544922 0.923828 0.544922 0.929688 0.542969 0.931641 0.542969 0.935547 0.548828 0.941406 0.554688 0.943359 0.560547 0.939453 0.562500 0.935547 0.562500 0.929688 0.552734 0.919922 0.552734 0.914062 0.548828 0.910156
0 0.951172 0.916016 0.947266 0.916016 0.943359 0.919922 0.943359 0.921875 0.941406 0.923828 0.941406 0.927734 0.939453 0.929688 0.943359 0.933594 0.947266 0.929688 0.949219 0.929688 0.953125 0.925781 0.953125 0.923828 0.955078 0.921875 0.955078 0.919922
0 0.990234 0.917969 0.988281 0.916016 0.986328 0.916016 0.982422 0.919922 0.984375 0.921875 0.988281 0.921875 0.990234 0.919922
0 0.824219 0.919922 0.816406 0.919922 0.812500 0.925781 0.814453 0.931641 0.820312 0.937500 0.818359 0.939453 0.818359 0.945312 0.820312 0.947266 0.832031 0.935547 0.832031 0.931641 0.833984 0.929688 0.832031 0.927734 0.832031 0.925781
0 0.888672 0.935547 0.886719 0.937500 0.888672 0.939453 0.890625 0.937500
0 0.855469 0.939453 0.849609 0.939453 0.841797 0.945312 0.841797 0.949219 0.839844 0.951172 0.839844 0.962891 0.843750 0.966797 0.845703 0.966797 0.851562 0.962891 0.857422 0.962891 0.859375 0.960938 0.859375 0.943359
0 0.906250 0.955078 0.896484 0.960938 0.890625 0.953125 0.884766 0.951172 0.878906 0.957031 0.878906 0.960938 0.869141 0.970703 0.871094 0.980469 0.878906 0.986328 0.884766 0.980469 0.884766 0.968750 0.892578 0.960938 0.894531 0.962891 0.896484 0.960938 0.902344 0.966797 0.906250 0.966797 0.910156 0.962891
0 0.925781 0.949219 0.919922 0.955078 0.919922 0.960938 0.921875 0.962891 0.923828 0.962891 0.925781 0.964844 0.933594 0.964844 0.935547 0.962891 0.935547 0.955078 0.931641 0.951172 0.929688 0.951172 0.927734 0.949219
0 0.781250 0.964844 0.775391 0.970703 0.775391 0.978516 0.781250 0.984375 0.783203 0.984375 0.787109 0.980469 0.787109 0.978516 0.789062 0.976562 0.787109 0.974609 0.787109 0.970703
0 0.968750 0.968750 0.964844 0.974609 0.964844 0.984375 0.968750 0.986328 0.974609 0.980469 0.976562 0.980469 0.980469 0.984375 0.980469 0.992188 0.984375 0.998047 0.990234 0.998047 0.998047 0.988281 0.998047 0.984375 0.990234 0.976562 0.984375 0.976562 0.980469 0.978516 0.970703 0.968750
0 0.732422 0.980469 0.730469 0.982422 0.728516 0.982422 0.726562 0.984375 0.726562 0.992188 0.728516 0.994141 0.728516 0.998047 0.738281 0.998047 0.740234 0.996094 0.740234 0.988281
0 0.958984 0.990234 0.955078 0.994141 0.955078 0.996094 0.957031 0.998047 0.960938 0.998047 0.962891 0.996094 0.962891 0.994141
