1 0.000000 0.089844 0.058594 0.101562 0.035156 0.130859 0.074219 0.146484 0.001953 0.248047 0.000000 0.369141 0.037109 0.363281 0.000000 0.408203 0.011719 0.634766 0.126953 0.660156 0.119141 0.783203 0.199219 0.736328 0.279297 0.761719 0.281250 0.880859 0.322266 0.810547 0.384766 0.802734 0.388672 0.839844 0.349609 0.818359 0.339844 0.849609 0.378906 0.962891 0.333984 0.998047 0.435547 0.998047 0.396484 0.968750 0.433594 0.824219 0.404297 0.777344 0.324219 0.792969 0.257812 0.714844 0.187500 0.712891 0.205078 0.673828 0.302734 0.634766 0.341797 0.669922 0.351562 0.636719 0.404297 0.658203 0.357422 0.630859 0.373047 0.576172 0.341797 0.570312 0.308594 0.476562 0.335938 0.457031 0.166016 0.519531 0.201172 0.292969 0.050781 0.310547 0.113281 0.169922 0.064453 0.097656
0 0.212891 0.105469 0.210938 0.107422 0.210938 0.109375 0.212891 0.111328 0.214844 0.109375 0.214844 0.107422
0 0.300781 0.142578 0.296875 0.146484 0.300781 0.150391 0.302734 0.150391 0.304688 0.148438 0.304688 0.144531 0.302734 0.142578
0 0.007812 0.150391 0.003906 0.152344 0.000000 0.152344 0.000000 0.179688 0.001953 0.177734 0.005859 0.177734 0.009766 0.173828 0.005859 0.169922 0.009766 0.166016 0.017578 0.166016 0.019531 0.164062 0.017578 0.158203 0.011719 0.152344
0 0.525391 0.160156 0.523438 0.162109 0.523438 0.164062 0.525391 0.166016 0.527344 0.164062 0.527344 0.162109
0 0.531250 0.179688 0.527344 0.183594 0.527344 0.185547 0.533203 0.191406 0.535156 0.191406 0.541016 0.185547 0.541016 0.183594 0.537109 0.179688
1 0.001953 0.191406 0.000000 0.193359 0.000000 0.201172 0.001953 0.199219 0.001953 0.197266 0.003906 0.195312 0.003906 0.193359
0 0.951172 0.208984 0.947266 0.212891 0.947266 0.216797 0.949219 0.218750 0.951172 0.218750 0.953125 0.220703 0.955078 0.220703 0.958984 0.216797 0.958984 0.214844 0.953125 0.208984
0 0.833984 0.224609 0.832031 0.226562 0.832031 0.228516 0.830078 0.230469 0.835938 0.236328 0.837891 0.236328 0.839844 0.234375 0.841797 0.234375 0.843750 0.232422 0.843750 0.228516 0.839844 0.224609
0 0.097656 0.250000 0.095703 0.251953 0.095703 0.253906 0.097656 0.255859 0.099609 0.255859 0.101562 0.253906
0 0.863281 0.279297 0.859375 0.279297 0.857422 0.281250 0.857422 0.283203 0.861328 0.287109 0.865234 0.283203 0.865234 0.281250
0 0.621094 0.300781 0.617188 0.304688 0.617188 0.310547 0.621094 0.314453 0.623047 0.314453 0.628906 0.308594 0.628906 0.306641 0.623047 0.300781
0 0.796875 0.302734 0.800781 0.306641 0.804688 0.306641 0.806641 0.304688 0.806641 0.302734 0.804688 0.300781 0.798828 0.300781
0 0.908203 0.310547 0.906250 0.312500 0.906250 0.318359 0.910156 0.322266 0.912109 0.322266 0.916016 0.318359 0.916016 0.314453 0.912109 0.310547
0 0.699219 0.335938 0.695312 0.339844 0.695312 0.343750 0.697266 0.345703 0.699219 0.345703 0.703125 0.341797 0.703125 0.339844
0 0.242188 0.343750 0.236328 0.351562 0.236328 0.363281 0.242188 0.369141 0.244141 0.369141 0.246094 0.371094 0.250000 0.371094 0.257812 0.365234 0.257812 0.359375 0.259766 0.357422 0.257812 0.355469 0.257812 0.353516 0.250000 0.345703 0.248047 0.345703 0.246094 0.343750
0 0.751953 0.345703 0.750000 0.347656 0.748047 0.347656 0.744141 0.351562 0.744141 0.359375 0.746094 0.361328 0.746094 0.363281 0.750000 0.367188 0.755859 0.367188 0.757812 0.365234 0.759766 0.365234 0.763672 0.361328 0.763672 0.359375 0.765625 0.357422 0.765625 0.353516 0.757812 0.345703
0 0.437500 0.353516 0.433594 0.349609 0.421875 0.349609 0.414062 0.357422 0.414062 0.361328 0.419922 0.367188 0.423828 0.367188 0.425781 0.365234 0.431641 0.363281 0.437500 0.357422
0 0.652344 0.361328 0.650391 0.363281 0.652344 0.365234 0.654297 0.363281
0 0.783203 0.363281 0.781250 0.365234 0.781250 0.367188 0.787109 0.373047 0.789062 0.373047 0.792969 0.369141 0.792969 0.367188 0.789062 0.363281
0 0.535156 0.371094 0.533203 0.373047 0.535156 0.375000 0.537109 0.375000 0.539062 0.373047 0.537109 0.371094
0 0.720703 0.386719 0.718750 0.386719 0.712891 0.392578 0.712891 0.394531 0.708984 0.398438 0.708984 0.406250 0.712891 0.410156 0.722656 0.410156 0.726562 0.406250 0.726562 0.394531 0.724609 0.392578 0.724609 0.390625
1 0.212891 0.396484 0.216797 0.414062 0.234375 0.425781 0.251953 0.445312 0.259766 0.449219 0.269531 0.439453 0.287109 0.439453 0.291016 0.435547 0.289062 0.427734 0.279297 0.419922 0.271484 0.419922 0.261719 0.425781 0.253906 0.423828 0.226562 0.390625 0.218750 0.390625
0 0.343750 0.394531 0.339844 0.398438 0.339844 0.400391 0.343750 0.404297 0.349609 0.404297 0.353516 0.400391 0.353516 0.398438 0.349609 0.394531
0 0.396484 0.396484 0.394531 0.396484 0.390625 0.400391 0.390625 0.404297 0.392578 0.406250 0.396484 0.406250 0.398438 0.404297 0.398438 0.402344 0.400391 0.400391
0 0.873047 0.406250 0.871094 0.408203 0.873047 0.410156 0.875000 0.408203
0 0.712891 0.427734 0.710938 0.429688 0.710938 0.431641 0.712891 0.433594 0.714844 0.431641 0.714844 0.429688
0 0.072266 0.433594 0.070312 0.433594 0.068359 0.435547 0.070312 0.437500 0.068359 0.439453 0.070312 0.441406 0.074219 0.437500 0.074219 0.435547
0 0.642578 0.433594 0.638672 0.437500 0.638672 0.439453 0.640625 0.441406 0.644531 0.441406 0.646484 0.439453 0.646484 0.437500
0 0.273438 0.449219 0.273438 0.455078 0.283203 0.464844 0.291016 0.464844 0.294922 0.460938 0.294922 0.457031 0.291016 0.453125 0.287109 0.453125 0.283203 0.449219 0.281250 0.449219 0.279297 0.447266 0.275391 0.447266
0 0.662109 0.458984 0.658203 0.458984 0.656250 0.460938 0.656250 0.462891 0.660156 0.466797 0.664062 0.462891 0.664062 0.460938
0 0.984375 0.462891 0.982422 0.464844 0.982422 0.466797 0.980469 0.468750 0.980469 0.472656 0.982422 0.474609 0.982422 0.476562 0.984375 0.478516 0.986328 0.478516 0.988281 0.476562 0.988281 0.470703 0.986328 0.468750 0.986328 0.464844
0 0.535156 0.476562 0.531250 0.480469 0.531250 0.482422 0.535156 0.486328 0.537109 0.486328 0.541016 0.482422 0.541016 0.480469 0.537109 0.476562
0 0.892578 0.480469 0.890625 0.482422 0.890625 0.486328 0.894531 0.490234 0.898438 0.486328 0.898438 0.484375 0.894531 0.480469
0 0.712891 0.490234 0.710938 0.490234 0.708984 0.492188 0.708984 0.494141 0.710938 0.496094 0.714844 0.492188
0 0.935547 0.501953 0.933594 0.503906 0.937500 0.507812 0.939453 0.505859 0.939453 0.503906 0.937500 0.501953
0 0.925781 0.529297 0.921875 0.529297 0.917969 0.533203 0.921875 0.537109 0.923828 0.537109 0.927734 0.533203 0.927734 0.531250
0 0.505859 0.539062 0.503906 0.541016 0.505859 0.542969 0.507812 0.541016
0 0.654297 0.541016 0.650391 0.544922 0.650391 0.546875 0.652344 0.548828 0.652344 0.550781 0.654297 0.552734 0.656250 0.552734 0.662109 0.546875 0.662109 0.544922 0.660156 0.542969 0.658203 0.542969 0.656250 0.541016
0 0.781250 0.544922 0.787109 0.550781 0.789062 0.550781 0.792969 0.546875 0.789062 0.542969 0.783203 0.542969
0 0.812500 0.548828 0.810547 0.550781 0.810547 0.552734 0.814453 0.556641 0.816406 0.556641 0.820312 0.552734 0.816406 0.548828
0 0.728516 0.562500 0.722656 0.568359 0.724609 0.570312 0.724609 0.574219 0.728516 0.578125 0.732422 0.578125 0.734375 0.576172 0.734375 0.574219 0.736328 0.572266 0.736328 0.568359 0.730469 0.562500
0 0.779297 0.570312 0.777344 0.572266 0.779297 0.574219 0.781250 0.572266
0 0.828125 0.585938 0.826172 0.587891 0.826172 0.591797 0.830078 0.595703 0.833984 0.595703 0.837891 0.591797 0.837891 0.589844 0.833984 0.585938
0 0.462891 0.593750 0.460938 0.595703 0.460938 0.597656 0.466797 0.603516 0.468750 0.603516 0.472656 0.599609 0.472656 0.597656 0.468750 0.593750
0 0.640625 0.593750 0.634766 0.599609 0.634766 0.607422 0.638672 0.611328 0.644531 0.611328 0.648438 0.607422 0.648438 0.597656 0.644531 0.593750
0 0.701172 0.603516 0.699219 0.605469 0.699219 0.609375 0.701172 0.611328 0.701172 0.615234 0.705078 0.619141 0.707031 0.619141 0.712891 0.613281 0.712891 0.609375 0.707031 0.603516
0 0.744141 0.607422 0.740234 0.607422 0.736328 0.611328 0.736328 0.613281 0.738281 0.615234 0.738281 0.617188 0.742188 0.621094 0.748047 0.615234 0.748047 0.613281 0.746094 0.611328 0.746094 0.609375
0 0.875000 0.625000 0.871094 0.628906 0.875000 0.632812 0.876953 0.630859 0.876953 0.626953
0 0.654297 0.628906 0.650391 0.632812 0.650391 0.634766 0.654297 0.638672 0.658203 0.638672 0.662109 0.634766 0.662109 0.632812 0.658203 0.628906
0 0.173828 0.640625 0.173828 0.636719 0.169922 0.632812 0.167969 0.634766 0.164062 0.634766 0.160156 0.638672 0.164062 0.642578 0.166016 0.642578 0.167969 0.640625 0.169922 0.642578 0.171875 0.642578
0 0.203125 0.632812 0.201172 0.634766 0.201172 0.636719 0.203125 0.638672 0.205078 0.638672 0.207031 0.636719
0 0.494141 0.640625 0.490234 0.644531 0.490234 0.646484 0.494141 0.650391 0.498047 0.646484 0.498047 0.644531
0 0.585938 0.642578 0.583984 0.644531 0.583984 0.646484 0.582031 0.648438 0.582031 0.652344 0.585938 0.656250 0.589844 0.656250 0.593750 0.652344 0.593750 0.648438 0.589844 0.644531 0.587891 0.644531
0 0.792969 0.640625 0.791016 0.640625 0.789062 0.642578 0.789062 0.644531 0.791016 0.646484 0.794922 0.642578
0 0.701172 0.644531 0.695312 0.644531 0.693359 0.646484 0.691406 0.646484 0.685547 0.652344 0.685547 0.660156 0.693359 0.667969 0.699219 0.666016 0.705078 0.660156 0.705078 0.658203 0.707031 0.656250 0.707031 0.654297 0.705078 0.652344 0.705078 0.648438
0 0.720703 0.646484 0.718750 0.648438 0.718750 0.650391 0.720703 0.652344 0.720703 0.654297 0.722656 0.656250 0.724609 0.656250 0.726562 0.654297 0.726562 0.650391 0.722656 0.646484
0 0.376953 0.660156 0.375000 0.662109 0.375000 0.664062 0.376953 0.666016 0.378906 0.664062 0.378906 0.662109
0 0.503906 0.664062 0.500000 0.667969 0.500000 0.673828 0.501953 0.675781 0.505859 0.675781 0.507812 0.673828 0.507812 0.671875 0.509766 0.669922
0 0.537109 0.667969 0.535156 0.669922 0.539062 0.673828 0.541016 0.671875 0.541016 0.669922 0.539062 0.667969
0 0.330078 0.673828 0.326172 0.677734 0.330078 0.681641 0.332031 0.681641 0.333984 0.679688 0.333984 0.677734
0 0.341797 0.679688 0.339844 0.681641 0.341797 0.683594 0.343750 0.681641
0 0.722656 0.681641 0.716797 0.687500 0.716797 0.697266 0.718750 0.699219 0.718750 0.701172 0.724609 0.707031 0.726562 0.705078 0.728516 0.705078 0.730469 0.707031 0.738281 0.701172 0.738281 0.697266 0.740234 0.695312 0.740234 0.693359 0.738281 0.691406 0.738281 0.689453 0.732422 0.683594 0.730469 0.683594 0.728516 0.681641
0 0.849609 0.685547 0.845703 0.689453 0.847656 0.691406 0.849609 0.691406 0.851562 0.689453 0.851562 0.687500
0 0.544922 0.693359 0.539062 0.699219 0.539062 0.703125 0.541016 0.705078 0.541016 0.707031 0.544922 0.710938 0.546875 0.710938 0.548828 0.708984 0.550781 0.708984 0.552734 0.707031 0.552734 0.705078 0.554688 0.703125 0.554688 0.701172 0.552734 0.699219 0.552734 0.697266 0.550781 0.695312 0.548828 0.695312 0.546875 0.693359
0 0.966797 0.691406 0.964844 0.693359 0.964844 0.695312 0.966797 0.697266 0.968750 0.695312 0.968750 0.693359
0 0.767578 0.699219 0.769531 0.701172 0.773438 0.701172 0.777344 0.705078 0.781250 0.705078 0.785156 0.701172 0.785156 0.699219 0.781250 0.695312 0.775391 0.695312 0.773438 0.697266 0.769531 0.697266
0 0.468750 0.724609 0.466797 0.726562 0.466797 0.730469 0.468750 0.732422 0.472656 0.732422 0.476562 0.728516 0.472656 0.724609
0 0.507812 0.722656 0.505859 0.722656 0.501953 0.726562 0.501953 0.730469 0.503906 0.732422 0.507812 0.732422 0.511719 0.728516 0.511719 0.726562
1 0.746094 0.726562 0.740234 0.732422 0.740234 0.734375 0.746094 0.740234 0.746094 0.742188 0.748047 0.744141 0.748047 0.746094 0.746094 0.748047 0.746094 0.751953 0.748047 0.753906 0.750000 0.753906 0.753906 0.750000 0.753906 0.748047 0.751953 0.746094 0.751953 0.742188 0.753906 0.740234 0.755859 0.734375 0.750000 0.728516 0.748047 0.728516
0 0.570312 0.734375 0.566406 0.736328 0.558594 0.746094 0.558594 0.755859 0.560547 0.757812 0.560547 0.761719 0.568359 0.769531 0.576172 0.773438 0.578125 0.771484 0.583984 0.771484 0.591797 0.761719 0.591797 0.750000 0.583984 0.738281 0.580078 0.736328 0.572266 0.736328
0 0.359375 0.744141 0.357422 0.744141 0.351562 0.750000 0.351562 0.753906 0.349609 0.755859 0.349609 0.765625 0.353516 0.769531 0.359375 0.767578 0.365234 0.757812 0.365234 0.748047
1 0.462891 0.757812 0.464844 0.759766 0.468750 0.759766 0.470703 0.757812 0.472656 0.757812 0.474609 0.755859 0.478516 0.755859 0.480469 0.753906 0.478516 0.751953 0.474609 0.751953 0.470703 0.755859 0.466797 0.751953 0.462891 0.755859
0 0.669922 0.753906 0.666016 0.757812 0.666016 0.759766 0.669922 0.763672 0.671875 0.761719 0.673828 0.761719 0.675781 0.759766 0.675781 0.757812 0.673828 0.755859 0.671875 0.755859
1 0.707031 0.755859 0.703125 0.759766 0.699219 0.773438 0.712891 0.791016 0.712891 0.798828 0.714844 0.800781 0.718750 0.800781 0.726562 0.794922 0.726562 0.783203 0.728516 0.781250 0.728516 0.777344 0.726562 0.775391 0.724609 0.777344 0.710938 0.761719 0.710938 0.757812
0 0.794922 0.759766 0.792969 0.761719 0.792969 0.763672 0.796875 0.767578 0.800781 0.763672 0.796875 0.759766
0 0.320312 0.761719 0.318359 0.763672 0.316406 0.763672 0.312500 0.767578 0.312500 0.769531 0.310547 0.771484 0.318359 0.779297 0.324219 0.779297 0.328125 0.773438 0.328125 0.767578 0.322266 0.761719
0 0.652344 0.767578 0.646484 0.769531 0.642578 0.773438 0.642578 0.777344 0.640625 0.779297 0.640625 0.785156 0.638672 0.787109 0.644531 0.794922 0.648438 0.794922 0.650391 0.792969 0.652344 0.792969 0.656250 0.789062 0.656250 0.787109 0.658203 0.785156 0.658203 0.781250 0.660156 0.779297 0.660156 0.775391 0.658203 0.773438 0.658203 0.771484
0 0.740234 0.765625 0.738281 0.767578 0.740234 0.769531 0.742188 0.769531 0.744141 0.767578 0.742188 0.765625
0 0.521484 0.775391 0.517578 0.779297 0.521484 0.783203 0.525391 0.779297
0 0.843750 0.787109 0.847656 0.798828 0.869141 0.816406 0.888672 0.818359 0.900391 0.806641 0.900391 0.800781 0.894531 0.792969 0.882812 0.791016 0.863281 0.781250 0.849609 0.779297
0 0.546875 0.781250 0.544922 0.783203 0.548828 0.787109 0.550781 0.787109 0.552734 0.785156 0.552734 0.783203 0.550781 0.781250
0 0.779297 0.783203 0.777344 0.785156 0.775391 0.785156 0.771484 0.789062 0.771484 0.796875 0.773438 0.798828 0.773438 0.800781 0.777344 0.804688 0.783203 0.806641 0.785156 0.804688 0.787109 0.804688 0.792969 0.798828 0.792969 0.789062 0.789062 0.785156 0.787109 0.785156 0.785156 0.783203
0 0.628906 0.787109 0.621094 0.787109 0.617188 0.792969 0.617188 0.804688 0.623047 0.810547 0.625000 0.808594 0.630859 0.806641 0.634766 0.802734 0.634766 0.798828 0.632812 0.796875 0.632812 0.791016
0 0.597656 0.796875 0.593750 0.800781 0.597656 0.804688 0.601562 0.800781
0 0.724609 0.806641 0.718750 0.814453 0.718750 0.820312 0.724609 0.828125 0.726562 0.828125 0.728516 0.830078 0.732422 0.830078 0.734375 0.828125 0.736328 0.828125 0.742188 0.822266 0.742188 0.820312 0.744141 0.818359 0.744141 0.814453 0.736328 0.806641
0 0.556641 0.818359 0.552734 0.822266 0.552734 0.828125 0.556641 0.832031 0.562500 0.832031 0.566406 0.828125 0.566406 0.824219 0.560547 0.818359
0 0.843750 0.818359 0.837891 0.822266 0.828125 0.822266 0.816406 0.830078 0.826172 0.847656 0.826172 0.851562 0.835938 0.859375 0.845703 0.857422 0.853516 0.849609 0.853516 0.843750 0.855469 0.841797
0 0.505859 0.830078 0.503906 0.832031 0.503906 0.833984 0.505859 0.835938 0.507812 0.833984 0.507812 0.832031
0 0.638672 0.833984 0.632812 0.839844 0.634766 0.841797 0.632812 0.843750 0.638672 0.849609 0.644531 0.849609 0.648438 0.845703 0.648438 0.839844 0.644531 0.835938 0.642578 0.835938 0.640625 0.833984
0 0.773438 0.832031 0.769531 0.835938 0.769531 0.839844 0.773438 0.843750 0.777344 0.839844 0.777344 0.835938
0 0.523438 0.843750 0.523438 0.845703 0.527344 0.849609 0.533203 0.849609 0.535156 0.847656 0.535156 0.843750 0.533203 0.841797 0.525391 0.841797
0 0.673828 0.841797 0.669922 0.845703 0.669922 0.847656 0.673828 0.851562 0.677734 0.851562 0.679688 0.849609 0.679688 0.845703 0.675781 0.841797
0 0.988281 0.839844 0.984375 0.843750 0.984375 0.849609 0.990234 0.855469 0.992188 0.855469 0.996094 0.859375 0.998047 0.859375 0.998047 0.839844
0 0.718750 0.845703 0.714844 0.845703 0.710938 0.849609 0.710938 0.851562 0.716797 0.857422 0.718750 0.855469 0.720703 0.855469 0.722656 0.853516 0.722656 0.849609
0 0.763672 0.845703 0.759766 0.849609 0.759766 0.853516 0.763672 0.857422 0.767578 0.857422 0.771484 0.853516 0.769531 0.851562 0.769531 0.849609 0.765625 0.845703
0 0.933594 0.855469 0.927734 0.861328 0.927734 0.867188 0.925781 0.869141 0.927734 0.871094 0.927734 0.875000 0.929688 0.876953 0.929688 0.878906 0.935547 0.882812 0.939453 0.882812 0.947266 0.876953 0.947266 0.875000 0.949219 0.873047 0.949219 0.867188 0.947266 0.865234 0.947266 0.863281 0.941406 0.857422 0.939453 0.857422 0.937500 0.855469 0.935547 0.857422
0 0.966797 0.863281 0.960938 0.869141 0.960938 0.884766 0.964844 0.888672 0.974609 0.888672 0.980469 0.882812 0.980469 0.873047 0.978516 0.871094 0.978516 0.869141 0.974609 0.865234 0.972656 0.865234 0.970703 0.863281
1 0.609375 0.869141 0.607422 0.867188 0.605469 0.867188 0.603516 0.869141 0.601562 0.869141 0.597656 0.873047 0.595703 0.871094 0.591797 0.875000 0.591797 0.880859 0.597656 0.884766 0.605469 0.876953 0.605469 0.875000 0.609375 0.871094
0 0.646484 0.867188 0.642578 0.871094 0.638672 0.880859 0.638672 0.892578 0.640625 0.896484 0.654297 0.908203 0.666016 0.906250 0.673828 0.894531 0.673828 0.886719 0.664062 0.871094 0.658203 0.867188
0 0.751953 0.878906 0.748047 0.882812 0.748047 0.890625 0.750000 0.892578 0.750000 0.894531 0.753906 0.898438 0.761719 0.898438 0.765625 0.894531 0.765625 0.890625 0.763672 0.888672 0.763672 0.886719 0.759766 0.880859 0.757812 0.880859 0.755859 0.878906
0 0.898438 0.886719 0.894531 0.890625 0.894531 0.896484 0.896484 0.898438 0.896484 0.900391 0.900391 0.904297 0.902344 0.904297 0.908203 0.908203 0.910156 0.906250 0.914062 0.906250 0.917969 0.900391 0.917969 0.890625 0.912109 0.884766 0.902344 0.884766 0.900391 0.886719
0 0.734375 0.898438 0.732422 0.900391 0.732422 0.902344 0.734375 0.904297 0.736328 0.902344 0.736328 0.900391
0 0.812500 0.904297 0.810547 0.904297 0.808594 0.906250 0.808594 0.908203 0.810547 0.910156 0.814453 0.906250
0 0.957031 0.904297 0.953125 0.904297 0.951172 0.906250 0.955078 0.910156 0.958984 0.906250
0 0.839844 0.906250 0.837891 0.908203 0.837891 0.912109 0.841797 0.916016 0.845703 0.912109 0.845703 0.910156 0.841797 0.906250
1 0.466797 0.919922 0.470703 0.945312 0.478516 0.957031 0.509766 0.955078 0.525391 0.990234 0.542969 0.982422 0.550781 0.988281 0.548828 0.998047 0.560547 0.998047 0.560547 0.986328 0.572266 0.964844 0.572266 0.951172 0.564453 0.939453 0.552734 0.937500 0.546875 0.943359 0.529297 0.945312 0.517578 0.941406 0.498047 0.917969 0.486328 0.912109
1 0.714844 0.921875 0.707031 0.916016 0.695312 0.917969 0.687500 0.931641 0.679688 0.921875 0.664062 0.919922 0.658203 0.921875 0.646484 0.937500 0.650391 0.941406 0.658203 0.941406 0.667969 0.951172 0.677734 0.953125 0.683594 0.949219 0.685547 0.937500 0.689453 0.933594 0.703125 0.939453 0.712891 0.931641
0 0.785156 0.916016 0.781250 0.919922 0.785156 0.923828 0.787109 0.923828 0.789062 0.925781 0.792969 0.921875 0.792969 0.919922 0.789062 0.916016
0 0.998047 0.929688 0.994141 0.933594 0.994141 0.935547 0.998047 0.939453
0 0.857422 0.955078 0.851562 0.964844 0.853516 0.972656 0.863281 0.984375 0.871094 0.988281 0.876953 0.988281 0.882812 0.994141 0.882812 0.998047 0.888672 0.998047 0.886719 0.990234 0.896484 0.974609 0.894531 0.972656 0.896484 0.968750 0.894531 0.962891 0.880859 0.951172 0.865234 0.951172
0 0.927734 0.949219 0.923828 0.953125 0.923828 0.957031 0.927734 0.960938 0.931641 0.957031 0.931641 0.953125
0 0.712891 0.958984 0.701172 0.958984 0.697266 0.960938 0.691406 0.968750 0.691406 0.972656 0.695312 0.980469 0.703125 0.988281 0.707031 0.988281 0.718750 0.982422 0.722656 0.976562 0.722656 0.966797
0 0.810547 0.960938 0.806641 0.964844 0.806641 0.968750 0.808594 0.970703 0.808594 0.972656 0.812500 0.976562 0.818359 0.976562 0.824219 0.970703 0.824219 0.968750 0.822266 0.966797 0.822266 0.964844 0.820312 0.962891 0.818359 0.962891 0.816406 0.960938
0 0.582031 0.970703 0.578125 0.974609 0.582031 0.978516 0.583984 0.978516 0.587891 0.974609 0.583984 0.970703
0 0.632812 0.970703 0.628906 0.974609 0.632812 0.978516 0.634766 0.978516 0.636719 0.976562 0.636719 0.974609
0 0.597656 0.980469 0.595703 0.982422 0.593750 0.982422 0.591797 0.984375 0.591797 0.986328 0.589844 0.988281 0.593750 0.992188 0.597656 0.992188 0.601562 0.988281 0.601562 0.984375
