0 0.085938 0.050781 0.082031 0.054688 0.082031 0.058594 0.085938 0.062500 0.089844 0.062500 0.093750 0.058594 0.093750 0.054688 0.091797 0.052734 0.089844 0.052734 0.087891 0.050781
0 0.275391 0.060547 0.273438 0.062500 0.273438 0.064453 0.275391 0.066406 0.277344 0.064453 0.277344 0.062500
1 0.029297 0.111328 0.000000 0.320312 0.044922 0.275391 0.078125 0.306641 0.000000 0.371094 0.000000 0.582031 0.070312 0.617188 0.078125 0.708984 0.130859 0.695312 0.181641 0.746094 0.169922 0.849609 0.255859 0.789062 0.326172 0.871094 0.291016 0.951172 0.167969 0.957031 0.148438 0.998047 0.447266 0.998047 0.427734 0.953125 0.460938 0.931641 0.406250 0.896484 0.314453 0.947266 0.337891 0.857422 0.437500 0.884766 0.484375 0.818359 0.542969 0.939453 0.560547 0.859375 0.503906 0.824219 0.564453 0.804688 0.470703 0.775391 0.482422 0.703125 0.390625 0.611328 0.197266 0.689453 0.248047 0.580078 0.222656 0.480469 0.271484 0.468750 0.193359 0.423828 0.205078 0.478516 0.117188 0.482422 0.107422 0.433594 0.154297 0.429688 0.076172 0.392578 0.128906 0.382812 0.078125 0.371094 0.089844 0.255859 0.011719 0.175781
0 0.738281 0.156250 0.734375 0.156250 0.730469 0.160156 0.730469 0.162109 0.734375 0.166016 0.736328 0.166016 0.740234 0.162109 0.740234 0.158203
0 0.373047 0.169922 0.371094 0.171875 0.375000 0.175781 0.376953 0.175781 0.378906 0.173828 0.378906 0.171875 0.376953 0.169922
0 0.119141 0.183594 0.111328 0.175781 0.103516 0.171875 0.095703 0.171875 0.087891 0.179688 0.087891 0.193359 0.082031 0.203125 0.083984 0.205078 0.087891 0.205078 0.097656 0.195312 0.111328 0.195312 0.119141 0.187500
0 0.283203 0.177734 0.281250 0.177734 0.279297 0.179688 0.277344 0.179688 0.275391 0.181641 0.275391 0.185547 0.279297 0.189453 0.281250 0.189453 0.285156 0.185547 0.285156 0.179688
0 0.601562 0.179688 0.599609 0.181641 0.601562 0.183594 0.603516 0.181641
0 0.378906 0.183594 0.375000 0.187500 0.375000 0.189453 0.378906 0.193359 0.382812 0.189453 0.382812 0.187500
0 0.386719 0.201172 0.380859 0.207031 0.380859 0.210938 0.386719 0.216797 0.390625 0.216797 0.394531 0.212891 0.394531 0.205078 0.390625 0.201172
0 0.406250 0.224609 0.402344 0.228516 0.406250 0.232422 0.408203 0.230469 0.408203 0.226562
0 0.367188 0.228516 0.363281 0.228516 0.359375 0.232422 0.359375 0.246094 0.361328 0.248047 0.365234 0.244141 0.365234 0.240234 0.371094 0.234375 0.369141 0.232422 0.369141 0.230469
0 0.269531 0.234375 0.267578 0.236328 0.267578 0.240234 0.269531 0.242188 0.271484 0.242188 0.275391 0.238281 0.271484 0.234375
0 0.388672 0.244141 0.384766 0.248047 0.384766 0.253906 0.392578 0.261719 0.396484 0.261719 0.398438 0.259766 0.398438 0.257812 0.400391 0.255859 0.400391 0.251953 0.392578 0.244141
0 0.431641 0.259766 0.427734 0.263672 0.427734 0.265625 0.429688 0.267578 0.431641 0.267578 0.435547 0.263672
0 0.542969 0.265625 0.546875 0.269531 0.556641 0.269531 0.560547 0.265625 0.556641 0.261719 0.546875 0.261719
0 0.205078 0.265625 0.201172 0.269531 0.205078 0.273438 0.207031 0.273438 0.208984 0.275391 0.210938 0.275391 0.212891 0.277344 0.214844 0.275391 0.214844 0.267578 0.212891 0.265625
0 0.984375 0.265625 0.982422 0.267578 0.980469 0.267578 0.976562 0.271484 0.976562 0.273438 0.980469 0.277344 0.984375 0.277344 0.990234 0.271484
0 0.443359 0.269531 0.441406 0.271484 0.441406 0.273438 0.443359 0.275391 0.445312 0.275391 0.447266 0.273438 0.447266 0.271484 0.445312 0.269531
0 0.517578 0.281250 0.513672 0.285156 0.513672 0.287109 0.519531 0.292969 0.521484 0.292969 0.525391 0.289062 0.525391 0.285156 0.521484 0.281250
0 0.443359 0.291016 0.441406 0.292969 0.443359 0.294922 0.445312 0.292969
0 0.240234 0.298828 0.238281 0.300781 0.240234 0.302734 0.242188 0.300781
0 0.330078 0.302734 0.326172 0.306641 0.326172 0.310547 0.328125 0.312500 0.330078 0.312500 0.332031 0.314453 0.335938 0.310547 0.335938 0.308594 0.333984 0.306641 0.333984 0.304688 0.332031 0.302734
0 0.529297 0.316406 0.533203 0.320312 0.537109 0.320312 0.541016 0.316406 0.542969 0.316406 0.544922 0.314453 0.548828 0.314453 0.552734 0.310547 0.552734 0.308594 0.550781 0.306641 0.544922 0.306641 0.542969 0.308594 0.537109 0.308594 0.535156 0.306641 0.533203 0.306641 0.529297 0.310547
0 0.775391 0.310547 0.773438 0.312500 0.775391 0.314453 0.777344 0.312500
0 0.208984 0.316406 0.207031 0.318359 0.207031 0.322266 0.210938 0.326172 0.214844 0.322266 0.212891 0.320312 0.212891 0.318359 0.210938 0.316406
0 0.560547 0.322266 0.556641 0.322266 0.552734 0.326172 0.552734 0.328125 0.554688 0.330078 0.554688 0.332031 0.556641 0.333984 0.558594 0.333984 0.562500 0.330078 0.562500 0.324219
0 0.964844 0.332031 0.958984 0.332031 0.953125 0.337891 0.953125 0.343750 0.958984 0.349609 0.960938 0.349609 0.968750 0.341797 0.968750 0.337891 0.966797 0.335938 0.966797 0.333984
0 0.232422 0.337891 0.230469 0.339844 0.226562 0.339844 0.220703 0.345703 0.220703 0.353516 0.224609 0.359375 0.230469 0.361328 0.234375 0.365234 0.238281 0.365234 0.250000 0.353516 0.250000 0.351562 0.248047 0.349609 0.248047 0.345703 0.242188 0.339844 0.238281 0.337891
0 0.671875 0.339844 0.667969 0.343750 0.667969 0.345703 0.671875 0.349609 0.675781 0.345703 0.675781 0.343750
0 0.775391 0.341797 0.773438 0.341797 0.771484 0.343750 0.771484 0.345703 0.773438 0.347656 0.777344 0.343750
0 0.201172 0.345703 0.199219 0.347656 0.199219 0.349609 0.201172 0.351562 0.203125 0.349609 0.203125 0.347656
0 0.582031 0.343750 0.580078 0.345703 0.580078 0.351562 0.582031 0.353516 0.583984 0.353516 0.587891 0.349609 0.587891 0.347656 0.583984 0.343750
0 0.259766 0.351562 0.257812 0.353516 0.259766 0.355469 0.261719 0.353516
0 0.496094 0.353516 0.490234 0.359375 0.490234 0.369141 0.496094 0.375000 0.498047 0.375000 0.503906 0.369141 0.503906 0.359375 0.500000 0.355469 0.498047 0.355469
0 0.853516 0.357422 0.853516 0.359375 0.857422 0.363281 0.865234 0.363281 0.869141 0.359375 0.863281 0.353516 0.857422 0.353516
0 0.982422 0.351562 0.974609 0.359375 0.974609 0.367188 0.978516 0.371094 0.978516 0.373047 0.984375 0.376953 0.998047 0.375000 0.998047 0.355469 0.996094 0.353516 0.992188 0.353516 0.990234 0.351562
0 0.291016 0.361328 0.289062 0.363281 0.291016 0.365234 0.291016 0.367188 0.292969 0.369141 0.294922 0.369141 0.298828 0.365234 0.298828 0.363281 0.296875 0.361328
0 0.880859 0.359375 0.878906 0.361328 0.878906 0.365234 0.880859 0.367188 0.886719 0.367188 0.888672 0.365234 0.888672 0.363281 0.884766 0.359375
0 0.605469 0.369141 0.603516 0.371094 0.601562 0.371094 0.595703 0.378906 0.595703 0.384766 0.603516 0.392578 0.611328 0.392578 0.619141 0.386719 0.619141 0.384766 0.621094 0.382812 0.621094 0.376953 0.617188 0.371094 0.615234 0.371094 0.613281 0.369141
0 0.316406 0.373047 0.312500 0.376953 0.312500 0.380859 0.314453 0.382812 0.314453 0.384766 0.318359 0.388672 0.320312 0.388672 0.322266 0.386719 0.322266 0.382812 0.320312 0.380859 0.320312 0.376953
0 0.146484 0.376953 0.142578 0.380859 0.142578 0.382812 0.144531 0.384766 0.146484 0.384766 0.150391 0.380859
0 0.828125 0.376953 0.822266 0.382812 0.822266 0.384766 0.824219 0.386719 0.824219 0.390625 0.826172 0.392578 0.828125 0.392578 0.830078 0.390625 0.832031 0.390625 0.833984 0.388672 0.832031 0.386719 0.832031 0.380859
1 0.451172 0.384766 0.453125 0.386719 0.455078 0.386719 0.457031 0.388672 0.458984 0.388672 0.460938 0.390625 0.464844 0.390625 0.466797 0.392578 0.468750 0.390625 0.468750 0.386719 0.466797 0.384766 0.464844 0.384766 0.462891 0.382812 0.457031 0.382812 0.455078 0.380859
0 0.906250 0.388672 0.904297 0.390625 0.902344 0.390625 0.898438 0.394531 0.898438 0.400391 0.902344 0.404297 0.906250 0.404297 0.910156 0.400391 0.910156 0.398438 0.912109 0.396484 0.912109 0.394531
0 0.939453 0.386719 0.937500 0.388672 0.939453 0.390625 0.941406 0.390625 0.943359 0.388672 0.941406 0.386719
0 0.562500 0.417969 0.562500 0.412109 0.556641 0.406250 0.552734 0.408203 0.548828 0.404297 0.550781 0.398438 0.548828 0.394531 0.542969 0.398438 0.535156 0.398438 0.527344 0.402344 0.521484 0.410156 0.529297 0.419922 0.535156 0.419922 0.544922 0.410156 0.550781 0.414062 0.550781 0.417969 0.554688 0.421875 0.558594 0.421875
0 0.306641 0.398438 0.304688 0.400391 0.306641 0.402344 0.308594 0.400391
0 0.835938 0.400391 0.832031 0.404297 0.835938 0.408203 0.839844 0.404297
0 0.986328 0.398438 0.984375 0.400391 0.984375 0.404297 0.986328 0.406250 0.990234 0.402344
0 0.451172 0.414062 0.445312 0.419922 0.447266 0.425781 0.449219 0.427734 0.451172 0.427734 0.462891 0.439453 0.464844 0.439453 0.470703 0.433594 0.470703 0.429688 0.468750 0.427734 0.468750 0.425781 0.460938 0.417969 0.460938 0.416016 0.458984 0.414062
0 0.882812 0.417969 0.878906 0.421875 0.878906 0.423828 0.880859 0.425781 0.882812 0.425781 0.886719 0.421875
0 0.976562 0.421875 0.974609 0.423828 0.976562 0.425781 0.978516 0.423828
0 0.175781 0.425781 0.173828 0.425781 0.169922 0.429688 0.169922 0.433594 0.171875 0.435547 0.173828 0.435547 0.177734 0.431641 0.177734 0.427734
1 0.339844 0.425781 0.337891 0.425781 0.332031 0.429688 0.332031 0.431641 0.333984 0.433594 0.333984 0.441406 0.332031 0.443359 0.332031 0.451172 0.333984 0.453125 0.337891 0.453125 0.341797 0.447266 0.341797 0.443359 0.339844 0.441406 0.339844 0.439453 0.343750 0.433594 0.343750 0.429688
0 0.656250 0.425781 0.652344 0.429688 0.652344 0.431641 0.650391 0.433594 0.656250 0.439453 0.660156 0.439453 0.664062 0.435547 0.664062 0.431641 0.660156 0.427734 0.658203 0.427734
0 0.236328 0.433594 0.234375 0.435547 0.238281 0.439453 0.240234 0.437500 0.240234 0.435547 0.238281 0.433594
0 0.242188 0.447266 0.240234 0.449219 0.240234 0.451172 0.242188 0.453125 0.244141 0.451172 0.244141 0.449219
0 0.544922 0.445312 0.541016 0.445312 0.539062 0.447266 0.539062 0.451172 0.541016 0.453125 0.542969 0.453125 0.546875 0.449219 0.546875 0.447266
0 0.626953 0.451172 0.623047 0.447266 0.621094 0.447266 0.617188 0.451172 0.617188 0.453125 0.619141 0.455078 0.623047 0.455078
0 0.703125 0.453125 0.697266 0.447266 0.693359 0.445312 0.687500 0.445312 0.681641 0.449219 0.681641 0.451172 0.675781 0.457031 0.675781 0.458984 0.669922 0.466797 0.675781 0.472656 0.689453 0.472656 0.693359 0.470703 0.703125 0.460938
0 0.816406 0.451172 0.814453 0.453125 0.814453 0.458984 0.818359 0.462891 0.824219 0.462891 0.828125 0.458984 0.828125 0.457031 0.822266 0.451172
0 0.910156 0.451172 0.908203 0.453125 0.912109 0.457031 0.914062 0.455078 0.914062 0.453125 0.912109 0.451172
0 0.978516 0.449219 0.974609 0.453125 0.974609 0.455078 0.978516 0.458984 0.980469 0.458984 0.982422 0.457031 0.982422 0.453125
0 0.322266 0.455078 0.320312 0.457031 0.318359 0.457031 0.316406 0.458984 0.316406 0.462891 0.318359 0.464844 0.320312 0.464844 0.326172 0.458984
0 0.351562 0.455078 0.349609 0.457031 0.349609 0.458984 0.347656 0.460938 0.347656 0.462891 0.349609 0.464844 0.349609 0.466797 0.351562 0.468750 0.355469 0.468750 0.359375 0.464844 0.359375 0.457031 0.357422 0.455078
0 0.517578 0.472656 0.513672 0.472656 0.509766 0.476562 0.515625 0.482422 0.521484 0.476562
0 0.527344 0.482422 0.531250 0.501953 0.535156 0.505859 0.550781 0.511719 0.556641 0.511719 0.570312 0.501953 0.582031 0.501953 0.587891 0.498047 0.589844 0.492188 0.585938 0.486328 0.566406 0.488281 0.554688 0.476562 0.550781 0.476562 0.546875 0.472656 0.539062 0.472656
0 0.882812 0.476562 0.880859 0.478516 0.880859 0.480469 0.878906 0.482422 0.880859 0.484375 0.886719 0.484375 0.888672 0.482422 0.888672 0.480469 0.884766 0.476562
0 0.935547 0.486328 0.931641 0.492188 0.931641 0.498047 0.933594 0.500000 0.933594 0.501953 0.941406 0.509766 0.951172 0.509766 0.955078 0.505859 0.955078 0.496094 0.953125 0.494141 0.953125 0.492188 0.947266 0.486328 0.945312 0.486328 0.943359 0.484375 0.939453 0.484375 0.937500 0.486328
0 0.656250 0.490234 0.654297 0.492188 0.654297 0.494141 0.656250 0.496094 0.658203 0.494141 0.658203 0.492188
0 0.906250 0.488281 0.898438 0.488281 0.894531 0.494141 0.894531 0.515625 0.898438 0.523438 0.886719 0.535156 0.875000 0.533203 0.867188 0.544922 0.876953 0.554688 0.888672 0.550781 0.900391 0.558594 0.900391 0.564453 0.919922 0.556641 0.927734 0.542969 0.927734 0.533203 0.921875 0.523438 0.904297 0.513672 0.902344 0.507812 0.910156 0.498047
0 0.255859 0.494141 0.253906 0.492188 0.251953 0.494141 0.250000 0.494141 0.248047 0.496094 0.250000 0.498047 0.253906 0.498047 0.255859 0.496094
0 0.640625 0.494141 0.638672 0.496094 0.640625 0.498047 0.642578 0.496094
0 0.632812 0.500000 0.630859 0.501953 0.632812 0.503906 0.634766 0.503906 0.636719 0.501953 0.634766 0.500000
0 0.509766 0.505859 0.505859 0.509766 0.505859 0.515625 0.507812 0.517578 0.509766 0.517578 0.511719 0.519531 0.517578 0.519531 0.521484 0.515625 0.521484 0.509766 0.517578 0.505859
0 0.705078 0.509766 0.703125 0.511719 0.705078 0.513672 0.707031 0.511719
0 0.771484 0.511719 0.767578 0.515625 0.767578 0.517578 0.771484 0.521484 0.773438 0.521484 0.777344 0.517578 0.775391 0.515625 0.775391 0.513672 0.773438 0.511719
0 0.982422 0.515625 0.978516 0.519531 0.978516 0.521484 0.982422 0.525391 0.984375 0.525391 0.988281 0.521484 0.988281 0.519531 0.984375 0.515625
0 0.560547 0.519531 0.558594 0.521484 0.560547 0.523438 0.562500 0.521484
0 0.269531 0.525391 0.267578 0.525391 0.263672 0.529297 0.263672 0.533203 0.251953 0.542969 0.251953 0.546875 0.259766 0.552734 0.265625 0.552734 0.269531 0.548828 0.269531 0.546875 0.273438 0.541016 0.273438 0.529297
1 0.375000 0.523438 0.373047 0.525391 0.373047 0.527344 0.375000 0.529297 0.376953 0.529297 0.378906 0.531250 0.380859 0.531250 0.388672 0.539062 0.390625 0.537109 0.386719 0.533203 0.386719 0.531250 0.380859 0.525391 0.378906 0.525391 0.376953 0.523438
0 0.779297 0.523438 0.777344 0.525391 0.783203 0.531250 0.785156 0.531250 0.787109 0.529297 0.787109 0.527344 0.783203 0.523438
0 0.646484 0.527344 0.644531 0.529297 0.644531 0.531250 0.646484 0.533203 0.648438 0.533203 0.650391 0.531250
0 0.662109 0.527344 0.660156 0.529297 0.662109 0.531250 0.664062 0.529297
0 0.722656 0.529297 0.720703 0.531250 0.722656 0.533203 0.724609 0.531250
0 0.351562 0.542969 0.347656 0.539062 0.345703 0.541016 0.343750 0.541016 0.341797 0.542969 0.343750 0.544922 0.349609 0.544922
0 0.291016 0.546875 0.289062 0.548828 0.289062 0.552734 0.291016 0.554688 0.292969 0.554688 0.294922 0.552734 0.292969 0.550781 0.292969 0.548828
0 0.507812 0.546875 0.505859 0.548828 0.505859 0.550781 0.509766 0.554688 0.513672 0.550781 0.509766 0.546875
0 0.707031 0.554688 0.703125 0.558594 0.703125 0.560547 0.707031 0.564453 0.708984 0.564453 0.712891 0.560547 0.712891 0.558594 0.708984 0.554688
0 0.310547 0.560547 0.308594 0.562500 0.310547 0.564453 0.312500 0.562500
0 0.355469 0.566406 0.353516 0.568359 0.357422 0.572266 0.359375 0.570312 0.359375 0.568359 0.357422 0.566406
0 0.585938 0.568359 0.582031 0.574219 0.582031 0.578125 0.587891 0.583984 0.593750 0.583984 0.597656 0.587891 0.597656 0.591797 0.605469 0.599609 0.609375 0.599609 0.617188 0.591797 0.619141 0.587891 0.619141 0.582031 0.613281 0.576172 0.609375 0.576172 0.607422 0.574219 0.603516 0.576172 0.591797 0.566406
1 0.726562 0.568359 0.724609 0.568359 0.720703 0.572266 0.720703 0.576172 0.722656 0.578125 0.722656 0.580078 0.720703 0.582031 0.720703 0.583984 0.716797 0.587891 0.716797 0.593750 0.718750 0.595703 0.722656 0.595703 0.724609 0.593750 0.726562 0.593750 0.730469 0.589844 0.730469 0.583984 0.732422 0.582031 0.732422 0.572266
0 0.900391 0.568359 0.898438 0.570312 0.898438 0.572266 0.900391 0.574219 0.902344 0.572266 0.902344 0.570312
1 0.941406 0.570312 0.937500 0.570312 0.933594 0.574219 0.933594 0.580078 0.931641 0.582031 0.931641 0.585938 0.929688 0.587891 0.933594 0.593750 0.937500 0.593750 0.941406 0.589844 0.939453 0.587891 0.939453 0.583984 0.941406 0.582031 0.941406 0.580078 0.945312 0.574219
0 0.695312 0.576172 0.691406 0.580078 0.691406 0.583984 0.695312 0.587891 0.697266 0.587891 0.701172 0.583984 0.701172 0.580078 0.697266 0.576172
0 0.962891 0.578125 0.957031 0.582031 0.957031 0.593750 0.951172 0.601562 0.957031 0.609375 0.955078 0.621094 0.960938 0.628906 0.976562 0.634766 0.986328 0.619141 0.986328 0.609375 0.972656 0.593750 0.972656 0.583984 0.966797 0.578125
0 0.558594 0.582031 0.554688 0.585938 0.554688 0.589844 0.560547 0.595703 0.564453 0.603516 0.564453 0.607422 0.570312 0.613281 0.582031 0.613281 0.589844 0.605469 0.587891 0.603516 0.587891 0.597656 0.582031 0.591797 0.578125 0.591797 0.576172 0.589844 0.574219 0.591797 0.566406 0.583984
0 0.798828 0.585938 0.794922 0.589844 0.798828 0.593750 0.804688 0.593750 0.808594 0.597656 0.806641 0.601562 0.806641 0.605469 0.808594 0.607422 0.810547 0.607422 0.824219 0.593750 0.824219 0.591797 0.818359 0.585938 0.816406 0.587891 0.812500 0.585938 0.808594 0.585938 0.806641 0.583984 0.802734 0.585938
0 0.880859 0.582031 0.876953 0.582031 0.875000 0.583984 0.878906 0.587891 0.882812 0.583984
0 0.644531 0.585938 0.642578 0.587891 0.644531 0.589844 0.646484 0.589844 0.648438 0.587891 0.646484 0.585938
0 0.349609 0.595703 0.347656 0.595703 0.341797 0.601562 0.341797 0.607422 0.345703 0.611328 0.351562 0.605469 0.351562 0.597656
0 0.707031 0.595703 0.705078 0.597656 0.707031 0.599609 0.708984 0.597656
0 0.857422 0.597656 0.853516 0.601562 0.855469 0.603516 0.855469 0.605469 0.859375 0.609375 0.861328 0.609375 0.863281 0.611328 0.867188 0.611328 0.871094 0.607422 0.871094 0.603516 0.865234 0.597656
0 0.900391 0.599609 0.896484 0.603516 0.896484 0.607422 0.898438 0.609375 0.900391 0.607422 0.902344 0.607422 0.904297 0.605469 0.904297 0.603516
0 0.679688 0.603516 0.677734 0.605469 0.681641 0.609375 0.683594 0.609375 0.685547 0.607422 0.683594 0.605469 0.681641 0.605469
1 0.779297 0.603516 0.773438 0.609375 0.773438 0.625000 0.769531 0.632812 0.787109 0.650391 0.789062 0.666016 0.798828 0.673828 0.804688 0.669922 0.802734 0.630859 0.792969 0.623047 0.791016 0.609375
0 0.277344 0.607422 0.273438 0.607422 0.271484 0.609375 0.271484 0.611328 0.275391 0.615234 0.279297 0.611328 0.279297 0.609375
0 0.742188 0.611328 0.736328 0.611328 0.728516 0.617188 0.707031 0.609375 0.687500 0.617188 0.691406 0.626953 0.701172 0.625000 0.705078 0.628906 0.701172 0.640625 0.710938 0.650391 0.708984 0.662109 0.712891 0.666016 0.720703 0.660156 0.718750 0.650391 0.728516 0.638672 0.724609 0.628906 0.730469 0.623047 0.736328 0.628906 0.746094 0.626953 0.748047 0.617188
0 0.761719 0.609375 0.757812 0.613281 0.761719 0.617188 0.765625 0.613281
0 0.628906 0.613281 0.623047 0.619141 0.623047 0.628906 0.625000 0.630859 0.634766 0.630859 0.642578 0.623047 0.632812 0.613281 0.630859 0.615234
0 0.921875 0.613281 0.919922 0.615234 0.919922 0.623047 0.914062 0.628906 0.916016 0.630859 0.919922 0.630859 0.921875 0.628906 0.933594 0.628906 0.937500 0.625000 0.937500 0.623047 0.939453 0.621094 0.939453 0.615234 0.937500 0.613281
0 0.648438 0.621094 0.646484 0.623047 0.648438 0.625000 0.650391 0.625000 0.652344 0.623047 0.650391 0.621094
1 0.855469 0.623047 0.851562 0.623047 0.845703 0.632812 0.859375 0.650391 0.835938 0.666016 0.835938 0.679688 0.851562 0.708984 0.876953 0.681641 0.875000 0.671875 0.886719 0.650391
0 0.613281 0.626953 0.607422 0.625000 0.603516 0.626953 0.599609 0.632812 0.599609 0.638672 0.591797 0.646484 0.583984 0.638672 0.580078 0.640625 0.580078 0.644531 0.583984 0.648438 0.587891 0.644531 0.593750 0.648438 0.595703 0.656250 0.593750 0.662109 0.595703 0.664062 0.609375 0.664062 0.615234 0.658203 0.615234 0.650391 0.611328 0.644531 0.611328 0.638672 0.615234 0.632812
0 0.896484 0.625000 0.894531 0.626953 0.894531 0.628906 0.898438 0.632812 0.900391 0.632812 0.904297 0.628906 0.900391 0.625000
0 0.757812 0.634766 0.755859 0.634766 0.753906 0.632812 0.748047 0.632812 0.744141 0.636719 0.744141 0.638672 0.738281 0.644531 0.736328 0.644531 0.734375 0.646484 0.734375 0.648438 0.732422 0.650391 0.734375 0.656250 0.740234 0.660156 0.744141 0.660156 0.750000 0.654297 0.751953 0.648438 0.757812 0.642578 0.757812 0.640625 0.759766 0.638672 0.759766 0.636719
0 0.955078 0.642578 0.951172 0.646484 0.955078 0.650391 0.958984 0.646484
0 0.917969 0.648438 0.916016 0.650391 0.916016 0.652344 0.919922 0.656250 0.921875 0.654297 0.921875 0.650391 0.919922 0.648438
1 0.501953 0.662109 0.496094 0.662109 0.490234 0.667969 0.490234 0.677734 0.492188 0.679688 0.488281 0.685547 0.488281 0.689453 0.490234 0.691406 0.490234 0.695312 0.496094 0.701172 0.501953 0.695312 0.496094 0.683594 0.507812 0.673828 0.507812 0.667969
0 0.621094 0.660156 0.615234 0.666016 0.615234 0.667969 0.623047 0.675781 0.625000 0.673828 0.625000 0.671875 0.626953 0.669922 0.626953 0.664062 0.623047 0.660156
0 0.673828 0.660156 0.669922 0.660156 0.666016 0.664062 0.666016 0.667969 0.669922 0.671875 0.671875 0.671875 0.675781 0.667969 0.675781 0.662109
0 0.537109 0.669922 0.531250 0.675781 0.531250 0.677734 0.535156 0.681641 0.537109 0.681641 0.539062 0.683594 0.541016 0.681641 0.541016 0.679688 0.542969 0.677734 0.542969 0.673828 0.539062 0.669922
1 0.691406 0.669922 0.685547 0.677734 0.685547 0.683594 0.691406 0.691406 0.699219 0.691406 0.707031 0.697266 0.705078 0.703125 0.707031 0.705078 0.707031 0.710938 0.710938 0.712891 0.714844 0.703125 0.712891 0.685547 0.705078 0.671875 0.701172 0.669922
0 0.976562 0.669922 0.974609 0.667969 0.972656 0.667969 0.968750 0.671875 0.970703 0.673828 0.972656 0.673828
1 0.732422 0.681641 0.728516 0.685547 0.728516 0.687500 0.726562 0.689453 0.726562 0.693359 0.728516 0.695312 0.728516 0.705078 0.730469 0.707031 0.734375 0.703125 0.734375 0.693359 0.736328 0.691406 0.736328 0.687500
0 0.646484 0.687500 0.650391 0.691406 0.652344 0.689453 0.656250 0.689453 0.658203 0.687500 0.656250 0.685547 0.652344 0.685547 0.650391 0.683594
0 0.937500 0.685547 0.933594 0.689453 0.935547 0.691406 0.937500 0.691406 0.939453 0.689453 0.939453 0.687500
0 0.529297 0.691406 0.527344 0.693359 0.529297 0.695312 0.531250 0.695312 0.533203 0.693359 0.531250 0.691406
1 0.781250 0.691406 0.779297 0.693359 0.779297 0.699219 0.775391 0.707031 0.792969 0.724609 0.794922 0.724609 0.798828 0.728516 0.802734 0.720703 0.802734 0.714844
0 0.365234 0.703125 0.359375 0.708984 0.359375 0.714844 0.357422 0.716797 0.365234 0.724609 0.369141 0.724609 0.375000 0.720703 0.375000 0.718750 0.376953 0.716797 0.376953 0.710938 0.373047 0.705078 0.371094 0.705078 0.369141 0.703125
1 0.732422 0.716797 0.734375 0.718750 0.744141 0.718750 0.753906 0.726562 0.763672 0.726562 0.765625 0.724609 0.759766 0.716797 0.759766 0.714844 0.748047 0.705078 0.740234 0.712891 0.736328 0.712891
0 0.814453 0.705078 0.812500 0.707031 0.812500 0.710938 0.818359 0.716797 0.824219 0.716797 0.826172 0.714844 0.826172 0.712891 0.824219 0.710938 0.822266 0.710938 0.816406 0.705078
0 0.681641 0.720703 0.679688 0.722656 0.679688 0.726562 0.681641 0.728516 0.685547 0.728516 0.687500 0.726562 0.687500 0.722656 0.685547 0.720703
0 0.843750 0.724609 0.847656 0.728516 0.849609 0.728516 0.853516 0.732422 0.857422 0.732422 0.863281 0.726562 0.863281 0.724609 0.859375 0.720703 0.853516 0.720703 0.851562 0.722656 0.845703 0.722656
0 0.921875 0.720703 0.916016 0.726562 0.916016 0.732422 0.921875 0.738281 0.927734 0.738281 0.933594 0.732422 0.933594 0.730469 0.929688 0.724609 0.927734 0.724609
0 0.378906 0.732422 0.375000 0.732422 0.373047 0.734375 0.373047 0.738281 0.376953 0.742188 0.378906 0.740234 0.378906 0.736328 0.380859 0.734375
0 0.525391 0.730469 0.523438 0.732422 0.523438 0.734375 0.525391 0.736328 0.527344 0.736328 0.529297 0.734375
0 0.404297 0.734375 0.400391 0.738281 0.404297 0.742188 0.408203 0.742188 0.410156 0.740234 0.410156 0.738281 0.408203 0.736328 0.406250 0.736328
0 0.531250 0.742188 0.533203 0.744141 0.537109 0.744141 0.539062 0.742188 0.537109 0.740234 0.533203 0.740234
0 0.562500 0.742188 0.558594 0.746094 0.558594 0.750000 0.560547 0.751953 0.566406 0.751953 0.568359 0.750000 0.568359 0.748047
0 0.853516 0.750000 0.847656 0.744141 0.839844 0.744141 0.837891 0.746094 0.835938 0.746094 0.832031 0.750000 0.832031 0.757812 0.833984 0.759766 0.843750 0.759766 0.845703 0.757812 0.847656 0.757812 0.853516 0.751953
0 0.880859 0.742188 0.876953 0.746094 0.876953 0.751953 0.880859 0.755859 0.886719 0.755859 0.888672 0.753906 0.888672 0.748047 0.882812 0.742188
0 0.337891 0.750000 0.333984 0.753906 0.333984 0.757812 0.335938 0.759766 0.339844 0.759766 0.341797 0.757812 0.341797 0.753906
0 0.496094 0.751953 0.492188 0.755859 0.496094 0.759766 0.500000 0.755859
0 0.748047 0.755859 0.746094 0.755859 0.740234 0.761719 0.740234 0.763672 0.744141 0.767578 0.748047 0.767578 0.751953 0.763672 0.751953 0.759766
0 0.580078 0.761719 0.576172 0.761719 0.572266 0.765625 0.576172 0.769531 0.578125 0.769531 0.582031 0.765625 0.582031 0.763672
0 0.720703 0.761719 0.718750 0.763672 0.720703 0.765625 0.722656 0.765625 0.724609 0.763672 0.722656 0.761719
1 0.775391 0.761719 0.769531 0.765625 0.765625 0.765625 0.761719 0.769531 0.757812 0.769531 0.750000 0.779297 0.748047 0.787109 0.755859 0.794922 0.759766 0.794922 0.763672 0.791016 0.769531 0.779297 0.769531 0.775391 0.773438 0.771484 0.777344 0.771484 0.779297 0.769531 0.779297 0.765625
0 0.523438 0.769531 0.521484 0.771484 0.523438 0.773438 0.525391 0.773438 0.527344 0.771484 0.525391 0.769531
0 0.593750 0.771484 0.591797 0.773438 0.591797 0.777344 0.593750 0.779297 0.597656 0.779297 0.601562 0.775391 0.601562 0.773438 0.599609 0.771484
0 0.582031 0.775391 0.580078 0.777344 0.582031 0.779297 0.583984 0.777344
0 0.396484 0.777344 0.392578 0.781250 0.394531 0.783203 0.396484 0.783203 0.398438 0.781250 0.398438 0.779297
0 0.437500 0.787109 0.435547 0.789062 0.437500 0.791016 0.439453 0.791016 0.441406 0.789062 0.439453 0.787109
0 0.837891 0.794922 0.833984 0.798828 0.833984 0.800781 0.837891 0.804688 0.843750 0.798828 0.841797 0.796875 0.839844 0.796875
0 0.578125 0.796875 0.574219 0.800781 0.574219 0.804688 0.580078 0.810547 0.583984 0.806641 0.583984 0.804688 0.585938 0.802734 0.583984 0.800781 0.582031 0.800781
1 0.664062 0.820312 0.662109 0.822266 0.660156 0.822266 0.652344 0.830078 0.652344 0.832031 0.656250 0.835938 0.662109 0.830078 0.662109 0.828125 0.666016 0.824219 0.666016 0.822266
0 0.744141 0.830078 0.744141 0.841797 0.750000 0.847656 0.755859 0.847656 0.763672 0.853516 0.773438 0.853516 0.775391 0.855469 0.779297 0.853516 0.773438 0.845703 0.773438 0.839844 0.775391 0.837891 0.765625 0.828125 0.757812 0.824219 0.751953 0.824219
0 0.535156 0.830078 0.533203 0.832031 0.535156 0.833984 0.537109 0.832031
1 0.615234 0.830078 0.603516 0.830078 0.599609 0.833984 0.599609 0.841797 0.593750 0.849609 0.599609 0.855469 0.601562 0.853516 0.603516 0.853516 0.607422 0.857422 0.609375 0.855469 0.605469 0.851562 0.607422 0.847656 0.613281 0.841797 0.617188 0.833984
0 0.722656 0.835938 0.720703 0.837891 0.722656 0.839844 0.724609 0.837891
0 0.656250 0.843750 0.654297 0.843750 0.652344 0.845703 0.650391 0.845703 0.646484 0.849609 0.646484 0.855469 0.650391 0.859375 0.658203 0.859375 0.660156 0.857422 0.660156 0.849609 0.658203 0.847656 0.658203 0.845703
0 0.892578 0.843750 0.888672 0.847656 0.888672 0.849609 0.886719 0.851562 0.886719 0.857422 0.890625 0.861328 0.890625 0.863281 0.892578 0.865234 0.894531 0.865234 0.896484 0.867188 0.900391 0.867188 0.902344 0.865234 0.904297 0.865234 0.908203 0.861328 0.908203 0.859375 0.910156 0.857422 0.910156 0.851562 0.902344 0.843750
0 0.935547 0.855469 0.931641 0.859375 0.931641 0.863281 0.933594 0.865234 0.933594 0.867188 0.935547 0.869141 0.939453 0.865234 0.939453 0.863281 0.941406 0.861328
0 0.478516 0.863281 0.482422 0.867188 0.486328 0.867188 0.488281 0.869141 0.490234 0.867188 0.492188 0.867188 0.494141 0.865234 0.492188 0.863281 0.490234 0.863281 0.488281 0.861328 0.486328 0.861328 0.484375 0.859375 0.482422 0.859375
1 0.689453 0.861328 0.685547 0.869141 0.695312 0.876953 0.699219 0.908203 0.707031 0.910156 0.720703 0.925781 0.734375 0.923828 0.748047 0.937500 0.753906 0.931641 0.751953 0.917969 0.765625 0.908203 0.759766 0.902344 0.750000 0.910156 0.738281 0.908203 0.726562 0.898438 0.732422 0.882812 0.720703 0.865234 0.705078 0.867188 0.695312 0.859375
0 0.673828 0.865234 0.671875 0.867188 0.669922 0.867188 0.666016 0.871094 0.666016 0.873047 0.669922 0.876953 0.671875 0.876953 0.677734 0.871094 0.677734 0.869141
1 0.599609 0.867188 0.595703 0.871094 0.595703 0.873047 0.597656 0.875000 0.597656 0.886719 0.603516 0.892578 0.607422 0.892578 0.611328 0.886719 0.607422 0.880859 0.607422 0.873047 0.601562 0.867188
0 0.779297 0.871094 0.777344 0.873047 0.779297 0.875000 0.781250 0.873047
0 0.816406 0.871094 0.814453 0.873047 0.814453 0.875000 0.816406 0.876953 0.818359 0.875000 0.818359 0.873047
0 0.826172 0.878906 0.824219 0.880859 0.824219 0.882812 0.822266 0.884766 0.824219 0.886719 0.826172 0.886719 0.828125 0.888672 0.830078 0.886719 0.830078 0.882812
0 0.576172 0.884766 0.572266 0.888672 0.576172 0.892578 0.578125 0.892578 0.582031 0.888672 0.578125 0.884766
0 0.445312 0.888672 0.443359 0.888672 0.441406 0.890625 0.441406 0.892578 0.439453 0.894531 0.441406 0.896484 0.443359 0.896484 0.447266 0.892578 0.447266 0.890625
0 0.457031 0.888672 0.455078 0.890625 0.455078 0.892578 0.458984 0.896484 0.460938 0.894531 0.460938 0.890625 0.458984 0.888672
0 0.431641 0.890625 0.427734 0.890625 0.425781 0.892578 0.425781 0.896484 0.429688 0.900391 0.435547 0.894531
0 0.910156 0.902344 0.908203 0.904297 0.908203 0.906250 0.914062 0.912109 0.917969 0.908203 0.916016 0.906250 0.916016 0.904297 0.914062 0.902344
0 0.632812 0.914062 0.636719 0.917969 0.640625 0.917969 0.642578 0.916016 0.644531 0.916016 0.648438 0.912109 0.644531 0.908203 0.636719 0.908203 0.632812 0.912109
0 0.820312 0.906250 0.818359 0.906250 0.812500 0.912109 0.812500 0.921875 0.816406 0.925781 0.820312 0.925781 0.824219 0.921875 0.824219 0.919922 0.826172 0.917969 0.826172 0.910156
0 0.386719 0.916016 0.382812 0.919922 0.384766 0.921875 0.386719 0.921875 0.388672 0.919922 0.388672 0.917969
0 0.576172 0.914062 0.574219 0.914062 0.572266 0.916016 0.572266 0.921875 0.566406 0.927734 0.566406 0.929688 0.564453 0.931641 0.564453 0.935547 0.568359 0.941406 0.570312 0.941406 0.574219 0.937500 0.574219 0.935547 0.582031 0.927734 0.582031 0.921875 0.580078 0.919922 0.580078 0.917969
0 0.791016 0.921875 0.785156 0.927734 0.785156 0.929688 0.783203 0.931641 0.783203 0.937500 0.785156 0.939453 0.785156 0.941406 0.791016 0.947266 0.792969 0.947266 0.794922 0.949219 0.800781 0.949219 0.802734 0.947266 0.804688 0.947266 0.808594 0.941406 0.808594 0.929688 0.800781 0.921875
0 0.339844 0.929688 0.337891 0.931641 0.339844 0.933594 0.341797 0.931641
0 0.650391 0.937500 0.646484 0.945312 0.648438 0.974609 0.640625 0.980469 0.642578 0.982422 0.650391 0.978516 0.658203 0.986328 0.675781 0.990234 0.705078 0.972656 0.679688 0.939453 0.666016 0.933594 0.656250 0.933594
0 0.726562 0.933594 0.722656 0.937500 0.722656 0.941406 0.726562 0.945312 0.730469 0.945312 0.734375 0.941406 0.732422 0.939453 0.732422 0.935547 0.730469 0.933594
0 0.824219 0.943359 0.818359 0.947266 0.818359 0.957031 0.820312 0.958984 0.820312 0.960938 0.826172 0.966797 0.830078 0.966797 0.833984 0.962891 0.833984 0.960938 0.835938 0.958984 0.835938 0.955078 0.833984 0.953125 0.832031 0.947266 0.830078 0.945312
1 0.525391 0.951172 0.531250 0.957031 0.533203 0.957031 0.535156 0.955078 0.541016 0.955078 0.544922 0.951172 0.542969 0.949219 0.539062 0.949219 0.537109 0.951172 0.535156 0.949219 0.531250 0.949219 0.529297 0.947266
0 0.992188 0.945312 0.988281 0.949219 0.988281 0.951172 0.990234 0.953125 0.994141 0.953125 0.996094 0.951172 0.996094 0.949219
1 0.451172 0.949219 0.449219 0.951172 0.451172 0.955078 0.447266 0.960938 0.447266 0.964844 0.451172 0.966797 0.457031 0.962891 0.470703 0.976562 0.470703 0.982422 0.478516 0.986328 0.482422 0.982422 0.482422 0.976562 0.476562 0.970703 0.472656 0.957031 0.470703 0.955078 0.462891 0.957031 0.455078 0.949219
0 0.560547 0.949219 0.558594 0.949219 0.554688 0.953125 0.554688 0.955078 0.556641 0.957031 0.560547 0.957031 0.562500 0.955078 0.562500 0.951172
0 0.617188 0.951172 0.615234 0.953125 0.617188 0.955078 0.619141 0.953125
0 0.757812 0.953125 0.755859 0.955078 0.755859 0.957031 0.757812 0.958984 0.759766 0.957031 0.759766 0.955078
0 0.873047 0.953125 0.869141 0.957031 0.869141 0.962891 0.871094 0.964844 0.871094 0.966797 0.873047 0.968750 0.876953 0.968750 0.882812 0.962891 0.882812 0.958984 0.876953 0.953125
1 0.496094 0.960938 0.503906 0.968750 0.507812 0.968750 0.509766 0.970703 0.517578 0.970703 0.521484 0.974609 0.523438 0.974609 0.525391 0.972656 0.525391 0.970703 0.523438 0.968750 0.521484 0.968750 0.515625 0.962891 0.515625 0.960938 0.513672 0.958984 0.507812 0.958984 0.505859 0.957031 0.500000 0.957031
0 0.785156 0.958984 0.781250 0.962891 0.781250 0.964844 0.779297 0.966797 0.779297 0.970703 0.785156 0.976562 0.787109 0.976562 0.789062 0.978516 0.791016 0.976562 0.792969 0.976562 0.796875 0.972656 0.796875 0.964844 0.791016 0.958984
0 0.539062 0.966797 0.537109 0.968750 0.537109 0.972656 0.541016 0.976562 0.542969 0.976562 0.546875 0.972656 0.546875 0.970703 0.542969 0.966797
0 0.582031 0.968750 0.578125 0.972656 0.582031 0.976562 0.583984 0.976562 0.585938 0.974609 0.585938 0.970703 0.583984 0.968750
0 0.869141 0.972656 0.867188 0.974609 0.869141 0.976562 0.871094 0.974609
0 0.449219 0.976562 0.445312 0.976562 0.443359 0.978516 0.445312 0.980469 0.445312 0.984375 0.447266 0.986328 0.451172 0.982422 0.451172 0.978516
0 0.505859 0.986328 0.503906 0.988281 0.505859 0.990234 0.507812 0.988281
0 0.583984 0.986328 0.582031 0.988281 0.582031 0.990234 0.583984 0.992188 0.585938 0.992188 0.587891 0.994141 0.589844 0.992188 0.589844 0.990234 0.585938 0.986328
0 0.484375 0.990234 0.482422 0.992188 0.486328 0.996094 0.488281 0.994141 0.488281 0.992188 0.486328 0.990234
1 0.730469 0.996094 0.730469 0.998047 0.759766 0.998047 0.755859 0.992188 0.753906 0.992188 0.748047 0.988281 0.738281 0.988281
0 0.880859 0.988281 0.876953 0.992188 0.876953 0.996094 0.878906 0.998047 0.886719 0.998047 0.886719 0.992188 0.882812 0.988281
0 0.923828 0.994141 0.919922 0.990234 0.914062 0.996094 0.914062 0.998047 0.923828 0.998047
0 0.996094 0.988281 0.994141 0.990234 0.994141 0.992188 0.996094 0.994141 0.998047 0.994141 0.998047 0.988281
0 0.460938 0.996094 0.460938 0.998047 0.468750 0.998047 0.464844 0.994141 0.462891 0.994141
1 0.535156 0.998047 0.550781 0.998047 0.546875 0.994141 0.539062 0.994141
