0 0.941406 0.089844 0.937500 0.093750 0.939453 0.095703 0.941406 0.095703 0.943359 0.093750 0.943359 0.091797
1 0.000000 0.132812 0.000000 0.603516 0.062500 0.634766 0.058594 0.722656 0.132812 0.753906 0.121094 0.828125 0.162109 0.867188 0.175781 0.966797 0.207031 0.875000 0.292969 0.861328 0.212891 0.855469 0.269531 0.773438 0.326172 0.800781 0.388672 0.773438 0.380859 0.847656 0.466797 0.794922 0.453125 0.722656 0.439453 0.798828 0.289062 0.746094 0.310547 0.716797 0.250000 0.724609 0.298828 0.658203 0.363281 0.675781 0.464844 0.601562 0.322266 0.548828 0.376953 0.605469 0.333984 0.640625 0.224609 0.640625 0.228516 0.669922 0.138672 0.683594 0.089844 0.656250 0.062500 0.568359 0.121094 0.486328 0.265625 0.439453 0.146484 0.468750 0.093750 0.441406 0.072266 0.386719 0.101562 0.378906 0.107422 0.302734 0.056641 0.302734 0.054688 0.183594
0 0.968750 0.214844 0.966797 0.216797 0.966797 0.218750 0.968750 0.220703 0.970703 0.220703 0.972656 0.218750
0 0.193359 0.267578 0.191406 0.269531 0.193359 0.271484 0.195312 0.269531
0 0.642578 0.281250 0.638672 0.285156 0.642578 0.289062 0.646484 0.285156
0 0.273438 0.294922 0.269531 0.298828 0.273438 0.302734 0.275391 0.302734 0.279297 0.298828 0.275391 0.294922
0 0.308594 0.294922 0.302734 0.294922 0.300781 0.296875 0.296875 0.296875 0.294922 0.298828 0.294922 0.300781 0.298828 0.304688 0.300781 0.304688 0.304688 0.308594 0.306641 0.306641 0.308594 0.306641 0.312500 0.302734 0.312500 0.298828
0 0.234375 0.296875 0.232422 0.298828 0.230469 0.298828 0.226562 0.302734 0.226562 0.304688 0.228516 0.306641 0.232422 0.306641 0.234375 0.304688 0.234375 0.302734 0.236328 0.300781 0.236328 0.298828
0 0.154297 0.306641 0.158203 0.310547 0.160156 0.310547 0.164062 0.306641 0.162109 0.304688 0.156250 0.304688
0 0.246094 0.310547 0.240234 0.310547 0.238281 0.312500 0.238281 0.314453 0.236328 0.316406 0.238281 0.318359 0.240234 0.318359 0.242188 0.320312 0.244141 0.318359 0.246094 0.318359 0.248047 0.316406 0.248047 0.312500
1 0.281250 0.320312 0.279297 0.318359 0.273438 0.318359 0.267578 0.324219 0.265625 0.324219 0.263672 0.322266 0.257812 0.324219 0.255859 0.326172 0.255859 0.328125 0.259766 0.333984 0.263672 0.333984 0.269531 0.328125 0.271484 0.330078 0.277344 0.332031 0.281250 0.328125
0 0.189453 0.320312 0.187500 0.322266 0.187500 0.326172 0.191406 0.330078 0.193359 0.330078 0.195312 0.328125 0.195312 0.322266 0.193359 0.320312
0 0.347656 0.326172 0.345703 0.328125 0.345703 0.335938 0.343750 0.337891 0.345703 0.339844 0.345703 0.341797 0.349609 0.345703 0.351562 0.345703 0.353516 0.343750 0.355469 0.343750 0.359375 0.339844 0.359375 0.337891 0.361328 0.335938 0.361328 0.332031 0.357422 0.328125 0.353516 0.328125 0.351562 0.326172
0 0.230469 0.332031 0.228516 0.333984 0.230469 0.335938 0.232422 0.335938 0.234375 0.333984 0.232422 0.332031
0 0.300781 0.337891 0.298828 0.339844 0.298828 0.343750 0.302734 0.347656 0.306641 0.343750 0.306641 0.341797 0.302734 0.337891
1 0.121094 0.351562 0.117188 0.351562 0.111328 0.355469 0.111328 0.359375 0.109375 0.361328 0.109375 0.365234 0.107422 0.367188 0.107422 0.369141 0.109375 0.371094 0.111328 0.371094 0.113281 0.369141 0.113281 0.367188 0.117188 0.363281 0.117188 0.361328 0.123047 0.355469 0.123047 0.353516
0 0.285156 0.357422 0.285156 0.361328 0.289062 0.365234 0.292969 0.365234 0.294922 0.363281 0.296875 0.363281 0.298828 0.361328 0.292969 0.355469 0.287109 0.355469
0 0.287109 0.398438 0.287109 0.429688 0.275391 0.441406 0.279297 0.449219 0.292969 0.447266 0.298828 0.451172 0.314453 0.447266 0.332031 0.455078 0.341797 0.445312 0.351562 0.445312 0.330078 0.429688 0.330078 0.421875 0.312500 0.408203 0.304688 0.394531 0.296875 0.390625
0 0.394531 0.392578 0.392578 0.394531 0.392578 0.400391 0.396484 0.404297 0.398438 0.404297 0.402344 0.408203 0.404297 0.408203 0.408203 0.404297 0.408203 0.400391 0.400391 0.392578
0 0.429688 0.396484 0.427734 0.398438 0.427734 0.400391 0.429688 0.402344 0.431641 0.402344 0.433594 0.400391
0 0.386719 0.404297 0.382812 0.408203 0.386719 0.412109 0.388672 0.412109 0.390625 0.410156 0.390625 0.406250 0.388672 0.404297
0 0.523438 0.402344 0.521484 0.404297 0.523438 0.406250 0.525391 0.404297
0 0.343750 0.410156 0.349609 0.416016 0.351562 0.416016 0.353516 0.417969 0.361328 0.417969 0.363281 0.416016 0.363281 0.410156 0.359375 0.406250 0.347656 0.406250
0 0.435547 0.429688 0.429688 0.445312 0.451172 0.462891 0.451172 0.466797 0.457031 0.474609 0.462891 0.474609 0.466797 0.470703 0.468750 0.460938 0.476562 0.455078 0.490234 0.472656 0.496094 0.468750 0.498047 0.460938 0.494141 0.457031 0.490234 0.457031 0.476562 0.449219 0.464844 0.437500 0.468750 0.433594 0.478516 0.433594 0.482422 0.429688 0.474609 0.423828 0.460938 0.423828 0.458984 0.427734 0.464844 0.435547 0.460938 0.439453 0.453125 0.439453 0.447266 0.449219 0.441406 0.443359 0.441406 0.431641 0.443359 0.429688 0.439453 0.425781
0 0.535156 0.423828 0.533203 0.425781 0.533203 0.435547 0.537109 0.439453 0.539062 0.439453 0.542969 0.435547 0.542969 0.429688 0.541016 0.427734 0.541016 0.425781 0.539062 0.423828
0 0.388672 0.429688 0.382812 0.435547 0.382812 0.437500 0.384766 0.439453 0.388672 0.439453 0.392578 0.435547 0.392578 0.433594
1 0.363281 0.445312 0.361328 0.447266 0.361328 0.449219 0.369141 0.457031 0.371094 0.457031 0.373047 0.455078 0.373047 0.453125 0.365234 0.445312
0 0.873047 0.449219 0.869141 0.453125 0.869141 0.457031 0.873047 0.460938 0.878906 0.460938 0.882812 0.457031 0.882812 0.453125 0.878906 0.449219
1 0.388672 0.458984 0.382812 0.464844 0.376953 0.476562 0.376953 0.480469 0.394531 0.498047 0.394531 0.505859 0.400391 0.509766 0.408203 0.501953 0.408203 0.498047 0.402344 0.490234 0.400391 0.480469 0.392578 0.470703 0.392578 0.464844
0 0.906250 0.482422 0.902344 0.484375 0.896484 0.492188 0.896484 0.503906 0.906250 0.515625 0.914062 0.515625 0.917969 0.511719 0.919922 0.511719 0.923828 0.505859 0.923828 0.492188 0.916016 0.482422
0 0.486328 0.488281 0.482422 0.492188 0.482422 0.496094 0.484375 0.498047 0.488281 0.498047 0.490234 0.500000 0.494141 0.500000 0.496094 0.498047 0.494141 0.496094 0.494141 0.494141 0.488281 0.488281
0 0.521484 0.503906 0.519531 0.505859 0.519531 0.511719 0.521484 0.513672 0.525391 0.513672 0.529297 0.509766 0.529297 0.507812 0.525391 0.503906
1 0.785156 0.505859 0.781250 0.509766 0.783203 0.511719 0.781250 0.513672 0.781250 0.517578 0.779297 0.519531 0.779297 0.523438 0.781250 0.525391 0.783203 0.525391 0.785156 0.523438 0.785156 0.515625 0.787109 0.513672 0.787109 0.511719 0.789062 0.509766
0 0.382812 0.509766 0.380859 0.511719 0.382812 0.513672 0.384766 0.511719
1 0.507812 0.513672 0.503906 0.509766 0.500000 0.509766 0.498047 0.511719 0.496094 0.511719 0.492188 0.515625 0.490234 0.515625 0.486328 0.519531 0.486328 0.523438 0.490234 0.527344 0.492188 0.527344 0.496094 0.523438 0.498047 0.523438 0.500000 0.521484 0.501953 0.521484 0.507812 0.515625
0 0.208984 0.513672 0.201172 0.513672 0.197266 0.517578 0.197266 0.519531 0.199219 0.521484 0.201172 0.521484 0.203125 0.523438 0.205078 0.523438 0.207031 0.521484 0.207031 0.519531 0.210938 0.515625
0 0.408203 0.513672 0.404297 0.517578 0.404297 0.521484 0.400391 0.527344 0.402344 0.535156 0.406250 0.539062 0.408203 0.537109 0.416016 0.544922 0.416016 0.548828 0.417969 0.550781 0.421875 0.550781 0.423828 0.548828 0.423828 0.544922 0.421875 0.542969 0.423828 0.541016 0.421875 0.537109 0.423828 0.535156 0.423828 0.527344 0.419922 0.523438 0.419922 0.519531 0.414062 0.513672
0 0.794922 0.525391 0.792969 0.527344 0.794922 0.529297 0.796875 0.527344
0 0.439453 0.527344 0.437500 0.529297 0.437500 0.533203 0.441406 0.537109 0.445312 0.533203 0.445312 0.531250 0.441406 0.527344
0 0.515625 0.535156 0.511719 0.531250 0.509766 0.531250 0.507812 0.533203 0.505859 0.533203 0.503906 0.535156 0.503906 0.537109 0.501953 0.539062 0.503906 0.541016 0.507812 0.541016 0.509766 0.539062 0.513672 0.539062 0.515625 0.537109
0 0.916016 0.533203 0.910156 0.539062 0.910156 0.541016 0.914062 0.544922 0.916016 0.544922 0.919922 0.541016 0.919922 0.537109
0 0.384766 0.542969 0.382812 0.544922 0.382812 0.548828 0.384766 0.550781 0.388672 0.546875
0 0.468750 0.544922 0.466797 0.546875 0.466797 0.550781 0.468750 0.552734 0.468750 0.556641 0.470703 0.558594 0.470703 0.560547 0.476562 0.566406 0.478516 0.572266 0.480469 0.574219 0.484375 0.574219 0.492188 0.566406 0.492188 0.560547 0.488281 0.556641 0.482422 0.554688 0.472656 0.544922
0 0.886719 0.546875 0.884766 0.548828 0.884766 0.552734 0.886719 0.554688 0.888672 0.554688 0.892578 0.550781 0.888672 0.546875
0 0.214844 0.560547 0.212891 0.562500 0.214844 0.564453 0.216797 0.564453 0.218750 0.562500 0.216797 0.560547
0 0.384766 0.558594 0.380859 0.562500 0.384766 0.566406 0.388672 0.562500
0 0.962891 0.558594 0.960938 0.560547 0.960938 0.562500 0.962891 0.564453 0.964844 0.564453 0.966797 0.562500 0.966797 0.560547 0.964844 0.558594
0 0.861328 0.564453 0.859375 0.566406 0.859375 0.568359 0.863281 0.572266 0.865234 0.570312 0.865234 0.566406 0.863281 0.564453
0 0.906250 0.572266 0.900391 0.578125 0.900391 0.582031 0.904297 0.585938 0.908203 0.585938 0.910156 0.583984 0.912109 0.583984 0.914062 0.582031 0.914062 0.578125 0.910156 0.574219 0.908203 0.574219
0 0.527344 0.576172 0.525391 0.578125 0.525391 0.580078 0.529297 0.583984 0.531250 0.582031 0.531250 0.578125 0.529297 0.576172
0 0.798828 0.576172 0.794922 0.580078 0.794922 0.582031 0.796875 0.583984 0.798828 0.583984 0.802734 0.580078
0 0.662109 0.582031 0.652344 0.589844 0.652344 0.599609 0.662109 0.619141 0.669922 0.626953 0.671875 0.625000 0.677734 0.625000 0.683594 0.617188 0.683594 0.605469 0.675781 0.595703 0.673828 0.589844 0.667969 0.583984
0 0.291016 0.597656 0.289062 0.597656 0.285156 0.601562 0.285156 0.603516 0.287109 0.605469 0.291016 0.605469 0.292969 0.603516 0.292969 0.599609
1 0.513672 0.603516 0.515625 0.605469 0.519531 0.605469 0.521484 0.607422 0.527344 0.607422 0.529297 0.609375 0.531250 0.607422 0.525391 0.601562 0.523438 0.601562 0.521484 0.599609 0.517578 0.599609
0 0.339844 0.605469 0.337891 0.607422 0.337891 0.611328 0.339844 0.613281 0.341797 0.613281 0.345703 0.609375 0.341797 0.605469
0 0.365234 0.605469 0.363281 0.607422 0.363281 0.609375 0.365234 0.611328 0.367188 0.609375 0.367188 0.607422
0 0.552734 0.609375 0.548828 0.613281 0.548828 0.617188 0.550781 0.619141 0.552734 0.619141 0.556641 0.615234 0.556641 0.613281
0 0.572266 0.609375 0.570312 0.609375 0.566406 0.613281 0.570312 0.617188 0.574219 0.613281 0.574219 0.611328
0 0.722656 0.609375 0.718750 0.613281 0.718750 0.615234 0.722656 0.619141 0.724609 0.619141 0.728516 0.615234 0.728516 0.613281 0.724609 0.609375
0 0.521484 0.615234 0.517578 0.619141 0.519531 0.621094 0.519531 0.623047 0.523438 0.626953 0.527344 0.623047 0.527344 0.619141 0.523438 0.615234
0 0.945312 0.613281 0.943359 0.613281 0.939453 0.617188 0.943359 0.621094 0.947266 0.617188 0.947266 0.615234
0 0.343750 0.619141 0.341797 0.621094 0.341797 0.623047 0.343750 0.625000 0.345703 0.623047 0.345703 0.621094
0 0.484375 0.623047 0.482422 0.625000 0.484375 0.626953 0.486328 0.626953 0.488281 0.625000 0.486328 0.623047
0 0.636719 0.626953 0.630859 0.632812 0.630859 0.636719 0.628906 0.640625 0.630859 0.642578 0.630859 0.648438 0.632812 0.652344 0.638672 0.658203 0.644531 0.658203 0.650391 0.652344 0.652344 0.648438 0.652344 0.632812 0.646484 0.626953
0 0.509766 0.628906 0.505859 0.632812 0.505859 0.634766 0.509766 0.638672 0.513672 0.634766 0.513672 0.632812
0 0.576172 0.628906 0.574219 0.630859 0.576172 0.632812 0.578125 0.632812 0.580078 0.630859 0.578125 0.628906
0 0.201172 0.638672 0.199219 0.640625 0.199219 0.642578 0.201172 0.644531 0.205078 0.644531 0.207031 0.642578 0.207031 0.640625 0.205078 0.638672
1 0.716797 0.640625 0.710938 0.644531 0.708984 0.654297 0.697266 0.671875 0.697266 0.681641 0.699219 0.685547 0.705078 0.689453 0.712891 0.687500 0.718750 0.681641 0.722656 0.669922 0.722656 0.666016 0.718750 0.660156 0.718750 0.654297 0.722656 0.650391 0.722656 0.646484
0 0.564453 0.644531 0.560547 0.648438 0.560547 0.656250 0.564453 0.660156 0.566406 0.660156 0.572266 0.654297 0.570312 0.652344 0.570312 0.648438 0.566406 0.644531
0 0.832031 0.644531 0.828125 0.648438 0.832031 0.652344 0.835938 0.648438
0 0.142578 0.650391 0.140625 0.652344 0.144531 0.656250 0.146484 0.654297 0.146484 0.652344 0.144531 0.650391
0 0.542969 0.658203 0.541016 0.658203 0.537109 0.662109 0.541016 0.666016 0.544922 0.662109 0.544922 0.660156
0 0.445312 0.660156 0.443359 0.660156 0.441406 0.662109 0.441406 0.666016 0.443359 0.667969 0.447266 0.664062 0.447266 0.662109
0 0.501953 0.671875 0.500000 0.673828 0.500000 0.675781 0.503906 0.679688 0.507812 0.675781 0.503906 0.671875
0 0.830078 0.671875 0.828125 0.673828 0.832031 0.677734 0.833984 0.675781 0.833984 0.673828 0.832031 0.671875
0 0.644531 0.685547 0.642578 0.687500 0.644531 0.691406 0.648438 0.691406 0.652344 0.687500 0.658203 0.693359 0.654297 0.697266 0.652344 0.703125 0.662109 0.710938 0.669922 0.712891 0.677734 0.707031 0.679688 0.697266 0.671875 0.689453 0.667969 0.689453 0.660156 0.679688 0.656250 0.679688 0.648438 0.685547
0 0.396484 0.683594 0.390625 0.689453 0.390625 0.691406 0.394531 0.695312 0.394531 0.699219 0.400391 0.705078 0.402344 0.705078 0.406250 0.701172 0.404297 0.699219 0.406250 0.697266 0.404297 0.695312 0.404297 0.689453 0.398438 0.683594
0 0.630859 0.683594 0.628906 0.685547 0.628906 0.687500 0.630859 0.689453 0.632812 0.689453 0.634766 0.687500
0 0.322266 0.687500 0.320312 0.689453 0.322266 0.691406 0.324219 0.689453
0 0.574219 0.687500 0.570312 0.691406 0.572266 0.693359 0.574219 0.693359 0.576172 0.695312 0.580078 0.691406 0.576172 0.687500
0 0.835938 0.687500 0.832031 0.691406 0.835938 0.695312 0.837891 0.695312 0.841797 0.691406 0.837891 0.687500
0 0.607422 0.707031 0.601562 0.712891 0.599609 0.716797 0.599609 0.728516 0.603516 0.732422 0.607422 0.732422 0.609375 0.734375 0.617188 0.734375 0.623047 0.728516 0.625000 0.724609 0.625000 0.718750 0.623047 0.716797 0.623047 0.712891 0.617188 0.707031
0 0.439453 0.710938 0.437500 0.712891 0.439453 0.714844 0.441406 0.712891
0 0.650391 0.712891 0.644531 0.718750 0.644531 0.722656 0.646484 0.724609 0.646484 0.726562 0.648438 0.728516 0.656250 0.728516 0.660156 0.724609 0.660156 0.720703 0.658203 0.718750 0.658203 0.716797 0.656250 0.714844 0.654297 0.714844 0.652344 0.712891
0 0.560547 0.720703 0.558594 0.722656 0.558594 0.732422 0.562500 0.736328 0.564453 0.736328 0.568359 0.732422 0.568359 0.728516 0.566406 0.726562 0.566406 0.724609 0.564453 0.722656 0.562500 0.722656
0 0.740234 0.724609 0.738281 0.726562 0.738281 0.728516 0.740234 0.730469 0.742188 0.730469 0.744141 0.728516 0.744141 0.726562 0.742188 0.724609
1 0.693359 0.738281 0.689453 0.744141 0.691406 0.750000 0.705078 0.759766 0.705078 0.771484 0.712891 0.787109 0.716797 0.787109 0.734375 0.773438 0.734375 0.765625 0.728516 0.753906 0.720703 0.746094 0.705078 0.748047 0.697266 0.738281
1 0.212891 0.744141 0.208984 0.748047 0.203125 0.748047 0.201172 0.750000 0.201172 0.751953 0.197266 0.757812 0.197266 0.763672 0.201172 0.767578 0.203125 0.767578 0.208984 0.763672 0.208984 0.759766 0.210938 0.757812 0.210938 0.751953 0.214844 0.748047 0.214844 0.746094
0 0.337891 0.744141 0.335938 0.744141 0.333984 0.746094 0.333984 0.748047 0.335938 0.750000 0.339844 0.746094
0 0.794922 0.744141 0.791016 0.744141 0.787109 0.748047 0.787109 0.755859 0.792969 0.761719 0.794922 0.759766 0.796875 0.759766 0.800781 0.755859 0.800781 0.750000
0 0.177734 0.748047 0.175781 0.750000 0.177734 0.751953 0.179688 0.750000
1 0.582031 0.753906 0.583984 0.761719 0.589844 0.765625 0.593750 0.765625 0.599609 0.759766 0.603516 0.759766 0.609375 0.765625 0.621094 0.767578 0.623047 0.769531 0.630859 0.761719 0.628906 0.753906 0.621094 0.748047 0.609375 0.748047 0.599609 0.753906 0.589844 0.748047
1 0.552734 0.765625 0.542969 0.759766 0.525391 0.775391 0.521484 0.773438 0.517578 0.777344 0.509766 0.763672 0.511719 0.753906 0.505859 0.753906 0.498047 0.769531 0.511719 0.779297 0.505859 0.796875 0.509766 0.808594 0.503906 0.814453 0.507812 0.824219 0.500000 0.832031 0.451172 0.839844 0.443359 0.851562 0.445312 0.873047 0.451172 0.880859 0.460938 0.878906 0.464844 0.871094 0.503906 0.835938 0.539062 0.824219 0.535156 0.820312 0.550781 0.802734 0.542969 0.798828 0.527344 0.808594 0.523438 0.800781 0.533203 0.787109 0.544922 0.791016 0.556641 0.783203 0.558594 0.773438
0 0.687500 0.763672 0.685547 0.765625 0.685547 0.771484 0.687500 0.773438 0.689453 0.773438 0.693359 0.769531 0.693359 0.767578 0.689453 0.763672
0 0.929688 0.767578 0.925781 0.767578 0.921875 0.771484 0.921875 0.775391 0.923828 0.777344 0.923828 0.779297 0.927734 0.783203 0.931641 0.779297 0.931641 0.769531
0 0.656250 0.773438 0.654297 0.775391 0.654297 0.779297 0.656250 0.781250 0.660156 0.777344
0 0.609375 0.777344 0.607422 0.779297 0.607422 0.781250 0.609375 0.783203 0.611328 0.781250 0.611328 0.779297
0 0.871094 0.777344 0.869141 0.779297 0.871094 0.781250 0.873047 0.781250 0.875000 0.779297 0.873047 0.777344
0 0.619141 0.791016 0.617188 0.792969 0.619141 0.794922 0.621094 0.792969
0 0.667969 0.794922 0.664062 0.800781 0.664062 0.810547 0.673828 0.822266 0.689453 0.824219 0.699219 0.816406 0.703125 0.808594 0.701172 0.806641 0.701172 0.798828 0.703125 0.794922 0.699219 0.791016 0.695312 0.792969 0.675781 0.791016
0 0.572266 0.792969 0.568359 0.796875 0.568359 0.806641 0.570312 0.808594 0.570312 0.810547 0.578125 0.818359 0.585938 0.818359 0.593750 0.810547 0.593750 0.806641 0.591797 0.804688 0.591797 0.802734 0.583984 0.794922 0.582031 0.794922 0.580078 0.792969
0 0.613281 0.796875 0.611328 0.798828 0.613281 0.800781 0.615234 0.798828
0 0.988281 0.802734 0.984375 0.806641 0.986328 0.808594 0.990234 0.804688
0 0.888672 0.804688 0.886719 0.804688 0.880859 0.810547 0.880859 0.816406 0.884766 0.820312 0.888672 0.820312 0.894531 0.814453 0.894531 0.810547
0 0.980469 0.812500 0.978516 0.810547 0.976562 0.810547 0.974609 0.812500 0.972656 0.812500 0.968750 0.816406 0.970703 0.818359 0.976562 0.818359 0.978516 0.816406 0.978516 0.814453
0 0.980469 0.839844 0.980469 0.843750 0.982422 0.845703 0.984375 0.845703 0.986328 0.847656 0.992188 0.847656 0.994141 0.849609 0.996094 0.849609 0.998047 0.847656 0.998047 0.839844 0.996094 0.839844 0.994141 0.837891 0.982422 0.837891
1 0.539062 0.869141 0.546875 0.878906 0.560547 0.869141 0.572266 0.880859 0.615234 0.875000 0.638672 0.882812 0.644531 0.876953 0.640625 0.863281 0.623047 0.857422 0.609375 0.859375 0.591797 0.841797 0.572266 0.841797 0.558594 0.865234 0.544922 0.859375
0 0.669922 0.841797 0.666016 0.841797 0.662109 0.845703 0.664062 0.847656 0.666016 0.847656 0.667969 0.849609 0.671875 0.845703 0.671875 0.843750
0 0.927734 0.843750 0.925781 0.845703 0.925781 0.847656 0.929688 0.851562 0.933594 0.847656 0.929688 0.843750
0 0.318359 0.857422 0.318359 0.859375 0.320312 0.861328 0.326172 0.861328 0.328125 0.859375 0.328125 0.857422 0.326172 0.855469 0.320312 0.855469
1 0.347656 0.859375 0.347656 0.861328 0.351562 0.865234 0.353516 0.865234 0.355469 0.863281 0.357422 0.865234 0.365234 0.865234 0.367188 0.863281 0.365234 0.861328 0.361328 0.861328 0.359375 0.859375 0.357422 0.859375 0.355469 0.857422 0.349609 0.857422
0 0.845703 0.861328 0.843750 0.863281 0.843750 0.867188 0.845703 0.869141 0.849609 0.869141 0.853516 0.865234 0.849609 0.861328
1 0.376953 0.867188 0.375000 0.869141 0.376953 0.871094 0.378906 0.871094 0.382812 0.875000 0.382812 0.876953 0.384766 0.878906 0.384766 0.886719 0.386719 0.888672 0.386719 0.890625 0.388672 0.892578 0.390625 0.892578 0.396484 0.886719 0.396484 0.882812 0.394531 0.880859 0.394531 0.878906 0.388672 0.873047 0.386719 0.873047 0.382812 0.869141
0 0.646484 0.890625 0.646484 0.898438 0.650391 0.902344 0.654297 0.902344 0.656250 0.904297 0.666016 0.906250 0.673828 0.900391 0.673828 0.890625 0.667969 0.884766 0.662109 0.884766 0.660156 0.886719 0.652344 0.886719
0 0.404297 0.896484 0.402344 0.898438 0.404297 0.900391 0.406250 0.900391 0.408203 0.898438 0.406250 0.896484
0 0.470703 0.904297 0.468750 0.906250 0.470703 0.908203 0.472656 0.906250
0 0.626953 0.906250 0.623047 0.910156 0.623047 0.919922 0.626953 0.923828 0.636719 0.923828 0.640625 0.919922 0.640625 0.914062 0.638672 0.912109 0.638672 0.910156 0.634766 0.906250
0 0.601562 0.912109 0.597656 0.916016 0.597656 0.917969 0.601562 0.921875 0.603516 0.921875 0.605469 0.919922 0.605469 0.917969 0.607422 0.916016 0.603516 0.912109
0 0.929688 0.910156 0.927734 0.912109 0.927734 0.914062 0.929688 0.916016 0.931641 0.916016 0.933594 0.914062 0.933594 0.912109 0.931641 0.910156
0 0.412109 0.923828 0.406250 0.923828 0.404297 0.925781 0.404297 0.929688 0.400391 0.937500 0.396484 0.941406 0.396484 0.949219 0.402344 0.955078 0.410156 0.955078 0.416016 0.951172 0.416016 0.943359 0.412109 0.937500 0.414062 0.935547 0.414062 0.931641 0.416016 0.927734
0 0.435547 0.921875 0.429688 0.927734 0.429688 0.931641 0.435547 0.937500 0.441406 0.937500 0.447266 0.931641 0.447266 0.927734 0.441406 0.921875
0 0.683594 0.927734 0.679688 0.931641 0.679688 0.933594 0.681641 0.935547 0.683594 0.935547 0.687500 0.931641
0 0.857422 0.931641 0.851562 0.937500 0.851562 0.939453 0.857422 0.945312 0.859375 0.945312 0.865234 0.939453 0.863281 0.937500 0.863281 0.935547 0.861328 0.933594 0.859375 0.933594
0 0.906250 0.931641 0.902344 0.935547 0.902344 0.937500 0.906250 0.941406 0.910156 0.941406 0.914062 0.937500 0.914062 0.935547 0.910156 0.931641
0 0.589844 0.939453 0.582031 0.937500 0.576172 0.941406 0.572266 0.955078 0.576172 0.968750 0.562500 0.980469 0.552734 0.998047 0.566406 0.998047 0.597656 0.970703 0.605469 0.972656 0.611328 0.966797 0.611328 0.962891
0 0.640625 0.941406 0.632812 0.949219 0.628906 0.957031 0.630859 0.958984 0.632812 0.966797 0.636719 0.970703 0.640625 0.972656 0.648438 0.972656 0.656250 0.964844 0.656250 0.955078 0.654297 0.953125 0.654297 0.949219 0.648438 0.941406
1 0.769531 0.943359 0.765625 0.947266 0.765625 0.953125 0.769531 0.960938 0.769531 0.968750 0.779297 0.986328 0.789062 0.994141 0.802734 0.994141 0.808594 0.988281 0.808594 0.984375 0.816406 0.978516 0.806641 0.976562 0.798828 0.968750 0.791016 0.966797 0.783203 0.958984 0.777344 0.947266 0.773438 0.943359
0 0.441406 0.955078 0.439453 0.957031 0.441406 0.958984 0.443359 0.958984 0.445312 0.957031 0.443359 0.955078
0 0.943359 0.953125 0.939453 0.957031 0.939453 0.960938 0.943359 0.964844 0.945312 0.964844 0.949219 0.960938 0.949219 0.958984
0 0.722656 0.962891 0.718750 0.966797 0.718750 0.970703 0.722656 0.974609 0.724609 0.974609 0.726562 0.976562 0.732422 0.976562 0.734375 0.974609 0.734375 0.972656 0.736328 0.970703 0.736328 0.968750 0.732422 0.964844 0.724609 0.964844
0 0.388672 0.972656 0.386719 0.972656 0.384766 0.974609 0.384766 0.976562 0.382812 0.978516 0.382812 0.980469 0.384766 0.982422 0.388672 0.982422 0.392578 0.978516 0.392578 0.976562
0 0.412109 0.980469 0.410156 0.982422 0.408203 0.982422 0.406250 0.984375 0.406250 0.990234 0.408203 0.992188 0.408203 0.996094 0.410156 0.998047 0.414062 0.998047 0.414062 0.996094 0.419922 0.990234 0.419922 0.986328 0.416016 0.982422 0.414062 0.982422
0 0.351562 0.992188 0.351562 0.998047 0.363281 0.998047 0.363281 0.992188 0.359375 0.988281 0.355469 0.988281
1 0.476562 0.998047 0.482422 0.998047 0.480469 0.996094 0.478516 0.996094
