1 0.080078 0.033203 0.078125 0.031250 0.072266 0.031250 0.066406 0.035156 0.060547 0.035156 0.058594 0.037109 0.056641 0.037109 0.052734 0.041016 0.052734 0.042969 0.050781 0.044922 0.050781 0.048828 0.054688 0.052734 0.060547 0.052734 0.062500 0.050781 0.064453 0.050781 0.080078 0.039062
1 0.000000 0.095703 0.000000 0.529297 0.058594 0.636719 0.101562 0.656250 0.134766 0.726562 0.201172 0.722656 0.193359 0.806641 0.283203 0.746094 0.425781 0.738281 0.400391 0.769531 0.412109 0.796875 0.488281 0.763672 0.531250 0.689453 0.560547 0.685547 0.517578 0.638672 0.550781 0.605469 0.541016 0.589844 0.521484 0.609375 0.517578 0.568359 0.455078 0.537109 0.361328 0.599609 0.335938 0.587891 0.304688 0.646484 0.283203 0.650391 0.273438 0.619141 0.251953 0.662109 0.150391 0.662109 0.089844 0.626953 0.058594 0.544922 0.111328 0.496094 0.150391 0.517578 0.189453 0.492188 0.113281 0.466797 0.136719 0.292969 0.089844 0.222656 0.007812 0.205078
0 0.513672 0.162109 0.509766 0.166016 0.509766 0.167969 0.511719 0.169922 0.515625 0.169922 0.517578 0.167969 0.517578 0.166016
0 0.560547 0.173828 0.556641 0.177734 0.556641 0.179688 0.560547 0.183594 0.562500 0.183594 0.566406 0.179688 0.566406 0.177734 0.562500 0.173828
0 0.591797 0.187500 0.587891 0.191406 0.591797 0.195312 0.595703 0.195312 0.599609 0.191406 0.595703 0.187500
0 0.455078 0.195312 0.451172 0.199219 0.451172 0.201172 0.455078 0.205078 0.458984 0.201172 0.458984 0.199219
0 0.630859 0.214844 0.626953 0.218750 0.630859 0.222656 0.634766 0.218750
0 0.652344 0.216797 0.650391 0.218750 0.652344 0.220703 0.654297 0.218750
0 0.595703 0.234375 0.591797 0.238281 0.591797 0.240234 0.597656 0.246094 0.601562 0.246094 0.605469 0.242188 0.605469 0.240234 0.599609 0.234375
0 0.359375 0.244141 0.359375 0.251953 0.361328 0.253906 0.361328 0.255859 0.367188 0.259766 0.371094 0.259766 0.373047 0.257812 0.378906 0.255859 0.384766 0.250000 0.384766 0.248047 0.375000 0.238281 0.365234 0.238281
0 0.583984 0.253906 0.578125 0.259766 0.578125 0.261719 0.576172 0.263672 0.578125 0.265625 0.578125 0.269531 0.580078 0.271484 0.582031 0.271484 0.583984 0.273438 0.589844 0.273438 0.595703 0.267578 0.595703 0.263672 0.593750 0.261719 0.593750 0.259766 0.587891 0.253906
0 0.267578 0.279297 0.263672 0.283203 0.263672 0.289062 0.265625 0.291016 0.265625 0.292969 0.269531 0.296875 0.275391 0.296875 0.279297 0.291016 0.279297 0.285156 0.273438 0.279297
0 0.871094 0.279297 0.869141 0.281250 0.871094 0.283203 0.873047 0.281250
0 0.251953 0.281250 0.250000 0.283203 0.251953 0.285156 0.253906 0.285156 0.255859 0.283203 0.253906 0.281250
0 0.347656 0.287109 0.345703 0.289062 0.345703 0.291016 0.349609 0.294922 0.351562 0.294922 0.353516 0.292969 0.353516 0.291016 0.349609 0.287109
0 0.220703 0.294922 0.218750 0.296875 0.220703 0.298828 0.222656 0.296875
0 0.873047 0.296875 0.869141 0.300781 0.873047 0.304688 0.876953 0.300781
0 0.343750 0.306641 0.341797 0.308594 0.341797 0.310547 0.343750 0.312500 0.345703 0.310547 0.345703 0.308594
0 0.810547 0.310547 0.806641 0.314453 0.806641 0.322266 0.810547 0.326172 0.816406 0.326172 0.822266 0.320312 0.820312 0.318359 0.820312 0.314453 0.816406 0.310547
0 0.230469 0.312500 0.228516 0.312500 0.224609 0.316406 0.224609 0.318359 0.228516 0.322266 0.234375 0.316406
1 0.277344 0.330078 0.269531 0.335938 0.269531 0.347656 0.261719 0.355469 0.261719 0.367188 0.267578 0.371094 0.271484 0.371094 0.281250 0.359375 0.281250 0.351562 0.279297 0.347656 0.283203 0.341797 0.283203 0.333984
1 0.224609 0.332031 0.220703 0.339844 0.208984 0.349609 0.203125 0.361328 0.203125 0.365234 0.208984 0.371094 0.212891 0.367188 0.212891 0.361328 0.214844 0.359375 0.214844 0.355469 0.220703 0.347656 0.220703 0.343750 0.226562 0.337891 0.226562 0.333984
0 0.384766 0.333984 0.380859 0.337891 0.378906 0.337891 0.375000 0.341797 0.376953 0.343750 0.380859 0.343750 0.388672 0.351562 0.394531 0.347656 0.394531 0.339844 0.388672 0.333984
0 0.382812 0.373047 0.382812 0.375000 0.384766 0.376953 0.384766 0.378906 0.388672 0.382812 0.390625 0.382812 0.392578 0.384766 0.396484 0.380859 0.400391 0.380859 0.402344 0.378906 0.402344 0.376953 0.396484 0.371094 0.394531 0.371094 0.392578 0.369141 0.386719 0.369141
0 0.126953 0.394531 0.125000 0.400391 0.132812 0.408203 0.132812 0.416016 0.146484 0.429688 0.166016 0.406250 0.183594 0.425781 0.205078 0.414062 0.208984 0.419922 0.197266 0.429688 0.193359 0.443359 0.210938 0.462891 0.199219 0.478516 0.207031 0.486328 0.226562 0.478516 0.226562 0.453125 0.230469 0.449219 0.240234 0.453125 0.244141 0.447266 0.226562 0.429688 0.232422 0.410156 0.242188 0.400391 0.238281 0.390625 0.218750 0.376953 0.220703 0.388672 0.208984 0.410156 0.197266 0.406250 0.187500 0.414062 0.179688 0.408203 0.181641 0.404297 0.173828 0.394531 0.162109 0.400391 0.146484 0.417969
0 0.156250 0.382812 0.154297 0.384766 0.156250 0.386719 0.158203 0.384766
0 0.376953 0.419922 0.375000 0.421875 0.376953 0.423828 0.378906 0.421875
0 0.126953 0.423828 0.125000 0.425781 0.125000 0.431641 0.126953 0.433594 0.132812 0.433594 0.134766 0.431641 0.132812 0.429688 0.132812 0.427734 0.128906 0.423828
0 0.419922 0.427734 0.417969 0.427734 0.414062 0.431641 0.414062 0.433594 0.416016 0.435547 0.417969 0.435547 0.421875 0.431641 0.421875 0.429688
1 0.361328 0.429688 0.359375 0.431641 0.361328 0.433594 0.361328 0.435547 0.363281 0.437500 0.363281 0.439453 0.365234 0.441406 0.367188 0.441406 0.369141 0.439453 0.369141 0.437500
0 0.427734 0.449219 0.425781 0.451172 0.427734 0.453125 0.429688 0.453125 0.431641 0.451172 0.429688 0.449219
0 0.246094 0.462891 0.244141 0.464844 0.244141 0.466797 0.242188 0.468750 0.248047 0.474609 0.250000 0.474609 0.253906 0.470703 0.253906 0.468750 0.248047 0.462891
0 0.351562 0.464844 0.347656 0.468750 0.347656 0.470703 0.345703 0.472656 0.345703 0.476562 0.351562 0.482422 0.353516 0.480469 0.359375 0.486328 0.361328 0.486328 0.363281 0.488281 0.367188 0.488281 0.371094 0.484375 0.367188 0.474609 0.359375 0.466797 0.357422 0.466797 0.355469 0.464844
0 0.287109 0.498047 0.285156 0.500000 0.285156 0.503906 0.287109 0.505859 0.289062 0.505859 0.291016 0.503906 0.291016 0.500000 0.289062 0.498047
0 0.501953 0.513672 0.500000 0.515625 0.503906 0.519531 0.505859 0.517578 0.505859 0.515625 0.503906 0.513672
0 0.111328 0.515625 0.107422 0.519531 0.107422 0.527344 0.111328 0.531250 0.115234 0.531250 0.117188 0.529297 0.117188 0.523438 0.115234 0.521484 0.115234 0.519531
0 0.203125 0.515625 0.201172 0.517578 0.201172 0.519531 0.199219 0.521484 0.199219 0.523438 0.201172 0.525391 0.201172 0.527344 0.203125 0.529297 0.205078 0.529297 0.210938 0.523438 0.210938 0.519531 0.208984 0.517578 0.207031 0.517578 0.205078 0.515625
0 0.400391 0.515625 0.398438 0.517578 0.398438 0.519531 0.396484 0.521484 0.398438 0.523438 0.398438 0.525391 0.400391 0.527344 0.404297 0.523438 0.404297 0.519531
0 0.462891 0.521484 0.460938 0.521484 0.457031 0.525391 0.457031 0.527344 0.460938 0.531250 0.462891 0.529297 0.462891 0.527344 0.464844 0.525391 0.464844 0.523438
0 0.162109 0.535156 0.160156 0.537109 0.160156 0.539062 0.158203 0.541016 0.158203 0.544922 0.162109 0.548828 0.166016 0.544922 0.166016 0.539062
0 0.910156 0.537109 0.906250 0.541016 0.906250 0.544922 0.910156 0.548828 0.912109 0.548828 0.917969 0.542969 0.917969 0.541016 0.916016 0.539062 0.914062 0.539062 0.912109 0.537109
0 0.089844 0.539062 0.087891 0.541016 0.091797 0.544922 0.093750 0.542969 0.093750 0.541016 0.091797 0.539062
0 0.314453 0.541016 0.308594 0.544922 0.308594 0.552734 0.312500 0.556641 0.306641 0.564453 0.302734 0.564453 0.298828 0.560547 0.291016 0.558594 0.289062 0.560547 0.283203 0.560547 0.275391 0.568359 0.275391 0.572266 0.300781 0.595703 0.306641 0.591797 0.306641 0.585938 0.300781 0.582031 0.296875 0.576172 0.306641 0.566406 0.316406 0.568359 0.328125 0.576172 0.330078 0.574219 0.335938 0.574219 0.337891 0.576172 0.343750 0.576172 0.345703 0.574219 0.345703 0.568359 0.343750 0.566406 0.337891 0.566406 0.332031 0.560547 0.326172 0.558594 0.320312 0.562500 0.312500 0.556641 0.316406 0.552734 0.316406 0.546875 0.318359 0.544922
0 0.369141 0.550781 0.365234 0.554688 0.369141 0.558594 0.373047 0.554688
0 0.613281 0.558594 0.609375 0.558594 0.605469 0.562500 0.605469 0.568359 0.609375 0.572266 0.611328 0.572266 0.613281 0.570312 0.615234 0.570312 0.617188 0.568359 0.617188 0.562500
0 0.914062 0.564453 0.912109 0.566406 0.914062 0.568359 0.916016 0.568359 0.917969 0.566406 0.916016 0.564453
0 0.916016 0.585938 0.914062 0.585938 0.910156 0.589844 0.910156 0.591797 0.914062 0.595703 0.916016 0.593750 0.917969 0.593750 0.919922 0.591797 0.917969 0.589844 0.917969 0.587891
0 0.699219 0.593750 0.697266 0.593750 0.691406 0.599609 0.691406 0.601562 0.695312 0.605469 0.697266 0.605469 0.699219 0.603516 0.701172 0.603516 0.703125 0.601562 0.703125 0.597656
1 0.205078 0.601562 0.205078 0.605469 0.210938 0.611328 0.216797 0.613281 0.224609 0.613281 0.232422 0.609375 0.244141 0.609375 0.248047 0.611328 0.255859 0.607422 0.250000 0.599609 0.246094 0.599609 0.240234 0.603516 0.234375 0.603516 0.226562 0.599609 0.222656 0.603516 0.218750 0.603516 0.208984 0.597656
0 0.294922 0.605469 0.289062 0.599609 0.287109 0.601562 0.277344 0.601562 0.275391 0.603516 0.275391 0.607422 0.279297 0.613281 0.291016 0.613281 0.294922 0.609375
1 0.462891 0.597656 0.460938 0.599609 0.460938 0.601562 0.470703 0.611328 0.472656 0.611328 0.474609 0.613281 0.476562 0.611328 0.474609 0.609375 0.474609 0.605469 0.466797 0.597656
0 0.179688 0.626953 0.177734 0.628906 0.177734 0.632812 0.181641 0.636719 0.183594 0.636719 0.187500 0.632812 0.187500 0.628906 0.185547 0.626953
0 0.710938 0.626953 0.708984 0.628906 0.708984 0.632812 0.710938 0.634766 0.712891 0.634766 0.714844 0.632812 0.714844 0.630859
0 0.546875 0.630859 0.544922 0.632812 0.544922 0.638672 0.548828 0.642578 0.552734 0.642578 0.556641 0.638672 0.556641 0.636719 0.550781 0.630859
0 0.205078 0.634766 0.203125 0.636719 0.203125 0.638672 0.207031 0.642578 0.210938 0.638672 0.207031 0.634766
1 0.609375 0.640625 0.605469 0.644531 0.605469 0.646484 0.613281 0.654297 0.613281 0.660156 0.623047 0.669922 0.634766 0.671875 0.636719 0.669922 0.636719 0.660156 0.632812 0.656250 0.630859 0.658203 0.628906 0.656250 0.621094 0.654297 0.615234 0.648438 0.617188 0.646484 0.617188 0.642578 0.615234 0.640625
0 0.873047 0.660156 0.865234 0.669922 0.867188 0.673828 0.867188 0.679688 0.875000 0.689453 0.882812 0.689453 0.884766 0.691406 0.888672 0.691406 0.894531 0.685547 0.894531 0.673828 0.896484 0.671875 0.892578 0.664062 0.888672 0.660156 0.884766 0.660156 0.882812 0.658203 0.878906 0.660156
0 0.583984 0.664062 0.582031 0.666016 0.583984 0.667969 0.585938 0.666016
0 0.605469 0.679688 0.603516 0.681641 0.603516 0.683594 0.605469 0.685547 0.607422 0.683594 0.607422 0.681641
0 0.609375 0.710938 0.607422 0.712891 0.609375 0.714844 0.611328 0.712891
0 0.677734 0.718750 0.675781 0.720703 0.677734 0.722656 0.679688 0.720703
0 0.728516 0.718750 0.726562 0.720703 0.724609 0.720703 0.722656 0.722656 0.722656 0.724609 0.720703 0.726562 0.724609 0.730469 0.728516 0.730469 0.732422 0.726562 0.732422 0.722656
0 0.652344 0.730469 0.648438 0.730469 0.646484 0.732422 0.646484 0.734375 0.648438 0.736328 0.650391 0.736328 0.654297 0.732422
0 0.712891 0.736328 0.708984 0.740234 0.708984 0.742188 0.714844 0.748047 0.718750 0.748047 0.722656 0.744141 0.716797 0.738281 0.714844 0.738281
0 0.373047 0.746094 0.365234 0.751953 0.365234 0.763672 0.369141 0.769531 0.371094 0.769531 0.373047 0.771484 0.378906 0.771484 0.384766 0.767578 0.384766 0.765625 0.388672 0.761719 0.388672 0.757812 0.386719 0.755859 0.386719 0.751953 0.382812 0.748047 0.380859 0.748047 0.378906 0.746094
0 0.570312 0.746094 0.568359 0.748047 0.572266 0.751953 0.572266 0.753906 0.574219 0.755859 0.574219 0.757812 0.578125 0.761719 0.580078 0.761719 0.585938 0.755859 0.585938 0.751953 0.580078 0.746094
0 0.861328 0.748047 0.857422 0.751953 0.857422 0.759766 0.859375 0.761719 0.861328 0.761719 0.863281 0.763672 0.865234 0.763672 0.869141 0.759766 0.869141 0.753906 0.867188 0.751953 0.867188 0.750000 0.865234 0.748047
0 0.642578 0.750000 0.640625 0.750000 0.638672 0.751953 0.638672 0.755859 0.640625 0.757812 0.644531 0.753906 0.644531 0.751953
0 0.742188 0.750000 0.736328 0.755859 0.740234 0.759766 0.744141 0.759766 0.746094 0.757812 0.746094 0.755859 0.744141 0.753906 0.744141 0.751953
0 0.644531 0.773438 0.642578 0.775391 0.644531 0.777344 0.646484 0.777344 0.648438 0.775391 0.646484 0.773438
0 0.595703 0.779297 0.593750 0.781250 0.593750 0.783203 0.591797 0.785156 0.595703 0.789062 0.599609 0.789062 0.601562 0.787109 0.601562 0.783203 0.597656 0.779297
0 0.837891 0.791016 0.835938 0.810547 0.847656 0.824219 0.865234 0.830078 0.869141 0.828125 0.878906 0.833984 0.890625 0.828125 0.886719 0.808594 0.878906 0.794922 0.875000 0.794922 0.859375 0.783203 0.843750 0.785156
0 0.720703 0.785156 0.718750 0.785156 0.716797 0.787109 0.716797 0.796875 0.718750 0.798828 0.722656 0.794922 0.722656 0.787109
0 0.908203 0.789062 0.906250 0.791016 0.908203 0.792969 0.910156 0.792969 0.912109 0.791016 0.910156 0.789062
0 0.566406 0.808594 0.560547 0.814453 0.560547 0.826172 0.562500 0.828125 0.562500 0.830078 0.566406 0.833984 0.572266 0.833984 0.576172 0.830078 0.576172 0.828125 0.578125 0.826172 0.578125 0.816406 0.570312 0.808594
0 0.589844 0.810547 0.587891 0.812500 0.587891 0.816406 0.595703 0.824219 0.595703 0.828125 0.593750 0.830078 0.593750 0.833984 0.595703 0.835938 0.601562 0.835938 0.605469 0.832031 0.605469 0.828125 0.607422 0.826172 0.593750 0.810547
0 0.500000 0.812500 0.496094 0.812500 0.488281 0.820312 0.488281 0.822266 0.486328 0.824219 0.486328 0.830078 0.490234 0.835938 0.496094 0.835938 0.500000 0.832031 0.500000 0.830078 0.503906 0.824219 0.503906 0.816406
0 0.648438 0.816406 0.644531 0.820312 0.648438 0.824219 0.650391 0.824219 0.652344 0.822266 0.652344 0.818359 0.650391 0.816406
0 0.703125 0.816406 0.701172 0.818359 0.701172 0.824219 0.705078 0.828125 0.707031 0.828125 0.708984 0.826172 0.708984 0.820312 0.707031 0.818359 0.705078 0.818359
0 0.962891 0.830078 0.958984 0.830078 0.955078 0.833984 0.953125 0.833984 0.951172 0.835938 0.951172 0.841797 0.957031 0.847656 0.958984 0.845703 0.960938 0.845703 0.962891 0.843750 0.964844 0.843750 0.966797 0.841797 0.966797 0.835938 0.964844 0.833984 0.964844 0.832031
0 0.625000 0.841797 0.619141 0.847656 0.619141 0.851562 0.625000 0.857422 0.630859 0.857422 0.638672 0.849609 0.638672 0.847656 0.634766 0.843750 0.632812 0.843750 0.630859 0.841797
1 0.238281 0.925781 0.242188 0.953125 0.259766 0.966797 0.281250 0.958984 0.304688 0.910156 0.339844 0.945312 0.375000 0.925781 0.371094 0.998047 0.400391 0.998047 0.419922 0.953125 0.437500 0.958984 0.455078 0.945312 0.464844 0.964844 0.455078 0.998047 0.470703 0.998047 0.470703 0.939453 0.482422 0.929688 0.476562 0.919922 0.486328 0.908203 0.509766 0.919922 0.503906 0.935547 0.525391 0.943359 0.503906 0.998047 0.552734 0.998047 0.548828 0.947266 0.511719 0.855469 0.386719 0.859375 0.337891 0.849609 0.320312 0.855469 0.292969 0.892578 0.251953 0.904297
0 0.529297 0.849609 0.525391 0.853516 0.525391 0.857422 0.529297 0.861328 0.531250 0.861328 0.535156 0.857422 0.535156 0.853516 0.531250 0.849609
0 0.654297 0.847656 0.650391 0.853516 0.650391 0.857422 0.652344 0.859375 0.652344 0.861328 0.654297 0.863281 0.654297 0.865234 0.656250 0.867188 0.660156 0.867188 0.666016 0.861328 0.664062 0.859375 0.666016 0.857422 0.664062 0.855469 0.664062 0.851562 0.660156 0.847656
0 0.685547 0.847656 0.683594 0.849609 0.683594 0.851562 0.685547 0.853516 0.687500 0.851562 0.687500 0.849609
0 0.703125 0.853516 0.699219 0.853516 0.697266 0.855469 0.697266 0.857422 0.701172 0.861328 0.705078 0.857422 0.705078 0.855469
0 0.869141 0.853516 0.863281 0.859375 0.863281 0.861328 0.865234 0.863281 0.865234 0.867188 0.871094 0.873047 0.873047 0.873047 0.878906 0.867188 0.878906 0.859375 0.873047 0.853516
0 0.562500 0.855469 0.558594 0.859375 0.558594 0.863281 0.564453 0.869141 0.568359 0.869141 0.572266 0.865234 0.572266 0.861328 0.570312 0.859375 0.570312 0.857422 0.568359 0.855469
0 0.576172 0.869141 0.574219 0.871094 0.574219 0.875000 0.576172 0.876953 0.578125 0.876953 0.580078 0.875000 0.580078 0.873047
0 0.968750 0.869141 0.966797 0.871094 0.966797 0.876953 0.968750 0.878906 0.972656 0.878906 0.976562 0.875000 0.976562 0.873047 0.974609 0.871094 0.970703 0.871094
0 0.666016 0.873047 0.662109 0.876953 0.664062 0.878906 0.666016 0.878906 0.667969 0.876953 0.667969 0.875000
0 0.900391 0.873047 0.898438 0.875000 0.898438 0.876953 0.900391 0.878906 0.902344 0.876953 0.902344 0.875000
0 0.605469 0.876953 0.603516 0.878906 0.603516 0.880859 0.605469 0.882812 0.607422 0.882812 0.609375 0.880859 0.609375 0.878906 0.607422 0.876953
0 0.710938 0.880859 0.707031 0.876953 0.705078 0.876953 0.699219 0.882812 0.697266 0.882812 0.693359 0.886719 0.695312 0.888672 0.705078 0.888672 0.710938 0.882812
0 0.683594 0.898438 0.683594 0.890625 0.679688 0.886719 0.673828 0.888672 0.669922 0.892578 0.667969 0.892578 0.664062 0.888672 0.660156 0.888672 0.658203 0.890625 0.658203 0.894531 0.660156 0.896484 0.662109 0.896484 0.666016 0.892578 0.667969 0.892578 0.675781 0.902344 0.679688 0.902344
0 0.619141 0.900391 0.615234 0.904297 0.615234 0.906250 0.619141 0.910156 0.623047 0.906250 0.623047 0.904297
0 0.574219 0.927734 0.576172 0.931641 0.591797 0.927734 0.597656 0.937500 0.603516 0.941406 0.619141 0.939453 0.621094 0.937500 0.621094 0.927734 0.601562 0.904297 0.593750 0.906250 0.589844 0.914062 0.583984 0.919922 0.580078 0.919922
1 0.998047 0.908203 0.996094 0.910156 0.996094 0.912109 0.998047 0.914062
0 0.746094 0.914062 0.744141 0.914062 0.740234 0.917969 0.740234 0.925781 0.742188 0.927734 0.746094 0.927734 0.750000 0.923828 0.750000 0.921875 0.751953 0.919922
0 0.679688 0.923828 0.675781 0.923828 0.669922 0.929688 0.669922 0.935547 0.667969 0.937500 0.671875 0.941406 0.679688 0.941406 0.685547 0.937500 0.685547 0.933594 0.683594 0.931641 0.683594 0.929688
0 0.642578 0.927734 0.638672 0.931641 0.638672 0.933594 0.642578 0.937500 0.644531 0.937500 0.646484 0.935547 0.646484 0.931641
0 0.724609 0.931641 0.720703 0.935547 0.720703 0.939453 0.724609 0.943359 0.732422 0.943359 0.734375 0.941406 0.734375 0.935547 0.730469 0.931641
0 0.970703 0.935547 0.968750 0.937500 0.968750 0.939453 0.970703 0.941406 0.972656 0.939453 0.972656 0.937500
0 0.773438 0.943359 0.769531 0.941406 0.763672 0.941406 0.761719 0.939453 0.757812 0.939453 0.753906 0.943359 0.755859 0.949219 0.759766 0.953125 0.751953 0.960938 0.751953 0.964844 0.753906 0.966797 0.757812 0.966797 0.761719 0.962891 0.759766 0.958984 0.763672 0.955078 0.773438 0.955078 0.777344 0.951172
0 0.650391 0.943359 0.644531 0.943359 0.636719 0.953125 0.628906 0.949219 0.619141 0.962891 0.619141 0.974609 0.628906 0.986328 0.625000 0.998047 0.648438 0.998047 0.650391 0.992188 0.658203 0.986328 0.658203 0.982422 0.664062 0.976562 0.664062 0.966797 0.656250 0.949219
0 0.689453 0.958984 0.687500 0.960938 0.685547 0.960938 0.681641 0.964844 0.681641 0.974609 0.685547 0.978516 0.687500 0.978516 0.693359 0.972656 0.693359 0.962891
0 0.708984 0.957031 0.705078 0.960938 0.708984 0.964844 0.712891 0.960938
0 0.878906 0.964844 0.875000 0.968750 0.880859 0.974609 0.882812 0.972656 0.882812 0.970703 0.884766 0.968750 0.880859 0.964844
0 0.806641 0.978516 0.802734 0.982422 0.806641 0.986328 0.810547 0.982422
0 0.587891 0.980469 0.585938 0.982422 0.585938 0.994141 0.583984 0.996094 0.583984 0.998047 0.603516 0.998047 0.603516 0.996094 0.607422 0.992188 0.605469 0.990234 0.599609 0.990234 0.593750 0.984375 0.593750 0.982422 0.591797 0.980469 0.589844 0.982422
0 0.998047 0.986328 0.996094 0.986328 0.992188 0.990234 0.994141 0.992188 0.998047 0.992188
1 0.660156 0.994141 0.660156 0.998047 0.681641 0.998047 0.679688 0.996094 0.675781 0.996094 0.673828 0.994141 0.671875 0.994141 0.669922 0.992188 0.667969 0.992188 0.666016 0.990234 0.664062 0.990234
1 0.947266 0.998047 0.955078 0.998047 0.953125 0.996094 0.949219 0.996094
