0 0.042969 0.009766 0.039062 0.013672 0.039062 0.027344 0.042969 0.031250 0.048828 0.033203 0.052734 0.029297 0.052734 0.023438 0.050781 0.021484 0.050781 0.017578 0.052734 0.015625 0.052734 0.013672 0.046875 0.009766
0 0.462891 0.154297 0.458984 0.158203 0.462891 0.162109 0.466797 0.158203
0 0.503906 0.164062 0.500000 0.167969 0.500000 0.169922 0.503906 0.173828 0.509766 0.173828 0.513672 0.169922 0.511719 0.167969 0.511719 0.166016 0.509766 0.164062
1 0.000000 0.169922 0.000000 0.214844 0.027344 0.205078 0.000000 0.228516 0.000000 0.296875 0.037109 0.316406 0.011719 0.333984 0.000000 0.312500 0.000000 0.501953 0.033203 0.591797 0.103516 0.675781 0.169922 0.687500 0.160156 0.761719 0.302734 0.708984 0.371094 0.757812 0.447266 0.708984 0.476562 0.597656 0.416016 0.535156 0.335938 0.544922 0.328125 0.572266 0.294922 0.556641 0.251953 0.613281 0.228516 0.607422 0.253906 0.552734 0.273438 0.562500 0.271484 0.535156 0.316406 0.521484 0.275391 0.500000 0.277344 0.523438 0.240234 0.535156 0.244141 0.580078 0.216797 0.560547 0.187500 0.576172 0.222656 0.580078 0.208984 0.607422 0.167969 0.593750 0.179688 0.613281 0.130859 0.621094 0.062500 0.578125 0.041016 0.521484 0.068359 0.472656 0.162109 0.451172 0.117188 0.445312 0.097656 0.408203 0.058594 0.416016 0.082031 0.244141 0.044922 0.183594
0 0.535156 0.175781 0.533203 0.177734 0.533203 0.181641 0.535156 0.183594 0.537109 0.183594 0.539062 0.181641 0.539062 0.179688
0 0.408203 0.181641 0.406250 0.183594 0.406250 0.189453 0.408203 0.191406 0.410156 0.191406 0.412109 0.189453 0.412109 0.185547
0 0.570312 0.201172 0.568359 0.203125 0.568359 0.205078 0.570312 0.207031 0.572266 0.205078 0.572266 0.203125
0 0.585938 0.203125 0.583984 0.205078 0.585938 0.207031 0.587891 0.205078
1 0.542969 0.216797 0.539062 0.216797 0.535156 0.220703 0.535156 0.224609 0.539062 0.230469 0.535156 0.234375 0.527344 0.234375 0.523438 0.236328 0.517578 0.244141 0.517578 0.246094 0.527344 0.253906 0.535156 0.253906 0.542969 0.246094 0.542969 0.242188 0.537109 0.234375 0.546875 0.226562 0.546875 0.220703
0 0.322266 0.226562 0.322266 0.230469 0.326172 0.234375 0.330078 0.234375 0.332031 0.236328 0.337891 0.236328 0.343750 0.240234 0.347656 0.240234 0.351562 0.236328 0.351562 0.232422 0.349609 0.230469 0.349609 0.228516 0.343750 0.222656 0.341797 0.222656 0.339844 0.220703 0.330078 0.220703
0 0.316406 0.265625 0.312500 0.269531 0.316406 0.273438 0.318359 0.273438 0.320312 0.271484 0.320312 0.269531
0 0.789062 0.277344 0.787109 0.279297 0.787109 0.281250 0.789062 0.283203 0.791016 0.281250 0.791016 0.279297
1 0.246094 0.283203 0.242188 0.285156 0.236328 0.291016 0.236328 0.292969 0.240234 0.298828 0.246094 0.300781 0.250000 0.304688 0.248047 0.306641 0.248047 0.310547 0.253906 0.316406 0.259766 0.316406 0.263672 0.312500 0.261719 0.304688 0.253906 0.300781 0.250000 0.296875 0.253906 0.292969 0.253906 0.285156 0.251953 0.283203
0 0.734375 0.289062 0.730469 0.292969 0.730469 0.300781 0.736328 0.304688 0.740234 0.304688 0.742188 0.302734 0.744141 0.302734 0.746094 0.300781 0.746094 0.298828 0.748047 0.296875 0.748047 0.294922 0.742188 0.289062
0 0.291016 0.298828 0.287109 0.302734 0.287109 0.306641 0.289062 0.308594 0.292969 0.304688 0.292969 0.300781
0 0.218750 0.304688 0.203125 0.318359 0.189453 0.341797 0.199219 0.357422 0.189453 0.373047 0.164062 0.378906 0.152344 0.367188 0.140625 0.382812 0.130859 0.369141 0.125000 0.384766 0.103516 0.357422 0.095703 0.355469 0.115234 0.386719 0.103516 0.392578 0.103516 0.406250 0.134766 0.386719 0.158203 0.390625 0.167969 0.382812 0.179688 0.388672 0.175781 0.406250 0.185547 0.425781 0.185547 0.433594 0.173828 0.445312 0.179688 0.455078 0.203125 0.449219 0.218750 0.427734 0.207031 0.394531 0.218750 0.380859 0.226562 0.357422 0.220703 0.355469 0.212891 0.363281 0.201172 0.343750 0.203125 0.330078 0.220703 0.310547
0 0.240234 0.324219 0.234375 0.330078 0.234375 0.333984 0.236328 0.335938 0.236328 0.337891 0.242188 0.341797 0.248047 0.341797 0.250000 0.343750 0.253906 0.343750 0.259766 0.337891 0.259766 0.333984 0.251953 0.326172 0.250000 0.326172 0.248047 0.324219
0 0.335938 0.328125 0.328125 0.335938 0.328125 0.337891 0.332031 0.341797 0.335938 0.341797 0.339844 0.337891 0.339844 0.332031
0 0.988281 0.347656 0.984375 0.351562 0.988281 0.355469 0.990234 0.355469 0.992188 0.353516 0.992188 0.349609 0.990234 0.347656
0 0.339844 0.359375 0.337891 0.359375 0.335938 0.361328 0.333984 0.361328 0.332031 0.363281 0.332031 0.365234 0.330078 0.367188 0.330078 0.369141 0.335938 0.375000 0.337891 0.375000 0.339844 0.373047 0.341797 0.373047 0.345703 0.369141 0.345703 0.365234
0 0.292969 0.371094 0.291016 0.373047 0.291016 0.375000 0.292969 0.376953 0.294922 0.375000 0.294922 0.373047
0 0.082031 0.394531 0.080078 0.396484 0.080078 0.398438 0.082031 0.400391 0.083984 0.398438 0.083984 0.396484
0 0.320312 0.414062 0.318359 0.412109 0.316406 0.412109 0.312500 0.416016 0.314453 0.417969 0.318359 0.417969 0.320312 0.416016
0 0.320312 0.427734 0.318359 0.429688 0.322266 0.433594 0.324219 0.431641 0.324219 0.429688 0.322266 0.427734
0 0.308594 0.439453 0.302734 0.445312 0.302734 0.449219 0.304688 0.451172 0.304688 0.457031 0.306641 0.458984 0.306641 0.462891 0.312500 0.468750 0.314453 0.468750 0.318359 0.464844 0.318359 0.458984 0.316406 0.457031 0.320312 0.451172 0.320312 0.445312 0.314453 0.439453
0 0.326172 0.441406 0.326172 0.443359 0.328125 0.445312 0.333984 0.445312 0.335938 0.443359 0.332031 0.439453 0.328125 0.439453
0 0.382812 0.443359 0.380859 0.445312 0.382812 0.447266 0.384766 0.445312
0 0.351562 0.445312 0.349609 0.447266 0.351562 0.449219 0.353516 0.447266
0 0.441406 0.451172 0.439453 0.453125 0.441406 0.455078 0.443359 0.453125
0 0.421875 0.470703 0.417969 0.474609 0.419922 0.476562 0.419922 0.478516 0.421875 0.480469 0.421875 0.482422 0.423828 0.484375 0.427734 0.480469 0.427734 0.478516 0.425781 0.476562 0.425781 0.472656 0.423828 0.470703
1 0.365234 0.476562 0.367188 0.478516 0.371094 0.478516 0.376953 0.484375 0.378906 0.482422 0.378906 0.476562 0.376953 0.474609 0.375000 0.476562 0.373047 0.474609 0.367188 0.474609
1 0.103516 0.484375 0.101562 0.482422 0.097656 0.482422 0.095703 0.484375 0.085938 0.484375 0.082031 0.486328 0.072266 0.496094 0.068359 0.494141 0.064453 0.498047 0.064453 0.500000 0.068359 0.501953 0.072266 0.498047 0.080078 0.494141 0.093750 0.494141 0.097656 0.492188 0.103516 0.486328
0 0.179688 0.480469 0.175781 0.484375 0.175781 0.486328 0.181641 0.492188 0.183594 0.492188 0.187500 0.488281 0.187500 0.484375 0.183594 0.480469
0 0.263672 0.480469 0.259766 0.480469 0.257812 0.482422 0.261719 0.486328 0.265625 0.482422
0 0.392578 0.492188 0.390625 0.494141 0.394531 0.498047 0.396484 0.496094 0.396484 0.494141 0.394531 0.492188
0 0.130859 0.496094 0.128906 0.496094 0.126953 0.498047 0.126953 0.500000 0.123047 0.503906 0.123047 0.505859 0.121094 0.507812 0.121094 0.509766 0.123047 0.511719 0.125000 0.511719 0.126953 0.513672 0.130859 0.509766 0.130859 0.505859 0.132812 0.503906 0.132812 0.498047
0 0.365234 0.500000 0.361328 0.503906 0.365234 0.507812 0.367188 0.507812 0.371094 0.503906 0.369141 0.501953 0.367188 0.501953
0 0.330078 0.517578 0.324219 0.523438 0.326172 0.525391 0.332031 0.525391 0.337891 0.531250 0.339844 0.529297 0.339844 0.527344 0.333984 0.521484 0.333984 0.519531 0.332031 0.517578
0 0.857422 0.519531 0.853516 0.515625 0.849609 0.519531 0.851562 0.521484 0.855469 0.521484
0 0.867188 0.521484 0.863281 0.525391 0.863281 0.527344 0.869141 0.533203 0.871094 0.531250 0.873047 0.531250 0.875000 0.529297 0.873047 0.527344 0.873047 0.525391 0.869141 0.521484
0 0.443359 0.523438 0.439453 0.523438 0.437500 0.525391 0.437500 0.527344 0.441406 0.531250 0.445312 0.527344 0.445312 0.525391
0 0.572266 0.548828 0.568359 0.552734 0.568359 0.556641 0.572266 0.560547 0.576172 0.560547 0.580078 0.556641 0.580078 0.552734 0.576172 0.548828
0 0.820312 0.554688 0.816406 0.558594 0.816406 0.560547 0.818359 0.562500 0.820312 0.562500 0.822266 0.560547 0.822266 0.556641
0 0.849609 0.568359 0.845703 0.572266 0.845703 0.576172 0.847656 0.578125 0.851562 0.578125 0.855469 0.574219
0 0.500000 0.572266 0.496094 0.576172 0.500000 0.580078 0.501953 0.580078 0.503906 0.578125 0.503906 0.574219 0.501953 0.572266
0 0.644531 0.582031 0.644531 0.585938 0.648438 0.589844 0.654297 0.589844 0.658203 0.585938 0.652344 0.580078 0.646484 0.580078
0 0.648438 0.603516 0.646484 0.605469 0.646484 0.609375 0.648438 0.611328 0.650391 0.611328 0.652344 0.609375 0.652344 0.607422
0 0.511719 0.609375 0.509766 0.607422 0.503906 0.607422 0.501953 0.609375 0.500000 0.609375 0.498047 0.611328 0.498047 0.615234 0.500000 0.617188 0.507812 0.617188 0.511719 0.613281
0 0.542969 0.611328 0.541016 0.613281 0.542969 0.615234 0.544922 0.613281
0 0.566406 0.609375 0.564453 0.611328 0.562500 0.611328 0.558594 0.615234 0.558594 0.619141 0.562500 0.623047 0.564453 0.623047 0.570312 0.617188 0.570312 0.613281
0 0.572266 0.626953 0.568359 0.626953 0.564453 0.632812 0.564453 0.638672 0.570312 0.644531 0.572266 0.642578 0.574219 0.642578 0.582031 0.634766 0.582031 0.632812 0.578125 0.628906 0.574219 0.628906
0 0.919922 0.625000 0.917969 0.626953 0.917969 0.628906 0.919922 0.630859 0.921875 0.628906 0.921875 0.626953
0 0.820312 0.628906 0.812500 0.638672 0.812500 0.656250 0.814453 0.658203 0.814453 0.664062 0.818359 0.667969 0.835938 0.669922 0.843750 0.662109 0.847656 0.654297 0.845703 0.652344 0.847656 0.650391 0.847656 0.644531 0.835938 0.630859 0.832031 0.628906
0 0.554688 0.642578 0.552734 0.644531 0.552734 0.646484 0.554688 0.648438 0.556641 0.646484 0.556641 0.644531
1 0.507812 0.646484 0.505859 0.644531 0.494141 0.656250 0.488281 0.652344 0.482422 0.658203 0.482422 0.664062 0.486328 0.667969 0.488281 0.667969 0.500000 0.660156 0.501953 0.662109 0.503906 0.662109 0.507812 0.658203 0.507812 0.656250 0.505859 0.654297 0.505859 0.652344 0.507812 0.650391
0 0.943359 0.656250 0.939453 0.660156 0.943359 0.664062 0.945312 0.664062 0.947266 0.662109 0.947266 0.658203 0.945312 0.656250
0 0.537109 0.662109 0.535156 0.664062 0.535156 0.666016 0.537109 0.667969 0.539062 0.666016 0.539062 0.664062
0 0.576172 0.671875 0.574219 0.673828 0.574219 0.675781 0.576172 0.677734 0.578125 0.675781 0.578125 0.673828
0 0.234375 0.677734 0.232422 0.679688 0.234375 0.681641 0.236328 0.679688
1 0.664062 0.687500 0.662109 0.687500 0.658203 0.691406 0.658203 0.697266 0.652344 0.703125 0.652344 0.705078 0.650391 0.707031 0.650391 0.708984 0.654297 0.712891 0.656250 0.712891 0.658203 0.710938 0.660156 0.705078 0.669922 0.697266 0.667969 0.691406
0 0.599609 0.691406 0.597656 0.693359 0.597656 0.695312 0.599609 0.697266 0.601562 0.697266 0.603516 0.695312 0.603516 0.693359 0.601562 0.691406
0 0.572266 0.697266 0.568359 0.697266 0.566406 0.699219 0.566406 0.701172 0.570312 0.705078 0.574219 0.701172 0.574219 0.699219
0 0.945312 0.701172 0.943359 0.703125 0.945312 0.705078 0.947266 0.703125
0 0.509766 0.712891 0.507812 0.714844 0.507812 0.716797 0.505859 0.718750 0.505859 0.724609 0.509766 0.728516 0.515625 0.728516 0.517578 0.726562 0.519531 0.726562 0.523438 0.722656 0.523438 0.720703 0.515625 0.712891
0 0.673828 0.718750 0.671875 0.720703 0.671875 0.726562 0.673828 0.728516 0.677734 0.728516 0.679688 0.726562 0.679688 0.722656 0.675781 0.718750
0 0.816406 0.720703 0.814453 0.722656 0.812500 0.722656 0.808594 0.726562 0.808594 0.732422 0.810547 0.734375 0.816406 0.734375 0.820312 0.730469 0.820312 0.724609
1 0.621094 0.724609 0.619141 0.726562 0.623047 0.730469 0.623047 0.732422 0.626953 0.736328 0.628906 0.734375 0.625000 0.730469 0.625000 0.728516
0 0.525391 0.746094 0.521484 0.750000 0.521484 0.751953 0.527344 0.757812 0.531250 0.753906 0.531250 0.750000 0.527344 0.746094
0 0.650391 0.750000 0.646484 0.753906 0.646484 0.755859 0.648438 0.757812 0.650391 0.757812 0.652344 0.759766 0.656250 0.759766 0.658203 0.757812 0.658203 0.755859 0.654297 0.751953 0.652344 0.751953
0 0.792969 0.751953 0.785156 0.759766 0.787109 0.775391 0.794922 0.789062 0.806641 0.800781 0.822266 0.806641 0.833984 0.802734 0.837891 0.798828 0.837891 0.789062 0.833984 0.783203 0.832031 0.771484 0.810547 0.750000
0 0.630859 0.755859 0.628906 0.755859 0.625000 0.759766 0.628906 0.763672 0.632812 0.759766 0.632812 0.757812
0 0.892578 0.755859 0.890625 0.757812 0.890625 0.759766 0.892578 0.761719 0.894531 0.759766 0.894531 0.757812
0 0.849609 0.763672 0.847656 0.765625 0.849609 0.767578 0.851562 0.767578 0.853516 0.765625 0.851562 0.763672
0 0.599609 0.771484 0.597656 0.773438 0.595703 0.773438 0.583984 0.785156 0.583984 0.791016 0.587891 0.794922 0.593750 0.794922 0.599609 0.789062 0.599609 0.787109 0.601562 0.785156 0.601562 0.773438
0 0.523438 0.773438 0.521484 0.773438 0.517578 0.777344 0.517578 0.779297 0.511719 0.789062 0.511719 0.794922 0.517578 0.800781 0.523438 0.800781 0.529297 0.794922 0.529297 0.789062 0.527344 0.787109 0.527344 0.777344
0 0.445312 0.787109 0.445312 0.794922 0.451172 0.800781 0.462891 0.800781 0.464844 0.798828 0.466797 0.798828 0.470703 0.794922 0.470703 0.791016 0.468750 0.789062 0.468750 0.787109 0.462891 0.783203 0.449219 0.783203
0 0.539062 0.800781 0.539062 0.802734 0.544922 0.808594 0.552734 0.808594 0.554688 0.806641 0.556641 0.806641 0.560547 0.800781 0.556641 0.796875 0.548828 0.796875 0.546875 0.794922 0.544922 0.794922
0 0.642578 0.794922 0.640625 0.796875 0.642578 0.798828 0.644531 0.798828 0.646484 0.796875 0.644531 0.794922
0 0.625000 0.806641 0.621094 0.810547 0.625000 0.814453 0.628906 0.810547
0 0.892578 0.816406 0.896484 0.820312 0.902344 0.820312 0.908203 0.814453 0.910156 0.814453 0.912109 0.812500 0.906250 0.806641 0.896484 0.806641 0.892578 0.810547
1 0.484375 0.816406 0.445312 0.814453 0.423828 0.843750 0.292969 0.818359 0.210938 0.876953 0.210938 0.908203 0.242188 0.921875 0.273438 0.880859 0.335938 0.894531 0.335938 0.978516 0.312500 0.998047 0.447266 0.998047 0.478516 0.929688 0.455078 0.853516 0.484375 0.837891
0 0.498047 0.810547 0.494141 0.814453 0.494141 0.816406 0.492188 0.818359 0.494141 0.820312 0.494141 0.826172 0.498047 0.830078 0.501953 0.830078 0.505859 0.826172 0.505859 0.824219 0.507812 0.822266 0.507812 0.818359 0.500000 0.810547
0 0.570312 0.816406 0.566406 0.820312 0.566406 0.826172 0.570312 0.830078 0.576172 0.830078 0.582031 0.824219 0.582031 0.820312 0.578125 0.816406
0 0.609375 0.818359 0.603516 0.818359 0.599609 0.822266 0.599609 0.824219 0.603516 0.828125 0.605469 0.828125 0.607422 0.826172 0.609375 0.826172 0.611328 0.824219 0.611328 0.820312
0 0.408203 0.822266 0.406250 0.824219 0.406250 0.826172 0.408203 0.828125 0.410156 0.826172 0.410156 0.824219
0 0.820312 0.820312 0.814453 0.826172 0.814453 0.832031 0.816406 0.833984 0.820312 0.843750 0.822266 0.845703 0.826172 0.845703 0.835938 0.835938 0.835938 0.832031 0.833984 0.830078 0.833984 0.828125 0.826172 0.820312
0 0.998047 0.822266 0.994141 0.822266 0.990234 0.826172 0.990234 0.828125 0.988281 0.830078 0.994141 0.835938 0.998047 0.832031
0 0.593750 0.832031 0.591797 0.832031 0.587891 0.835938 0.591797 0.839844 0.595703 0.835938 0.595703 0.833984
0 0.642578 0.835938 0.640625 0.837891 0.642578 0.839844 0.644531 0.837891
0 0.900391 0.841797 0.898438 0.843750 0.898438 0.847656 0.902344 0.851562 0.904297 0.851562 0.906250 0.849609 0.906250 0.843750 0.904297 0.841797
0 0.648438 0.843750 0.646484 0.845703 0.646484 0.847656 0.648438 0.849609 0.652344 0.849609 0.654297 0.847656 0.650391 0.843750
0 0.609375 0.851562 0.603516 0.857422 0.605469 0.859375 0.605469 0.863281 0.607422 0.867188 0.619141 0.878906 0.623047 0.875000 0.623047 0.871094 0.628906 0.865234 0.632812 0.865234 0.634766 0.863281 0.615234 0.851562
0 0.572266 0.859375 0.566406 0.859375 0.562500 0.861328 0.554688 0.871094 0.546875 0.867188 0.541016 0.867188 0.539062 0.869141 0.541016 0.876953 0.537109 0.880859 0.533203 0.878906 0.527344 0.884766 0.531250 0.888672 0.537109 0.888672 0.542969 0.894531 0.542969 0.900391 0.550781 0.908203 0.552734 0.906250 0.554688 0.908203 0.560547 0.904297 0.564453 0.896484 0.562500 0.894531 0.566406 0.890625 0.570312 0.892578 0.572266 0.890625 0.570312 0.886719 0.566406 0.890625 0.560547 0.882812 0.560547 0.875000 0.574219 0.863281
0 0.658203 0.863281 0.654297 0.863281 0.652344 0.865234 0.652344 0.867188 0.650391 0.869141 0.650391 0.871094 0.652344 0.873047 0.656250 0.873047 0.660156 0.869141 0.660156 0.865234
0 0.941406 0.880859 0.939453 0.882812 0.939453 0.884766 0.941406 0.886719 0.943359 0.886719 0.945312 0.884766 0.945312 0.882812 0.943359 0.880859
0 0.863281 0.882812 0.861328 0.884766 0.863281 0.886719 0.865234 0.886719 0.867188 0.884766 0.865234 0.882812
0 0.968750 0.882812 0.960938 0.890625 0.960938 0.892578 0.958984 0.894531 0.958984 0.896484 0.960938 0.898438 0.962891 0.898438 0.966797 0.902344 0.968750 0.900391 0.968750 0.898438 0.972656 0.894531 0.972656 0.890625 0.976562 0.886719 0.974609 0.884766 0.972656 0.886719
1 0.632812 0.925781 0.625000 0.919922 0.615234 0.931641 0.609375 0.925781 0.613281 0.919922 0.609375 0.898438 0.605469 0.896484 0.597656 0.904297 0.597656 0.923828 0.593750 0.927734 0.580078 0.925781 0.568359 0.949219 0.556641 0.951172 0.519531 0.972656 0.501953 0.978516 0.490234 0.976562 0.468750 0.998047 0.505859 0.998047 0.511719 0.990234 0.525391 0.988281 0.539062 0.978516 0.548828 0.984375 0.546875 0.974609 0.552734 0.968750 0.564453 0.972656 0.556641 0.988281 0.564453 0.998047 0.570312 0.998047 0.587891 0.982422 0.583984 0.970703 0.595703 0.958984 0.605469 0.970703 0.617188 0.962891 0.621094 0.951172 0.615234 0.939453 0.621094 0.933594 0.626953 0.935547
0 0.671875 0.904297 0.677734 0.910156 0.681641 0.910156 0.683594 0.908203 0.691406 0.908203 0.693359 0.906250 0.695312 0.906250 0.699219 0.902344 0.693359 0.896484 0.683594 0.896484 0.681641 0.894531 0.677734 0.894531 0.673828 0.898438 0.673828 0.902344
0 0.720703 0.917969 0.716797 0.914062 0.710938 0.914062 0.707031 0.917969 0.701172 0.917969 0.699219 0.916016 0.697266 0.916016 0.693359 0.919922 0.693359 0.933594 0.697266 0.937500 0.701172 0.937500 0.707031 0.931641 0.708984 0.931641 0.710938 0.929688 0.714844 0.929688 0.718750 0.925781 0.718750 0.923828 0.720703 0.921875
0 0.539062 0.927734 0.537109 0.927734 0.533203 0.931641 0.533203 0.939453 0.535156 0.941406 0.539062 0.941406 0.541016 0.939453 0.541016 0.929688
0 0.808594 0.925781 0.804688 0.925781 0.802734 0.927734 0.802734 0.929688 0.806641 0.933594 0.810547 0.929688 0.810547 0.927734
0 0.955078 0.929688 0.953125 0.931641 0.951172 0.931641 0.947266 0.937500 0.947266 0.945312 0.949219 0.947266 0.949219 0.949219 0.955078 0.953125 0.960938 0.949219 0.960938 0.943359 0.962891 0.941406 0.962891 0.937500 0.960938 0.935547 0.960938 0.933594
1 0.634766 0.945312 0.640625 0.949219 0.642578 0.947266 0.644531 0.947266 0.648438 0.943359 0.650391 0.943359 0.652344 0.945312 0.658203 0.945312 0.660156 0.943359 0.656250 0.939453 0.654297 0.939453 0.650391 0.943359 0.648438 0.943359 0.644531 0.939453 0.638672 0.939453 0.634766 0.943359
0 0.822266 0.943359 0.820312 0.945312 0.820312 0.947266 0.822266 0.949219 0.824219 0.949219 0.826172 0.947266 0.826172 0.945312 0.824219 0.943359
0 0.744141 0.951172 0.740234 0.955078 0.744141 0.958984 0.748047 0.955078
0 0.787109 0.958984 0.785156 0.960938 0.787109 0.962891 0.789062 0.960938
0 0.808594 0.957031 0.804688 0.960938 0.804688 0.962891 0.808594 0.966797 0.810547 0.966797 0.814453 0.962891 0.814453 0.960938 0.810547 0.957031
0 0.621094 0.976562 0.625000 0.982422 0.636719 0.982422 0.638672 0.980469 0.638672 0.976562 0.640625 0.974609 0.636719 0.968750 0.628906 0.968750
0 0.916016 0.972656 0.914062 0.972656 0.912109 0.970703 0.908203 0.970703 0.900391 0.978516 0.900391 0.984375 0.904297 0.990234 0.910156 0.990234 0.912109 0.988281 0.916016 0.988281 0.921875 0.982422 0.921875 0.980469 0.917969 0.976562 0.917969 0.974609
0 0.695312 0.974609 0.691406 0.974609 0.689453 0.976562 0.689453 0.984375 0.683594 0.990234 0.683594 0.992188 0.685547 0.994141 0.687500 0.994141 0.689453 0.992188 0.689453 0.990234 0.693359 0.986328 0.697266 0.986328 0.699219 0.984375 0.699219 0.978516
0 0.808594 0.978516 0.810547 0.980469 0.808594 0.982422 0.812500 0.986328 0.816406 0.986328 0.818359 0.984375 0.820312 0.984375 0.822266 0.982422 0.822266 0.980469 0.818359 0.976562 0.810547 0.976562
1 0.523438 0.998047 0.537109 0.998047 0.533203 0.994141 0.529297 0.994141 0.527344 0.996094 0.525391 0.996094
0 0.638672 0.996094 0.638672 0.998047 0.644531 0.998047 0.640625 0.994141
0 0.673828 0.996094 0.669922 0.992188 0.666016 0.996094 0.666016 0.998047 0.673828 0.998047
