0 0.320312 0.097656 0.316406 0.101562 0.318359 0.103516 0.318359 0.105469 0.320312 0.107422 0.320312 0.109375 0.322266 0.111328 0.324219 0.111328 0.326172 0.109375 0.326172 0.105469 0.324219 0.103516 0.324219 0.101562
0 0.386719 0.123047 0.384766 0.125000 0.388672 0.128906 0.390625 0.126953 0.390625 0.125000 0.388672 0.123047
0 0.271484 0.132812 0.269531 0.132812 0.267578 0.134766 0.265625 0.134766 0.261719 0.140625 0.261719 0.144531 0.263672 0.146484 0.263672 0.148438 0.269531 0.152344 0.275391 0.146484 0.275391 0.144531 0.277344 0.142578 0.277344 0.138672
0 0.216797 0.152344 0.214844 0.152344 0.210938 0.156250 0.210938 0.160156 0.212891 0.162109 0.216797 0.162109 0.220703 0.158203 0.218750 0.156250 0.218750 0.154297
0 0.281250 0.152344 0.279297 0.154297 0.279297 0.156250 0.281250 0.158203 0.285156 0.158203 0.287109 0.156250 0.287109 0.154297 0.285156 0.152344
0 0.332031 0.160156 0.328125 0.164062 0.328125 0.169922 0.330078 0.171875 0.332031 0.171875 0.333984 0.173828 0.337891 0.169922 0.337891 0.164062 0.333984 0.160156
0 0.503906 0.171875 0.501953 0.173828 0.503906 0.175781 0.505859 0.175781 0.507812 0.173828 0.505859 0.171875
0 0.328125 0.191406 0.328125 0.195312 0.330078 0.197266 0.330078 0.199219 0.335938 0.203125 0.347656 0.203125 0.355469 0.197266 0.355469 0.189453 0.347656 0.183594 0.335938 0.183594
0 0.158203 0.191406 0.156250 0.191406 0.152344 0.195312 0.152344 0.197266 0.156250 0.201172 0.162109 0.195312
0 0.142578 0.201172 0.138672 0.205078 0.138672 0.207031 0.142578 0.210938 0.146484 0.207031 0.146484 0.205078
1 0.000000 0.205078 0.000000 0.482422 0.105469 0.683594 0.226562 0.699219 0.248047 0.734375 0.216797 0.810547 0.119141 0.839844 0.109375 0.955078 0.203125 0.837891 0.349609 0.787109 0.380859 0.847656 0.289062 0.867188 0.308594 0.904297 0.349609 0.886719 0.283203 0.910156 0.312500 0.953125 0.273438 0.998047 0.421875 0.998047 0.347656 0.972656 0.435547 0.925781 0.431641 0.890625 0.486328 0.902344 0.458984 0.937500 0.501953 0.951172 0.509766 0.914062 0.453125 0.875000 0.474609 0.833984 0.447266 0.787109 0.343750 0.746094 0.277344 0.773438 0.347656 0.710938 0.294922 0.623047 0.318359 0.583984 0.285156 0.601562 0.240234 0.525391 0.285156 0.486328 0.304688 0.378906 0.275391 0.373047 0.269531 0.466797 0.208984 0.523438 0.113281 0.320312
0 0.195312 0.205078 0.193359 0.205078 0.191406 0.207031 0.191406 0.208984 0.193359 0.210938 0.197266 0.207031
1 0.216797 0.208984 0.212891 0.212891 0.214844 0.228516 0.216797 0.230469 0.224609 0.232422 0.232422 0.240234 0.236328 0.240234 0.240234 0.236328 0.240234 0.232422 0.228516 0.220703 0.228516 0.214844 0.230469 0.212891 0.226562 0.208984
1 0.240234 0.216797 0.240234 0.218750 0.244141 0.222656 0.246094 0.222656 0.255859 0.230469 0.257812 0.230469 0.259766 0.232422 0.261719 0.232422 0.263672 0.230469 0.263672 0.224609 0.259766 0.220703 0.257812 0.220703 0.251953 0.214844 0.250000 0.214844 0.248047 0.212891 0.244141 0.212891
0 0.933594 0.218750 0.929688 0.222656 0.929688 0.224609 0.935547 0.230469 0.939453 0.226562 0.939453 0.222656 0.935547 0.218750
0 0.173828 0.244141 0.169922 0.248047 0.169922 0.250000 0.173828 0.253906 0.175781 0.253906 0.177734 0.255859 0.179688 0.255859 0.183594 0.251953 0.183594 0.250000 0.177734 0.244141
0 0.166016 0.257812 0.164062 0.259766 0.164062 0.263672 0.166016 0.265625 0.167969 0.265625 0.169922 0.263672 0.169922 0.261719
0 0.539062 0.279297 0.537109 0.281250 0.539062 0.283203 0.541016 0.281250
0 0.111328 0.287109 0.111328 0.292969 0.117188 0.298828 0.119141 0.298828 0.125000 0.302734 0.132812 0.302734 0.138672 0.296875 0.136719 0.294922 0.136719 0.291016 0.130859 0.285156 0.113281 0.285156
0 0.980469 0.314453 0.976562 0.318359 0.980469 0.322266 0.982422 0.322266 0.984375 0.320312 0.984375 0.316406 0.982422 0.314453
0 0.537109 0.322266 0.533203 0.326172 0.537109 0.330078 0.541016 0.326172
1 0.525391 0.343750 0.523438 0.345703 0.523438 0.349609 0.525391 0.351562 0.525391 0.353516 0.527344 0.355469 0.527344 0.357422 0.531250 0.361328 0.533203 0.361328 0.537109 0.357422 0.535156 0.355469 0.535156 0.353516 0.533203 0.351562 0.533203 0.349609 0.527344 0.343750
0 0.767578 0.384766 0.761719 0.390625 0.761719 0.398438 0.763672 0.400391 0.765625 0.400391 0.771484 0.394531 0.771484 0.388672
0 0.496094 0.388672 0.492188 0.392578 0.492188 0.394531 0.494141 0.396484 0.496094 0.396484 0.498047 0.398438 0.501953 0.394531 0.501953 0.392578 0.498047 0.388672
0 0.464844 0.416016 0.460938 0.419922 0.464844 0.423828 0.468750 0.423828 0.470703 0.421875 0.470703 0.419922 0.466797 0.416016
0 0.607422 0.425781 0.605469 0.427734 0.607422 0.429688 0.609375 0.427734
0 0.521484 0.435547 0.517578 0.435547 0.513672 0.439453 0.513672 0.441406 0.515625 0.443359 0.517578 0.443359 0.519531 0.445312 0.523438 0.441406 0.523438 0.437500
0 0.101562 0.441406 0.097656 0.445312 0.101562 0.449219 0.103516 0.447266 0.103516 0.443359
0 0.314453 0.455078 0.310547 0.458984 0.310547 0.464844 0.312500 0.466797 0.314453 0.466797 0.316406 0.468750 0.318359 0.468750 0.322266 0.464844 0.322266 0.458984 0.318359 0.455078
0 0.380859 0.470703 0.382812 0.472656 0.384766 0.472656 0.386719 0.474609 0.388672 0.474609 0.390625 0.472656 0.394531 0.472656 0.400391 0.466797 0.396484 0.462891 0.394531 0.462891 0.392578 0.464844 0.390625 0.462891 0.384766 0.462891 0.380859 0.466797
0 0.292969 0.509766 0.291016 0.511719 0.291016 0.515625 0.292969 0.517578 0.294922 0.517578 0.296875 0.515625 0.296875 0.513672
0 0.990234 0.507812 0.988281 0.509766 0.986328 0.509766 0.980469 0.515625 0.980469 0.525391 0.982422 0.527344 0.982422 0.529297 0.988281 0.535156 0.992188 0.535156 0.994141 0.537109 0.996094 0.537109 0.998047 0.535156 0.998047 0.509766 0.996094 0.507812
0 0.910156 0.511719 0.906250 0.515625 0.906250 0.519531 0.910156 0.523438 0.912109 0.521484 0.914062 0.521484 0.916016 0.519531 0.916016 0.517578
0 0.142578 0.517578 0.142578 0.523438 0.144531 0.525391 0.148438 0.525391 0.150391 0.523438 0.152344 0.523438 0.154297 0.521484 0.148438 0.515625 0.144531 0.515625
0 0.927734 0.548828 0.923828 0.552734 0.923828 0.554688 0.921875 0.556641 0.921875 0.562500 0.925781 0.568359 0.929688 0.568359 0.931641 0.570312 0.933594 0.570312 0.939453 0.564453 0.939453 0.562500 0.941406 0.560547 0.941406 0.556641 0.933594 0.548828
0 0.384766 0.578125 0.380859 0.578125 0.376953 0.582031 0.376953 0.589844 0.373047 0.593750 0.375000 0.595703 0.376953 0.593750 0.378906 0.593750 0.380859 0.591797 0.384766 0.591797 0.388672 0.587891 0.388672 0.582031
0 0.332031 0.582031 0.328125 0.585938 0.328125 0.591797 0.332031 0.595703 0.335938 0.595703 0.341797 0.589844 0.341797 0.585938 0.337891 0.582031
0 0.578125 0.587891 0.576172 0.589844 0.576172 0.591797 0.578125 0.593750 0.580078 0.593750 0.582031 0.591797 0.582031 0.589844 0.580078 0.587891
0 0.419922 0.589844 0.417969 0.591797 0.417969 0.593750 0.421875 0.597656 0.425781 0.593750 0.421875 0.589844
0 0.759766 0.589844 0.753906 0.595703 0.753906 0.605469 0.759766 0.611328 0.767578 0.611328 0.773438 0.607422 0.773438 0.605469 0.775391 0.603516 0.775391 0.597656 0.767578 0.589844
0 0.482422 0.619141 0.474609 0.619141 0.472656 0.621094 0.472656 0.623047 0.470703 0.625000 0.470703 0.626953 0.472656 0.628906 0.472656 0.630859 0.474609 0.632812 0.478516 0.632812 0.480469 0.630859 0.482422 0.630859 0.484375 0.628906 0.484375 0.626953 0.486328 0.625000 0.486328 0.623047
0 0.498047 0.658203 0.492188 0.652344 0.490234 0.652344 0.480469 0.664062 0.472656 0.660156 0.466797 0.664062 0.466797 0.667969 0.472656 0.673828 0.478516 0.671875 0.482422 0.667969 0.486328 0.667969 0.490234 0.671875 0.492188 0.671875 0.498047 0.666016
0 0.654297 0.660156 0.652344 0.662109 0.652344 0.664062 0.654297 0.666016 0.658203 0.666016 0.660156 0.664062 0.660156 0.662109 0.658203 0.660156
0 0.921875 0.662109 0.917969 0.666016 0.917969 0.673828 0.921875 0.677734 0.925781 0.677734 0.931641 0.671875 0.931641 0.667969 0.925781 0.662109
0 0.640625 0.677734 0.638672 0.679688 0.638672 0.683594 0.640625 0.685547 0.644531 0.685547 0.646484 0.683594 0.646484 0.681641 0.644531 0.679688 0.642578 0.679688
0 0.531250 0.712891 0.527344 0.716797 0.531250 0.720703 0.535156 0.716797
0 0.400391 0.720703 0.396484 0.720703 0.394531 0.722656 0.398438 0.726562 0.402344 0.722656
0 0.458984 0.722656 0.457031 0.724609 0.458984 0.726562 0.460938 0.726562 0.462891 0.724609 0.460938 0.722656
0 0.873047 0.726562 0.867188 0.732422 0.869141 0.734375 0.869141 0.738281 0.875000 0.744141 0.878906 0.744141 0.882812 0.740234 0.882812 0.734375 0.876953 0.728516 0.875000 0.728516
0 0.431641 0.734375 0.429688 0.736328 0.427734 0.736328 0.421875 0.742188 0.419922 0.742188 0.417969 0.740234 0.414062 0.740234 0.408203 0.746094 0.408203 0.751953 0.414062 0.759766 0.416016 0.757812 0.421875 0.757812 0.425781 0.753906 0.425781 0.750000 0.435547 0.740234 0.435547 0.738281
0 0.726562 0.738281 0.720703 0.742188 0.720703 0.744141 0.718750 0.746094 0.718750 0.750000 0.720703 0.751953 0.720703 0.753906 0.726562 0.759766 0.728516 0.759766 0.734375 0.755859 0.734375 0.751953 0.736328 0.750000 0.736328 0.748047 0.734375 0.746094 0.734375 0.744141 0.730469 0.740234 0.728516 0.740234
0 0.568359 0.746094 0.564453 0.750000 0.564453 0.751953 0.566406 0.753906 0.566406 0.755859 0.568359 0.757812 0.572266 0.757812 0.574219 0.755859 0.574219 0.753906 0.572266 0.751953 0.572266 0.748047 0.570312 0.746094
0 0.910156 0.753906 0.906250 0.753906 0.902344 0.757812 0.908203 0.763672 0.912109 0.759766 0.912109 0.755859
0 0.486328 0.759766 0.482422 0.759766 0.478516 0.763672 0.478516 0.765625 0.482422 0.769531 0.484375 0.769531 0.490234 0.763672
0 0.705078 0.769531 0.699219 0.763672 0.697266 0.765625 0.691406 0.767578 0.681641 0.777344 0.681641 0.783203 0.687500 0.787109 0.691406 0.787109 0.705078 0.775391
0 0.548828 0.779297 0.546875 0.781250 0.546875 0.787109 0.544922 0.789062 0.544922 0.791016 0.556641 0.802734 0.562500 0.796875 0.562500 0.794922 0.554688 0.785156 0.554688 0.781250 0.552734 0.779297
0 0.652344 0.783203 0.648438 0.783203 0.646484 0.785156 0.644531 0.785156 0.640625 0.789062 0.640625 0.794922 0.644531 0.798828 0.650391 0.798828 0.654297 0.794922 0.654297 0.792969 0.656250 0.791016 0.656250 0.789062 0.654297 0.787109 0.654297 0.785156
0 0.759766 0.783203 0.755859 0.787109 0.755859 0.789062 0.757812 0.791016 0.761719 0.791016 0.763672 0.789062 0.763672 0.787109
0 0.806641 0.787109 0.804688 0.789062 0.804688 0.791016 0.802734 0.792969 0.808594 0.798828 0.812500 0.798828 0.814453 0.796875 0.814453 0.791016 0.810547 0.787109
0 0.509766 0.789062 0.507812 0.789062 0.503906 0.792969 0.503906 0.794922 0.505859 0.796875 0.509766 0.796875 0.511719 0.794922 0.511719 0.791016
0 0.742188 0.798828 0.738281 0.802734 0.738281 0.804688 0.742188 0.808594 0.746094 0.804688 0.746094 0.802734
0 0.718750 0.806641 0.714844 0.810547 0.714844 0.816406 0.718750 0.820312 0.724609 0.820312 0.730469 0.814453 0.730469 0.812500 0.724609 0.806641
1 0.996094 0.808594 0.990234 0.814453 0.990234 0.820312 0.994141 0.824219 0.996094 0.824219 0.998047 0.826172 0.998047 0.808594
0 0.507812 0.816406 0.503906 0.820312 0.503906 0.822266 0.507812 0.826172 0.511719 0.822266 0.511719 0.820312
0 0.488281 0.822266 0.484375 0.826172 0.484375 0.830078 0.486328 0.832031 0.486328 0.833984 0.496094 0.843750 0.500000 0.843750 0.503906 0.839844 0.503906 0.835938 0.501953 0.833984 0.501953 0.832031 0.492188 0.822266
1 0.572266 0.820312 0.566406 0.826172 0.568359 0.832031 0.578125 0.839844 0.578125 0.841797 0.572266 0.849609 0.576172 0.853516 0.585938 0.843750 0.585938 0.839844 0.580078 0.833984 0.580078 0.826172
0 0.339844 0.824219 0.335938 0.828125 0.339844 0.832031 0.341797 0.832031 0.343750 0.830078 0.343750 0.826172 0.341797 0.824219
0 0.531250 0.828125 0.527344 0.832031 0.527344 0.833984 0.531250 0.837891 0.533203 0.837891 0.537109 0.833984 0.537109 0.832031 0.533203 0.828125
0 0.289062 0.839844 0.287109 0.841797 0.287109 0.845703 0.289062 0.847656 0.292969 0.847656 0.294922 0.845703 0.294922 0.841797 0.292969 0.839844
0 0.667969 0.847656 0.667969 0.853516 0.675781 0.865234 0.679688 0.878906 0.689453 0.888672 0.703125 0.890625 0.714844 0.882812 0.716797 0.873047 0.697266 0.849609 0.685547 0.841797 0.673828 0.841797
0 0.724609 0.841797 0.718750 0.847656 0.724609 0.853516 0.726562 0.853516 0.730469 0.849609 0.730469 0.845703 0.726562 0.841797
0 0.832031 0.839844 0.830078 0.839844 0.828125 0.841797 0.826172 0.841797 0.824219 0.843750 0.824219 0.849609 0.830078 0.855469 0.835938 0.849609 0.835938 0.843750
0 0.906250 0.839844 0.902344 0.843750 0.902344 0.845703 0.906250 0.849609 0.908203 0.849609 0.910156 0.847656 0.910156 0.845703 0.912109 0.843750 0.908203 0.839844
0 0.537109 0.859375 0.529297 0.867188 0.529297 0.873047 0.537109 0.880859 0.541016 0.880859 0.542969 0.878906 0.544922 0.878906 0.548828 0.875000 0.548828 0.865234 0.544922 0.861328 0.542969 0.861328 0.541016 0.859375
0 0.587891 0.859375 0.582031 0.865234 0.587891 0.871094 0.591797 0.871094 0.593750 0.869141 0.593750 0.863281 0.589844 0.859375
1 0.923828 0.873047 0.923828 0.876953 0.929688 0.884766 0.937500 0.884766 0.943359 0.878906 0.947266 0.878906 0.951172 0.884766 0.958984 0.890625 0.966797 0.884766 0.966797 0.875000 0.958984 0.867188 0.953125 0.867188 0.949219 0.871094 0.941406 0.865234 0.933594 0.863281 0.927734 0.867188
0 0.666016 0.871094 0.662109 0.875000 0.662109 0.876953 0.666016 0.880859 0.669922 0.876953 0.669922 0.875000
0 0.574219 0.876953 0.570312 0.876953 0.564453 0.882812 0.564453 0.884766 0.562500 0.886719 0.570312 0.894531 0.572266 0.894531 0.578125 0.888672 0.578125 0.886719 0.580078 0.884766 0.580078 0.882812
0 0.771484 0.875000 0.761719 0.882812 0.761719 0.906250 0.755859 0.916016 0.769531 0.935547 0.785156 0.937500 0.794922 0.927734 0.798828 0.916016 0.798828 0.900391 0.806641 0.888672 0.800781 0.886719 0.792969 0.890625 0.781250 0.878906
0 0.628906 0.880859 0.625000 0.884766 0.626953 0.886719 0.626953 0.888672 0.628906 0.890625 0.630859 0.890625 0.634766 0.886719 0.634766 0.884766 0.630859 0.880859
0 0.744141 0.884766 0.740234 0.884766 0.738281 0.886719 0.736328 0.886719 0.734375 0.888672 0.734375 0.896484 0.740234 0.902344 0.742188 0.900391 0.744141 0.900391 0.746094 0.898438 0.746094 0.896484 0.748047 0.894531 0.748047 0.888672
0 0.988281 0.886719 0.986328 0.888672 0.986328 0.890625 0.988281 0.892578 0.990234 0.892578 0.992188 0.890625
0 0.832031 0.894531 0.828125 0.890625 0.824219 0.894531 0.826172 0.896484 0.830078 0.896484
1 0.939453 0.898438 0.935547 0.898438 0.927734 0.906250 0.929688 0.908203 0.929688 0.914062 0.919922 0.923828 0.919922 0.925781 0.923828 0.929688 0.925781 0.929688 0.929688 0.925781 0.929688 0.921875 0.935547 0.916016 0.939453 0.916016 0.945312 0.910156 0.943359 0.906250 0.943359 0.902344
0 0.650391 0.904297 0.644531 0.910156 0.642578 0.914062 0.644531 0.916016 0.644531 0.919922 0.646484 0.923828 0.652344 0.929688 0.656250 0.931641 0.660156 0.931641 0.667969 0.925781 0.669922 0.921875 0.667969 0.919922 0.669922 0.917969 0.664062 0.906250 0.660156 0.904297
0 0.841797 0.910156 0.839844 0.914062 0.839844 0.921875 0.841797 0.925781 0.849609 0.931641 0.863281 0.929688 0.871094 0.923828 0.871094 0.917969 0.869141 0.914062 0.863281 0.908203 0.855469 0.904297 0.845703 0.906250
0 0.873047 0.904297 0.871094 0.906250 0.873047 0.908203 0.875000 0.908203 0.876953 0.906250 0.875000 0.904297
0 0.455078 0.919922 0.453125 0.921875 0.455078 0.923828 0.457031 0.923828 0.458984 0.921875 0.457031 0.919922
0 0.978516 0.935547 0.974609 0.939453 0.978516 0.943359 0.980469 0.943359 0.982422 0.941406 0.982422 0.937500 0.980469 0.935547
0 0.871094 0.937500 0.867188 0.941406 0.867188 0.949219 0.871094 0.955078 0.873047 0.955078 0.876953 0.958984 0.880859 0.958984 0.882812 0.957031 0.882812 0.955078 0.880859 0.953125 0.880859 0.943359 0.875000 0.937500
0 0.898438 0.937500 0.896484 0.939453 0.894531 0.939453 0.890625 0.943359 0.890625 0.951172 0.896484 0.957031 0.904297 0.957031 0.908203 0.953125 0.908203 0.945312 0.902344 0.939453 0.900391 0.939453
0 0.412109 0.943359 0.410156 0.945312 0.412109 0.947266 0.414062 0.945312
0 0.500000 0.960938 0.494141 0.966797 0.494141 0.970703 0.496094 0.974609 0.503906 0.982422 0.501953 0.986328 0.501953 0.992188 0.505859 0.994141 0.511719 0.988281 0.505859 0.982422 0.505859 0.980469 0.509766 0.976562 0.511719 0.976562 0.515625 0.972656 0.513672 0.966797 0.505859 0.960938
0 0.652344 0.964844 0.646484 0.972656 0.646484 0.982422 0.652344 0.996094 0.654297 0.998047 0.675781 0.998047 0.675781 0.992188 0.677734 0.990234 0.675781 0.968750 0.671875 0.964844 0.664062 0.964844 0.662109 0.962891
0 0.828125 0.976562 0.828125 0.994141 0.830078 0.998047 0.865234 0.998047 0.863281 0.988281 0.857422 0.982422 0.855469 0.974609 0.849609 0.968750 0.845703 0.966797 0.835938 0.968750
0 0.488281 0.974609 0.484375 0.974609 0.482422 0.976562 0.486328 0.980469 0.490234 0.976562
0 0.601562 0.974609 0.599609 0.976562 0.599609 0.978516 0.601562 0.980469 0.603516 0.980469 0.605469 0.978516
0 0.685547 0.976562 0.683594 0.978516 0.687500 0.982422 0.689453 0.982422 0.691406 0.980469 0.691406 0.978516 0.689453 0.976562
0 0.998047 0.986328 0.992188 0.986328 0.990234 0.984375 0.986328 0.988281 0.980469 0.990234 0.978516 0.992188 0.978516 0.994141 0.974609 0.998047 0.998047 0.998047
1 0.541016 0.998047 0.546875 0.998047 0.544922 0.996094 0.542969 0.996094
