1 0.000000 0.042969 0.000000 0.093750 0.058594 0.070312 0.000000 0.158203 0.000000 0.628906 0.074219 0.597656 0.101562 0.658203 0.039062 0.822266 0.169922 0.777344 0.255859 0.828125 0.294922 0.933594 0.304688 0.861328 0.339844 0.853516 0.314453 0.835938 0.509766 0.714844 0.550781 0.738281 0.505859 0.773438 0.552734 0.775391 0.570312 0.712891 0.498047 0.687500 0.294922 0.822266 0.185547 0.746094 0.197266 0.675781 0.261719 0.685547 0.205078 0.656250 0.224609 0.595703 0.167969 0.646484 0.179688 0.583984 0.148438 0.560547 0.224609 0.535156 0.177734 0.373047 0.117188 0.394531 0.039062 0.322266 0.023438 0.242188 0.099609 0.091797 0.066406 0.048828
0 0.908203 0.091797 0.904297 0.095703 0.908203 0.099609 0.910156 0.099609 0.912109 0.097656 0.912109 0.093750 0.910156 0.091797
0 0.857422 0.142578 0.855469 0.144531 0.857422 0.146484 0.859375 0.144531
0 0.746094 0.162109 0.742188 0.162109 0.738281 0.166016 0.742188 0.169922 0.744141 0.169922 0.748047 0.166016 0.748047 0.164062
0 0.867188 0.167969 0.863281 0.171875 0.867188 0.175781 0.869141 0.175781 0.873047 0.171875 0.869141 0.167969
0 0.941406 0.179688 0.937500 0.179688 0.935547 0.181641 0.939453 0.185547 0.943359 0.181641
0 0.896484 0.189453 0.894531 0.191406 0.896484 0.193359 0.898438 0.193359 0.900391 0.191406 0.898438 0.189453
0 0.773438 0.195312 0.769531 0.195312 0.767578 0.197266 0.767578 0.199219 0.771484 0.203125 0.775391 0.199219 0.775391 0.197266
0 0.716797 0.199219 0.714844 0.199219 0.710938 0.203125 0.714844 0.207031 0.718750 0.203125 0.718750 0.201172
0 0.656250 0.234375 0.652344 0.238281 0.652344 0.240234 0.656250 0.244141 0.660156 0.244141 0.664062 0.240234 0.664062 0.238281 0.660156 0.234375
0 0.625000 0.253906 0.621094 0.253906 0.619141 0.255859 0.619141 0.257812 0.623047 0.261719 0.626953 0.257812 0.626953 0.255859
0 0.763672 0.253906 0.761719 0.255859 0.761719 0.257812 0.763672 0.259766 0.765625 0.257812 0.765625 0.255859
0 0.810547 0.310547 0.806641 0.314453 0.810547 0.318359 0.812500 0.316406 0.812500 0.312500
0 0.773438 0.320312 0.771484 0.322266 0.775391 0.326172 0.777344 0.324219 0.777344 0.322266 0.775391 0.320312
0 0.238281 0.359375 0.234375 0.363281 0.234375 0.365234 0.238281 0.369141 0.242188 0.365234 0.242188 0.363281
0 0.593750 0.369141 0.589844 0.373047 0.589844 0.376953 0.591797 0.378906 0.595703 0.378906 0.599609 0.375000
0 0.669922 0.367188 0.662109 0.367188 0.660156 0.369141 0.658203 0.369141 0.652344 0.375000 0.652344 0.382812 0.654297 0.384766 0.654297 0.386719 0.662109 0.392578 0.666016 0.392578 0.669922 0.388672 0.671875 0.388672 0.673828 0.386719 0.673828 0.384766 0.675781 0.382812 0.675781 0.378906 0.677734 0.376953 0.675781 0.371094
0 0.744141 0.367188 0.738281 0.373047 0.738281 0.375000 0.744141 0.380859 0.748047 0.380859 0.750000 0.378906 0.751953 0.378906 0.753906 0.376953 0.753906 0.371094 0.750000 0.367188
0 0.685547 0.394531 0.679688 0.400391 0.679688 0.404297 0.683594 0.408203 0.685547 0.408203 0.687500 0.410156 0.691406 0.410156 0.697266 0.404297 0.697266 0.400391 0.691406 0.394531
1 0.730469 0.400391 0.730469 0.408203 0.755859 0.427734 0.759766 0.427734 0.767578 0.421875 0.765625 0.414062 0.759766 0.410156 0.755859 0.410156 0.744141 0.398438 0.736328 0.396484
0 0.781250 0.394531 0.775391 0.400391 0.775391 0.402344 0.777344 0.404297 0.777344 0.406250 0.781250 0.410156 0.783203 0.410156 0.785156 0.412109 0.789062 0.412109 0.792969 0.408203 0.792969 0.400391 0.787109 0.394531
0 0.855469 0.408203 0.851562 0.412109 0.851562 0.417969 0.857422 0.423828 0.859375 0.423828 0.865234 0.417969 0.865234 0.412109 0.861328 0.408203
0 0.228516 0.410156 0.226562 0.412109 0.226562 0.414062 0.228516 0.416016 0.230469 0.414062 0.230469 0.412109
0 0.480469 0.414062 0.476562 0.417969 0.476562 0.425781 0.480469 0.429688 0.482422 0.429688 0.484375 0.431641 0.490234 0.431641 0.496094 0.425781 0.496094 0.419922 0.490234 0.414062
0 0.675781 0.419922 0.671875 0.423828 0.675781 0.427734 0.679688 0.427734 0.683594 0.423828 0.679688 0.419922
0 0.591797 0.429688 0.587891 0.433594 0.587891 0.435547 0.591797 0.439453 0.593750 0.439453 0.597656 0.435547 0.597656 0.433594 0.593750 0.429688
0 0.070312 0.437500 0.068359 0.439453 0.070312 0.441406 0.072266 0.439453
0 0.951172 0.437500 0.945312 0.443359 0.947266 0.445312 0.947266 0.447266 0.949219 0.449219 0.953125 0.449219 0.957031 0.445312 0.957031 0.443359
1 0.062500 0.445312 0.060547 0.443359 0.058594 0.445312 0.056641 0.443359 0.054688 0.445312 0.044922 0.447266 0.041016 0.451172 0.039062 0.451172 0.037109 0.455078 0.031250 0.460938 0.033203 0.464844 0.039062 0.468750 0.044922 0.462891 0.048828 0.462891 0.052734 0.460938 0.062500 0.451172
0 0.781250 0.441406 0.779297 0.441406 0.773438 0.447266 0.773438 0.453125 0.775391 0.455078 0.781250 0.455078 0.785156 0.451172 0.785156 0.445312
0 0.683594 0.453125 0.681641 0.455078 0.681641 0.457031 0.683594 0.458984 0.685547 0.457031 0.685547 0.455078
0 0.615234 0.458984 0.609375 0.464844 0.609375 0.470703 0.615234 0.476562 0.617188 0.476562 0.623047 0.470703 0.621094 0.468750 0.623047 0.466797 0.621094 0.464844 0.621094 0.462891 0.617188 0.458984
0 0.666016 0.458984 0.662109 0.462891 0.658203 0.462891 0.654297 0.468750 0.654297 0.474609 0.660156 0.482422 0.664062 0.484375 0.669922 0.484375 0.671875 0.486328 0.675781 0.484375 0.681641 0.478516 0.681641 0.468750 0.675781 0.462891 0.671875 0.460938 0.667969 0.460938
0 0.591797 0.472656 0.589844 0.474609 0.591797 0.476562 0.593750 0.474609
0 0.894531 0.478516 0.890625 0.482422 0.894531 0.486328 0.898438 0.482422
0 0.335938 0.486328 0.333984 0.488281 0.333984 0.500000 0.337891 0.503906 0.337891 0.505859 0.339844 0.507812 0.341797 0.505859 0.341797 0.503906 0.345703 0.498047 0.345703 0.494141 0.343750 0.492188 0.343750 0.490234 0.339844 0.486328
0 0.412109 0.488281 0.410156 0.490234 0.408203 0.490234 0.406250 0.492188 0.406250 0.494141 0.410156 0.498047 0.416016 0.492188
0 0.921875 0.509766 0.919922 0.511719 0.921875 0.513672 0.923828 0.513672 0.925781 0.511719 0.923828 0.509766
0 0.937500 0.509766 0.935547 0.511719 0.935547 0.513672 0.937500 0.515625 0.939453 0.515625 0.941406 0.513672 0.941406 0.511719 0.939453 0.509766
0 0.328125 0.511719 0.326172 0.513672 0.328125 0.515625 0.330078 0.513672
0 0.449219 0.511719 0.443359 0.515625 0.443359 0.517578 0.441406 0.519531 0.441406 0.523438 0.447266 0.529297 0.449219 0.529297 0.451172 0.531250 0.453125 0.529297 0.457031 0.529297 0.462891 0.523438 0.462891 0.519531 0.457031 0.513672 0.453125 0.513672 0.451172 0.511719
0 0.835938 0.515625 0.832031 0.519531 0.832031 0.521484 0.835938 0.525391 0.837891 0.525391 0.841797 0.521484 0.841797 0.519531 0.837891 0.515625
0 0.625000 0.523438 0.619141 0.529297 0.619141 0.533203 0.623047 0.537109 0.628906 0.537109 0.634766 0.531250 0.634766 0.529297 0.632812 0.527344 0.632812 0.525391 0.630859 0.523438
0 0.929688 0.527344 0.925781 0.531250 0.925781 0.533203 0.929688 0.537109 0.931641 0.537109 0.935547 0.533203 0.935547 0.531250 0.931641 0.527344
0 0.871094 0.533203 0.873047 0.535156 0.875000 0.535156 0.876953 0.537109 0.880859 0.537109 0.882812 0.535156 0.882812 0.533203 0.880859 0.531250 0.873047 0.531250
0 0.316406 0.542969 0.312500 0.546875 0.312500 0.550781 0.316406 0.554688 0.318359 0.554688 0.320312 0.552734 0.320312 0.546875
0 0.388672 0.542969 0.386719 0.544922 0.388672 0.546875 0.390625 0.546875 0.392578 0.544922 0.390625 0.542969
0 0.267578 0.550781 0.267578 0.562500 0.273438 0.568359 0.287109 0.568359 0.292969 0.562500 0.292969 0.560547 0.287109 0.554688 0.285156 0.554688 0.275391 0.548828 0.269531 0.548828
0 0.951172 0.564453 0.945312 0.570312 0.945312 0.576172 0.947266 0.578125 0.947266 0.580078 0.951172 0.583984 0.960938 0.583984 0.962891 0.582031 0.962891 0.578125 0.960938 0.576172 0.960938 0.574219 0.958984 0.572266 0.958984 0.570312 0.953125 0.564453
0 0.320312 0.568359 0.316406 0.572266 0.316406 0.582031 0.326172 0.589844 0.328125 0.589844 0.330078 0.591797 0.333984 0.591797 0.337891 0.587891 0.337891 0.583984 0.332031 0.578125 0.332031 0.576172 0.330078 0.574219 0.328125 0.574219 0.324219 0.570312 0.322266 0.570312
0 0.357422 0.576172 0.355469 0.578125 0.357422 0.580078 0.359375 0.578125
0 0.890625 0.574219 0.888672 0.574219 0.884766 0.578125 0.888672 0.582031 0.892578 0.578125 0.892578 0.576172
0 0.779297 0.582031 0.773438 0.587891 0.773438 0.589844 0.779297 0.595703 0.783203 0.595703 0.787109 0.591797 0.787109 0.585938 0.785156 0.583984 0.783203 0.583984 0.781250 0.582031
0 0.556641 0.587891 0.552734 0.591797 0.552734 0.597656 0.556641 0.601562 0.560547 0.601562 0.564453 0.597656 0.564453 0.591797 0.560547 0.587891
0 0.310547 0.595703 0.304688 0.605469 0.310547 0.617188 0.310547 0.626953 0.306641 0.630859 0.296875 0.615234 0.281250 0.605469 0.267578 0.617188 0.277344 0.626953 0.277344 0.630859 0.257812 0.640625 0.257812 0.644531 0.275391 0.654297 0.281250 0.660156 0.279297 0.664062 0.296875 0.679688 0.310547 0.666016 0.304688 0.656250 0.308594 0.652344 0.306641 0.644531 0.298828 0.644531 0.304688 0.654297 0.300781 0.658203 0.289062 0.652344 0.281250 0.642578 0.289062 0.634766 0.296875 0.634766 0.302734 0.628906 0.312500 0.636719 0.320312 0.636719 0.330078 0.626953
0 0.582031 0.595703 0.580078 0.597656 0.580078 0.601562 0.582031 0.603516 0.585938 0.603516 0.587891 0.601562 0.587891 0.597656 0.585938 0.595703
1 0.732422 0.603516 0.728516 0.599609 0.726562 0.599609 0.716797 0.609375 0.714844 0.607422 0.708984 0.611328 0.714844 0.617188 0.716797 0.617188 0.722656 0.611328 0.728516 0.611328 0.732422 0.607422
0 0.816406 0.599609 0.814453 0.601562 0.814453 0.605469 0.816406 0.607422 0.820312 0.603516
0 0.693359 0.607422 0.691406 0.609375 0.691406 0.611328 0.693359 0.613281 0.695312 0.613281 0.697266 0.611328
0 0.392578 0.609375 0.382812 0.611328 0.371094 0.623047 0.371094 0.632812 0.375000 0.636719 0.380859 0.636719 0.382812 0.634766 0.382812 0.632812 0.394531 0.621094 0.394531 0.619141 0.396484 0.617188 0.396484 0.613281
0 0.734375 0.615234 0.732422 0.617188 0.732422 0.619141 0.728516 0.623047 0.728516 0.625000 0.730469 0.626953 0.730469 0.628906 0.734375 0.632812 0.742188 0.632812 0.746094 0.628906 0.746094 0.621094 0.740234 0.615234
0 0.671875 0.623047 0.666016 0.628906 0.667969 0.630859 0.667969 0.632812 0.671875 0.636719 0.671875 0.638672 0.673828 0.640625 0.677734 0.640625 0.683594 0.634766 0.683594 0.630859 0.679688 0.625000 0.677734 0.625000 0.675781 0.623047
0 0.402344 0.625000 0.400391 0.626953 0.400391 0.630859 0.402344 0.632812 0.404297 0.632812 0.406250 0.630859 0.406250 0.628906
0 0.853516 0.625000 0.849609 0.628906 0.849609 0.630859 0.855469 0.636719 0.857422 0.636719 0.861328 0.632812 0.861328 0.628906 0.857422 0.625000
0 0.244141 0.630859 0.242188 0.630859 0.238281 0.634766 0.238281 0.636719 0.240234 0.638672 0.244141 0.638672 0.246094 0.636719 0.246094 0.632812
0 0.349609 0.634766 0.343750 0.634766 0.341797 0.636719 0.341797 0.638672 0.339844 0.640625 0.339844 0.642578 0.345703 0.648438 0.347656 0.646484 0.349609 0.646484 0.351562 0.644531 0.351562 0.642578 0.353516 0.640625 0.353516 0.638672
1 0.416016 0.636719 0.404297 0.644531 0.402344 0.656250 0.421875 0.679688 0.423828 0.689453 0.417969 0.697266 0.410156 0.695312 0.402344 0.705078 0.400391 0.724609 0.404297 0.728516 0.417969 0.728516 0.425781 0.720703 0.427734 0.705078 0.439453 0.685547 0.433594 0.662109 0.421875 0.640625
0 0.472656 0.644531 0.470703 0.646484 0.468750 0.646484 0.466797 0.648438 0.466797 0.652344 0.472656 0.658203 0.476562 0.658203 0.480469 0.654297 0.480469 0.650391 0.474609 0.644531
0 0.638672 0.646484 0.634766 0.650391 0.634766 0.652344 0.632812 0.654297 0.632812 0.658203 0.638672 0.664062 0.646484 0.664062 0.652344 0.658203 0.650391 0.656250 0.650391 0.652344 0.644531 0.646484
1 0.710938 0.646484 0.708984 0.646484 0.697266 0.658203 0.701172 0.662109 0.705078 0.658203 0.707031 0.658203 0.708984 0.656250 0.710938 0.656250 0.712891 0.654297 0.712891 0.648438
0 0.498047 0.648438 0.492188 0.654297 0.498047 0.660156 0.503906 0.660156 0.507812 0.656250 0.503906 0.652344 0.503906 0.650391 0.501953 0.648438
1 0.611328 0.648438 0.607422 0.648438 0.601562 0.654297 0.601562 0.667969 0.603516 0.669922 0.603516 0.671875 0.599609 0.675781 0.599609 0.683594 0.601562 0.685547 0.607422 0.683594 0.611328 0.679688 0.617188 0.669922 0.617188 0.664062 0.621094 0.660156 0.619141 0.658203 0.621094 0.656250
0 0.832031 0.654297 0.830078 0.656250 0.832031 0.658203 0.833984 0.658203 0.835938 0.656250 0.833984 0.654297
0 0.951172 0.658203 0.945312 0.652344 0.941406 0.654297 0.929688 0.667969 0.917969 0.667969 0.914062 0.673828 0.919922 0.679688 0.927734 0.679688 0.933594 0.683594 0.939453 0.683594 0.945312 0.677734 0.945312 0.673828 0.949219 0.669922
0 0.367188 0.658203 0.363281 0.662109 0.363281 0.666016 0.367188 0.669922 0.369141 0.669922 0.373047 0.666016 0.373047 0.662109 0.371094 0.660156 0.369141 0.660156
0 0.269531 0.666016 0.265625 0.669922 0.265625 0.671875 0.271484 0.677734 0.275391 0.673828 0.275391 0.671875
0 0.527344 0.669922 0.523438 0.666016 0.521484 0.666016 0.519531 0.667969 0.515625 0.667969 0.509766 0.673828 0.511719 0.675781 0.511719 0.677734 0.513672 0.679688 0.517578 0.679688 0.519531 0.677734 0.521484 0.677734 0.523438 0.675781 0.523438 0.673828
0 0.361328 0.679688 0.359375 0.681641 0.359375 0.685547 0.361328 0.687500 0.363281 0.687500 0.365234 0.685547 0.365234 0.681641 0.363281 0.679688
0 0.716797 0.689453 0.710938 0.695312 0.710938 0.701172 0.712891 0.703125 0.712891 0.705078 0.714844 0.707031 0.718750 0.707031 0.722656 0.703125 0.722656 0.697266 0.720703 0.695312 0.720703 0.693359
0 0.751953 0.687500 0.750000 0.689453 0.748047 0.689453 0.746094 0.691406 0.746094 0.697266 0.748047 0.699219 0.748047 0.701172 0.750000 0.703125 0.751953 0.703125 0.753906 0.705078 0.757812 0.701172 0.757812 0.699219 0.755859 0.697266 0.755859 0.691406
0 0.880859 0.691406 0.871094 0.689453 0.859375 0.699219 0.857422 0.705078 0.859375 0.707031 0.859375 0.712891 0.863281 0.718750 0.865234 0.716797 0.867188 0.718750 0.878906 0.718750 0.886719 0.712891 0.886719 0.703125 0.888672 0.699219
0 0.355469 0.691406 0.353516 0.693359 0.353516 0.695312 0.355469 0.697266 0.357422 0.697266 0.359375 0.695312
0 0.576172 0.699219 0.576172 0.705078 0.580078 0.708984 0.583984 0.708984 0.585938 0.707031 0.587891 0.708984 0.593750 0.708984 0.595703 0.707031 0.595703 0.705078 0.599609 0.701172 0.599609 0.699219 0.593750 0.693359 0.591797 0.693359 0.589844 0.691406 0.585938 0.691406 0.583984 0.693359 0.582031 0.693359
0 0.826172 0.691406 0.820312 0.695312 0.820312 0.697266 0.816406 0.701172 0.816406 0.703125 0.814453 0.705078 0.822266 0.712891 0.826172 0.712891 0.830078 0.708984 0.830078 0.703125 0.832031 0.701172 0.832031 0.699219 0.830078 0.697266 0.830078 0.695312
0 0.292969 0.695312 0.289062 0.695312 0.287109 0.697266 0.287109 0.703125 0.289062 0.705078 0.289062 0.707031 0.291016 0.708984 0.296875 0.703125 0.296875 0.701172 0.294922 0.699219 0.294922 0.697266
0 0.386719 0.695312 0.384766 0.697266 0.384766 0.699219 0.386719 0.701172 0.388672 0.701172 0.390625 0.699219 0.390625 0.697266 0.388672 0.695312
0 0.689453 0.697266 0.687500 0.699219 0.685547 0.699219 0.683594 0.701172 0.683594 0.705078 0.689453 0.710938 0.693359 0.710938 0.697266 0.707031 0.697266 0.701172 0.693359 0.697266
0 0.900391 0.705078 0.900391 0.718750 0.906250 0.726562 0.912109 0.728516 0.925781 0.726562 0.935547 0.734375 0.939453 0.734375 0.943359 0.730469 0.931641 0.718750 0.933594 0.716797 0.931641 0.705078 0.925781 0.699219 0.910156 0.697266
0 0.240234 0.705078 0.234375 0.710938 0.234375 0.718750 0.240234 0.724609 0.242188 0.724609 0.246094 0.720703 0.246094 0.708984 0.242188 0.705078
0 0.642578 0.707031 0.640625 0.708984 0.642578 0.710938 0.644531 0.710938 0.646484 0.708984 0.644531 0.707031
0 0.609375 0.712891 0.601562 0.712891 0.595703 0.716797 0.589844 0.716797 0.585938 0.720703 0.585938 0.728516 0.593750 0.734375 0.601562 0.734375 0.607422 0.726562 0.607422 0.722656 0.609375 0.720703 0.609375 0.716797 0.611328 0.714844
0 0.957031 0.714844 0.955078 0.714844 0.949219 0.720703 0.953125 0.724609 0.957031 0.724609 0.958984 0.722656 0.958984 0.720703 0.960938 0.718750
1 0.623047 0.722656 0.619141 0.726562 0.619141 0.728516 0.623047 0.732422 0.623047 0.738281 0.628906 0.744141 0.632812 0.740234 0.632812 0.738281 0.634766 0.736328 0.634766 0.734375 0.632812 0.732422 0.630859 0.732422 0.625000 0.726562 0.625000 0.724609
0 0.718750 0.724609 0.716797 0.726562 0.716797 0.732422 0.720703 0.736328 0.724609 0.736328 0.728516 0.732422 0.728516 0.728516 0.724609 0.724609
0 0.699219 0.730469 0.697266 0.732422 0.697266 0.734375 0.699219 0.736328 0.701172 0.734375 0.701172 0.732422
0 0.896484 0.732422 0.894531 0.732422 0.892578 0.734375 0.892578 0.736328 0.888672 0.740234 0.888672 0.742188 0.892578 0.746094 0.896484 0.746094 0.898438 0.744141 0.898438 0.734375
0 0.388672 0.734375 0.384766 0.738281 0.384766 0.740234 0.388672 0.744141 0.392578 0.744141 0.394531 0.742188 0.394531 0.740234
0 0.835938 0.738281 0.830078 0.744141 0.830078 0.748047 0.833984 0.753906 0.835938 0.753906 0.839844 0.757812 0.841797 0.757812 0.851562 0.750000 0.843750 0.742188 0.841797 0.742188
0 0.732422 0.755859 0.728516 0.755859 0.726562 0.757812 0.730469 0.761719 0.734375 0.757812
0 0.289062 0.757812 0.285156 0.761719 0.285156 0.763672 0.283203 0.765625 0.287109 0.769531 0.292969 0.763672 0.292969 0.761719
0 0.451172 0.759766 0.447266 0.763672 0.451172 0.767578 0.455078 0.763672
0 0.699219 0.763672 0.691406 0.769531 0.679688 0.769531 0.673828 0.775391 0.671875 0.781250 0.673828 0.791016 0.669922 0.794922 0.664062 0.791016 0.660156 0.792969 0.671875 0.804688 0.679688 0.798828 0.693359 0.800781 0.710938 0.789062 0.703125 0.767578
1 0.789062 0.763672 0.787109 0.765625 0.787109 0.767578 0.794922 0.775391 0.794922 0.783203 0.800781 0.789062 0.802734 0.789062 0.806641 0.785156 0.806641 0.783203 0.808594 0.781250 0.794922 0.769531 0.794922 0.765625 0.792969 0.763672
0 0.607422 0.767578 0.603516 0.771484 0.603516 0.773438 0.607422 0.777344 0.611328 0.773438 0.611328 0.771484
1 0.945312 0.767578 0.931641 0.781250 0.935547 0.785156 0.937500 0.785156 0.939453 0.783203 0.941406 0.783203 0.949219 0.775391 0.949219 0.771484
0 0.582031 0.775391 0.578125 0.779297 0.578125 0.783203 0.582031 0.787109 0.585938 0.783203 0.585938 0.779297
0 0.718750 0.773438 0.716797 0.775391 0.718750 0.777344 0.720703 0.775391
0 0.650391 0.777344 0.648438 0.779297 0.650391 0.781250 0.652344 0.781250 0.654297 0.779297 0.652344 0.777344
1 0.822266 0.787109 0.816406 0.791016 0.814453 0.802734 0.806641 0.808594 0.804688 0.814453 0.792969 0.826172 0.792969 0.841797 0.798828 0.847656 0.804688 0.847656 0.816406 0.832031 0.814453 0.814453 0.818359 0.810547 0.816406 0.804688 0.826172 0.794922 0.826172 0.791016
0 0.873047 0.791016 0.871094 0.792969 0.871094 0.794922 0.869141 0.796875 0.873047 0.800781 0.876953 0.800781 0.880859 0.796875 0.875000 0.791016
0 0.845703 0.798828 0.843750 0.800781 0.843750 0.804688 0.847656 0.808594 0.853516 0.808594 0.857422 0.804688 0.857422 0.800781 0.853516 0.796875 0.849609 0.796875 0.847656 0.798828
0 0.513672 0.806641 0.511719 0.808594 0.511719 0.810547 0.513672 0.812500 0.515625 0.812500 0.517578 0.814453 0.519531 0.812500 0.519531 0.810547 0.515625 0.806641
0 0.703125 0.804688 0.701172 0.806641 0.701172 0.810547 0.703125 0.812500 0.705078 0.810547 0.705078 0.806641
0 0.744141 0.812500 0.742188 0.814453 0.744141 0.816406 0.746094 0.816406 0.748047 0.814453 0.746094 0.812500
0 0.767578 0.820312 0.765625 0.822266 0.763672 0.822266 0.761719 0.824219 0.761719 0.828125 0.767578 0.833984 0.769531 0.833984 0.771484 0.832031 0.773438 0.832031 0.775391 0.830078 0.775391 0.826172 0.771484 0.822266 0.769531 0.822266
0 0.972656 0.822266 0.966797 0.828125 0.966797 0.835938 0.982422 0.849609 0.990234 0.853516 0.994141 0.851562 0.998047 0.847656 0.994141 0.843750 0.992188 0.832031 0.982422 0.824219 0.976562 0.824219
0 0.447266 0.845703 0.443359 0.849609 0.443359 0.855469 0.447266 0.859375 0.449219 0.859375 0.451172 0.861328 0.453125 0.861328 0.458984 0.855469 0.457031 0.853516 0.457031 0.847656 0.455078 0.845703
0 0.927734 0.845703 0.923828 0.849609 0.927734 0.853516 0.929688 0.853516 0.931641 0.851562 0.931641 0.847656 0.929688 0.845703
0 0.966797 0.847656 0.964844 0.849609 0.966797 0.851562 0.968750 0.849609
0 0.365234 0.857422 0.361328 0.861328 0.361328 0.863281 0.365234 0.867188 0.369141 0.863281 0.369141 0.861328
0 0.816406 0.861328 0.814453 0.875000 0.843750 0.890625 0.839844 0.894531 0.832031 0.894531 0.826172 0.900391 0.826172 0.906250 0.837891 0.916016 0.843750 0.914062 0.849609 0.919922 0.847656 0.923828 0.853516 0.929688 0.867188 0.912109 0.867188 0.906250 0.859375 0.898438 0.853516 0.898438 0.843750 0.890625 0.847656 0.886719 0.867188 0.882812 0.876953 0.875000 0.886719 0.880859 0.892578 0.873047 0.886719 0.867188 0.876953 0.867188 0.871094 0.863281 0.857422 0.863281 0.847656 0.855469 0.843750 0.865234 0.837891 0.871094 0.826172 0.861328
0 0.484375 0.859375 0.480469 0.863281 0.480469 0.865234 0.478516 0.867188 0.478516 0.873047 0.482422 0.876953 0.486328 0.876953 0.490234 0.873047 0.490234 0.867188 0.488281 0.865234 0.488281 0.863281
0 0.968750 0.859375 0.962891 0.865234 0.966797 0.869141 0.972656 0.869141 0.976562 0.865234 0.976562 0.863281 0.972656 0.859375
0 0.931641 0.865234 0.925781 0.865234 0.921875 0.869141 0.916016 0.869141 0.906250 0.876953 0.906250 0.890625 0.910156 0.896484 0.917969 0.896484 0.919922 0.894531 0.923828 0.894531 0.925781 0.896484 0.927734 0.894531 0.931641 0.894531 0.937500 0.888672 0.941406 0.880859 0.941406 0.876953
1 0.996094 0.863281 0.994141 0.865234 0.994141 0.871094 0.998047 0.875000 0.998047 0.863281
1 0.812500 0.894531 0.810547 0.892578 0.808594 0.894531 0.806641 0.892578 0.804688 0.894531 0.798828 0.892578 0.792969 0.898438 0.783203 0.898438 0.777344 0.894531 0.771484 0.894531 0.761719 0.906250 0.769531 0.916016 0.781250 0.916016 0.783203 0.914062 0.789062 0.914062 0.792969 0.910156 0.792969 0.904297 0.796875 0.900391 0.800781 0.902344 0.808594 0.894531 0.810547 0.896484
0 0.658203 0.910156 0.656250 0.912109 0.656250 0.914062 0.658203 0.916016 0.660156 0.914062 0.660156 0.912109
1 0.517578 0.921875 0.509766 0.921875 0.503906 0.927734 0.503906 0.931641 0.507812 0.935547 0.511719 0.935547 0.517578 0.941406 0.517578 0.947266 0.519531 0.949219 0.519531 0.962891 0.509766 0.970703 0.509766 0.972656 0.511719 0.974609 0.511719 0.982422 0.513672 0.984375 0.523438 0.974609 0.523438 0.966797 0.521484 0.964844 0.521484 0.962891 0.523438 0.960938 0.523438 0.943359 0.521484 0.941406 0.521484 0.925781
0 0.607422 0.931641 0.601562 0.937500 0.605469 0.974609 0.613281 0.982422 0.621094 0.982422 0.642578 0.962891 0.662109 0.988281 0.654297 0.998047 0.667969 0.998047 0.666016 0.994141 0.675781 0.982422 0.675781 0.968750 0.662109 0.955078 0.658203 0.943359 0.650391 0.937500 0.634766 0.941406 0.619141 0.931641
0 0.705078 0.931641 0.699219 0.937500 0.701172 0.939453 0.701172 0.941406 0.705078 0.945312 0.708984 0.945312 0.714844 0.939453 0.714844 0.937500 0.708984 0.931641
0 0.800781 0.931641 0.796875 0.935547 0.798828 0.947266 0.808594 0.953125 0.820312 0.968750 0.830078 0.970703 0.839844 0.980469 0.843750 0.980469 0.849609 0.974609 0.845703 0.968750 0.845703 0.962891 0.853516 0.955078 0.851562 0.943359 0.837891 0.933594 0.824219 0.933594 0.818359 0.937500 0.812500 0.937500
0 0.886719 0.929688 0.884766 0.931641 0.884766 0.933594 0.886719 0.935547 0.888672 0.933594 0.888672 0.931641
0 0.966797 0.937500 0.960938 0.943359 0.960938 0.953125 0.964844 0.958984 0.966797 0.958984 0.968750 0.960938 0.972656 0.960938 0.980469 0.953125 0.980469 0.945312 0.978516 0.943359 0.978516 0.941406 0.974609 0.937500
0 0.474609 0.943359 0.472656 0.943359 0.468750 0.947266 0.468750 0.951172 0.472656 0.955078 0.476562 0.951172 0.476562 0.945312
0 0.734375 0.953125 0.734375 0.957031 0.736328 0.958984 0.738281 0.958984 0.740234 0.960938 0.748047 0.960938 0.750000 0.958984 0.750000 0.953125 0.748047 0.951172 0.746094 0.951172 0.742188 0.947266 0.740234 0.949219 0.738281 0.949219
0 0.912109 0.951172 0.910156 0.953125 0.910156 0.957031 0.912109 0.958984 0.914062 0.958984 0.916016 0.957031 0.916016 0.953125 0.914062 0.951172
0 0.896484 0.968750 0.892578 0.972656 0.890625 0.972656 0.888672 0.974609 0.888672 0.982422 0.894531 0.986328 0.900391 0.986328 0.904297 0.982422 0.904297 0.980469 0.906250 0.978516 0.906250 0.976562 0.900391 0.970703 0.898438 0.970703
0 0.921875 0.978516 0.917969 0.978516 0.912109 0.984375 0.912109 0.986328 0.908203 0.992188 0.908203 0.998047 0.925781 0.998047 0.925781 0.982422
0 0.980469 0.984375 0.976562 0.988281 0.976562 0.990234 0.980469 0.994141 0.984375 0.994141 0.988281 0.990234 0.988281 0.986328 0.986328 0.984375
0 0.855469 0.994141 0.851562 0.990234 0.849609 0.990234 0.845703 0.994141 0.845703 0.998047 0.853516 0.998047 0.853516 0.996094
1 0.486328 0.998047 0.498047 0.998047 0.496094 0.996094 0.488281 0.996094
1 0.578125 0.998047 0.583984 0.998047 0.582031 0.996094 0.580078 0.996094
