0 0.000000 0.107422 0.000000 0.117188 0.003906 0.113281 0.003906 0.111328
0 0.611328 0.140625 0.609375 0.142578 0.611328 0.144531 0.613281 0.144531 0.615234 0.142578 0.613281 0.140625
1 0.000000 0.179688 0.000000 0.236328 0.013672 0.214844 0.029297 0.238281 0.000000 0.347656 0.039062 0.355469 0.000000 0.406250 0.000000 0.560547 0.052734 0.574219 0.041016 0.642578 0.085938 0.621094 0.144531 0.667969 0.128906 0.763672 0.181641 0.736328 0.224609 0.773438 0.281250 0.933594 0.335938 0.927734 0.412109 0.853516 0.486328 0.847656 0.482422 0.902344 0.519531 0.865234 0.507812 0.910156 0.599609 0.927734 0.523438 0.859375 0.558594 0.789062 0.523438 0.726562 0.460938 0.798828 0.376953 0.796875 0.384766 0.847656 0.306641 0.882812 0.234375 0.748047 0.298828 0.716797 0.365234 0.742188 0.341797 0.691406 0.398438 0.652344 0.304688 0.542969 0.281250 0.351562 0.220703 0.291016 0.107422 0.316406 0.097656 0.281250 0.056641 0.279297 0.076172 0.224609 0.052734 0.203125 0.140625 0.152344
1 0.148438 0.156250 0.156250 0.164062 0.162109 0.164062 0.164062 0.162109 0.173828 0.162109 0.175781 0.160156 0.177734 0.162109 0.183594 0.162109 0.185547 0.160156 0.179688 0.154297 0.177734 0.154297 0.175781 0.152344 0.164062 0.152344 0.162109 0.154297 0.160156 0.154297 0.158203 0.152344 0.154297 0.152344
0 0.605469 0.158203 0.603516 0.160156 0.605469 0.162109 0.607422 0.160156
0 0.191406 0.162109 0.187500 0.166016 0.189453 0.167969 0.189453 0.169922 0.197266 0.177734 0.201172 0.173828 0.201172 0.169922 0.195312 0.164062 0.193359 0.164062
0 0.201172 0.181641 0.197266 0.185547 0.197266 0.189453 0.199219 0.191406 0.203125 0.191406 0.205078 0.189453 0.205078 0.185547
0 0.708984 0.181641 0.707031 0.183594 0.708984 0.185547 0.710938 0.183594
0 0.496094 0.191406 0.492188 0.195312 0.492188 0.201172 0.494141 0.203125 0.496094 0.203125 0.498047 0.205078 0.501953 0.205078 0.507812 0.199219 0.507812 0.197266 0.501953 0.191406
1 0.201172 0.199219 0.199219 0.199219 0.195312 0.203125 0.195312 0.212891 0.193359 0.214844 0.193359 0.218750 0.197266 0.222656 0.199219 0.222656 0.203125 0.218750 0.203125 0.212891 0.205078 0.210938 0.205078 0.203125
0 0.386719 0.212891 0.382812 0.216797 0.382812 0.218750 0.386719 0.222656 0.390625 0.222656 0.392578 0.220703 0.392578 0.216797 0.388672 0.212891
0 0.533203 0.222656 0.531250 0.224609 0.531250 0.228516 0.533203 0.230469 0.535156 0.230469 0.539062 0.226562 0.535156 0.222656
0 0.191406 0.230469 0.187500 0.234375 0.191406 0.238281 0.193359 0.238281 0.195312 0.236328 0.195312 0.232422 0.193359 0.230469
1 0.000000 0.248047 0.000000 0.261719 0.003906 0.257812 0.003906 0.251953
0 0.078125 0.250000 0.070312 0.257812 0.070312 0.267578 0.076172 0.271484 0.082031 0.271484 0.087891 0.267578 0.087891 0.265625 0.089844 0.263672 0.089844 0.255859 0.083984 0.250000
0 0.187500 0.250000 0.185547 0.250000 0.183594 0.251953 0.181641 0.251953 0.177734 0.255859 0.177734 0.257812 0.181641 0.261719 0.185547 0.261719 0.191406 0.255859 0.189453 0.253906 0.189453 0.251953
0 0.478516 0.250000 0.476562 0.250000 0.472656 0.253906 0.476562 0.257812 0.480469 0.253906 0.480469 0.251953
0 0.601562 0.269531 0.599609 0.267578 0.591797 0.267578 0.585938 0.273438 0.585938 0.275391 0.589844 0.279297 0.593750 0.279297 0.595703 0.277344 0.597656 0.277344 0.599609 0.275391 0.599609 0.273438 0.601562 0.271484
0 0.958984 0.273438 0.957031 0.275391 0.958984 0.277344 0.960938 0.275391
1 0.271484 0.289062 0.275391 0.294922 0.277344 0.294922 0.279297 0.292969 0.285156 0.292969 0.287109 0.294922 0.289062 0.294922 0.292969 0.291016 0.292969 0.287109 0.291016 0.285156 0.287109 0.285156 0.285156 0.287109 0.283203 0.287109 0.281250 0.285156 0.275391 0.285156
0 0.664062 0.306641 0.658203 0.300781 0.646484 0.300781 0.644531 0.302734 0.642578 0.302734 0.632812 0.312500 0.632812 0.318359 0.636719 0.322266 0.648438 0.322266 0.650391 0.320312 0.660156 0.316406 0.664062 0.310547
0 0.345703 0.320312 0.343750 0.322266 0.347656 0.326172 0.349609 0.326172 0.351562 0.324219 0.351562 0.322266 0.349609 0.320312
0 0.421875 0.343750 0.417969 0.347656 0.417969 0.357422 0.419922 0.359375 0.419922 0.361328 0.423828 0.365234 0.429688 0.367188 0.433594 0.363281 0.433594 0.357422 0.435547 0.355469 0.435547 0.351562 0.431641 0.347656 0.429688 0.347656 0.427734 0.345703 0.423828 0.345703
0 0.009766 0.371094 0.007812 0.373047 0.009766 0.375000 0.011719 0.373047
1 0.236328 0.376953 0.234375 0.375000 0.232422 0.376953 0.230469 0.376953 0.228516 0.378906 0.226562 0.376953 0.224609 0.378906 0.226562 0.380859 0.228516 0.378906 0.230469 0.380859 0.232422 0.380859
0 0.339844 0.384766 0.337891 0.386719 0.337891 0.396484 0.339844 0.398438 0.339844 0.400391 0.341797 0.402344 0.345703 0.402344 0.351562 0.396484 0.349609 0.394531 0.349609 0.392578 0.347656 0.390625 0.347656 0.388672 0.343750 0.384766
0 0.484375 0.396484 0.478516 0.390625 0.476562 0.390625 0.474609 0.392578 0.472656 0.392578 0.464844 0.400391 0.464844 0.402344 0.468750 0.406250 0.472656 0.406250 0.474609 0.404297 0.476562 0.404297
0 0.121094 0.398438 0.119141 0.400391 0.121094 0.402344 0.123047 0.400391
0 0.960938 0.406250 0.957031 0.410156 0.957031 0.412109 0.962891 0.417969 0.966797 0.414062 0.966797 0.410156 0.962891 0.406250
0 0.117188 0.410156 0.115234 0.412109 0.115234 0.414062 0.113281 0.416016 0.115234 0.417969 0.119141 0.414062 0.119141 0.412109
1 0.173828 0.417969 0.171875 0.419922 0.171875 0.421875 0.169922 0.423828 0.169922 0.431641 0.171875 0.433594 0.173828 0.431641 0.173828 0.421875 0.175781 0.419922
0 0.458984 0.419922 0.457031 0.421875 0.457031 0.423828 0.455078 0.425781 0.455078 0.427734 0.460938 0.433594 0.466797 0.433594 0.468750 0.431641 0.468750 0.421875 0.466797 0.419922
0 0.363281 0.490234 0.361328 0.492188 0.361328 0.494141 0.363281 0.496094 0.365234 0.494141 0.365234 0.492188
0 0.882812 0.501953 0.878906 0.505859 0.878906 0.507812 0.882812 0.511719 0.884766 0.511719 0.888672 0.507812 0.888672 0.505859 0.886719 0.503906 0.884766 0.503906
0 0.193359 0.517578 0.191406 0.519531 0.191406 0.521484 0.193359 0.523438 0.195312 0.521484 0.195312 0.519531
0 0.414062 0.537109 0.410156 0.537109 0.408203 0.539062 0.408203 0.542969 0.410156 0.544922 0.416016 0.539062
0 0.357422 0.541016 0.353516 0.544922 0.353516 0.548828 0.357422 0.552734 0.359375 0.552734 0.365234 0.546875 0.359375 0.541016
1 0.382812 0.548828 0.386719 0.552734 0.388672 0.550781 0.390625 0.552734 0.392578 0.550781 0.396484 0.550781 0.400391 0.554688 0.402344 0.554688 0.406250 0.548828 0.404297 0.546875 0.398438 0.546875 0.396484 0.544922 0.394531 0.546875 0.390625 0.546875 0.388672 0.544922 0.386719 0.544922
0 0.484375 0.558594 0.480469 0.562500 0.480469 0.568359 0.484375 0.572266 0.488281 0.572266 0.492188 0.568359 0.492188 0.564453 0.486328 0.558594
0 0.507812 0.566406 0.503906 0.570312 0.507812 0.574219 0.511719 0.570312
0 0.611328 0.568359 0.609375 0.570312 0.611328 0.572266 0.613281 0.570312
0 0.429688 0.599609 0.425781 0.603516 0.429688 0.607422 0.433594 0.603516
0 0.472656 0.597656 0.470703 0.599609 0.470703 0.601562 0.468750 0.603516 0.468750 0.607422 0.472656 0.611328 0.476562 0.611328 0.478516 0.609375 0.482422 0.609375 0.484375 0.607422 0.484375 0.601562 0.480469 0.597656
0 0.515625 0.609375 0.517578 0.611328 0.523438 0.611328 0.525391 0.609375 0.523438 0.607422 0.521484 0.607422 0.519531 0.605469
0 0.580078 0.609375 0.568359 0.625000 0.570312 0.644531 0.595703 0.669922 0.605469 0.671875 0.615234 0.664062 0.621094 0.654297 0.619141 0.640625 0.609375 0.630859 0.607422 0.621094 0.599609 0.621094 0.593750 0.615234
0 0.634766 0.609375 0.630859 0.613281 0.630859 0.621094 0.636719 0.626953 0.638672 0.626953 0.642578 0.623047 0.642578 0.621094 0.640625 0.619141 0.640625 0.613281 0.636719 0.609375
0 0.880859 0.621094 0.878906 0.623047 0.880859 0.625000 0.882812 0.625000 0.884766 0.623047 0.882812 0.621094
0 0.197266 0.628906 0.195312 0.630859 0.197266 0.632812 0.199219 0.632812 0.201172 0.630859 0.199219 0.628906
0 0.257812 0.634766 0.253906 0.638672 0.251953 0.638672 0.248047 0.642578 0.248047 0.644531 0.250000 0.646484 0.251953 0.646484 0.257812 0.652344 0.261719 0.652344 0.263672 0.654297 0.269531 0.650391 0.269531 0.644531 0.265625 0.640625 0.265625 0.636719 0.263672 0.634766
0 0.281250 0.646484 0.279297 0.648438 0.279297 0.654297 0.281250 0.656250 0.285156 0.652344 0.285156 0.650391
0 0.414062 0.654297 0.412109 0.656250 0.414062 0.658203 0.416016 0.656250
0 0.447266 0.666016 0.443359 0.669922 0.443359 0.671875 0.445312 0.673828 0.445312 0.675781 0.447266 0.677734 0.451172 0.673828 0.451172 0.669922
0 0.267578 0.667969 0.265625 0.669922 0.265625 0.671875 0.269531 0.675781 0.269531 0.677734 0.271484 0.679688 0.275391 0.679688 0.277344 0.677734 0.277344 0.675781 0.269531 0.667969
0 0.964844 0.667969 0.960938 0.671875 0.960938 0.673828 0.964844 0.677734 0.966797 0.677734 0.970703 0.673828 0.970703 0.671875 0.968750 0.669922 0.966797 0.669922
0 0.505859 0.671875 0.501953 0.675781 0.507812 0.681641 0.511719 0.677734
0 0.431641 0.677734 0.425781 0.681641 0.425781 0.683594 0.419922 0.689453 0.419922 0.693359 0.414062 0.699219 0.416016 0.701172 0.416016 0.707031 0.417969 0.710938 0.423828 0.714844 0.429688 0.714844 0.441406 0.708984 0.447266 0.697266 0.441406 0.685547
0 0.480469 0.675781 0.476562 0.679688 0.480469 0.683594 0.484375 0.683594 0.486328 0.681641 0.486328 0.677734 0.484375 0.675781
0 0.554688 0.683594 0.552734 0.683594 0.550781 0.685547 0.550781 0.689453 0.552734 0.691406 0.556641 0.687500 0.556641 0.685547
0 0.406250 0.687500 0.404297 0.687500 0.402344 0.689453 0.402344 0.691406 0.400391 0.693359 0.400391 0.695312 0.396484 0.699219 0.396484 0.701172 0.400391 0.705078 0.412109 0.693359
0 0.591797 0.701172 0.589844 0.703125 0.587891 0.701172 0.578125 0.701172 0.574219 0.707031 0.576172 0.720703 0.570312 0.726562 0.568359 0.734375 0.570312 0.740234 0.580078 0.748047 0.589844 0.740234 0.591797 0.736328 0.589844 0.730469 0.595703 0.724609 0.601562 0.722656 0.599609 0.710938
0 0.458984 0.712891 0.455078 0.708984 0.453125 0.708984 0.449219 0.712891 0.449219 0.714844 0.451172 0.716797 0.455078 0.716797
0 0.900391 0.712891 0.896484 0.716797 0.900391 0.720703 0.902344 0.720703 0.904297 0.722656 0.906250 0.720703 0.906250 0.718750 0.908203 0.716797 0.904297 0.712891
0 0.642578 0.722656 0.640625 0.724609 0.640625 0.726562 0.642578 0.728516 0.646484 0.728516 0.648438 0.726562 0.648438 0.724609 0.646484 0.722656
0 0.757812 0.722656 0.755859 0.722656 0.751953 0.726562 0.751953 0.728516 0.755859 0.732422 0.759766 0.728516 0.759766 0.724609
0 0.449219 0.734375 0.441406 0.742188 0.441406 0.748047 0.443359 0.750000 0.445312 0.750000 0.447266 0.751953 0.453125 0.751953 0.455078 0.750000 0.455078 0.748047 0.457031 0.746094 0.457031 0.740234 0.451172 0.734375
0 0.615234 0.740234 0.621094 0.746094 0.628906 0.746094 0.632812 0.742188 0.632812 0.740234 0.626953 0.734375 0.619141 0.734375 0.617188 0.736328 0.617188 0.738281
0 0.558594 0.742188 0.556641 0.744141 0.558594 0.746094 0.560547 0.744141
0 0.349609 0.759766 0.345703 0.759766 0.343750 0.761719 0.343750 0.765625 0.347656 0.769531 0.351562 0.765625 0.351562 0.761719
0 0.599609 0.767578 0.597656 0.769531 0.597656 0.771484 0.593750 0.775391 0.601562 0.783203 0.603516 0.783203 0.609375 0.777344 0.609375 0.773438 0.603516 0.767578
0 0.751953 0.794922 0.750000 0.796875 0.750000 0.800781 0.753906 0.804688 0.759766 0.804688 0.761719 0.802734 0.761719 0.800781 0.763672 0.798828 0.757812 0.792969 0.755859 0.792969 0.753906 0.794922
0 0.802734 0.794922 0.800781 0.796875 0.800781 0.802734 0.802734 0.804688 0.806641 0.804688 0.808594 0.802734 0.808594 0.800781
0 0.875000 0.792969 0.871094 0.796875 0.871094 0.802734 0.873047 0.804688 0.875000 0.804688 0.876953 0.806641 0.878906 0.806641 0.884766 0.800781 0.884766 0.796875 0.880859 0.792969
0 0.708984 0.808594 0.703125 0.814453 0.703125 0.822266 0.707031 0.826172 0.708984 0.826172 0.710938 0.828125 0.712891 0.826172 0.714844 0.826172 0.718750 0.822266 0.718750 0.814453 0.714844 0.810547 0.712891 0.810547 0.710938 0.808594
0 0.353516 0.812500 0.349609 0.816406 0.349609 0.820312 0.353516 0.824219 0.359375 0.818359
0 0.921875 0.826172 0.917969 0.830078 0.917969 0.832031 0.921875 0.835938 0.925781 0.832031 0.925781 0.830078
0 0.638672 0.853516 0.636719 0.855469 0.640625 0.859375 0.642578 0.857422 0.642578 0.855469 0.640625 0.853516
0 0.593750 0.855469 0.587891 0.855469 0.585938 0.857422 0.583984 0.857422 0.580078 0.863281 0.580078 0.876953 0.582031 0.878906 0.582031 0.880859 0.587891 0.884766 0.593750 0.880859 0.593750 0.878906 0.599609 0.869141 0.599609 0.859375
0 0.839844 0.857422 0.837891 0.859375 0.837891 0.861328 0.841797 0.865234 0.843750 0.863281 0.843750 0.859375 0.841797 0.857422
0 0.873047 0.869141 0.867188 0.869141 0.865234 0.871094 0.863281 0.871094 0.859375 0.875000 0.859375 0.876953 0.865234 0.882812 0.869141 0.882812 0.875000 0.876953 0.875000 0.871094
0 0.386719 0.896484 0.382812 0.896484 0.376953 0.902344 0.376953 0.904297 0.382812 0.910156 0.384766 0.910156 0.390625 0.904297 0.390625 0.900391
0 0.429688 0.894531 0.425781 0.894531 0.423828 0.896484 0.421875 0.896484 0.417969 0.900391 0.417969 0.908203 0.423828 0.914062 0.427734 0.914062 0.429688 0.912109 0.431641 0.912109 0.435547 0.908203 0.435547 0.900391
0 0.916016 0.896484 0.912109 0.900391 0.916016 0.904297 0.919922 0.900391
0 0.820312 0.923828 0.818359 0.925781 0.820312 0.927734 0.822266 0.925781
0 0.433594 0.931641 0.427734 0.937500 0.427734 0.947266 0.433594 0.953125 0.441406 0.953125 0.447266 0.947266 0.447266 0.937500 0.441406 0.931641
1 0.998047 0.929688 0.992188 0.935547 0.994141 0.937500 0.994141 0.941406 0.996094 0.943359 0.998047 0.943359
0 0.460938 0.933594 0.457031 0.937500 0.460938 0.941406 0.464844 0.937500
0 0.724609 0.941406 0.724609 0.949219 0.730469 0.955078 0.738281 0.955078 0.740234 0.957031 0.746094 0.957031 0.750000 0.953125 0.750000 0.949219 0.748047 0.947266 0.742188 0.945312 0.736328 0.939453 0.734375 0.939453 0.732422 0.937500 0.728516 0.937500
0 0.609375 0.943359 0.605469 0.947266 0.609375 0.951172 0.611328 0.951172 0.615234 0.947266 0.611328 0.943359
0 0.675781 0.945312 0.669922 0.951172 0.671875 0.953125 0.671875 0.955078 0.673828 0.957031 0.677734 0.957031 0.681641 0.953125 0.681641 0.951172
0 0.878906 0.951172 0.876953 0.953125 0.876953 0.957031 0.880859 0.960938 0.884766 0.957031 0.884766 0.955078 0.880859 0.951172
1 0.625000 0.960938 0.625000 0.966797 0.644531 0.986328 0.638672 0.998047 0.714844 0.998047 0.720703 0.988281 0.718750 0.986328 0.710938 0.988281 0.697266 0.974609 0.681641 0.968750 0.666016 0.984375 0.652344 0.990234 0.646484 0.984375 0.662109 0.972656 0.660156 0.960938 0.654297 0.955078 0.642578 0.958984 0.630859 0.955078
1 0.613281 0.962891 0.607422 0.957031 0.597656 0.960938 0.583984 0.957031 0.574219 0.966797 0.564453 0.966797 0.554688 0.976562 0.544922 0.966797 0.537109 0.966797 0.529297 0.974609 0.527344 0.986328 0.531250 0.992188 0.546875 0.994141 0.556641 0.982422 0.564453 0.998047 0.583984 0.998047 0.585938 0.978516 0.597656 0.968750 0.609375 0.972656
1 0.816406 0.962891 0.812500 0.958984 0.808594 0.958984 0.800781 0.966797 0.798828 0.964844 0.794922 0.964844 0.792969 0.966797 0.792969 0.968750 0.796875 0.972656 0.798828 0.972656 0.802734 0.968750 0.804688 0.968750 0.806641 0.966797 0.812500 0.966797
0 0.710938 0.960938 0.708984 0.960938 0.705078 0.964844 0.708984 0.968750 0.712891 0.964844 0.712891 0.962891
0 0.740234 0.968750 0.736328 0.972656 0.736328 0.974609 0.740234 0.978516 0.744141 0.978516 0.746094 0.976562 0.746094 0.970703 0.744141 0.968750
0 0.503906 0.974609 0.496094 0.974609 0.490234 0.980469 0.490234 0.984375 0.492188 0.986328 0.492188 0.988281 0.498047 0.994141 0.500000 0.994141 0.501953 0.992188 0.503906 0.992188 0.507812 0.986328 0.507812 0.980469
0 0.867188 0.974609 0.863281 0.974609 0.859375 0.978516 0.859375 0.980469 0.865234 0.986328 0.869141 0.982422 0.869141 0.976562
0 0.453125 0.980469 0.451172 0.982422 0.453125 0.984375 0.455078 0.984375 0.457031 0.982422 0.455078 0.980469
0 0.845703 0.984375 0.843750 0.986328 0.843750 0.988281 0.845703 0.990234 0.847656 0.988281 0.847656 0.986328
1 0.742188 0.998047 0.750000 0.998047 0.748047 0.996094 0.744141 0.996094
