0 0.656250 0.033203 0.652344 0.037109 0.652344 0.041016 0.654297 0.042969 0.654297 0.044922 0.656250 0.046875 0.660156 0.046875 0.662109 0.048828 0.664062 0.046875 0.666016 0.046875 0.667969 0.044922 0.667969 0.041016 0.669922 0.039062 0.667969 0.037109 0.667969 0.035156 0.666016 0.033203
1 0.000000 0.054688 0.029297 0.078125 0.000000 0.113281 0.000000 0.410156 0.035156 0.435547 0.000000 0.525391 0.037109 0.537109 0.033203 0.636719 0.105469 0.554688 0.158203 0.560547 0.177734 0.644531 0.111328 0.705078 0.134766 0.734375 0.222656 0.718750 0.181641 0.894531 0.230469 0.832031 0.544922 0.806641 0.462891 0.761719 0.376953 0.814453 0.236328 0.792969 0.312500 0.734375 0.371094 0.763672 0.332031 0.681641 0.361328 0.705078 0.384766 0.683594 0.367188 0.648438 0.281250 0.679688 0.193359 0.628906 0.156250 0.511719 0.212891 0.521484 0.232422 0.445312 0.146484 0.496094 0.140625 0.431641 0.046875 0.291016 0.142578 0.248047 0.166016 0.142578 0.152344 0.160156 0.074219 0.044922
1 0.152344 0.113281 0.150391 0.115234 0.156250 0.121094 0.156250 0.123047 0.160156 0.128906 0.160156 0.134766 0.162109 0.136719 0.164062 0.134766 0.164062 0.126953 0.162109 0.125000 0.162109 0.121094 0.158203 0.117188 0.156250 0.117188
0 0.833984 0.115234 0.832031 0.117188 0.830078 0.117188 0.828125 0.119141 0.828125 0.123047 0.832031 0.126953 0.835938 0.126953 0.837891 0.128906 0.841797 0.125000 0.841797 0.119141 0.839844 0.117188 0.837891 0.117188 0.835938 0.115234
0 0.810547 0.167969 0.808594 0.169922 0.806641 0.169922 0.804688 0.171875 0.804688 0.173828 0.808594 0.177734 0.810547 0.177734 0.814453 0.173828 0.812500 0.171875 0.812500 0.169922
0 0.738281 0.203125 0.734375 0.207031 0.734375 0.212891 0.738281 0.216797 0.742188 0.216797 0.746094 0.212891 0.746094 0.207031 0.742188 0.203125
0 0.072266 0.218750 0.080078 0.226562 0.082031 0.226562 0.083984 0.224609 0.085938 0.224609 0.087891 0.222656 0.085938 0.220703 0.083984 0.220703 0.080078 0.216797 0.078125 0.218750 0.076172 0.216797 0.074219 0.216797
0 0.748047 0.240234 0.744141 0.244141 0.744141 0.246094 0.750000 0.251953 0.753906 0.251953 0.755859 0.250000 0.755859 0.248047 0.753906 0.246094 0.753906 0.244141 0.750000 0.240234
0 0.921875 0.242188 0.917969 0.246094 0.917969 0.248047 0.921875 0.251953 0.925781 0.251953 0.929688 0.248047 0.927734 0.246094 0.927734 0.244141 0.925781 0.242188
0 0.558594 0.253906 0.558594 0.255859 0.562500 0.259766 0.568359 0.259766 0.570312 0.257812 0.570312 0.255859 0.566406 0.251953 0.560547 0.251953
0 0.644531 0.250000 0.642578 0.251953 0.642578 0.253906 0.644531 0.255859 0.646484 0.255859 0.648438 0.253906
0 0.550781 0.267578 0.548828 0.269531 0.548828 0.271484 0.550781 0.273438 0.552734 0.273438 0.554688 0.271484 0.554688 0.269531 0.552734 0.267578
0 0.597656 0.271484 0.595703 0.273438 0.595703 0.277344 0.597656 0.279297 0.599609 0.279297 0.601562 0.277344 0.601562 0.273438 0.599609 0.271484
0 0.951172 0.273438 0.949219 0.275391 0.951172 0.277344 0.953125 0.275391
0 0.699219 0.279297 0.697266 0.279297 0.695312 0.281250 0.695312 0.285156 0.697266 0.287109 0.701172 0.283203 0.701172 0.281250
0 0.789062 0.279297 0.787109 0.281250 0.787109 0.285156 0.791016 0.289062 0.794922 0.285156 0.794922 0.283203 0.791016 0.279297
0 0.859375 0.277344 0.857422 0.279297 0.861328 0.283203 0.863281 0.281250
0 0.921875 0.283203 0.917969 0.287109 0.917969 0.289062 0.916016 0.291016 0.916016 0.294922 0.914062 0.296875 0.919922 0.306641 0.929688 0.306641 0.935547 0.300781 0.935547 0.296875 0.937500 0.294922 0.937500 0.291016 0.929688 0.283203
0 0.996094 0.283203 0.992188 0.287109 0.996094 0.291016 0.998047 0.291016 0.998047 0.283203
0 0.621094 0.316406 0.619141 0.318359 0.619141 0.320312 0.621094 0.322266 0.623047 0.322266 0.625000 0.320312 0.625000 0.318359 0.623047 0.316406
0 0.937500 0.318359 0.935547 0.320312 0.935547 0.324219 0.937500 0.326172 0.939453 0.326172 0.941406 0.324219 0.941406 0.320312 0.939453 0.318359
0 0.773438 0.322266 0.771484 0.322266 0.769531 0.324219 0.767578 0.324219 0.763672 0.328125 0.763672 0.333984 0.765625 0.335938 0.769531 0.335938 0.775391 0.330078 0.775391 0.328125 0.777344 0.326172
0 0.447266 0.328125 0.445312 0.330078 0.445312 0.332031 0.443359 0.333984 0.447266 0.337891 0.449219 0.337891 0.451172 0.339844 0.455078 0.335938 0.455078 0.333984 0.449219 0.328125
0 0.587891 0.332031 0.585938 0.333984 0.587891 0.335938 0.589844 0.335938 0.591797 0.333984 0.589844 0.332031
0 0.656250 0.335938 0.652344 0.335938 0.650391 0.337891 0.650391 0.339844 0.654297 0.343750 0.658203 0.339844 0.658203 0.337891
0 0.267578 0.341797 0.263672 0.341797 0.259766 0.345703 0.263672 0.349609 0.265625 0.349609 0.269531 0.345703 0.269531 0.343750
0 0.191406 0.343750 0.189453 0.345703 0.189453 0.349609 0.191406 0.351562 0.193359 0.351562 0.195312 0.349609 0.195312 0.347656
0 0.781250 0.343750 0.777344 0.347656 0.777344 0.359375 0.785156 0.367188 0.791016 0.367188 0.798828 0.359375 0.798828 0.353516 0.789062 0.343750 0.785156 0.343750 0.783203 0.345703
0 0.880859 0.347656 0.878906 0.349609 0.878906 0.353516 0.880859 0.355469 0.884766 0.355469 0.888672 0.351562 0.884766 0.347656
0 0.542969 0.371094 0.533203 0.378906 0.533203 0.382812 0.531250 0.384766 0.531250 0.394531 0.541016 0.400391 0.544922 0.400391 0.546875 0.398438 0.548828 0.400391 0.558594 0.388672 0.558594 0.384766 0.556641 0.382812 0.556641 0.378906 0.550781 0.373047 0.546875 0.371094
0 0.597656 0.371094 0.593750 0.375000 0.599609 0.380859 0.601562 0.380859 0.603516 0.378906 0.603516 0.373047 0.601562 0.371094
0 0.193359 0.380859 0.191406 0.382812 0.191406 0.384766 0.193359 0.386719 0.195312 0.384766 0.195312 0.382812
0 0.515625 0.382812 0.509766 0.388672 0.509766 0.390625 0.513672 0.394531 0.517578 0.394531 0.521484 0.390625 0.521484 0.388672
0 0.408203 0.388672 0.394531 0.402344 0.400391 0.408203 0.404297 0.433594 0.412109 0.439453 0.419922 0.439453 0.429688 0.429688 0.431641 0.414062 0.419922 0.392578 0.416016 0.388672 0.410156 0.390625
0 0.373047 0.417969 0.369141 0.421875 0.373047 0.425781 0.375000 0.425781 0.376953 0.423828 0.376953 0.419922 0.375000 0.417969
0 0.531250 0.441406 0.527344 0.445312 0.529297 0.447266 0.529297 0.449219 0.531250 0.451172 0.533203 0.451172 0.537109 0.447266 0.537109 0.445312 0.533203 0.441406
0 0.251953 0.449219 0.250000 0.449219 0.246094 0.453125 0.250000 0.457031 0.253906 0.453125 0.253906 0.451172
0 0.306641 0.451172 0.304688 0.453125 0.304688 0.458984 0.308594 0.462891 0.310547 0.462891 0.312500 0.460938 0.312500 0.453125 0.310547 0.451172
0 0.636719 0.458984 0.632812 0.458984 0.626953 0.464844 0.626953 0.472656 0.632812 0.478516 0.634766 0.476562 0.636719 0.476562 0.640625 0.472656 0.640625 0.470703 0.642578 0.468750 0.642578 0.464844
0 0.427734 0.460938 0.425781 0.462891 0.425781 0.466797 0.423828 0.468750 0.429688 0.474609 0.431641 0.474609 0.435547 0.470703 0.435547 0.464844 0.433594 0.462891 0.431641 0.462891 0.429688 0.460938
0 0.320312 0.470703 0.318359 0.472656 0.318359 0.476562 0.322266 0.480469 0.326172 0.476562 0.326172 0.474609 0.322266 0.470703
0 0.537109 0.468750 0.531250 0.474609 0.533203 0.476562 0.533203 0.478516 0.544922 0.492188 0.546875 0.490234 0.550781 0.490234 0.554688 0.484375 0.554688 0.480469 0.544922 0.470703 0.542969 0.470703 0.541016 0.468750
0 0.429688 0.484375 0.425781 0.484375 0.417969 0.494141 0.406250 0.488281 0.398438 0.488281 0.390625 0.494141 0.388672 0.501953 0.400391 0.519531 0.404297 0.531250 0.414062 0.539062 0.423828 0.535156 0.431641 0.525391 0.431641 0.517578 0.423828 0.505859 0.423828 0.501953 0.433594 0.488281
0 0.861328 0.484375 0.857422 0.488281 0.857422 0.490234 0.863281 0.496094 0.865234 0.496094 0.869141 0.492188 0.869141 0.486328 0.867188 0.484375
0 0.492188 0.515625 0.486328 0.521484 0.490234 0.525391 0.496094 0.525391 0.498047 0.523438 0.498047 0.519531 0.494141 0.515625
0 0.322266 0.523438 0.320312 0.525391 0.320312 0.529297 0.322266 0.531250 0.326172 0.531250 0.328125 0.529297 0.328125 0.527344 0.326172 0.525391 0.324219 0.525391
0 0.437500 0.531250 0.437500 0.535156 0.439453 0.537109 0.439453 0.539062 0.445312 0.542969 0.449219 0.542969 0.451172 0.541016 0.453125 0.541016 0.457031 0.537109 0.457031 0.533203 0.451172 0.527344 0.441406 0.527344
0 0.998047 0.535156 0.992188 0.535156 0.990234 0.537109 0.988281 0.537109 0.986328 0.539062 0.984375 0.539062 0.980469 0.542969 0.980469 0.546875 0.984375 0.550781 0.986328 0.550781 0.988281 0.552734 0.990234 0.552734 0.992188 0.550781 0.994141 0.550781 0.996094 0.548828 0.998047 0.548828
0 0.593750 0.539062 0.582031 0.550781 0.582031 0.560547 0.583984 0.562500 0.587891 0.562500 0.595703 0.554688 0.595703 0.548828 0.593750 0.546875 0.595703 0.544922 0.595703 0.541016
0 0.566406 0.544922 0.562500 0.548828 0.562500 0.550781 0.564453 0.552734 0.566406 0.552734 0.568359 0.554688 0.572266 0.554688 0.574219 0.552734 0.574219 0.550781 0.568359 0.544922
0 0.466797 0.546875 0.460938 0.546875 0.455078 0.552734 0.457031 0.566406 0.453125 0.570312 0.439453 0.570312 0.433594 0.576172 0.451172 0.589844 0.460938 0.591797 0.470703 0.585938 0.470703 0.580078 0.462891 0.570312 0.470703 0.560547 0.470703 0.550781
0 0.271484 0.562500 0.267578 0.566406 0.271484 0.570312 0.275391 0.566406
0 0.544922 0.562500 0.539062 0.564453 0.531250 0.572266 0.531250 0.576172 0.537109 0.582031 0.542969 0.582031 0.544922 0.580078 0.546875 0.580078 0.550781 0.574219 0.550781 0.572266 0.548828 0.570312 0.548828 0.568359
0 0.578125 0.564453 0.572266 0.570312 0.576172 0.574219 0.578125 0.572266 0.578125 0.568359 0.580078 0.566406
0 0.392578 0.570312 0.390625 0.572266 0.392578 0.574219 0.394531 0.574219 0.396484 0.572266 0.394531 0.570312
0 0.316406 0.583984 0.312500 0.587891 0.312500 0.591797 0.314453 0.593750 0.314453 0.595703 0.316406 0.597656 0.318359 0.597656 0.320312 0.599609 0.326172 0.593750 0.326172 0.589844 0.320312 0.583984
0 0.402344 0.591797 0.398438 0.595703 0.398438 0.597656 0.400391 0.599609 0.404297 0.599609 0.406250 0.597656 0.406250 0.595703
0 0.519531 0.597656 0.515625 0.597656 0.513672 0.599609 0.513672 0.603516 0.515625 0.605469 0.517578 0.603516 0.519531 0.603516 0.521484 0.601562 0.521484 0.599609
0 0.949219 0.601562 0.947266 0.603516 0.949219 0.605469 0.951172 0.603516
0 0.435547 0.607422 0.433594 0.609375 0.433594 0.613281 0.435547 0.615234 0.437500 0.615234 0.441406 0.611328 0.437500 0.607422
0 0.714844 0.617188 0.712891 0.617188 0.708984 0.621094 0.708984 0.625000 0.710938 0.626953 0.712891 0.626953 0.716797 0.623047 0.716797 0.619141
0 0.285156 0.625000 0.281250 0.628906 0.281250 0.632812 0.285156 0.636719 0.291016 0.636719 0.294922 0.632812 0.294922 0.630859 0.289062 0.625000
0 0.458984 0.625000 0.457031 0.625000 0.455078 0.626953 0.453125 0.626953 0.451172 0.628906 0.451172 0.634766 0.453125 0.636719 0.455078 0.636719 0.457031 0.638672 0.458984 0.636719 0.460938 0.636719 0.462891 0.634766 0.462891 0.632812 0.464844 0.630859
0 0.568359 0.630859 0.582031 0.644531 0.582031 0.646484 0.585938 0.650391 0.585938 0.654297 0.591797 0.658203 0.595703 0.658203 0.601562 0.652344 0.601562 0.644531 0.603516 0.642578 0.605469 0.636719 0.609375 0.632812 0.611328 0.634766 0.615234 0.634766 0.617188 0.632812 0.617188 0.630859 0.615234 0.628906 0.613281 0.630859 0.611328 0.630859 0.607422 0.634766 0.605469 0.632812 0.597656 0.632812 0.593750 0.636719 0.591797 0.634766 0.589844 0.636719 0.585938 0.636719 0.583984 0.634766 0.580078 0.634766 0.572266 0.626953
0 0.691406 0.636719 0.687500 0.640625 0.691406 0.644531 0.693359 0.644531 0.695312 0.642578 0.695312 0.640625
0 0.947266 0.669922 0.945312 0.671875 0.945312 0.673828 0.947266 0.675781 0.949219 0.675781 0.951172 0.673828 0.951172 0.671875 0.949219 0.669922
0 0.492188 0.675781 0.486328 0.679688 0.484375 0.685547 0.486328 0.687500 0.486328 0.689453 0.492188 0.695312 0.496094 0.695312 0.498047 0.697266 0.500000 0.695312 0.501953 0.695312 0.505859 0.691406 0.505859 0.687500 0.503906 0.685547 0.503906 0.683594 0.498047 0.677734
0 0.541016 0.675781 0.537109 0.679688 0.539062 0.681641 0.539062 0.683594 0.544922 0.689453 0.546875 0.687500 0.548828 0.687500 0.552734 0.683594 0.544922 0.675781
0 0.726562 0.677734 0.724609 0.679688 0.726562 0.681641 0.728516 0.679688
0 0.394531 0.679688 0.392578 0.681641 0.394531 0.683594 0.396484 0.681641
0 0.761719 0.681641 0.750000 0.691406 0.750000 0.699219 0.757812 0.707031 0.765625 0.708984 0.769531 0.712891 0.773438 0.710938 0.783203 0.701172 0.783203 0.691406 0.777344 0.685547 0.769531 0.681641
0 0.914062 0.689453 0.912109 0.691406 0.914062 0.693359 0.916016 0.691406
0 0.625000 0.707031 0.623047 0.708984 0.623047 0.710938 0.630859 0.718750 0.632812 0.718750 0.636719 0.714844 0.628906 0.707031
0 0.476562 0.728516 0.472656 0.732422 0.476562 0.736328 0.480469 0.736328 0.482422 0.734375 0.482422 0.730469 0.480469 0.728516
1 0.669922 0.730469 0.666016 0.726562 0.664062 0.726562 0.656250 0.734375 0.654297 0.734375 0.650391 0.738281 0.654297 0.742188 0.660156 0.738281 0.666016 0.738281 0.669922 0.734375
0 0.804688 0.726562 0.796875 0.726562 0.792969 0.730469 0.791016 0.738281 0.781250 0.751953 0.787109 0.767578 0.792969 0.771484 0.808594 0.769531 0.816406 0.763672 0.816406 0.757812 0.818359 0.755859 0.816406 0.738281 0.814453 0.734375
0 0.968750 0.746094 0.966797 0.748047 0.968750 0.750000 0.970703 0.748047
0 0.537109 0.750000 0.531250 0.755859 0.531250 0.757812 0.535156 0.761719 0.537109 0.761719 0.539062 0.763672 0.542969 0.763672 0.548828 0.757812 0.548828 0.753906 0.544922 0.750000
0 0.773438 0.750000 0.771484 0.751953 0.773438 0.753906 0.775391 0.751953
0 0.849609 0.751953 0.847656 0.753906 0.851562 0.757812 0.853516 0.755859 0.853516 0.753906 0.851562 0.751953
0 0.759766 0.759766 0.746094 0.761719 0.732422 0.781250 0.720703 0.775391 0.712891 0.775391 0.708984 0.779297 0.708984 0.785156 0.705078 0.792969 0.707031 0.800781 0.720703 0.808594 0.724609 0.808594 0.728516 0.812500 0.728516 0.816406 0.748047 0.833984 0.753906 0.830078 0.753906 0.822266 0.750000 0.818359 0.746094 0.818359 0.740234 0.812500 0.738281 0.806641 0.734375 0.808594 0.730469 0.804688 0.732422 0.802734 0.730469 0.800781 0.732422 0.798828 0.730469 0.785156 0.736328 0.781250 0.748047 0.794922 0.767578 0.789062 0.771484 0.783203 0.771484 0.773438 0.769531 0.767578
0 0.582031 0.765625 0.578125 0.765625 0.572266 0.771484 0.572266 0.779297 0.574219 0.781250 0.574219 0.783203 0.578125 0.787109 0.580078 0.787109 0.582031 0.785156 0.583984 0.785156 0.587891 0.779297 0.587891 0.773438 0.585938 0.771484 0.585938 0.769531
1 0.687500 0.783203 0.667969 0.794922 0.662109 0.812500 0.617188 0.812500 0.605469 0.824219 0.593750 0.818359 0.580078 0.863281 0.542969 0.861328 0.511719 0.839844 0.498047 0.843750 0.503906 0.857422 0.531250 0.863281 0.535156 0.871094 0.523438 0.888672 0.505859 0.886719 0.482422 0.898438 0.472656 0.916016 0.490234 0.931641 0.519531 0.916016 0.533203 0.923828 0.539062 0.937500 0.533203 0.953125 0.544922 0.966797 0.523438 0.998047 0.542969 0.998047 0.554688 0.978516 0.554688 0.943359 0.564453 0.921875 0.552734 0.896484 0.585938 0.882812 0.613281 0.884766 0.617188 0.857422 0.634766 0.857422 0.638672 0.876953 0.656250 0.882812 0.666016 0.873047 0.662109 0.837891 0.685547 0.830078 0.697266 0.804688
0 0.623047 0.787109 0.621094 0.789062 0.621094 0.791016 0.623047 0.792969 0.625000 0.792969 0.626953 0.791016 0.626953 0.789062 0.625000 0.787109
0 0.777344 0.787109 0.775391 0.789062 0.777344 0.791016 0.779297 0.789062
1 0.871094 0.812500 0.869141 0.818359 0.876953 0.822266 0.892578 0.820312 0.896484 0.824219 0.894531 0.841797 0.902344 0.851562 0.914062 0.853516 0.923828 0.847656 0.925781 0.832031 0.917969 0.824219 0.904297 0.818359 0.900391 0.814453 0.902344 0.812500 0.900391 0.806641 0.894531 0.800781 0.876953 0.806641
0 0.951172 0.800781 0.945312 0.800781 0.943359 0.802734 0.943359 0.806641 0.941406 0.808594 0.941406 0.812500 0.939453 0.814453 0.943359 0.818359 0.945312 0.816406 0.947266 0.816406 0.953125 0.810547 0.953125 0.802734
0 0.583984 0.808594 0.580078 0.812500 0.583984 0.816406 0.587891 0.812500
0 0.787109 0.812500 0.785156 0.814453 0.783203 0.814453 0.775391 0.822266 0.775391 0.826172 0.781250 0.832031 0.787109 0.832031 0.789062 0.830078 0.791016 0.830078 0.794922 0.824219 0.794922 0.820312
0 0.824219 0.837891 0.820312 0.841797 0.820312 0.845703 0.822266 0.847656 0.822266 0.849609 0.824219 0.851562 0.830078 0.851562 0.835938 0.845703 0.835938 0.843750 0.830078 0.837891
1 0.476562 0.841797 0.472656 0.845703 0.472656 0.851562 0.478516 0.859375 0.476562 0.861328 0.476562 0.871094 0.484375 0.878906 0.486328 0.878906 0.492188 0.873047 0.492188 0.861328 0.484375 0.853516 0.482422 0.849609 0.482422 0.845703 0.478516 0.841797
0 0.751953 0.843750 0.750000 0.845703 0.750000 0.847656 0.751953 0.849609 0.753906 0.849609 0.755859 0.847656
0 0.773438 0.859375 0.773438 0.871094 0.771484 0.873047 0.781250 0.880859 0.792969 0.876953 0.798828 0.871094 0.802734 0.871094 0.808594 0.876953 0.812500 0.876953 0.816406 0.873047 0.816406 0.869141 0.812500 0.865234 0.804688 0.867188 0.798828 0.861328 0.796875 0.855469 0.791016 0.851562 0.781250 0.851562
0 0.949219 0.857422 0.947266 0.859375 0.947266 0.861328 0.949219 0.863281 0.951172 0.861328 0.951172 0.859375
0 0.871094 0.861328 0.867188 0.861328 0.865234 0.863281 0.865234 0.865234 0.867188 0.867188 0.869141 0.867188 0.873047 0.863281
0 0.845703 0.863281 0.843750 0.863281 0.837891 0.869141 0.837891 0.875000 0.841797 0.878906 0.843750 0.878906 0.847656 0.875000 0.847656 0.871094 0.849609 0.869141 0.849609 0.867188
0 0.738281 0.867188 0.730469 0.867188 0.728516 0.869141 0.718750 0.873047 0.716797 0.875000 0.716797 0.878906 0.720703 0.882812 0.722656 0.882812 0.728516 0.886719 0.734375 0.884766 0.742188 0.876953 0.742188 0.871094
0 0.917969 0.867188 0.916016 0.869141 0.916016 0.875000 0.917969 0.876953 0.919922 0.876953 0.921875 0.875000 0.921875 0.869141 0.919922 0.867188
0 0.767578 0.884766 0.763672 0.880859 0.759766 0.880859 0.757812 0.882812 0.753906 0.882812 0.751953 0.880859 0.750000 0.882812 0.748047 0.882812 0.744141 0.886719 0.744141 0.888672 0.742188 0.890625 0.742188 0.894531 0.738281 0.900391 0.740234 0.902344 0.744141 0.902344 0.750000 0.898438 0.757812 0.898438 0.759766 0.896484 0.761719 0.896484 0.767578 0.890625
0 0.822266 0.880859 0.820312 0.882812 0.820312 0.884766 0.822266 0.886719 0.824219 0.886719 0.826172 0.884766 0.826172 0.882812 0.824219 0.880859
0 0.691406 0.892578 0.687500 0.896484 0.687500 0.904297 0.693359 0.910156 0.695312 0.910156 0.699219 0.906250 0.699219 0.898438 0.693359 0.892578
1 0.796875 0.890625 0.792969 0.890625 0.787109 0.896484 0.781250 0.896484 0.763672 0.910156 0.761719 0.914062 0.763672 0.916016 0.763672 0.919922 0.769531 0.925781 0.775391 0.925781 0.779297 0.921875 0.779297 0.917969 0.787109 0.910156 0.802734 0.904297 0.804688 0.900391
0 0.871094 0.896484 0.869141 0.898438 0.867188 0.898438 0.863281 0.902344 0.863281 0.908203 0.865234 0.910156 0.871094 0.910156 0.875000 0.906250 0.875000 0.900391
0 0.890625 0.904297 0.888672 0.906250 0.886719 0.906250 0.882812 0.912109 0.882812 0.917969 0.888672 0.923828 0.892578 0.923828 0.898438 0.917969 0.898438 0.912109 0.896484 0.910156 0.896484 0.908203
0 0.992188 0.904297 0.990234 0.906250 0.992188 0.908203 0.994141 0.908203 0.996094 0.906250 0.994141 0.904297
0 0.644531 0.908203 0.640625 0.912109 0.640625 0.919922 0.642578 0.921875 0.644531 0.921875 0.646484 0.923828 0.648438 0.923828 0.652344 0.919922 0.652344 0.914062 0.646484 0.908203
0 0.964844 0.908203 0.962891 0.908203 0.960938 0.910156 0.960938 0.912109 0.962891 0.914062 0.966797 0.910156
0 0.449219 0.935547 0.447266 0.937500 0.449219 0.939453 0.451172 0.937500
0 0.644531 0.945312 0.644531 0.953125 0.648438 0.957031 0.666016 0.957031 0.671875 0.951172 0.671875 0.947266 0.669922 0.945312 0.669922 0.943359 0.666016 0.939453 0.664062 0.939453 0.662109 0.937500 0.658203 0.937500 0.656250 0.935547
0 0.830078 0.935547 0.828125 0.937500 0.830078 0.939453 0.832031 0.939453 0.833984 0.937500 0.832031 0.935547
0 0.416016 0.937500 0.414062 0.939453 0.414062 0.943359 0.416016 0.945312 0.419922 0.945312 0.421875 0.943359 0.421875 0.941406 0.417969 0.937500
0 0.818359 0.945312 0.816406 0.943359 0.814453 0.945312 0.808594 0.945312 0.804688 0.949219 0.806641 0.951172 0.814453 0.951172 0.818359 0.947266
0 0.460938 0.947266 0.458984 0.949219 0.460938 0.951172 0.462891 0.951172 0.464844 0.949219 0.462891 0.947266
0 0.707031 0.945312 0.701172 0.949219 0.701172 0.951172 0.697266 0.957031 0.697266 0.960938 0.701172 0.966797 0.708984 0.966797 0.712891 0.962891 0.712891 0.958984 0.714844 0.957031 0.714844 0.951172 0.710938 0.947266 0.708984 0.947266
1 0.755859 0.970703 0.755859 0.974609 0.759766 0.978516 0.779297 0.976562 0.785156 0.982422 0.785156 0.988281 0.777344 0.998047 0.810547 0.998047 0.808594 0.984375 0.814453 0.976562 0.824219 0.990234 0.835938 0.992188 0.841797 0.986328 0.845703 0.966797 0.826172 0.962891 0.822266 0.966797 0.822266 0.974609 0.818359 0.978516 0.814453 0.974609 0.814453 0.964844 0.808594 0.958984 0.800781 0.960938 0.794922 0.955078 0.796875 0.949219 0.791016 0.947266 0.787109 0.951172 0.789062 0.958984 0.783203 0.964844 0.765625 0.964844
1 0.595703 0.953125 0.591797 0.953125 0.587891 0.957031 0.589844 0.962891 0.593750 0.966797 0.585938 0.974609 0.585938 0.978516 0.587891 0.980469 0.591797 0.980469 0.593750 0.978516 0.593750 0.972656 0.591797 0.970703 0.591797 0.968750 0.601562 0.960938 0.601562 0.957031
0 0.625000 0.953125 0.619141 0.958984 0.619141 0.960938 0.617188 0.962891 0.617188 0.966797 0.619141 0.968750 0.619141 0.970703 0.625000 0.976562 0.628906 0.976562 0.630859 0.974609 0.632812 0.974609 0.634766 0.972656 0.634766 0.970703 0.638672 0.966797 0.636719 0.964844 0.636719 0.960938 0.634766 0.958984 0.634766 0.957031 0.632812 0.955078 0.628906 0.955078 0.626953 0.953125
0 0.871094 0.968750 0.875000 0.972656 0.876953 0.970703 0.878906 0.970703 0.882812 0.966797 0.884766 0.968750 0.886719 0.968750 0.888672 0.966797 0.884766 0.962891 0.884766 0.960938 0.882812 0.958984 0.876953 0.958984 0.873047 0.962891 0.873047 0.964844 0.871094 0.966797
0 0.906250 0.957031 0.904297 0.957031 0.900391 0.960938 0.900391 0.962891 0.904297 0.966797 0.908203 0.962891 0.908203 0.958984
1 0.423828 0.986328 0.427734 0.998047 0.494141 0.998047 0.488281 0.988281 0.457031 0.966797 0.437500 0.970703
0 0.515625 0.966797 0.513672 0.966797 0.511719 0.968750 0.511719 0.972656 0.513672 0.974609 0.517578 0.970703 0.517578 0.968750
0 0.990234 0.970703 0.986328 0.974609 0.986328 0.976562 0.984375 0.978516 0.986328 0.980469 0.986328 0.982422 0.990234 0.986328 0.996094 0.986328 0.998047 0.984375 0.998047 0.972656 0.996094 0.972656 0.994141 0.970703
0 0.705078 0.990234 0.705078 0.998047 0.732422 0.998047 0.732422 0.992188 0.728516 0.988281 0.728516 0.986328 0.724609 0.982422 0.720703 0.982422 0.718750 0.980469 0.714844 0.980469 0.712891 0.982422 0.710938 0.982422
1 0.990234 0.998047 0.998047 0.998047 0.998047 0.996094 0.992188 0.996094
