1 0.000000 0.042969 0.000000 0.103516 0.001953 0.101562 0.001953 0.089844 0.003906 0.087891 0.003906 0.078125 0.005859 0.076172 0.003906 0.074219 0.003906 0.062500 0.005859 0.060547 0.005859 0.058594 0.003906 0.056641 0.003906 0.048828
0 0.494141 0.095703 0.492188 0.097656 0.494141 0.099609 0.496094 0.099609 0.498047 0.097656 0.496094 0.095703
0 0.560547 0.117188 0.558594 0.119141 0.560547 0.121094 0.562500 0.121094 0.564453 0.119141 0.562500 0.117188
0 0.500000 0.142578 0.498047 0.144531 0.498047 0.146484 0.500000 0.148438 0.501953 0.148438 0.503906 0.146484
1 0.000000 0.146484 0.000000 0.166016 0.001953 0.164062 0.001953 0.148438
1 0.000000 0.169922 0.000000 0.320312 0.007812 0.279297 0.054688 0.294922 0.000000 0.361328 0.000000 0.537109 0.052734 0.568359 0.031250 0.662109 0.068359 0.738281 0.117188 0.697266 0.150391 0.718750 0.146484 0.841797 0.222656 0.828125 0.253906 0.865234 0.216797 0.925781 0.253906 0.988281 0.296875 0.876953 0.414062 0.839844 0.496094 0.742188 0.427734 0.785156 0.435547 0.707031 0.476562 0.716797 0.460938 0.669922 0.462891 0.695312 0.421875 0.699219 0.410156 0.767578 0.351562 0.738281 0.390625 0.792969 0.337891 0.822266 0.212891 0.777344 0.169922 0.642578 0.281250 0.531250 0.322266 0.537109 0.363281 0.496094 0.292969 0.488281 0.296875 0.355469 0.255859 0.369141 0.267578 0.408203 0.113281 0.451172 0.109375 0.310547 0.003906 0.214844
0 0.621094 0.199219 0.619141 0.201172 0.619141 0.203125 0.621094 0.205078 0.623047 0.203125 0.623047 0.201172
0 0.798828 0.251953 0.796875 0.253906 0.796875 0.257812 0.798828 0.259766 0.800781 0.259766 0.804688 0.255859 0.800781 0.251953
0 0.884766 0.251953 0.880859 0.255859 0.880859 0.261719 0.882812 0.263672 0.884766 0.263672 0.890625 0.257812
0 0.261719 0.261719 0.259766 0.263672 0.259766 0.265625 0.261719 0.267578 0.263672 0.267578 0.265625 0.265625 0.265625 0.263672 0.263672 0.261719
0 0.910156 0.265625 0.906250 0.269531 0.910156 0.273438 0.912109 0.271484 0.912109 0.267578
0 0.884766 0.275391 0.882812 0.275391 0.878906 0.279297 0.882812 0.283203 0.886719 0.279297 0.886719 0.277344
0 0.640625 0.279297 0.638672 0.281250 0.640625 0.283203 0.642578 0.283203 0.644531 0.281250 0.642578 0.279297
0 0.707031 0.287109 0.703125 0.291016 0.707031 0.294922 0.708984 0.294922 0.710938 0.292969 0.710938 0.291016
0 0.580078 0.312500 0.576172 0.316406 0.576172 0.318359 0.580078 0.322266 0.582031 0.322266 0.583984 0.320312 0.583984 0.316406
0 0.738281 0.312500 0.734375 0.316406 0.734375 0.318359 0.738281 0.322266 0.740234 0.322266 0.742188 0.324219 0.746094 0.324219 0.750000 0.320312 0.750000 0.318359 0.744141 0.312500
0 0.830078 0.314453 0.824219 0.320312 0.824219 0.322266 0.826172 0.324219 0.826172 0.326172 0.830078 0.330078 0.832031 0.330078 0.833984 0.332031 0.839844 0.326172 0.839844 0.320312 0.833984 0.314453
0 0.474609 0.316406 0.470703 0.320312 0.470703 0.326172 0.472656 0.328125 0.474609 0.328125 0.476562 0.330078 0.478516 0.330078 0.480469 0.328125 0.480469 0.326172 0.482422 0.324219 0.482422 0.320312 0.478516 0.316406
1 0.804688 0.316406 0.802734 0.316406 0.800781 0.318359 0.800781 0.324219 0.798828 0.326172 0.798828 0.328125 0.794922 0.332031 0.794922 0.333984 0.796875 0.335938 0.798828 0.335938 0.802734 0.332031 0.800781 0.330078 0.800781 0.328125 0.808594 0.320312
0 0.541016 0.320312 0.535156 0.326172 0.539062 0.330078 0.541016 0.330078 0.544922 0.326172 0.544922 0.324219
1 0.851562 0.324219 0.855469 0.328125 0.861328 0.322266 0.869141 0.330078 0.873047 0.330078 0.875000 0.328125 0.875000 0.324219 0.871094 0.320312 0.869141 0.322266 0.867188 0.322266 0.865234 0.324219 0.863281 0.324219 0.859375 0.320312 0.855469 0.320312
0 0.603516 0.333984 0.599609 0.337891 0.605469 0.343750 0.609375 0.339844 0.609375 0.337891 0.605469 0.333984
0 0.515625 0.345703 0.511719 0.347656 0.507812 0.353516 0.507812 0.363281 0.509766 0.365234 0.509766 0.369141 0.515625 0.376953 0.519531 0.378906 0.529297 0.378906 0.535156 0.373047 0.537109 0.357422 0.523438 0.345703
0 0.583984 0.351562 0.582031 0.353516 0.580078 0.353516 0.578125 0.355469 0.578125 0.359375 0.582031 0.363281 0.585938 0.363281 0.589844 0.359375 0.589844 0.357422
0 0.876953 0.355469 0.875000 0.355469 0.873047 0.357422 0.873047 0.359375 0.875000 0.361328 0.878906 0.357422
0 0.908203 0.357422 0.906250 0.359375 0.908203 0.361328 0.910156 0.361328 0.912109 0.359375 0.910156 0.357422
0 0.859375 0.361328 0.857422 0.361328 0.851562 0.367188 0.851562 0.369141 0.855469 0.373047 0.859375 0.373047 0.863281 0.369141 0.863281 0.365234
0 0.710938 0.375000 0.710938 0.384766 0.718750 0.392578 0.720703 0.392578 0.724609 0.388672 0.728516 0.388672 0.734375 0.392578 0.738281 0.392578 0.740234 0.390625 0.740234 0.384766 0.738281 0.382812 0.734375 0.382812 0.720703 0.369141 0.714844 0.371094
0 0.669922 0.376953 0.666016 0.380859 0.666016 0.382812 0.669922 0.386719 0.671875 0.386719 0.675781 0.382812 0.675781 0.380859 0.671875 0.376953
0 0.683594 0.392578 0.687500 0.396484 0.689453 0.396484 0.695312 0.402344 0.703125 0.402344 0.708984 0.398438 0.708984 0.390625 0.705078 0.386719 0.703125 0.386719 0.697266 0.382812 0.691406 0.384766
0 0.449219 0.392578 0.447266 0.394531 0.449219 0.396484 0.451172 0.396484 0.453125 0.394531 0.451172 0.392578
0 0.552734 0.396484 0.550781 0.398438 0.550781 0.400391 0.554688 0.404297 0.558594 0.400391 0.554688 0.396484
0 0.435547 0.404297 0.433594 0.406250 0.433594 0.408203 0.435547 0.410156 0.437500 0.410156 0.439453 0.408203 0.439453 0.406250 0.437500 0.404297
0 0.451172 0.412109 0.447266 0.416016 0.449219 0.417969 0.451172 0.417969 0.453125 0.416016 0.453125 0.414062
0 0.388672 0.427734 0.384766 0.423828 0.380859 0.427734 0.382812 0.429688 0.386719 0.429688
0 0.583984 0.429688 0.578125 0.435547 0.578125 0.441406 0.580078 0.443359 0.582031 0.443359 0.583984 0.445312 0.587891 0.445312 0.589844 0.443359 0.591797 0.443359 0.593750 0.441406 0.593750 0.439453 0.595703 0.437500 0.595703 0.435547 0.589844 0.429688
0 0.464844 0.433594 0.460938 0.439453 0.468750 0.447266 0.468750 0.449219 0.474609 0.455078 0.480469 0.449219 0.480469 0.447266 0.478516 0.445312 0.478516 0.443359 0.470703 0.435547 0.468750 0.435547 0.466797 0.433594
0 0.740234 0.437500 0.736328 0.441406 0.736328 0.447266 0.740234 0.451172 0.744141 0.451172 0.750000 0.445312 0.750000 0.441406 0.746094 0.437500
0 0.550781 0.441406 0.548828 0.443359 0.546875 0.443359 0.544922 0.445312 0.544922 0.449219 0.550781 0.455078 0.554688 0.455078 0.558594 0.451172 0.558594 0.447266 0.552734 0.441406
0 0.662109 0.441406 0.660156 0.443359 0.660156 0.445312 0.662109 0.447266 0.664062 0.447266 0.666016 0.445312 0.666016 0.443359 0.664062 0.441406
0 0.929688 0.441406 0.923828 0.447266 0.925781 0.449219 0.925781 0.451172 0.929688 0.455078 0.935547 0.455078 0.937500 0.453125 0.937500 0.451172 0.939453 0.449219 0.939453 0.445312 0.935547 0.441406
0 0.996094 0.441406 0.988281 0.441406 0.986328 0.443359 0.982422 0.443359 0.978516 0.449219 0.978516 0.458984 0.976562 0.460938 0.978516 0.462891 0.978516 0.466797 0.984375 0.472656 0.988281 0.472656 0.990234 0.474609 0.992188 0.472656 0.998047 0.472656 0.998047 0.443359
0 0.029297 0.447266 0.027344 0.449219 0.029297 0.451172 0.031250 0.449219
0 0.886719 0.445312 0.884766 0.447266 0.882812 0.447266 0.876953 0.453125 0.876953 0.460938 0.882812 0.466797 0.884766 0.466797 0.886719 0.468750 0.890625 0.468750 0.892578 0.466797 0.896484 0.466797 0.902344 0.460938 0.902344 0.453125 0.896484 0.447266 0.894531 0.447266 0.892578 0.445312
0 0.214844 0.449219 0.212891 0.451172 0.214844 0.453125 0.216797 0.451172
0 0.716797 0.455078 0.714844 0.457031 0.714844 0.458984 0.716797 0.460938 0.718750 0.458984 0.718750 0.457031
0 0.669922 0.457031 0.667969 0.457031 0.666016 0.458984 0.666016 0.462891 0.667969 0.464844 0.671875 0.460938 0.671875 0.458984
0 0.761719 0.457031 0.759766 0.457031 0.757812 0.458984 0.757812 0.460938 0.759766 0.462891 0.763672 0.458984
1 0.613281 0.460938 0.611328 0.460938 0.607422 0.466797 0.607422 0.474609 0.605469 0.476562 0.605469 0.480469 0.603516 0.482422 0.605469 0.484375 0.615234 0.474609 0.615234 0.472656 0.617188 0.470703 0.617188 0.464844
0 0.648438 0.460938 0.642578 0.466797 0.642578 0.468750 0.646484 0.472656 0.650391 0.472656 0.654297 0.468750 0.654297 0.464844 0.652344 0.462891 0.650391 0.462891
0 0.777344 0.466797 0.773438 0.470703 0.773438 0.472656 0.777344 0.476562 0.779297 0.476562 0.783203 0.472656
0 0.960938 0.464844 0.957031 0.468750 0.957031 0.476562 0.962891 0.482422 0.968750 0.476562 0.968750 0.468750 0.966797 0.466797 0.964844 0.466797 0.962891 0.464844
0 0.441406 0.474609 0.439453 0.476562 0.441406 0.478516 0.443359 0.478516 0.445312 0.476562 0.443359 0.474609
0 0.404297 0.478516 0.402344 0.480469 0.402344 0.484375 0.404297 0.486328 0.406250 0.486328 0.410156 0.482422 0.406250 0.478516
0 0.632812 0.476562 0.630859 0.478516 0.630859 0.482422 0.632812 0.484375 0.634766 0.484375 0.636719 0.482422 0.636719 0.478516 0.634766 0.476562
0 0.832031 0.478516 0.830078 0.480469 0.832031 0.482422 0.833984 0.480469
0 0.857422 0.482422 0.853516 0.486328 0.853516 0.490234 0.857422 0.494141 0.861328 0.494141 0.863281 0.492188 0.863281 0.484375 0.861328 0.482422
0 0.455078 0.494141 0.453125 0.496094 0.453125 0.500000 0.457031 0.503906 0.460938 0.503906 0.462891 0.501953 0.462891 0.498047 0.460938 0.496094 0.458984 0.496094 0.457031 0.494141
0 0.386719 0.498047 0.380859 0.503906 0.380859 0.505859 0.386719 0.511719 0.388672 0.511719 0.392578 0.507812 0.392578 0.501953 0.388672 0.498047
0 0.738281 0.498047 0.732422 0.503906 0.732422 0.507812 0.738281 0.513672 0.744141 0.507812 0.744141 0.505859 0.742188 0.503906 0.742188 0.501953
0 0.064453 0.500000 0.062500 0.501953 0.064453 0.503906 0.066406 0.501953
0 0.568359 0.500000 0.566406 0.501953 0.564453 0.501953 0.558594 0.507812 0.558594 0.519531 0.564453 0.525391 0.576172 0.525391 0.582031 0.521484 0.582031 0.519531 0.583984 0.517578 0.583984 0.509766 0.582031 0.507812 0.582031 0.505859 0.576172 0.500000
0 0.533203 0.509766 0.531250 0.511719 0.533203 0.513672 0.533203 0.515625 0.535156 0.517578 0.537109 0.515625 0.537109 0.511719 0.535156 0.509766
1 0.767578 0.515625 0.769531 0.525391 0.779297 0.535156 0.787109 0.529297 0.791016 0.529297 0.802734 0.539062 0.806641 0.535156 0.806641 0.529297 0.802734 0.525391 0.798828 0.525391 0.787109 0.509766 0.785156 0.511719 0.771484 0.511719
0 0.478516 0.511719 0.474609 0.515625 0.474609 0.517578 0.478516 0.521484 0.482422 0.517578 0.482422 0.515625
0 0.898438 0.513672 0.896484 0.513672 0.894531 0.515625 0.894531 0.517578 0.892578 0.519531 0.892578 0.521484 0.894531 0.523438 0.898438 0.523438 0.902344 0.519531 0.902344 0.517578
0 0.103516 0.529297 0.099609 0.533203 0.101562 0.535156 0.105469 0.531250
0 0.347656 0.527344 0.343750 0.531250 0.343750 0.533203 0.345703 0.535156 0.347656 0.535156 0.351562 0.531250
0 0.382812 0.533203 0.378906 0.533203 0.375000 0.537109 0.375000 0.539062 0.373047 0.541016 0.373047 0.544922 0.375000 0.546875 0.378906 0.546875 0.382812 0.542969 0.382812 0.541016 0.384766 0.539062 0.384766 0.535156
0 0.742188 0.533203 0.738281 0.537109 0.738281 0.541016 0.740234 0.542969 0.742188 0.542969 0.744141 0.541016 0.744141 0.535156
0 0.992188 0.531250 0.988281 0.535156 0.988281 0.537109 0.992188 0.541016 0.998047 0.541016 0.998047 0.533203 0.996094 0.531250
0 0.490234 0.535156 0.488281 0.537109 0.490234 0.539062 0.492188 0.539062 0.494141 0.537109 0.492188 0.535156
0 0.150391 0.539062 0.146484 0.542969 0.150391 0.546875 0.154297 0.542969
0 0.628906 0.541016 0.626953 0.542969 0.628906 0.544922 0.630859 0.542969
0 0.341797 0.542969 0.339844 0.544922 0.341797 0.546875 0.343750 0.544922
0 0.724609 0.544922 0.720703 0.548828 0.728516 0.556641 0.732422 0.552734 0.732422 0.550781 0.726562 0.544922
0 0.517578 0.548828 0.515625 0.550781 0.515625 0.560547 0.519531 0.564453 0.521484 0.564453 0.525391 0.560547 0.525391 0.554688 0.523438 0.552734 0.523438 0.550781 0.521484 0.548828
0 0.759766 0.552734 0.755859 0.556641 0.755859 0.558594 0.759766 0.562500 0.763672 0.562500 0.765625 0.560547 0.765625 0.558594 0.767578 0.556641 0.763672 0.552734
0 0.603516 0.566406 0.601562 0.568359 0.601562 0.570312 0.605469 0.574219 0.607422 0.572266 0.607422 0.568359 0.605469 0.566406
0 0.748047 0.566406 0.746094 0.568359 0.742188 0.568359 0.736328 0.576172 0.736328 0.583984 0.738281 0.585938 0.740234 0.591797 0.746094 0.595703 0.750000 0.595703 0.751953 0.593750 0.753906 0.593750 0.759766 0.587891 0.759766 0.576172 0.757812 0.574219 0.757812 0.572266
0 0.628906 0.574219 0.626953 0.572266 0.625000 0.572266 0.621094 0.576172 0.623047 0.578125 0.626953 0.578125 0.628906 0.576172
0 0.427734 0.587891 0.429688 0.589844 0.433594 0.589844 0.435547 0.587891 0.437500 0.587891 0.439453 0.589844 0.445312 0.589844 0.447266 0.587891 0.447266 0.585938 0.451172 0.582031 0.451172 0.580078 0.449219 0.578125 0.443359 0.578125 0.441406 0.580078 0.439453 0.580078 0.435547 0.576172 0.433594 0.576172 0.427734 0.582031
1 0.533203 0.574219 0.531250 0.576172 0.531250 0.578125 0.529297 0.580078 0.529297 0.582031 0.531250 0.583984 0.533203 0.582031 0.533203 0.580078 0.535156 0.578125 0.535156 0.576172
0 0.611328 0.576172 0.609375 0.578125 0.609375 0.580078 0.611328 0.582031 0.613281 0.582031 0.615234 0.580078
0 0.701172 0.574219 0.697266 0.578125 0.701172 0.582031 0.703125 0.582031 0.707031 0.578125 0.703125 0.574219
0 0.402344 0.587891 0.400391 0.589844 0.400391 0.591797 0.404297 0.595703 0.406250 0.595703 0.408203 0.593750 0.408203 0.589844 0.406250 0.587891
1 0.478516 0.591797 0.480469 0.593750 0.482422 0.593750 0.484375 0.595703 0.488281 0.595703 0.494141 0.601562 0.496094 0.599609 0.486328 0.589844 0.480469 0.589844
0 0.296875 0.593750 0.292969 0.597656 0.296875 0.601562 0.298828 0.601562 0.302734 0.597656 0.298828 0.593750
0 0.529297 0.593750 0.527344 0.595703 0.529297 0.597656 0.531250 0.595703
0 0.703125 0.599609 0.699219 0.603516 0.699219 0.605469 0.703125 0.609375 0.705078 0.607422 0.707031 0.607422 0.708984 0.605469 0.708984 0.603516 0.707031 0.601562 0.705078 0.601562
0 0.312500 0.603516 0.310547 0.603516 0.308594 0.605469 0.308594 0.609375 0.310547 0.611328 0.312500 0.609375 0.314453 0.609375 0.316406 0.607422
0 0.658203 0.601562 0.656250 0.601562 0.650391 0.607422 0.650391 0.611328 0.652344 0.613281 0.656250 0.613281 0.662109 0.607422 0.662109 0.605469
0 0.109375 0.607422 0.107422 0.605469 0.105469 0.605469 0.103516 0.607422 0.099609 0.607422 0.097656 0.609375 0.101562 0.613281 0.103516 0.613281 0.105469 0.611328 0.107422 0.611328 0.109375 0.609375
0 0.458984 0.611328 0.457031 0.611328 0.453125 0.615234 0.453125 0.617188 0.455078 0.619141 0.457031 0.619141 0.458984 0.617188 0.458984 0.615234 0.460938 0.613281
0 0.693359 0.611328 0.691406 0.613281 0.691406 0.617188 0.697266 0.623047 0.701172 0.619141
0 0.869141 0.611328 0.867188 0.613281 0.869141 0.615234 0.871094 0.613281
0 0.509766 0.613281 0.507812 0.615234 0.507812 0.619141 0.511719 0.623047 0.513672 0.623047 0.517578 0.619141 0.517578 0.617188 0.513672 0.613281
0 0.824219 0.615234 0.818359 0.621094 0.820312 0.623047 0.820312 0.625000 0.822266 0.626953 0.826172 0.626953 0.828125 0.628906 0.832031 0.628906 0.833984 0.630859 0.837891 0.626953 0.837891 0.625000 0.830078 0.617188 0.828125 0.617188 0.826172 0.615234
0 0.261719 0.617188 0.259766 0.619141 0.259766 0.621094 0.263672 0.625000 0.265625 0.625000 0.269531 0.621094 0.269531 0.619141 0.267578 0.617188
0 0.544922 0.617188 0.535156 0.617188 0.529297 0.623047 0.529297 0.626953 0.533203 0.630859 0.537109 0.630859 0.539062 0.632812 0.542969 0.628906 0.544922 0.628906 0.546875 0.626953 0.546875 0.619141
0 0.712891 0.617188 0.707031 0.623047 0.707031 0.632812 0.708984 0.634766 0.708984 0.636719 0.718750 0.642578 0.726562 0.642578 0.730469 0.636719 0.730469 0.625000 0.722656 0.617188
0 0.416016 0.623047 0.410156 0.623047 0.402344 0.630859 0.402344 0.632812 0.404297 0.634766 0.404297 0.636719 0.408203 0.640625 0.410156 0.640625 0.412109 0.642578 0.417969 0.636719 0.417969 0.634766 0.419922 0.632812 0.419922 0.630859 0.417969 0.628906 0.417969 0.625000
0 0.964844 0.630859 0.962891 0.632812 0.962891 0.636719 0.964844 0.638672 0.968750 0.634766
1 0.998047 0.628906 0.996094 0.630859 0.996094 0.632812 0.994141 0.634766 0.994141 0.636719 0.992188 0.638672 0.994141 0.640625 0.992188 0.642578 0.994141 0.644531 0.994141 0.646484 0.998047 0.650391
0 0.285156 0.632812 0.283203 0.634766 0.285156 0.636719 0.287109 0.636719 0.289062 0.634766 0.287109 0.632812
0 0.611328 0.642578 0.603516 0.638672 0.587891 0.638672 0.572266 0.654297 0.564453 0.646484 0.556641 0.650391 0.542969 0.642578 0.533203 0.650391 0.533203 0.658203 0.546875 0.667969 0.570312 0.695312 0.580078 0.695312 0.591797 0.681641 0.599609 0.681641 0.619141 0.654297
0 0.439453 0.640625 0.437500 0.642578 0.437500 0.644531 0.439453 0.646484 0.441406 0.644531 0.441406 0.642578
0 0.490234 0.642578 0.486328 0.646484 0.486328 0.648438 0.488281 0.650391 0.490234 0.650391 0.494141 0.646484
0 0.669922 0.642578 0.664062 0.642578 0.656250 0.650391 0.658203 0.652344 0.656250 0.654297 0.656250 0.658203 0.658203 0.660156 0.658203 0.662109 0.664062 0.666016 0.666016 0.664062 0.669922 0.664062 0.673828 0.658203 0.673828 0.646484
0 0.738281 0.644531 0.744141 0.650391 0.746094 0.648438 0.748047 0.648438 0.751953 0.644531 0.751953 0.642578 0.750000 0.640625 0.742188 0.640625
0 0.367188 0.644531 0.365234 0.644531 0.361328 0.648438 0.361328 0.654297 0.363281 0.656250 0.367188 0.656250 0.369141 0.654297 0.369141 0.646484
1 0.517578 0.650391 0.513672 0.654297 0.513672 0.658203 0.509766 0.662109 0.515625 0.667969 0.515625 0.669922 0.513672 0.671875 0.513672 0.673828 0.509766 0.677734 0.509766 0.679688 0.513672 0.683594 0.515625 0.683594 0.521484 0.677734 0.521484 0.675781 0.515625 0.669922 0.515625 0.667969 0.519531 0.664062 0.519531 0.662109 0.521484 0.660156 0.519531 0.658203 0.519531 0.652344
0 0.400391 0.652344 0.396484 0.656250 0.398438 0.658203 0.398438 0.662109 0.400391 0.664062 0.402344 0.664062 0.404297 0.662109 0.404297 0.656250
0 0.451172 0.652344 0.447266 0.656250 0.447266 0.658203 0.453125 0.664062 0.457031 0.664062 0.458984 0.662109 0.458984 0.660156 0.460938 0.658203 0.460938 0.656250 0.457031 0.652344
0 0.714844 0.654297 0.712891 0.654297 0.710938 0.656250 0.710938 0.660156 0.712891 0.662109 0.716797 0.658203 0.716797 0.656250
0 0.304688 0.660156 0.300781 0.664062 0.302734 0.666016 0.304688 0.666016 0.306641 0.664062 0.306641 0.662109
1 0.623047 0.666016 0.617188 0.671875 0.615234 0.681641 0.617188 0.683594 0.617188 0.687500 0.626953 0.697266 0.626953 0.703125 0.632812 0.710938 0.640625 0.705078 0.640625 0.699219 0.634766 0.693359 0.636719 0.691406 0.636719 0.681641 0.632812 0.673828 0.626953 0.666016
0 0.349609 0.669922 0.347656 0.671875 0.349609 0.673828 0.351562 0.671875
0 0.693359 0.673828 0.689453 0.673828 0.687500 0.675781 0.687500 0.683594 0.689453 0.685547 0.691406 0.685547 0.695312 0.681641 0.695312 0.679688 0.697266 0.677734
1 0.384766 0.677734 0.378906 0.685547 0.382812 0.689453 0.380859 0.693359 0.380859 0.701172 0.382812 0.703125 0.382812 0.712891 0.386719 0.716797 0.390625 0.716797 0.398438 0.708984 0.388672 0.697266 0.388672 0.691406 0.392578 0.683594 0.386719 0.677734
1 0.751953 0.677734 0.750000 0.679688 0.750000 0.683594 0.748047 0.685547 0.748047 0.689453 0.750000 0.691406 0.751953 0.691406 0.753906 0.689453 0.753906 0.679688
0 0.267578 0.683594 0.263672 0.687500 0.263672 0.693359 0.269531 0.699219 0.271484 0.699219 0.273438 0.701172 0.275391 0.701172 0.277344 0.699219 0.279297 0.699219 0.281250 0.697266 0.281250 0.691406 0.275391 0.685547 0.273438 0.685547 0.271484 0.683594
0 0.416016 0.685547 0.414062 0.687500 0.417969 0.691406 0.419922 0.689453 0.419922 0.687500 0.417969 0.685547
0 0.667969 0.685547 0.662109 0.691406 0.662109 0.693359 0.660156 0.695312 0.662109 0.697266 0.660156 0.699219 0.666016 0.705078 0.673828 0.705078 0.679688 0.699219 0.679688 0.693359 0.675781 0.687500 0.673828 0.687500 0.671875 0.685547
1 0.695312 0.701172 0.697266 0.703125 0.707031 0.703125 0.708984 0.705078 0.712891 0.703125 0.724609 0.705078 0.730469 0.701172 0.732422 0.695312 0.740234 0.687500 0.736328 0.683594 0.730469 0.691406 0.722656 0.693359 0.714844 0.685547 0.705078 0.683594 0.697266 0.689453 0.697266 0.699219
0 0.488281 0.687500 0.484375 0.691406 0.484375 0.699219 0.488281 0.705078 0.490234 0.705078 0.492188 0.707031 0.494141 0.707031 0.498047 0.703125 0.498047 0.695312 0.500000 0.693359 0.500000 0.691406 0.496094 0.687500
0 0.771484 0.691406 0.769531 0.691406 0.765625 0.695312 0.765625 0.699219 0.767578 0.701172 0.771484 0.701172 0.773438 0.699219 0.773438 0.697266 0.775391 0.695312
0 0.974609 0.693359 0.970703 0.697266 0.974609 0.701172 0.978516 0.697266
1 0.841797 0.707031 0.837891 0.710938 0.839844 0.712891 0.833984 0.718750 0.833984 0.720703 0.835938 0.722656 0.843750 0.714844 0.843750 0.712891 0.845703 0.710938
0 0.232422 0.710938 0.230469 0.712891 0.234375 0.716797 0.236328 0.716797 0.238281 0.714844 0.238281 0.712891 0.236328 0.710938
0 0.453125 0.716797 0.451172 0.718750 0.451172 0.720703 0.453125 0.722656 0.455078 0.722656 0.457031 0.720703
0 0.632812 0.726562 0.630859 0.728516 0.632812 0.730469 0.634766 0.728516
1 0.740234 0.738281 0.744141 0.742188 0.746094 0.742188 0.748047 0.740234 0.750000 0.742188 0.757812 0.742188 0.761719 0.738281 0.757812 0.734375 0.755859 0.734375 0.753906 0.736328 0.748047 0.736328 0.746094 0.734375 0.744141 0.734375
0 0.453125 0.742188 0.451172 0.744141 0.453125 0.746094 0.455078 0.744141
0 0.341797 0.748047 0.339844 0.750000 0.341797 0.751953 0.343750 0.750000
0 0.560547 0.748047 0.556641 0.748047 0.554688 0.750000 0.554688 0.751953 0.552734 0.753906 0.558594 0.759766 0.562500 0.755859 0.562500 0.750000
0 0.603516 0.763672 0.599609 0.767578 0.599609 0.769531 0.601562 0.771484 0.601562 0.773438 0.607422 0.779297 0.609375 0.779297 0.613281 0.775391 0.613281 0.769531 0.607422 0.763672
0 0.505859 0.769531 0.503906 0.769531 0.501953 0.771484 0.500000 0.771484 0.496094 0.777344 0.496094 0.783203 0.500000 0.787109 0.507812 0.787109 0.511719 0.783203 0.511719 0.775391
0 0.630859 0.769531 0.621094 0.773438 0.623047 0.785156 0.609375 0.794922 0.601562 0.806641 0.595703 0.839844 0.601562 0.845703 0.613281 0.841797 0.613281 0.835938 0.634766 0.816406 0.626953 0.802734 0.630859 0.794922 0.642578 0.808594 0.650391 0.806641 0.650391 0.800781 0.634766 0.789062 0.636719 0.777344
0 0.962891 0.769531 0.958984 0.773438 0.962891 0.777344 0.966797 0.773438
0 0.333984 0.789062 0.330078 0.789062 0.324219 0.794922 0.324219 0.800781 0.330078 0.806641 0.332031 0.806641 0.333984 0.804688 0.335938 0.804688 0.339844 0.800781 0.339844 0.794922
1 0.507812 0.798828 0.476562 0.818359 0.478516 0.847656 0.496094 0.857422 0.527344 0.859375 0.537109 0.869141 0.533203 0.875000 0.537109 0.878906 0.542969 0.873047 0.558594 0.878906 0.568359 0.888672 0.560547 0.902344 0.572266 0.900391 0.580078 0.919922 0.568359 0.935547 0.572266 0.943359 0.558594 0.980469 0.513672 0.998047 0.550781 0.998047 0.578125 0.974609 0.583984 0.960938 0.580078 0.945312 0.593750 0.933594 0.591797 0.902344 0.550781 0.853516 0.548828 0.841797 0.542969 0.847656 0.525391 0.847656 0.517578 0.839844 0.529297 0.824219 0.525391 0.820312 0.517578 0.824219 0.511719 0.818359 0.517578 0.802734
0 0.662109 0.796875 0.658203 0.800781 0.660156 0.802734 0.660156 0.804688 0.662109 0.806641 0.664062 0.806641 0.666016 0.808594 0.669922 0.804688 0.669922 0.802734 0.664062 0.796875
0 0.699219 0.798828 0.697266 0.800781 0.699219 0.802734 0.701172 0.800781
0 0.990234 0.796875 0.988281 0.798828 0.990234 0.800781 0.992188 0.800781 0.994141 0.798828 0.992188 0.796875
0 0.826172 0.802734 0.824219 0.804688 0.824219 0.806641 0.826172 0.808594 0.828125 0.808594 0.830078 0.806641
0 0.691406 0.804688 0.679688 0.804688 0.675781 0.808594 0.673828 0.808594 0.671875 0.810547 0.675781 0.814453 0.675781 0.816406 0.679688 0.820312 0.681641 0.820312 0.683594 0.822266 0.691406 0.814453 0.691406 0.812500 0.693359 0.810547 0.693359 0.806641
0 0.710938 0.816406 0.712891 0.818359 0.714844 0.818359 0.716797 0.820312 0.720703 0.820312 0.722656 0.822266 0.732422 0.822266 0.736328 0.818359 0.736328 0.814453 0.732422 0.810547 0.730469 0.810547 0.724609 0.806641 0.722656 0.806641 0.716797 0.812500 0.714844 0.812500
0 0.937500 0.814453 0.935547 0.816406 0.935547 0.824219 0.937500 0.826172 0.939453 0.826172 0.943359 0.822266 0.943359 0.820312 0.941406 0.818359 0.941406 0.816406 0.939453 0.814453
0 0.753906 0.818359 0.750000 0.822266 0.750000 0.826172 0.753906 0.830078 0.757812 0.830078 0.761719 0.826172 0.761719 0.820312 0.759766 0.818359
0 0.658203 0.839844 0.656250 0.841797 0.658203 0.843750 0.660156 0.841797
0 0.685547 0.839844 0.681641 0.843750 0.681641 0.847656 0.685547 0.851562 0.689453 0.847656 0.689453 0.843750
0 0.773438 0.845703 0.771484 0.847656 0.771484 0.855469 0.777344 0.861328 0.787109 0.861328 0.789062 0.859375 0.789062 0.853516 0.787109 0.851562 0.785156 0.851562 0.781250 0.847656 0.779297 0.847656 0.777344 0.845703
1 0.759766 0.857422 0.757812 0.859375 0.757812 0.867188 0.759766 0.869141 0.757812 0.871094 0.757812 0.876953 0.761719 0.880859 0.763672 0.880859 0.765625 0.878906 0.769531 0.882812 0.769531 0.884766 0.771484 0.886719 0.771484 0.888672 0.773438 0.890625 0.777344 0.890625 0.783203 0.884766 0.783203 0.882812 0.777344 0.876953 0.775391 0.876953 0.769531 0.880859 0.765625 0.876953 0.765625 0.873047 0.763672 0.871094 0.765625 0.869141 0.765625 0.861328 0.761719 0.857422
0 0.218750 0.861328 0.216797 0.863281 0.218750 0.865234 0.220703 0.863281
0 0.695312 0.861328 0.691406 0.861328 0.687500 0.865234 0.689453 0.869141 0.683594 0.875000 0.673828 0.875000 0.667969 0.878906 0.667969 0.890625 0.671875 0.896484 0.685547 0.896484 0.693359 0.890625 0.695312 0.882812 0.691406 0.875000 0.697266 0.869141 0.697266 0.863281
0 0.203125 0.863281 0.199219 0.867188 0.199219 0.869141 0.203125 0.873047 0.205078 0.873047 0.208984 0.869141 0.208984 0.867188 0.205078 0.863281
0 0.718750 0.863281 0.714844 0.867188 0.718750 0.871094 0.722656 0.871094 0.724609 0.869141 0.724609 0.865234 0.722656 0.863281
0 0.978516 0.865234 0.976562 0.867188 0.978516 0.869141 0.980469 0.867188
0 0.943359 0.882812 0.941406 0.884766 0.943359 0.886719 0.945312 0.884766
0 0.953125 0.884766 0.949219 0.888672 0.949219 0.892578 0.951172 0.894531 0.953125 0.894531 0.955078 0.896484 0.957031 0.894531 0.957031 0.892578 0.958984 0.890625
0 0.798828 0.888672 0.794922 0.892578 0.794922 0.898438 0.796875 0.900391 0.802734 0.902344 0.806641 0.906250 0.808594 0.906250 0.810547 0.908203 0.814453 0.908203 0.818359 0.904297 0.818359 0.900391 0.814453 0.896484 0.812500 0.896484 0.804688 0.888672
0 0.869141 0.886719 0.865234 0.890625 0.865234 0.892578 0.863281 0.894531 0.871094 0.902344 0.873047 0.902344 0.875000 0.900391 0.875000 0.898438 0.876953 0.896484 0.876953 0.890625 0.873047 0.886719
0 0.642578 0.900391 0.640625 0.902344 0.640625 0.904297 0.642578 0.906250 0.644531 0.906250 0.646484 0.904297 0.646484 0.902344 0.644531 0.900391
0 0.455078 0.902344 0.453125 0.904297 0.453125 0.906250 0.455078 0.908203 0.457031 0.908203 0.458984 0.906250
0 0.669922 0.908203 0.667969 0.908203 0.666016 0.910156 0.666016 0.912109 0.667969 0.914062 0.671875 0.910156
0 0.695312 0.912109 0.683594 0.923828 0.679688 0.921875 0.675781 0.925781 0.675781 0.927734 0.679688 0.929688 0.691406 0.943359 0.701172 0.943359 0.705078 0.941406 0.708984 0.935547 0.708984 0.919922 0.705078 0.914062 0.701172 0.912109
0 0.972656 0.910156 0.968750 0.914062 0.968750 0.916016 0.972656 0.919922 0.978516 0.919922 0.982422 0.916016 0.980469 0.914062 0.980469 0.912109 0.978516 0.910156
0 0.896484 0.914062 0.892578 0.914062 0.890625 0.916016 0.888672 0.916016 0.884766 0.919922 0.884766 0.923828 0.890625 0.929688 0.892578 0.929688 0.894531 0.927734 0.896484 0.927734 0.898438 0.925781 0.898438 0.916016
0 0.736328 0.919922 0.734375 0.921875 0.734375 0.923828 0.736328 0.925781 0.740234 0.925781 0.742188 0.923828 0.738281 0.919922
0 0.824219 0.921875 0.820312 0.925781 0.820312 0.933594 0.824219 0.937500 0.832031 0.937500 0.833984 0.935547 0.832031 0.933594 0.832031 0.925781 0.828125 0.921875
0 0.859375 0.923828 0.855469 0.923828 0.853516 0.925781 0.851562 0.925781 0.847656 0.929688 0.847656 0.931641 0.845703 0.933594 0.857422 0.945312 0.859375 0.943359 0.861328 0.943359 0.865234 0.939453 0.865234 0.937500 0.867188 0.935547 0.867188 0.931641
0 0.630859 0.931641 0.625000 0.941406 0.628906 0.960938 0.621094 0.968750 0.621094 0.972656 0.615234 0.978516 0.611328 0.976562 0.607422 0.982422 0.613281 0.986328 0.621094 0.980469 0.626953 0.980469 0.638672 0.970703 0.644531 0.976562 0.646484 0.982422 0.662109 0.996094 0.660156 0.998047 0.683594 0.998047 0.675781 0.994141 0.666016 0.984375 0.666016 0.972656 0.652344 0.947266 0.652344 0.935547 0.642578 0.927734
0 0.806641 0.927734 0.798828 0.927734 0.794922 0.931641 0.794922 0.933594 0.792969 0.935547 0.796875 0.939453 0.798828 0.939453 0.800781 0.941406 0.802734 0.941406 0.804688 0.939453 0.806641 0.939453 0.808594 0.937500 0.808594 0.929688
0 0.929688 0.929688 0.925781 0.933594 0.931641 0.939453 0.935547 0.935547 0.935547 0.933594 0.931641 0.929688
0 0.525391 0.945312 0.523438 0.947266 0.525391 0.949219 0.527344 0.947266
0 0.392578 0.951172 0.390625 0.953125 0.390625 0.957031 0.394531 0.960938 0.396484 0.960938 0.398438 0.958984 0.398438 0.953125 0.396484 0.951172
0 0.841797 0.949219 0.837891 0.953125 0.837891 0.957031 0.839844 0.958984 0.841797 0.958984 0.845703 0.955078 0.845703 0.953125
0 0.794922 0.957031 0.789062 0.957031 0.785156 0.960938 0.785156 0.962891 0.781250 0.966797 0.781250 0.974609 0.783203 0.976562 0.789062 0.976562 0.791016 0.974609 0.791016 0.972656 0.796875 0.966797 0.796875 0.964844 0.798828 0.962891 0.798828 0.960938
0 0.884766 0.958984 0.882812 0.960938 0.884766 0.962891 0.886719 0.960938
1 0.853516 0.962891 0.847656 0.968750 0.849609 0.974609 0.851562 0.976562 0.853516 0.976562 0.863281 0.988281 0.869141 0.988281 0.873047 0.984375 0.873047 0.978516 0.859375 0.964844
0 0.808594 0.972656 0.806641 0.978516 0.810547 0.982422 0.818359 0.982422 0.824219 0.988281 0.826172 0.988281 0.832031 0.984375 0.832031 0.976562 0.826172 0.970703 0.814453 0.966797
0 0.371094 0.968750 0.369141 0.970703 0.371094 0.972656 0.373047 0.972656 0.375000 0.970703 0.373047 0.968750
0 0.435547 0.976562 0.433594 0.976562 0.431641 0.978516 0.429688 0.978516 0.427734 0.980469 0.427734 0.984375 0.429688 0.986328 0.429688 0.988281 0.431641 0.990234 0.435547 0.990234 0.437500 0.988281 0.437500 0.986328 0.439453 0.984375 0.439453 0.982422 0.437500 0.980469 0.437500 0.978516
0 0.953125 0.988281 0.951172 0.986328 0.947266 0.986328 0.943359 0.990234 0.943359 0.996094 0.941406 0.998047 0.953125 0.998047 0.955078 0.996094 0.955078 0.992188 0.953125 0.990234
0 0.714844 0.992188 0.714844 0.994141 0.716797 0.996094 0.716797 0.998047 0.726562 0.998047 0.726562 0.990234 0.724609 0.988281 0.718750 0.988281
1 0.900391 0.998047 0.933594 0.998047 0.923828 0.990234 0.912109 0.990234 0.910156 0.992188 0.906250 0.992188
0 0.365234 0.998047 0.378906 0.998047 0.373047 0.992188 0.371094 0.992188
1 0.615234 0.998047 0.630859 0.998047 0.628906 0.996094 0.626953 0.996094 0.625000 0.994141 0.619141 0.994141
