0 0.525391 0.011719 0.523438 0.013672 0.525391 0.015625 0.527344 0.013672
0 0.523438 0.019531 0.521484 0.021484 0.523438 0.023438 0.525391 0.023438 0.527344 0.021484 0.525391 0.019531
0 0.513672 0.074219 0.511719 0.076172 0.511719 0.078125 0.513672 0.080078 0.515625 0.078125 0.515625 0.076172
1 0.972656 0.097656 0.972656 0.101562 0.976562 0.105469 0.982422 0.105469 0.988281 0.101562 0.996094 0.107422 0.998047 0.107422 0.998047 0.097656 0.996094 0.097656 0.992188 0.101562 0.982422 0.091797 0.976562 0.091797
0 0.941406 0.130859 0.939453 0.132812 0.943359 0.136719 0.945312 0.134766 0.945312 0.132812 0.943359 0.130859
0 0.998047 0.162109 0.994141 0.162109 0.992188 0.164062 0.992188 0.167969 0.994141 0.169922 0.996094 0.169922 0.998047 0.167969
0 0.621094 0.164062 0.619141 0.164062 0.615234 0.167969 0.615234 0.169922 0.617188 0.171875 0.619141 0.171875 0.623047 0.167969 0.623047 0.166016
0 0.882812 0.175781 0.878906 0.179688 0.878906 0.181641 0.882812 0.185547 0.884766 0.185547 0.888672 0.181641 0.888672 0.179688 0.884766 0.175781
0 0.482422 0.193359 0.480469 0.195312 0.482422 0.197266 0.484375 0.195312
0 0.570312 0.197266 0.574219 0.201172 0.580078 0.201172 0.582031 0.199219 0.580078 0.197266 0.578125 0.197266 0.576172 0.195312 0.572266 0.195312
0 0.537109 0.199219 0.533203 0.203125 0.533203 0.205078 0.535156 0.207031 0.539062 0.207031 0.541016 0.205078 0.541016 0.203125
0 0.601562 0.208984 0.597656 0.208984 0.595703 0.210938 0.595703 0.214844 0.597656 0.216797 0.597656 0.218750 0.599609 0.220703 0.601562 0.218750 0.601562 0.216797 0.603516 0.214844 0.603516 0.210938
1 0.552734 0.212891 0.550781 0.214844 0.550781 0.216797 0.542969 0.224609 0.542969 0.226562 0.546875 0.230469 0.548828 0.230469 0.552734 0.226562 0.550781 0.224609 0.550781 0.222656 0.554688 0.218750 0.554688 0.214844
0 0.423828 0.216797 0.421875 0.216797 0.419922 0.218750 0.419922 0.222656 0.421875 0.224609 0.425781 0.220703 0.425781 0.218750
0 0.658203 0.216797 0.656250 0.218750 0.656250 0.220703 0.660156 0.224609 0.662109 0.224609 0.666016 0.220703 0.662109 0.216797
0 0.939453 0.216797 0.935547 0.216797 0.929688 0.222656 0.929688 0.224609 0.933594 0.228516 0.935547 0.228516 0.941406 0.222656 0.941406 0.218750
0 0.482422 0.222656 0.480469 0.224609 0.480469 0.226562 0.482422 0.228516 0.484375 0.226562 0.484375 0.224609
0 0.626953 0.230469 0.623047 0.230469 0.621094 0.232422 0.625000 0.236328 0.628906 0.232422
0 0.056641 0.242188 0.052734 0.246094 0.052734 0.248047 0.056641 0.251953 0.060547 0.248047 0.060547 0.246094
1 0.000000 0.248047 0.000000 0.275391 0.001953 0.273438 0.001953 0.250000
0 0.462891 0.246094 0.458984 0.250000 0.458984 0.251953 0.460938 0.253906 0.460938 0.255859 0.462891 0.257812 0.466797 0.257812 0.468750 0.255859 0.468750 0.250000 0.464844 0.246094
0 0.722656 0.250000 0.718750 0.246094 0.714844 0.250000 0.716797 0.251953 0.720703 0.251953
0 0.781250 0.248047 0.777344 0.251953 0.777344 0.253906 0.775391 0.255859 0.777344 0.257812 0.777344 0.259766 0.781250 0.263672 0.789062 0.263672 0.791016 0.261719 0.791016 0.259766 0.794922 0.255859 0.787109 0.248047
1 0.408203 0.263672 0.410156 0.277344 0.417969 0.283203 0.427734 0.279297 0.437500 0.291016 0.445312 0.291016 0.453125 0.285156 0.460938 0.287109 0.468750 0.281250 0.472656 0.285156 0.472656 0.296875 0.478516 0.302734 0.486328 0.302734 0.496094 0.312500 0.500000 0.312500 0.505859 0.306641 0.503906 0.298828 0.488281 0.287109 0.488281 0.281250 0.482422 0.273438 0.472656 0.279297 0.464844 0.269531 0.457031 0.269531 0.447266 0.279297 0.439453 0.279297 0.431641 0.273438 0.431641 0.265625 0.427734 0.259766 0.414062 0.257812
0 0.025391 0.263672 0.023438 0.265625 0.025391 0.267578 0.027344 0.265625
0 0.492188 0.263672 0.490234 0.265625 0.490234 0.267578 0.492188 0.269531 0.494141 0.269531 0.496094 0.267578
0 0.304688 0.273438 0.300781 0.273438 0.298828 0.275391 0.296875 0.275391 0.292969 0.281250 0.292969 0.291016 0.296875 0.294922 0.304688 0.294922 0.312500 0.287109 0.312500 0.281250
1 0.000000 0.302734 0.000000 0.554688 0.117188 0.646484 0.128906 0.714844 0.164062 0.689453 0.242188 0.705078 0.244141 0.779297 0.195312 0.841797 0.273438 0.888672 0.285156 0.964844 0.435547 0.998047 0.449219 0.947266 0.574219 0.988281 0.580078 0.955078 0.544922 0.972656 0.515625 0.941406 0.429688 0.939453 0.416016 0.884766 0.564453 0.849609 0.490234 0.802734 0.433594 0.798828 0.417969 0.832031 0.410156 0.792969 0.375000 0.826172 0.390625 0.857422 0.296875 0.843750 0.255859 0.808594 0.287109 0.808594 0.255859 0.787109 0.251953 0.699219 0.189453 0.671875 0.312500 0.572266 0.433594 0.585938 0.406250 0.556641 0.425781 0.546875 0.378906 0.529297 0.357422 0.572266 0.314453 0.537109 0.279297 0.554688 0.246094 0.486328 0.148438 0.429688 0.166016 0.392578 0.105469 0.441406 0.050781 0.404297 0.052734 0.355469
0 0.128906 0.302734 0.126953 0.304688 0.126953 0.308594 0.128906 0.310547 0.130859 0.310547 0.132812 0.308594 0.132812 0.304688 0.130859 0.302734
0 0.892578 0.302734 0.890625 0.304688 0.892578 0.306641 0.894531 0.306641 0.896484 0.304688 0.894531 0.302734
1 0.285156 0.306641 0.283203 0.308594 0.285156 0.310547 0.279297 0.316406 0.279297 0.318359 0.281250 0.320312 0.283203 0.320312 0.285156 0.318359 0.285156 0.316406 0.283203 0.314453 0.283203 0.312500 0.287109 0.308594
0 0.207031 0.318359 0.205078 0.320312 0.207031 0.322266 0.208984 0.320312
0 0.535156 0.320312 0.529297 0.326172 0.529297 0.328125 0.531250 0.330078 0.531250 0.332031 0.533203 0.333984 0.539062 0.333984 0.542969 0.330078 0.542969 0.326172 0.537109 0.320312
0 0.259766 0.337891 0.259766 0.343750 0.263672 0.347656 0.265625 0.347656 0.267578 0.349609 0.271484 0.349609 0.273438 0.347656 0.275391 0.347656 0.279297 0.343750 0.279297 0.337891 0.275391 0.333984 0.263672 0.333984
1 0.447266 0.337891 0.441406 0.332031 0.429688 0.335938 0.423828 0.333984 0.414062 0.335938 0.406250 0.343750 0.410156 0.355469 0.404297 0.361328 0.404297 0.365234 0.408203 0.367188 0.416016 0.357422 0.421875 0.357422 0.429688 0.349609 0.443359 0.345703 0.447266 0.341797
0 0.767578 0.332031 0.765625 0.333984 0.767578 0.335938 0.769531 0.333984
1 0.515625 0.335938 0.511719 0.339844 0.511719 0.345703 0.515625 0.349609 0.523438 0.349609 0.529297 0.353516 0.531250 0.351562 0.529297 0.349609 0.527344 0.349609 0.523438 0.345703 0.523438 0.341797 0.517578 0.335938
0 0.171875 0.339844 0.164062 0.345703 0.164062 0.347656 0.162109 0.349609 0.162109 0.359375 0.167969 0.367188 0.169922 0.367188 0.171875 0.369141 0.175781 0.369141 0.177734 0.367188 0.177734 0.363281 0.179688 0.361328 0.179688 0.345703 0.173828 0.339844
0 0.248047 0.343750 0.244141 0.347656 0.248047 0.351562 0.250000 0.351562 0.251953 0.349609 0.251953 0.347656
0 0.474609 0.353516 0.472656 0.355469 0.472656 0.357422 0.474609 0.359375 0.474609 0.361328 0.478516 0.365234 0.480469 0.363281 0.480469 0.355469 0.478516 0.353516
0 0.742188 0.351562 0.740234 0.353516 0.742188 0.355469 0.744141 0.355469 0.746094 0.353516 0.744141 0.351562
0 0.445312 0.355469 0.441406 0.359375 0.441406 0.361328 0.445312 0.365234 0.447266 0.365234 0.451172 0.361328
0 0.232422 0.361328 0.232422 0.367188 0.234375 0.369141 0.236328 0.369141 0.238281 0.371094 0.240234 0.369141 0.244141 0.369141 0.246094 0.367188 0.246094 0.363281 0.242188 0.359375 0.234375 0.359375
0 0.556641 0.367188 0.554688 0.369141 0.554688 0.371094 0.550781 0.375000 0.550781 0.376953 0.546875 0.380859 0.552734 0.384766 0.554688 0.382812 0.556641 0.382812 0.558594 0.384766 0.562500 0.384766 0.564453 0.386719 0.566406 0.384766 0.566406 0.380859 0.564453 0.378906 0.562500 0.380859 0.558594 0.376953 0.558594 0.371094 0.560547 0.369141 0.558594 0.367188
0 0.949219 0.369141 0.947266 0.371094 0.949219 0.373047 0.951172 0.373047 0.953125 0.371094 0.951172 0.369141
0 0.824219 0.373047 0.820312 0.376953 0.824219 0.380859 0.828125 0.376953
1 0.197266 0.380859 0.205078 0.388672 0.208984 0.388672 0.210938 0.386719 0.222656 0.386719 0.226562 0.382812 0.222656 0.378906 0.218750 0.378906 0.216797 0.376953 0.212891 0.376953 0.210938 0.375000 0.205078 0.375000 0.203125 0.376953 0.201172 0.376953
0 0.439453 0.384766 0.437500 0.386719 0.439453 0.388672 0.441406 0.388672 0.443359 0.386719 0.441406 0.384766
0 0.414062 0.388672 0.410156 0.388672 0.408203 0.390625 0.406250 0.390625 0.402344 0.394531 0.402344 0.396484 0.400391 0.398438 0.400391 0.400391 0.406250 0.406250 0.408203 0.406250 0.410156 0.404297 0.412109 0.404297 0.416016 0.400391 0.416016 0.398438 0.417969 0.396484 0.417969 0.392578
0 0.636719 0.406250 0.632812 0.410156 0.632812 0.412109 0.634766 0.414062 0.636719 0.414062 0.638672 0.412109 0.638672 0.408203
0 0.689453 0.416016 0.685547 0.419922 0.685547 0.425781 0.687500 0.427734 0.693359 0.427734 0.695312 0.425781 0.695312 0.423828 0.697266 0.421875 0.691406 0.416016
0 0.771484 0.414062 0.769531 0.416016 0.769531 0.419922 0.771484 0.421875 0.773438 0.421875 0.775391 0.419922 0.775391 0.417969
0 0.792969 0.414062 0.787109 0.419922 0.787109 0.421875 0.783203 0.425781 0.783203 0.429688 0.789062 0.435547 0.791016 0.435547 0.792969 0.437500 0.796875 0.437500 0.800781 0.433594 0.796875 0.427734 0.796875 0.423828 0.800781 0.419922 0.800781 0.417969 0.796875 0.414062
0 0.435547 0.417969 0.431641 0.421875 0.431641 0.425781 0.437500 0.431641 0.439453 0.431641 0.443359 0.427734 0.443359 0.425781 0.445312 0.423828 0.445312 0.421875 0.441406 0.417969
0 0.191406 0.421875 0.189453 0.423828 0.189453 0.427734 0.191406 0.429688 0.193359 0.429688 0.195312 0.427734 0.195312 0.423828 0.193359 0.421875
0 0.320312 0.425781 0.318359 0.427734 0.322266 0.431641 0.324219 0.431641 0.326172 0.429688 0.322266 0.425781
0 0.488281 0.427734 0.484375 0.431641 0.484375 0.435547 0.490234 0.441406 0.492188 0.441406 0.498047 0.435547 0.498047 0.431641 0.494141 0.427734
0 0.640625 0.437500 0.636719 0.441406 0.636719 0.443359 0.640625 0.447266 0.642578 0.447266 0.646484 0.443359 0.646484 0.441406 0.642578 0.437500
0 0.445312 0.441406 0.439453 0.447266 0.443359 0.451172 0.445312 0.451172 0.449219 0.447266 0.449219 0.445312
0 0.380859 0.458984 0.378906 0.458984 0.375000 0.462891 0.375000 0.464844 0.378906 0.468750 0.382812 0.464844 0.382812 0.460938
0 0.646484 0.458984 0.640625 0.458984 0.638672 0.460938 0.636719 0.460938 0.632812 0.466797 0.632812 0.474609 0.634766 0.476562 0.634766 0.478516 0.638672 0.482422 0.642578 0.478516 0.642578 0.474609 0.650391 0.464844 0.650391 0.462891
0 0.833984 0.462891 0.832031 0.464844 0.832031 0.472656 0.835938 0.476562 0.837891 0.476562 0.839844 0.474609 0.839844 0.466797 0.835938 0.462891
0 0.417969 0.466797 0.414062 0.466797 0.404297 0.476562 0.404297 0.478516 0.402344 0.480469 0.402344 0.484375 0.400391 0.486328 0.400391 0.488281 0.404297 0.494141 0.410156 0.494141 0.412109 0.492188 0.414062 0.492188 0.416016 0.490234 0.416016 0.488281 0.425781 0.478516 0.423828 0.476562 0.421875 0.470703
0 0.576172 0.468750 0.574219 0.470703 0.574219 0.472656 0.576172 0.474609 0.578125 0.472656 0.578125 0.470703
0 0.724609 0.470703 0.720703 0.470703 0.718750 0.472656 0.718750 0.474609 0.722656 0.478516 0.726562 0.474609 0.726562 0.472656
0 0.802734 0.468750 0.798828 0.472656 0.802734 0.476562 0.804688 0.476562 0.806641 0.474609 0.806641 0.472656
1 0.955078 0.470703 0.951172 0.474609 0.951172 0.478516 0.957031 0.484375 0.957031 0.486328 0.960938 0.490234 0.960938 0.492188 0.964844 0.496094 0.968750 0.496094 0.972656 0.492188 0.964844 0.484375 0.964844 0.476562 0.958984 0.470703
0 0.363281 0.472656 0.359375 0.476562 0.359375 0.478516 0.367188 0.490234 0.365234 0.494141 0.365234 0.500000 0.369141 0.503906 0.376953 0.503906 0.380859 0.501953 0.386719 0.496094 0.386719 0.486328 0.380859 0.480469 0.376953 0.482422 0.369141 0.474609
1 0.451172 0.476562 0.447266 0.480469 0.447266 0.488281 0.455078 0.496094 0.455078 0.501953 0.453125 0.503906 0.455078 0.507812 0.462891 0.511719 0.468750 0.505859 0.468750 0.501953 0.472656 0.498047 0.460938 0.488281 0.460938 0.482422 0.455078 0.476562
0 0.751953 0.480469 0.746094 0.486328 0.748047 0.488281 0.748047 0.492188 0.751953 0.496094 0.753906 0.496094 0.755859 0.498047 0.759766 0.494141 0.759766 0.490234 0.757812 0.488281 0.757812 0.486328
0 0.853516 0.480469 0.851562 0.482422 0.851562 0.484375 0.853516 0.486328 0.855469 0.486328 0.857422 0.484375 0.857422 0.482422 0.855469 0.480469
0 0.591797 0.486328 0.587891 0.486328 0.583984 0.490234 0.583984 0.494141 0.587891 0.498047 0.589844 0.498047 0.593750 0.494141 0.593750 0.488281
0 0.496094 0.492188 0.494141 0.494141 0.498047 0.498047 0.500000 0.496094 0.500000 0.494141 0.498047 0.492188
0 0.615234 0.496094 0.599609 0.509766 0.595703 0.525391 0.597656 0.535156 0.593750 0.539062 0.560547 0.525391 0.556641 0.529297 0.560547 0.537109 0.558594 0.546875 0.568359 0.558594 0.580078 0.560547 0.599609 0.542969 0.611328 0.546875 0.621094 0.544922 0.626953 0.539062 0.626953 0.527344 0.619141 0.517578
0 0.652344 0.501953 0.648438 0.505859 0.648438 0.509766 0.656250 0.517578 0.658203 0.517578 0.660156 0.515625 0.662109 0.517578 0.664062 0.515625 0.662109 0.513672 0.662109 0.509766 0.654297 0.501953
0 0.533203 0.505859 0.531250 0.505859 0.527344 0.509766 0.527344 0.511719 0.525391 0.513672 0.525391 0.515625 0.521484 0.519531 0.521484 0.521484 0.525391 0.525391 0.531250 0.525391 0.535156 0.519531 0.535156 0.515625 0.537109 0.513672 0.537109 0.509766
0 0.769531 0.503906 0.767578 0.505859 0.767578 0.509766 0.769531 0.511719 0.773438 0.511719 0.775391 0.509766 0.775391 0.507812 0.771484 0.503906
0 0.582031 0.507812 0.578125 0.511719 0.578125 0.513672 0.582031 0.517578 0.583984 0.517578 0.587891 0.513672 0.587891 0.511719 0.583984 0.507812
1 0.166016 0.513672 0.164062 0.511719 0.162109 0.513672 0.160156 0.513672 0.158203 0.515625 0.156250 0.515625 0.152344 0.519531 0.150391 0.519531 0.146484 0.523438 0.148438 0.525391 0.150391 0.523438 0.154297 0.523438 0.162109 0.515625 0.164062 0.515625
0 0.322266 0.511719 0.320312 0.511719 0.314453 0.517578 0.314453 0.521484 0.318359 0.525391 0.320312 0.525391 0.326172 0.519531 0.326172 0.515625
0 0.994141 0.511719 0.990234 0.515625 0.990234 0.517578 0.994141 0.521484 0.998047 0.521484 0.998047 0.511719
0 0.332031 0.533203 0.333984 0.535156 0.341797 0.535156 0.355469 0.544922 0.357422 0.544922 0.359375 0.542969 0.359375 0.537109 0.357422 0.535156 0.357422 0.533203 0.349609 0.525391 0.349609 0.523438 0.347656 0.521484 0.343750 0.521484
0 0.466797 0.521484 0.464844 0.519531 0.460938 0.519531 0.458984 0.521484 0.453125 0.521484 0.451172 0.523438 0.451172 0.527344 0.449219 0.529297 0.453125 0.533203 0.457031 0.533203 0.466797 0.523438
0 0.720703 0.527344 0.716797 0.523438 0.714844 0.523438 0.710938 0.527344 0.710938 0.529297 0.712891 0.531250 0.716797 0.531250
0 0.437500 0.531250 0.433594 0.535156 0.439453 0.541016 0.441406 0.541016 0.443359 0.539062 0.443359 0.535156 0.439453 0.531250
0 0.107422 0.537109 0.109375 0.539062 0.115234 0.539062 0.117188 0.537109 0.115234 0.535156 0.109375 0.535156
1 0.164062 0.539062 0.162109 0.537109 0.158203 0.537109 0.156250 0.539062 0.154297 0.539062 0.150391 0.542969 0.146484 0.542969 0.144531 0.544922 0.142578 0.544922 0.136719 0.550781 0.136719 0.552734 0.138672 0.554688 0.140625 0.554688 0.142578 0.552734 0.148438 0.550781 0.152344 0.546875 0.154297 0.546875 0.160156 0.541016 0.162109 0.541016
0 0.525391 0.535156 0.521484 0.539062 0.521484 0.541016 0.525391 0.544922 0.527344 0.544922 0.529297 0.546875 0.531250 0.546875 0.533203 0.544922 0.533203 0.542969 0.535156 0.541016 0.535156 0.539062 0.531250 0.535156
0 0.701172 0.535156 0.699219 0.537109 0.701172 0.539062 0.703125 0.537109
0 0.470703 0.541016 0.468750 0.542969 0.468750 0.544922 0.470703 0.546875 0.472656 0.546875 0.474609 0.544922 0.474609 0.542969 0.472656 0.541016
0 0.496094 0.542969 0.494141 0.544922 0.498047 0.548828 0.500000 0.546875 0.500000 0.544922 0.498047 0.542969
0 0.492188 0.564453 0.486328 0.570312 0.492188 0.576172 0.494141 0.576172 0.498047 0.572266 0.498047 0.568359 0.494141 0.564453
0 0.587891 0.562500 0.585938 0.564453 0.585938 0.566406 0.589844 0.570312 0.591797 0.570312 0.595703 0.566406 0.591797 0.562500
0 0.427734 0.568359 0.431641 0.572266 0.433594 0.572266 0.435547 0.574219 0.439453 0.570312 0.439453 0.568359 0.437500 0.566406 0.429688 0.566406
0 0.638672 0.566406 0.636719 0.566406 0.632812 0.570312 0.632812 0.572266 0.630859 0.574219 0.630859 0.580078 0.632812 0.582031 0.638672 0.582031 0.642578 0.578125 0.642578 0.572266 0.640625 0.570312 0.640625 0.568359
0 0.855469 0.568359 0.851562 0.572266 0.855469 0.576172 0.859375 0.572266
0 0.468750 0.572266 0.466797 0.574219 0.466797 0.576172 0.464844 0.578125 0.464844 0.580078 0.466797 0.582031 0.466797 0.583984 0.468750 0.585938 0.470703 0.585938 0.472656 0.587891 0.474609 0.587891 0.478516 0.583984 0.478516 0.580078 0.476562 0.578125 0.476562 0.576172 0.472656 0.572266
0 0.443359 0.578125 0.441406 0.580078 0.443359 0.582031 0.445312 0.580078
0 0.867188 0.587891 0.865234 0.589844 0.867188 0.591797 0.869141 0.589844
0 0.482422 0.599609 0.468750 0.599609 0.460938 0.607422 0.457031 0.615234 0.457031 0.626953 0.462891 0.632812 0.470703 0.632812 0.476562 0.628906 0.484375 0.626953 0.490234 0.619141 0.490234 0.609375
1 0.421875 0.601562 0.419922 0.603516 0.419922 0.605469 0.417969 0.607422 0.417969 0.609375 0.416016 0.611328 0.416016 0.617188 0.417969 0.619141 0.419922 0.619141 0.421875 0.617188 0.421875 0.615234 0.419922 0.613281 0.419922 0.609375 0.421875 0.607422 0.421875 0.605469 0.423828 0.603516
0 0.435547 0.605469 0.431641 0.609375 0.431641 0.613281 0.433594 0.615234 0.435547 0.615234 0.437500 0.613281 0.437500 0.607422
0 0.601562 0.609375 0.597656 0.605469 0.595703 0.605469 0.591797 0.609375 0.591797 0.611328 0.593750 0.613281 0.597656 0.613281
0 0.515625 0.609375 0.511719 0.613281 0.511719 0.615234 0.515625 0.619141 0.519531 0.619141 0.521484 0.617188 0.521484 0.613281 0.517578 0.609375
0 0.644531 0.625000 0.644531 0.626953 0.646484 0.628906 0.652344 0.628906 0.658203 0.632812 0.662109 0.632812 0.669922 0.625000 0.664062 0.619141 0.660156 0.619141 0.658203 0.617188 0.654297 0.617188
0 0.777344 0.619141 0.773438 0.623047 0.777344 0.626953 0.779297 0.626953 0.781250 0.625000 0.781250 0.621094 0.779297 0.619141
0 0.820312 0.623047 0.818359 0.625000 0.818359 0.626953 0.820312 0.628906 0.822266 0.626953 0.822266 0.625000
0 0.443359 0.630859 0.437500 0.625000 0.433594 0.625000 0.425781 0.632812 0.427734 0.634766 0.429688 0.632812 0.431641 0.632812 0.433594 0.630859 0.437500 0.630859 0.439453 0.632812 0.441406 0.632812
1 0.494141 0.626953 0.494141 0.628906 0.498047 0.632812 0.498047 0.638672 0.501953 0.642578 0.505859 0.642578 0.507812 0.644531 0.509766 0.642578 0.513672 0.642578 0.521484 0.634766 0.523438 0.634766 0.527344 0.638672 0.529297 0.638672 0.533203 0.634766 0.533203 0.632812 0.529297 0.628906 0.527344 0.628906 0.519531 0.636719 0.513672 0.630859 0.501953 0.630859 0.496094 0.625000
1 0.791016 0.625000 0.787109 0.630859 0.787109 0.636719 0.792969 0.642578 0.792969 0.650391 0.789062 0.658203 0.791016 0.660156 0.791016 0.666016 0.794922 0.671875 0.804688 0.675781 0.808594 0.673828 0.814453 0.666016 0.814453 0.652344 0.810547 0.646484 0.802734 0.640625 0.802734 0.630859 0.796875 0.625000
0 0.837891 0.628906 0.835938 0.630859 0.837891 0.632812 0.839844 0.630859
0 0.406250 0.636719 0.404297 0.638672 0.406250 0.640625 0.408203 0.640625 0.410156 0.638672 0.408203 0.636719
0 0.259766 0.642578 0.257812 0.644531 0.259766 0.646484 0.261719 0.646484 0.263672 0.644531 0.261719 0.642578
0 0.867188 0.640625 0.861328 0.646484 0.861328 0.648438 0.863281 0.650391 0.867188 0.650391 0.871094 0.646484 0.871094 0.644531
0 0.611328 0.644531 0.609375 0.646484 0.609375 0.650391 0.611328 0.652344 0.613281 0.652344 0.617188 0.648438 0.613281 0.644531
1 0.425781 0.650391 0.427734 0.656250 0.431641 0.660156 0.435547 0.656250 0.441406 0.662109 0.443359 0.660156 0.457031 0.658203 0.460938 0.654297 0.460938 0.650391 0.458984 0.648438 0.451172 0.648438 0.439453 0.654297 0.437500 0.654297 0.431641 0.648438 0.427734 0.648438
0 0.476562 0.652344 0.474609 0.654297 0.474609 0.658203 0.476562 0.660156 0.476562 0.664062 0.478516 0.666016 0.480469 0.666016 0.482422 0.664062 0.482422 0.656250 0.480469 0.654297 0.478516 0.654297
0 0.617188 0.662109 0.599609 0.660156 0.576172 0.683594 0.564453 0.675781 0.562500 0.666016 0.554688 0.669922 0.564453 0.697266 0.576172 0.707031 0.572266 0.712891 0.552734 0.714844 0.542969 0.726562 0.544922 0.742188 0.539062 0.750000 0.556641 0.771484 0.568359 0.771484 0.585938 0.759766 0.587891 0.751953 0.578125 0.736328 0.583984 0.718750 0.597656 0.722656 0.630859 0.701172
1 0.541016 0.662109 0.537109 0.666016 0.539062 0.667969 0.539062 0.671875 0.542969 0.677734 0.542969 0.679688 0.541016 0.681641 0.544922 0.685547 0.548828 0.681641 0.544922 0.675781 0.546875 0.673828 0.544922 0.671875 0.544922 0.667969 0.546875 0.666016
0 0.628906 0.669922 0.628906 0.671875 0.634766 0.677734 0.646484 0.677734 0.648438 0.679688 0.654297 0.679688 0.656250 0.677734 0.642578 0.664062 0.640625 0.664062 0.638672 0.662109 0.632812 0.664062
0 0.681641 0.677734 0.677734 0.681641 0.677734 0.685547 0.679688 0.687500 0.683594 0.687500 0.687500 0.683594
0 0.843750 0.681641 0.839844 0.685547 0.839844 0.687500 0.841797 0.689453 0.845703 0.689453 0.847656 0.687500 0.847656 0.685547
0 0.349609 0.683594 0.347656 0.685547 0.349609 0.687500 0.351562 0.685547
0 0.380859 0.683594 0.384766 0.701172 0.357422 0.720703 0.361328 0.740234 0.345703 0.748047 0.351562 0.755859 0.357422 0.755859 0.365234 0.744141 0.375000 0.750000 0.394531 0.748047 0.406250 0.757812 0.402344 0.769531 0.423828 0.775391 0.431641 0.755859 0.423828 0.746094 0.423828 0.730469 0.431641 0.716797 0.412109 0.701172 0.402344 0.708984
0 0.447266 0.683594 0.443359 0.687500 0.443359 0.691406 0.445312 0.693359 0.445312 0.697266 0.443359 0.699219 0.443359 0.701172 0.445312 0.703125 0.445312 0.705078 0.449219 0.708984 0.451172 0.708984 0.457031 0.703125 0.457031 0.699219 0.455078 0.697266 0.455078 0.695312 0.453125 0.693359 0.451172 0.687500
0 0.703125 0.683594 0.697266 0.689453 0.703125 0.695312 0.707031 0.695312 0.710938 0.691406 0.710938 0.687500 0.707031 0.683594
0 0.529297 0.710938 0.525391 0.707031 0.525391 0.705078 0.515625 0.697266 0.501953 0.712891 0.494141 0.714844 0.492188 0.716797 0.494141 0.718750 0.501953 0.718750 0.505859 0.722656 0.511719 0.722656 0.515625 0.720703 0.523438 0.712891 0.527344 0.712891
0 0.878906 0.697266 0.876953 0.699219 0.875000 0.699219 0.873047 0.701172 0.876953 0.705078 0.880859 0.705078 0.882812 0.703125 0.882812 0.701172
0 0.728516 0.705078 0.726562 0.705078 0.724609 0.707031 0.724609 0.708984 0.726562 0.710938 0.730469 0.707031
1 0.669922 0.708984 0.664062 0.718750 0.669922 0.726562 0.667969 0.736328 0.671875 0.742188 0.671875 0.761719 0.677734 0.763672 0.693359 0.751953 0.697266 0.755859 0.695312 0.765625 0.703125 0.771484 0.710938 0.769531 0.716797 0.761719 0.716797 0.755859 0.712891 0.751953 0.705078 0.751953 0.699219 0.740234 0.687500 0.730469 0.687500 0.718750 0.681641 0.712891
0 0.761719 0.708984 0.759766 0.710938 0.759766 0.714844 0.761719 0.716797 0.763672 0.716797 0.767578 0.712891 0.763672 0.708984
0 0.800781 0.720703 0.796875 0.724609 0.798828 0.726562 0.800781 0.726562 0.802734 0.724609 0.802734 0.722656
0 0.929688 0.718750 0.925781 0.722656 0.925781 0.728516 0.929688 0.732422 0.935547 0.732422 0.937500 0.730469 0.937500 0.728516 0.939453 0.726562 0.939453 0.722656 0.935547 0.718750
0 0.482422 0.722656 0.480469 0.724609 0.482422 0.726562 0.484375 0.726562 0.486328 0.724609 0.484375 0.722656
1 0.998047 0.724609 0.992188 0.730469 0.992188 0.732422 0.994141 0.734375 0.994141 0.736328 0.998047 0.740234
0 0.626953 0.730469 0.625000 0.730469 0.621094 0.734375 0.621094 0.736328 0.619141 0.738281 0.619141 0.742188 0.621094 0.744141 0.623047 0.744141 0.625000 0.746094 0.628906 0.742188 0.628906 0.732422
0 0.751953 0.738281 0.750000 0.740234 0.750000 0.742188 0.751953 0.744141 0.753906 0.742188 0.753906 0.740234
0 0.283203 0.742188 0.279297 0.746094 0.279297 0.750000 0.283203 0.753906 0.289062 0.748047
0 0.728516 0.742188 0.726562 0.744141 0.728516 0.746094 0.730469 0.746094 0.732422 0.744141 0.730469 0.742188
0 0.613281 0.765625 0.609375 0.761719 0.601562 0.761719 0.593750 0.769531 0.591797 0.775391 0.595703 0.779297 0.601562 0.779297 0.603516 0.777344 0.605469 0.777344 0.613281 0.769531
0 0.781250 0.763672 0.779297 0.765625 0.781250 0.767578 0.783203 0.765625
0 0.351562 0.771484 0.349609 0.771484 0.347656 0.773438 0.343750 0.773438 0.341797 0.775391 0.341797 0.777344 0.339844 0.779297 0.339844 0.781250 0.343750 0.785156 0.353516 0.775391 0.353516 0.773438
0 0.472656 0.777344 0.470703 0.779297 0.470703 0.783203 0.474609 0.787109 0.476562 0.785156 0.476562 0.779297 0.474609 0.777344
0 0.701172 0.779297 0.683594 0.794922 0.673828 0.792969 0.654297 0.802734 0.642578 0.818359 0.628906 0.818359 0.613281 0.824219 0.599609 0.814453 0.582031 0.816406 0.578125 0.812500 0.580078 0.820312 0.576172 0.824219 0.566406 0.820312 0.554688 0.828125 0.554688 0.835938 0.566406 0.833984 0.582031 0.843750 0.576172 0.875000 0.585938 0.888672 0.597656 0.894531 0.597656 0.902344 0.603516 0.908203 0.619141 0.914062 0.630859 0.908203 0.634766 0.898438 0.632812 0.875000 0.671875 0.849609 0.662109 0.824219 0.703125 0.787109
0 0.574219 0.783203 0.566406 0.783203 0.564453 0.785156 0.562500 0.785156 0.558594 0.791016 0.558594 0.794922 0.560547 0.796875 0.560547 0.800781 0.564453 0.804688 0.566406 0.804688 0.568359 0.806641 0.574219 0.804688 0.582031 0.796875 0.578125 0.791016 0.578125 0.787109
0 0.490234 0.791016 0.486328 0.794922 0.490234 0.798828 0.494141 0.794922
0 0.527344 0.794922 0.523438 0.798828 0.523438 0.804688 0.527344 0.808594 0.529297 0.808594 0.533203 0.804688 0.533203 0.800781 0.531250 0.798828 0.531250 0.796875 0.529297 0.794922
0 0.617188 0.796875 0.615234 0.798828 0.617188 0.800781 0.619141 0.798828
0 0.896484 0.796875 0.892578 0.800781 0.892578 0.802734 0.896484 0.806641 0.900391 0.806641 0.904297 0.802734 0.898438 0.796875
0 0.763672 0.804688 0.759766 0.810547 0.759766 0.816406 0.763672 0.820312 0.765625 0.820312 0.767578 0.822266 0.771484 0.822266 0.775391 0.818359 0.775391 0.808594 0.771484 0.804688
0 0.345703 0.808594 0.343750 0.810547 0.347656 0.814453 0.349609 0.812500 0.349609 0.810547 0.347656 0.808594
0 0.853516 0.826172 0.851562 0.828125 0.851562 0.830078 0.853516 0.832031 0.855469 0.832031 0.857422 0.830078
0 0.365234 0.833984 0.361328 0.837891 0.365234 0.841797 0.369141 0.837891
0 0.732422 0.832031 0.728516 0.835938 0.732422 0.839844 0.736328 0.835938
0 0.808594 0.833984 0.802734 0.839844 0.802734 0.841797 0.806641 0.845703 0.814453 0.845703 0.818359 0.841797 0.818359 0.837891 0.814453 0.833984
0 0.738281 0.851562 0.740234 0.855469 0.753906 0.855469 0.757812 0.859375 0.765625 0.863281 0.767578 0.863281 0.771484 0.859375 0.771484 0.853516 0.759766 0.839844 0.753906 0.839844 0.746094 0.847656 0.742188 0.847656
0 0.972656 0.849609 0.978516 0.855469 0.980469 0.855469 0.984375 0.859375 0.990234 0.859375 0.994141 0.853516 0.994141 0.851562 0.990234 0.847656 0.988281 0.847656 0.984375 0.843750 0.978516 0.843750
0 0.701172 0.859375 0.697266 0.859375 0.693359 0.863281 0.693359 0.865234 0.697266 0.869141 0.699219 0.869141 0.705078 0.863281
0 0.882812 0.865234 0.880859 0.867188 0.880859 0.871094 0.884766 0.875000 0.886719 0.875000 0.890625 0.871094 0.890625 0.867188 0.888672 0.865234
0 0.716797 0.867188 0.712891 0.871094 0.712891 0.873047 0.710938 0.875000 0.710938 0.880859 0.720703 0.890625 0.726562 0.886719 0.726562 0.884766 0.730469 0.878906 0.730469 0.873047 0.726562 0.869141 0.724609 0.869141 0.722656 0.867188
0 0.927734 0.871094 0.923828 0.875000 0.931641 0.882812 0.935547 0.882812 0.939453 0.878906 0.931641 0.871094
1 0.974609 0.871094 0.972656 0.871094 0.968750 0.875000 0.968750 0.882812 0.958984 0.894531 0.957031 0.906250 0.962891 0.912109 0.966797 0.912109 0.972656 0.906250 0.972656 0.894531 0.970703 0.890625 0.980469 0.880859 0.980469 0.876953
0 0.480469 0.878906 0.478516 0.878906 0.474609 0.882812 0.474609 0.884766 0.472656 0.886719 0.472656 0.888672 0.470703 0.890625 0.470703 0.892578 0.476562 0.898438 0.482422 0.892578 0.482422 0.886719 0.484375 0.884766 0.484375 0.882812
0 0.490234 0.880859 0.488281 0.882812 0.490234 0.884766 0.492188 0.884766 0.494141 0.882812 0.492188 0.880859
0 0.992188 0.884766 0.986328 0.890625 0.992188 0.896484 0.998047 0.896484 0.998047 0.886719 0.996094 0.886719 0.994141 0.884766
0 0.501953 0.886719 0.500000 0.888672 0.500000 0.890625 0.501953 0.892578 0.503906 0.890625 0.503906 0.888672
0 0.890625 0.888672 0.886719 0.888672 0.878906 0.892578 0.873047 0.892578 0.867188 0.896484 0.863281 0.904297 0.863281 0.914062 0.869141 0.921875 0.873047 0.923828 0.878906 0.923828 0.894531 0.910156 0.894531 0.906250 0.896484 0.904297 0.896484 0.894531
1 0.703125 0.890625 0.699219 0.892578 0.695312 0.898438 0.695312 0.908203 0.701172 0.912109 0.705078 0.912109 0.708984 0.916016 0.707031 0.919922 0.718750 0.927734 0.718750 0.935547 0.720703 0.937500 0.728516 0.925781 0.728516 0.916016 0.722656 0.904297 0.710938 0.892578
0 0.562500 0.894531 0.558594 0.898438 0.558594 0.900391 0.560547 0.902344 0.562500 0.902344 0.564453 0.900391 0.564453 0.896484
0 0.652344 0.904297 0.650391 0.904297 0.648438 0.906250 0.648438 0.908203 0.650391 0.910156 0.654297 0.906250
0 0.361328 0.908203 0.359375 0.908203 0.355469 0.912109 0.359375 0.916016 0.361328 0.914062 0.363281 0.914062 0.365234 0.912109
0 0.982422 0.908203 0.978516 0.910156 0.982422 0.917969 0.980469 0.929688 0.976562 0.933594 0.966797 0.933594 0.960938 0.941406 0.960938 0.949219 0.964844 0.953125 0.964844 0.957031 0.960938 0.960938 0.960938 0.962891 0.970703 0.970703 0.976562 0.970703 0.980469 0.966797 0.980469 0.962891 0.976562 0.960938 0.972656 0.957031 0.972656 0.955078 0.980469 0.947266 0.980469 0.943359 0.984375 0.939453 0.986328 0.939453 0.998047 0.953125 0.998047 0.917969
0 0.898438 0.914062 0.896484 0.916016 0.896484 0.919922 0.898438 0.921875 0.898438 0.923828 0.900391 0.925781 0.902344 0.925781 0.904297 0.927734 0.910156 0.927734 0.912109 0.925781 0.912109 0.921875 0.910156 0.919922 0.910156 0.917969 0.904297 0.912109 0.902344 0.912109 0.900391 0.914062
0 0.486328 0.916016 0.484375 0.917969 0.484375 0.919922 0.488281 0.923828 0.492188 0.919922 0.488281 0.916016
0 0.533203 0.914062 0.529297 0.917969 0.531250 0.919922 0.533203 0.919922 0.535156 0.917969 0.535156 0.916016
0 0.933594 0.914062 0.927734 0.919922 0.927734 0.923828 0.929688 0.925781 0.933594 0.925781 0.937500 0.921875 0.937500 0.917969
0 0.953125 0.921875 0.951172 0.923828 0.951172 0.927734 0.953125 0.929688 0.957031 0.929688 0.960938 0.925781 0.960938 0.923828 0.958984 0.921875
0 0.558594 0.931641 0.554688 0.935547 0.556641 0.937500 0.558594 0.937500 0.560547 0.935547 0.560547 0.933594
0 0.664062 0.939453 0.662109 0.941406 0.662109 0.947266 0.667969 0.955078 0.673828 0.955078 0.679688 0.958984 0.681641 0.958984 0.685547 0.955078 0.685547 0.953125 0.675781 0.945312 0.675781 0.939453 0.677734 0.937500 0.675781 0.935547 0.671875 0.935547 0.669922 0.937500
0 0.937500 0.937500 0.933594 0.937500 0.927734 0.941406 0.919922 0.941406 0.914062 0.947266 0.914062 0.955078 0.917969 0.958984 0.916016 0.972656 0.923828 0.980469 0.929688 0.982422 0.937500 0.982422 0.941406 0.978516 0.941406 0.966797 0.933594 0.957031 0.933594 0.953125 0.941406 0.941406
0 0.753906 0.941406 0.751953 0.943359 0.753906 0.945312 0.755859 0.945312 0.757812 0.943359 0.755859 0.941406
0 0.597656 0.947266 0.595703 0.949219 0.597656 0.951172 0.599609 0.951172 0.601562 0.949219 0.599609 0.947266
0 0.863281 0.951172 0.855469 0.958984 0.853516 0.962891 0.853516 0.972656 0.859375 0.980469 0.863281 0.980469 0.865234 0.982422 0.875000 0.982422 0.880859 0.978516 0.882812 0.964844 0.867188 0.951172
0 0.660156 0.960938 0.658203 0.962891 0.658203 0.964844 0.660156 0.966797 0.662109 0.966797 0.664062 0.964844 0.664062 0.962891 0.662109 0.960938
0 0.750000 0.962891 0.748047 0.964844 0.748047 0.968750 0.751953 0.972656 0.755859 0.972656 0.757812 0.970703 0.757812 0.966797 0.753906 0.962891
0 0.994141 0.960938 0.990234 0.964844 0.994141 0.968750 0.998047 0.968750 0.998047 0.962891 0.996094 0.960938
0 0.642578 0.964844 0.636719 0.964844 0.632812 0.968750 0.632812 0.970703 0.630859 0.972656 0.630859 0.974609 0.632812 0.976562 0.632812 0.978516 0.636719 0.982422 0.638672 0.982422 0.640625 0.980469 0.642578 0.980469 0.644531 0.978516 0.644531 0.976562 0.646484 0.974609 0.646484 0.968750
0 0.681641 0.970703 0.679688 0.970703 0.677734 0.972656 0.677734 0.976562 0.679688 0.978516 0.683594 0.974609 0.683594 0.972656
0 0.826172 0.972656 0.822266 0.972656 0.818359 0.976562 0.818359 0.980469 0.820312 0.982422 0.824219 0.982422 0.828125 0.978516 0.828125 0.974609
0 0.958984 0.978516 0.955078 0.982422 0.955078 0.988281 0.958984 0.992188 0.960938 0.992188 0.962891 0.990234 0.962891 0.988281 0.964844 0.986328 0.964844 0.982422 0.960938 0.978516
0 0.998047 0.984375 0.996094 0.984375 0.992188 0.988281 0.992188 0.998047 0.998047 0.998047
