0 0.093750 0.134766 0.080078 0.140625 0.068359 0.136719 0.064453 0.140625 0.074219 0.150391 0.050781 0.167969 0.041016 0.146484 0.023438 0.142578 0.000000 0.150391 0.000000 0.179688 0.015625 0.171875 0.019531 0.175781 0.013672 0.187500 0.019531 0.199219 0.011719 0.205078 0.009766 0.193359 0.000000 0.195312 0.000000 0.291016 0.011719 0.283203 0.015625 0.287109 0.000000 0.306641 0.021484 0.294922 0.039062 0.273438 0.027344 0.259766 0.019531 0.265625 0.015625 0.255859 0.033203 0.242188 0.058594 0.205078 0.080078 0.208984 0.085938 0.216797 0.080078 0.222656 0.083984 0.240234 0.072266 0.250000 0.078125 0.255859 0.087891 0.251953 0.093750 0.224609 0.105469 0.230469 0.103516 0.218750 0.083984 0.199219 0.056641 0.191406 0.056641 0.173828 0.082031 0.152344 0.099609 0.152344
0 0.232422 0.136719 0.230469 0.138672 0.230469 0.140625 0.232422 0.142578 0.234375 0.140625 0.234375 0.138672
0 0.593750 0.136719 0.591797 0.138672 0.591797 0.140625 0.593750 0.142578 0.595703 0.142578 0.597656 0.140625
0 0.179688 0.162109 0.177734 0.162109 0.175781 0.164062 0.175781 0.167969 0.177734 0.169922 0.181641 0.166016 0.181641 0.164062
0 0.609375 0.167969 0.605469 0.171875 0.605469 0.175781 0.609375 0.179688 0.611328 0.179688 0.617188 0.173828 0.613281 0.169922 0.611328 0.169922
1 0.119141 0.181641 0.119141 0.185547 0.121094 0.187500 0.121094 0.189453 0.126953 0.195312 0.134766 0.195312 0.136719 0.193359 0.150391 0.193359 0.156250 0.197266 0.158203 0.195312 0.160156 0.197266 0.166016 0.197266 0.173828 0.203125 0.177734 0.203125 0.179688 0.201172 0.187500 0.201172 0.189453 0.199219 0.179688 0.189453 0.171875 0.189453 0.169922 0.191406 0.166016 0.191406 0.160156 0.187500 0.148438 0.187500 0.146484 0.185547 0.142578 0.185547 0.134766 0.177734 0.132812 0.177734 0.130859 0.175781 0.125000 0.175781
0 0.337891 0.183594 0.333984 0.179688 0.332031 0.179688 0.328125 0.183594 0.328125 0.185547 0.330078 0.187500 0.333984 0.187500
1 0.197266 0.203125 0.197266 0.205078 0.201172 0.208984 0.210938 0.208984 0.218750 0.216797 0.224609 0.216797 0.228516 0.212891 0.224609 0.208984 0.214844 0.208984 0.208984 0.203125 0.205078 0.203125 0.203125 0.201172 0.199219 0.201172
0 0.224609 0.224609 0.220703 0.228516 0.220703 0.232422 0.224609 0.236328 0.228516 0.236328 0.230469 0.238281 0.232422 0.238281 0.234375 0.236328 0.234375 0.232422 0.240234 0.226562 0.238281 0.224609 0.236328 0.224609 0.234375 0.226562 0.232422 0.226562 0.230469 0.224609
0 0.248047 0.236328 0.244141 0.240234 0.248047 0.244141 0.251953 0.240234
0 0.099609 0.244141 0.097656 0.246094 0.099609 0.248047 0.101562 0.246094
0 0.986328 0.248047 0.982422 0.248047 0.980469 0.250000 0.980469 0.253906 0.978516 0.255859 0.982422 0.259766 0.984375 0.259766 0.986328 0.257812 0.988281 0.257812 0.990234 0.255859 0.990234 0.251953
0 0.113281 0.253906 0.111328 0.255859 0.111328 0.257812 0.113281 0.259766 0.115234 0.257812 0.115234 0.255859
0 0.230469 0.261719 0.226562 0.265625 0.228516 0.267578 0.230469 0.267578 0.232422 0.265625 0.232422 0.263672
1 0.087891 0.267578 0.099609 0.349609 0.083984 0.326172 0.011719 0.414062 0.000000 0.359375 0.000000 0.544922 0.033203 0.542969 0.078125 0.593750 0.058594 0.734375 0.134766 0.757812 0.207031 0.740234 0.160156 0.808594 0.166016 0.876953 0.212891 0.824219 0.341797 0.822266 0.378906 0.957031 0.394531 0.882812 0.359375 0.822266 0.306641 0.783203 0.226562 0.792969 0.224609 0.755859 0.396484 0.707031 0.396484 0.759766 0.423828 0.757812 0.462891 0.681641 0.447266 0.595703 0.373047 0.544922 0.302734 0.566406 0.316406 0.519531 0.355469 0.541016 0.365234 0.488281 0.326172 0.490234 0.273438 0.414062 0.130859 0.406250 0.197266 0.365234 0.197266 0.335938 0.130859 0.328125
0 0.222656 0.298828 0.220703 0.300781 0.220703 0.304688 0.222656 0.306641 0.224609 0.306641 0.226562 0.304688 0.226562 0.302734
1 0.001953 0.314453 0.000000 0.316406 0.000000 0.333984 0.001953 0.332031 0.003906 0.333984 0.005859 0.332031 0.005859 0.328125 0.007812 0.326172 0.005859 0.324219 0.007812 0.322266 0.003906 0.318359 0.003906 0.316406
0 0.281250 0.324219 0.277344 0.328125 0.277344 0.333984 0.281250 0.337891 0.287109 0.337891 0.291016 0.333984 0.291016 0.328125 0.287109 0.324219
0 0.255859 0.330078 0.253906 0.330078 0.248047 0.335938 0.248047 0.337891 0.251953 0.341797 0.255859 0.341797 0.259766 0.337891 0.259766 0.333984
0 0.771484 0.328125 0.769531 0.328125 0.765625 0.332031 0.765625 0.333984 0.769531 0.337891 0.775391 0.332031
0 0.728516 0.337891 0.726562 0.339844 0.726562 0.341797 0.724609 0.343750 0.724609 0.345703 0.730469 0.351562 0.732422 0.351562 0.738281 0.345703 0.738281 0.343750 0.732422 0.337891
0 0.218750 0.341797 0.216797 0.343750 0.216797 0.347656 0.218750 0.349609 0.222656 0.349609 0.224609 0.347656 0.224609 0.345703 0.220703 0.341797
0 0.947266 0.339844 0.943359 0.339844 0.941406 0.341797 0.943359 0.343750 0.943359 0.345703 0.945312 0.347656 0.949219 0.343750 0.949219 0.341797
0 0.302734 0.353516 0.298828 0.357422 0.298828 0.359375 0.310547 0.371094 0.312500 0.371094 0.318359 0.365234 0.318359 0.363281 0.310547 0.355469 0.308594 0.355469 0.306641 0.353516
0 0.869141 0.355469 0.865234 0.359375 0.865234 0.363281 0.869141 0.367188 0.873047 0.367188 0.876953 0.363281 0.876953 0.359375 0.873047 0.355469
0 0.781250 0.363281 0.777344 0.367188 0.781250 0.371094 0.783203 0.369141 0.783203 0.365234
0 0.294922 0.386719 0.289062 0.392578 0.289062 0.394531 0.292969 0.398438 0.298828 0.398438 0.300781 0.396484 0.300781 0.394531 0.302734 0.392578 0.302734 0.390625 0.300781 0.388672 0.298828 0.388672 0.296875 0.386719
0 0.498047 0.392578 0.494141 0.392578 0.492188 0.394531 0.486328 0.394531 0.484375 0.396484 0.482422 0.396484 0.478516 0.402344 0.478516 0.406250 0.484375 0.412109 0.490234 0.412109 0.494141 0.408203 0.496094 0.408203 0.500000 0.404297 0.500000 0.402344 0.501953 0.400391 0.501953 0.396484
0 0.882812 0.392578 0.876953 0.396484 0.876953 0.398438 0.875000 0.400391 0.875000 0.408203 0.878906 0.414062 0.880859 0.414062 0.882812 0.416016 0.886719 0.416016 0.894531 0.408203 0.894531 0.400391 0.886719 0.392578
0 0.310547 0.402344 0.308594 0.404297 0.304688 0.404297 0.298828 0.414062 0.298828 0.421875 0.304688 0.427734 0.308594 0.427734 0.310547 0.429688 0.320312 0.419922 0.320312 0.412109 0.318359 0.410156 0.318359 0.408203
0 0.242188 0.439453 0.240234 0.441406 0.242188 0.443359 0.244141 0.441406
0 0.494141 0.439453 0.492188 0.441406 0.492188 0.443359 0.494141 0.445312 0.496094 0.443359 0.496094 0.441406
0 0.408203 0.441406 0.404297 0.445312 0.404297 0.449219 0.408203 0.453125 0.410156 0.453125 0.414062 0.449219 0.414062 0.447266
0 0.839844 0.447266 0.833984 0.453125 0.833984 0.458984 0.837891 0.464844 0.839844 0.464844 0.841797 0.466797 0.843750 0.466797 0.849609 0.462891 0.849609 0.460938 0.851562 0.458984 0.851562 0.455078 0.843750 0.447266
0 0.464844 0.449219 0.460938 0.453125 0.460938 0.455078 0.462891 0.457031 0.466797 0.457031 0.468750 0.455078 0.468750 0.453125
0 0.187500 0.460938 0.185547 0.462891 0.185547 0.466797 0.187500 0.468750 0.191406 0.464844
0 0.792969 0.460938 0.789062 0.460938 0.787109 0.462891 0.787109 0.464844 0.791016 0.468750 0.794922 0.464844 0.794922 0.462891
0 0.818359 0.484375 0.814453 0.488281 0.814453 0.490234 0.816406 0.492188 0.820312 0.492188 0.822266 0.490234 0.822266 0.488281
1 0.181641 0.494141 0.179688 0.496094 0.179688 0.498047 0.177734 0.500000 0.177734 0.501953 0.173828 0.505859 0.175781 0.507812 0.177734 0.505859 0.177734 0.503906 0.183594 0.498047 0.183594 0.496094
0 0.603516 0.492188 0.599609 0.496094 0.603516 0.500000 0.607422 0.500000 0.609375 0.498047 0.609375 0.494141 0.607422 0.492188
0 0.855469 0.494141 0.853516 0.494141 0.851562 0.496094 0.851562 0.498047 0.853516 0.500000 0.857422 0.496094
0 0.376953 0.509766 0.373047 0.513672 0.373047 0.519531 0.375000 0.521484 0.384766 0.525391 0.388672 0.529297 0.390625 0.529297 0.396484 0.523438 0.398438 0.517578 0.392578 0.511719 0.380859 0.511719 0.378906 0.509766
0 0.410156 0.509766 0.408203 0.511719 0.408203 0.513672 0.410156 0.515625 0.414062 0.515625 0.416016 0.513672 0.412109 0.509766
0 0.169922 0.511719 0.167969 0.513672 0.166016 0.513672 0.164062 0.515625 0.164062 0.517578 0.166016 0.519531 0.167969 0.517578 0.169922 0.517578 0.171875 0.515625 0.171875 0.513672
0 0.162109 0.535156 0.160156 0.537109 0.162109 0.539062 0.164062 0.537109
0 0.406250 0.539062 0.404297 0.541016 0.406250 0.542969 0.408203 0.542969 0.410156 0.541016 0.408203 0.539062
0 0.564453 0.556641 0.562500 0.558594 0.564453 0.560547 0.566406 0.560547 0.568359 0.558594 0.566406 0.556641
0 0.880859 0.556641 0.876953 0.556641 0.875000 0.558594 0.875000 0.560547 0.878906 0.564453 0.882812 0.560547 0.882812 0.558594
0 0.419922 0.558594 0.417969 0.560547 0.419922 0.562500 0.421875 0.562500 0.423828 0.560547 0.421875 0.558594
0 0.585938 0.560547 0.583984 0.562500 0.585938 0.564453 0.587891 0.562500
1 0.775391 0.587891 0.773438 0.589844 0.773438 0.591797 0.777344 0.595703 0.777344 0.599609 0.781250 0.603516 0.785156 0.603516 0.787109 0.601562 0.787109 0.595703 0.785156 0.593750 0.783203 0.593750 0.781250 0.591797 0.779297 0.591797
0 0.326172 0.591797 0.324219 0.593750 0.326172 0.595703 0.328125 0.595703 0.330078 0.593750 0.328125 0.591797
0 0.865234 0.617188 0.859375 0.617188 0.853516 0.621094 0.853516 0.625000 0.857422 0.628906 0.857422 0.634766 0.855469 0.636719 0.855469 0.638672 0.857422 0.640625 0.859375 0.638672 0.859375 0.634766 0.869141 0.626953 0.869141 0.621094
0 0.736328 0.623047 0.730469 0.628906 0.730469 0.630859 0.728516 0.632812 0.730469 0.634766 0.730469 0.636719 0.734375 0.640625 0.742188 0.640625 0.746094 0.636719 0.746094 0.628906 0.740234 0.623047
0 0.539062 0.626953 0.535156 0.626953 0.529297 0.632812 0.529297 0.634766 0.533203 0.638672 0.535156 0.638672 0.541016 0.632812 0.541016 0.628906
0 0.744141 0.658203 0.740234 0.662109 0.740234 0.664062 0.742188 0.666016 0.744141 0.666016 0.748047 0.669922 0.748047 0.675781 0.750000 0.677734 0.753906 0.677734 0.759766 0.671875 0.759766 0.669922 0.755859 0.666016 0.751953 0.666016
0 0.828125 0.666016 0.824219 0.669922 0.824219 0.671875 0.822266 0.673828 0.828125 0.679688 0.832031 0.679688 0.835938 0.675781 0.835938 0.673828 0.837891 0.671875 0.837891 0.669922 0.835938 0.667969 0.833984 0.667969 0.832031 0.666016
0 0.875000 0.669922 0.875000 0.671875 0.880859 0.677734 0.882812 0.677734 0.884766 0.675781 0.886719 0.675781 0.888672 0.673828 0.888672 0.671875 0.882812 0.666016 0.878906 0.666016
0 0.599609 0.671875 0.595703 0.675781 0.599609 0.679688 0.603516 0.675781
0 0.744141 0.689453 0.740234 0.693359 0.742188 0.695312 0.744141 0.695312 0.746094 0.693359 0.746094 0.691406
0 0.761719 0.687500 0.757812 0.691406 0.757812 0.699219 0.755859 0.701172 0.755859 0.707031 0.759766 0.710938 0.765625 0.710938 0.773438 0.703125 0.773438 0.695312 0.769531 0.689453 0.767578 0.689453 0.765625 0.687500
0 0.658203 0.710938 0.656250 0.712891 0.658203 0.714844 0.660156 0.714844 0.662109 0.712891 0.660156 0.710938
0 0.716797 0.710938 0.712891 0.714844 0.712891 0.718750 0.718750 0.724609 0.724609 0.718750 0.724609 0.716797 0.718750 0.710938
0 0.886719 0.712891 0.882812 0.716797 0.886719 0.720703 0.888672 0.720703 0.892578 0.716797 0.888672 0.712891
0 0.617188 0.718750 0.611328 0.724609 0.611328 0.726562 0.615234 0.730469 0.617188 0.730469 0.621094 0.726562 0.621094 0.722656
0 0.476562 0.738281 0.474609 0.740234 0.476562 0.742188 0.478516 0.742188 0.480469 0.740234 0.478516 0.738281
0 0.605469 0.744141 0.601562 0.748047 0.601562 0.753906 0.603516 0.755859 0.603516 0.757812 0.605469 0.759766 0.613281 0.759766 0.619141 0.753906 0.619141 0.751953 0.613281 0.746094 0.611328 0.746094 0.609375 0.744141
0 0.308594 0.751953 0.306641 0.753906 0.306641 0.755859 0.310547 0.759766 0.312500 0.757812 0.312500 0.753906 0.310547 0.751953
0 0.449219 0.755859 0.447266 0.757812 0.445312 0.757812 0.443359 0.759766 0.443359 0.763672 0.447266 0.767578 0.449219 0.767578 0.453125 0.763672 0.453125 0.759766
0 0.857422 0.765625 0.847656 0.765625 0.839844 0.771484 0.839844 0.779297 0.843750 0.783203 0.843750 0.785156 0.835938 0.792969 0.835938 0.794922 0.839844 0.798828 0.841797 0.798828 0.849609 0.789062 0.857422 0.789062 0.865234 0.781250 0.863281 0.777344 0.863281 0.771484
0 0.949219 0.767578 0.947266 0.767578 0.943359 0.771484 0.943359 0.775391 0.947266 0.779297 0.949219 0.777344 0.951172 0.777344 0.953125 0.775391 0.953125 0.771484
0 0.474609 0.773438 0.470703 0.777344 0.470703 0.781250 0.476562 0.787109 0.478516 0.787109 0.480469 0.789062 0.486328 0.789062 0.488281 0.787109 0.488281 0.783203 0.490234 0.781250 0.484375 0.775391 0.482422 0.775391 0.480469 0.773438
0 0.394531 0.779297 0.390625 0.779297 0.388672 0.781250 0.388672 0.785156 0.392578 0.789062 0.394531 0.787109 0.396484 0.787109 0.398438 0.785156 0.398438 0.783203
0 0.541016 0.794922 0.539062 0.796875 0.539062 0.798828 0.542969 0.802734 0.544922 0.802734 0.546875 0.800781 0.546875 0.796875 0.544922 0.794922
0 0.761719 0.798828 0.759766 0.800781 0.759766 0.804688 0.761719 0.806641 0.763672 0.806641 0.765625 0.804688 0.765625 0.800781 0.763672 0.798828
0 0.373047 0.800781 0.369141 0.800781 0.367188 0.802734 0.367188 0.804688 0.371094 0.808594 0.375000 0.804688 0.375000 0.802734
0 0.433594 0.802734 0.427734 0.802734 0.425781 0.804688 0.417969 0.804688 0.414062 0.808594 0.416016 0.810547 0.416016 0.812500 0.417969 0.814453 0.419922 0.820312 0.425781 0.824219 0.431641 0.822266 0.435547 0.818359 0.435547 0.804688
0 0.556641 0.802734 0.554688 0.804688 0.554688 0.808594 0.558594 0.812500 0.560547 0.812500 0.564453 0.808594 0.564453 0.806641 0.560547 0.802734
0 0.609375 0.802734 0.605469 0.802734 0.603516 0.804688 0.603516 0.810547 0.607422 0.814453 0.613281 0.808594 0.613281 0.806641
0 0.908203 0.808594 0.906250 0.808594 0.900391 0.814453 0.900391 0.818359 0.906250 0.824219 0.912109 0.818359 0.912109 0.812500
0 0.871094 0.816406 0.869141 0.818359 0.869141 0.820312 0.871094 0.822266 0.873047 0.820312 0.873047 0.818359
0 0.611328 0.824219 0.609375 0.826172 0.609375 0.828125 0.611328 0.830078 0.613281 0.830078 0.615234 0.828125 0.615234 0.826172 0.613281 0.824219
0 0.687500 0.824219 0.675781 0.824219 0.671875 0.826172 0.662109 0.839844 0.662109 0.851562 0.669922 0.859375 0.673828 0.859375 0.675781 0.861328 0.685547 0.857422 0.697266 0.843750 0.697266 0.833984
0 0.724609 0.824219 0.718750 0.830078 0.718750 0.835938 0.720703 0.837891 0.720703 0.839844 0.724609 0.843750 0.726562 0.843750 0.728516 0.845703 0.734375 0.841797 0.734375 0.839844 0.736328 0.837891 0.736328 0.833984 0.734375 0.832031 0.734375 0.830078 0.730469 0.826172
0 0.810547 0.830078 0.804688 0.835938 0.804688 0.837891 0.806641 0.839844 0.806641 0.843750 0.810547 0.847656 0.816406 0.847656 0.820312 0.843750 0.820312 0.833984 0.816406 0.830078
0 0.851562 0.833984 0.849609 0.833984 0.845703 0.837891 0.845703 0.839844 0.847656 0.841797 0.851562 0.841797 0.853516 0.839844 0.853516 0.835938
0 0.945312 0.845703 0.943359 0.851562 0.945312 0.857422 0.957031 0.865234 0.982422 0.863281 0.990234 0.855469 0.990234 0.843750 0.988281 0.839844 0.976562 0.832031 0.958984 0.832031 0.955078 0.833984
0 0.632812 0.835938 0.630859 0.835938 0.628906 0.837891 0.628906 0.839844 0.630859 0.841797 0.634766 0.837891
0 0.886719 0.837891 0.882812 0.841797 0.882812 0.843750 0.880859 0.845703 0.880859 0.853516 0.884766 0.857422 0.892578 0.857422 0.900391 0.849609 0.902344 0.843750 0.898438 0.839844 0.894531 0.839844 0.892578 0.837891
0 0.457031 0.841797 0.455078 0.843750 0.455078 0.845703 0.457031 0.847656 0.458984 0.845703 0.458984 0.843750
0 0.390625 0.849609 0.386719 0.853516 0.386719 0.859375 0.392578 0.865234 0.398438 0.865234 0.404297 0.859375 0.404297 0.855469 0.398438 0.849609
0 0.455078 0.857422 0.451172 0.861328 0.451172 0.865234 0.453125 0.867188 0.455078 0.867188 0.460938 0.873047 0.462891 0.873047 0.464844 0.875000 0.468750 0.875000 0.472656 0.871094 0.470703 0.865234 0.468750 0.863281 0.466797 0.863281 0.460938 0.859375 0.457031 0.859375
0 0.609375 0.855469 0.607422 0.857422 0.609375 0.859375 0.611328 0.857422
0 0.767578 0.857422 0.763672 0.861328 0.765625 0.863281 0.765625 0.869141 0.771484 0.875000 0.779297 0.875000 0.785156 0.869141 0.785156 0.861328 0.783203 0.859375 0.783203 0.857422 0.781250 0.855469 0.771484 0.855469 0.769531 0.857422
0 0.810547 0.857422 0.804688 0.863281 0.804688 0.875000 0.808594 0.880859 0.810547 0.880859 0.812500 0.882812 0.818359 0.882812 0.824219 0.878906 0.824219 0.876953 0.826172 0.875000 0.826172 0.867188 0.820312 0.859375 0.818359 0.859375 0.816406 0.857422
0 0.841797 0.857422 0.837891 0.861328 0.837891 0.863281 0.839844 0.865234 0.837891 0.867188 0.841797 0.871094 0.843750 0.871094 0.847656 0.867188 0.847656 0.861328 0.845703 0.859375 0.843750 0.859375
0 0.861328 0.857422 0.857422 0.861328 0.863281 0.867188 0.867188 0.863281 0.867188 0.861328 0.863281 0.857422
0 0.507812 0.861328 0.498047 0.861328 0.488281 0.873047 0.501953 0.886719 0.492188 0.896484 0.484375 0.929688 0.474609 0.919922 0.453125 0.960938 0.437500 0.949219 0.414062 0.955078 0.414062 0.966797 0.435547 0.998047 0.498047 0.998047 0.525391 0.970703 0.507812 0.935547 0.523438 0.898438
0 0.751953 0.861328 0.750000 0.863281 0.750000 0.865234 0.751953 0.867188 0.753906 0.867188 0.755859 0.865234 0.755859 0.863281 0.753906 0.861328
0 0.417969 0.863281 0.414062 0.867188 0.414062 0.873047 0.417969 0.876953 0.417969 0.878906 0.423828 0.884766 0.429688 0.880859 0.429688 0.871094 0.421875 0.863281
0 0.716797 0.869141 0.714844 0.871094 0.714844 0.875000 0.716797 0.876953 0.718750 0.876953 0.722656 0.873047 0.718750 0.869141
1 0.898438 0.867188 0.896484 0.869141 0.898438 0.871094 0.898438 0.878906 0.900391 0.880859 0.902344 0.880859 0.904297 0.878906 0.904297 0.873047 0.902344 0.871094 0.902344 0.869141 0.900391 0.867188
1 0.757812 0.875000 0.755859 0.876953 0.751953 0.875000 0.748047 0.878906 0.748047 0.886719 0.738281 0.898438 0.734375 0.906250 0.734375 0.910156 0.740234 0.916016 0.746094 0.916016 0.748047 0.914062 0.750000 0.906250 0.755859 0.898438 0.755859 0.892578 0.761719 0.884766 0.761719 0.880859
0 0.531250 0.888672 0.529297 0.890625 0.529297 0.894531 0.531250 0.896484 0.535156 0.896484 0.539062 0.892578 0.535156 0.888672
0 0.626953 0.886719 0.625000 0.888672 0.626953 0.890625 0.628906 0.890625 0.630859 0.888672 0.628906 0.886719
0 0.876953 0.888672 0.873047 0.892578 0.873047 0.894531 0.875000 0.896484 0.876953 0.896484 0.878906 0.898438 0.882812 0.894531 0.882812 0.892578 0.878906 0.888672
0 0.433594 0.890625 0.427734 0.892578 0.423828 0.898438 0.423828 0.910156 0.429688 0.916016 0.433594 0.916016 0.435547 0.914062 0.437500 0.914062 0.447266 0.902344 0.447266 0.898438 0.445312 0.896484 0.443359 0.896484
0 0.937500 0.892578 0.935547 0.894531 0.929688 0.894531 0.925781 0.896484 0.917969 0.906250 0.917969 0.914062 0.927734 0.925781 0.939453 0.925781 0.943359 0.923828 0.949219 0.916016 0.949219 0.904297 0.947266 0.902344 0.947266 0.898438
0 0.855469 0.906250 0.851562 0.910156 0.851562 0.912109 0.855469 0.916016 0.859375 0.916016 0.861328 0.914062 0.861328 0.912109 0.863281 0.910156 0.861328 0.908203 0.859375 0.908203 0.857422 0.906250
0 0.822266 0.914062 0.820312 0.916016 0.818359 0.916016 0.814453 0.919922 0.814453 0.923828 0.818359 0.927734 0.822266 0.927734 0.826172 0.923828 0.826172 0.919922 0.824219 0.917969 0.824219 0.916016
0 0.675781 0.917969 0.673828 0.919922 0.671875 0.919922 0.667969 0.923828 0.667969 0.929688 0.671875 0.933594 0.677734 0.933594 0.683594 0.927734 0.683594 0.925781 0.681641 0.923828 0.681641 0.921875 0.679688 0.919922 0.677734 0.919922
0 0.646484 0.931641 0.644531 0.933594 0.644531 0.937500 0.648438 0.941406 0.652344 0.937500 0.652344 0.935547 0.648438 0.931641
0 0.332031 0.941406 0.326172 0.947266 0.326172 0.951172 0.333984 0.958984 0.339844 0.958984 0.345703 0.953125 0.345703 0.947266 0.341797 0.943359 0.339844 0.943359 0.337891 0.941406
0 0.812500 0.947266 0.810547 0.947266 0.804688 0.953125 0.810547 0.958984 0.812500 0.957031 0.814453 0.957031 0.816406 0.955078 0.816406 0.951172
0 0.861328 0.953125 0.853516 0.953125 0.849609 0.958984 0.849609 0.964844 0.855469 0.970703 0.857422 0.970703 0.859375 0.968750 0.861328 0.968750 0.865234 0.964844 0.865234 0.957031
0 0.748047 0.964844 0.746094 0.968750 0.748047 0.980469 0.757812 0.988281 0.769531 0.990234 0.771484 0.988281 0.777344 0.988281 0.785156 0.982422 0.785156 0.970703 0.779297 0.962891 0.767578 0.957031 0.755859 0.958984
0 0.951172 0.962891 0.947266 0.966797 0.947266 0.968750 0.953125 0.974609 0.955078 0.974609 0.958984 0.970703 0.958984 0.968750 0.953125 0.962891
0 0.718750 0.976562 0.714844 0.980469 0.714844 0.982422 0.712891 0.984375 0.718750 0.990234 0.720703 0.990234 0.726562 0.984375 0.726562 0.980469 0.724609 0.978516 0.720703 0.978516
0 0.878906 0.980469 0.876953 0.980469 0.875000 0.982422 0.875000 0.984375 0.876953 0.986328 0.880859 0.982422
0 0.908203 0.986328 0.904297 0.986328 0.900391 0.990234 0.900391 0.992188 0.904297 0.996094 0.906250 0.996094 0.912109 0.990234
1 0.796875 0.996094 0.796875 0.998047 0.818359 0.998047 0.814453 0.994141 0.808594 0.994141 0.806641 0.992188 0.800781 0.992188
