0 0.103516 0.027344 0.099609 0.031250 0.099609 0.035156 0.101562 0.037109 0.101562 0.039062 0.103516 0.041016 0.105469 0.041016 0.107422 0.042969 0.109375 0.042969 0.115234 0.037109 0.115234 0.031250 0.111328 0.027344
0 0.042969 0.062500 0.042969 0.066406 0.046875 0.070312 0.052734 0.070312 0.054688 0.068359 0.056641 0.068359 0.058594 0.066406 0.058594 0.062500 0.056641 0.060547 0.054688 0.060547 0.052734 0.058594 0.046875 0.058594
0 0.140625 0.058594 0.138672 0.060547 0.138672 0.062500 0.142578 0.066406 0.146484 0.062500 0.142578 0.058594
1 0.132812 0.085938 0.050781 0.181641 0.000000 0.166016 0.000000 0.482422 0.050781 0.501953 0.023438 0.595703 0.054688 0.613281 0.158203 0.548828 0.175781 0.660156 0.113281 0.726562 0.257812 0.923828 0.300781 0.880859 0.349609 0.890625 0.347656 0.992188 0.382812 0.890625 0.513672 0.892578 0.591797 0.822266 0.541016 0.791016 0.564453 0.765625 0.509766 0.753906 0.511719 0.849609 0.279297 0.853516 0.195312 0.804688 0.169922 0.728516 0.359375 0.685547 0.298828 0.658203 0.361328 0.619141 0.365234 0.527344 0.261719 0.513672 0.296875 0.470703 0.208984 0.472656 0.144531 0.423828 0.224609 0.351562 0.150391 0.390625 0.162109 0.296875 0.111328 0.316406 0.134766 0.351562 0.105469 0.378906 0.070312 0.357422 0.064453 0.210938
0 0.000000 0.126953 0.000000 0.138672 0.005859 0.138672 0.007812 0.140625 0.011719 0.136719 0.011719 0.132812 0.007812 0.128906 0.005859 0.128906 0.003906 0.126953
0 0.166016 0.134766 0.166016 0.130859 0.160156 0.125000 0.158203 0.125000 0.154297 0.128906 0.150391 0.128906 0.148438 0.130859 0.146484 0.128906 0.140625 0.128906 0.138672 0.130859 0.138672 0.132812 0.144531 0.138672 0.148438 0.138672 0.150391 0.140625 0.152344 0.138672 0.156250 0.138672 0.158203 0.140625 0.160156 0.140625
0 0.025391 0.167969 0.021484 0.171875 0.021484 0.173828 0.025391 0.177734 0.027344 0.177734 0.029297 0.175781 0.029297 0.169922 0.027344 0.167969
0 0.753906 0.207031 0.751953 0.208984 0.751953 0.210938 0.753906 0.212891 0.755859 0.212891 0.757812 0.210938 0.757812 0.208984 0.755859 0.207031
0 0.820312 0.218750 0.816406 0.222656 0.816406 0.226562 0.820312 0.230469 0.824219 0.230469 0.826172 0.228516 0.826172 0.222656 0.822266 0.218750
0 0.863281 0.234375 0.859375 0.238281 0.859375 0.240234 0.863281 0.244141 0.863281 0.246094 0.865234 0.248047 0.867188 0.246094 0.867188 0.244141 0.869141 0.242188 0.869141 0.238281 0.865234 0.234375
0 0.685547 0.255859 0.679688 0.261719 0.683594 0.265625 0.685547 0.265625 0.689453 0.261719 0.689453 0.259766
0 0.390625 0.259766 0.386719 0.263672 0.386719 0.265625 0.384766 0.267578 0.384766 0.271484 0.386719 0.273438 0.386719 0.275391 0.390625 0.279297 0.394531 0.279297 0.398438 0.275391 0.398438 0.267578 0.396484 0.265625 0.396484 0.263672 0.394531 0.261719 0.392578 0.261719
0 0.921875 0.273438 0.919922 0.275391 0.921875 0.277344 0.923828 0.275391
0 0.865234 0.306641 0.861328 0.310547 0.861328 0.314453 0.865234 0.318359 0.869141 0.318359 0.873047 0.314453 0.873047 0.310547 0.869141 0.306641
0 0.236328 0.320312 0.230469 0.326172 0.236328 0.332031 0.242188 0.332031 0.246094 0.328125 0.246094 0.324219 0.244141 0.322266 0.242188 0.322266 0.240234 0.320312
0 0.257812 0.320312 0.255859 0.320312 0.253906 0.322266 0.253906 0.324219 0.255859 0.326172 0.259766 0.322266
0 0.527344 0.320312 0.521484 0.326172 0.521484 0.328125 0.519531 0.330078 0.519531 0.335938 0.525391 0.341797 0.533203 0.341797 0.539062 0.335938 0.539062 0.328125 0.537109 0.326172 0.537109 0.324219 0.533203 0.320312
0 0.277344 0.326172 0.275391 0.328125 0.277344 0.330078 0.279297 0.328125
0 0.304688 0.333984 0.308594 0.337891 0.312500 0.337891 0.314453 0.335938 0.314453 0.333984 0.312500 0.332031 0.306641 0.332031
0 0.859375 0.343750 0.857422 0.341797 0.855469 0.343750 0.841797 0.343750 0.835938 0.347656 0.835938 0.349609 0.833984 0.351562 0.833984 0.355469 0.839844 0.361328 0.851562 0.361328 0.853516 0.359375 0.855469 0.359375 0.859375 0.353516
0 0.292969 0.343750 0.289062 0.343750 0.287109 0.345703 0.287109 0.347656 0.291016 0.351562 0.294922 0.347656 0.294922 0.345703
0 0.375000 0.357422 0.373047 0.357422 0.371094 0.359375 0.371094 0.363281 0.373047 0.365234 0.376953 0.361328 0.376953 0.359375
0 0.654297 0.359375 0.652344 0.361328 0.650391 0.361328 0.646484 0.367188 0.646484 0.375000 0.644531 0.376953 0.648438 0.380859 0.650391 0.378906 0.652344 0.378906 0.654297 0.376953 0.656250 0.376953 0.660156 0.373047 0.660156 0.365234
0 0.396484 0.376953 0.394531 0.378906 0.396484 0.380859 0.398438 0.378906
0 0.521484 0.382812 0.519531 0.384766 0.519531 0.388672 0.521484 0.390625 0.523438 0.390625 0.525391 0.388672 0.525391 0.384766 0.523438 0.382812
0 0.255859 0.386719 0.253906 0.388672 0.255859 0.390625 0.257812 0.390625 0.259766 0.388672 0.257812 0.386719
0 0.302734 0.398438 0.298828 0.402344 0.298828 0.404297 0.300781 0.406250 0.302734 0.406250 0.304688 0.404297 0.304688 0.400391
0 0.414062 0.410156 0.412109 0.412109 0.414062 0.414062 0.414062 0.416016 0.416016 0.417969 0.417969 0.417969 0.419922 0.416016 0.417969 0.414062 0.417969 0.412109 0.416016 0.410156
0 0.648438 0.410156 0.644531 0.414062 0.644531 0.421875 0.646484 0.423828 0.648438 0.423828 0.650391 0.425781 0.652344 0.425781 0.658203 0.419922 0.658203 0.416016 0.652344 0.410156
0 0.869141 0.423828 0.867188 0.425781 0.867188 0.427734 0.869141 0.429688 0.871094 0.427734 0.871094 0.425781
0 0.273438 0.427734 0.269531 0.431641 0.273438 0.435547 0.277344 0.435547 0.281250 0.431641 0.277344 0.427734
0 0.320312 0.427734 0.318359 0.429688 0.320312 0.431641 0.322266 0.429688
0 0.394531 0.425781 0.392578 0.427734 0.394531 0.429688 0.396484 0.429688 0.398438 0.427734 0.396484 0.425781
0 0.291016 0.431641 0.287109 0.435547 0.287109 0.441406 0.289062 0.443359 0.291016 0.441406 0.292969 0.443359 0.294922 0.443359 0.296875 0.441406 0.296875 0.439453 0.298828 0.437500 0.292969 0.431641
0 0.300781 0.445312 0.296875 0.449219 0.298828 0.451172 0.302734 0.447266
0 0.365234 0.457031 0.361328 0.460938 0.369141 0.472656 0.367188 0.480469 0.375000 0.488281 0.382812 0.490234 0.388672 0.484375 0.388672 0.480469 0.390625 0.478516 0.388672 0.476562 0.390625 0.474609 0.390625 0.466797 0.382812 0.462891 0.373047 0.455078 0.371094 0.457031
0 0.492188 0.466797 0.488281 0.470703 0.490234 0.472656 0.492188 0.472656 0.494141 0.470703 0.494141 0.468750
0 0.314453 0.478516 0.312500 0.480469 0.312500 0.484375 0.314453 0.486328 0.314453 0.488281 0.316406 0.490234 0.318359 0.488281 0.320312 0.490234 0.322266 0.488281 0.322266 0.484375 0.316406 0.478516
0 0.878906 0.476562 0.876953 0.478516 0.880859 0.482422 0.882812 0.480469 0.882812 0.478516 0.880859 0.476562
1 0.335938 0.501953 0.333984 0.503906 0.333984 0.505859 0.335938 0.507812 0.333984 0.509766 0.333984 0.517578 0.337891 0.521484 0.339844 0.521484 0.341797 0.519531 0.341797 0.511719 0.343750 0.509766 0.343750 0.507812 0.341797 0.505859 0.343750 0.503906 0.341797 0.501953
0 0.306641 0.507812 0.304688 0.509766 0.304688 0.511719 0.306641 0.513672 0.308594 0.511719 0.308594 0.509766
0 0.404297 0.523438 0.402344 0.525391 0.404297 0.527344 0.406250 0.527344 0.408203 0.525391 0.406250 0.523438
0 0.689453 0.531250 0.687500 0.533203 0.691406 0.537109 0.693359 0.535156 0.693359 0.533203 0.691406 0.531250
0 0.406250 0.537109 0.402344 0.546875 0.404297 0.554688 0.396484 0.562500 0.394531 0.568359 0.398438 0.570312 0.408203 0.562500 0.414062 0.570312 0.404297 0.576172 0.406250 0.578125 0.404297 0.582031 0.406250 0.583984 0.417969 0.580078 0.425781 0.582031 0.431641 0.566406 0.423828 0.552734 0.417969 0.550781 0.412109 0.544922 0.412109 0.541016
0 0.625000 0.535156 0.623047 0.537109 0.625000 0.539062 0.626953 0.537109
0 0.281250 0.546875 0.279297 0.548828 0.279297 0.552734 0.281250 0.554688 0.283203 0.552734 0.285156 0.552734 0.287109 0.550781 0.285156 0.548828 0.283203 0.548828
0 0.722656 0.550781 0.720703 0.552734 0.720703 0.554688 0.724609 0.558594 0.728516 0.554688 0.724609 0.550781
0 0.369141 0.564453 0.367188 0.566406 0.373047 0.572266 0.376953 0.568359 0.373047 0.564453
0 0.689453 0.566406 0.687500 0.568359 0.689453 0.570312 0.689453 0.572266 0.693359 0.576172 0.697266 0.572266 0.695312 0.570312 0.695312 0.568359 0.693359 0.566406
0 0.712891 0.572266 0.710938 0.574219 0.708984 0.574219 0.707031 0.576172 0.707031 0.580078 0.712891 0.585938 0.716797 0.582031 0.716797 0.578125 0.718750 0.576172 0.716797 0.574219 0.714844 0.574219
0 0.380859 0.580078 0.378906 0.582031 0.380859 0.583984 0.382812 0.582031
1 0.443359 0.578125 0.441406 0.580078 0.441406 0.583984 0.443359 0.585938 0.443359 0.591797 0.441406 0.593750 0.445312 0.597656 0.447266 0.597656 0.449219 0.595703 0.449219 0.589844 0.451172 0.587891 0.451172 0.582031 0.449219 0.580078 0.447266 0.580078 0.445312 0.578125
0 0.574219 0.585938 0.574219 0.593750 0.580078 0.599609 0.585938 0.599609 0.587891 0.597656 0.597656 0.597656 0.599609 0.599609 0.601562 0.597656 0.601562 0.589844 0.603516 0.587891 0.603516 0.583984 0.597656 0.578125 0.583984 0.578125 0.580078 0.580078
0 0.664062 0.585938 0.656250 0.585938 0.654297 0.587891 0.652344 0.587891 0.644531 0.595703 0.644531 0.601562 0.648438 0.605469 0.650391 0.605469 0.652344 0.607422 0.656250 0.607422 0.658203 0.605469 0.660156 0.605469 0.666016 0.599609 0.666016 0.597656 0.667969 0.595703 0.667969 0.589844
0 0.511719 0.591797 0.509766 0.593750 0.511719 0.595703 0.513672 0.595703 0.515625 0.593750 0.513672 0.591797
0 0.699219 0.589844 0.697266 0.589844 0.693359 0.593750 0.691406 0.593750 0.689453 0.595703 0.689453 0.597656 0.685547 0.603516 0.689453 0.609375 0.693359 0.609375 0.699219 0.603516 0.699219 0.601562 0.703125 0.595703
0 0.968750 0.593750 0.966797 0.595703 0.968750 0.597656 0.970703 0.595703
0 0.398438 0.597656 0.396484 0.599609 0.398438 0.601562 0.400391 0.601562 0.402344 0.599609 0.400391 0.597656
1 0.671875 0.603516 0.667969 0.607422 0.669922 0.615234 0.667969 0.617188 0.666016 0.626953 0.673828 0.636719 0.673828 0.640625 0.679688 0.646484 0.693359 0.634766 0.675781 0.613281 0.677734 0.605469 0.675781 0.603516
0 0.378906 0.605469 0.376953 0.607422 0.376953 0.609375 0.378906 0.611328 0.380859 0.609375 0.380859 0.607422
0 0.796875 0.605469 0.792969 0.609375 0.792969 0.613281 0.796875 0.617188 0.800781 0.617188 0.802734 0.615234 0.802734 0.613281 0.804688 0.611328 0.804688 0.609375 0.800781 0.605469
0 0.541016 0.623047 0.539062 0.625000 0.539062 0.630859 0.541016 0.632812 0.542969 0.632812 0.544922 0.630859 0.544922 0.628906 0.546875 0.626953 0.542969 0.623047
1 0.615234 0.623047 0.613281 0.621094 0.609375 0.621094 0.599609 0.632812 0.595703 0.632812 0.593750 0.630859 0.587891 0.636719 0.591797 0.640625 0.597656 0.640625 0.605469 0.632812 0.607422 0.632812 0.609375 0.634766 0.615234 0.628906
0 0.513672 0.638672 0.511719 0.636719 0.509766 0.638672 0.501953 0.638672 0.500000 0.640625 0.500000 0.642578 0.505859 0.648438 0.507812 0.648438 0.509766 0.646484 0.509766 0.642578
0 0.525391 0.640625 0.521484 0.640625 0.517578 0.644531 0.517578 0.650391 0.519531 0.652344 0.521484 0.652344 0.523438 0.650391 0.523438 0.648438 0.527344 0.644531 0.527344 0.642578
0 0.669922 0.654297 0.667969 0.656250 0.667969 0.658203 0.666016 0.660156 0.671875 0.666016 0.675781 0.666016 0.679688 0.662109 0.679688 0.658203 0.675781 0.654297
0 0.384766 0.658203 0.382812 0.660156 0.382812 0.664062 0.384766 0.666016 0.388672 0.666016 0.390625 0.664062 0.390625 0.660156 0.388672 0.658203
0 0.488281 0.658203 0.486328 0.660156 0.488281 0.662109 0.488281 0.664062 0.490234 0.666016 0.492188 0.664062 0.492188 0.660156 0.490234 0.658203
0 0.535156 0.658203 0.533203 0.660156 0.535156 0.662109 0.537109 0.662109 0.539062 0.660156 0.537109 0.658203
0 0.890625 0.656250 0.888672 0.658203 0.888672 0.660156 0.890625 0.662109 0.892578 0.660156 0.892578 0.658203
0 0.638672 0.662109 0.636719 0.664062 0.636719 0.667969 0.638672 0.669922 0.640625 0.669922 0.644531 0.666016 0.640625 0.662109
0 0.917969 0.664062 0.916016 0.664062 0.910156 0.669922 0.910156 0.671875 0.914062 0.675781 0.916016 0.675781 0.921875 0.669922 0.921875 0.667969
1 0.513672 0.669922 0.511719 0.671875 0.511719 0.673828 0.517578 0.679688 0.517578 0.681641 0.515625 0.683594 0.519531 0.687500 0.521484 0.687500 0.527344 0.681641 0.525391 0.679688 0.523438 0.679688 0.517578 0.673828 0.517578 0.671875 0.515625 0.669922
0 0.419922 0.671875 0.417969 0.673828 0.417969 0.677734 0.419922 0.679688 0.421875 0.679688 0.423828 0.677734 0.423828 0.675781
0 0.732422 0.671875 0.728516 0.675781 0.732422 0.679688 0.736328 0.675781
0 0.871094 0.671875 0.867188 0.671875 0.865234 0.673828 0.865234 0.675781 0.869141 0.679688 0.873047 0.675781 0.873047 0.673828
1 0.662109 0.677734 0.638672 0.691406 0.642578 0.697266 0.632812 0.710938 0.650391 0.722656 0.666016 0.714844 0.671875 0.718750 0.658203 0.734375 0.671875 0.746094 0.648438 0.777344 0.636719 0.785156 0.626953 0.773438 0.638672 0.755859 0.630859 0.742188 0.611328 0.748047 0.619141 0.769531 0.615234 0.775391 0.601562 0.765625 0.603516 0.750000 0.597656 0.744141 0.580078 0.759766 0.582031 0.771484 0.603516 0.787109 0.597656 0.794922 0.589844 0.792969 0.587891 0.802734 0.593750 0.806641 0.599609 0.798828 0.607422 0.810547 0.599609 0.839844 0.582031 0.851562 0.587891 0.863281 0.597656 0.859375 0.597656 0.847656 0.626953 0.814453 0.652344 0.808594 0.675781 0.791016 0.677734 0.765625 0.695312 0.738281 0.685547 0.730469 0.687500 0.714844
1 0.677734 0.675781 0.675781 0.677734 0.675781 0.681641 0.679688 0.685547 0.679688 0.689453 0.677734 0.691406 0.679688 0.693359 0.683594 0.693359 0.687500 0.689453 0.681641 0.683594 0.683594 0.681641 0.681641 0.679688 0.681641 0.677734 0.679688 0.675781
0 0.406250 0.681641 0.404297 0.683594 0.404297 0.689453 0.410156 0.695312 0.412109 0.695312 0.416016 0.691406 0.416016 0.685547 0.414062 0.683594 0.412109 0.685547 0.408203 0.681641
1 0.363281 0.693359 0.361328 0.693359 0.355469 0.699219 0.355469 0.703125 0.357422 0.705078 0.357422 0.708984 0.355469 0.710938 0.355469 0.712891 0.351562 0.716797 0.355469 0.720703 0.357422 0.718750 0.359375 0.718750 0.363281 0.714844 0.361328 0.712891 0.361328 0.710938 0.367188 0.701172 0.367188 0.697266
0 0.423828 0.697266 0.421875 0.699219 0.421875 0.703125 0.423828 0.705078 0.423828 0.708984 0.425781 0.710938 0.427734 0.710938 0.429688 0.708984 0.429688 0.703125 0.427734 0.701172 0.427734 0.699219 0.425781 0.697266
0 0.558594 0.703125 0.554688 0.703125 0.552734 0.705078 0.552734 0.707031 0.556641 0.710938 0.560547 0.707031 0.560547 0.705078
0 0.412109 0.712891 0.408203 0.716797 0.412109 0.720703 0.414062 0.720703 0.416016 0.718750 0.416016 0.714844 0.414062 0.712891
1 0.546875 0.718750 0.541016 0.712891 0.539062 0.712891 0.533203 0.718750 0.533203 0.722656 0.529297 0.726562 0.525391 0.726562 0.519531 0.720703 0.513672 0.720703 0.511719 0.722656 0.511719 0.728516 0.513672 0.730469 0.517578 0.730469 0.521484 0.734375 0.523438 0.732422 0.527344 0.734375 0.537109 0.724609 0.541016 0.726562 0.546875 0.720703
0 0.451172 0.714844 0.445312 0.720703 0.445312 0.724609 0.443359 0.726562 0.443359 0.728516 0.445312 0.730469 0.445312 0.732422 0.451172 0.738281 0.460938 0.738281 0.466797 0.732422 0.466797 0.728516 0.462891 0.722656 0.462891 0.718750 0.458984 0.714844
0 0.718750 0.714844 0.712891 0.720703 0.712891 0.722656 0.716797 0.726562 0.722656 0.720703 0.722656 0.718750
0 0.326172 0.722656 0.320312 0.728516 0.320312 0.730469 0.326172 0.736328 0.330078 0.736328 0.333984 0.732422 0.333984 0.726562 0.330078 0.722656
0 0.480469 0.732422 0.480469 0.734375 0.484375 0.738281 0.488281 0.738281 0.490234 0.736328 0.492188 0.736328 0.494141 0.734375 0.494141 0.732422 0.490234 0.728516 0.484375 0.728516
0 0.593750 0.728516 0.591797 0.730469 0.593750 0.732422 0.595703 0.732422 0.597656 0.730469 0.595703 0.728516
0 0.609375 0.728516 0.607422 0.726562 0.605469 0.728516 0.603516 0.728516 0.601562 0.730469 0.603516 0.732422 0.607422 0.732422 0.609375 0.730469
0 0.730469 0.726562 0.726562 0.730469 0.726562 0.736328 0.738281 0.748047 0.738281 0.757812 0.736328 0.759766 0.736328 0.765625 0.730469 0.777344 0.730469 0.783203 0.734375 0.787109 0.748047 0.773438 0.755859 0.773438 0.759766 0.775391 0.763672 0.771484 0.763672 0.757812 0.767578 0.750000 0.761719 0.744141 0.755859 0.750000 0.757812 0.753906 0.753906 0.757812 0.751953 0.757812 0.746094 0.751953 0.746094 0.736328 0.736328 0.726562
0 0.779297 0.726562 0.777344 0.728516 0.777344 0.738281 0.773438 0.742188 0.779297 0.748047 0.783203 0.748047 0.789062 0.742188 0.789062 0.740234 0.783203 0.734375 0.783203 0.730469
0 0.253906 0.738281 0.251953 0.740234 0.251953 0.742188 0.253906 0.744141 0.255859 0.742188 0.255859 0.740234
0 0.345703 0.746094 0.341797 0.750000 0.341797 0.755859 0.345703 0.759766 0.349609 0.759766 0.355469 0.753906 0.355469 0.750000 0.351562 0.746094
0 0.710938 0.748047 0.708984 0.750000 0.708984 0.751953 0.710938 0.753906 0.712891 0.751953 0.712891 0.750000
0 0.457031 0.759766 0.453125 0.759766 0.447266 0.765625 0.447266 0.771484 0.451172 0.775391 0.453125 0.775391 0.455078 0.773438 0.457031 0.773438 0.462891 0.767578 0.462891 0.765625
0 0.849609 0.765625 0.847656 0.763672 0.843750 0.763672 0.841797 0.765625 0.839844 0.765625 0.833984 0.771484 0.833984 0.773438 0.835938 0.775391 0.849609 0.775391 0.851562 0.773438 0.851562 0.769531 0.849609 0.767578
0 0.279297 0.765625 0.275391 0.769531 0.275391 0.773438 0.279297 0.777344 0.281250 0.777344 0.285156 0.773438 0.285156 0.769531 0.281250 0.765625
0 0.425781 0.767578 0.421875 0.771484 0.421875 0.777344 0.425781 0.781250 0.427734 0.781250 0.431641 0.777344 0.431641 0.771484 0.427734 0.767578
0 0.498047 0.767578 0.496094 0.769531 0.496094 0.771484 0.498047 0.773438 0.500000 0.773438 0.501953 0.771484 0.501953 0.769531 0.500000 0.767578
0 0.896484 0.779297 0.894531 0.781250 0.894531 0.783203 0.896484 0.785156 0.898438 0.785156 0.900391 0.783203
0 0.857422 0.781250 0.853516 0.785156 0.853516 0.791016 0.857422 0.794922 0.861328 0.794922 0.867188 0.789062 0.867188 0.785156 0.865234 0.783203 0.863281 0.783203 0.861328 0.781250
0 0.878906 0.781250 0.875000 0.785156 0.875000 0.791016 0.878906 0.794922 0.880859 0.794922 0.886719 0.789062 0.886719 0.787109 0.880859 0.781250
0 0.443359 0.789062 0.439453 0.792969 0.443359 0.796875 0.447266 0.796875 0.449219 0.794922 0.449219 0.791016 0.447266 0.789062
0 0.763672 0.798828 0.761719 0.800781 0.761719 0.808594 0.769531 0.816406 0.773438 0.816406 0.777344 0.812500 0.767578 0.802734 0.767578 0.800781 0.765625 0.798828
0 0.900391 0.816406 0.898438 0.818359 0.898438 0.822266 0.900391 0.824219 0.902344 0.824219 0.904297 0.822266 0.904297 0.818359 0.902344 0.816406
1 0.683594 0.828125 0.677734 0.824219 0.675781 0.826172 0.673828 0.826172 0.671875 0.828125 0.669922 0.828125 0.667969 0.830078 0.666016 0.830078 0.662109 0.835938 0.666016 0.839844 0.669922 0.839844 0.671875 0.837891 0.675781 0.837891 0.681641 0.833984 0.681641 0.832031 0.683594 0.830078
0 0.457031 0.828125 0.455078 0.828125 0.453125 0.830078 0.451172 0.830078 0.449219 0.832031 0.449219 0.837891 0.451172 0.839844 0.451172 0.841797 0.453125 0.843750 0.455078 0.843750 0.460938 0.837891 0.460938 0.832031
1 0.767578 0.847656 0.757812 0.837891 0.742188 0.847656 0.759766 0.867188 0.753906 0.884766 0.734375 0.892578 0.738281 0.900391 0.730469 0.908203 0.718750 0.892578 0.697266 0.917969 0.683594 0.921875 0.669922 0.910156 0.646484 0.931641 0.626953 0.927734 0.617188 0.935547 0.599609 0.935547 0.595703 0.943359 0.611328 0.951172 0.625000 0.970703 0.642578 0.970703 0.664062 0.957031 0.681641 0.957031 0.681641 0.939453 0.708984 0.923828 0.726562 0.933594 0.722656 0.957031 0.734375 0.970703 0.744141 0.972656 0.765625 0.949219 0.765625 0.935547 0.761719 0.931641 0.751953 0.941406 0.734375 0.923828 0.742188 0.916016 0.769531 0.916016 0.775391 0.925781 0.781250 0.919922 0.781250 0.898438 0.761719 0.890625
0 0.863281 0.849609 0.861328 0.851562 0.861328 0.853516 0.863281 0.855469 0.865234 0.853516 0.865234 0.851562
0 0.873047 0.880859 0.871094 0.882812 0.871094 0.884766 0.873047 0.886719 0.875000 0.884766 0.875000 0.882812
0 0.900391 0.892578 0.896484 0.896484 0.896484 0.904297 0.900391 0.912109 0.900391 0.917969 0.896484 0.921875 0.896484 0.923828 0.902344 0.927734 0.906250 0.927734 0.914062 0.917969 0.914062 0.900391 0.906250 0.892578
0 0.796875 0.898438 0.794922 0.900391 0.794922 0.904297 0.796875 0.906250 0.800781 0.906250 0.802734 0.904297 0.802734 0.902344 0.798828 0.898438
0 0.818359 0.900391 0.814453 0.904297 0.814453 0.921875 0.820312 0.927734 0.828125 0.927734 0.830078 0.929688 0.833984 0.929688 0.837891 0.925781 0.837891 0.921875 0.826172 0.910156 0.824219 0.904297
0 0.869141 0.904297 0.867188 0.906250 0.869141 0.908203 0.871094 0.908203 0.873047 0.906250 0.871094 0.904297
0 0.953125 0.902344 0.951172 0.902344 0.947266 0.906250 0.947266 0.908203 0.951172 0.912109 0.955078 0.908203 0.955078 0.904297
0 0.462891 0.906250 0.460938 0.908203 0.458984 0.908203 0.457031 0.910156 0.457031 0.912109 0.462891 0.917969 0.464844 0.917969 0.468750 0.914062 0.468750 0.910156 0.466797 0.908203 0.464844 0.908203
0 0.853516 0.908203 0.851562 0.910156 0.851562 0.914062 0.853516 0.916016 0.857422 0.912109
0 0.548828 0.910156 0.541016 0.910156 0.535156 0.916016 0.535156 0.927734 0.537109 0.929688 0.531250 0.935547 0.533203 0.937500 0.537109 0.935547 0.548828 0.935547 0.554688 0.929688 0.556641 0.925781 0.556641 0.919922 0.554688 0.916016
0 0.921875 0.929688 0.917969 0.929688 0.916016 0.931641 0.914062 0.931641 0.912109 0.933594 0.912109 0.935547 0.919922 0.943359 0.925781 0.937500 0.925781 0.933594
0 0.945312 0.933594 0.943359 0.935547 0.943359 0.939453 0.947266 0.943359 0.951172 0.943359 0.955078 0.939453 0.949219 0.933594
1 0.873047 0.941406 0.869141 0.941406 0.867188 0.943359 0.867188 0.949219 0.871094 0.955078 0.869141 0.957031 0.871094 0.958984 0.867188 0.964844 0.869141 0.966797 0.871094 0.966797 0.875000 0.970703 0.875000 0.972656 0.876953 0.974609 0.873047 0.978516 0.869141 0.978516 0.865234 0.982422 0.869141 0.986328 0.876953 0.978516 0.878906 0.978516 0.882812 0.982422 0.884766 0.982422 0.890625 0.976562 0.890625 0.968750 0.884766 0.962891 0.880859 0.962891 0.873047 0.955078 0.876953 0.951172 0.875000 0.949219 0.875000 0.943359
0 0.798828 0.947266 0.792969 0.953125 0.792969 0.957031 0.800781 0.964844 0.804688 0.964844 0.810547 0.958984 0.810547 0.953125 0.804688 0.947266
0 0.847656 0.947266 0.843750 0.951172 0.843750 0.953125 0.841797 0.955078 0.841797 0.957031 0.847656 0.962891 0.853516 0.962891 0.861328 0.955078 0.857422 0.949219 0.855469 0.949219 0.853516 0.947266
0 0.828125 0.953125 0.826172 0.955078 0.826172 0.957031 0.828125 0.958984 0.830078 0.958984 0.832031 0.957031 0.832031 0.955078 0.830078 0.953125
0 0.957031 0.955078 0.953125 0.955078 0.949219 0.958984 0.949219 0.962891 0.953125 0.966797 0.955078 0.966797 0.958984 0.962891 0.958984 0.957031
1 0.601562 0.957031 0.593750 0.957031 0.591797 0.958984 0.591797 0.966797 0.595703 0.970703 0.591797 0.976562 0.591797 0.980469 0.593750 0.982422 0.595703 0.982422 0.599609 0.978516 0.597656 0.976562 0.603516 0.970703 0.603516 0.968750 0.605469 0.966797 0.605469 0.962891
0 0.710938 0.960938 0.708984 0.962891 0.710938 0.964844 0.712891 0.962891
0 0.716797 0.966797 0.714844 0.968750 0.714844 0.970703 0.718750 0.974609 0.722656 0.970703 0.718750 0.966797
0 0.699219 0.976562 0.695312 0.972656 0.689453 0.972656 0.683594 0.968750 0.677734 0.970703 0.673828 0.974609 0.673828 0.978516 0.671875 0.980469 0.671875 0.986328 0.673828 0.988281 0.666016 0.998047 0.675781 0.998047 0.679688 0.994141 0.683594 0.994141 0.693359 0.982422 0.697266 0.982422 0.699219 0.984375 0.701172 0.982422
0 0.935547 0.972656 0.933594 0.974609 0.933594 0.976562 0.931641 0.978516 0.931641 0.980469 0.933594 0.982422 0.933594 0.984375 0.935547 0.986328 0.937500 0.986328 0.943359 0.980469 0.941406 0.978516 0.941406 0.976562 0.937500 0.972656
0 0.650391 0.976562 0.646484 0.976562 0.644531 0.978516 0.644531 0.982422 0.648438 0.986328 0.652344 0.982422 0.652344 0.978516
0 0.537109 0.988281 0.537109 0.994141 0.539062 0.998047 0.570312 0.998047 0.568359 0.992188 0.560547 0.984375 0.556641 0.984375 0.550781 0.980469 0.544922 0.980469 0.541016 0.982422
0 0.794922 0.996094 0.794922 0.998047 0.802734 0.998047 0.798828 0.994141 0.796875 0.994141
0 0.818359 0.998047 0.814453 0.994141 0.810547 0.998047
0 0.908203 0.998047 0.904297 0.994141 0.900391 0.998047
