0 0.773438 0.021484 0.771484 0.023438 0.771484 0.025391 0.773438 0.027344 0.775391 0.027344 0.777344 0.025391
0 0.816406 0.103516 0.814453 0.105469 0.818359 0.109375 0.820312 0.107422 0.820312 0.105469 0.818359 0.103516
1 0.115234 0.201172 0.113281 0.212891 0.117188 0.216797 0.126953 0.218750 0.134766 0.203125 0.156250 0.212891 0.167969 0.228516 0.189453 0.244141 0.189453 0.253906 0.195312 0.259766 0.205078 0.259766 0.214844 0.273438 0.261719 0.263672 0.269531 0.255859 0.267578 0.250000 0.259766 0.250000 0.242188 0.261719 0.214844 0.263672 0.197266 0.251953 0.230469 0.216797 0.228516 0.210938 0.222656 0.210938 0.197266 0.238281 0.191406 0.238281 0.177734 0.224609 0.193359 0.207031 0.189453 0.203125 0.177734 0.214844 0.167969 0.216797 0.138672 0.193359 0.126953 0.203125
1 0.000000 0.205078 0.000000 0.279297 0.029297 0.273438 0.000000 0.291016 0.000000 0.595703 0.070312 0.640625 0.105469 0.845703 0.179688 0.785156 0.271484 0.789062 0.304688 0.892578 0.207031 0.998047 0.273438 0.998047 0.308594 0.949219 0.380859 0.998047 0.375000 0.931641 0.542969 0.867188 0.546875 0.738281 0.523438 0.787109 0.464844 0.777344 0.509766 0.855469 0.429688 0.914062 0.308594 0.919922 0.291016 0.796875 0.177734 0.769531 0.175781 0.726562 0.253906 0.683594 0.314453 0.718750 0.296875 0.755859 0.343750 0.748047 0.408203 0.650391 0.333984 0.640625 0.328125 0.695312 0.238281 0.660156 0.261719 0.630859 0.218750 0.550781 0.197266 0.597656 0.169922 0.572266 0.345703 0.457031 0.339844 0.357422 0.203125 0.316406 0.111328 0.357422 0.062500 0.283203 0.103516 0.218750 0.009766 0.244141
0 0.019531 0.212891 0.017578 0.214844 0.019531 0.216797 0.021484 0.214844
0 0.835938 0.212891 0.833984 0.214844 0.833984 0.216797 0.835938 0.218750 0.837891 0.218750 0.839844 0.216797 0.839844 0.214844 0.837891 0.212891
0 0.523438 0.279297 0.521484 0.281250 0.523438 0.283203 0.525391 0.283203 0.527344 0.281250 0.525391 0.279297
0 0.921875 0.300781 0.919922 0.302734 0.919922 0.306641 0.921875 0.308594 0.923828 0.308594 0.925781 0.306641 0.925781 0.302734 0.923828 0.300781
0 0.898438 0.353516 0.896484 0.355469 0.896484 0.357422 0.900391 0.361328 0.902344 0.361328 0.904297 0.359375 0.904297 0.355469 0.902344 0.353516
0 0.921875 0.361328 0.917969 0.365234 0.917969 0.367188 0.921875 0.371094 0.923828 0.371094 0.927734 0.367188 0.927734 0.365234 0.923828 0.361328
0 0.972656 0.388672 0.970703 0.390625 0.970703 0.392578 0.968750 0.394531 0.968750 0.396484 0.974609 0.402344 0.976562 0.402344 0.980469 0.398438 0.980469 0.392578 0.976562 0.388672
1 0.142578 0.396484 0.136719 0.394531 0.132812 0.402344 0.134766 0.404297 0.111328 0.419922 0.101562 0.416016 0.082031 0.425781 0.062500 0.447266 0.060547 0.445312 0.046875 0.455078 0.042969 0.451172 0.048828 0.441406 0.078125 0.414062 0.076172 0.406250 0.070312 0.408203 0.033203 0.447266 0.035156 0.455078 0.050781 0.464844 0.097656 0.425781 0.105469 0.423828 0.113281 0.431641 0.140625 0.404297
0 0.363281 0.396484 0.361328 0.398438 0.361328 0.402344 0.365234 0.406250 0.367188 0.404297 0.367188 0.400391
0 0.406250 0.394531 0.400391 0.400391 0.400391 0.402344 0.402344 0.404297 0.402344 0.406250 0.408203 0.412109 0.412109 0.412109 0.416016 0.408203 0.414062 0.406250 0.414062 0.400391 0.410156 0.396484 0.408203 0.396484
0 0.763672 0.412109 0.761719 0.414062 0.761719 0.416016 0.759766 0.417969 0.759766 0.421875 0.765625 0.427734 0.767578 0.427734 0.773438 0.421875 0.773438 0.417969 0.767578 0.412109
0 0.185547 0.425781 0.183594 0.427734 0.187500 0.431641 0.189453 0.429688
0 0.302734 0.427734 0.298828 0.431641 0.300781 0.433594 0.300781 0.437500 0.302734 0.439453 0.304688 0.437500 0.304688 0.435547 0.306641 0.433594 0.306641 0.431641
0 0.937500 0.431641 0.933594 0.435547 0.933594 0.437500 0.937500 0.441406 0.941406 0.437500 0.941406 0.435547
0 0.400391 0.441406 0.396484 0.445312 0.396484 0.451172 0.398438 0.453125 0.404297 0.453125 0.406250 0.451172 0.406250 0.443359 0.404297 0.441406
0 0.808594 0.447266 0.796875 0.457031 0.792969 0.462891 0.792969 0.468750 0.794922 0.472656 0.802734 0.478516 0.816406 0.478516 0.824219 0.472656 0.828125 0.464844 0.828125 0.457031 0.822266 0.449219 0.818359 0.447266
0 0.376953 0.453125 0.373047 0.457031 0.373047 0.460938 0.376953 0.464844 0.382812 0.464844 0.386719 0.460938 0.384766 0.458984 0.384766 0.457031 0.380859 0.453125
0 0.546875 0.458984 0.544922 0.460938 0.544922 0.462891 0.546875 0.464844 0.548828 0.462891 0.548828 0.460938
1 0.380859 0.478516 0.373047 0.474609 0.349609 0.496094 0.343750 0.490234 0.349609 0.478516 0.345703 0.468750 0.339844 0.478516 0.339844 0.494141 0.330078 0.503906 0.320312 0.503906 0.330078 0.513672 0.320312 0.521484 0.302734 0.523438 0.279297 0.550781 0.255859 0.568359 0.251953 0.583984 0.257812 0.589844 0.271484 0.587891 0.326172 0.542969 0.335938 0.544922 0.337891 0.541016 0.333984 0.535156 0.349609 0.529297 0.347656 0.517578 0.363281 0.496094 0.375000 0.492188
0 0.695312 0.480469 0.693359 0.482422 0.695312 0.484375 0.697266 0.484375 0.699219 0.482422 0.697266 0.480469
0 0.988281 0.486328 0.986328 0.488281 0.988281 0.490234 0.990234 0.490234 0.992188 0.488281 0.990234 0.486328
1 0.687500 0.488281 0.685547 0.490234 0.685547 0.492188 0.683594 0.494141 0.683594 0.496094 0.681641 0.498047 0.681641 0.500000 0.683594 0.501953 0.691406 0.494141 0.691406 0.492188
0 0.787109 0.509766 0.785156 0.509766 0.783203 0.511719 0.781250 0.511719 0.779297 0.513672 0.779297 0.517578 0.783203 0.521484 0.787109 0.521484 0.791016 0.517578 0.791016 0.513672
1 0.384766 0.515625 0.382812 0.513672 0.380859 0.515625 0.375000 0.515625 0.373047 0.517578 0.376953 0.521484 0.378906 0.519531 0.382812 0.519531 0.384766 0.517578
1 0.585938 0.525391 0.570312 0.521484 0.556641 0.529297 0.552734 0.537109 0.554688 0.558594 0.550781 0.562500 0.535156 0.560547 0.529297 0.566406 0.529297 0.576172 0.537109 0.585938 0.548828 0.587891 0.556641 0.582031 0.556641 0.574219 0.560547 0.570312 0.570312 0.570312 0.576172 0.566406 0.583984 0.548828 0.583984 0.539062 0.589844 0.531250
0 0.873047 0.521484 0.871094 0.523438 0.873047 0.525391 0.875000 0.525391 0.876953 0.523438 0.875000 0.521484
0 0.744141 0.527344 0.740234 0.531250 0.744141 0.535156 0.748047 0.531250
0 0.982422 0.527344 0.980469 0.529297 0.980469 0.531250 0.984375 0.535156 0.988281 0.531250 0.984375 0.527344
0 0.359375 0.542969 0.365234 0.548828 0.373047 0.548828 0.376953 0.544922 0.376953 0.542969 0.371094 0.537109 0.367188 0.537109 0.365234 0.539062 0.363281 0.539062
0 0.765625 0.542969 0.765625 0.544922 0.769531 0.548828 0.771484 0.548828 0.773438 0.550781 0.775391 0.550781 0.781250 0.554688 0.783203 0.552734 0.785156 0.552734 0.789062 0.548828 0.787109 0.546875 0.787109 0.544922 0.783203 0.541016 0.777344 0.541016 0.775391 0.539062 0.769531 0.539062
0 0.800781 0.539062 0.796875 0.542969 0.796875 0.544922 0.798828 0.546875 0.800781 0.546875 0.804688 0.542969
0 0.416016 0.550781 0.414062 0.552734 0.414062 0.554688 0.416016 0.556641 0.419922 0.556641 0.421875 0.554688 0.421875 0.552734 0.419922 0.550781
0 0.666016 0.552734 0.664062 0.552734 0.660156 0.556641 0.660156 0.558594 0.662109 0.560547 0.666016 0.560547 0.667969 0.558594 0.667969 0.554688
0 0.320312 0.558594 0.318359 0.560547 0.318359 0.562500 0.320312 0.564453 0.322266 0.562500 0.322266 0.560547
0 0.941406 0.558594 0.937500 0.562500 0.937500 0.568359 0.943359 0.574219 0.947266 0.574219 0.951172 0.570312 0.951172 0.562500 0.947266 0.558594
0 0.427734 0.564453 0.425781 0.566406 0.425781 0.568359 0.427734 0.570312 0.429688 0.570312 0.431641 0.572266 0.433594 0.570312 0.433594 0.568359 0.431641 0.566406 0.429688 0.566406
0 0.447266 0.572266 0.445312 0.574219 0.445312 0.576172 0.447266 0.578125 0.449219 0.578125 0.451172 0.576172 0.451172 0.574219 0.449219 0.572266
0 0.416016 0.576172 0.412109 0.576172 0.410156 0.578125 0.410156 0.583984 0.412109 0.585938 0.414062 0.585938 0.417969 0.582031 0.417969 0.578125
0 0.611328 0.576172 0.605469 0.580078 0.605469 0.583984 0.601562 0.587891 0.591797 0.585938 0.583984 0.593750 0.587891 0.607422 0.595703 0.613281 0.603516 0.611328 0.609375 0.605469 0.609375 0.589844 0.615234 0.583984
0 0.300781 0.578125 0.298828 0.580078 0.298828 0.582031 0.300781 0.583984 0.302734 0.583984 0.304688 0.582031 0.304688 0.580078 0.302734 0.578125
0 0.357422 0.582031 0.355469 0.583984 0.355469 0.585938 0.357422 0.587891 0.359375 0.587891 0.361328 0.585938
0 0.916016 0.582031 0.914062 0.583984 0.914062 0.585938 0.916016 0.587891 0.917969 0.587891 0.919922 0.585938 0.919922 0.583984 0.917969 0.582031
0 0.388672 0.585938 0.384766 0.589844 0.384766 0.591797 0.388672 0.595703 0.390625 0.595703 0.394531 0.591797 0.394531 0.589844 0.390625 0.585938
0 0.699219 0.587891 0.695312 0.591797 0.699219 0.595703 0.701172 0.593750 0.701172 0.589844
0 0.800781 0.585938 0.798828 0.587891 0.798828 0.591797 0.800781 0.593750 0.804688 0.589844
0 0.451172 0.595703 0.447266 0.599609 0.447266 0.607422 0.451172 0.611328 0.455078 0.611328 0.460938 0.605469 0.458984 0.603516 0.458984 0.601562 0.453125 0.595703
0 0.429688 0.599609 0.427734 0.601562 0.427734 0.603516 0.429688 0.605469 0.431641 0.605469 0.433594 0.603516
0 0.888672 0.597656 0.884766 0.601562 0.884766 0.607422 0.888672 0.611328 0.890625 0.611328 0.892578 0.609375 0.894531 0.609375 0.896484 0.607422 0.896484 0.603516 0.890625 0.597656
0 0.617188 0.605469 0.613281 0.609375 0.613281 0.613281 0.617188 0.617188 0.623047 0.617188 0.625000 0.615234 0.625000 0.609375 0.621094 0.605469
0 0.380859 0.615234 0.378906 0.617188 0.380859 0.619141 0.382812 0.619141 0.384766 0.617188 0.382812 0.615234
0 0.718750 0.619141 0.714844 0.623047 0.718750 0.626953 0.722656 0.623047
0 0.308594 0.623047 0.306641 0.623047 0.302734 0.626953 0.302734 0.628906 0.298828 0.632812 0.298828 0.634766 0.296875 0.636719 0.296875 0.640625 0.300781 0.644531 0.314453 0.630859 0.314453 0.628906
0 0.367188 0.623047 0.365234 0.625000 0.367188 0.626953 0.369141 0.625000
0 0.425781 0.625000 0.419922 0.625000 0.414062 0.630859 0.414062 0.632812 0.412109 0.634766 0.412109 0.636719 0.416016 0.640625 0.423828 0.632812 0.425781 0.632812 0.429688 0.628906
0 0.517578 0.628906 0.511719 0.634766 0.511719 0.642578 0.517578 0.654297 0.523438 0.658203 0.535156 0.658203 0.537109 0.660156 0.541016 0.656250 0.535156 0.648438 0.535156 0.644531 0.533203 0.642578 0.535156 0.638672 0.533203 0.636719 0.535156 0.634766 0.535156 0.630859 0.531250 0.626953 0.529297 0.628906 0.527344 0.626953 0.525391 0.628906
0 0.542969 0.636719 0.542969 0.642578 0.566406 0.664062 0.574219 0.664062 0.582031 0.658203 0.583984 0.646484 0.580078 0.642578 0.570312 0.642578 0.568359 0.640625 0.564453 0.642578 0.552734 0.632812 0.546875 0.632812
0 0.779297 0.646484 0.777344 0.648438 0.779297 0.650391 0.781250 0.648438
0 0.679688 0.652344 0.677734 0.654297 0.679688 0.656250 0.681641 0.654297
0 0.957031 0.664062 0.953125 0.667969 0.957031 0.671875 0.958984 0.671875 0.962891 0.667969 0.958984 0.664062
0 0.900391 0.671875 0.894531 0.679688 0.894531 0.691406 0.896484 0.695312 0.904297 0.703125 0.910156 0.703125 0.919922 0.695312 0.919922 0.683594 0.917969 0.679688 0.910156 0.671875
0 0.589844 0.675781 0.585938 0.679688 0.585938 0.681641 0.589844 0.685547 0.591797 0.685547 0.595703 0.681641 0.595703 0.679688 0.591797 0.675781
0 0.640625 0.675781 0.636719 0.675781 0.634766 0.677734 0.638672 0.681641 0.642578 0.677734
0 0.449219 0.685547 0.445312 0.679688 0.443359 0.681641 0.441406 0.681641 0.439453 0.683594 0.439453 0.685547 0.431641 0.693359 0.427734 0.693359 0.425781 0.691406 0.421875 0.695312 0.425781 0.699219 0.429688 0.699219 0.431641 0.701172 0.437500 0.701172 0.439453 0.703125 0.441406 0.701172 0.443359 0.701172 0.449219 0.695312
0 0.513672 0.679688 0.503906 0.681641 0.494141 0.689453 0.501953 0.703125 0.498047 0.707031 0.484375 0.691406 0.476562 0.689453 0.470703 0.695312 0.468750 0.718750 0.476562 0.728516 0.501953 0.728516 0.505859 0.724609 0.503906 0.712891 0.507812 0.708984 0.515625 0.712891 0.521484 0.708984
0 0.626953 0.687500 0.617188 0.683594 0.603516 0.689453 0.599609 0.695312 0.601562 0.708984 0.597656 0.712891 0.593750 0.708984 0.582031 0.708984 0.568359 0.718750 0.556641 0.707031 0.554688 0.701172 0.548828 0.705078 0.550781 0.712891 0.554688 0.718750 0.560547 0.720703 0.566406 0.726562 0.570312 0.742188 0.578125 0.750000 0.583984 0.750000 0.599609 0.740234 0.601562 0.736328 0.601562 0.718750 0.599609 0.716797 0.603516 0.712891 0.609375 0.714844 0.615234 0.710938 0.623047 0.710938 0.630859 0.705078 0.632812 0.697266
0 0.691406 0.703125 0.687500 0.707031 0.687500 0.712891 0.691406 0.716797 0.695312 0.716797 0.699219 0.712891 0.699219 0.708984 0.693359 0.703125
1 0.460938 0.722656 0.455078 0.714844 0.449219 0.710938 0.443359 0.710938 0.437500 0.716797 0.437500 0.724609 0.441406 0.732422 0.437500 0.736328 0.429688 0.736328 0.412109 0.744141 0.400391 0.740234 0.390625 0.740234 0.376953 0.753906 0.373047 0.751953 0.365234 0.755859 0.359375 0.761719 0.357422 0.769531 0.380859 0.791016 0.386719 0.791016 0.392578 0.787109 0.396484 0.771484 0.402344 0.763672 0.417969 0.755859 0.437500 0.755859 0.441406 0.751953 0.441406 0.740234 0.445312 0.736328 0.453125 0.734375 0.458984 0.728516
0 0.736328 0.724609 0.734375 0.726562 0.736328 0.728516 0.738281 0.728516 0.740234 0.726562 0.738281 0.724609
0 0.861328 0.732422 0.859375 0.730469 0.857422 0.732422 0.855469 0.732422 0.853516 0.734375 0.851562 0.734375 0.849609 0.736328 0.851562 0.738281 0.859375 0.738281 0.861328 0.736328
0 0.892578 0.730469 0.890625 0.730469 0.882812 0.738281 0.882812 0.746094 0.886719 0.751953 0.890625 0.751953 0.898438 0.744141 0.898438 0.736328
0 0.777344 0.734375 0.771484 0.740234 0.771484 0.744141 0.773438 0.746094 0.779297 0.746094 0.781250 0.744141 0.781250 0.738281
0 0.910156 0.755859 0.902344 0.755859 0.894531 0.763672 0.894531 0.771484 0.900391 0.777344 0.906250 0.777344 0.914062 0.769531 0.914062 0.761719
0 0.951172 0.759766 0.951172 0.763672 0.955078 0.767578 0.960938 0.769531 0.964844 0.773438 0.970703 0.773438 0.974609 0.767578 0.974609 0.765625 0.970703 0.761719 0.964844 0.761719 0.960938 0.757812 0.958984 0.757812 0.957031 0.755859 0.955078 0.755859
0 0.748047 0.757812 0.744141 0.763672 0.744141 0.767578 0.746094 0.769531 0.746094 0.771484 0.748047 0.773438 0.750000 0.771484 0.753906 0.771484 0.755859 0.773438 0.757812 0.773438 0.761719 0.769531 0.759766 0.767578 0.759766 0.765625 0.755859 0.761719 0.755859 0.759766 0.753906 0.757812
0 0.873047 0.759766 0.875000 0.761719 0.876953 0.761719 0.878906 0.763672 0.882812 0.759766 0.880859 0.757812 0.875000 0.757812
0 0.804688 0.767578 0.802734 0.769531 0.802734 0.771484 0.804688 0.773438 0.806641 0.773438 0.808594 0.771484
0 0.445312 0.777344 0.439453 0.783203 0.439453 0.792969 0.445312 0.798828 0.449219 0.798828 0.457031 0.791016 0.457031 0.789062 0.458984 0.787109 0.457031 0.785156 0.457031 0.781250 0.455078 0.779297 0.453125 0.779297 0.451172 0.777344
0 0.789062 0.779297 0.787109 0.781250 0.787109 0.783203 0.791016 0.787109 0.794922 0.783203 0.791016 0.779297
0 0.833984 0.779297 0.830078 0.779297 0.828125 0.781250 0.828125 0.787109 0.830078 0.789062 0.835938 0.783203 0.835938 0.781250
0 0.566406 0.783203 0.564453 0.785156 0.566406 0.787109 0.568359 0.785156
0 0.814453 0.783203 0.812500 0.783203 0.808594 0.787109 0.808594 0.791016 0.810547 0.792969 0.814453 0.792969 0.816406 0.791016 0.816406 0.785156
1 0.716797 0.798828 0.712891 0.798828 0.710938 0.800781 0.710938 0.814453 0.714844 0.818359 0.718750 0.814453 0.718750 0.812500 0.716797 0.810547 0.716797 0.808594 0.718750 0.806641 0.716797 0.804688 0.718750 0.802734 0.718750 0.800781
0 0.802734 0.798828 0.800781 0.800781 0.800781 0.802734 0.802734 0.804688 0.804688 0.804688 0.806641 0.802734
0 0.878906 0.812500 0.876953 0.814453 0.876953 0.816406 0.878906 0.818359 0.880859 0.816406 0.880859 0.814453
0 0.980469 0.818359 0.976562 0.822266 0.976562 0.826172 0.978516 0.828125 0.980469 0.828125 0.982422 0.830078 0.988281 0.824219 0.982422 0.818359
0 0.929688 0.832031 0.927734 0.833984 0.929688 0.835938 0.931641 0.833984
0 0.564453 0.835938 0.560547 0.839844 0.560547 0.841797 0.564453 0.845703 0.568359 0.845703 0.572266 0.841797 0.572266 0.837891 0.570312 0.835938
0 0.888672 0.849609 0.882812 0.855469 0.882812 0.859375 0.890625 0.875000 0.900391 0.884766 0.908203 0.888672 0.916016 0.888672 0.925781 0.900391 0.931641 0.900391 0.935547 0.894531 0.935547 0.886719 0.925781 0.876953 0.927734 0.863281 0.923828 0.855469 0.917969 0.849609
0 0.775391 0.857422 0.771484 0.861328 0.771484 0.867188 0.775391 0.871094 0.777344 0.871094 0.781250 0.867188 0.781250 0.861328 0.777344 0.857422
0 0.392578 0.861328 0.390625 0.861328 0.384766 0.867188 0.384766 0.871094 0.382812 0.873047 0.388672 0.878906 0.390625 0.878906 0.392578 0.876953 0.394531 0.876953 0.396484 0.875000 0.396484 0.865234
0 0.826172 0.859375 0.824219 0.861328 0.826172 0.863281 0.828125 0.863281 0.830078 0.861328 0.828125 0.859375
0 0.658203 0.876953 0.654297 0.880859 0.654297 0.884766 0.656250 0.886719 0.656250 0.888672 0.658203 0.890625 0.662109 0.890625 0.666016 0.886719 0.666016 0.882812 0.664062 0.880859 0.664062 0.878906 0.662109 0.876953
0 0.744141 0.876953 0.740234 0.880859 0.740234 0.884766 0.744141 0.888672 0.748047 0.888672 0.751953 0.884766 0.751953 0.880859 0.748047 0.876953
0 0.341797 0.884766 0.339844 0.886719 0.339844 0.888672 0.341797 0.890625 0.343750 0.890625 0.345703 0.888672 0.345703 0.886719 0.343750 0.884766
0 0.970703 0.882812 0.964844 0.882812 0.962891 0.884766 0.960938 0.884766 0.957031 0.890625 0.957031 0.902344 0.962891 0.908203 0.966797 0.908203 0.968750 0.906250 0.970703 0.906250 0.974609 0.902344 0.974609 0.900391 0.976562 0.898438 0.976562 0.886719
0 0.619141 0.886719 0.615234 0.890625 0.619141 0.894531 0.623047 0.894531 0.625000 0.892578 0.625000 0.888672 0.623047 0.886719
0 0.810547 0.886719 0.808594 0.886719 0.804688 0.890625 0.804688 0.892578 0.808594 0.896484 0.812500 0.892578 0.812500 0.888672
0 0.847656 0.894531 0.843750 0.898438 0.847656 0.902344 0.851562 0.898438
0 0.498047 0.898438 0.496094 0.900391 0.496094 0.902344 0.498047 0.904297 0.500000 0.902344 0.500000 0.900391
0 0.664062 0.908203 0.673828 0.919922 0.675781 0.925781 0.681641 0.929688 0.685547 0.929688 0.695312 0.923828 0.699219 0.916016 0.699219 0.910156 0.697266 0.906250 0.691406 0.902344 0.673828 0.902344 0.671875 0.904297 0.669922 0.902344
0 0.875000 0.945312 0.867188 0.953125 0.867188 0.955078 0.865234 0.957031 0.867188 0.958984 0.867188 0.962891 0.871094 0.968750 0.871094 0.974609 0.873047 0.976562 0.878906 0.978516 0.882812 0.974609 0.882812 0.970703 0.884766 0.968750 0.882812 0.966797 0.882812 0.951172
0 0.804688 0.949219 0.802734 0.951172 0.802734 0.953125 0.804688 0.955078 0.806641 0.955078 0.808594 0.953125 0.808594 0.951172 0.806641 0.949219
0 0.853516 0.957031 0.851562 0.958984 0.851562 0.964844 0.853516 0.966797 0.855469 0.966797 0.859375 0.962891 0.859375 0.960938 0.855469 0.957031
0 0.898438 0.958984 0.896484 0.960938 0.898438 0.962891 0.900391 0.962891 0.902344 0.960938 0.900391 0.958984
0 0.291016 0.962891 0.287109 0.966797 0.287109 0.968750 0.291016 0.972656 0.292969 0.972656 0.294922 0.970703 0.294922 0.968750 0.296875 0.966797 0.294922 0.964844 0.292969 0.964844
0 0.714844 0.962891 0.710938 0.966797 0.710938 0.972656 0.712891 0.974609 0.712891 0.978516 0.716797 0.982422 0.718750 0.982422 0.722656 0.978516 0.722656 0.976562 0.720703 0.974609 0.720703 0.966797 0.716797 0.962891
0 0.759766 0.960938 0.757812 0.960938 0.753906 0.964844 0.753906 0.968750 0.755859 0.970703 0.759766 0.970703 0.761719 0.968750 0.761719 0.962891
0 0.691406 0.964844 0.685547 0.964844 0.683594 0.966797 0.681641 0.966797 0.673828 0.974609 0.673828 0.976562 0.671875 0.978516 0.671875 0.984375 0.673828 0.986328 0.675781 0.986328 0.677734 0.988281 0.685547 0.988281 0.687500 0.986328 0.689453 0.986328 0.695312 0.980469 0.695312 0.978516 0.697266 0.976562 0.697266 0.970703
0 0.820312 0.990234 0.820312 0.998047 0.837891 0.998047 0.837891 0.990234 0.833984 0.986328 0.832031 0.986328 0.830078 0.984375 0.826172 0.984375
1 0.964844 0.994141 0.964844 0.998047 0.994141 0.998047 0.996094 0.996094 0.994141 0.990234 0.988281 0.986328 0.970703 0.986328 0.966797 0.990234 0.966797 0.992188
0 0.601562 0.994141 0.601562 0.998047 0.619141 0.998047 0.619141 0.994141 0.615234 0.990234 0.613281 0.990234 0.611328 0.988281 0.607422 0.988281
0 0.910156 0.994141 0.910156 0.998047 0.925781 0.998047 0.925781 0.994141 0.923828 0.992188 0.923828 0.990234 0.921875 0.988281 0.916016 0.988281
