1 0.000000 0.148438 0.000000 0.275391 0.029297 0.250000 0.033203 0.361328 0.000000 0.337891 0.041016 0.488281 0.019531 0.472656 0.000000 0.683594 0.025391 0.654297 0.091797 0.677734 0.083984 0.777344 0.167969 0.812500 0.185547 0.998047 0.220703 0.998047 0.240234 0.923828 0.314453 0.910156 0.242188 0.884766 0.292969 0.822266 0.365234 0.849609 0.425781 0.820312 0.458984 0.851562 0.423828 0.859375 0.421875 0.906250 0.494141 0.853516 0.333984 0.800781 0.343750 0.765625 0.287109 0.804688 0.259766 0.781250 0.255859 0.835938 0.189453 0.841797 0.185547 0.773438 0.277344 0.773438 0.363281 0.712891 0.171875 0.744141 0.121094 0.720703 0.074219 0.617188 0.132812 0.531250 0.214844 0.503906 0.136719 0.521484 0.113281 0.490234 0.119141 0.222656
0 0.173828 0.320312 0.171875 0.320312 0.169922 0.322266 0.169922 0.324219 0.171875 0.326172 0.175781 0.322266
0 0.021484 0.337891 0.019531 0.339844 0.019531 0.343750 0.021484 0.345703 0.025391 0.341797
0 0.326172 0.341797 0.322266 0.345703 0.322266 0.349609 0.324219 0.351562 0.326172 0.351562 0.328125 0.349609 0.328125 0.347656 0.330078 0.345703
0 0.355469 0.339844 0.351562 0.339844 0.347656 0.343750 0.347656 0.351562 0.349609 0.353516 0.351562 0.351562 0.355469 0.351562 0.357422 0.349609 0.357422 0.347656 0.359375 0.345703 0.359375 0.343750
0 0.265625 0.343750 0.263672 0.345703 0.267578 0.349609 0.269531 0.349609 0.271484 0.347656 0.271484 0.345703 0.269531 0.343750
0 0.275391 0.353516 0.273438 0.355469 0.273438 0.359375 0.275391 0.361328 0.279297 0.357422
0 0.179688 0.357422 0.177734 0.359375 0.177734 0.361328 0.179688 0.363281 0.181641 0.363281 0.183594 0.361328 0.183594 0.359375 0.181641 0.357422
1 0.285156 0.363281 0.285156 0.365234 0.289062 0.369141 0.292969 0.365234 0.302734 0.375000 0.306641 0.375000 0.312500 0.378906 0.316406 0.378906 0.320312 0.375000 0.320312 0.373047 0.316406 0.369141 0.304688 0.363281 0.300781 0.365234 0.294922 0.365234 0.291016 0.361328 0.287109 0.361328
0 0.400391 0.369141 0.396484 0.373047 0.396484 0.378906 0.404297 0.386719 0.408203 0.386719 0.414062 0.380859 0.414062 0.376953 0.408203 0.371094 0.406250 0.371094 0.404297 0.369141
0 0.259766 0.371094 0.257812 0.373047 0.259766 0.375000 0.261719 0.375000 0.263672 0.373047 0.261719 0.371094
0 0.236328 0.380859 0.234375 0.382812 0.234375 0.384766 0.236328 0.386719 0.238281 0.386719 0.240234 0.384766 0.240234 0.382812 0.238281 0.380859
0 0.343750 0.378906 0.339844 0.382812 0.339844 0.384766 0.343750 0.388672 0.347656 0.384766 0.347656 0.382812
0 0.142578 0.398438 0.140625 0.400391 0.144531 0.404297 0.146484 0.402344 0.146484 0.400391 0.144531 0.398438
0 0.328125 0.406250 0.328125 0.408203 0.332031 0.412109 0.335938 0.412109 0.337891 0.410156 0.339844 0.410156 0.341797 0.408203 0.341797 0.406250 0.339844 0.404297 0.337891 0.404297 0.335938 0.402344 0.332031 0.402344
0 0.134766 0.416016 0.130859 0.419922 0.130859 0.421875 0.132812 0.423828 0.134766 0.423828 0.138672 0.419922
0 0.460938 0.423828 0.457031 0.427734 0.457031 0.435547 0.458984 0.437500 0.464844 0.437500 0.466797 0.435547 0.466797 0.429688
0 0.347656 0.429688 0.339844 0.437500 0.339844 0.451172 0.343750 0.458984 0.335938 0.470703 0.337891 0.474609 0.328125 0.486328 0.333984 0.492188 0.361328 0.488281 0.369141 0.494141 0.375000 0.494141 0.380859 0.486328 0.378906 0.466797 0.382812 0.462891 0.376953 0.455078 0.369141 0.455078 0.365234 0.451172 0.365234 0.439453 0.357422 0.431641
0 0.123047 0.435547 0.121094 0.437500 0.125000 0.441406 0.126953 0.439453 0.126953 0.437500 0.125000 0.435547
0 0.496094 0.433594 0.494141 0.435547 0.496094 0.437500 0.498047 0.435547
0 0.451172 0.437500 0.447266 0.441406 0.447266 0.445312 0.451172 0.449219 0.453125 0.447266 0.453125 0.443359 0.455078 0.441406
0 0.605469 0.437500 0.601562 0.441406 0.601562 0.443359 0.603516 0.445312 0.603516 0.447266 0.605469 0.449219 0.605469 0.451172 0.607422 0.453125 0.609375 0.453125 0.613281 0.449219 0.613281 0.441406 0.609375 0.437500
0 0.410156 0.443359 0.406250 0.443359 0.402344 0.447266 0.402344 0.449219 0.400391 0.451172 0.400391 0.457031 0.406250 0.462891 0.408203 0.460938 0.410156 0.460938 0.416016 0.455078 0.417969 0.455078 0.419922 0.453125 0.419922 0.451172 0.417969 0.449219 0.416016 0.449219
0 0.107422 0.451172 0.107422 0.453125 0.111328 0.457031 0.113281 0.457031 0.115234 0.458984 0.117188 0.457031 0.119141 0.457031 0.121094 0.455078 0.121094 0.453125 0.115234 0.447266 0.111328 0.447266
0 0.023438 0.455078 0.021484 0.457031 0.021484 0.460938 0.023438 0.462891 0.025391 0.460938 0.025391 0.457031
0 0.488281 0.460938 0.486328 0.462891 0.486328 0.468750 0.488281 0.470703 0.492188 0.470703 0.496094 0.466797 0.496094 0.462891 0.494141 0.460938
0 0.556641 0.464844 0.554688 0.466797 0.554688 0.468750 0.556641 0.470703 0.558594 0.470703 0.560547 0.468750 0.560547 0.466797 0.558594 0.464844
0 0.935547 0.464844 0.929688 0.470703 0.929688 0.474609 0.935547 0.480469 0.937500 0.480469 0.941406 0.476562 0.941406 0.470703
0 0.544922 0.468750 0.541016 0.472656 0.542969 0.474609 0.544922 0.474609 0.546875 0.472656 0.546875 0.470703
0 0.455078 0.474609 0.453125 0.476562 0.453125 0.480469 0.455078 0.482422 0.457031 0.482422 0.458984 0.480469 0.458984 0.476562 0.457031 0.474609
0 0.507812 0.474609 0.505859 0.476562 0.507812 0.478516 0.509766 0.478516 0.511719 0.476562 0.509766 0.474609
0 0.308594 0.480469 0.306641 0.482422 0.310547 0.486328 0.312500 0.484375
0 0.404297 0.480469 0.402344 0.482422 0.402344 0.484375 0.408203 0.490234 0.410156 0.488281 0.410156 0.484375 0.406250 0.480469
0 0.294922 0.486328 0.292969 0.490234 0.281250 0.500000 0.281250 0.503906 0.285156 0.507812 0.285156 0.509766 0.291016 0.513672 0.302734 0.513672 0.306641 0.509766 0.306641 0.507812 0.296875 0.500000 0.302734 0.494141 0.300781 0.490234 0.296875 0.486328
1 0.560547 0.498047 0.554688 0.494141 0.548828 0.498047 0.539062 0.490234 0.527344 0.501953 0.521484 0.503906 0.517578 0.509766 0.523438 0.513672 0.525391 0.511719 0.527344 0.513672 0.533203 0.513672 0.544922 0.503906 0.550781 0.503906 0.552734 0.505859 0.558594 0.503906 0.560547 0.501953
0 0.435547 0.494141 0.433594 0.494141 0.431641 0.496094 0.429688 0.496094 0.425781 0.500000 0.425781 0.501953 0.423828 0.503906 0.423828 0.505859 0.425781 0.507812 0.429688 0.507812 0.433594 0.503906 0.433594 0.501953 0.437500 0.498047 0.437500 0.496094
0 0.617188 0.496094 0.615234 0.498047 0.615234 0.500000 0.617188 0.501953 0.619141 0.501953 0.621094 0.500000
1 0.271484 0.507812 0.265625 0.501953 0.255859 0.501953 0.248047 0.507812 0.242188 0.507812 0.234375 0.517578 0.220703 0.511719 0.218750 0.515625 0.226562 0.523438 0.236328 0.525391 0.238281 0.523438 0.246094 0.523438 0.250000 0.519531 0.253906 0.519531 0.259766 0.515625 0.267578 0.515625 0.271484 0.511719
0 0.953125 0.501953 0.947266 0.509766 0.947266 0.513672 0.951172 0.519531 0.951172 0.523438 0.962891 0.533203 0.966797 0.533203 0.974609 0.529297 0.978516 0.523438 0.978516 0.513672 0.976562 0.509766 0.968750 0.503906 0.964844 0.503906 0.962891 0.501953
0 0.574219 0.503906 0.570312 0.507812 0.570312 0.513672 0.572266 0.515625 0.574219 0.515625 0.576172 0.517578 0.580078 0.517578 0.585938 0.511719 0.583984 0.509766 0.583984 0.507812 0.582031 0.505859 0.580078 0.505859 0.578125 0.503906
1 0.457031 0.519531 0.451172 0.525391 0.453125 0.529297 0.451172 0.531250 0.455078 0.535156 0.460938 0.550781 0.468750 0.554688 0.474609 0.548828 0.474609 0.546875 0.472656 0.544922 0.472656 0.541016 0.468750 0.537109 0.468750 0.533203 0.466797 0.531250 0.464844 0.523438
0 0.546875 0.519531 0.541016 0.519531 0.539062 0.521484 0.539062 0.523438 0.537109 0.525391 0.537109 0.529297 0.541016 0.533203 0.542969 0.533203 0.544922 0.531250 0.546875 0.531250 0.548828 0.529297 0.548828 0.521484
0 0.837891 0.523438 0.835938 0.523438 0.833984 0.525391 0.833984 0.527344 0.835938 0.529297 0.839844 0.525391
0 0.835938 0.533203 0.833984 0.535156 0.833984 0.539062 0.835938 0.541016 0.837891 0.539062 0.837891 0.535156
1 0.597656 0.539062 0.593750 0.535156 0.591797 0.535156 0.585938 0.541016 0.585938 0.546875 0.578125 0.554688 0.574219 0.550781 0.570312 0.550781 0.562500 0.558594 0.566406 0.562500 0.568359 0.562500 0.570312 0.564453 0.580078 0.554688 0.585938 0.554688 0.587891 0.552734 0.587891 0.550781 0.597656 0.541016
0 0.988281 0.546875 0.986328 0.548828 0.986328 0.554688 0.988281 0.556641 0.992188 0.556641 0.994141 0.554688 0.994141 0.550781 0.990234 0.546875
0 0.238281 0.552734 0.236328 0.554688 0.238281 0.556641 0.240234 0.554688
0 0.548828 0.550781 0.546875 0.552734 0.546875 0.554688 0.548828 0.556641 0.548828 0.558594 0.552734 0.562500 0.554688 0.562500 0.558594 0.558594 0.556641 0.556641 0.556641 0.552734 0.554688 0.550781
0 0.953125 0.550781 0.949219 0.554688 0.953125 0.558594 0.955078 0.558594 0.957031 0.556641 0.957031 0.554688
0 0.476562 0.576172 0.476562 0.587891 0.482422 0.593750 0.488281 0.595703 0.494141 0.593750 0.505859 0.603516 0.509766 0.601562 0.507812 0.591797 0.500000 0.583984 0.505859 0.572266 0.503906 0.566406 0.482422 0.572266
0 0.587891 0.574219 0.583984 0.578125 0.583984 0.580078 0.587891 0.583984 0.591797 0.583984 0.595703 0.580078 0.595703 0.578125 0.591797 0.574219
0 0.228516 0.580078 0.224609 0.583984 0.224609 0.585938 0.228516 0.589844 0.232422 0.585938 0.232422 0.583984
0 0.927734 0.583984 0.925781 0.585938 0.925781 0.587891 0.929688 0.591797 0.931641 0.589844 0.931641 0.585938 0.929688 0.583984
0 0.435547 0.587891 0.431641 0.591797 0.431641 0.593750 0.433594 0.595703 0.435547 0.595703 0.439453 0.591797
0 0.875000 0.587891 0.873047 0.587891 0.869141 0.591797 0.869141 0.593750 0.873047 0.597656 0.876953 0.593750 0.876953 0.589844
0 0.542969 0.589844 0.539062 0.593750 0.539062 0.601562 0.537109 0.603516 0.537109 0.607422 0.542969 0.613281 0.550781 0.613281 0.554688 0.609375 0.554688 0.601562 0.558594 0.597656 0.562500 0.601562 0.566406 0.597656 0.562500 0.593750 0.556641 0.599609 0.554688 0.599609 0.546875 0.589844
0 0.976562 0.589844 0.970703 0.595703 0.970703 0.599609 0.974609 0.603516 0.976562 0.603516 0.978516 0.601562 0.980469 0.601562 0.982422 0.599609 0.982422 0.593750 0.980469 0.591797 0.978516 0.591797
0 0.601562 0.597656 0.599609 0.597656 0.597656 0.599609 0.597656 0.601562 0.599609 0.603516 0.603516 0.599609
0 0.394531 0.601562 0.386719 0.601562 0.378906 0.607422 0.378906 0.615234 0.373047 0.621094 0.373047 0.623047 0.378906 0.628906 0.384766 0.628906 0.388672 0.626953 0.398438 0.617188 0.400391 0.613281 0.400391 0.607422
0 0.275391 0.607422 0.273438 0.609375 0.275391 0.611328 0.277344 0.609375
0 0.474609 0.613281 0.470703 0.609375 0.453125 0.613281 0.464844 0.621094 0.460938 0.634766 0.472656 0.644531 0.470703 0.648438 0.476562 0.656250 0.466797 0.666016 0.457031 0.660156 0.445312 0.640625 0.423828 0.638672 0.408203 0.623047 0.400391 0.623047 0.398438 0.628906 0.406250 0.638672 0.433594 0.648438 0.437500 0.664062 0.416016 0.675781 0.388672 0.673828 0.382812 0.685547 0.382812 0.699219 0.369141 0.710938 0.384766 0.718750 0.394531 0.716797 0.404297 0.726562 0.433594 0.701172 0.445312 0.699219 0.466797 0.671875 0.482422 0.669922 0.490234 0.662109 0.472656 0.636719
0 0.216797 0.619141 0.214844 0.621094 0.214844 0.623047 0.216797 0.625000 0.218750 0.625000 0.220703 0.623047 0.220703 0.621094 0.218750 0.619141
0 0.494141 0.617188 0.490234 0.621094 0.492188 0.632812 0.486328 0.642578 0.494141 0.646484 0.505859 0.658203 0.511719 0.658203 0.515625 0.656250 0.521484 0.648438 0.519531 0.642578 0.523438 0.636719 0.513672 0.623047 0.503906 0.628906
0 0.712891 0.619141 0.707031 0.625000 0.707031 0.640625 0.712891 0.646484 0.722656 0.652344 0.732422 0.652344 0.736328 0.650391 0.742188 0.644531 0.742188 0.632812 0.740234 0.630859 0.740234 0.626953 0.734375 0.621094 0.720703 0.621094 0.718750 0.619141
0 0.787109 0.625000 0.783203 0.628906 0.783203 0.632812 0.787109 0.636719 0.789062 0.636719 0.792969 0.632812 0.792969 0.628906 0.789062 0.625000
0 0.638672 0.628906 0.634766 0.632812 0.638672 0.636719 0.642578 0.632812
0 0.583984 0.636719 0.580078 0.640625 0.580078 0.642578 0.583984 0.646484 0.585938 0.646484 0.587891 0.644531 0.587891 0.640625
0 0.628906 0.642578 0.625000 0.646484 0.628906 0.650391 0.632812 0.646484
0 0.320312 0.644531 0.316406 0.648438 0.316406 0.650391 0.320312 0.654297 0.324219 0.650391 0.324219 0.648438
0 0.388672 0.654297 0.384766 0.658203 0.388672 0.662109 0.390625 0.662109 0.392578 0.660156 0.392578 0.656250 0.390625 0.654297
0 0.580078 0.652344 0.576172 0.652344 0.574219 0.654297 0.574219 0.658203 0.578125 0.662109 0.582031 0.658203 0.582031 0.654297
0 0.623047 0.658203 0.619141 0.662109 0.621094 0.664062 0.621094 0.667969 0.611328 0.675781 0.609375 0.679688 0.609375 0.685547 0.611328 0.687500 0.615234 0.687500 0.619141 0.683594 0.621094 0.683594 0.625000 0.687500 0.625000 0.691406 0.626953 0.693359 0.636719 0.677734 0.626953 0.666016 0.626953 0.662109
0 0.664062 0.662109 0.662109 0.664062 0.664062 0.666016 0.666016 0.666016 0.667969 0.664062 0.666016 0.662109
0 0.699219 0.662109 0.691406 0.664062 0.683594 0.673828 0.683594 0.687500 0.689453 0.693359 0.693359 0.693359 0.695312 0.695312 0.703125 0.689453 0.703125 0.687500 0.708984 0.679688 0.708984 0.669922
0 0.767578 0.662109 0.763672 0.666016 0.763672 0.669922 0.767578 0.673828 0.773438 0.673828 0.775391 0.671875 0.775391 0.666016 0.771484 0.662109
0 0.486328 0.673828 0.484375 0.675781 0.486328 0.677734 0.488281 0.677734 0.490234 0.675781 0.488281 0.673828
0 0.906250 0.673828 0.904297 0.675781 0.904297 0.679688 0.906250 0.681641 0.908203 0.681641 0.910156 0.679688 0.910156 0.677734
0 0.701172 0.697266 0.697266 0.701172 0.697266 0.705078 0.701172 0.708984 0.707031 0.708984 0.710938 0.705078 0.710938 0.703125 0.707031 0.699219 0.705078 0.699219 0.703125 0.697266
0 0.894531 0.697266 0.890625 0.701172 0.894531 0.705078 0.896484 0.703125 0.896484 0.699219
0 0.281250 0.699219 0.279297 0.701172 0.279297 0.703125 0.277344 0.705078 0.277344 0.707031 0.281250 0.710938 0.287109 0.710938 0.291016 0.707031 0.291016 0.703125 0.287109 0.699219
0 0.498047 0.699219 0.494141 0.703125 0.498047 0.707031 0.501953 0.703125
0 0.767578 0.699219 0.759766 0.705078 0.759766 0.716797 0.765625 0.724609 0.767578 0.724609 0.769531 0.726562 0.775391 0.726562 0.781250 0.722656 0.781250 0.718750 0.783203 0.716797 0.783203 0.714844 0.781250 0.712891 0.781250 0.708984 0.773438 0.701172 0.769531 0.701172
0 0.458984 0.705078 0.457031 0.707031 0.457031 0.708984 0.458984 0.710938 0.460938 0.708984 0.460938 0.707031
1 0.576172 0.705078 0.574219 0.703125 0.572266 0.705078 0.570312 0.705078 0.564453 0.710938 0.566406 0.712891 0.570312 0.712891 0.576172 0.707031
0 0.687500 0.712891 0.685547 0.714844 0.685547 0.718750 0.687500 0.720703 0.689453 0.720703 0.693359 0.716797 0.689453 0.712891
0 0.722656 0.712891 0.720703 0.714844 0.716797 0.714844 0.708984 0.724609 0.708984 0.730469 0.710938 0.732422 0.712891 0.732422 0.718750 0.738281 0.726562 0.738281 0.732422 0.732422 0.732422 0.730469 0.734375 0.728516 0.734375 0.724609 0.732422 0.722656 0.732422 0.720703
0 0.929688 0.710938 0.927734 0.712891 0.929688 0.714844 0.931641 0.712891
1 0.445312 0.714844 0.443359 0.716797 0.443359 0.722656 0.445312 0.724609 0.445312 0.726562 0.447266 0.728516 0.449219 0.728516 0.453125 0.732422 0.455078 0.732422 0.460938 0.738281 0.464844 0.734375 0.464844 0.730469 0.455078 0.720703 0.455078 0.718750 0.451172 0.714844
0 0.158203 0.720703 0.156250 0.722656 0.156250 0.724609 0.158203 0.726562 0.160156 0.726562 0.162109 0.724609 0.162109 0.722656 0.160156 0.720703
0 0.380859 0.724609 0.378906 0.724609 0.375000 0.728516 0.375000 0.734375 0.376953 0.736328 0.378906 0.736328 0.382812 0.732422 0.382812 0.726562
0 0.658203 0.732422 0.656250 0.732422 0.652344 0.736328 0.656250 0.740234 0.660156 0.736328 0.660156 0.734375
0 0.658203 0.746094 0.650391 0.753906 0.654297 0.775391 0.650391 0.779297 0.640625 0.779297 0.636719 0.785156 0.648438 0.798828 0.662109 0.789062 0.669922 0.800781 0.679688 0.806641 0.685547 0.800781 0.685547 0.791016 0.677734 0.775391 0.667969 0.765625 0.671875 0.761719 0.669922 0.753906
0 0.710938 0.748047 0.708984 0.748047 0.707031 0.750000 0.705078 0.755859 0.701172 0.759766 0.701172 0.765625 0.707031 0.771484 0.710938 0.771484 0.714844 0.767578 0.714844 0.759766 0.710938 0.755859 0.712891 0.753906 0.710938 0.751953 0.712891 0.750000
0 0.798828 0.751953 0.796875 0.753906 0.800781 0.757812 0.802734 0.755859 0.802734 0.753906 0.800781 0.751953
0 0.845703 0.767578 0.843750 0.769531 0.843750 0.777344 0.849609 0.783203 0.851562 0.783203 0.857422 0.777344 0.857422 0.773438 0.851562 0.767578
0 0.753906 0.769531 0.751953 0.771484 0.751953 0.777344 0.753906 0.779297 0.755859 0.779297 0.759766 0.775391 0.759766 0.773438 0.755859 0.769531
0 0.474609 0.794922 0.474609 0.800781 0.486328 0.814453 0.501953 0.826172 0.498047 0.841797 0.503906 0.851562 0.513672 0.857422 0.519531 0.857422 0.525391 0.851562 0.525391 0.839844 0.529297 0.835938 0.544922 0.832031 0.552734 0.837891 0.564453 0.837891 0.597656 0.816406 0.595703 0.806641 0.583984 0.789062 0.580078 0.791016 0.578125 0.804688 0.566406 0.822266 0.558594 0.818359 0.550781 0.818359 0.544922 0.822266 0.539062 0.810547 0.523438 0.798828 0.523438 0.791016 0.515625 0.783203 0.501953 0.777344
0 0.771484 0.777344 0.763672 0.783203 0.755859 0.796875 0.759766 0.800781 0.763672 0.808594 0.763672 0.812500 0.771484 0.820312 0.777344 0.822266 0.785156 0.816406 0.785156 0.789062 0.777344 0.777344
0 0.392578 0.781250 0.390625 0.783203 0.390625 0.785156 0.392578 0.787109 0.394531 0.787109 0.396484 0.785156
0 0.554688 0.783203 0.552734 0.785156 0.552734 0.789062 0.554688 0.791016 0.556641 0.791016 0.558594 0.789062 0.558594 0.785156 0.556641 0.783203
0 0.806641 0.787109 0.804688 0.789062 0.802734 0.789062 0.800781 0.791016 0.800781 0.792969 0.806641 0.798828 0.808594 0.798828 0.810547 0.796875 0.810547 0.791016
0 0.710938 0.806641 0.707031 0.810547 0.710938 0.814453 0.714844 0.810547
0 0.947266 0.804688 0.945312 0.806641 0.947266 0.808594 0.949219 0.808594 0.951172 0.806641 0.949219 0.804688
0 0.685547 0.822266 0.683594 0.824219 0.683594 0.826172 0.687500 0.830078 0.689453 0.828125 0.689453 0.826172
0 0.777344 0.833984 0.769531 0.828125 0.757812 0.839844 0.750000 0.826172 0.740234 0.833984 0.726562 0.832031 0.716797 0.841797 0.718750 0.843750 0.716797 0.847656 0.726562 0.865234 0.738281 0.867188 0.750000 0.859375 0.759766 0.843750 0.765625 0.845703 0.773438 0.843750
0 0.966797 0.830078 0.962891 0.830078 0.957031 0.835938 0.957031 0.837891 0.958984 0.839844 0.958984 0.841797 0.960938 0.843750 0.962891 0.843750 0.964844 0.845703 0.970703 0.839844 0.970703 0.837891 0.968750 0.835938 0.968750 0.832031
0 0.619141 0.839844 0.615234 0.843750 0.617188 0.847656 0.615234 0.849609 0.617188 0.853516 0.617188 0.857422 0.623047 0.863281 0.626953 0.865234 0.630859 0.865234 0.632812 0.867188 0.636719 0.867188 0.642578 0.861328 0.642578 0.855469 0.636719 0.843750 0.625000 0.837891 0.623047 0.839844
0 0.582031 0.843750 0.572266 0.849609 0.568359 0.849609 0.566406 0.847656 0.564453 0.849609 0.556641 0.845703 0.552734 0.849609 0.558594 0.865234 0.564453 0.871094 0.570312 0.871094 0.587891 0.859375 0.585938 0.855469 0.585938 0.847656
0 0.740234 0.880859 0.736328 0.884766 0.740234 0.888672 0.742188 0.888672 0.744141 0.886719 0.744141 0.884766
0 0.527344 0.886719 0.501953 0.884766 0.490234 0.890625 0.488281 0.894531 0.488281 0.916016 0.490234 0.921875 0.496094 0.927734 0.505859 0.927734 0.531250 0.904297 0.531250 0.890625
1 0.591797 0.908203 0.599609 0.919922 0.617188 0.916016 0.628906 0.925781 0.638672 0.925781 0.667969 0.910156 0.685547 0.927734 0.693359 0.912109 0.685547 0.896484 0.673828 0.894531 0.664062 0.898438 0.640625 0.882812 0.623047 0.882812 0.611328 0.906250 0.597656 0.902344
0 0.921875 0.886719 0.917969 0.890625 0.917969 0.896484 0.923828 0.902344 0.927734 0.898438 0.927734 0.896484 0.925781 0.894531 0.925781 0.890625
0 0.365234 0.894531 0.363281 0.896484 0.365234 0.898438 0.367188 0.896484
0 0.400391 0.896484 0.396484 0.900391 0.400391 0.904297 0.404297 0.900391
0 0.451172 0.914062 0.445312 0.917969 0.445312 0.919922 0.441406 0.925781 0.441406 0.929688 0.447266 0.933594 0.451172 0.933594 0.455078 0.927734 0.455078 0.917969
0 0.726562 0.923828 0.716797 0.929688 0.714844 0.933594 0.714844 0.943359 0.718750 0.947266 0.732422 0.947266 0.734375 0.949219 0.740234 0.945312 0.740234 0.939453 0.744141 0.935547 0.744141 0.933594 0.740234 0.931641 0.732422 0.923828
0 0.472656 0.941406 0.470703 0.943359 0.472656 0.945312 0.474609 0.945312 0.476562 0.943359 0.474609 0.941406
0 0.623047 0.951172 0.621094 0.953125 0.623047 0.955078 0.625000 0.953125
0 0.664062 0.949219 0.660156 0.953125 0.664062 0.957031 0.666016 0.957031 0.669922 0.953125 0.666016 0.949219
0 0.695312 0.951172 0.691406 0.951172 0.685547 0.957031 0.685547 0.962891 0.687500 0.964844 0.687500 0.966797 0.693359 0.970703 0.695312 0.968750 0.697266 0.968750 0.701172 0.962891 0.701172 0.958984 0.699219 0.957031 0.699219 0.955078
0 0.468750 0.953125 0.464844 0.953125 0.460938 0.957031 0.460938 0.966797 0.464844 0.970703 0.466797 0.968750 0.468750 0.968750 0.470703 0.966797 0.470703 0.964844 0.472656 0.962891 0.472656 0.958984 0.470703 0.957031 0.470703 0.955078
0 0.521484 0.955078 0.519531 0.957031 0.519531 0.958984 0.521484 0.960938 0.523438 0.958984 0.523438 0.957031
0 0.919922 0.960938 0.916016 0.964844 0.916016 0.970703 0.919922 0.974609 0.921875 0.974609 0.925781 0.970703 0.925781 0.964844 0.923828 0.962891 0.921875 0.962891
0 0.980469 0.968750 0.976562 0.972656 0.976562 0.976562 0.980469 0.980469 0.982422 0.980469 0.986328 0.976562 0.986328 0.972656 0.982422 0.968750
0 0.480469 0.978516 0.478516 0.976562 0.474609 0.976562 0.472656 0.978516 0.468750 0.978516 0.460938 0.984375 0.457031 0.984375 0.451172 0.990234 0.451172 0.998047 0.470703 0.998047 0.470703 0.996094 0.476562 0.990234 0.476562 0.988281 0.478516 0.986328 0.478516 0.980469
0 0.832031 0.976562 0.826172 0.982422 0.826172 0.986328 0.828125 0.988281 0.828125 0.994141 0.826172 0.996094 0.826172 0.998047 0.847656 0.998047 0.847656 0.996094 0.839844 0.988281 0.839844 0.986328 0.837891 0.984375 0.839844 0.982422 0.835938 0.978516 0.833984 0.978516
1 0.625000 0.994141 0.625000 0.998047 0.650391 0.998047 0.650391 0.994141 0.644531 0.988281 0.640625 0.988281 0.638672 0.986328 0.632812 0.986328 0.630859 0.988281 0.628906 0.988281
0 0.501953 0.990234 0.498047 0.994141 0.498047 0.996094 0.500000 0.998047 0.503906 0.998047 0.505859 0.996094 0.505859 0.994141
0 0.765625 0.988281 0.763672 0.988281 0.761719 0.990234 0.761719 0.994141 0.763672 0.996094 0.767578 0.992188 0.767578 0.990234
