0 0.677734 0.035156 0.675781 0.037109 0.673828 0.037109 0.671875 0.039062 0.671875 0.044922 0.677734 0.050781 0.681641 0.050781 0.687500 0.044922 0.683594 0.041016 0.683594 0.039062 0.681641 0.037109 0.679688 0.037109
0 0.107422 0.070312 0.089844 0.066406 0.076172 0.050781 0.035156 0.074219 0.015625 0.070312 0.000000 0.058594 0.000000 0.080078 0.007812 0.078125 0.027344 0.091797 0.017578 0.113281 0.000000 0.128906 0.000000 0.132812 0.003906 0.128906 0.019531 0.134766 0.009766 0.156250 0.000000 0.152344 0.000000 0.195312 0.013672 0.181641 0.021484 0.185547 0.029297 0.179688 0.039062 0.185547 0.046875 0.175781 0.044922 0.167969 0.037109 0.173828 0.033203 0.166016 0.050781 0.152344 0.044922 0.146484 0.041016 0.150391 0.035156 0.142578 0.046875 0.134766 0.048828 0.128906 0.039062 0.123047 0.046875 0.117188 0.044922 0.109375 0.058594 0.103516 0.056641 0.089844 0.068359 0.070312 0.080078 0.080078 0.109375 0.076172
1 0.123047 0.078125 0.121094 0.080078 0.130859 0.089844 0.130859 0.093750 0.132812 0.095703 0.126953 0.101562 0.123047 0.101562 0.119141 0.105469 0.119141 0.109375 0.125000 0.113281 0.142578 0.113281 0.144531 0.115234 0.150391 0.117188 0.160156 0.126953 0.162109 0.125000 0.162109 0.123047 0.154297 0.115234 0.144531 0.111328 0.138672 0.105469 0.138672 0.093750 0.136719 0.091797 0.136719 0.089844 0.126953 0.080078 0.125000 0.080078
0 0.855469 0.117188 0.849609 0.123047 0.849609 0.128906 0.853516 0.132812 0.857422 0.132812 0.859375 0.134766 0.861328 0.132812 0.861328 0.130859 0.863281 0.128906 0.863281 0.126953 0.865234 0.125000 0.857422 0.117188
0 0.908203 0.138672 0.906250 0.140625 0.908203 0.142578 0.910156 0.140625
0 0.095703 0.142578 0.093750 0.144531 0.095703 0.146484 0.097656 0.144531
0 0.105469 0.146484 0.103516 0.148438 0.105469 0.150391 0.107422 0.148438
1 0.001953 0.203125 0.000000 0.322266 0.029297 0.337891 0.000000 0.337891 0.000000 0.417969 0.044922 0.447266 0.000000 0.503906 0.044922 0.546875 0.031250 0.640625 0.058594 0.646484 0.115234 0.560547 0.162109 0.564453 0.187500 0.652344 0.121094 0.724609 0.146484 0.748047 0.205078 0.710938 0.236328 0.730469 0.189453 0.906250 0.279297 0.830078 0.548828 0.818359 0.531250 0.777344 0.521484 0.806641 0.476562 0.771484 0.388672 0.824219 0.332031 0.791016 0.242188 0.804688 0.255859 0.767578 0.328125 0.744141 0.384766 0.775391 0.339844 0.693359 0.388672 0.712891 0.386719 0.666016 0.289062 0.691406 0.205078 0.642578 0.162109 0.523438 0.218750 0.533203 0.238281 0.457031 0.175781 0.501953 0.164062 0.437500 0.093750 0.386719 0.054688 0.302734 0.162109 0.259766 0.171875 0.148438 0.138672 0.197266
0 0.117188 0.158203 0.115234 0.160156 0.117188 0.162109 0.119141 0.160156
0 0.826172 0.171875 0.822266 0.175781 0.824219 0.177734 0.824219 0.179688 0.826172 0.181641 0.828125 0.181641 0.832031 0.177734 0.832031 0.175781 0.828125 0.171875
0 0.759766 0.207031 0.751953 0.207031 0.748047 0.210938 0.748047 0.216797 0.751953 0.220703 0.755859 0.220703 0.757812 0.218750 0.759766 0.218750 0.761719 0.216797 0.761719 0.208984
0 0.078125 0.238281 0.082031 0.242188 0.083984 0.240234 0.087891 0.244141 0.089844 0.242188 0.085938 0.238281 0.085938 0.236328 0.083984 0.234375 0.082031 0.236328 0.080078 0.236328
0 0.767578 0.248047 0.763672 0.251953 0.765625 0.253906 0.765625 0.255859 0.769531 0.259766 0.773438 0.255859 0.773438 0.251953 0.771484 0.250000 0.769531 0.250000
0 0.943359 0.250000 0.939453 0.253906 0.939453 0.255859 0.943359 0.259766 0.945312 0.259766 0.949219 0.255859 0.949219 0.253906 0.945312 0.250000
0 0.662109 0.255859 0.660156 0.257812 0.660156 0.261719 0.662109 0.263672 0.666016 0.259766
0 0.578125 0.257812 0.574219 0.261719 0.578125 0.265625 0.582031 0.265625 0.583984 0.263672 0.583984 0.259766 0.582031 0.257812
0 0.566406 0.273438 0.564453 0.275391 0.564453 0.277344 0.566406 0.279297 0.568359 0.277344 0.568359 0.275391
0 0.613281 0.275391 0.609375 0.275391 0.605469 0.279297 0.609375 0.283203 0.611328 0.283203 0.615234 0.279297 0.615234 0.277344
0 0.978516 0.277344 0.974609 0.281250 0.978516 0.285156 0.982422 0.281250
0 0.880859 0.281250 0.878906 0.283203 0.878906 0.285156 0.880859 0.287109 0.882812 0.287109 0.884766 0.285156 0.884766 0.283203 0.882812 0.281250
0 0.710938 0.285156 0.708984 0.287109 0.712891 0.291016 0.714844 0.289062 0.714844 0.287109 0.712891 0.285156
0 0.806641 0.287109 0.804688 0.289062 0.804688 0.291016 0.810547 0.296875 0.812500 0.296875 0.814453 0.294922 0.814453 0.292969 0.816406 0.291016 0.812500 0.287109
0 0.941406 0.287109 0.933594 0.294922 0.933594 0.302734 0.935547 0.304688 0.935547 0.306641 0.939453 0.310547 0.943359 0.310547 0.945312 0.312500 0.947266 0.312500 0.953125 0.306641 0.953125 0.304688 0.955078 0.302734 0.955078 0.296875 0.953125 0.294922 0.953125 0.292969 0.949219 0.289062 0.945312 0.289062 0.943359 0.287109
0 0.960938 0.324219 0.958984 0.326172 0.958984 0.330078 0.960938 0.332031 0.962891 0.332031 0.964844 0.330078 0.964844 0.328125
0 0.599609 0.330078 0.597656 0.332031 0.599609 0.333984 0.601562 0.333984 0.603516 0.332031 0.601562 0.330078
0 0.791016 0.330078 0.789062 0.330078 0.785156 0.333984 0.785156 0.335938 0.783203 0.337891 0.783203 0.341797 0.787109 0.345703 0.792969 0.339844 0.792969 0.337891 0.794922 0.335938 0.794922 0.333984
0 0.462891 0.335938 0.460938 0.337891 0.460938 0.339844 0.458984 0.341797 0.460938 0.343750 0.462891 0.343750 0.464844 0.345703 0.466797 0.345703 0.470703 0.341797 0.470703 0.337891 0.468750 0.335938
0 0.667969 0.339844 0.666016 0.341797 0.666016 0.345703 0.667969 0.347656 0.671875 0.347656 0.673828 0.345703 0.673828 0.343750 0.669922 0.339844
0 0.269531 0.347656 0.265625 0.351562 0.269531 0.355469 0.271484 0.355469 0.275391 0.351562 0.271484 0.347656
0 0.195312 0.351562 0.193359 0.353516 0.193359 0.355469 0.195312 0.357422 0.199219 0.357422 0.201172 0.355469 0.197266 0.351562
0 0.800781 0.351562 0.794922 0.357422 0.796875 0.359375 0.796875 0.363281 0.798828 0.365234 0.798828 0.367188 0.804688 0.373047 0.810547 0.373047 0.812500 0.371094 0.814453 0.371094 0.820312 0.365234 0.818359 0.363281 0.818359 0.359375 0.810547 0.351562
0 0.898438 0.357422 0.902344 0.361328 0.906250 0.361328 0.908203 0.359375 0.908203 0.357422 0.906250 0.355469 0.900391 0.355469
0 0.615234 0.373047 0.613281 0.375000 0.613281 0.376953 0.611328 0.378906 0.615234 0.382812 0.619141 0.382812 0.623047 0.378906 0.623047 0.376953 0.621094 0.375000 0.619141 0.375000 0.617188 0.373047
0 0.560547 0.380859 0.556641 0.380859 0.550781 0.386719 0.550781 0.388672 0.548828 0.390625 0.548828 0.394531 0.546875 0.396484 0.548828 0.402344 0.552734 0.406250 0.556641 0.406250 0.558594 0.408203 0.564453 0.404297 0.566406 0.406250 0.570312 0.400391 0.570312 0.390625 0.568359 0.388672 0.568359 0.386719
0 0.199219 0.388672 0.197266 0.390625 0.197266 0.392578 0.199219 0.394531 0.201172 0.394531 0.203125 0.392578
0 0.519531 0.394531 0.523438 0.398438 0.529297 0.398438 0.531250 0.396484 0.531250 0.394531 0.527344 0.390625 0.523438 0.390625
0 0.423828 0.396484 0.410156 0.404297 0.410156 0.410156 0.414062 0.417969 0.412109 0.419922 0.416016 0.429688 0.414062 0.431641 0.421875 0.445312 0.435547 0.447266 0.441406 0.441406 0.445312 0.427734 0.437500 0.410156 0.437500 0.404297
0 0.761719 0.406250 0.759766 0.408203 0.761719 0.410156 0.763672 0.408203
0 0.384766 0.423828 0.382812 0.425781 0.382812 0.427734 0.386719 0.431641 0.390625 0.427734 0.386719 0.423828
0 0.550781 0.449219 0.548828 0.449219 0.544922 0.453125 0.544922 0.455078 0.546875 0.457031 0.550781 0.457031 0.552734 0.455078 0.552734 0.451172
0 0.312500 0.455078 0.310547 0.457031 0.310547 0.460938 0.314453 0.464844 0.318359 0.464844 0.320312 0.462891 0.320312 0.457031 0.318359 0.455078
0 0.259766 0.458984 0.255859 0.462891 0.259766 0.466797 0.261719 0.466797 0.263672 0.464844 0.263672 0.460938 0.261719 0.458984
0 0.445312 0.470703 0.437500 0.478516 0.437500 0.480469 0.441406 0.484375 0.443359 0.484375 0.445312 0.486328 0.449219 0.482422 0.447266 0.480469 0.451172 0.476562
0 0.654297 0.468750 0.648438 0.468750 0.646484 0.470703 0.644531 0.470703 0.640625 0.476562 0.640625 0.478516 0.642578 0.480469 0.642578 0.482422 0.648438 0.486328 0.650391 0.484375 0.654297 0.484375 0.658203 0.478516 0.658203 0.472656
0 0.328125 0.474609 0.324219 0.478516 0.328125 0.482422 0.332031 0.482422 0.333984 0.480469 0.333984 0.476562 0.332031 0.474609
0 0.548828 0.476562 0.544922 0.480469 0.544922 0.482422 0.554688 0.492188 0.554688 0.494141 0.558594 0.498047 0.564453 0.498047 0.570312 0.492188 0.570312 0.488281 0.568359 0.486328 0.568359 0.484375 0.554688 0.476562
0 0.437500 0.492188 0.425781 0.503906 0.419922 0.498047 0.410156 0.498047 0.402344 0.507812 0.406250 0.521484 0.421875 0.542969 0.429688 0.546875 0.435547 0.544922 0.443359 0.535156 0.443359 0.523438 0.435547 0.511719 0.443359 0.503906 0.445312 0.498047
0 0.886719 0.496094 0.884766 0.496094 0.880859 0.500000 0.880859 0.503906 0.884766 0.507812 0.890625 0.501953 0.890625 0.500000
0 0.507812 0.523438 0.503906 0.527344 0.503906 0.529297 0.507812 0.533203 0.509766 0.533203 0.513672 0.529297 0.513672 0.527344 0.509766 0.523438
0 0.453125 0.535156 0.447266 0.541016 0.447266 0.544922 0.453125 0.550781 0.460938 0.550781 0.466797 0.544922 0.466797 0.541016 0.460938 0.535156
1 0.998047 0.542969 0.994141 0.546875 0.994141 0.552734 0.998047 0.556641
0 0.583984 0.552734 0.580078 0.556641 0.580078 0.558594 0.583984 0.562500 0.585938 0.562500 0.587891 0.560547 0.587891 0.556641
0 0.472656 0.554688 0.464844 0.562500 0.466797 0.566406 0.464844 0.568359 0.468750 0.576172 0.464844 0.580078 0.460938 0.580078 0.457031 0.576172 0.449219 0.582031 0.449219 0.587891 0.453125 0.591797 0.458984 0.591797 0.474609 0.601562 0.482422 0.599609 0.488281 0.593750 0.478516 0.580078 0.478516 0.572266 0.482422 0.564453
0 0.609375 0.556641 0.605469 0.556641 0.599609 0.562500 0.599609 0.566406 0.605469 0.572266 0.611328 0.566406 0.611328 0.564453 0.613281 0.562500 0.613281 0.560547
0 0.427734 0.560547 0.425781 0.562500 0.427734 0.564453 0.429688 0.564453 0.431641 0.562500 0.429688 0.560547
0 0.285156 0.574219 0.281250 0.578125 0.285156 0.582031 0.287109 0.582031 0.289062 0.580078 0.289062 0.578125
0 0.552734 0.574219 0.548828 0.580078 0.548828 0.583984 0.552734 0.589844 0.556641 0.589844 0.558594 0.591797 0.566406 0.583984 0.566406 0.578125 0.562500 0.574219
0 0.591797 0.574219 0.587891 0.578125 0.587891 0.580078 0.589844 0.582031 0.593750 0.582031 0.595703 0.580078 0.595703 0.578125
0 0.406250 0.582031 0.404297 0.583984 0.408203 0.587891 0.410156 0.585938 0.410156 0.583984 0.408203 0.582031
0 0.326172 0.593750 0.324219 0.595703 0.324219 0.597656 0.322266 0.599609 0.322266 0.603516 0.326172 0.607422 0.328125 0.607422 0.330078 0.609375 0.335938 0.603516 0.335938 0.599609 0.332031 0.595703 0.330078 0.595703 0.328125 0.593750
0 0.416016 0.599609 0.412109 0.603516 0.412109 0.607422 0.414062 0.609375 0.416016 0.609375 0.419922 0.605469 0.419922 0.603516
0 0.531250 0.607422 0.529297 0.609375 0.529297 0.613281 0.531250 0.615234 0.533203 0.615234 0.535156 0.613281 0.533203 0.611328 0.535156 0.609375 0.533203 0.607422
0 0.732422 0.615234 0.726562 0.621094 0.726562 0.623047 0.730469 0.626953 0.732422 0.626953 0.738281 0.621094
0 0.451172 0.617188 0.447266 0.621094 0.447266 0.623047 0.445312 0.625000 0.447266 0.626953 0.449219 0.626953 0.451172 0.628906 0.455078 0.628906 0.458984 0.625000
0 0.585938 0.630859 0.583984 0.632812 0.585938 0.634766 0.587891 0.634766 0.589844 0.632812 0.587891 0.630859
0 0.292969 0.634766 0.289062 0.638672 0.289062 0.642578 0.292969 0.646484 0.294922 0.646484 0.296875 0.648438 0.302734 0.642578 0.302734 0.638672 0.298828 0.634766
0 0.474609 0.634766 0.468750 0.634766 0.464844 0.638672 0.464844 0.644531 0.468750 0.648438 0.470703 0.648438 0.472656 0.646484 0.474609 0.646484 0.478516 0.642578 0.478516 0.638672
0 0.671875 0.634766 0.667969 0.638672 0.671875 0.642578 0.673828 0.642578 0.677734 0.638672 0.673828 0.634766
0 0.628906 0.638672 0.623047 0.638672 0.619141 0.640625 0.609375 0.650391 0.599609 0.644531 0.593750 0.648438 0.601562 0.656250 0.601562 0.662109 0.605469 0.666016 0.613281 0.666016 0.617188 0.660156 0.619141 0.652344 0.630859 0.642578
0 0.707031 0.646484 0.703125 0.650391 0.707031 0.654297 0.710938 0.650391
0 0.843750 0.660156 0.841797 0.662109 0.843750 0.664062 0.845703 0.662109
0 0.970703 0.671875 0.968750 0.673828 0.968750 0.677734 0.970703 0.679688 0.974609 0.675781
0 0.406250 0.689453 0.404297 0.691406 0.404297 0.693359 0.406250 0.695312 0.408203 0.693359 0.408203 0.691406
0 0.505859 0.687500 0.500000 0.693359 0.500000 0.699219 0.501953 0.701172 0.501953 0.703125 0.505859 0.707031 0.507812 0.707031 0.509766 0.708984 0.513672 0.708984 0.517578 0.705078 0.517578 0.699219 0.519531 0.697266 0.517578 0.695312 0.517578 0.693359 0.511719 0.687500
0 0.558594 0.687500 0.554688 0.691406 0.554688 0.695312 0.558594 0.699219 0.562500 0.699219 0.566406 0.695312 0.566406 0.691406 0.562500 0.687500
0 0.765625 0.697266 0.763672 0.705078 0.765625 0.707031 0.765625 0.710938 0.771484 0.716797 0.775391 0.718750 0.792969 0.718750 0.796875 0.714844 0.796875 0.699219 0.792969 0.695312 0.779297 0.689453 0.777344 0.691406 0.769531 0.693359
0 0.693359 0.701172 0.689453 0.701172 0.687500 0.703125 0.691406 0.707031 0.695312 0.703125
0 0.644531 0.708984 0.640625 0.712891 0.642578 0.714844 0.642578 0.718750 0.646484 0.722656 0.650391 0.722656 0.654297 0.718750 0.650391 0.714844 0.650391 0.712891 0.648438 0.710938 0.646484 0.710938
0 0.808594 0.732422 0.802734 0.738281 0.802734 0.744141 0.792969 0.757812 0.792969 0.765625 0.806641 0.779297 0.814453 0.777344 0.824219 0.769531 0.832031 0.775391 0.833984 0.771484 0.826172 0.765625 0.828125 0.753906 0.824219 0.744141 0.814453 0.734375
0 0.492188 0.736328 0.490234 0.738281 0.490234 0.740234 0.488281 0.742188 0.492188 0.746094 0.494141 0.746094 0.498047 0.742188 0.496094 0.740234 0.496094 0.738281 0.494141 0.736328
1 0.681641 0.738281 0.677734 0.734375 0.675781 0.734375 0.671875 0.738281 0.669922 0.738281 0.667969 0.740234 0.666016 0.740234 0.662109 0.744141 0.666016 0.748047 0.667969 0.746094 0.669922 0.746094 0.671875 0.744141 0.677734 0.744141 0.681641 0.740234
0 0.546875 0.757812 0.544922 0.759766 0.544922 0.763672 0.550781 0.769531 0.556641 0.769531 0.558594 0.767578 0.558594 0.765625 0.560547 0.763672 0.560547 0.761719 0.558594 0.759766 0.558594 0.757812 0.556641 0.755859 0.550781 0.755859 0.548828 0.757812
0 0.871094 0.753906 0.869141 0.755859 0.869141 0.759766 0.871094 0.761719 0.873047 0.761719 0.875000 0.759766 0.875000 0.757812
0 0.767578 0.765625 0.761719 0.769531 0.757812 0.769531 0.750000 0.779297 0.750000 0.783203 0.748047 0.785156 0.751953 0.791016 0.751953 0.794922 0.759766 0.800781 0.773438 0.800781 0.783203 0.791016 0.783203 0.781250 0.781250 0.779297 0.781250 0.775391
0 0.591797 0.771484 0.587891 0.771484 0.583984 0.775391 0.583984 0.783203 0.582031 0.785156 0.582031 0.789062 0.585938 0.792969 0.589844 0.792969 0.595703 0.787109 0.595703 0.775391
0 0.724609 0.783203 0.718750 0.789062 0.718750 0.794922 0.722656 0.802734 0.722656 0.808594 0.726562 0.814453 0.734375 0.816406 0.740234 0.810547 0.740234 0.806641 0.742188 0.804688 0.742188 0.800781 0.740234 0.798828 0.742188 0.796875 0.736328 0.787109 0.728516 0.783203
1 0.707031 0.791016 0.675781 0.824219 0.650391 0.818359 0.621094 0.835938 0.609375 0.828125 0.595703 0.873047 0.552734 0.871094 0.517578 0.847656 0.509766 0.851562 0.511719 0.865234 0.546875 0.878906 0.542969 0.894531 0.509766 0.898438 0.488281 0.914062 0.484375 0.927734 0.501953 0.941406 0.531250 0.927734 0.544922 0.935547 0.552734 0.953125 0.544922 0.964844 0.556641 0.972656 0.556641 0.982422 0.542969 0.998047 0.562500 0.998047 0.572266 0.935547 0.566406 0.902344 0.599609 0.892578 0.623047 0.896484 0.630859 0.890625 0.625000 0.871094 0.642578 0.865234 0.650391 0.871094 0.650391 0.888672 0.669922 0.894531 0.681641 0.876953 0.671875 0.853516 0.681641 0.841797 0.703125 0.835938 0.710938 0.814453
0 0.640625 0.792969 0.636719 0.796875 0.640625 0.800781 0.644531 0.796875
0 0.960938 0.806641 0.957031 0.810547 0.957031 0.814453 0.960938 0.818359 0.960938 0.820312 0.962891 0.822266 0.964844 0.822266 0.966797 0.824219 0.968750 0.824219 0.970703 0.822266 0.970703 0.818359 0.972656 0.816406 0.970703 0.814453 0.970703 0.812500 0.966797 0.808594 0.964844 0.808594 0.962891 0.806641
0 0.896484 0.812500 0.886719 0.826172 0.890625 0.830078 0.908203 0.826172 0.912109 0.830078 0.908203 0.837891 0.912109 0.853516 0.921875 0.861328 0.935547 0.859375 0.939453 0.853516 0.939453 0.843750 0.921875 0.824219 0.919922 0.818359 0.923828 0.814453 0.916016 0.808594
0 0.751953 0.816406 0.748047 0.816406 0.744141 0.820312 0.744141 0.822266 0.750000 0.828125 0.755859 0.822266 0.753906 0.820312 0.753906 0.818359
0 0.599609 0.820312 0.597656 0.822266 0.599609 0.824219 0.601562 0.824219 0.603516 0.822266 0.601562 0.820312
0 0.796875 0.822266 0.791016 0.828125 0.791016 0.832031 0.792969 0.833984 0.792969 0.835938 0.796875 0.839844 0.804688 0.839844 0.810547 0.833984 0.810547 0.826172 0.806641 0.822266
0 0.761719 0.826172 0.759766 0.828125 0.759766 0.835938 0.763672 0.839844 0.767578 0.839844 0.769531 0.837891 0.771484 0.837891 0.773438 0.835938 0.773438 0.832031 0.767578 0.826172
0 0.845703 0.849609 0.841797 0.849609 0.837891 0.853516 0.837891 0.859375 0.841797 0.863281 0.843750 0.863281 0.849609 0.857422 0.849609 0.853516
1 0.488281 0.853516 0.484375 0.857422 0.484375 0.861328 0.488281 0.867188 0.488281 0.873047 0.486328 0.875000 0.486328 0.878906 0.494141 0.888672 0.500000 0.888672 0.505859 0.882812 0.503906 0.880859 0.503906 0.873047 0.496094 0.865234 0.494141 0.861328 0.494141 0.855469 0.492188 0.853516
0 0.771484 0.853516 0.767578 0.853516 0.765625 0.855469 0.765625 0.857422 0.769531 0.861328 0.773438 0.857422 0.773438 0.855469
0 0.808594 0.861328 0.798828 0.859375 0.789062 0.867188 0.789062 0.880859 0.794922 0.888672 0.808594 0.884766 0.816406 0.876953 0.816406 0.871094
0 0.970703 0.869141 0.968750 0.871094 0.970703 0.873047 0.972656 0.873047 0.974609 0.871094 0.972656 0.869141
0 0.828125 0.873047 0.822266 0.878906 0.822266 0.880859 0.828125 0.886719 0.830078 0.886719 0.833984 0.882812 0.833984 0.878906
0 0.857422 0.873047 0.853516 0.876953 0.853516 0.880859 0.859375 0.886719 0.865234 0.880859 0.865234 0.878906 0.867188 0.876953 0.865234 0.875000 0.859375 0.875000
0 0.886719 0.871094 0.884766 0.873047 0.886719 0.875000 0.888672 0.873047
0 0.751953 0.875000 0.748047 0.875000 0.746094 0.876953 0.740234 0.878906 0.732422 0.886719 0.732422 0.888672 0.738281 0.892578 0.742188 0.892578 0.746094 0.896484 0.750000 0.896484 0.751953 0.894531 0.751953 0.892578 0.753906 0.890625 0.753906 0.886719 0.755859 0.884766 0.755859 0.878906
0 0.933594 0.875000 0.929688 0.878906 0.929688 0.882812 0.931641 0.884766 0.937500 0.884766 0.941406 0.880859 0.941406 0.878906 0.937500 0.875000
0 0.841797 0.886719 0.839844 0.888672 0.839844 0.894531 0.841797 0.896484 0.843750 0.896484 0.845703 0.894531 0.845703 0.892578 0.847656 0.890625 0.843750 0.886719
0 0.783203 0.894531 0.779297 0.890625 0.773438 0.890625 0.771484 0.892578 0.763672 0.892578 0.757812 0.898438 0.757812 0.900391 0.755859 0.902344 0.757812 0.904297 0.757812 0.912109 0.759766 0.914062 0.763672 0.914062 0.765625 0.912109 0.779297 0.906250 0.783203 0.900391
1 0.826172 0.908203 0.818359 0.900391 0.814453 0.900391 0.806641 0.908203 0.796875 0.906250 0.781250 0.919922 0.779297 0.929688 0.785156 0.935547 0.792969 0.935547 0.804688 0.917969 0.816406 0.917969 0.820312 0.916016
0 0.705078 0.906250 0.701172 0.910156 0.701172 0.916016 0.705078 0.919922 0.707031 0.919922 0.708984 0.921875 0.714844 0.916016 0.714844 0.912109 0.708984 0.906250
0 0.888672 0.910156 0.884766 0.910156 0.880859 0.914062 0.880859 0.916016 0.878906 0.917969 0.884766 0.923828 0.886719 0.923828 0.888672 0.921875 0.890625 0.921875 0.892578 0.919922 0.892578 0.914062
0 0.904297 0.917969 0.898438 0.923828 0.898438 0.927734 0.900391 0.929688 0.900391 0.931641 0.902344 0.933594 0.904297 0.933594 0.906250 0.935547 0.908203 0.935547 0.914062 0.929688 0.914062 0.923828 0.908203 0.917969
0 0.986328 0.921875 0.982422 0.917969 0.980469 0.919922 0.978516 0.919922 0.976562 0.921875 0.976562 0.923828 0.978516 0.925781 0.982422 0.925781
0 0.658203 0.921875 0.656250 0.923828 0.656250 0.933594 0.660156 0.937500 0.662109 0.937500 0.667969 0.931641 0.667969 0.927734 0.662109 0.921875
0 0.466797 0.947266 0.464844 0.949219 0.464844 0.953125 0.466797 0.955078 0.468750 0.955078 0.470703 0.953125 0.470703 0.951172
0 0.853516 0.945312 0.849609 0.945312 0.847656 0.947266 0.851562 0.951172 0.855469 0.947266
0 0.429688 0.951172 0.425781 0.951172 0.421875 0.955078 0.421875 0.957031 0.423828 0.958984 0.425781 0.958984 0.427734 0.960938 0.431641 0.957031 0.431641 0.953125
0 0.683594 0.955078 0.679688 0.951172 0.677734 0.951172 0.675781 0.949219 0.671875 0.949219 0.669922 0.951172 0.667969 0.951172 0.662109 0.957031 0.660156 0.966797 0.664062 0.970703 0.666016 0.968750 0.671875 0.968750 0.673828 0.970703 0.675781 0.970703 0.677734 0.968750 0.681641 0.968750 0.685547 0.962891 0.685547 0.958984 0.683594 0.957031
1 0.839844 0.957031 0.837891 0.955078 0.832031 0.955078 0.826172 0.960938 0.828125 0.962891 0.830078 0.962891 0.833984 0.958984 0.837891 0.958984
0 0.472656 0.958984 0.470703 0.960938 0.472656 0.962891 0.474609 0.962891 0.476562 0.960938 0.474609 0.958984
0 0.720703 0.957031 0.714844 0.962891 0.714844 0.970703 0.718750 0.976562 0.722656 0.976562 0.724609 0.978516 0.728516 0.974609 0.728516 0.972656 0.730469 0.970703 0.730469 0.966797 0.728516 0.964844 0.728516 0.962891 0.722656 0.957031
1 0.773438 0.984375 0.779297 0.992188 0.800781 0.984375 0.804688 0.988281 0.800781 0.998047 0.822266 0.998047 0.822266 0.994141 0.826172 0.990234 0.832031 0.990234 0.837891 0.998047 0.859375 0.998047 0.859375 0.988281 0.867188 0.982422 0.867188 0.976562 0.865234 0.974609 0.851562 0.974609 0.847656 0.972656 0.837891 0.982422 0.826172 0.968750 0.814453 0.970703 0.810547 0.966797 0.812500 0.962891 0.806641 0.958984 0.804688 0.964844 0.808594 0.968750 0.808594 0.972656 0.802734 0.978516 0.796875 0.978516 0.792969 0.974609 0.789062 0.974609 0.779297 0.978516
0 0.609375 0.962891 0.607422 0.964844 0.605469 0.964844 0.601562 0.968750 0.601562 0.970703 0.603516 0.972656 0.603516 0.974609 0.605469 0.976562 0.613281 0.976562 0.615234 0.974609 0.615234 0.970703 0.613281 0.968750 0.613281 0.966797
0 0.636719 0.966797 0.632812 0.970703 0.632812 0.982422 0.638672 0.988281 0.644531 0.988281 0.650391 0.984375 0.650391 0.982422 0.652344 0.980469 0.650391 0.978516 0.652344 0.976562 0.650391 0.974609 0.650391 0.972656 0.644531 0.966797
0 0.900391 0.970703 0.898438 0.970703 0.894531 0.974609 0.894531 0.978516 0.898438 0.982422 0.902344 0.978516 0.902344 0.972656
0 0.923828 0.968750 0.921875 0.970703 0.921875 0.972656 0.919922 0.974609 0.923828 0.978516 0.925781 0.978516 0.929688 0.974609 0.929688 0.972656 0.925781 0.968750
1 0.437500 0.996094 0.437500 0.998047 0.488281 0.998047 0.480469 0.988281 0.464844 0.980469 0.457031 0.980469 0.447266 0.984375
0 0.525391 0.980469 0.523438 0.980469 0.521484 0.982422 0.521484 0.984375 0.523438 0.986328 0.527344 0.982422
0 0.935547 0.980469 0.933594 0.982422 0.935547 0.984375 0.937500 0.984375 0.939453 0.982422 0.937500 0.980469
0 0.599609 0.984375 0.595703 0.988281 0.595703 0.990234 0.599609 0.994141 0.601562 0.994141 0.605469 0.990234 0.605469 0.988281 0.601562 0.984375
1 0.724609 0.998047 0.740234 0.998047 0.738281 0.996094 0.736328 0.996094 0.734375 0.994141 0.730469 0.994141 0.728516 0.996094 0.726562 0.996094
