1 0.013672 0.097656 0.000000 0.568359 0.179688 0.558594 0.191406 0.681641 0.056641 0.833984 0.058594 0.912109 0.146484 0.808594 0.218750 0.869141 0.187500 0.941406 0.203125 0.990234 0.232422 0.951172 0.300781 0.998047 0.367188 0.943359 0.359375 0.998047 0.382812 0.972656 0.390625 0.998047 0.482422 0.976562 0.509766 0.998047 0.451172 0.937500 0.416016 0.976562 0.392578 0.896484 0.316406 0.943359 0.248047 0.925781 0.193359 0.814453 0.144531 0.789062 0.339844 0.671875 0.324219 0.544922 0.400391 0.486328 0.232422 0.291016 0.085938 0.298828 0.091797 0.222656 0.046875 0.205078
0 0.410156 0.248047 0.408203 0.250000 0.410156 0.251953 0.412109 0.251953 0.414062 0.250000 0.412109 0.248047
0 0.232422 0.259766 0.230469 0.261719 0.230469 0.263672 0.232422 0.265625 0.234375 0.263672 0.234375 0.261719
0 0.285156 0.316406 0.287109 0.318359 0.291016 0.318359 0.292969 0.316406 0.291016 0.314453 0.287109 0.314453
0 0.244141 0.394531 0.242188 0.396484 0.244141 0.398438 0.244141 0.400391 0.246094 0.402344 0.250000 0.402344 0.251953 0.400391 0.250000 0.398438 0.250000 0.396484 0.248047 0.394531
0 0.642578 0.435547 0.640625 0.437500 0.642578 0.439453 0.644531 0.439453 0.646484 0.437500 0.644531 0.435547
0 0.873047 0.433594 0.871094 0.435547 0.873047 0.437500 0.875000 0.435547
0 0.351562 0.453125 0.349609 0.455078 0.349609 0.462891 0.353516 0.466797 0.355469 0.464844 0.357422 0.464844 0.359375 0.462891 0.359375 0.460938
0 0.865234 0.478516 0.857422 0.486328 0.857422 0.494141 0.861328 0.498047 0.863281 0.498047 0.867188 0.494141 0.867188 0.488281 0.865234 0.486328 0.867188 0.484375 0.867188 0.480469
0 0.337891 0.484375 0.335938 0.486328 0.335938 0.492188 0.337891 0.494141 0.339844 0.494141 0.341797 0.492188 0.341797 0.486328 0.339844 0.484375
0 0.138672 0.492188 0.136719 0.490234 0.132812 0.490234 0.130859 0.492188 0.128906 0.492188 0.125000 0.496094 0.125000 0.498047 0.126953 0.500000 0.128906 0.498047 0.132812 0.498047
0 0.535156 0.488281 0.529297 0.492188 0.527344 0.498047 0.529297 0.500000 0.529297 0.501953 0.535156 0.507812 0.535156 0.513672 0.537109 0.515625 0.539062 0.515625 0.542969 0.511719 0.542969 0.509766 0.541016 0.507812 0.541016 0.500000 0.542969 0.498047 0.542969 0.494141 0.537109 0.488281
0 0.427734 0.494141 0.425781 0.496094 0.425781 0.498047 0.423828 0.500000 0.423828 0.507812 0.425781 0.509766 0.427734 0.509766 0.429688 0.511719 0.431641 0.511719 0.435547 0.507812 0.435547 0.505859 0.433594 0.503906 0.433594 0.501953 0.431641 0.500000 0.431641 0.496094 0.429688 0.494141
0 0.472656 0.494141 0.470703 0.496094 0.470703 0.500000 0.472656 0.501953 0.472656 0.503906 0.474609 0.505859 0.476562 0.505859 0.480469 0.501953 0.480469 0.498047 0.476562 0.494141
0 0.593750 0.503906 0.589844 0.507812 0.589844 0.517578 0.595703 0.523438 0.601562 0.523438 0.605469 0.517578 0.605469 0.511719 0.599609 0.505859 0.595703 0.505859
0 0.515625 0.517578 0.513672 0.519531 0.513672 0.523438 0.517578 0.527344 0.519531 0.527344 0.523438 0.523438 0.523438 0.521484 0.519531 0.517578
0 0.697266 0.527344 0.695312 0.529297 0.693359 0.529297 0.691406 0.531250 0.691406 0.533203 0.689453 0.535156 0.689453 0.537109 0.695312 0.542969 0.697266 0.542969 0.703125 0.537109 0.703125 0.533203
0 0.464844 0.531250 0.460938 0.535156 0.460938 0.539062 0.464844 0.542969 0.466797 0.542969 0.470703 0.546875 0.476562 0.546875 0.478516 0.544922 0.478516 0.541016 0.470703 0.533203 0.468750 0.533203 0.466797 0.531250
0 0.734375 0.548828 0.732422 0.548828 0.730469 0.550781 0.730469 0.552734 0.732422 0.554688 0.736328 0.550781
0 0.695312 0.556641 0.691406 0.556641 0.687500 0.560547 0.689453 0.562500 0.691406 0.562500 0.693359 0.564453 0.697266 0.560547 0.697266 0.558594
0 0.509766 0.558594 0.503906 0.564453 0.503906 0.568359 0.509766 0.574219 0.511719 0.572266 0.513672 0.572266 0.515625 0.570312 0.515625 0.562500 0.513672 0.560547 0.511719 0.560547
0 0.552734 0.574219 0.541016 0.578125 0.525391 0.609375 0.525391 0.634766 0.531250 0.642578 0.537109 0.642578 0.539062 0.630859 0.576172 0.603516 0.580078 0.595703 0.570312 0.585938 0.562500 0.587891
0 0.416016 0.580078 0.412109 0.583984 0.416016 0.587891 0.419922 0.583984
0 0.605469 0.578125 0.603516 0.580078 0.603516 0.589844 0.607422 0.593750 0.609375 0.593750 0.615234 0.597656 0.621094 0.597656 0.625000 0.591797 0.625000 0.587891 0.615234 0.580078 0.613281 0.580078 0.611328 0.578125
0 0.873047 0.589844 0.869141 0.593750 0.869141 0.595703 0.871094 0.597656 0.875000 0.597656 0.876953 0.595703 0.875000 0.593750 0.875000 0.591797
0 0.617188 0.605469 0.615234 0.607422 0.615234 0.609375 0.617188 0.611328 0.619141 0.609375 0.619141 0.607422
0 0.837891 0.605469 0.833984 0.609375 0.833984 0.611328 0.835938 0.613281 0.837891 0.613281 0.839844 0.611328 0.839844 0.607422
0 0.720703 0.619141 0.716797 0.623047 0.720703 0.626953 0.722656 0.626953 0.726562 0.623047 0.722656 0.619141
0 0.458984 0.621094 0.455078 0.621094 0.453125 0.623047 0.453125 0.625000 0.457031 0.628906 0.460938 0.625000 0.460938 0.623047
0 0.507812 0.630859 0.505859 0.632812 0.507812 0.634766 0.509766 0.632812
0 0.767578 0.628906 0.765625 0.630859 0.765625 0.632812 0.767578 0.634766 0.769531 0.632812 0.769531 0.630859
0 0.843750 0.644531 0.837891 0.644531 0.833984 0.648438 0.833984 0.652344 0.835938 0.654297 0.837891 0.654297 0.839844 0.656250 0.841797 0.654297 0.843750 0.654297 0.845703 0.652344 0.845703 0.646484
0 0.488281 0.652344 0.486328 0.652344 0.480469 0.658203 0.478516 0.658203 0.476562 0.660156 0.472656 0.660156 0.468750 0.664062 0.470703 0.669922 0.474609 0.673828 0.476562 0.673828 0.478516 0.675781 0.482422 0.675781 0.484375 0.673828 0.486328 0.667969 0.490234 0.664062 0.490234 0.662109 0.492188 0.660156 0.490234 0.658203 0.490234 0.654297
1 0.802734 0.658203 0.798828 0.654297 0.796875 0.656250 0.794922 0.656250 0.789062 0.664062 0.787109 0.664062 0.783203 0.660156 0.781250 0.660156 0.777344 0.664062 0.777344 0.667969 0.781250 0.671875 0.783203 0.669922 0.785156 0.669922 0.791016 0.664062 0.792969 0.664062 0.796875 0.667969 0.800781 0.667969 0.802734 0.666016
0 0.429688 0.660156 0.427734 0.660156 0.421875 0.666016 0.419922 0.671875 0.412109 0.679688 0.412109 0.685547 0.414062 0.687500 0.417969 0.687500 0.419922 0.689453 0.421875 0.689453 0.423828 0.687500 0.425781 0.687500 0.437500 0.675781 0.437500 0.673828 0.439453 0.671875
0 0.830078 0.660156 0.826172 0.664062 0.830078 0.667969 0.833984 0.664062
0 0.839844 0.669922 0.837891 0.671875 0.841797 0.675781 0.843750 0.673828 0.843750 0.671875 0.841797 0.669922
0 0.853516 0.667969 0.851562 0.669922 0.851562 0.673828 0.857422 0.679688 0.861328 0.679688 0.865234 0.675781 0.865234 0.671875 0.861328 0.667969
0 0.886719 0.667969 0.882812 0.671875 0.882812 0.675781 0.884766 0.677734 0.884766 0.679688 0.886719 0.681641 0.890625 0.681641 0.894531 0.677734 0.894531 0.671875 0.890625 0.667969
0 0.384766 0.677734 0.382812 0.679688 0.382812 0.687500 0.384766 0.689453 0.388672 0.689453 0.392578 0.685547 0.392578 0.681641 0.388672 0.677734
0 0.787109 0.683594 0.783203 0.687500 0.783203 0.691406 0.787109 0.695312 0.789062 0.695312 0.791016 0.693359 0.792969 0.693359 0.794922 0.691406 0.794922 0.687500 0.792969 0.685547 0.791016 0.685547 0.789062 0.683594
0 0.710938 0.691406 0.708984 0.693359 0.703125 0.695312 0.701172 0.697266 0.701172 0.701172 0.705078 0.705078 0.707031 0.710938 0.712891 0.716797 0.718750 0.716797 0.724609 0.708984 0.724609 0.701172 0.722656 0.699219 0.722656 0.697266 0.716797 0.691406
0 0.900391 0.691406 0.896484 0.695312 0.900391 0.699219 0.904297 0.695312
0 0.814453 0.697266 0.812500 0.699219 0.812500 0.712891 0.814453 0.714844 0.820312 0.714844 0.822266 0.712891 0.822266 0.708984 0.820312 0.707031 0.820312 0.703125 0.818359 0.701172 0.818359 0.699219 0.816406 0.697266
0 0.738281 0.699219 0.732422 0.705078 0.732422 0.707031 0.736328 0.710938 0.740234 0.710938 0.744141 0.707031 0.744141 0.705078
0 0.689453 0.716797 0.687500 0.714844 0.687500 0.710938 0.683594 0.705078 0.681641 0.705078 0.675781 0.708984 0.669922 0.708984 0.666016 0.714844 0.666016 0.716797 0.669922 0.720703 0.679688 0.720703 0.681641 0.722656 0.683594 0.722656
0 0.541016 0.707031 0.539062 0.708984 0.539062 0.712891 0.541016 0.714844 0.544922 0.710938
0 0.847656 0.710938 0.845703 0.710938 0.837891 0.718750 0.837891 0.720703 0.835938 0.722656 0.835938 0.730469 0.837891 0.732422 0.841797 0.732422 0.843750 0.730469 0.845703 0.730469 0.847656 0.728516 0.847656 0.726562 0.853516 0.720703 0.853516 0.716797
0 0.876953 0.718750 0.875000 0.718750 0.871094 0.722656 0.875000 0.726562 0.878906 0.722656 0.878906 0.720703
0 0.900391 0.718750 0.896484 0.722656 0.900391 0.726562 0.904297 0.722656
0 0.925781 0.718750 0.916016 0.720703 0.910156 0.728516 0.910156 0.750000 0.908203 0.757812 0.912109 0.769531 0.917969 0.773438 0.921875 0.773438 0.929688 0.767578 0.937500 0.744141 0.937500 0.732422
0 0.519531 0.726562 0.517578 0.728516 0.517578 0.732422 0.519531 0.734375 0.521484 0.734375 0.523438 0.736328 0.525391 0.736328 0.529297 0.732422 0.527344 0.730469 0.527344 0.728516 0.525391 0.726562
0 0.968750 0.728516 0.962891 0.734375 0.962891 0.736328 0.968750 0.742188 0.970703 0.742188 0.974609 0.738281 0.974609 0.732422 0.970703 0.728516
0 0.765625 0.732422 0.759766 0.738281 0.759766 0.740234 0.761719 0.742188 0.761719 0.744141 0.765625 0.748047 0.771484 0.748047 0.775391 0.744141 0.775391 0.742188 0.773438 0.740234 0.773438 0.736328 0.769531 0.732422
1 0.822266 0.730469 0.814453 0.730469 0.810547 0.734375 0.810547 0.738281 0.812500 0.740234 0.810547 0.744141 0.802734 0.750000 0.802734 0.753906 0.806641 0.757812 0.808594 0.757812 0.812500 0.753906 0.810547 0.748047 0.814453 0.744141 0.824219 0.742188 0.828125 0.738281 0.828125 0.736328
0 0.789062 0.734375 0.783203 0.740234 0.783203 0.744141 0.787109 0.748047 0.792969 0.748047 0.794922 0.746094 0.794922 0.744141 0.796875 0.742188 0.796875 0.740234 0.791016 0.734375
0 0.652344 0.740234 0.650391 0.742188 0.654297 0.746094 0.656250 0.744141 0.656250 0.742188 0.654297 0.740234
0 0.576172 0.742188 0.572266 0.746094 0.574219 0.748047 0.576172 0.748047 0.578125 0.746094 0.578125 0.744141
0 0.333984 0.746094 0.332031 0.748047 0.333984 0.750000 0.335938 0.750000 0.337891 0.748047 0.335938 0.746094
0 0.753906 0.757812 0.751953 0.759766 0.750000 0.759766 0.746094 0.765625 0.746094 0.777344 0.751953 0.783203 0.759766 0.783203 0.765625 0.777344 0.765625 0.763672 0.759766 0.757812
1 0.845703 0.761719 0.845703 0.767578 0.851562 0.773438 0.857422 0.773438 0.859375 0.771484 0.869141 0.779297 0.875000 0.777344 0.878906 0.771484 0.876953 0.765625 0.873047 0.761719 0.869141 0.763672 0.863281 0.763672 0.857422 0.757812 0.849609 0.757812
0 0.363281 0.763672 0.361328 0.765625 0.363281 0.767578 0.365234 0.765625
0 0.603516 0.779297 0.603516 0.791016 0.609375 0.796875 0.617188 0.794922 0.623047 0.789062 0.628906 0.796875 0.634766 0.800781 0.642578 0.794922 0.640625 0.789062 0.636719 0.785156 0.626953 0.787109 0.623047 0.783203 0.623047 0.777344 0.617188 0.771484 0.609375 0.773438
0 0.732422 0.783203 0.728516 0.783203 0.722656 0.791016 0.716797 0.787109 0.710938 0.787109 0.707031 0.791016 0.699219 0.791016 0.697266 0.794922 0.714844 0.814453 0.722656 0.816406 0.726562 0.814453 0.730469 0.808594 0.730469 0.800781 0.726562 0.796875 0.726562 0.792969 0.734375 0.787109
0 0.796875 0.785156 0.794922 0.787109 0.794922 0.791016 0.796875 0.792969 0.800781 0.789062
0 0.876953 0.794922 0.876953 0.806641 0.884766 0.818359 0.898438 0.816406 0.904297 0.820312 0.910156 0.820312 0.921875 0.828125 0.927734 0.826172 0.933594 0.818359 0.933594 0.812500 0.921875 0.796875 0.914062 0.796875 0.904297 0.785156 0.892578 0.789062 0.884766 0.787109
1 0.667969 0.798828 0.664062 0.804688 0.664062 0.808594 0.671875 0.818359 0.669922 0.820312 0.673828 0.824219 0.677734 0.820312 0.677734 0.816406 0.679688 0.814453 0.679688 0.810547 0.677734 0.808594 0.677734 0.806641 0.669922 0.798828
0 0.369141 0.800781 0.367188 0.802734 0.367188 0.810547 0.369141 0.812500 0.373047 0.812500 0.375000 0.810547 0.375000 0.804688 0.371094 0.800781
0 0.849609 0.802734 0.845703 0.806641 0.849609 0.810547 0.851562 0.808594 0.851562 0.804688
0 0.462891 0.806641 0.458984 0.810547 0.462891 0.814453 0.464844 0.814453 0.466797 0.812500 0.466797 0.808594 0.464844 0.806641
0 0.591797 0.808594 0.587891 0.812500 0.589844 0.814453 0.589844 0.816406 0.591797 0.818359 0.593750 0.818359 0.595703 0.816406 0.595703 0.814453 0.597656 0.812500 0.593750 0.808594
0 0.851562 0.816406 0.849609 0.818359 0.849609 0.820312 0.851562 0.822266 0.853516 0.820312 0.853516 0.818359
0 0.560547 0.820312 0.552734 0.832031 0.554688 0.849609 0.570312 0.880859 0.578125 0.886719 0.585938 0.886719 0.591797 0.878906 0.593750 0.863281 0.585938 0.843750 0.585938 0.830078 0.576172 0.820312
0 0.654297 0.824219 0.646484 0.832031 0.646484 0.833984 0.652344 0.839844 0.654297 0.839844 0.660156 0.833984 0.660156 0.830078
1 0.707031 0.826172 0.705078 0.828125 0.707031 0.830078 0.710938 0.830078 0.716797 0.835938 0.712891 0.841797 0.714844 0.843750 0.712891 0.845703 0.718750 0.853516 0.724609 0.855469 0.726562 0.853516 0.732422 0.853516 0.738281 0.849609 0.732422 0.841797 0.728516 0.841797 0.722656 0.835938 0.724609 0.828125 0.720703 0.824219 0.714844 0.830078 0.710938 0.826172
0 0.673828 0.830078 0.671875 0.832031 0.671875 0.837891 0.673828 0.839844 0.675781 0.839844 0.679688 0.835938 0.679688 0.833984 0.675781 0.830078
0 0.984375 0.833984 0.978516 0.839844 0.976562 0.843750 0.976562 0.847656 0.980469 0.853516 0.980469 0.857422 0.984375 0.861328 0.988281 0.863281 0.994141 0.863281 0.998047 0.861328 0.998047 0.833984 0.996094 0.835938 0.992188 0.835938 0.990234 0.833984
0 0.693359 0.835938 0.689453 0.839844 0.689453 0.843750 0.693359 0.847656 0.695312 0.847656 0.701172 0.841797 0.695312 0.835938
0 0.666016 0.851562 0.666016 0.855469 0.667969 0.857422 0.667969 0.859375 0.671875 0.863281 0.673828 0.863281 0.675781 0.865234 0.681641 0.865234 0.683594 0.867188 0.685547 0.867188 0.687500 0.865234 0.689453 0.865234 0.693359 0.861328 0.693359 0.859375 0.683594 0.849609 0.679688 0.849609 0.677734 0.847656 0.669922 0.847656
0 0.746094 0.861328 0.742188 0.865234 0.746094 0.869141 0.748047 0.869141 0.751953 0.865234 0.748047 0.861328
0 0.718750 0.863281 0.714844 0.867188 0.714844 0.875000 0.720703 0.880859 0.726562 0.875000 0.726562 0.867188 0.724609 0.865234 0.722656 0.865234 0.720703 0.863281
0 0.937500 0.871094 0.935547 0.873047 0.935547 0.875000 0.937500 0.876953 0.939453 0.875000 0.939453 0.873047
0 0.955078 0.882812 0.955078 0.884766 0.957031 0.886719 0.958984 0.886719 0.960938 0.888672 0.964844 0.888672 0.966797 0.886719 0.966797 0.884766 0.964844 0.882812 0.960938 0.882812 0.958984 0.880859 0.957031 0.880859
0 0.976562 0.878906 0.972656 0.882812 0.972656 0.884766 0.976562 0.888672 0.978516 0.888672 0.982422 0.884766 0.982422 0.882812 0.978516 0.878906
0 0.748047 0.882812 0.744141 0.886719 0.748047 0.890625 0.750000 0.890625 0.751953 0.888672 0.751953 0.886719
0 0.599609 0.886719 0.595703 0.890625 0.595703 0.892578 0.597656 0.894531 0.599609 0.894531 0.603516 0.890625
0 0.859375 0.888672 0.853516 0.894531 0.853516 0.898438 0.859375 0.904297 0.867188 0.906250 0.876953 0.916016 0.880859 0.916016 0.886719 0.908203 0.886719 0.898438 0.888672 0.896484 0.886719 0.894531 0.886719 0.890625 0.882812 0.886719 0.876953 0.886719 0.875000 0.888672
0 0.828125 0.890625 0.824219 0.894531 0.824219 0.900391 0.830078 0.910156 0.830078 0.914062 0.835938 0.919922 0.837891 0.917969 0.839844 0.917969 0.841797 0.919922 0.847656 0.914062 0.847656 0.908203 0.841797 0.900391 0.841797 0.898438 0.833984 0.890625
0 0.753906 0.896484 0.751953 0.898438 0.751953 0.900391 0.755859 0.904297 0.757812 0.902344 0.757812 0.900391
0 0.650391 0.904297 0.646484 0.908203 0.646484 0.912109 0.648438 0.914062 0.648438 0.916016 0.650391 0.917969 0.654297 0.917969 0.656250 0.916016 0.656250 0.912109 0.658203 0.910156 0.658203 0.908203 0.654297 0.904297
0 0.968750 0.902344 0.957031 0.912109 0.955078 0.916016 0.955078 0.921875 0.960938 0.933594 0.966797 0.939453 0.972656 0.939453 0.982422 0.933594 0.986328 0.925781 0.986328 0.917969 0.984375 0.916016 0.984375 0.912109 0.976562 0.904297
0 0.908203 0.912109 0.908203 0.916016 0.912109 0.919922 0.917969 0.919922 0.927734 0.925781 0.931641 0.921875 0.931641 0.919922 0.927734 0.916016 0.925781 0.910156 0.921875 0.906250 0.917969 0.906250 0.916016 0.908203 0.912109 0.908203
0 0.630859 0.914062 0.626953 0.910156 0.623047 0.914062 0.625000 0.916016 0.628906 0.916016
0 0.734375 0.910156 0.730469 0.914062 0.734375 0.917969 0.736328 0.916016 0.736328 0.912109
0 0.578125 0.914062 0.574219 0.914062 0.568359 0.919922 0.568359 0.921875 0.574219 0.927734 0.576172 0.927734 0.582031 0.921875 0.582031 0.919922 0.580078 0.917969 0.580078 0.916016
0 0.500000 0.921875 0.496094 0.925781 0.500000 0.929688 0.501953 0.929688 0.503906 0.927734 0.503906 0.923828 0.501953 0.921875
0 0.697266 0.921875 0.695312 0.921875 0.689453 0.927734 0.689453 0.931641 0.693359 0.935547 0.695312 0.933594 0.697266 0.933594 0.699219 0.931641 0.699219 0.923828
0 0.755859 0.921875 0.751953 0.925781 0.751953 0.929688 0.753906 0.931641 0.753906 0.933594 0.757812 0.937500 0.759766 0.937500 0.761719 0.939453 0.765625 0.939453 0.769531 0.935547 0.769531 0.929688 0.767578 0.927734 0.767578 0.925781 0.761719 0.921875
0 0.728516 0.939453 0.712891 0.941406 0.703125 0.949219 0.695312 0.945312 0.687500 0.945312 0.681641 0.951172 0.681641 0.957031 0.685547 0.962891 0.689453 0.962891 0.695312 0.968750 0.695312 0.972656 0.707031 0.984375 0.720703 0.986328 0.730469 0.974609 0.742188 0.972656 0.742188 0.964844 0.730469 0.957031 0.734375 0.947266
0 0.654297 0.955078 0.652344 0.955078 0.646484 0.960938 0.646484 0.964844 0.652344 0.970703 0.654297 0.968750 0.656250 0.968750 0.660156 0.964844 0.660156 0.960938
1 0.531250 0.957031 0.527344 0.962891 0.527344 0.966797 0.531250 0.970703 0.535156 0.970703 0.541016 0.976562 0.542969 0.976562 0.544922 0.974609 0.542969 0.972656 0.542969 0.970703 0.541016 0.968750 0.541016 0.966797 0.539062 0.964844 0.539062 0.962891 0.533203 0.957031
0 0.927734 0.958984 0.923828 0.962891 0.923828 0.964844 0.925781 0.966797 0.927734 0.966797 0.929688 0.968750 0.933594 0.964844 0.933594 0.962891 0.929688 0.958984
0 0.763672 0.960938 0.757812 0.966797 0.763672 0.972656 0.765625 0.972656 0.769531 0.968750 0.769531 0.966797
0 0.978516 0.964844 0.976562 0.966797 0.974609 0.966797 0.970703 0.970703 0.970703 0.978516 0.974609 0.982422 0.976562 0.982422 0.984375 0.974609 0.984375 0.970703
0 0.906250 0.984375 0.906250 0.998047 0.941406 0.998047 0.941406 0.988281 0.935547 0.980469 0.925781 0.974609 0.916016 0.974609
0 0.257812 0.990234 0.255859 0.992188 0.255859 0.998047 0.263672 0.998047 0.263672 0.994141 0.259766 0.990234
1 0.724609 0.998047 0.746094 0.998047 0.746094 0.996094 0.740234 0.990234 0.734375 0.990234 0.732422 0.992188 0.730469 0.992188
0 0.761719 0.998047 0.773438 0.998047 0.773438 0.994141 0.771484 0.992188 0.765625 0.992188 0.763672 0.994141 0.763672 0.996094
