0 0.431641 0.042969 0.427734 0.042969 0.423828 0.046875 0.423828 0.048828 0.427734 0.052734 0.429688 0.052734 0.433594 0.048828 0.433594 0.044922
1 0.214844 0.107422 0.212891 0.109375 0.212891 0.113281 0.218750 0.119141 0.218750 0.128906 0.220703 0.130859 0.224609 0.130859 0.230469 0.125000 0.230469 0.123047 0.226562 0.119141 0.224609 0.119141 0.220703 0.115234 0.220703 0.111328 0.216797 0.107422
0 0.777344 0.107422 0.777344 0.111328 0.779297 0.113281 0.785156 0.113281 0.789062 0.109375 0.785156 0.105469 0.779297 0.105469
1 0.000000 0.156250 0.000000 0.193359 0.052734 0.152344 0.121094 0.164062 0.000000 0.306641 0.076172 0.236328 0.062500 0.271484 0.128906 0.312500 0.078125 0.359375 0.054688 0.308594 0.011719 0.361328 0.000000 0.335938 0.041016 0.445312 0.000000 0.414062 0.000000 0.537109 0.074219 0.546875 0.082031 0.710938 0.183594 0.771484 0.171875 0.830078 0.234375 0.843750 0.257812 0.908203 0.320312 0.916016 0.316406 0.998047 0.414062 0.933594 0.359375 0.937500 0.341797 0.875000 0.429688 0.925781 0.472656 0.857422 0.507812 0.876953 0.525391 0.806641 0.585938 0.798828 0.574219 0.765625 0.486328 0.787109 0.603516 0.734375 0.613281 0.609375 0.576172 0.578125 0.384766 0.621094 0.343750 0.591797 0.382812 0.507812 0.343750 0.416016 0.109375 0.421875 0.183594 0.320312 0.150391 0.222656 0.214844 0.205078 0.140625 0.134766
0 0.224609 0.148438 0.222656 0.150391 0.222656 0.152344 0.224609 0.154297 0.226562 0.152344 0.226562 0.150391
0 0.207031 0.156250 0.205078 0.158203 0.205078 0.160156 0.208984 0.164062 0.210938 0.164062 0.214844 0.160156 0.210938 0.156250
0 0.728516 0.160156 0.722656 0.166016 0.722656 0.167969 0.726562 0.171875 0.730469 0.171875 0.734375 0.167969 0.734375 0.166016
0 0.400391 0.175781 0.396484 0.175781 0.388672 0.183594 0.376953 0.181641 0.373047 0.185547 0.373047 0.189453 0.376953 0.195312 0.375000 0.210938 0.380859 0.218750 0.388672 0.218750 0.394531 0.212891 0.394531 0.207031 0.388672 0.197266 0.388672 0.189453 0.392578 0.185547 0.400391 0.185547 0.404297 0.181641
1 0.154297 0.183594 0.152344 0.181641 0.150391 0.181641 0.140625 0.191406 0.142578 0.193359 0.146484 0.193359 0.148438 0.191406 0.150391 0.191406 0.154297 0.187500
0 0.359375 0.191406 0.355469 0.187500 0.353516 0.187500 0.351562 0.189453 0.349609 0.189453 0.345703 0.193359 0.349609 0.197266 0.355469 0.197266 0.359375 0.193359
0 0.759766 0.189453 0.757812 0.189453 0.755859 0.191406 0.753906 0.191406 0.751953 0.193359 0.751953 0.197266 0.753906 0.199219 0.759766 0.199219 0.761719 0.197266 0.761719 0.191406
1 0.000000 0.197266 0.000000 0.212891 0.001953 0.210938 0.001953 0.208984 0.003906 0.207031 0.003906 0.205078 0.001953 0.203125 0.003906 0.201172
1 0.138672 0.201172 0.130859 0.208984 0.130859 0.212891 0.128906 0.214844 0.130859 0.216797 0.142578 0.205078
1 0.306641 0.207031 0.298828 0.201172 0.287109 0.212891 0.273438 0.212891 0.255859 0.218750 0.250000 0.228516 0.250000 0.238281 0.255859 0.244141 0.263672 0.244141 0.271484 0.240234
0 0.691406 0.203125 0.689453 0.205078 0.689453 0.207031 0.691406 0.208984 0.695312 0.208984 0.697266 0.207031 0.693359 0.203125
0 0.003906 0.226562 0.000000 0.226562 0.000000 0.240234 0.009766 0.230469 0.007812 0.228516 0.005859 0.228516
0 0.179688 0.238281 0.177734 0.240234 0.177734 0.242188 0.179688 0.244141 0.181641 0.242188 0.181641 0.240234
0 0.187500 0.246094 0.181641 0.255859 0.185547 0.261719 0.191406 0.281250 0.199219 0.292969 0.214844 0.302734 0.238281 0.308594 0.242188 0.304688 0.242188 0.298828 0.238281 0.294922 0.226562 0.294922 0.212891 0.279297 0.205078 0.277344 0.199219 0.271484 0.199219 0.259766 0.203125 0.255859 0.208984 0.255859 0.216797 0.251953 0.224609 0.253906 0.234375 0.251953 0.240234 0.248047 0.242188 0.242188 0.238281 0.238281 0.230469 0.238281 0.218750 0.246094 0.203125 0.248047 0.199219 0.251953 0.191406 0.246094
0 0.398438 0.246094 0.396484 0.248047 0.396484 0.250000 0.400391 0.253906 0.404297 0.250000 0.400391 0.246094
1 0.695312 0.248047 0.693359 0.248047 0.691406 0.250000 0.691406 0.251953 0.685547 0.257812 0.685547 0.261719 0.687500 0.263672 0.691406 0.263672 0.693359 0.261719 0.693359 0.259766 0.691406 0.257812 0.693359 0.255859 0.693359 0.253906 0.697266 0.250000
0 0.388672 0.259766 0.384766 0.255859 0.382812 0.255859 0.380859 0.253906 0.376953 0.253906 0.375000 0.255859 0.369141 0.257812 0.367188 0.259766 0.367188 0.261719 0.363281 0.265625 0.363281 0.267578 0.369141 0.273438 0.382812 0.273438 0.386719 0.269531 0.386719 0.267578 0.388672 0.265625
0 0.292969 0.265625 0.296875 0.269531 0.302734 0.269531 0.304688 0.267578 0.304688 0.265625 0.300781 0.261719 0.296875 0.261719
0 0.417969 0.261719 0.412109 0.267578 0.412109 0.273438 0.416016 0.277344 0.416016 0.279297 0.417969 0.281250 0.419922 0.281250 0.421875 0.283203 0.425781 0.283203 0.433594 0.275391 0.433594 0.269531 0.427734 0.263672 0.425781 0.263672 0.423828 0.261719
0 0.414062 0.292969 0.412109 0.291016 0.410156 0.291016 0.406250 0.287109 0.404297 0.289062 0.392578 0.289062 0.388672 0.292969 0.388672 0.296875 0.392578 0.300781 0.408203 0.300781 0.410156 0.298828 0.410156 0.296875
0 0.636719 0.287109 0.632812 0.291016 0.636719 0.294922 0.638672 0.294922 0.640625 0.292969 0.640625 0.291016
0 0.988281 0.285156 0.986328 0.287109 0.988281 0.289062 0.990234 0.289062 0.992188 0.287109 0.990234 0.285156
0 0.976562 0.289062 0.974609 0.291016 0.974609 0.292969 0.976562 0.294922 0.978516 0.292969 0.978516 0.291016
0 0.679688 0.292969 0.675781 0.292969 0.673828 0.294922 0.671875 0.294922 0.667969 0.298828 0.667969 0.306641 0.671875 0.310547 0.673828 0.310547 0.675781 0.308594 0.677734 0.308594 0.679688 0.306641 0.679688 0.304688 0.681641 0.302734 0.681641 0.294922
0 0.964844 0.300781 0.958984 0.306641 0.958984 0.312500 0.960938 0.314453 0.962891 0.314453 0.964844 0.316406 0.970703 0.316406 0.974609 0.312500 0.974609 0.306641 0.972656 0.304688 0.972656 0.302734 0.970703 0.300781
0 0.371094 0.306641 0.361328 0.316406 0.361328 0.328125 0.373047 0.341797 0.384766 0.343750 0.390625 0.347656 0.396484 0.343750 0.394531 0.335938 0.400391 0.322266 0.396484 0.318359 0.390625 0.316406 0.382812 0.308594
0 0.462891 0.304688 0.458984 0.308594 0.458984 0.312500 0.460938 0.314453 0.462891 0.314453 0.464844 0.316406 0.466797 0.316406 0.472656 0.310547 0.466797 0.304688
0 0.638672 0.304688 0.632812 0.304688 0.630859 0.306641 0.630859 0.310547 0.634766 0.314453 0.640625 0.308594 0.640625 0.306641
0 0.806641 0.312500 0.800781 0.318359 0.800781 0.320312 0.806641 0.326172 0.810547 0.326172 0.812500 0.324219 0.814453 0.324219 0.816406 0.322266 0.816406 0.316406 0.814453 0.314453 0.812500 0.314453 0.810547 0.312500
1 0.001953 0.318359 0.000000 0.318359 0.000000 0.328125 0.001953 0.326172 0.001953 0.322266 0.003906 0.320312
0 0.667969 0.326172 0.664062 0.322266 0.658203 0.322266 0.656250 0.324219 0.654297 0.324219 0.652344 0.326172 0.652344 0.328125 0.650391 0.330078 0.650391 0.332031 0.654297 0.335938 0.658203 0.335938 0.660156 0.333984 0.662109 0.333984 0.667969 0.328125
0 0.632812 0.332031 0.630859 0.333984 0.632812 0.335938 0.634766 0.333984
1 0.416016 0.353516 0.410156 0.345703 0.406250 0.345703 0.404297 0.349609 0.396484 0.355469 0.390625 0.351562 0.380859 0.363281 0.380859 0.365234 0.384766 0.369141 0.388672 0.369141 0.390625 0.371094 0.394531 0.369141 0.404297 0.357422 0.406250 0.359375 0.410156 0.359375
0 0.533203 0.345703 0.529297 0.349609 0.529297 0.351562 0.535156 0.357422 0.537109 0.357422 0.542969 0.351562 0.541016 0.349609 0.541016 0.347656 0.539062 0.345703
0 0.525391 0.380859 0.521484 0.376953 0.511719 0.390625 0.505859 0.384766 0.505859 0.378906 0.513672 0.371094 0.513672 0.367188 0.505859 0.363281 0.496094 0.375000 0.484375 0.376953 0.478516 0.382812 0.468750 0.380859 0.464844 0.384766 0.478516 0.394531 0.480469 0.402344 0.498047 0.406250 0.503906 0.400391 0.521484 0.400391 0.523438 0.396484 0.519531 0.390625
0 0.583984 0.367188 0.578125 0.373047 0.578125 0.375000 0.583984 0.380859 0.589844 0.375000 0.587891 0.373047 0.587891 0.371094
0 0.435547 0.371094 0.429688 0.376953 0.429688 0.378906 0.427734 0.380859 0.427734 0.382812 0.431641 0.386719 0.441406 0.386719 0.445312 0.382812 0.445312 0.376953 0.441406 0.373047 0.437500 0.373047
0 0.343750 0.386719 0.341797 0.388672 0.341797 0.398438 0.359375 0.417969 0.371094 0.417969 0.380859 0.404297 0.369141 0.390625 0.367188 0.382812 0.361328 0.380859 0.355469 0.386719 0.349609 0.386719 0.347656 0.388672
0 0.664062 0.378906 0.662109 0.380859 0.656250 0.380859 0.642578 0.392578 0.644531 0.410156 0.656250 0.419922 0.658203 0.417969 0.666016 0.417969 0.677734 0.406250 0.677734 0.394531 0.675781 0.392578 0.675781 0.388672
0 0.535156 0.382812 0.529297 0.388672 0.531250 0.390625 0.531250 0.392578 0.533203 0.394531 0.537109 0.394531 0.541016 0.390625 0.541016 0.388672
0 0.304688 0.390625 0.300781 0.394531 0.300781 0.398438 0.302734 0.400391 0.304688 0.400391 0.308594 0.396484 0.308594 0.394531
0 0.740234 0.390625 0.730469 0.390625 0.722656 0.398438 0.722656 0.402344 0.730469 0.410156 0.732422 0.410156 0.734375 0.412109 0.736328 0.410156 0.738281 0.410156 0.746094 0.402344 0.746094 0.396484
0 0.925781 0.402344 0.921875 0.402344 0.919922 0.404297 0.919922 0.406250 0.923828 0.410156 0.927734 0.406250 0.927734 0.404297
0 0.957031 0.406250 0.953125 0.410156 0.957031 0.414062 0.960938 0.410156
0 0.933594 0.419922 0.929688 0.423828 0.929688 0.431641 0.933594 0.435547 0.937500 0.435547 0.941406 0.431641 0.941406 0.425781 0.935547 0.419922
0 0.474609 0.423828 0.470703 0.427734 0.470703 0.429688 0.472656 0.431641 0.472656 0.433594 0.474609 0.435547 0.478516 0.435547 0.482422 0.431641 0.482422 0.427734 0.478516 0.423828
0 0.615234 0.423828 0.613281 0.425781 0.613281 0.427734 0.617188 0.431641 0.619141 0.431641 0.623047 0.427734 0.623047 0.425781 0.621094 0.423828
0 0.404297 0.435547 0.402344 0.435547 0.396484 0.441406 0.398438 0.443359 0.398438 0.445312 0.400391 0.447266 0.404297 0.447266 0.408203 0.443359 0.408203 0.439453
0 0.429688 0.433594 0.425781 0.437500 0.425781 0.439453 0.423828 0.441406 0.425781 0.443359 0.425781 0.447266 0.427734 0.449219 0.427734 0.451172 0.433594 0.457031 0.443359 0.457031 0.447266 0.451172 0.447266 0.447266 0.445312 0.445312 0.445312 0.443359 0.435547 0.433594
1 0.500000 0.470703 0.494141 0.464844 0.490234 0.462891 0.484375 0.462891 0.480469 0.464844 0.478516 0.468750 0.470703 0.476562 0.468750 0.474609 0.464844 0.478516 0.468750 0.482422 0.470703 0.482422 0.476562 0.476562 0.478516 0.476562 0.482422 0.480469 0.486328 0.480469 0.488281 0.482422 0.496094 0.482422 0.500000 0.478516
1 0.167969 0.470703 0.169922 0.472656 0.177734 0.472656 0.179688 0.470703 0.177734 0.468750 0.169922 0.468750
0 0.599609 0.468750 0.597656 0.470703 0.601562 0.474609 0.603516 0.472656 0.603516 0.470703 0.601562 0.468750
0 0.708984 0.468750 0.703125 0.474609 0.703125 0.476562 0.708984 0.482422 0.710938 0.482422 0.716797 0.476562 0.716797 0.474609 0.710938 0.468750
0 0.394531 0.482422 0.392578 0.482422 0.386719 0.488281 0.386719 0.490234 0.390625 0.494141 0.394531 0.494141 0.400391 0.488281
0 0.160156 0.484375 0.156250 0.488281 0.156250 0.490234 0.158203 0.492188 0.158203 0.494141 0.160156 0.496094 0.164062 0.496094 0.167969 0.492188 0.167969 0.488281 0.164062 0.484375
0 0.871094 0.484375 0.867188 0.488281 0.867188 0.492188 0.873047 0.498047 0.878906 0.498047 0.882812 0.494141 0.882812 0.488281 0.878906 0.484375
0 0.421875 0.490234 0.417969 0.494141 0.417969 0.496094 0.416016 0.498047 0.416016 0.500000 0.414062 0.501953 0.414062 0.503906 0.419922 0.509766 0.423828 0.509766 0.427734 0.505859 0.427734 0.498047 0.425781 0.496094 0.425781 0.494141
0 0.462891 0.490234 0.460938 0.492188 0.460938 0.494141 0.457031 0.498047 0.457031 0.501953 0.460938 0.505859 0.460938 0.507812 0.462891 0.509766 0.464844 0.509766 0.466797 0.511719 0.472656 0.511719 0.476562 0.507812 0.476562 0.500000 0.474609 0.498047 0.474609 0.496094 0.470703 0.492188 0.468750 0.492188 0.466797 0.490234
0 0.914062 0.498047 0.910156 0.501953 0.910156 0.507812 0.914062 0.511719 0.919922 0.511719 0.923828 0.507812 0.923828 0.503906 0.921875 0.501953 0.921875 0.500000 0.919922 0.498047
0 0.431641 0.513672 0.429688 0.515625 0.431641 0.517578 0.433594 0.515625
1 0.621094 0.529297 0.619141 0.531250 0.619141 0.533203 0.626953 0.541016 0.628906 0.539062 0.628906 0.537109
0 0.400391 0.533203 0.398438 0.535156 0.398438 0.539062 0.400391 0.541016 0.400391 0.542969 0.404297 0.546875 0.408203 0.546875 0.410156 0.544922 0.410156 0.542969 0.406250 0.539062 0.406250 0.537109 0.402344 0.533203
0 0.458984 0.535156 0.455078 0.539062 0.455078 0.541016 0.457031 0.542969 0.458984 0.542969 0.462891 0.539062
0 0.796875 0.546875 0.794922 0.548828 0.794922 0.550781 0.796875 0.552734 0.798828 0.552734 0.800781 0.550781
0 0.583984 0.550781 0.582031 0.550781 0.578125 0.554688 0.578125 0.558594 0.576172 0.560547 0.576172 0.562500 0.578125 0.564453 0.580078 0.562500 0.583984 0.562500 0.585938 0.560547 0.585938 0.552734
0 0.699219 0.550781 0.695312 0.554688 0.695312 0.558594 0.699219 0.562500 0.699219 0.564453 0.701172 0.566406 0.703125 0.566406 0.707031 0.570312 0.708984 0.570312 0.710938 0.568359 0.710938 0.566406 0.708984 0.564453 0.708984 0.562500 0.705078 0.556641 0.705078 0.552734 0.703125 0.550781
0 0.423828 0.556641 0.419922 0.556641 0.416016 0.560547 0.419922 0.564453 0.421875 0.564453 0.425781 0.560547 0.425781 0.558594
0 0.814453 0.564453 0.812500 0.564453 0.806641 0.570312 0.806641 0.572266 0.810547 0.576172 0.814453 0.576172 0.818359 0.572266 0.818359 0.568359
0 0.486328 0.568359 0.484375 0.568359 0.482422 0.570312 0.482422 0.574219 0.484375 0.576172 0.488281 0.572266 0.488281 0.570312
0 0.560547 0.566406 0.556641 0.570312 0.556641 0.574219 0.558594 0.576172 0.562500 0.576172 0.566406 0.572266
0 0.414062 0.574219 0.412109 0.576172 0.414062 0.578125 0.416016 0.578125 0.417969 0.576172 0.416016 0.574219
0 0.230469 0.595703 0.228516 0.597656 0.228516 0.599609 0.226562 0.601562 0.228516 0.603516 0.232422 0.599609 0.232422 0.597656
1 0.228516 0.607422 0.224609 0.611328 0.226562 0.613281 0.226562 0.617188 0.224609 0.619141 0.226562 0.621094 0.222656 0.625000 0.222656 0.638672 0.220703 0.640625 0.220703 0.642578 0.218750 0.644531 0.218750 0.648438 0.216797 0.650391 0.218750 0.652344 0.224609 0.646484 0.224609 0.644531 0.226562 0.642578 0.224609 0.640625 0.226562 0.638672 0.226562 0.625000 0.228516 0.623047 0.226562 0.621094 0.228516 0.619141 0.228516 0.617188 0.232422 0.611328
0 0.638672 0.619141 0.634766 0.623047 0.636719 0.625000 0.638672 0.625000 0.640625 0.623047 0.640625 0.621094
0 0.593750 0.621094 0.591797 0.623047 0.593750 0.625000 0.595703 0.623047
1 0.482422 0.628906 0.480469 0.630859 0.478516 0.630859 0.474609 0.634766 0.474609 0.636719 0.472656 0.638672 0.474609 0.640625 0.476562 0.640625 0.484375 0.632812 0.484375 0.630859
0 0.734375 0.640625 0.732422 0.642578 0.734375 0.644531 0.736328 0.642578
0 0.816406 0.644531 0.812500 0.650391 0.812500 0.654297 0.820312 0.662109 0.824219 0.662109 0.826172 0.664062 0.830078 0.664062 0.833984 0.660156 0.833984 0.654297 0.824219 0.644531 0.822266 0.644531 0.820312 0.642578 0.818359 0.644531
0 0.466797 0.648438 0.464844 0.650391 0.466797 0.652344 0.468750 0.650391
0 0.226562 0.664062 0.224609 0.666016 0.224609 0.667969 0.226562 0.669922 0.228516 0.667969 0.228516 0.666016
0 0.548828 0.671875 0.546875 0.671875 0.544922 0.673828 0.544922 0.677734 0.546875 0.679688 0.550781 0.675781 0.550781 0.673828
0 0.878906 0.671875 0.876953 0.673828 0.876953 0.675781 0.878906 0.677734 0.880859 0.677734 0.882812 0.675781
0 0.425781 0.675781 0.423828 0.677734 0.425781 0.679688 0.427734 0.677734
0 0.857422 0.677734 0.851562 0.683594 0.851562 0.687500 0.853516 0.689453 0.855469 0.689453 0.857422 0.691406 0.859375 0.691406 0.863281 0.687500 0.863281 0.681641 0.859375 0.677734
0 0.886719 0.693359 0.884766 0.695312 0.886719 0.697266 0.888672 0.695312
0 0.832031 0.705078 0.830078 0.707031 0.832031 0.708984 0.833984 0.708984 0.835938 0.707031 0.833984 0.705078
0 0.875000 0.712891 0.871094 0.708984 0.867188 0.708984 0.865234 0.710938 0.863281 0.710938 0.861328 0.712891 0.861328 0.718750 0.863281 0.720703 0.871094 0.720703 0.875000 0.716797
0 0.806641 0.712891 0.804688 0.714844 0.804688 0.718750 0.806641 0.720703 0.808594 0.720703 0.812500 0.716797 0.808594 0.712891
1 0.998047 0.712891 0.996094 0.714844 0.996094 0.716797 0.994141 0.718750 0.998047 0.722656
1 0.640625 0.718750 0.640625 0.724609 0.648438 0.732422 0.654297 0.732422 0.660156 0.738281 0.660156 0.744141 0.667969 0.750000 0.675781 0.744141 0.677734 0.734375 0.669922 0.726562 0.667969 0.728516 0.664062 0.728516 0.660156 0.732422 0.654297 0.726562 0.654297 0.722656 0.646484 0.716797 0.642578 0.716797
0 0.728516 0.720703 0.726562 0.722656 0.726562 0.724609 0.724609 0.726562 0.724609 0.730469 0.728516 0.734375 0.734375 0.734375 0.738281 0.730469 0.738281 0.726562 0.732422 0.720703
0 0.974609 0.742188 0.972656 0.742188 0.970703 0.744141 0.970703 0.746094 0.972656 0.748047 0.976562 0.744141
0 0.646484 0.750000 0.644531 0.750000 0.640625 0.753906 0.640625 0.755859 0.642578 0.757812 0.646484 0.757812 0.648438 0.755859 0.648438 0.751953
0 0.884766 0.753906 0.878906 0.755859 0.871094 0.763672 0.871094 0.769531 0.876953 0.775391 0.882812 0.773438 0.886719 0.769531 0.886719 0.767578 0.890625 0.763672 0.890625 0.761719 0.892578 0.759766 0.888672 0.755859 0.886719 0.755859
0 0.794922 0.759766 0.791016 0.763672 0.794922 0.767578 0.796875 0.765625 0.796875 0.761719
0 0.662109 0.765625 0.656250 0.771484 0.652344 0.779297 0.652344 0.783203 0.658203 0.789062 0.667969 0.794922 0.679688 0.794922 0.683594 0.792969 0.689453 0.785156 0.689453 0.779297 0.683594 0.773438 0.675781 0.771484 0.671875 0.767578
0 0.826172 0.769531 0.822266 0.769531 0.820312 0.771484 0.820312 0.773438 0.824219 0.777344 0.828125 0.773438 0.828125 0.771484
0 0.757812 0.779297 0.753906 0.779297 0.751953 0.781250 0.751953 0.783203 0.750000 0.785156 0.755859 0.791016 0.761719 0.785156 0.759766 0.783203 0.759766 0.781250
0 0.955078 0.783203 0.953125 0.785156 0.955078 0.787109 0.957031 0.785156
0 0.736328 0.798828 0.730469 0.792969 0.726562 0.792969 0.720703 0.798828 0.720703 0.800781 0.718750 0.802734 0.718750 0.806641 0.720703 0.808594 0.730469 0.808594 0.736328 0.802734
0 0.800781 0.796875 0.798828 0.796875 0.794922 0.800781 0.794922 0.804688 0.792969 0.806641 0.796875 0.810547 0.800781 0.810547 0.804688 0.806641 0.804688 0.800781
1 0.595703 0.802734 0.593750 0.806641 0.611328 0.830078 0.609375 0.832031 0.613281 0.845703 0.619141 0.851562 0.626953 0.853516 0.632812 0.847656 0.634766 0.839844 0.630859 0.824219 0.625000 0.816406 0.607422 0.804688
0 0.785156 0.833984 0.785156 0.837891 0.791016 0.843750 0.800781 0.843750 0.802734 0.841797 0.808594 0.841797 0.810547 0.839844 0.808594 0.833984 0.806641 0.832031 0.804688 0.832031 0.798828 0.826172 0.794922 0.826172 0.792969 0.828125 0.791016 0.828125
0 0.554688 0.837891 0.552734 0.839844 0.550781 0.839844 0.548828 0.841797 0.548828 0.843750 0.550781 0.845703 0.552734 0.845703 0.554688 0.847656 0.558594 0.843750 0.558594 0.841797
0 0.402344 0.839844 0.400391 0.839844 0.398438 0.841797 0.398438 0.843750 0.400391 0.845703 0.404297 0.841797
0 0.982422 0.849609 0.970703 0.845703 0.962891 0.847656 0.953125 0.865234 0.939453 0.875000 0.937500 0.884766 0.945312 0.896484 0.958984 0.894531 0.968750 0.882812 0.980469 0.880859 0.986328 0.875000 0.990234 0.859375
0 0.662109 0.849609 0.658203 0.853516 0.660156 0.865234 0.654297 0.884766 0.658203 0.888672 0.666016 0.886719 0.673828 0.890625 0.681641 0.898438 0.677734 0.902344 0.679688 0.904297 0.693359 0.894531 0.695312 0.890625 0.693359 0.880859 0.703125 0.867188 0.697266 0.861328 0.677734 0.867188 0.669922 0.861328
1 0.828125 0.869141 0.830078 0.871094 0.837891 0.871094 0.849609 0.882812 0.853516 0.884766 0.857422 0.884766 0.863281 0.878906 0.863281 0.876953 0.855469 0.869141 0.851562 0.867188 0.845703 0.867188 0.839844 0.863281 0.835938 0.863281
1 0.710938 0.875000 0.710938 0.880859 0.716797 0.886719 0.718750 0.886719 0.720703 0.884766 0.730469 0.892578 0.734375 0.892578 0.740234 0.886719 0.740234 0.882812 0.734375 0.876953 0.730469 0.876953 0.728516 0.878906 0.726562 0.878906 0.720703 0.873047 0.718750 0.873047 0.716797 0.871094 0.714844 0.871094
0 0.753906 0.876953 0.751953 0.878906 0.751953 0.880859 0.755859 0.884766 0.759766 0.880859 0.755859 0.876953
0 0.816406 0.888672 0.814453 0.890625 0.814453 0.892578 0.812500 0.894531 0.812500 0.898438 0.816406 0.902344 0.820312 0.902344 0.824219 0.898438 0.824219 0.892578 0.820312 0.888672
0 0.886719 0.892578 0.884766 0.894531 0.888672 0.898438 0.890625 0.898438 0.892578 0.896484 0.892578 0.894531 0.890625 0.892578
0 0.482422 0.900391 0.478516 0.900391 0.476562 0.902344 0.476562 0.904297 0.472656 0.908203 0.474609 0.910156 0.474609 0.912109 0.476562 0.914062 0.480469 0.914062 0.484375 0.910156 0.484375 0.906250 0.486328 0.904297
0 0.707031 0.898438 0.703125 0.902344 0.703125 0.908203 0.705078 0.910156 0.705078 0.912109 0.707031 0.914062 0.708984 0.914062 0.710938 0.916016 0.714844 0.912109 0.714844 0.904297 0.708984 0.898438
0 0.800781 0.900391 0.796875 0.904297 0.796875 0.910156 0.798828 0.912109 0.798828 0.914062 0.802734 0.917969 0.806641 0.917969 0.810547 0.914062 0.810547 0.906250 0.806641 0.902344 0.804688 0.902344 0.802734 0.900391
0 0.517578 0.914062 0.515625 0.914062 0.513672 0.912109 0.503906 0.912109 0.501953 0.914062 0.500000 0.914062 0.496094 0.919922 0.496094 0.929688 0.501953 0.935547 0.505859 0.935547 0.507812 0.933594 0.513672 0.931641 0.519531 0.925781 0.519531 0.923828 0.521484 0.921875 0.521484 0.919922
0 0.732422 0.914062 0.730469 0.916016 0.732422 0.917969 0.728516 0.921875 0.728516 0.923828 0.732422 0.927734 0.734375 0.927734 0.736328 0.925781 0.736328 0.919922 0.734375 0.917969 0.734375 0.916016
0 0.679688 0.917969 0.677734 0.919922 0.673828 0.919922 0.669922 0.923828 0.667969 0.929688 0.671875 0.935547 0.673828 0.935547 0.679688 0.941406 0.681641 0.941406 0.683594 0.943359 0.687500 0.939453 0.687500 0.931641 0.685547 0.929688 0.685547 0.925781 0.687500 0.923828 0.687500 0.921875 0.683594 0.917969
0 0.591797 0.941406 0.585938 0.941406 0.583984 0.939453 0.582031 0.941406 0.578125 0.941406 0.566406 0.955078 0.566406 0.966797 0.576172 0.974609 0.578125 0.972656 0.583984 0.972656 0.589844 0.966797 0.591797 0.966797 0.597656 0.958984 0.597656 0.949219
0 0.966797 0.939453 0.957031 0.943359 0.949219 0.951172 0.949219 0.958984 0.953125 0.962891 0.955078 0.962891 0.957031 0.964844 0.960938 0.964844 0.968750 0.957031 0.968750 0.953125 0.970703 0.951172 0.970703 0.943359
0 0.992188 0.941406 0.988281 0.945312 0.992188 0.949219 0.994141 0.949219 0.998047 0.945312 0.994141 0.941406
0 0.693359 0.953125 0.687500 0.962891 0.687500 0.968750 0.697266 0.978516 0.701172 0.980469 0.707031 0.980469 0.710938 0.978516 0.716797 0.970703 0.716797 0.964844 0.712891 0.957031 0.707031 0.953125
0 0.820312 0.955078 0.818359 0.957031 0.818359 0.958984 0.820312 0.960938 0.822266 0.958984 0.822266 0.957031
0 0.541016 0.958984 0.539062 0.960938 0.541016 0.962891 0.542969 0.962891 0.544922 0.960938 0.542969 0.958984
0 0.640625 0.960938 0.632812 0.968750 0.632812 0.974609 0.638672 0.982422 0.640625 0.982422 0.642578 0.980469 0.644531 0.982422 0.646484 0.982422 0.652344 0.988281 0.654297 0.988281 0.658203 0.984375 0.658203 0.972656 0.652344 0.966797 0.650391 0.966797 0.646484 0.962891
0 0.976562 0.972656 0.972656 0.972656 0.966797 0.976562 0.966797 0.980469 0.964844 0.982422 0.964844 0.984375 0.970703 0.990234 0.974609 0.990234 0.976562 0.988281 0.978516 0.988281 0.982422 0.982422 0.982422 0.978516
0 0.845703 0.984375 0.843750 0.984375 0.841797 0.986328 0.841797 0.988281 0.843750 0.990234 0.847656 0.986328
1 0.453125 0.998047 0.458984 0.998047 0.457031 0.996094 0.455078 0.996094
