0 0.849609 0.058594 0.847656 0.060547 0.845703 0.060547 0.843750 0.062500 0.843750 0.070312 0.847656 0.074219 0.853516 0.074219 0.859375 0.068359 0.859375 0.062500 0.857422 0.060547 0.853516 0.060547 0.851562 0.058594
1 0.183594 0.095703 0.187500 0.101562 0.197266 0.103516 0.212891 0.115234 0.214844 0.121094 0.210938 0.130859 0.214844 0.136719 0.228516 0.138672 0.234375 0.134766 0.234375 0.125000 0.212891 0.105469 0.207031 0.095703 0.203125 0.097656 0.195312 0.097656 0.189453 0.093750
1 0.164062 0.099609 0.162109 0.099609 0.146484 0.115234 0.146484 0.121094 0.136719 0.132812 0.140625 0.140625 0.148438 0.138672 0.160156 0.126953 0.164062 0.117188 0.164062 0.111328 0.167969 0.105469
0 0.253906 0.117188 0.251953 0.117188 0.246094 0.123047 0.246094 0.125000 0.248047 0.126953 0.250000 0.125000 0.251953 0.125000 0.255859 0.121094 0.255859 0.119141
1 0.056641 0.162109 0.042969 0.224609 0.000000 0.183594 0.000000 0.244141 0.115234 0.322266 0.044922 0.388672 0.000000 0.333984 0.007812 0.501953 0.166016 0.541016 0.121094 0.626953 0.060547 0.632812 0.128906 0.658203 0.113281 0.785156 0.199219 0.646484 0.292969 0.675781 0.296875 0.703125 0.259766 0.683594 0.289062 0.744141 0.193359 0.835938 0.212891 0.863281 0.339844 0.792969 0.341797 0.851562 0.261719 0.953125 0.261719 0.998047 0.300781 0.998047 0.326172 0.931641 0.435547 0.933594 0.398438 0.869141 0.335938 0.906250 0.376953 0.833984 0.445312 0.902344 0.501953 0.804688 0.457031 0.822266 0.384766 0.726562 0.312500 0.755859 0.300781 0.628906 0.343750 0.541016 0.384766 0.548828 0.332031 0.533203 0.298828 0.455078 0.179688 0.468750 0.152344 0.376953 0.187500 0.347656 0.138672 0.343750 0.087891 0.240234 0.132812 0.156250 0.074219 0.205078
0 0.335938 0.156250 0.333984 0.158203 0.333984 0.160156 0.335938 0.162109 0.337891 0.160156 0.337891 0.158203
0 0.318359 0.162109 0.314453 0.166016 0.314453 0.169922 0.316406 0.171875 0.316406 0.173828 0.318359 0.175781 0.326172 0.175781 0.328125 0.173828 0.328125 0.171875 0.330078 0.169922 0.328125 0.167969 0.328125 0.166016 0.326172 0.164062 0.324219 0.164062 0.322266 0.162109
0 0.992188 0.199219 0.988281 0.203125 0.988281 0.205078 0.992188 0.208984 0.994141 0.208984 0.996094 0.207031 0.998047 0.207031 0.998047 0.201172 0.994141 0.201172
0 0.900391 0.236328 0.896484 0.236328 0.890625 0.242188 0.890625 0.246094 0.894531 0.250000 0.898438 0.250000 0.904297 0.244141 0.904297 0.240234
0 0.707031 0.302734 0.705078 0.304688 0.705078 0.306641 0.707031 0.308594 0.708984 0.306641 0.708984 0.304688
0 0.728516 0.302734 0.724609 0.302734 0.722656 0.304688 0.722656 0.306641 0.720703 0.308594 0.720703 0.310547 0.718750 0.312500 0.718750 0.314453 0.722656 0.318359 0.724609 0.318359 0.728516 0.314453 0.728516 0.312500 0.730469 0.310547 0.730469 0.304688
0 0.154297 0.306641 0.152344 0.304688 0.150391 0.304688 0.146484 0.308594 0.148438 0.310547 0.152344 0.310547 0.154297 0.308594
0 0.185547 0.304688 0.183594 0.306641 0.185547 0.308594 0.187500 0.306641
1 0.158203 0.312500 0.162109 0.318359 0.167969 0.318359 0.169922 0.316406 0.171875 0.318359 0.173828 0.318359 0.179688 0.322266 0.183594 0.316406 0.183594 0.314453 0.179688 0.310547 0.160156 0.310547
0 0.828125 0.314453 0.824219 0.318359 0.828125 0.322266 0.830078 0.322266 0.833984 0.318359 0.830078 0.314453
0 0.955078 0.312500 0.951172 0.312500 0.947266 0.316406 0.951172 0.320312 0.953125 0.320312 0.957031 0.316406 0.957031 0.314453
0 0.195312 0.322266 0.195312 0.330078 0.199219 0.333984 0.203125 0.333984 0.205078 0.332031 0.208984 0.332031 0.210938 0.330078 0.208984 0.328125 0.208984 0.326172 0.203125 0.320312 0.197266 0.320312
0 0.369141 0.320312 0.367188 0.322266 0.369141 0.324219 0.371094 0.322266
0 0.849609 0.322266 0.845703 0.326172 0.845703 0.328125 0.849609 0.332031 0.853516 0.328125 0.853516 0.326172
0 0.703125 0.324219 0.701172 0.326172 0.701172 0.328125 0.705078 0.332031 0.708984 0.328125 0.705078 0.324219
1 0.154297 0.332031 0.158203 0.337891 0.162109 0.337891 0.164062 0.339844 0.166016 0.337891 0.167969 0.339844 0.169922 0.339844 0.175781 0.335938 0.175781 0.333984 0.171875 0.330078 0.169922 0.332031 0.167969 0.332031 0.166016 0.330078 0.164062 0.332031 0.162109 0.330078 0.156250 0.330078
0 0.185547 0.328125 0.183594 0.330078 0.183594 0.333984 0.185547 0.335938 0.187500 0.335938 0.189453 0.333984 0.189453 0.332031
0 0.787109 0.355469 0.785156 0.357422 0.789062 0.361328 0.791016 0.359375 0.791016 0.357422 0.789062 0.355469
0 0.998047 0.355469 0.996094 0.357422 0.994141 0.357422 0.992188 0.359375 0.992188 0.361328 0.996094 0.365234 0.998047 0.365234
0 0.197266 0.375000 0.195312 0.376953 0.197266 0.378906 0.199219 0.378906 0.201172 0.376953 0.199219 0.375000
0 0.216797 0.378906 0.212891 0.378906 0.210938 0.380859 0.210938 0.382812 0.214844 0.386719 0.218750 0.382812 0.218750 0.380859
0 0.609375 0.384766 0.605469 0.388672 0.611328 0.394531 0.615234 0.390625 0.615234 0.388672 0.611328 0.384766
0 0.253906 0.392578 0.250000 0.388672 0.248047 0.388672 0.246094 0.390625 0.232422 0.390625 0.228516 0.394531 0.228516 0.398438 0.234375 0.404297 0.236328 0.404297 0.238281 0.402344 0.240234 0.402344 0.244141 0.398438 0.248047 0.398438 0.250000 0.396484 0.251953 0.396484 0.253906 0.394531
0 0.822266 0.386719 0.818359 0.386719 0.816406 0.388672 0.818359 0.390625 0.818359 0.394531 0.820312 0.396484 0.826172 0.390625
1 0.183594 0.394531 0.187500 0.398438 0.189453 0.398438 0.191406 0.396484 0.195312 0.396484 0.197266 0.394531 0.199219 0.394531 0.201172 0.392578 0.199219 0.390625 0.197266 0.392578 0.195312 0.392578 0.193359 0.390625 0.191406 0.392578 0.189453 0.390625 0.185547 0.390625 0.183594 0.392578
0 0.324219 0.400391 0.320312 0.404297 0.320312 0.406250 0.322266 0.408203 0.324219 0.408203 0.326172 0.410156 0.330078 0.406250 0.330078 0.404297 0.326172 0.400391
0 0.791016 0.402344 0.789062 0.404297 0.789062 0.406250 0.792969 0.410156 0.796875 0.410156 0.798828 0.408203 0.798828 0.406250 0.794922 0.402344
0 0.183594 0.408203 0.181641 0.410156 0.181641 0.412109 0.183594 0.414062 0.185547 0.414062 0.187500 0.412109 0.187500 0.410156 0.185547 0.408203
0 0.257812 0.406250 0.253906 0.410156 0.255859 0.412109 0.255859 0.417969 0.259766 0.421875 0.261719 0.421875 0.263672 0.423828 0.267578 0.419922 0.267578 0.417969 0.269531 0.416016 0.269531 0.414062 0.267578 0.412109 0.267578 0.410156 0.263672 0.406250
0 0.970703 0.414062 0.968750 0.414062 0.966797 0.416016 0.964844 0.416016 0.960938 0.419922 0.960938 0.423828 0.964844 0.427734 0.966797 0.427734 0.968750 0.425781 0.970703 0.425781 0.974609 0.421875 0.974609 0.417969
1 0.998047 0.414062 0.996094 0.416016 0.994141 0.416016 0.986328 0.423828 0.986328 0.425781 0.988281 0.427734 0.986328 0.429688 0.994141 0.437500 0.998047 0.437500
0 0.244141 0.423828 0.240234 0.423828 0.238281 0.425781 0.238281 0.427734 0.242188 0.431641 0.246094 0.427734 0.246094 0.425781
0 0.214844 0.425781 0.210938 0.429688 0.214844 0.433594 0.218750 0.429688
0 0.269531 0.427734 0.267578 0.429688 0.269531 0.431641 0.271484 0.429688
0 0.630859 0.435547 0.626953 0.439453 0.626953 0.441406 0.630859 0.445312 0.634766 0.445312 0.638672 0.441406 0.636719 0.439453 0.636719 0.437500 0.634766 0.435547
1 0.353516 0.437500 0.353516 0.443359 0.367188 0.449219 0.361328 0.460938 0.355469 0.457031 0.318359 0.464844 0.357422 0.464844 0.365234 0.472656 0.363281 0.488281 0.376953 0.500000 0.378906 0.511719 0.388672 0.501953 0.402344 0.517578 0.416016 0.515625 0.423828 0.523438 0.441406 0.572266 0.431641 0.587891 0.423828 0.585938 0.421875 0.599609 0.406250 0.609375 0.423828 0.609375 0.433594 0.585938 0.435547 0.613281 0.449219 0.607422 0.458984 0.611328 0.458984 0.548828 0.445312 0.519531 0.402344 0.464844 0.408203 0.455078 0.402344 0.451172 0.404297 0.460938 0.394531 0.468750 0.378906 0.445312
0 0.449219 0.443359 0.447266 0.445312 0.447266 0.447266 0.449219 0.449219 0.451172 0.447266 0.451172 0.445312
0 0.701172 0.460938 0.693359 0.468750 0.693359 0.470703 0.691406 0.472656 0.691406 0.476562 0.693359 0.478516 0.693359 0.480469 0.701172 0.486328 0.703125 0.484375 0.705078 0.484375 0.707031 0.486328 0.708984 0.484375 0.710938 0.484375 0.716797 0.478516 0.716797 0.476562 0.718750 0.474609 0.718750 0.468750 0.712891 0.462891 0.710938 0.462891 0.708984 0.460938
0 0.310547 0.476562 0.308594 0.474609 0.306641 0.476562 0.304688 0.476562 0.302734 0.478516 0.304688 0.480469 0.306641 0.480469
0 0.517578 0.472656 0.513672 0.476562 0.513672 0.478516 0.515625 0.480469 0.519531 0.480469 0.521484 0.478516 0.521484 0.476562
0 0.927734 0.472656 0.923828 0.472656 0.921875 0.474609 0.925781 0.478516 0.929688 0.474609
0 0.947266 0.474609 0.945312 0.474609 0.943359 0.476562 0.943359 0.478516 0.945312 0.480469 0.949219 0.476562
0 0.544922 0.478516 0.539062 0.484375 0.539062 0.488281 0.535156 0.492188 0.537109 0.494141 0.537109 0.505859 0.546875 0.515625 0.558594 0.515625 0.566406 0.509766 0.570312 0.501953 0.570312 0.494141 0.562500 0.482422 0.554688 0.478516 0.550781 0.478516 0.548828 0.480469
0 0.716797 0.529297 0.714844 0.531250 0.716797 0.533203 0.716797 0.535156 0.718750 0.537109 0.720703 0.535156 0.720703 0.531250 0.718750 0.529297
0 0.687500 0.548828 0.683594 0.552734 0.683594 0.556641 0.687500 0.560547 0.693359 0.560547 0.697266 0.556641 0.697266 0.554688 0.691406 0.548828
0 0.716797 0.548828 0.710938 0.554688 0.710938 0.560547 0.712891 0.562500 0.714844 0.562500 0.716797 0.564453 0.720703 0.564453 0.726562 0.558594 0.726562 0.554688 0.720703 0.548828
0 0.796875 0.550781 0.791016 0.556641 0.791016 0.560547 0.796875 0.566406 0.804688 0.566406 0.808594 0.562500 0.808594 0.556641 0.802734 0.550781
0 0.355469 0.560547 0.351562 0.564453 0.351562 0.566406 0.353516 0.568359 0.355469 0.568359 0.357422 0.570312 0.359375 0.568359 0.359375 0.564453
0 0.576172 0.560547 0.574219 0.562500 0.576172 0.564453 0.572266 0.568359 0.572266 0.570312 0.578125 0.576172 0.580078 0.576172 0.582031 0.574219 0.582031 0.572266 0.580078 0.570312 0.582031 0.568359 0.580078 0.566406 0.580078 0.564453
0 0.398438 0.564453 0.396484 0.566406 0.396484 0.568359 0.394531 0.570312 0.396484 0.572266 0.396484 0.574219 0.398438 0.576172 0.400391 0.574219 0.400391 0.570312 0.398438 0.568359 0.400391 0.566406
0 0.550781 0.566406 0.544922 0.578125 0.525391 0.597656 0.521484 0.611328 0.537109 0.623047 0.544922 0.634766 0.544922 0.626953 0.554688 0.617188 0.560547 0.621094 0.560547 0.628906 0.570312 0.632812 0.574219 0.619141 0.558594 0.613281 0.564453 0.599609 0.564453 0.587891 0.558594 0.580078 0.558594 0.570312
0 0.671875 0.589844 0.667969 0.593750 0.667969 0.597656 0.669922 0.599609 0.673828 0.599609 0.675781 0.597656 0.675781 0.593750
0 0.394531 0.595703 0.392578 0.597656 0.394531 0.599609 0.396484 0.597656
0 0.396484 0.623047 0.398438 0.625000 0.400391 0.625000 0.402344 0.626953 0.404297 0.625000 0.408203 0.625000 0.410156 0.623047 0.408203 0.621094 0.406250 0.621094 0.404297 0.619141 0.400391 0.619141
1 0.433594 0.619141 0.431641 0.617188 0.427734 0.617188 0.425781 0.619141 0.423828 0.619141 0.421875 0.621094 0.423828 0.623047 0.427734 0.623047 0.429688 0.621094 0.431641 0.621094
0 0.388672 0.621094 0.386719 0.623047 0.386719 0.628906 0.388672 0.630859 0.390625 0.628906 0.390625 0.623047
0 0.919922 0.625000 0.916016 0.625000 0.912109 0.628906 0.916016 0.632812 0.917969 0.632812 0.921875 0.628906 0.921875 0.626953
0 0.380859 0.640625 0.376953 0.636719 0.375000 0.636719 0.369141 0.642578 0.371094 0.644531 0.376953 0.644531
0 0.574219 0.640625 0.568359 0.648438 0.568359 0.650391 0.570312 0.652344 0.570312 0.656250 0.580078 0.666016 0.582031 0.666016 0.583984 0.667969 0.591797 0.667969 0.593750 0.666016 0.595703 0.660156 0.583984 0.648438 0.583984 0.646484 0.578125 0.640625
1 0.794922 0.642578 0.792969 0.640625 0.791016 0.642578 0.789062 0.640625 0.787109 0.640625 0.783203 0.644531 0.781250 0.644531 0.779297 0.646484 0.775391 0.646484 0.771484 0.650391 0.771484 0.652344 0.775391 0.656250 0.781250 0.656250 0.783203 0.654297 0.787109 0.654297 0.791016 0.650391 0.791016 0.648438
1 0.367188 0.648438 0.365234 0.646484 0.363281 0.646484 0.361328 0.648438 0.361328 0.652344 0.349609 0.664062 0.347656 0.664062 0.345703 0.666016 0.343750 0.664062 0.333984 0.671875 0.328125 0.671875 0.324219 0.675781 0.328125 0.679688 0.330078 0.679688 0.332031 0.681641 0.341797 0.671875 0.343750 0.671875 0.345703 0.669922 0.353516 0.669922 0.361328 0.662109 0.361328 0.660156 0.365234 0.656250 0.365234 0.652344 0.367188 0.650391
0 0.740234 0.652344 0.736328 0.652344 0.734375 0.654297 0.738281 0.658203 0.742188 0.654297
0 0.626953 0.658203 0.625000 0.660156 0.623047 0.660156 0.621094 0.662109 0.621094 0.664062 0.626953 0.669922 0.628906 0.669922 0.632812 0.666016 0.632812 0.664062
0 0.712891 0.662109 0.708984 0.662109 0.701172 0.669922 0.701172 0.673828 0.708984 0.681641 0.712891 0.677734 0.714844 0.677734 0.718750 0.673828 0.718750 0.667969
0 0.822266 0.660156 0.820312 0.660156 0.818359 0.662109 0.818359 0.664062 0.820312 0.666016 0.824219 0.662109
0 0.546875 0.681641 0.552734 0.687500 0.560547 0.687500 0.562500 0.685547 0.562500 0.683594 0.558594 0.679688 0.556641 0.679688 0.554688 0.677734 0.550781 0.677734
0 0.615234 0.685547 0.613281 0.687500 0.613281 0.691406 0.617188 0.695312 0.619141 0.695312 0.623047 0.691406 0.623047 0.687500 0.621094 0.685547
0 0.431641 0.691406 0.429688 0.691406 0.423828 0.697266 0.423828 0.703125 0.427734 0.707031 0.431641 0.707031 0.435547 0.703125 0.435547 0.699219 0.437500 0.697266
0 0.701172 0.693359 0.699219 0.695312 0.699219 0.697266 0.701172 0.699219 0.703125 0.697266 0.703125 0.695312
0 0.759766 0.720703 0.757812 0.720703 0.753906 0.724609 0.753906 0.728516 0.755859 0.730469 0.759766 0.730469 0.761719 0.728516 0.761719 0.722656
0 0.615234 0.722656 0.613281 0.724609 0.613281 0.726562 0.611328 0.728516 0.613281 0.730469 0.615234 0.730469 0.617188 0.732422 0.621094 0.732422 0.625000 0.728516 0.623047 0.726562 0.623047 0.724609 0.621094 0.722656
0 0.595703 0.728516 0.591797 0.728516 0.587891 0.732422 0.587891 0.734375 0.589844 0.736328 0.589844 0.738281 0.591797 0.740234 0.593750 0.740234 0.599609 0.734375 0.599609 0.732422
0 0.865234 0.730469 0.861328 0.734375 0.861328 0.736328 0.865234 0.740234 0.871094 0.734375 0.869141 0.732422 0.867188 0.732422
1 0.769531 0.734375 0.765625 0.738281 0.765625 0.740234 0.771484 0.751953 0.771484 0.763672 0.773438 0.765625 0.777344 0.765625 0.781250 0.767578 0.785156 0.763672 0.785156 0.755859 0.777344 0.746094 0.777344 0.738281 0.773438 0.734375
0 0.810547 0.736328 0.806641 0.740234 0.810547 0.744141 0.812500 0.744141 0.814453 0.742188 0.814453 0.740234
0 0.626953 0.740234 0.623047 0.744141 0.623047 0.746094 0.626953 0.750000 0.630859 0.746094 0.630859 0.744141
0 0.824219 0.738281 0.822266 0.740234 0.822266 0.742188 0.824219 0.744141 0.826172 0.744141 0.828125 0.742188
0 0.824219 0.755859 0.820312 0.755859 0.818359 0.757812 0.818359 0.761719 0.820312 0.763672 0.822266 0.763672 0.824219 0.761719 0.824219 0.759766 0.826172 0.757812
0 0.509766 0.763672 0.507812 0.763672 0.501953 0.769531 0.501953 0.773438 0.505859 0.777344 0.509766 0.777344 0.513672 0.773438 0.513672 0.771484 0.515625 0.769531
1 0.910156 0.773438 0.902344 0.779297 0.902344 0.792969 0.894531 0.814453 0.894531 0.826172 0.906250 0.837891 0.919922 0.841797 0.925781 0.835938 0.925781 0.814453 0.921875 0.806641 0.929688 0.794922 0.927734 0.781250 0.917969 0.773438
0 0.458984 0.777344 0.455078 0.781250 0.455078 0.787109 0.457031 0.789062 0.458984 0.789062 0.460938 0.791016 0.464844 0.791016 0.468750 0.787109 0.468750 0.781250 0.464844 0.777344
0 0.847656 0.785156 0.845703 0.787109 0.845703 0.789062 0.847656 0.791016 0.849609 0.789062 0.849609 0.787109
0 0.544922 0.789062 0.542969 0.791016 0.542969 0.792969 0.544922 0.794922 0.546875 0.792969 0.546875 0.791016
0 0.716797 0.792969 0.712891 0.796875 0.712891 0.798828 0.710938 0.800781 0.716797 0.806641 0.720703 0.806641 0.724609 0.802734 0.724609 0.796875 0.722656 0.794922 0.720703 0.794922 0.718750 0.792969
0 0.789062 0.792969 0.787109 0.794922 0.787109 0.800781 0.789062 0.802734 0.792969 0.802734 0.796875 0.798828 0.796875 0.796875 0.792969 0.792969
0 0.648438 0.796875 0.644531 0.800781 0.644531 0.802734 0.642578 0.804688 0.642578 0.810547 0.646484 0.816406 0.654297 0.816406 0.658203 0.812500 0.658203 0.810547 0.660156 0.808594 0.660156 0.802734 0.654297 0.796875
0 0.673828 0.808594 0.671875 0.808594 0.666016 0.814453 0.666016 0.822266 0.667969 0.824219 0.667969 0.826172 0.669922 0.828125 0.673828 0.828125 0.679688 0.822266 0.679688 0.816406 0.677734 0.814453 0.677734 0.812500
0 0.640625 0.826172 0.638672 0.828125 0.638672 0.832031 0.642578 0.835938 0.648438 0.830078 0.646484 0.828125 0.644531 0.828125 0.642578 0.826172
0 0.683594 0.835938 0.677734 0.841797 0.677734 0.853516 0.683594 0.859375 0.685547 0.859375 0.691406 0.853516 0.691406 0.849609 0.693359 0.847656 0.691406 0.845703 0.691406 0.841797 0.685547 0.835938
0 0.878906 0.847656 0.869141 0.857422 0.871094 0.863281 0.863281 0.875000 0.863281 0.878906 0.867188 0.882812 0.884766 0.880859 0.894531 0.884766 0.902344 0.892578 0.906250 0.892578 0.910156 0.888672 0.904297 0.880859 0.904297 0.876953 0.916016 0.865234 0.914062 0.859375 0.908203 0.855469 0.900391 0.857422 0.884766 0.847656
0 0.806641 0.855469 0.802734 0.859375 0.806641 0.863281 0.808594 0.863281 0.810547 0.861328 0.810547 0.859375
0 0.832031 0.857422 0.828125 0.857422 0.820312 0.865234 0.818359 0.869141 0.818359 0.882812 0.820312 0.886719 0.826172 0.890625 0.832031 0.888672 0.835938 0.884766 0.837891 0.880859 0.837891 0.876953 0.839844 0.875000 0.839844 0.869141 0.837891 0.867188 0.837891 0.863281
1 0.593750 0.871094 0.587891 0.865234 0.560547 0.871094 0.556641 0.875000 0.560547 0.884766 0.556641 0.892578 0.527344 0.896484 0.492188 0.890625 0.488281 0.900391 0.500000 0.904297 0.515625 0.925781 0.525391 0.925781 0.550781 0.916016 0.582031 0.894531
0 0.681641 0.873047 0.675781 0.867188 0.669922 0.867188 0.662109 0.871094 0.648438 0.871094 0.638672 0.878906 0.625000 0.882812 0.621094 0.886719 0.619141 0.904297 0.623047 0.914062 0.628906 0.917969 0.644531 0.910156 0.664062 0.914062 0.669922 0.908203 0.669922 0.900391 0.664062 0.888672 0.671875 0.884766
0 0.843750 0.884766 0.841797 0.886719 0.841797 0.892578 0.843750 0.894531 0.845703 0.894531 0.847656 0.896484 0.849609 0.896484 0.853516 0.892578 0.853516 0.890625 0.847656 0.884766
0 0.767578 0.886719 0.763672 0.890625 0.763672 0.894531 0.765625 0.896484 0.765625 0.898438 0.769531 0.902344 0.773438 0.902344 0.777344 0.898438 0.777344 0.892578 0.771484 0.886719
0 0.953125 0.892578 0.947266 0.898438 0.947266 0.906250 0.951172 0.912109 0.953125 0.912109 0.955078 0.914062 0.958984 0.914062 0.964844 0.908203 0.964844 0.902344 0.962891 0.900391 0.962891 0.898438 0.957031 0.892578
0 0.843750 0.912109 0.837891 0.906250 0.835938 0.906250 0.833984 0.908203 0.832031 0.908203 0.826172 0.914062 0.822266 0.914062 0.816406 0.919922 0.816406 0.921875 0.822266 0.927734 0.828125 0.927734 0.830078 0.925781 0.837891 0.925781 0.845703 0.916016 0.843750 0.914062
0 0.603516 0.912109 0.599609 0.916016 0.599609 0.919922 0.601562 0.921875 0.603516 0.921875 0.605469 0.919922 0.607422 0.921875 0.609375 0.919922 0.609375 0.917969
0 0.761719 0.910156 0.759766 0.912109 0.759766 0.914062 0.761719 0.916016 0.763672 0.916016 0.765625 0.914062 0.765625 0.912109 0.763672 0.910156
1 0.728516 0.941406 0.734375 0.947266 0.730469 0.962891 0.738281 0.972656 0.748047 0.968750 0.759766 0.970703 0.767578 0.955078 0.779297 0.962891 0.789062 0.958984 0.798828 0.964844 0.816406 0.947266 0.816406 0.937500 0.808594 0.929688 0.785156 0.929688 0.779297 0.925781 0.765625 0.933594 0.759766 0.947266 0.751953 0.941406 0.755859 0.931641 0.751953 0.923828 0.738281 0.929688
0 0.638672 0.925781 0.634766 0.929688 0.638672 0.933594 0.640625 0.933594 0.642578 0.931641 0.642578 0.927734 0.640625 0.925781
0 0.464844 0.935547 0.460938 0.939453 0.460938 0.945312 0.464844 0.949219 0.468750 0.949219 0.474609 0.943359 0.474609 0.941406 0.468750 0.935547
0 0.953125 0.933594 0.949219 0.935547 0.943359 0.941406 0.941406 0.941406 0.937500 0.945312 0.937500 0.947266 0.945312 0.953125 0.947266 0.953125 0.953125 0.958984 0.958984 0.958984 0.964844 0.953125 0.966797 0.949219 0.966797 0.945312 0.960938 0.933594
0 0.621094 0.945312 0.615234 0.951172 0.615234 0.957031 0.621094 0.962891 0.628906 0.962891 0.630859 0.960938 0.630859 0.957031 0.632812 0.955078 0.632812 0.951172 0.628906 0.945312
0 0.667969 0.955078 0.664062 0.951172 0.662109 0.953125 0.650391 0.953125 0.644531 0.957031 0.644531 0.962891 0.650391 0.968750 0.654297 0.968750 0.656250 0.966797 0.656250 0.964844 0.662109 0.958984 0.666016 0.958984 0.667969 0.957031
0 0.988281 0.953125 0.984375 0.957031 0.984375 0.960938 0.990234 0.966797 0.998047 0.966797 0.998047 0.957031 0.996094 0.955078 0.994141 0.955078 0.992188 0.953125
0 0.601562 0.958984 0.597656 0.962891 0.597656 0.990234 0.601562 0.994141 0.609375 0.994141 0.615234 0.988281 0.615234 0.984375 0.613281 0.982422 0.613281 0.978516 0.607422 0.966797 0.609375 0.964844 0.603516 0.958984
0 0.896484 0.958984 0.894531 0.960938 0.892578 0.960938 0.886719 0.966797 0.886719 0.968750 0.884766 0.970703 0.884766 0.972656 0.886719 0.974609 0.886719 0.976562 0.890625 0.980469 0.894531 0.980469 0.900391 0.974609 0.900391 0.962891
1 0.634766 0.998047 0.675781 0.998047 0.679688 0.992188 0.697266 0.986328 0.707031 0.986328 0.716797 0.998047 0.720703 0.998047 0.730469 0.990234 0.732422 0.980469 0.722656 0.970703 0.705078 0.972656 0.699219 0.968750 0.666016 0.968750 0.642578 0.994141
0 0.830078 0.970703 0.826172 0.974609 0.830078 0.978516 0.833984 0.978516 0.835938 0.976562 0.835938 0.974609 0.832031 0.970703
1 0.781250 0.982422 0.781250 0.998047 0.814453 0.998047 0.818359 0.992188 0.822266 0.994141 0.828125 0.992188 0.828125 0.988281 0.824219 0.984375 0.816406 0.988281 0.804688 0.974609 0.798828 0.974609 0.796875 0.972656 0.787109 0.976562
0 0.900391 0.990234 0.898438 0.992188 0.898438 0.994141 0.900391 0.996094 0.902344 0.994141 0.902344 0.992188
1 0.912109 0.994141 0.912109 0.998047 0.933594 0.998047 0.931641 0.996094 0.935547 0.992188 0.935547 0.990234 0.933594 0.988281 0.931641 0.988281 0.929688 0.990234 0.921875 0.990234 0.919922 0.988281 0.917969 0.988281
1 0.972656 0.994141 0.968750 0.990234 0.966797 0.990234 0.964844 0.992188 0.960938 0.992188 0.958984 0.994141 0.958984 0.996094 0.957031 0.998047 0.972656 0.998047
