1 0.000000 0.160156 0.000000 0.316406 0.042969 0.312500 0.000000 0.349609 0.000000 0.599609 0.109375 0.562500 0.152344 0.673828 0.097656 0.726562 0.115234 0.787109 0.183594 0.753906 0.248047 0.794922 0.207031 0.964844 0.347656 0.972656 0.386719 0.917969 0.416016 0.990234 0.416016 0.923828 0.527344 0.945312 0.400391 0.880859 0.398438 0.771484 0.314453 0.814453 0.376953 0.886719 0.287109 0.886719 0.205078 0.726562 0.302734 0.644531 0.326172 0.697266 0.279297 0.751953 0.349609 0.683594 0.396484 0.730469 0.310547 0.626953 0.474609 0.529297 0.410156 0.572266 0.375000 0.535156 0.351562 0.587891 0.265625 0.564453 0.269531 0.447266 0.394531 0.480469 0.273438 0.433594 0.279297 0.345703 0.158203 0.294922 0.236328 0.349609 0.123047 0.404297 0.232422 0.371094 0.240234 0.546875 0.070312 0.503906 0.134766 0.314453 0.099609 0.355469 0.070312 0.302734 0.119141 0.226562
0 0.228516 0.166016 0.226562 0.167969 0.228516 0.169922 0.230469 0.167969
0 0.632812 0.167969 0.630859 0.169922 0.632812 0.171875 0.634766 0.171875 0.636719 0.169922 0.634766 0.167969
0 0.814453 0.304688 0.810547 0.304688 0.808594 0.306641 0.806641 0.306641 0.800781 0.312500 0.800781 0.316406 0.804688 0.320312 0.810547 0.320312 0.812500 0.318359 0.814453 0.318359 0.816406 0.316406 0.816406 0.314453 0.818359 0.312500 0.818359 0.308594
0 0.531250 0.324219 0.529297 0.326172 0.529297 0.330078 0.531250 0.332031 0.535156 0.332031 0.537109 0.330078 0.537109 0.328125 0.533203 0.324219
1 0.179688 0.335938 0.181641 0.337891 0.181641 0.339844 0.183594 0.341797 0.189453 0.335938 0.191406 0.335938 0.193359 0.333984 0.195312 0.333984 0.197266 0.332031 0.195312 0.330078 0.183594 0.330078 0.179688 0.333984
0 0.185547 0.345703 0.183594 0.345703 0.181641 0.347656 0.181641 0.349609 0.183594 0.351562 0.187500 0.347656
0 0.345703 0.349609 0.341797 0.353516 0.343750 0.355469 0.347656 0.351562
0 0.433594 0.357422 0.431641 0.359375 0.435547 0.363281 0.437500 0.361328 0.437500 0.359375 0.435547 0.357422
0 0.777344 0.384766 0.783203 0.390625 0.789062 0.390625 0.791016 0.388672 0.792969 0.388672 0.796875 0.384766 0.802734 0.382812 0.804688 0.380859 0.804688 0.378906 0.802734 0.376953 0.794922 0.376953 0.789062 0.373047 0.785156 0.373047 0.779297 0.376953 0.779297 0.378906 0.777344 0.380859
0 0.351562 0.378906 0.349609 0.378906 0.343750 0.384766 0.343750 0.386719 0.345703 0.388672 0.351562 0.388672 0.353516 0.386719 0.353516 0.380859
0 0.308594 0.408203 0.308594 0.410156 0.310547 0.412109 0.310547 0.416016 0.314453 0.419922 0.318359 0.416016 0.320312 0.416016 0.324219 0.412109 0.326172 0.412109 0.328125 0.410156 0.328125 0.408203 0.326172 0.406250 0.322266 0.406250 0.318359 0.410156 0.314453 0.410156 0.310547 0.406250
0 0.478516 0.414062 0.474609 0.419922 0.474609 0.425781 0.478516 0.429688 0.480469 0.429688 0.482422 0.431641 0.486328 0.431641 0.488281 0.429688 0.490234 0.429688 0.494141 0.423828 0.494141 0.421875 0.492188 0.419922 0.492188 0.417969 0.486328 0.414062
0 0.222656 0.439453 0.220703 0.441406 0.222656 0.443359 0.224609 0.441406
1 0.404297 0.439453 0.402344 0.439453 0.398438 0.443359 0.398438 0.445312 0.392578 0.451172 0.392578 0.453125 0.390625 0.455078 0.394531 0.458984 0.398438 0.455078 0.398438 0.451172 0.406250 0.443359 0.406250 0.441406
0 0.716797 0.439453 0.714844 0.441406 0.716797 0.443359 0.718750 0.441406
0 0.435547 0.466797 0.433594 0.468750 0.433594 0.470703 0.435547 0.472656 0.437500 0.472656 0.439453 0.470703 0.439453 0.468750 0.437500 0.466797
0 0.734375 0.464844 0.732422 0.466797 0.734375 0.468750 0.736328 0.466797
1 0.453125 0.468750 0.449219 0.472656 0.449219 0.476562 0.451172 0.478516 0.458984 0.478516 0.466797 0.486328 0.466797 0.488281 0.470703 0.494141 0.470703 0.515625 0.474609 0.519531 0.478516 0.515625 0.478516 0.496094 0.476562 0.494141 0.476562 0.486328 0.470703 0.480469 0.468750 0.480469 0.457031 0.468750
0 0.427734 0.482422 0.425781 0.484375 0.425781 0.488281 0.427734 0.490234 0.431641 0.490234 0.435547 0.486328 0.433594 0.484375 0.431641 0.484375 0.429688 0.482422
0 0.490234 0.482422 0.488281 0.484375 0.490234 0.486328 0.492188 0.484375
0 0.734375 0.496094 0.730469 0.500000 0.730469 0.501953 0.734375 0.505859 0.736328 0.505859 0.740234 0.501953 0.740234 0.500000 0.738281 0.498047 0.736328 0.498047
1 0.363281 0.507812 0.361328 0.509766 0.361328 0.511719 0.363281 0.513672 0.363281 0.517578 0.365234 0.519531 0.365234 0.521484 0.367188 0.523438 0.369141 0.523438 0.371094 0.521484 0.369141 0.519531 0.369141 0.515625 0.365234 0.511719 0.365234 0.509766
0 0.398438 0.517578 0.394531 0.521484 0.394531 0.523438 0.398438 0.527344 0.400391 0.527344 0.404297 0.523438 0.404297 0.521484 0.400391 0.517578
0 0.978516 0.533203 0.974609 0.537109 0.974609 0.541016 0.976562 0.542969 0.980469 0.542969 0.982422 0.541016 0.982422 0.537109
0 0.847656 0.552734 0.845703 0.554688 0.847656 0.556641 0.849609 0.556641 0.851562 0.554688 0.849609 0.552734
0 0.666016 0.568359 0.664062 0.570312 0.666016 0.572266 0.667969 0.570312
0 0.816406 0.574219 0.812500 0.578125 0.812500 0.583984 0.816406 0.587891 0.820312 0.587891 0.826172 0.582031 0.826172 0.578125 0.824219 0.576172 0.822266 0.576172 0.820312 0.574219
0 0.892578 0.593750 0.888672 0.597656 0.888672 0.599609 0.892578 0.603516 0.894531 0.603516 0.898438 0.599609 0.898438 0.597656 0.894531 0.593750
0 0.832031 0.597656 0.828125 0.601562 0.828125 0.603516 0.832031 0.607422 0.835938 0.603516 0.835938 0.601562
0 0.669922 0.603516 0.662109 0.611328 0.656250 0.623047 0.656250 0.632812 0.666016 0.644531 0.679688 0.646484 0.689453 0.642578 0.699219 0.632812 0.701172 0.623047 0.697266 0.611328 0.693359 0.607422 0.685547 0.603516
0 0.753906 0.623047 0.751953 0.625000 0.751953 0.628906 0.753906 0.630859 0.753906 0.632812 0.759766 0.638672 0.765625 0.638672 0.769531 0.634766 0.769531 0.628906 0.765625 0.625000 0.761719 0.625000 0.759766 0.623047 0.757812 0.625000 0.755859 0.623047
0 0.455078 0.628906 0.453125 0.628906 0.451172 0.630859 0.451172 0.632812 0.453125 0.634766 0.457031 0.630859
0 0.349609 0.640625 0.349609 0.646484 0.353516 0.650391 0.355469 0.650391 0.357422 0.648438 0.359375 0.648438 0.363281 0.644531 0.357422 0.638672 0.351562 0.638672
0 0.738281 0.640625 0.734375 0.640625 0.730469 0.644531 0.730469 0.646484 0.728516 0.648438 0.728516 0.654297 0.732422 0.658203 0.736328 0.658203 0.742188 0.652344 0.742188 0.646484 0.740234 0.644531 0.740234 0.642578
0 0.484375 0.667969 0.482422 0.669922 0.482422 0.671875 0.484375 0.673828 0.486328 0.673828 0.488281 0.671875
0 0.746094 0.681641 0.744141 0.683594 0.744141 0.689453 0.746094 0.691406 0.750000 0.691406 0.751953 0.689453 0.751953 0.683594 0.750000 0.681641
0 0.402344 0.685547 0.400391 0.687500 0.402344 0.689453 0.404297 0.687500
0 0.875000 0.689453 0.873047 0.691406 0.876953 0.695312 0.878906 0.693359 0.878906 0.691406 0.876953 0.689453
0 0.714844 0.699219 0.712891 0.697266 0.710938 0.697266 0.707031 0.701172 0.708984 0.703125 0.712891 0.703125 0.714844 0.701172
0 0.828125 0.701172 0.826172 0.703125 0.826172 0.705078 0.824219 0.707031 0.824219 0.710938 0.830078 0.716797 0.832031 0.716797 0.837891 0.710938 0.837891 0.707031 0.835938 0.705078 0.835938 0.703125 0.833984 0.701172
0 0.630859 0.703125 0.628906 0.703125 0.626953 0.705078 0.625000 0.705078 0.623047 0.707031 0.623047 0.710938 0.626953 0.714844 0.630859 0.714844 0.632812 0.712891 0.632812 0.710938 0.634766 0.708984 0.632812 0.707031 0.632812 0.705078
0 0.535156 0.707031 0.533203 0.708984 0.533203 0.710938 0.535156 0.712891 0.539062 0.712891 0.541016 0.710938 0.537109 0.707031
0 0.853516 0.712891 0.847656 0.718750 0.847656 0.724609 0.851562 0.728516 0.857422 0.728516 0.861328 0.724609 0.861328 0.718750 0.855469 0.712891
0 0.259766 0.732422 0.255859 0.736328 0.255859 0.740234 0.257812 0.742188 0.259766 0.742188 0.263672 0.738281 0.263672 0.736328
0 0.716797 0.732422 0.714844 0.732422 0.712891 0.730469 0.707031 0.730469 0.701172 0.736328 0.701172 0.744141 0.705078 0.748047 0.714844 0.738281 0.716797 0.738281 0.718750 0.736328 0.718750 0.734375
0 0.591797 0.740234 0.587891 0.746094 0.587891 0.753906 0.591797 0.757812 0.593750 0.757812 0.599609 0.761719 0.603516 0.761719 0.605469 0.763672 0.607422 0.763672 0.613281 0.757812 0.613281 0.755859 0.617188 0.750000 0.611328 0.742188 0.605469 0.742188 0.603516 0.740234
0 0.802734 0.740234 0.800781 0.742188 0.800781 0.746094 0.802734 0.748047 0.806641 0.748047 0.810547 0.744141 0.810547 0.742188 0.808594 0.740234
0 0.732422 0.742188 0.728516 0.746094 0.728516 0.748047 0.732422 0.751953 0.734375 0.751953 0.738281 0.748047 0.738281 0.746094 0.734375 0.742188
0 0.900391 0.746094 0.896484 0.750000 0.896484 0.751953 0.900391 0.755859 0.902344 0.755859 0.906250 0.751953 0.906250 0.750000 0.902344 0.746094
0 0.857422 0.755859 0.855469 0.755859 0.853516 0.757812 0.851562 0.757812 0.847656 0.761719 0.847656 0.767578 0.853516 0.773438 0.857422 0.773438 0.863281 0.767578 0.863281 0.761719
0 0.824219 0.767578 0.820312 0.763672 0.818359 0.763672 0.814453 0.767578 0.814453 0.769531 0.816406 0.771484 0.820312 0.771484
0 0.921875 0.761719 0.919922 0.761719 0.917969 0.763672 0.917969 0.769531 0.919922 0.771484 0.921875 0.769531 0.923828 0.769531 0.925781 0.767578 0.925781 0.765625
1 0.892578 0.767578 0.888672 0.769531 0.875000 0.783203 0.873047 0.783203 0.869141 0.787109 0.867188 0.791016 0.871094 0.796875 0.875000 0.798828 0.878906 0.798828 0.890625 0.787109 0.890625 0.783203 0.894531 0.779297 0.894531 0.775391 0.896484 0.773438 0.896484 0.771484
0 0.833984 0.769531 0.830078 0.773438 0.830078 0.775391 0.832031 0.777344 0.832031 0.779297 0.833984 0.781250 0.837891 0.781250 0.841797 0.777344 0.841797 0.775391 0.839844 0.773438 0.839844 0.771484 0.837891 0.769531
0 0.458984 0.777344 0.453125 0.779297 0.443359 0.791016 0.435547 0.792969 0.429688 0.798828 0.431641 0.814453 0.437500 0.820312 0.445312 0.820312 0.451172 0.814453 0.453125 0.808594 0.464844 0.800781 0.468750 0.791016 0.464844 0.783203
0 0.849609 0.789062 0.845703 0.792969 0.845703 0.796875 0.849609 0.800781 0.855469 0.794922
0 0.580078 0.794922 0.578125 0.794922 0.572266 0.800781 0.572266 0.804688 0.576172 0.808594 0.580078 0.808594 0.585938 0.802734 0.585938 0.800781
0 0.765625 0.794922 0.763672 0.796875 0.763672 0.798828 0.761719 0.800781 0.761719 0.802734 0.769531 0.810547 0.775391 0.804688 0.775391 0.800781 0.773438 0.798828 0.773438 0.796875 0.771484 0.794922
0 0.308594 0.802734 0.304688 0.798828 0.302734 0.800781 0.298828 0.800781 0.294922 0.804688 0.294922 0.806641 0.296875 0.808594 0.302734 0.808594
0 0.556641 0.810547 0.542969 0.808594 0.533203 0.796875 0.521484 0.796875 0.513672 0.806641 0.511719 0.824219 0.498047 0.839844 0.503906 0.857422 0.509766 0.861328 0.521484 0.857422 0.521484 0.826172 0.533203 0.816406 0.556641 0.839844 0.564453 0.839844 0.566406 0.832031
0 0.802734 0.804688 0.798828 0.808594 0.798828 0.812500 0.800781 0.814453 0.806641 0.814453 0.810547 0.810547 0.810547 0.808594 0.808594 0.806641 0.806641 0.806641 0.804688 0.804688
0 0.283203 0.808594 0.281250 0.810547 0.283203 0.812500 0.285156 0.810547
0 0.597656 0.812500 0.593750 0.816406 0.597656 0.820312 0.601562 0.816406
0 0.291016 0.816406 0.289062 0.818359 0.289062 0.820312 0.291016 0.822266 0.292969 0.822266 0.294922 0.820312 0.294922 0.818359 0.292969 0.816406
0 0.423828 0.824219 0.421875 0.826172 0.421875 0.828125 0.425781 0.832031 0.429688 0.828125 0.425781 0.824219
0 0.464844 0.830078 0.458984 0.824219 0.457031 0.824219 0.455078 0.826172 0.451172 0.826172 0.449219 0.828125 0.443359 0.828125 0.435547 0.835938 0.435547 0.839844 0.441406 0.845703 0.451172 0.845703 0.462891 0.835938
0 0.822266 0.826172 0.820312 0.828125 0.820312 0.830078 0.818359 0.832031 0.822266 0.835938 0.826172 0.832031 0.826172 0.830078
0 0.582031 0.830078 0.580078 0.832031 0.580078 0.835938 0.583984 0.839844 0.585938 0.837891 0.585938 0.833984
0 0.482422 0.849609 0.472656 0.847656 0.464844 0.855469 0.457031 0.855469 0.451172 0.861328 0.453125 0.873047 0.455078 0.875000 0.453125 0.876953 0.453125 0.882812 0.458984 0.890625 0.466797 0.890625 0.472656 0.882812 0.472656 0.869141 0.478516 0.863281 0.482422 0.863281 0.486328 0.859375 0.486328 0.855469
0 0.576172 0.847656 0.572266 0.851562 0.572266 0.857422 0.578125 0.863281 0.583984 0.863281 0.589844 0.857422 0.587891 0.855469 0.587891 0.853516 0.582031 0.847656
1 0.900391 0.855469 0.886719 0.863281 0.888672 0.876953 0.876953 0.894531 0.876953 0.904297 0.884766 0.916016 0.884766 0.919922 0.890625 0.923828 0.896484 0.923828 0.900391 0.927734 0.902344 0.935547 0.910156 0.943359 0.912109 0.939453 0.908203 0.933594 0.908203 0.927734 0.916016 0.919922 0.917969 0.914062 0.912109 0.908203 0.894531 0.910156 0.888672 0.904297 0.894531 0.892578 0.894531 0.886719 0.892578 0.884766 0.898438 0.878906 0.910156 0.876953 0.912109 0.875000 0.910156 0.863281
0 0.720703 0.861328 0.718750 0.863281 0.720703 0.865234 0.722656 0.865234 0.724609 0.863281 0.722656 0.861328
0 0.533203 0.863281 0.527344 0.865234 0.523438 0.869141 0.523438 0.871094 0.521484 0.873047 0.521484 0.880859 0.527344 0.886719 0.533203 0.884766 0.539062 0.878906 0.539062 0.876953 0.541016 0.875000 0.541016 0.869141 0.537109 0.865234 0.535156 0.865234
0 0.771484 0.863281 0.769531 0.865234 0.761719 0.865234 0.755859 0.871094 0.755859 0.873047 0.759766 0.878906 0.761719 0.878906 0.763672 0.880859 0.765625 0.880859 0.769531 0.876953 0.769531 0.875000 0.773438 0.871094 0.773438 0.865234
0 0.701172 0.888672 0.697266 0.892578 0.697266 0.896484 0.701172 0.900391 0.705078 0.900391 0.708984 0.896484 0.708984 0.892578 0.705078 0.888672
1 0.751953 0.888672 0.740234 0.894531 0.732422 0.894531 0.728516 0.898438 0.730469 0.904297 0.728516 0.910156 0.718750 0.916016 0.712891 0.923828 0.710938 0.935547 0.712891 0.939453 0.726562 0.945312 0.736328 0.945312 0.744141 0.937500 0.742188 0.923828 0.748047 0.916016 0.746094 0.914062 0.755859 0.902344 0.755859 0.892578
0 0.912109 0.886719 0.910156 0.888672 0.910156 0.890625 0.912109 0.892578 0.912109 0.894531 0.914062 0.896484 0.916016 0.896484 0.917969 0.898438 0.919922 0.898438 0.921875 0.900391 0.925781 0.896484 0.925781 0.894531 0.917969 0.886719
0 0.779297 0.890625 0.773438 0.894531 0.773438 0.896484 0.771484 0.898438 0.771484 0.902344 0.773438 0.904297 0.773438 0.908203 0.781250 0.916016 0.783203 0.916016 0.787109 0.912109 0.787109 0.910156 0.791016 0.904297 0.791016 0.896484 0.785156 0.890625
0 0.943359 0.894531 0.939453 0.894531 0.937500 0.896484 0.937500 0.900391 0.941406 0.904297 0.945312 0.900391 0.945312 0.896484
0 0.541016 0.898438 0.537109 0.898438 0.535156 0.900391 0.535156 0.902344 0.539062 0.906250 0.542969 0.902344 0.542969 0.900391
0 0.533203 0.914062 0.531250 0.916016 0.531250 0.923828 0.535156 0.927734 0.537109 0.927734 0.542969 0.921875 0.542969 0.919922 0.537109 0.914062
1 0.820312 0.931641 0.814453 0.923828 0.810547 0.923828 0.808594 0.925781 0.798828 0.925781 0.789062 0.935547 0.779297 0.925781 0.769531 0.933594 0.769531 0.939453 0.775391 0.943359 0.789062 0.943359 0.792969 0.941406 0.804688 0.947266 0.814453 0.941406 0.820312 0.935547
0 0.556641 0.937500 0.552734 0.935547 0.546875 0.935547 0.542969 0.939453 0.541016 0.943359 0.541016 0.949219 0.535156 0.957031 0.535156 0.960938 0.539062 0.964844 0.546875 0.964844 0.556641 0.955078 0.558594 0.951172 0.558594 0.947266 0.560547 0.945312
0 0.933594 0.947266 0.927734 0.943359 0.925781 0.943359 0.923828 0.945312 0.916016 0.945312 0.912109 0.951172 0.912109 0.958984 0.916016 0.962891 0.919922 0.962891 0.921875 0.960938 0.925781 0.960938 0.927734 0.958984 0.929688 0.958984 0.931641 0.957031 0.931641 0.955078 0.935547 0.951172 0.933594 0.949219
0 0.496094 0.947266 0.494141 0.949219 0.492188 0.949219 0.488281 0.953125 0.490234 0.955078 0.490234 0.957031 0.492188 0.958984 0.494141 0.958984 0.496094 0.960938 0.500000 0.960938 0.503906 0.957031 0.503906 0.955078 0.501953 0.953125 0.501953 0.951172 0.500000 0.949219 0.498047 0.949219
0 0.878906 0.953125 0.875000 0.953125 0.873047 0.951172 0.865234 0.951172 0.861328 0.953125 0.847656 0.968750 0.847656 0.974609 0.849609 0.978516 0.853516 0.982422 0.859375 0.982422 0.863281 0.980469 0.878906 0.964844 0.880859 0.960938 0.880859 0.955078
0 0.445312 0.953125 0.441406 0.957031 0.441406 0.960938 0.447266 0.966797 0.453125 0.966797 0.455078 0.964844 0.455078 0.957031 0.451172 0.953125
1 0.566406 0.958984 0.566406 0.984375 0.580078 0.998047 0.634766 0.998047 0.630859 0.994141 0.630859 0.988281 0.634766 0.984375 0.632812 0.980469 0.621094 0.986328 0.609375 0.984375 0.601562 0.990234 0.583984 0.966797 0.570312 0.955078
0 0.898438 0.958984 0.894531 0.962891 0.896484 0.964844 0.896484 0.966797 0.898438 0.968750 0.900391 0.968750 0.902344 0.970703 0.904297 0.970703 0.908203 0.966797 0.908203 0.962891 0.904297 0.958984
0 0.990234 0.958984 0.988281 0.960938 0.992188 0.964844 0.994141 0.962891 0.994141 0.960938 0.992188 0.958984
1 0.722656 0.994141 0.705078 0.972656 0.699219 0.968750 0.693359 0.968750 0.664062 0.980469 0.658203 0.988281 0.656250 0.998047 0.722656 0.998047
0 0.921875 0.978516 0.919922 0.980469 0.919922 0.986328 0.921875 0.988281 0.927734 0.988281 0.931641 0.984375 0.931641 0.982422 0.927734 0.978516
0 0.427734 0.988281 0.431641 0.992188 0.443359 0.992188 0.447266 0.988281 0.447266 0.984375 0.445312 0.982422 0.431641 0.982422 0.429688 0.984375 0.429688 0.986328
0 0.324219 0.984375 0.320312 0.988281 0.320312 0.990234 0.324219 0.994141 0.326172 0.994141 0.328125 0.992188 0.328125 0.986328 0.326172 0.984375
0 0.837891 0.990234 0.835938 0.992188 0.837891 0.994141 0.839844 0.992188
0 0.876953 0.996094 0.876953 0.998047 0.884766 0.998047 0.884766 0.996094 0.882812 0.994141 0.878906 0.994141
