1 0.000000 0.035156 0.000000 0.111328 0.017578 0.046875 0.074219 0.050781 0.039062 0.181641 0.000000 0.136719 0.000000 0.507812 0.109375 0.625000 0.121094 0.886719 0.171875 0.806641 0.232422 0.863281 0.220703 0.939453 0.269531 0.880859 0.359375 0.910156 0.292969 0.998047 0.369141 0.949219 0.462891 0.998047 0.449219 0.925781 0.513672 0.937500 0.468750 0.972656 0.679688 0.978516 0.750000 0.908203 0.683594 0.939453 0.636719 0.898438 0.736328 0.794922 0.679688 0.638672 0.638672 0.632812 0.660156 0.679688 0.503906 0.673828 0.464844 0.753906 0.400391 0.736328 0.410156 0.671875 0.384766 0.773438 0.166016 0.755859 0.166016 0.681641 0.328125 0.601562 0.351562 0.486328 0.310547 0.390625 0.076172 0.472656 0.162109 0.339844 0.121094 0.242188 0.042969 0.222656 0.156250 0.070312
0 0.953125 0.197266 0.951172 0.199219 0.953125 0.201172 0.955078 0.199219
0 0.203125 0.205078 0.199219 0.205078 0.195312 0.208984 0.195312 0.212891 0.199219 0.216797 0.201172 0.216797 0.207031 0.210938 0.207031 0.208984
0 0.544922 0.212891 0.542969 0.214844 0.544922 0.216797 0.546875 0.214844
0 0.781250 0.216797 0.779297 0.218750 0.781250 0.220703 0.783203 0.220703 0.785156 0.218750 0.783203 0.216797
0 0.953125 0.222656 0.951172 0.224609 0.951172 0.226562 0.953125 0.228516 0.957031 0.228516 0.958984 0.226562 0.958984 0.224609 0.957031 0.222656
0 0.738281 0.279297 0.734375 0.283203 0.734375 0.285156 0.738281 0.289062 0.742188 0.285156 0.742188 0.283203
0 0.337891 0.302734 0.333984 0.306641 0.337891 0.310547 0.341797 0.306641
0 0.976562 0.306641 0.972656 0.310547 0.972656 0.316406 0.976562 0.320312 0.980469 0.320312 0.984375 0.316406 0.984375 0.310547 0.980469 0.306641
0 0.460938 0.326172 0.458984 0.328125 0.460938 0.330078 0.462891 0.328125
0 0.582031 0.328125 0.578125 0.332031 0.578125 0.335938 0.580078 0.337891 0.585938 0.337891 0.587891 0.335938 0.587891 0.333984 0.589844 0.332031 0.585938 0.328125
0 0.261719 0.335938 0.253906 0.343750 0.253906 0.345703 0.257812 0.351562 0.259766 0.351562 0.261719 0.353516 0.265625 0.353516 0.271484 0.349609 0.271484 0.347656 0.273438 0.345703 0.273438 0.341797 0.267578 0.335938
0 0.330078 0.351562 0.324219 0.359375 0.326172 0.369141 0.335938 0.376953 0.345703 0.376953 0.349609 0.375000 0.353516 0.369141 0.353516 0.359375 0.345703 0.351562 0.341797 0.349609 0.333984 0.349609
0 0.289062 0.351562 0.287109 0.353516 0.287109 0.355469 0.285156 0.357422 0.287109 0.359375 0.287109 0.361328 0.289062 0.363281 0.294922 0.363281 0.296875 0.361328 0.296875 0.357422 0.291016 0.351562
0 0.396484 0.353516 0.394531 0.355469 0.394531 0.357422 0.396484 0.359375 0.398438 0.359375 0.400391 0.357422
0 0.068359 0.355469 0.066406 0.357422 0.066406 0.361328 0.068359 0.363281 0.072266 0.359375
0 0.966797 0.373047 0.962891 0.376953 0.962891 0.378906 0.964844 0.380859 0.968750 0.380859 0.970703 0.378906 0.970703 0.376953
0 0.234375 0.386719 0.230469 0.386719 0.228516 0.388672 0.226562 0.388672 0.222656 0.394531 0.222656 0.398438 0.228516 0.404297 0.232422 0.404297 0.238281 0.400391 0.238281 0.390625
0 0.328125 0.392578 0.328125 0.394531 0.333984 0.400391 0.337891 0.400391 0.339844 0.398438 0.341797 0.398438 0.345703 0.394531 0.343750 0.392578 0.341797 0.392578 0.337891 0.388672 0.332031 0.388672
0 0.455078 0.392578 0.453125 0.394531 0.455078 0.396484 0.457031 0.394531
0 0.482422 0.398438 0.480469 0.400391 0.478516 0.400391 0.476562 0.402344 0.476562 0.404297 0.480469 0.408203 0.482422 0.408203 0.486328 0.404297 0.486328 0.402344
0 0.472656 0.412109 0.470703 0.414062 0.470703 0.416016 0.472656 0.417969 0.474609 0.416016 0.474609 0.414062
0 0.998047 0.412109 0.986328 0.423828 0.986328 0.431641 0.990234 0.435547 0.998047 0.435547
0 0.933594 0.414062 0.929688 0.417969 0.929688 0.423828 0.931641 0.425781 0.931641 0.427734 0.933594 0.429688 0.937500 0.429688 0.941406 0.425781 0.941406 0.419922 0.935547 0.414062
0 0.970703 0.425781 0.966797 0.425781 0.960938 0.431641 0.960938 0.439453 0.962891 0.441406 0.964844 0.441406 0.966797 0.443359 0.968750 0.443359 0.976562 0.435547 0.976562 0.431641
0 0.458984 0.476562 0.457031 0.476562 0.455078 0.478516 0.453125 0.478516 0.451172 0.480469 0.451172 0.486328 0.453125 0.488281 0.455078 0.488281 0.460938 0.482422 0.460938 0.478516
0 0.548828 0.476562 0.544922 0.480469 0.544922 0.484375 0.548828 0.488281 0.548828 0.490234 0.554688 0.496094 0.556641 0.494141 0.556641 0.486328 0.558594 0.484375 0.558594 0.480469 0.554688 0.476562
0 0.535156 0.511719 0.533203 0.511719 0.531250 0.513672 0.531250 0.515625 0.533203 0.517578 0.537109 0.513672
0 0.517578 0.535156 0.515625 0.535156 0.513672 0.537109 0.513672 0.539062 0.515625 0.541016 0.519531 0.537109
1 0.876953 0.539062 0.873047 0.535156 0.865234 0.535156 0.863281 0.537109 0.863281 0.541016 0.859375 0.544922 0.853516 0.544922 0.851562 0.542969 0.845703 0.544922 0.841797 0.550781 0.843750 0.558594 0.847656 0.562500 0.853516 0.562500 0.863281 0.552734 0.873047 0.552734 0.876953 0.548828
0 0.595703 0.554688 0.593750 0.556641 0.593750 0.560547 0.597656 0.564453 0.599609 0.564453 0.603516 0.560547 0.603516 0.558594 0.599609 0.554688
0 0.998047 0.568359 0.994141 0.568359 0.992188 0.566406 0.990234 0.568359 0.988281 0.566406 0.986328 0.568359 0.980469 0.570312 0.974609 0.578125 0.974609 0.582031 0.976562 0.583984 0.976562 0.585938 0.982422 0.589844 0.986328 0.589844 0.988281 0.587891 0.998047 0.583984
0 0.619141 0.582031 0.615234 0.585938 0.619141 0.589844 0.621094 0.589844 0.623047 0.587891 0.623047 0.585938
0 0.716797 0.582031 0.714844 0.583984 0.714844 0.585938 0.716797 0.587891 0.718750 0.585938 0.718750 0.583984
0 0.837891 0.589844 0.832031 0.595703 0.832031 0.599609 0.833984 0.601562 0.833984 0.603516 0.835938 0.605469 0.837891 0.605469 0.839844 0.607422 0.841797 0.607422 0.845703 0.603516 0.845703 0.595703 0.839844 0.589844
0 0.710938 0.599609 0.708984 0.601562 0.710938 0.603516 0.712891 0.603516 0.714844 0.601562 0.712891 0.599609
0 0.765625 0.607422 0.763672 0.609375 0.763672 0.613281 0.769531 0.619141 0.775391 0.619141 0.779297 0.615234 0.779297 0.611328 0.773438 0.605469 0.769531 0.605469 0.767578 0.607422
0 0.560547 0.613281 0.558594 0.619141 0.583984 0.636719 0.585938 0.660156 0.609375 0.648438 0.611328 0.634766 0.607422 0.626953 0.613281 0.621094 0.611328 0.613281 0.605469 0.611328 0.601562 0.615234 0.601562 0.621094 0.589844 0.626953 0.574219 0.613281
0 0.664062 0.611328 0.662109 0.613281 0.666016 0.617188 0.667969 0.615234 0.667969 0.613281 0.666016 0.611328
0 0.501953 0.619141 0.500000 0.621094 0.500000 0.623047 0.501953 0.625000 0.503906 0.625000 0.505859 0.623047 0.505859 0.621094 0.503906 0.619141
0 0.685547 0.621094 0.683594 0.623047 0.681641 0.623047 0.679688 0.625000 0.681641 0.626953 0.683594 0.626953 0.685547 0.628906 0.687500 0.626953 0.687500 0.623047
0 0.882812 0.623047 0.878906 0.623047 0.876953 0.625000 0.876953 0.628906 0.880859 0.632812 0.884766 0.628906 0.884766 0.625000
0 0.433594 0.628906 0.429688 0.632812 0.429688 0.644531 0.435547 0.650391 0.437500 0.650391 0.439453 0.652344 0.443359 0.652344 0.447266 0.646484 0.447266 0.638672 0.445312 0.636719 0.445312 0.634766 0.439453 0.628906
1 0.525391 0.628906 0.521484 0.632812 0.521484 0.634766 0.529297 0.644531 0.533203 0.652344 0.531250 0.662109 0.535156 0.666016 0.544922 0.667969 0.546875 0.666016 0.546875 0.660156 0.541016 0.652344 0.539062 0.642578 0.535156 0.638672 0.533203 0.632812 0.529297 0.628906
0 0.791016 0.648438 0.789062 0.648438 0.787109 0.650391 0.787109 0.652344 0.785156 0.654297 0.789062 0.658203 0.794922 0.652344
0 0.894531 0.658203 0.890625 0.662109 0.894531 0.666016 0.896484 0.664062 0.896484 0.660156
0 0.271484 0.664062 0.267578 0.667969 0.267578 0.671875 0.269531 0.673828 0.271484 0.673828 0.275391 0.669922 0.275391 0.667969
0 0.880859 0.669922 0.878906 0.669922 0.875000 0.673828 0.875000 0.675781 0.876953 0.677734 0.880859 0.677734 0.882812 0.675781 0.882812 0.671875
0 0.835938 0.677734 0.832031 0.681641 0.835938 0.685547 0.837891 0.685547 0.841797 0.681641 0.837891 0.677734
1 0.912109 0.695312 0.912109 0.699219 0.919922 0.707031 0.921875 0.707031 0.923828 0.705078 0.925781 0.707031 0.927734 0.707031 0.933594 0.712891 0.937500 0.712891 0.941406 0.708984 0.941406 0.707031 0.937500 0.703125 0.933594 0.703125 0.927734 0.697266 0.927734 0.693359 0.921875 0.689453 0.917969 0.689453
0 0.583984 0.695312 0.582031 0.697266 0.582031 0.699219 0.587891 0.705078 0.589844 0.703125 0.589844 0.701172 0.587891 0.699219 0.587891 0.697266 0.585938 0.695312
0 0.603516 0.701172 0.601562 0.703125 0.603516 0.705078 0.605469 0.703125
0 0.636719 0.701172 0.634766 0.699219 0.632812 0.699219 0.628906 0.703125 0.626953 0.703125 0.623047 0.707031 0.623047 0.708984 0.625000 0.710938 0.630859 0.710938 0.636719 0.705078
0 0.849609 0.708984 0.843750 0.714844 0.843750 0.716797 0.845703 0.718750 0.845703 0.720703 0.851562 0.726562 0.855469 0.726562 0.861328 0.720703 0.861328 0.716797 0.853516 0.708984
0 0.962891 0.707031 0.957031 0.708984 0.949219 0.716797 0.947266 0.722656 0.949219 0.726562 0.947266 0.728516 0.949219 0.730469 0.947266 0.732422 0.960938 0.748047 0.966797 0.750000 0.976562 0.744141 0.982422 0.732422 0.982422 0.720703 0.974609 0.710938
0 0.222656 0.714844 0.220703 0.716797 0.220703 0.718750 0.224609 0.722656 0.228516 0.722656 0.230469 0.720703 0.230469 0.716797 0.228516 0.714844
1 0.619141 0.720703 0.617188 0.718750 0.609375 0.718750 0.607422 0.720703 0.601562 0.720703 0.597656 0.724609 0.601562 0.728516 0.603516 0.726562 0.605469 0.726562 0.611328 0.722656 0.615234 0.726562 0.619141 0.722656
0 0.742188 0.720703 0.738281 0.724609 0.738281 0.726562 0.742188 0.730469 0.746094 0.730469 0.750000 0.726562 0.750000 0.724609 0.746094 0.720703
0 0.326172 0.724609 0.322266 0.728516 0.322266 0.734375 0.328125 0.740234 0.332031 0.740234 0.337891 0.734375 0.337891 0.732422 0.335938 0.730469 0.335938 0.728516 0.332031 0.724609
0 0.564453 0.722656 0.562500 0.724609 0.562500 0.726562 0.564453 0.728516 0.566406 0.726562 0.566406 0.724609
0 0.814453 0.724609 0.812500 0.726562 0.812500 0.732422 0.814453 0.734375 0.816406 0.734375 0.818359 0.732422 0.818359 0.728516
0 0.677734 0.726562 0.671875 0.732422 0.671875 0.738281 0.673828 0.740234 0.677734 0.740234 0.681641 0.736328 0.681641 0.732422 0.679688 0.730469 0.679688 0.728516
0 0.748047 0.738281 0.746094 0.740234 0.746094 0.742188 0.748047 0.744141 0.750000 0.744141 0.751953 0.742188
0 0.359375 0.742188 0.357422 0.744141 0.357422 0.748047 0.359375 0.750000 0.363281 0.750000 0.365234 0.748047 0.365234 0.746094 0.361328 0.742188
0 0.771484 0.748047 0.769531 0.750000 0.769531 0.751953 0.771484 0.753906 0.773438 0.753906 0.775391 0.751953 0.775391 0.750000 0.773438 0.748047
0 0.097656 0.750000 0.093750 0.753906 0.097656 0.757812 0.101562 0.757812 0.103516 0.755859 0.103516 0.753906 0.099609 0.750000
0 0.771484 0.767578 0.765625 0.767578 0.757812 0.773438 0.755859 0.791016 0.761719 0.796875 0.767578 0.792969 0.771484 0.794922 0.781250 0.787109 0.779297 0.783203 0.781250 0.781250
0 0.582031 0.773438 0.578125 0.771484 0.568359 0.773438 0.562500 0.779297 0.562500 0.785156 0.550781 0.796875 0.552734 0.800781 0.548828 0.810547 0.550781 0.814453 0.556641 0.812500 0.554688 0.808594 0.560547 0.802734 0.578125 0.814453 0.591797 0.814453 0.597656 0.806641 0.595703 0.791016
1 0.947266 0.773438 0.943359 0.775391 0.943359 0.781250 0.945312 0.783203 0.943359 0.787109 0.933594 0.794922 0.933594 0.796875 0.929688 0.800781 0.925781 0.808594 0.919922 0.814453 0.917969 0.814453 0.910156 0.808594 0.906250 0.808594 0.902344 0.812500 0.902344 0.820312 0.908203 0.826172 0.914062 0.826172 0.921875 0.816406 0.927734 0.818359 0.931641 0.814453 0.931641 0.808594 0.937500 0.802734 0.939453 0.802734 0.947266 0.808594 0.951172 0.804688 0.951172 0.792969 0.947266 0.789062 0.947266 0.785156 0.949219 0.783203 0.949219 0.775391
0 0.677734 0.779297 0.677734 0.781250 0.681641 0.785156 0.685547 0.785156 0.689453 0.781250 0.685547 0.777344 0.679688 0.777344
0 0.791016 0.785156 0.796875 0.791016 0.798828 0.789062 0.800781 0.789062 0.804688 0.785156 0.806641 0.785156 0.810547 0.781250 0.808594 0.779297 0.800781 0.779297 0.798828 0.777344 0.794922 0.777344 0.791016 0.781250
0 0.322266 0.792969 0.318359 0.796875 0.318359 0.800781 0.324219 0.806641 0.326172 0.806641 0.330078 0.802734 0.330078 0.800781 0.328125 0.798828 0.328125 0.796875 0.324219 0.792969
0 0.849609 0.800781 0.845703 0.800781 0.841797 0.804688 0.841797 0.808594 0.847656 0.814453 0.853516 0.808594 0.853516 0.804688
0 0.748047 0.810547 0.746094 0.812500 0.746094 0.814453 0.751953 0.820312 0.753906 0.820312 0.757812 0.816406 0.757812 0.814453 0.753906 0.810547
0 0.984375 0.820312 0.980469 0.824219 0.980469 0.832031 0.986328 0.837891 0.992188 0.837891 0.998047 0.841797 0.998047 0.820312
0 0.894531 0.826172 0.890625 0.826172 0.888672 0.828125 0.886719 0.828125 0.878906 0.835938 0.878906 0.843750 0.882812 0.847656 0.884766 0.847656 0.886719 0.845703 0.894531 0.845703 0.900391 0.839844 0.900391 0.833984 0.898438 0.832031 0.898438 0.830078
0 0.734375 0.830078 0.732422 0.830078 0.728516 0.833984 0.728516 0.837891 0.730469 0.839844 0.732422 0.839844 0.734375 0.837891 0.736328 0.837891 0.738281 0.835938 0.736328 0.833984 0.736328 0.832031
0 0.841797 0.832031 0.837891 0.828125 0.835938 0.828125 0.832031 0.832031 0.832031 0.833984 0.833984 0.835938 0.837891 0.835938
0 0.509766 0.833984 0.507812 0.833984 0.505859 0.835938 0.503906 0.835938 0.501953 0.837891 0.501953 0.841797 0.505859 0.845703 0.507812 0.845703 0.513672 0.839844 0.513672 0.837891
0 0.960938 0.833984 0.957031 0.837891 0.957031 0.839844 0.958984 0.841797 0.958984 0.843750 0.960938 0.845703 0.966797 0.845703 0.970703 0.841797 0.970703 0.837891 0.966797 0.833984
0 0.585938 0.839844 0.583984 0.841797 0.583984 0.849609 0.585938 0.851562 0.589844 0.851562 0.593750 0.847656 0.593750 0.843750 0.589844 0.839844
0 0.746094 0.841797 0.742188 0.847656 0.744141 0.849609 0.740234 0.853516 0.740234 0.861328 0.748047 0.867188 0.757812 0.867188 0.763672 0.861328 0.763672 0.859375 0.765625 0.857422 0.763672 0.855469 0.763672 0.853516 0.757812 0.847656 0.755859 0.847656
1 0.863281 0.839844 0.859375 0.843750 0.861328 0.845703 0.861328 0.847656 0.865234 0.851562 0.865234 0.853516 0.867188 0.855469 0.867188 0.859375 0.869141 0.861328 0.873047 0.861328 0.876953 0.857422 0.875000 0.855469 0.875000 0.853516 0.873047 0.851562 0.873047 0.849609 0.871094 0.847656 0.871094 0.845703 0.865234 0.839844
0 0.617188 0.845703 0.613281 0.845703 0.611328 0.847656 0.611328 0.849609 0.615234 0.853516 0.619141 0.849609 0.619141 0.847656
0 0.779297 0.849609 0.781250 0.851562 0.783203 0.849609 0.785156 0.849609 0.787109 0.847656 0.785156 0.845703 0.783203 0.847656 0.781250 0.845703 0.779297 0.847656
0 0.851562 0.851562 0.843750 0.851562 0.837891 0.855469 0.837891 0.857422 0.833984 0.863281 0.833984 0.867188 0.832031 0.869141 0.832031 0.873047 0.833984 0.875000 0.835938 0.875000 0.837891 0.876953 0.845703 0.876953 0.851562 0.871094 0.851562 0.867188 0.853516 0.865234 0.853516 0.859375 0.855469 0.857422
0 0.775391 0.861328 0.773438 0.863281 0.773438 0.865234 0.775391 0.867188 0.777344 0.867188 0.779297 0.865234 0.779297 0.863281 0.777344 0.861328
0 0.939453 0.861328 0.937500 0.861328 0.935547 0.863281 0.935547 0.865234 0.937500 0.867188 0.941406 0.863281
0 0.732422 0.878906 0.728516 0.878906 0.724609 0.882812 0.724609 0.886719 0.722656 0.888672 0.722656 0.890625 0.724609 0.892578 0.724609 0.896484 0.726562 0.898438 0.730469 0.898438 0.734375 0.894531 0.734375 0.888672 0.736328 0.886719 0.734375 0.884766 0.734375 0.880859
0 0.746094 0.886719 0.744141 0.888672 0.746094 0.890625 0.748047 0.888672
0 0.886719 0.886719 0.882812 0.890625 0.882812 0.896484 0.886719 0.900391 0.890625 0.900391 0.894531 0.896484 0.894531 0.890625 0.890625 0.886719
0 0.923828 0.894531 0.921875 0.896484 0.925781 0.900391 0.927734 0.900391 0.929688 0.898438 0.925781 0.894531
0 0.857422 0.904297 0.849609 0.904297 0.839844 0.912109 0.833984 0.910156 0.830078 0.917969 0.830078 0.925781 0.833984 0.929688 0.843750 0.929688 0.847656 0.933594 0.847656 0.941406 0.849609 0.943359 0.865234 0.939453 0.873047 0.931641 0.873047 0.927734 0.859375 0.916016 0.861328 0.910156
0 0.916016 0.904297 0.914062 0.904297 0.910156 0.908203 0.910156 0.912109 0.912109 0.914062 0.916016 0.914062 0.919922 0.910156 0.919922 0.908203
0 0.679688 0.917969 0.683594 0.921875 0.685547 0.921875 0.691406 0.927734 0.693359 0.927734 0.699219 0.921875 0.699219 0.919922 0.693359 0.914062 0.689453 0.914062 0.687500 0.916016 0.681641 0.916016
0 0.972656 0.937500 0.968750 0.937500 0.964844 0.941406 0.964844 0.947266 0.968750 0.951172 0.970703 0.951172 0.974609 0.947266 0.974609 0.939453
1 0.890625 0.972656 0.884766 0.978516 0.884766 0.986328 0.886719 0.988281 0.886719 0.996094 0.884766 0.998047 0.894531 0.998047 0.894531 0.992188 0.896484 0.990234 0.896484 0.986328 0.898438 0.984375 0.896484 0.978516
0 0.701172 0.990234 0.701172 0.998047 0.712891 0.998047 0.712891 0.992188 0.708984 0.988281 0.703125 0.988281
1 0.589844 0.998047 0.601562 0.998047 0.599609 0.996094 0.597656 0.996094 0.595703 0.994141 0.593750 0.994141
