1 0.000000 0.093750 0.000000 0.146484 0.056641 0.105469 0.089844 0.126953 0.050781 0.140625 0.101562 0.156250 0.097656 0.208984 0.001953 0.269531 0.000000 0.390625 0.048828 0.375000 0.000000 0.425781 0.021484 0.656250 0.144531 0.679688 0.128906 0.802734 0.207031 0.751953 0.289062 0.769531 0.292969 0.898438 0.333984 0.826172 0.404297 0.812500 0.408203 0.855469 0.367188 0.832031 0.392578 0.863281 0.353516 0.873047 0.396484 0.980469 0.345703 0.998047 0.433594 0.998047 0.425781 0.804688 0.333984 0.808594 0.267578 0.724609 0.193359 0.732422 0.250000 0.666016 0.390625 0.669922 0.392578 0.595703 0.322266 0.490234 0.347656 0.466797 0.193359 0.529297 0.224609 0.310547 0.197266 0.294922 0.171875 0.429688 0.123047 0.357422 0.105469 0.376953 0.099609 0.345703 0.193359 0.294922 0.060547 0.326172 0.138672 0.175781 0.078125 0.105469
0 0.216797 0.111328 0.214844 0.113281 0.214844 0.115234 0.216797 0.117188 0.218750 0.115234 0.218750 0.113281
0 0.304688 0.150391 0.302734 0.152344 0.302734 0.154297 0.304688 0.156250 0.308594 0.156250 0.310547 0.154297 0.310547 0.152344 0.308594 0.150391
0 0.039062 0.167969 0.033203 0.164062 0.027344 0.166016 0.023438 0.162109 0.015625 0.160156 0.013672 0.162109 0.000000 0.162109 0.000000 0.205078 0.007812 0.195312 0.003906 0.191406 0.003906 0.187500 0.011719 0.179688 0.025391 0.173828 0.029297 0.175781
0 0.546875 0.177734 0.542969 0.181641 0.544922 0.183594 0.544922 0.185547 0.546875 0.187500 0.552734 0.187500 0.554688 0.185547 0.554688 0.181641 0.550781 0.177734
0 0.011719 0.205078 0.007812 0.208984 0.009766 0.210938 0.011719 0.210938 0.013672 0.208984 0.013672 0.207031
0 0.984375 0.212891 0.978516 0.218750 0.982422 0.222656 0.988281 0.222656 0.990234 0.220703 0.990234 0.218750
0 0.865234 0.228516 0.859375 0.234375 0.861328 0.236328 0.861328 0.238281 0.863281 0.240234 0.869141 0.240234 0.873047 0.236328 0.873047 0.232422 0.869141 0.228516
0 0.890625 0.285156 0.886719 0.289062 0.890625 0.292969 0.894531 0.289062
0 0.640625 0.308594 0.636719 0.312500 0.636719 0.314453 0.638672 0.316406 0.638672 0.318359 0.640625 0.320312 0.646484 0.320312 0.650391 0.316406 0.650391 0.314453 0.644531 0.308594
0 0.828125 0.308594 0.826172 0.310547 0.830078 0.314453 0.832031 0.314453 0.833984 0.312500 0.833984 0.310547 0.832031 0.308594
0 0.933594 0.308594 0.929688 0.312500 0.929688 0.316406 0.933594 0.320312 0.935547 0.320312 0.937500 0.318359 0.937500 0.312500
0 0.710938 0.333984 0.708984 0.335938 0.708984 0.341797 0.710938 0.343750 0.712891 0.343750 0.716797 0.339844 0.716797 0.337891 0.712891 0.333984
0 0.259766 0.355469 0.257812 0.355469 0.251953 0.359375 0.251953 0.361328 0.250000 0.363281 0.250000 0.367188 0.248047 0.369141 0.248047 0.373047 0.250000 0.375000 0.250000 0.376953 0.255859 0.382812 0.259766 0.382812 0.261719 0.380859 0.263672 0.380859 0.269531 0.375000 0.269531 0.367188 0.267578 0.365234 0.265625 0.359375
1 0.769531 0.361328 0.769531 0.369141 0.779297 0.376953 0.787109 0.375000 0.796875 0.367188 0.802734 0.371094 0.808594 0.367188 0.804688 0.361328 0.802734 0.361328 0.796875 0.367188 0.783203 0.355469 0.775391 0.355469
0 0.433594 0.359375 0.427734 0.365234 0.427734 0.369141 0.433594 0.375000 0.441406 0.375000 0.447266 0.369141 0.447266 0.365234 0.441406 0.359375
0 0.675781 0.359375 0.673828 0.361328 0.673828 0.363281 0.675781 0.365234 0.677734 0.365234 0.679688 0.363281 0.679688 0.361328 0.677734 0.359375
1 0.222656 0.412109 0.222656 0.417969 0.236328 0.435547 0.251953 0.441406 0.269531 0.462891 0.275391 0.462891 0.283203 0.451172 0.300781 0.451172 0.304688 0.447266 0.304688 0.441406 0.291016 0.433594 0.281250 0.433594 0.275391 0.439453 0.267578 0.437500 0.236328 0.404297
0 0.357422 0.402344 0.353516 0.406250 0.353516 0.412109 0.357422 0.416016 0.359375 0.416016 0.363281 0.412109 0.363281 0.406250 0.359375 0.402344
0 0.740234 0.402344 0.734375 0.406250 0.734375 0.408203 0.732422 0.410156 0.732422 0.416016 0.738281 0.421875 0.744141 0.421875 0.750000 0.417969 0.750000 0.416016 0.751953 0.414062 0.751953 0.408203 0.746094 0.402344
0 0.414062 0.406250 0.410156 0.406250 0.408203 0.408203 0.406250 0.408203 0.404297 0.410156 0.404297 0.414062 0.408203 0.417969 0.410156 0.416016 0.412109 0.416016 0.416016 0.412109 0.416016 0.408203
0 0.669922 0.439453 0.667969 0.441406 0.667969 0.443359 0.671875 0.447266 0.675781 0.443359 0.671875 0.439453
0 0.738281 0.439453 0.736328 0.441406 0.736328 0.445312 0.738281 0.447266 0.740234 0.447266 0.744141 0.443359 0.740234 0.439453
0 0.308594 0.468750 0.304688 0.464844 0.302734 0.464844 0.300781 0.462891 0.291016 0.468750 0.289062 0.466797 0.287109 0.468750 0.285156 0.468750 0.283203 0.470703 0.283203 0.472656 0.285156 0.474609 0.287109 0.474609 0.289062 0.476562 0.292969 0.476562 0.294922 0.478516 0.302734 0.478516 0.308594 0.472656
0 0.597656 0.464844 0.595703 0.466797 0.597656 0.468750 0.599609 0.468750 0.601562 0.466797 0.599609 0.464844
0 0.689453 0.464844 0.687500 0.466797 0.687500 0.468750 0.689453 0.470703 0.691406 0.470703 0.693359 0.468750 0.693359 0.466797 0.691406 0.464844
0 0.552734 0.480469 0.548828 0.480469 0.546875 0.482422 0.546875 0.484375 0.544922 0.486328 0.548828 0.490234 0.554688 0.484375 0.554688 0.482422
0 0.927734 0.488281 0.923828 0.488281 0.921875 0.490234 0.921875 0.494141 0.925781 0.498047 0.931641 0.492188
0 0.736328 0.492188 0.734375 0.494141 0.736328 0.496094 0.738281 0.494141
0 0.228516 0.503906 0.226562 0.505859 0.226562 0.507812 0.228516 0.509766 0.230469 0.509766 0.232422 0.507812 0.232422 0.505859 0.230469 0.503906
0 0.970703 0.509766 0.968750 0.511719 0.968750 0.513672 0.970703 0.515625 0.972656 0.513672 0.972656 0.511719
0 0.466797 0.517578 0.464844 0.519531 0.466797 0.521484 0.468750 0.521484 0.470703 0.519531 0.468750 0.517578
0 0.943359 0.531250 0.939453 0.535156 0.939453 0.539062 0.941406 0.541016 0.943359 0.541016 0.947266 0.537109 0.947266 0.535156
0 0.521484 0.541016 0.519531 0.542969 0.519531 0.544922 0.521484 0.546875 0.523438 0.546875 0.525391 0.544922
0 0.800781 0.544922 0.798828 0.546875 0.798828 0.548828 0.802734 0.552734 0.806641 0.552734 0.808594 0.550781 0.808594 0.548828 0.804688 0.544922
0 0.681641 0.550781 0.679688 0.552734 0.677734 0.552734 0.675781 0.554688 0.675781 0.558594 0.679688 0.562500 0.685547 0.556641 0.685547 0.554688
0 0.853516 0.558594 0.851562 0.558594 0.847656 0.562500 0.851562 0.566406 0.855469 0.562500 0.855469 0.560547
0 0.757812 0.574219 0.753906 0.574219 0.750000 0.578125 0.750000 0.585938 0.751953 0.587891 0.753906 0.587891 0.755859 0.589844 0.757812 0.587891 0.759766 0.587891 0.761719 0.585938 0.761719 0.578125
0 0.289062 0.578125 0.287109 0.580078 0.287109 0.582031 0.289062 0.583984 0.291016 0.583984 0.292969 0.582031
0 0.289062 0.591797 0.287109 0.593750 0.287109 0.595703 0.289062 0.597656 0.291016 0.597656 0.292969 0.595703 0.292969 0.593750 0.291016 0.591797
0 0.867188 0.595703 0.863281 0.599609 0.863281 0.603516 0.865234 0.605469 0.867188 0.605469 0.869141 0.607422 0.873047 0.603516 0.873047 0.601562
0 0.658203 0.597656 0.654297 0.601562 0.654297 0.613281 0.656250 0.615234 0.656250 0.617188 0.662109 0.621094 0.667969 0.615234 0.667969 0.607422 0.666016 0.605469 0.666016 0.603516 0.660156 0.597656
0 0.482422 0.601562 0.476562 0.601562 0.474609 0.603516 0.474609 0.607422 0.478516 0.611328 0.480469 0.609375 0.482422 0.609375 0.484375 0.607422 0.484375 0.603516
1 0.726562 0.605469 0.724609 0.607422 0.724609 0.609375 0.726562 0.611328 0.726562 0.617188 0.724609 0.619141 0.724609 0.625000 0.728516 0.628906 0.732422 0.628906 0.740234 0.634766 0.742188 0.632812 0.738281 0.628906 0.738281 0.625000 0.732422 0.617188 0.732422 0.615234 0.728516 0.611328 0.728516 0.607422
0 0.769531 0.619141 0.765625 0.623047 0.765625 0.626953 0.769531 0.630859 0.771484 0.630859 0.775391 0.626953 0.775391 0.623047 0.771484 0.619141
0 0.677734 0.634766 0.675781 0.636719 0.673828 0.634766 0.669922 0.638672 0.669922 0.644531 0.671875 0.646484 0.675781 0.646484 0.681641 0.640625 0.681641 0.638672
0 0.902344 0.634766 0.898438 0.638672 0.902344 0.642578 0.906250 0.642578 0.908203 0.640625 0.908203 0.636719 0.906250 0.634766
0 0.513672 0.648438 0.509766 0.652344 0.513672 0.656250 0.515625 0.656250 0.517578 0.654297 0.517578 0.650391 0.515625 0.648438
0 0.703125 0.654297 0.699219 0.658203 0.699219 0.666016 0.701172 0.667969 0.701172 0.671875 0.707031 0.675781 0.710938 0.675781 0.714844 0.671875 0.716797 0.671875 0.718750 0.669922 0.718750 0.667969 0.720703 0.666016 0.720703 0.662109 0.714844 0.656250 0.712891 0.656250 0.710938 0.654297
0 0.830078 0.652344 0.828125 0.654297 0.830078 0.656250 0.832031 0.654297
0 0.613281 0.656250 0.607422 0.662109 0.607422 0.664062 0.613281 0.669922 0.615234 0.669922 0.619141 0.666016 0.619141 0.662109
0 0.753906 0.660156 0.751953 0.662109 0.751953 0.664062 0.753906 0.666016 0.755859 0.666016 0.757812 0.664062 0.757812 0.662109 0.755859 0.660156
0 0.400391 0.666016 0.398438 0.667969 0.398438 0.671875 0.396484 0.673828 0.396484 0.675781 0.392578 0.679688 0.394531 0.681641 0.404297 0.681641 0.410156 0.687500 0.416016 0.689453 0.417969 0.687500 0.417969 0.679688 0.419922 0.677734 0.419922 0.673828 0.417969 0.671875 0.417969 0.669922 0.410156 0.664062
0 0.640625 0.669922 0.638672 0.671875 0.638672 0.673828 0.640625 0.675781 0.642578 0.673828 0.642578 0.671875
0 0.525391 0.675781 0.521484 0.679688 0.521484 0.681641 0.527344 0.687500 0.531250 0.683594 0.531250 0.679688 0.527344 0.675781
0 0.562500 0.675781 0.558594 0.679688 0.560547 0.681641 0.562500 0.681641 0.564453 0.679688 0.564453 0.677734
0 0.259766 0.683594 0.255859 0.687500 0.255859 0.689453 0.257812 0.691406 0.261719 0.691406 0.263672 0.693359 0.265625 0.693359 0.267578 0.691406 0.267578 0.689453 0.263672 0.685547 0.261719 0.685547
0 0.337891 0.697266 0.335938 0.699219 0.333984 0.699219 0.332031 0.701172 0.332031 0.705078 0.335938 0.708984 0.337891 0.708984 0.341797 0.705078 0.341797 0.701172
0 0.748047 0.699219 0.742188 0.703125 0.742188 0.714844 0.746094 0.720703 0.748047 0.720703 0.750000 0.722656 0.755859 0.722656 0.761719 0.716797 0.761719 0.714844 0.763672 0.712891 0.763672 0.708984 0.761719 0.707031 0.761719 0.705078 0.757812 0.701172 0.755859 0.701172 0.753906 0.699219
0 0.884766 0.701172 0.882812 0.703125 0.882812 0.705078 0.884766 0.707031 0.886719 0.707031 0.888672 0.705078 0.888672 0.703125 0.886719 0.701172
1 0.998047 0.701172 0.996094 0.703125 0.996094 0.705078 0.998047 0.707031
0 0.560547 0.703125 0.558594 0.703125 0.550781 0.710938 0.550781 0.714844 0.552734 0.716797 0.552734 0.718750 0.554688 0.720703 0.558594 0.720703 0.566406 0.712891 0.566406 0.708984
0 0.355469 0.707031 0.353516 0.708984 0.355469 0.710938 0.357422 0.710938 0.359375 0.708984 0.357422 0.707031
0 0.804688 0.707031 0.802734 0.708984 0.802734 0.710938 0.812500 0.720703 0.814453 0.720703 0.818359 0.716797 0.818359 0.712891 0.812500 0.707031
0 0.322266 0.722656 0.320312 0.724609 0.322266 0.726562 0.324219 0.726562 0.326172 0.724609 0.324219 0.722656
0 0.486328 0.740234 0.484375 0.742188 0.484375 0.746094 0.488281 0.750000 0.492188 0.746094 0.492188 0.744141 0.488281 0.740234
0 0.523438 0.738281 0.521484 0.740234 0.521484 0.742188 0.519531 0.744141 0.523438 0.748047 0.529297 0.748047 0.531250 0.746094 0.531250 0.742188 0.527344 0.738281
1 0.781250 0.744141 0.777344 0.744141 0.763672 0.757812 0.763672 0.759766 0.767578 0.763672 0.773438 0.757812 0.775391 0.757812 0.777344 0.755859 0.779297 0.757812 0.781250 0.757812 0.785156 0.753906 0.785156 0.748047
0 0.589844 0.751953 0.580078 0.759766 0.578125 0.763672 0.578125 0.771484 0.583984 0.783203 0.589844 0.789062 0.593750 0.791016 0.599609 0.789062 0.601562 0.791016 0.611328 0.781250 0.613281 0.775391 0.611328 0.771484 0.613281 0.769531 0.605469 0.755859 0.597656 0.751953
0 0.369141 0.755859 0.363281 0.761719 0.363281 0.769531 0.365234 0.771484 0.365234 0.775391 0.367188 0.777344 0.367188 0.779297 0.369141 0.781250 0.371094 0.781250 0.376953 0.775391 0.376953 0.773438 0.378906 0.771484 0.378906 0.763672 0.373047 0.757812 0.371094 0.757812
0 0.480469 0.759766 0.476562 0.763672 0.476562 0.765625 0.480469 0.769531 0.482422 0.769531 0.486328 0.765625 0.486328 0.763672 0.484375 0.761719 0.482422 0.761719
0 0.685547 0.763672 0.683594 0.765625 0.683594 0.767578 0.687500 0.771484 0.691406 0.767578 0.687500 0.763672
1 0.732422 0.771484 0.730469 0.773438 0.732422 0.781250 0.728516 0.785156 0.726562 0.794922 0.742188 0.814453 0.736328 0.824219 0.736328 0.833984 0.742188 0.839844 0.751953 0.839844 0.757812 0.833984 0.759766 0.824219 0.744141 0.808594 0.744141 0.798828 0.748047 0.794922 0.746094 0.792969 0.748047 0.789062 0.740234 0.775391
0 0.822266 0.773438 0.818359 0.769531 0.816406 0.769531 0.814453 0.771484 0.812500 0.771484 0.810547 0.773438 0.810547 0.775391 0.812500 0.777344 0.818359 0.777344
0 0.332031 0.779297 0.326172 0.785156 0.326172 0.791016 0.330078 0.796875 0.333984 0.796875 0.335938 0.798828 0.341797 0.792969 0.341797 0.785156 0.335938 0.779297
1 0.679688 0.785156 0.664062 0.783203 0.656250 0.791016 0.654297 0.798828 0.644531 0.806641 0.642578 0.826172 0.646484 0.830078 0.658203 0.822266 0.656250 0.810547 0.662109 0.804688 0.679688 0.806641 0.685547 0.800781 0.685547 0.791016
0 0.773438 0.781250 0.771484 0.783203 0.773438 0.785156 0.775391 0.783203
0 0.539062 0.785156 0.535156 0.789062 0.539062 0.792969 0.542969 0.789062
0 0.564453 0.791016 0.560547 0.794922 0.564453 0.798828 0.566406 0.798828 0.568359 0.796875 0.568359 0.794922
0 0.863281 0.796875 0.863281 0.806641 0.873047 0.816406 0.888672 0.826172 0.908203 0.828125 0.919922 0.816406 0.916016 0.804688 0.898438 0.794922 0.890625 0.792969 0.882812 0.794922 0.876953 0.791016 0.869141 0.791016
0 0.798828 0.794922 0.794922 0.798828 0.794922 0.800781 0.792969 0.802734 0.792969 0.806641 0.794922 0.808594 0.794922 0.810547 0.800781 0.816406 0.802734 0.814453 0.804688 0.816406 0.806641 0.814453 0.808594 0.814453 0.814453 0.808594 0.814453 0.802734 0.808594 0.796875 0.806641 0.796875 0.804688 0.794922
0 0.621094 0.810547 0.617188 0.814453 0.617188 0.816406 0.619141 0.818359 0.623047 0.818359 0.625000 0.816406 0.625000 0.814453
0 0.798828 0.826172 0.796875 0.828125 0.798828 0.830078 0.800781 0.828125
0 0.843750 0.837891 0.839844 0.843750 0.843750 0.861328 0.851562 0.869141 0.855469 0.869141 0.857422 0.871094 0.859375 0.869141 0.865234 0.869141 0.873047 0.863281 0.873047 0.851562 0.871094 0.847656 0.853516 0.833984 0.849609 0.833984
0 0.583984 0.837891 0.582031 0.839844 0.578125 0.839844 0.574219 0.843750 0.574219 0.847656 0.580078 0.853516 0.583984 0.853516 0.589844 0.847656 0.589844 0.843750
0 0.527344 0.841797 0.525391 0.843750 0.527344 0.845703 0.529297 0.845703 0.531250 0.843750 0.529297 0.841797
0 0.792969 0.843750 0.789062 0.847656 0.789062 0.849609 0.792969 0.853516 0.794922 0.853516 0.798828 0.849609 0.798828 0.847656 0.794922 0.843750
0 0.658203 0.847656 0.654297 0.851562 0.654297 0.859375 0.660156 0.865234 0.662109 0.865234 0.667969 0.859375 0.667969 0.851562 0.664062 0.847656
0 0.777344 0.855469 0.775391 0.857422 0.775391 0.859375 0.777344 0.861328 0.775391 0.863281 0.775391 0.867188 0.777344 0.869141 0.785156 0.869141 0.789062 0.865234 0.789062 0.863281 0.785156 0.859375 0.783203 0.859375 0.779297 0.855469
0 0.544922 0.865234 0.546875 0.867188 0.548828 0.867188 0.550781 0.869141 0.552734 0.869141 0.558594 0.863281 0.556641 0.861328 0.546875 0.861328 0.544922 0.863281
0 0.734375 0.859375 0.732422 0.861328 0.732422 0.867188 0.736328 0.871094 0.740234 0.871094 0.742188 0.869141 0.742188 0.863281 0.738281 0.859375
0 0.699219 0.863281 0.695312 0.867188 0.695312 0.869141 0.699219 0.873047 0.703125 0.873047 0.707031 0.869141 0.707031 0.867188 0.703125 0.863281
0 0.955078 0.869141 0.949219 0.876953 0.949219 0.890625 0.957031 0.896484 0.962891 0.896484 0.970703 0.888672 0.970703 0.878906 0.964844 0.871094 0.962891 0.871094 0.960938 0.869141
1 0.998047 0.880859 0.992188 0.886719 0.992188 0.888672 0.990234 0.890625 0.990234 0.902344 0.998047 0.910156
0 0.630859 0.882812 0.628906 0.884766 0.630859 0.886719 0.632812 0.886719 0.634766 0.884766 0.632812 0.882812
0 0.671875 0.884766 0.664062 0.888672 0.660156 0.896484 0.660156 0.904297 0.666016 0.919922 0.673828 0.925781 0.679688 0.925781 0.691406 0.916016 0.697266 0.916016 0.699219 0.914062 0.695312 0.902344 0.687500 0.890625 0.677734 0.884766 0.673828 0.886719
0 0.619141 0.892578 0.615234 0.896484 0.615234 0.902344 0.617188 0.904297 0.623047 0.904297 0.625000 0.902344 0.625000 0.896484 0.621094 0.892578
0 0.773438 0.890625 0.767578 0.896484 0.767578 0.904297 0.769531 0.906250 0.771484 0.912109 0.773438 0.914062 0.779297 0.916016 0.785156 0.910156 0.785156 0.904297 0.781250 0.898438 0.781250 0.894531 0.779297 0.892578
0 0.933594 0.900391 0.931641 0.900391 0.929688 0.898438 0.925781 0.898438 0.923828 0.900391 0.921875 0.900391 0.916016 0.906250 0.916016 0.919922 0.917969 0.921875 0.919922 0.921875 0.921875 0.919922 0.931641 0.919922 0.937500 0.916016 0.937500 0.904297
0 0.761719 0.914062 0.759766 0.916016 0.763672 0.919922 0.765625 0.917969
0 0.837891 0.916016 0.833984 0.919922 0.835938 0.921875 0.837891 0.921875 0.839844 0.919922 0.839844 0.917969
0 0.980469 0.916016 0.976562 0.919922 0.980469 0.923828 0.982422 0.923828 0.984375 0.921875 0.984375 0.919922
0 0.861328 0.917969 0.859375 0.919922 0.859375 0.923828 0.863281 0.927734 0.867188 0.923828 0.867188 0.921875 0.863281 0.917969
0 0.808594 0.927734 0.806641 0.929688 0.806641 0.931641 0.804688 0.933594 0.804688 0.935547 0.808594 0.939453 0.812500 0.939453 0.814453 0.937500 0.814453 0.931641 0.810547 0.927734
1 0.482422 0.937500 0.490234 0.968750 0.501953 0.976562 0.527344 0.968750 0.533203 0.974609 0.535156 0.998047 0.585938 0.998047 0.589844 0.970703 0.580078 0.957031 0.554688 0.960938 0.533203 0.957031 0.513672 0.933594 0.503906 0.929688 0.488281 0.931641
0 0.718750 0.933594 0.714844 0.939453 0.714844 0.947266 0.720703 0.953125 0.726562 0.953125 0.728516 0.951172 0.730469 0.951172 0.734375 0.947266 0.734375 0.945312 0.736328 0.943359 0.734375 0.937500 0.730469 0.933594
0 0.677734 0.941406 0.673828 0.947266 0.673828 0.951172 0.679688 0.960938 0.687500 0.968750 0.691406 0.968750 0.693359 0.970703 0.699219 0.970703 0.703125 0.968750 0.708984 0.958984 0.708984 0.949219 0.707031 0.945312 0.701172 0.939453 0.695312 0.939453 0.693359 0.937500 0.691406 0.939453 0.687500 0.937500
0 0.953125 0.962891 0.949219 0.966797 0.949219 0.970703 0.951172 0.972656 0.955078 0.972656 0.958984 0.968750
0 0.878906 0.966797 0.873047 0.976562 0.873047 0.982422 0.876953 0.990234 0.882812 0.996094 0.880859 0.998047 0.908203 0.998047 0.908203 0.992188 0.910156 0.990234 0.908203 0.974609 0.910156 0.970703 0.896484 0.964844 0.888672 0.964844 0.886719 0.966797 0.882812 0.964844
0 0.712891 0.972656 0.705078 0.982422 0.710938 0.998047 0.732422 0.998047 0.738281 0.988281 0.738281 0.980469 0.732422 0.974609 0.724609 0.972656 0.722656 0.970703 0.716797 0.970703
0 0.828125 0.976562 0.826172 0.978516 0.826172 0.982422 0.828125 0.984375 0.828125 0.986328 0.830078 0.988281 0.830078 0.990234 0.833984 0.994141 0.835938 0.994141 0.841797 0.988281 0.841797 0.982422 0.835938 0.976562
1 0.601562 0.992188 0.601562 0.998047 0.619141 0.998047 0.617188 0.996094 0.615234 0.996094 0.611328 0.992188 0.609375 0.992188 0.607422 0.990234 0.603516 0.990234
0 0.656250 0.988281 0.652344 0.992188 0.656250 0.996094 0.660156 0.992188
