1 0.000000 0.125000 0.015625 0.529297 0.064453 0.568359 0.066406 0.626953 0.171875 0.625000 0.083984 0.695312 0.101562 0.736328 0.162109 0.728516 0.103516 0.857422 0.175781 0.769531 0.236328 0.763672 0.294922 0.861328 0.201172 0.998047 0.255859 0.998047 0.289062 0.937500 0.349609 0.972656 0.333984 0.998047 0.410156 0.998047 0.406250 0.945312 0.466797 0.998047 0.482422 0.951172 0.457031 0.970703 0.308594 0.892578 0.308594 0.824219 0.353516 0.853516 0.431641 0.830078 0.296875 0.820312 0.285156 0.751953 0.177734 0.724609 0.269531 0.605469 0.285156 0.638672 0.351562 0.638672 0.244141 0.593750 0.306641 0.529297 0.285156 0.472656 0.246094 0.535156 0.175781 0.537109 0.173828 0.429688 0.232422 0.435547 0.279297 0.371094 0.113281 0.421875 0.117188 0.369141 0.064453 0.312500 0.109375 0.269531 0.023438 0.267578 0.035156 0.171875
0 0.154297 0.238281 0.152344 0.238281 0.150391 0.240234 0.148438 0.240234 0.140625 0.248047 0.140625 0.251953 0.144531 0.255859 0.152344 0.255859 0.158203 0.250000 0.158203 0.248047 0.160156 0.246094 0.158203 0.244141 0.158203 0.242188
0 0.177734 0.238281 0.175781 0.240234 0.175781 0.244141 0.177734 0.246094 0.179688 0.246094 0.183594 0.242188 0.179688 0.238281
0 0.363281 0.265625 0.361328 0.267578 0.361328 0.269531 0.363281 0.271484 0.365234 0.269531 0.365234 0.267578
0 0.187500 0.277344 0.181641 0.285156 0.181641 0.291016 0.183594 0.292969 0.183594 0.298828 0.185547 0.302734 0.189453 0.306641 0.195312 0.308594 0.201172 0.304688 0.203125 0.300781 0.203125 0.296875 0.205078 0.294922 0.205078 0.291016 0.201172 0.283203 0.197266 0.279297 0.193359 0.277344
0 0.375000 0.283203 0.373047 0.281250 0.371094 0.281250 0.369141 0.279297 0.367188 0.279297 0.365234 0.281250 0.363281 0.281250 0.359375 0.285156 0.363281 0.289062 0.365234 0.289062 0.367188 0.287109 0.371094 0.287109
0 0.242188 0.287109 0.240234 0.289062 0.242188 0.291016 0.244141 0.291016 0.246094 0.289062 0.244141 0.287109
0 0.349609 0.291016 0.345703 0.294922 0.349609 0.298828 0.351562 0.298828 0.355469 0.294922 0.351562 0.291016
0 0.164062 0.292969 0.162109 0.294922 0.164062 0.296875 0.166016 0.296875 0.167969 0.294922 0.166016 0.292969
0 0.207031 0.306641 0.208984 0.308594 0.208984 0.310547 0.214844 0.316406 0.216797 0.316406 0.218750 0.318359 0.226562 0.318359 0.228516 0.316406 0.228516 0.310547 0.226562 0.308594 0.224609 0.308594 0.218750 0.304688 0.208984 0.304688
0 0.375000 0.304688 0.373047 0.306641 0.373047 0.310547 0.375000 0.312500 0.376953 0.312500 0.378906 0.310547 0.378906 0.308594
0 0.388672 0.304688 0.382812 0.310547 0.392578 0.320312 0.398438 0.320312 0.400391 0.318359 0.400391 0.316406 0.398438 0.314453 0.398438 0.312500 0.390625 0.304688
0 0.259766 0.316406 0.257812 0.318359 0.257812 0.322266 0.259766 0.324219 0.261719 0.324219 0.263672 0.322266 0.263672 0.320312
1 0.349609 0.318359 0.343750 0.324219 0.343750 0.326172 0.339844 0.330078 0.343750 0.333984 0.345703 0.333984 0.349609 0.330078 0.349609 0.328125 0.351562 0.326172 0.349609 0.324219 0.351562 0.322266 0.351562 0.320312
0 0.267578 0.328125 0.263672 0.332031 0.263672 0.333984 0.261719 0.335938 0.261719 0.337891 0.267578 0.343750 0.269531 0.343750 0.271484 0.341797 0.271484 0.339844 0.273438 0.337891 0.273438 0.335938 0.271484 0.333984 0.271484 0.332031
0 0.322266 0.330078 0.314453 0.339844 0.298828 0.335938 0.292969 0.341797 0.292969 0.347656 0.302734 0.361328 0.310547 0.361328 0.316406 0.355469 0.320312 0.359375 0.324219 0.359375 0.326172 0.357422 0.326172 0.353516 0.324219 0.351562 0.326172 0.347656 0.326172 0.333984
0 0.248047 0.339844 0.242188 0.333984 0.232422 0.337891 0.228516 0.337891 0.218750 0.332031 0.216797 0.333984 0.210938 0.333984 0.203125 0.341797 0.203125 0.353516 0.207031 0.359375 0.207031 0.363281 0.212891 0.367188 0.226562 0.361328 0.230469 0.357422 0.242188 0.353516 0.248047 0.347656
0 0.544922 0.363281 0.542969 0.365234 0.546875 0.369141 0.548828 0.369141 0.550781 0.367188 0.550781 0.365234 0.548828 0.363281
1 0.302734 0.378906 0.304688 0.388672 0.310547 0.394531 0.316406 0.396484 0.326172 0.388672 0.333984 0.392578 0.343750 0.392578 0.345703 0.394531 0.351562 0.390625 0.351562 0.388672 0.345703 0.384766 0.341797 0.384766 0.335938 0.380859 0.332031 0.382812 0.322266 0.373047 0.308594 0.373047
0 0.632812 0.371094 0.626953 0.376953 0.626953 0.382812 0.632812 0.388672 0.634766 0.386719 0.636719 0.386719 0.638672 0.384766 0.638672 0.382812 0.640625 0.380859 0.640625 0.376953 0.636719 0.373047 0.634766 0.373047
0 0.275391 0.384766 0.271484 0.388672 0.273438 0.390625 0.275391 0.390625 0.277344 0.388672 0.277344 0.386719
0 0.417969 0.392578 0.414062 0.392578 0.412109 0.394531 0.412109 0.398438 0.414062 0.400391 0.416016 0.400391 0.417969 0.398438 0.417969 0.396484 0.419922 0.394531
0 0.156250 0.398438 0.154297 0.400391 0.156250 0.402344 0.158203 0.400391
0 0.326172 0.402344 0.322266 0.402344 0.320312 0.404297 0.320312 0.410156 0.324219 0.414062 0.328125 0.410156 0.328125 0.404297
0 0.408203 0.408203 0.404297 0.404297 0.398438 0.402344 0.396484 0.404297 0.394531 0.404297 0.390625 0.408203 0.388672 0.408203 0.382812 0.414062 0.382812 0.416016 0.386719 0.419922 0.388672 0.419922 0.390625 0.417969 0.400391 0.417969 0.406250 0.414062
0 0.724609 0.423828 0.722656 0.425781 0.722656 0.427734 0.724609 0.429688 0.726562 0.427734 0.726562 0.425781
0 0.287109 0.437500 0.285156 0.439453 0.285156 0.441406 0.287109 0.443359 0.289062 0.441406 0.289062 0.439453
0 0.361328 0.439453 0.359375 0.439453 0.353516 0.445312 0.353516 0.451172 0.355469 0.453125 0.357422 0.453125 0.359375 0.451172 0.359375 0.449219 0.361328 0.447266 0.361328 0.445312 0.363281 0.443359 0.363281 0.441406
0 0.308594 0.447266 0.306641 0.449219 0.310547 0.453125 0.312500 0.451172 0.312500 0.449219 0.310547 0.447266
0 0.408203 0.449219 0.406250 0.451172 0.406250 0.453125 0.410156 0.457031 0.412109 0.455078 0.412109 0.451172 0.410156 0.449219
0 0.339844 0.470703 0.335938 0.474609 0.335938 0.478516 0.343750 0.486328 0.347656 0.482422 0.347656 0.478516 0.345703 0.476562 0.345703 0.472656 0.343750 0.470703
0 0.648438 0.472656 0.644531 0.472656 0.642578 0.474609 0.640625 0.474609 0.636719 0.478516 0.636719 0.480469 0.632812 0.486328 0.632812 0.492188 0.634766 0.494141 0.634766 0.496094 0.642578 0.501953 0.644531 0.500000 0.646484 0.500000 0.652344 0.494141 0.652344 0.490234 0.654297 0.488281 0.654297 0.478516
0 0.501953 0.480469 0.500000 0.482422 0.498047 0.482422 0.496094 0.484375 0.496094 0.486328 0.501953 0.492188 0.505859 0.488281 0.505859 0.484375
0 0.873047 0.498047 0.869141 0.501953 0.869141 0.503906 0.873047 0.507812 0.875000 0.507812 0.878906 0.503906 0.878906 0.501953 0.875000 0.498047
0 0.791016 0.511719 0.789062 0.513672 0.791016 0.515625 0.792969 0.515625 0.794922 0.513672 0.792969 0.511719
0 0.597656 0.523438 0.593750 0.527344 0.593750 0.529297 0.595703 0.531250 0.597656 0.531250 0.599609 0.533203 0.601562 0.533203 0.603516 0.531250 0.601562 0.529297 0.601562 0.527344
0 0.808594 0.533203 0.806641 0.535156 0.806641 0.537109 0.812500 0.542969 0.816406 0.542969 0.820312 0.539062 0.820312 0.535156 0.816406 0.531250 0.812500 0.531250 0.810547 0.533203
0 0.855469 0.562500 0.849609 0.562500 0.847656 0.564453 0.845703 0.564453 0.841797 0.568359 0.841797 0.574219 0.845703 0.578125 0.847656 0.578125 0.849609 0.580078 0.851562 0.580078 0.853516 0.578125 0.855469 0.578125 0.859375 0.574219 0.859375 0.568359
0 0.333984 0.570312 0.330078 0.574219 0.330078 0.578125 0.333984 0.582031 0.337891 0.578125 0.337891 0.574219
0 0.359375 0.572266 0.355469 0.572266 0.351562 0.576172 0.357422 0.582031 0.361328 0.578125 0.361328 0.574219
0 0.458984 0.570312 0.455078 0.574219 0.455078 0.576172 0.457031 0.578125 0.458984 0.578125 0.462891 0.574219
1 0.316406 0.578125 0.312500 0.574219 0.306641 0.580078 0.302734 0.580078 0.300781 0.582031 0.304688 0.585938 0.308594 0.582031 0.310547 0.582031 0.312500 0.580078 0.314453 0.580078
0 0.539062 0.574219 0.533203 0.580078 0.533203 0.582031 0.535156 0.583984 0.537109 0.583984 0.542969 0.578125
0 0.501953 0.582031 0.505859 0.585938 0.509766 0.585938 0.511719 0.583984 0.511719 0.582031 0.509766 0.580078 0.503906 0.580078
0 0.968750 0.583984 0.964844 0.587891 0.968750 0.591797 0.970703 0.591797 0.972656 0.589844 0.972656 0.587891
0 0.794922 0.593750 0.787109 0.601562 0.787109 0.603516 0.789062 0.605469 0.791016 0.605469 0.792969 0.607422 0.794922 0.607422 0.800781 0.601562 0.800781 0.599609
0 0.468750 0.599609 0.464844 0.603516 0.468750 0.607422 0.472656 0.603516
0 0.500000 0.613281 0.496094 0.613281 0.494141 0.615234 0.494141 0.621094 0.496094 0.623047 0.498047 0.623047 0.501953 0.619141 0.501953 0.615234
0 0.800781 0.615234 0.798828 0.617188 0.800781 0.619141 0.802734 0.619141 0.804688 0.617188 0.802734 0.615234
0 0.855469 0.621094 0.855469 0.625000 0.861328 0.630859 0.863281 0.630859 0.865234 0.632812 0.869141 0.632812 0.871094 0.630859 0.873047 0.630859 0.876953 0.625000 0.876953 0.623047 0.871094 0.617188 0.869141 0.617188 0.867188 0.615234 0.861328 0.615234
0 0.695312 0.619141 0.691406 0.623047 0.691406 0.626953 0.693359 0.628906 0.697266 0.628906 0.699219 0.626953 0.699219 0.625000 0.701172 0.623047 0.699219 0.621094 0.697266 0.621094
0 0.980469 0.619141 0.978516 0.621094 0.978516 0.623047 0.982422 0.626953 0.984375 0.626953 0.986328 0.625000 0.986328 0.623047 0.982422 0.619141
0 0.271484 0.626953 0.269531 0.628906 0.271484 0.630859 0.273438 0.630859 0.275391 0.628906 0.273438 0.626953
0 0.361328 0.634766 0.355469 0.640625 0.359375 0.644531 0.359375 0.650391 0.355469 0.654297 0.353516 0.660156 0.357422 0.664062 0.365234 0.664062 0.367188 0.662109 0.376953 0.662109 0.380859 0.658203 0.376953 0.648438 0.365234 0.634766
1 0.289062 0.654297 0.285156 0.654297 0.279297 0.658203 0.279297 0.662109 0.277344 0.664062 0.277344 0.666016 0.273438 0.669922 0.275391 0.671875 0.277344 0.671875 0.279297 0.669922 0.281250 0.669922 0.285156 0.666016 0.287109 0.666016 0.291016 0.662109 0.291016 0.656250
0 0.968750 0.656250 0.964844 0.662109 0.964844 0.666016 0.966797 0.667969 0.966797 0.669922 0.976562 0.679688 0.974609 0.681641 0.974609 0.683594 0.976562 0.685547 0.978516 0.685547 0.980469 0.683594 0.980469 0.679688 0.976562 0.675781 0.982422 0.669922 0.982422 0.662109 0.974609 0.656250
0 0.431641 0.660156 0.427734 0.664062 0.427734 0.666016 0.431641 0.669922 0.435547 0.669922 0.439453 0.666016 0.439453 0.664062 0.437500 0.662109 0.435547 0.662109 0.433594 0.660156
0 0.277344 0.681641 0.273438 0.685547 0.273438 0.695312 0.277344 0.699219 0.279297 0.699219 0.283203 0.695312 0.283203 0.685547 0.279297 0.681641
0 0.363281 0.679688 0.361328 0.681641 0.363281 0.683594 0.363281 0.687500 0.365234 0.689453 0.365234 0.691406 0.367188 0.693359 0.371094 0.693359 0.375000 0.689453 0.375000 0.687500 0.373047 0.685547 0.373047 0.683594 0.369141 0.679688
0 0.322266 0.683594 0.320312 0.683594 0.316406 0.687500 0.316406 0.697266 0.320312 0.701172 0.326172 0.695312 0.326172 0.687500
1 0.451172 0.683594 0.449219 0.685547 0.449219 0.701172 0.451172 0.703125 0.453125 0.703125 0.457031 0.699219 0.457031 0.695312 0.455078 0.693359 0.455078 0.691406 0.453125 0.689453 0.453125 0.685547
0 0.822266 0.691406 0.818359 0.695312 0.818359 0.699219 0.816406 0.701172 0.820312 0.705078 0.826172 0.705078 0.830078 0.701172 0.830078 0.695312 0.826172 0.691406
0 0.570312 0.699219 0.566406 0.699219 0.564453 0.701172 0.566406 0.703125 0.566406 0.705078 0.568359 0.707031 0.572266 0.703125 0.572266 0.701172
0 0.642578 0.701172 0.640625 0.703125 0.642578 0.705078 0.644531 0.703125
0 0.593750 0.710938 0.591797 0.712891 0.593750 0.714844 0.595703 0.712891
0 0.955078 0.710938 0.953125 0.712891 0.951172 0.712891 0.947266 0.716797 0.947266 0.718750 0.949219 0.720703 0.949219 0.722656 0.951172 0.724609 0.955078 0.724609 0.957031 0.726562 0.958984 0.726562 0.964844 0.720703 0.964844 0.714844 0.962891 0.712891 0.960938 0.712891 0.958984 0.710938
0 0.472656 0.714844 0.466797 0.720703 0.466797 0.726562 0.468750 0.728516 0.472656 0.728516 0.474609 0.730469 0.478516 0.730469 0.482422 0.726562 0.482422 0.720703 0.478516 0.716797 0.476562 0.716797 0.474609 0.714844
0 0.695312 0.714844 0.689453 0.722656 0.689453 0.730469 0.695312 0.738281 0.697266 0.738281 0.699219 0.740234 0.703125 0.740234 0.712891 0.734375 0.712891 0.732422 0.714844 0.730469 0.714844 0.722656 0.707031 0.714844
0 0.378906 0.724609 0.376953 0.726562 0.376953 0.736328 0.380859 0.740234 0.384766 0.740234 0.386719 0.738281 0.386719 0.734375 0.384766 0.732422 0.384766 0.730469 0.382812 0.728516 0.382812 0.726562 0.380859 0.724609
0 0.623047 0.730469 0.621094 0.732422 0.621094 0.734375 0.623047 0.736328 0.625000 0.736328 0.626953 0.734375 0.626953 0.732422 0.625000 0.730469
0 0.884766 0.732422 0.882812 0.734375 0.884766 0.736328 0.886719 0.736328 0.888672 0.734375 0.886719 0.732422
0 0.359375 0.734375 0.357422 0.734375 0.349609 0.742188 0.349609 0.744141 0.353516 0.748047 0.357422 0.748047 0.363281 0.742188 0.363281 0.738281
0 0.414062 0.740234 0.423828 0.750000 0.425781 0.759766 0.433594 0.771484 0.433594 0.781250 0.435547 0.783203 0.447266 0.773438 0.460938 0.767578 0.462891 0.757812 0.449219 0.748047 0.445312 0.738281 0.441406 0.736328 0.431641 0.736328 0.429688 0.738281 0.417969 0.736328
0 0.564453 0.736328 0.562500 0.738281 0.564453 0.740234 0.566406 0.738281
0 0.486328 0.744141 0.484375 0.746094 0.484375 0.748047 0.486328 0.750000 0.486328 0.753906 0.488281 0.755859 0.492188 0.755859 0.494141 0.753906 0.494141 0.751953 0.496094 0.750000 0.490234 0.744141
0 0.980469 0.742188 0.978516 0.744141 0.978516 0.746094 0.980469 0.748047 0.982422 0.746094 0.982422 0.744141
0 0.625000 0.753906 0.621094 0.753906 0.619141 0.755859 0.619141 0.765625 0.623047 0.769531 0.628906 0.763672 0.628906 0.757812
0 0.347656 0.761719 0.345703 0.763672 0.345703 0.767578 0.347656 0.769531 0.347656 0.781250 0.351562 0.785156 0.359375 0.785156 0.363281 0.779297 0.363281 0.771484 0.359375 0.767578 0.357422 0.767578 0.355469 0.765625 0.353516 0.765625 0.349609 0.761719
0 0.582031 0.779297 0.582031 0.787109 0.591797 0.798828 0.607422 0.798828 0.609375 0.796875 0.615234 0.798828 0.634766 0.785156 0.632812 0.781250 0.617188 0.775391 0.603516 0.765625 0.597656 0.765625 0.591797 0.761719 0.585938 0.765625
0 0.750000 0.771484 0.746094 0.775391 0.750000 0.779297 0.753906 0.775391
0 0.683594 0.775391 0.679688 0.779297 0.683594 0.783203 0.685547 0.783203 0.687500 0.781250 0.687500 0.777344 0.685547 0.775391
0 0.710938 0.773438 0.707031 0.777344 0.707031 0.781250 0.710938 0.785156 0.712891 0.785156 0.716797 0.781250 0.716797 0.779297
0 0.339844 0.787109 0.335938 0.791016 0.339844 0.794922 0.341797 0.792969 0.341797 0.789062
0 0.853516 0.787109 0.849609 0.791016 0.849609 0.794922 0.853516 0.798828 0.855469 0.798828 0.859375 0.794922 0.859375 0.791016 0.855469 0.787109
1 0.566406 0.802734 0.560547 0.794922 0.548828 0.791016 0.544922 0.794922 0.544922 0.802734 0.531250 0.814453 0.525391 0.814453 0.515625 0.806641 0.511719 0.806641 0.507812 0.810547 0.501953 0.810547 0.498047 0.806641 0.486328 0.804688 0.478516 0.796875 0.474609 0.796875 0.466797 0.804688 0.464844 0.810547 0.466797 0.816406 0.474609 0.824219 0.482422 0.822266 0.490234 0.816406 0.498047 0.818359 0.501953 0.822266 0.531250 0.822266 0.541016 0.818359 0.546875 0.812500 0.550781 0.812500 0.554688 0.816406 0.550781 0.820312 0.550781 0.826172 0.554688 0.830078 0.558594 0.830078 0.562500 0.826172 0.560547 0.814453 0.566406 0.808594
0 0.744141 0.791016 0.740234 0.791016 0.738281 0.792969 0.736328 0.792969 0.730469 0.800781 0.730469 0.814453 0.736328 0.820312 0.742188 0.820312 0.750000 0.812500 0.750000 0.806641 0.748047 0.804688 0.748047 0.798828 0.746094 0.796875 0.746094 0.792969
0 0.814453 0.789062 0.810547 0.792969 0.810547 0.794922 0.812500 0.796875 0.812500 0.798828 0.816406 0.802734 0.820312 0.802734 0.822266 0.800781 0.822266 0.798828 0.824219 0.796875 0.824219 0.792969 0.820312 0.789062
0 0.359375 0.794922 0.357422 0.796875 0.361328 0.800781 0.363281 0.800781 0.365234 0.798828 0.361328 0.794922
0 0.402344 0.792969 0.398438 0.796875 0.402344 0.800781 0.406250 0.800781 0.408203 0.798828
1 0.650391 0.794922 0.648438 0.796875 0.634766 0.798828 0.632812 0.800781 0.632812 0.810547 0.623047 0.820312 0.623047 0.824219 0.621094 0.826172 0.625000 0.832031 0.630859 0.833984 0.638672 0.824219 0.638672 0.818359 0.636719 0.816406 0.638672 0.814453 0.638672 0.810547 0.642578 0.806641 0.646484 0.806641 0.648438 0.808594 0.654297 0.802734
0 0.316406 0.798828 0.314453 0.800781 0.316406 0.802734 0.318359 0.800781
0 0.693359 0.796875 0.689453 0.800781 0.693359 0.804688 0.695312 0.804688 0.699219 0.800781 0.695312 0.796875
0 0.716797 0.798828 0.712891 0.802734 0.718750 0.808594 0.722656 0.804688 0.722656 0.802734 0.718750 0.798828
0 0.771484 0.816406 0.773438 0.824219 0.785156 0.837891 0.785156 0.851562 0.794922 0.863281 0.812500 0.863281 0.841797 0.837891 0.832031 0.824219 0.835938 0.816406 0.830078 0.810547 0.826172 0.814453 0.832031 0.824219 0.828125 0.828125 0.800781 0.826172 0.796875 0.818359 0.783203 0.808594 0.777344 0.808594
0 0.968750 0.808594 0.964844 0.812500 0.964844 0.816406 0.968750 0.820312 0.972656 0.820312 0.976562 0.816406 0.976562 0.814453 0.970703 0.808594
0 0.859375 0.812500 0.857422 0.814453 0.857422 0.818359 0.861328 0.822266 0.865234 0.818359 0.865234 0.816406 0.861328 0.812500
0 0.447266 0.822266 0.443359 0.826172 0.443359 0.830078 0.447266 0.833984 0.453125 0.833984 0.455078 0.835938 0.457031 0.833984 0.457031 0.828125 0.455078 0.826172 0.453125 0.826172 0.449219 0.822266
0 0.656250 0.820312 0.640625 0.833984 0.640625 0.841797 0.636719 0.845703 0.626953 0.847656 0.623047 0.853516 0.626953 0.863281 0.644531 0.871094 0.648438 0.867188 0.648438 0.863281 0.638672 0.853516 0.638672 0.849609 0.642578 0.845703 0.658203 0.865234 0.656250 0.875000 0.638672 0.894531 0.638672 0.900391 0.644531 0.908203 0.648438 0.908203 0.662109 0.892578 0.681641 0.882812 0.677734 0.865234 0.669922 0.855469 0.669922 0.843750 0.666016 0.839844 0.664062 0.826172
0 0.675781 0.835938 0.675781 0.841797 0.683594 0.851562 0.695312 0.857422 0.697266 0.855469 0.703125 0.855469 0.707031 0.853516 0.714844 0.845703 0.714844 0.839844 0.707031 0.832031 0.693359 0.826172 0.683594 0.826172
0 0.722656 0.826172 0.720703 0.828125 0.722656 0.830078 0.724609 0.828125
0 0.884766 0.824219 0.880859 0.824219 0.878906 0.826172 0.876953 0.826172 0.873047 0.830078 0.873047 0.832031 0.878906 0.837891 0.882812 0.837891 0.884766 0.835938 0.886719 0.835938 0.888672 0.833984 0.888672 0.828125
0 0.468750 0.835938 0.460938 0.843750 0.458984 0.849609 0.458984 0.875000 0.462891 0.880859 0.470703 0.884766 0.478516 0.884766 0.494141 0.867188 0.494141 0.859375 0.492188 0.857422 0.494141 0.853516 0.482422 0.839844 0.474609 0.835938
0 0.582031 0.837891 0.578125 0.837891 0.576172 0.839844 0.576172 0.843750 0.578125 0.845703 0.580078 0.845703 0.583984 0.841797 0.583984 0.839844
0 0.978516 0.849609 0.976562 0.851562 0.976562 0.855469 0.980469 0.859375 0.982422 0.859375 0.986328 0.855469 0.986328 0.851562 0.984375 0.849609
0 0.763672 0.857422 0.761719 0.859375 0.765625 0.863281 0.767578 0.861328 0.767578 0.859375 0.765625 0.857422
1 0.894531 0.859375 0.890625 0.855469 0.886719 0.855469 0.884766 0.857422 0.882812 0.857422 0.876953 0.863281 0.871094 0.857422 0.869141 0.857422 0.867188 0.859375 0.867188 0.863281 0.869141 0.865234 0.871094 0.865234 0.875000 0.861328 0.884766 0.869141 0.890625 0.869141 0.894531 0.863281
1 0.521484 0.867188 0.521484 0.869141 0.535156 0.884766 0.546875 0.884766 0.550781 0.886719 0.554688 0.882812 0.541016 0.873047 0.542969 0.869141 0.539062 0.861328 0.535156 0.861328 0.525391 0.867188 0.523438 0.865234
0 0.919922 0.859375 0.914062 0.865234 0.914062 0.871094 0.919922 0.876953 0.923828 0.876953 0.927734 0.873047 0.927734 0.863281 0.925781 0.861328 0.923828 0.861328 0.921875 0.859375
0 0.343750 0.865234 0.341797 0.863281 0.339844 0.863281 0.335938 0.867188 0.337891 0.869141 0.339844 0.869141
0 0.705078 0.863281 0.701172 0.863281 0.697266 0.867188 0.697266 0.869141 0.699219 0.871094 0.699219 0.873047 0.701172 0.875000 0.703125 0.875000 0.705078 0.873047 0.707031 0.873047 0.708984 0.871094 0.708984 0.867188
0 0.861328 0.871094 0.855469 0.873047 0.851562 0.876953 0.851562 0.890625 0.857422 0.896484 0.863281 0.894531 0.867188 0.890625 0.867188 0.886719 0.869141 0.884766 0.869141 0.876953 0.865234 0.873047 0.863281 0.873047
0 0.263672 0.876953 0.261719 0.876953 0.259766 0.878906 0.259766 0.880859 0.261719 0.882812 0.265625 0.878906
0 0.978516 0.884766 0.974609 0.888672 0.978516 0.892578 0.980469 0.892578 0.982422 0.890625 0.982422 0.886719 0.980469 0.884766
1 0.685547 0.888672 0.685547 0.894531 0.669922 0.910156 0.666016 0.921875 0.642578 0.941406 0.646484 0.947266 0.642578 0.955078 0.644531 0.962891 0.652344 0.968750 0.666016 0.966797 0.708984 0.916016 0.707031 0.910156
0 0.746094 0.892578 0.742188 0.896484 0.742188 0.900391 0.744141 0.902344 0.744141 0.904297 0.750000 0.910156 0.757812 0.910156 0.761719 0.906250 0.761719 0.900391 0.753906 0.892578
0 0.833984 0.890625 0.830078 0.894531 0.830078 0.898438 0.835938 0.904297 0.839844 0.904297 0.843750 0.900391 0.843750 0.894531 0.841797 0.892578 0.839844 0.892578 0.837891 0.890625
0 0.560547 0.898438 0.558594 0.900391 0.558594 0.902344 0.556641 0.904297 0.556641 0.912109 0.558594 0.914062 0.560547 0.914062 0.562500 0.916016 0.564453 0.916016 0.566406 0.914062 0.566406 0.912109 0.568359 0.910156 0.568359 0.908203 0.570312 0.906250 0.568359 0.904297 0.568359 0.900391 0.566406 0.898438
0 0.773438 0.900391 0.769531 0.904297 0.769531 0.908203 0.773438 0.912109 0.775391 0.912109 0.779297 0.908203 0.779297 0.904297 0.775391 0.900391
0 0.611328 0.912109 0.607422 0.912109 0.603516 0.916016 0.603516 0.917969 0.607422 0.921875 0.609375 0.921875 0.615234 0.916016
0 0.761719 0.925781 0.761719 0.935547 0.769531 0.943359 0.779297 0.943359 0.785156 0.939453 0.787109 0.935547 0.787109 0.931641 0.785156 0.929688 0.792969 0.921875 0.791016 0.919922 0.785156 0.923828 0.781250 0.923828 0.777344 0.919922 0.769531 0.919922
0 0.734375 0.923828 0.728516 0.929688 0.728516 0.933594 0.734375 0.939453 0.736328 0.937500 0.740234 0.937500 0.742188 0.935547 0.742188 0.929688 0.738281 0.925781 0.736328 0.925781
1 0.583984 0.929688 0.580078 0.935547 0.580078 0.941406 0.583984 0.945312 0.587891 0.947266 0.595703 0.947266 0.609375 0.957031 0.611328 0.957031 0.615234 0.960938 0.617188 0.966797 0.623047 0.972656 0.625000 0.972656 0.626953 0.970703 0.626953 0.966797 0.619141 0.958984 0.621094 0.957031 0.619141 0.955078 0.623047 0.951172 0.630859 0.955078 0.634766 0.951172 0.634766 0.947266 0.630859 0.943359 0.626953 0.943359 0.619141 0.953125 0.615234 0.951172 0.607422 0.943359 0.605469 0.943359 0.589844 0.927734
0 0.843750 0.929688 0.839844 0.933594 0.839844 0.937500 0.841797 0.939453 0.847656 0.939453 0.849609 0.937500 0.849609 0.933594 0.845703 0.929688
0 0.541016 0.947266 0.537109 0.951172 0.537109 0.953125 0.541016 0.957031 0.544922 0.953125 0.544922 0.951172
0 0.707031 0.947266 0.705078 0.949219 0.705078 0.951172 0.708984 0.955078 0.712891 0.955078 0.714844 0.953125 0.708984 0.947266
0 0.875000 0.947266 0.873047 0.949219 0.873047 0.951172 0.875000 0.953125 0.876953 0.953125 0.878906 0.951172 0.878906 0.949219 0.876953 0.947266
0 0.296875 0.949219 0.291016 0.955078 0.291016 0.962891 0.294922 0.966797 0.302734 0.966797 0.306641 0.962891 0.306641 0.960938 0.304688 0.958984 0.304688 0.957031
0 0.722656 0.949219 0.718750 0.953125 0.722656 0.957031 0.724609 0.957031 0.728516 0.953125 0.724609 0.949219
0 0.580078 0.957031 0.578125 0.958984 0.578125 0.960938 0.582031 0.964844 0.583984 0.964844 0.587891 0.960938 0.583984 0.957031
0 0.867188 0.962891 0.863281 0.966797 0.863281 0.968750 0.861328 0.970703 0.861328 0.976562 0.863281 0.978516 0.863281 0.982422 0.869141 0.988281 0.871094 0.988281 0.873047 0.986328 0.875000 0.986328 0.878906 0.982422 0.878906 0.980469 0.880859 0.978516 0.880859 0.972656 0.878906 0.970703 0.878906 0.968750 0.875000 0.964844 0.873047 0.964844 0.871094 0.962891
1 0.814453 0.970703 0.810547 0.966797 0.800781 0.966797 0.792969 0.974609 0.792969 0.984375 0.789062 0.988281 0.781250 0.986328 0.777344 0.990234 0.777344 0.998047 0.791016 0.998047 0.791016 0.992188 0.794922 0.988281 0.800781 0.992188 0.810547 0.990234 0.816406 0.982422
0 0.685547 0.970703 0.679688 0.970703 0.673828 0.976562 0.673828 0.978516 0.675781 0.980469 0.677734 0.980469 0.679688 0.982422 0.681641 0.982422 0.685547 0.978516 0.685547 0.976562 0.687500 0.974609 0.687500 0.972656
0 0.634766 0.978516 0.632812 0.978516 0.630859 0.980469 0.628906 0.980469 0.626953 0.982422 0.626953 0.992188 0.628906 0.994141 0.630859 0.994141 0.634766 0.990234 0.634766 0.988281 0.638672 0.984375 0.638672 0.982422
0 0.720703 0.978516 0.716797 0.978516 0.714844 0.980469 0.714844 0.986328 0.718750 0.990234 0.722656 0.986328 0.722656 0.984375 0.724609 0.982422
