0 0.363281 0.113281 0.357422 0.117188 0.357422 0.119141 0.355469 0.121094 0.355469 0.126953 0.359375 0.130859 0.363281 0.130859 0.365234 0.132812 0.371094 0.126953 0.371094 0.119141 0.365234 0.113281
1 0.000000 0.152344 0.000000 0.224609 0.017578 0.226562 0.000000 0.240234 0.000000 0.447266 0.031250 0.468750 0.048828 0.546875 0.126953 0.562500 0.101562 0.638672 0.126953 0.689453 0.162109 0.685547 0.154297 0.748047 0.179688 0.746094 0.199219 0.695312 0.345703 0.707031 0.191406 0.820312 0.189453 0.904297 0.410156 0.697266 0.419922 0.734375 0.445312 0.650391 0.365234 0.619141 0.339844 0.546875 0.312500 0.580078 0.298828 0.517578 0.191406 0.443359 0.187500 0.394531 0.224609 0.367188 0.208984 0.324219 0.261719 0.324219 0.207031 0.279297 0.181641 0.289062 0.177734 0.222656 0.156250 0.224609 0.156250 0.263672 0.117188 0.261719 0.072266 0.207031 0.041016 0.224609
0 0.468750 0.169922 0.466797 0.171875 0.466797 0.175781 0.470703 0.179688 0.472656 0.179688 0.474609 0.177734 0.474609 0.171875 0.472656 0.169922
0 0.419922 0.226562 0.416016 0.226562 0.414062 0.228516 0.412109 0.228516 0.410156 0.230469 0.410156 0.232422 0.408203 0.234375 0.408203 0.236328 0.414062 0.242188 0.417969 0.242188 0.423828 0.236328 0.423828 0.230469
0 0.294922 0.232422 0.292969 0.234375 0.294922 0.236328 0.296875 0.236328 0.298828 0.234375 0.296875 0.232422
0 0.337891 0.236328 0.335938 0.236328 0.333984 0.234375 0.328125 0.234375 0.326172 0.236328 0.320312 0.238281 0.316406 0.244141 0.316406 0.251953 0.322266 0.257812 0.332031 0.257812 0.339844 0.250000 0.339844 0.248047 0.341797 0.246094 0.341797 0.242188
0 0.566406 0.242188 0.564453 0.242188 0.562500 0.244141 0.560547 0.244141 0.556641 0.250000 0.556641 0.255859 0.560547 0.261719 0.564453 0.261719 0.566406 0.259766 0.568359 0.259766 0.572266 0.255859 0.572266 0.253906 0.574219 0.251953 0.574219 0.250000 0.572266 0.248047 0.572266 0.246094
0 0.244141 0.253906 0.246094 0.263672 0.248047 0.265625 0.250000 0.265625 0.259766 0.259766 0.271484 0.259766 0.275391 0.255859 0.275391 0.250000 0.271484 0.246094 0.253906 0.246094
0 0.238281 0.271484 0.236328 0.273438 0.238281 0.275391 0.240234 0.273438
0 0.107422 0.277344 0.101562 0.283203 0.101562 0.285156 0.105469 0.289062 0.109375 0.289062 0.111328 0.287109 0.111328 0.281250
0 0.642578 0.341797 0.640625 0.343750 0.642578 0.345703 0.644531 0.345703 0.646484 0.343750 0.644531 0.341797
0 0.046875 0.376953 0.044922 0.378906 0.046875 0.380859 0.048828 0.380859 0.050781 0.378906 0.048828 0.376953
0 0.568359 0.376953 0.564453 0.380859 0.564453 0.382812 0.566406 0.384766 0.568359 0.384766 0.572266 0.380859
0 0.386719 0.388672 0.382812 0.388672 0.380859 0.390625 0.380859 0.392578 0.384766 0.396484 0.388672 0.392578 0.388672 0.390625
0 0.509766 0.388672 0.507812 0.390625 0.509766 0.392578 0.511719 0.392578 0.513672 0.390625 0.511719 0.388672
0 0.812500 0.404297 0.814453 0.406250 0.818359 0.406250 0.820312 0.404297 0.818359 0.402344 0.814453 0.402344
0 0.445312 0.412109 0.439453 0.417969 0.439453 0.419922 0.437500 0.421875 0.437500 0.423828 0.439453 0.425781 0.441406 0.425781 0.445312 0.421875 0.445312 0.417969 0.447266 0.416016 0.447266 0.414062
0 0.759766 0.437500 0.755859 0.441406 0.755859 0.455078 0.759766 0.458984 0.765625 0.458984 0.771484 0.453125 0.771484 0.445312 0.769531 0.443359 0.769531 0.441406 0.765625 0.437500
0 0.425781 0.441406 0.421875 0.445312 0.421875 0.447266 0.427734 0.453125 0.429688 0.453125 0.435547 0.447266 0.435547 0.445312 0.431641 0.441406
0 0.619141 0.449219 0.615234 0.453125 0.615234 0.455078 0.617188 0.457031 0.621094 0.453125 0.621094 0.451172
0 0.849609 0.480469 0.847656 0.482422 0.849609 0.484375 0.851562 0.482422
0 0.437500 0.484375 0.435547 0.486328 0.437500 0.488281 0.439453 0.488281 0.441406 0.486328 0.439453 0.484375
0 0.318359 0.513672 0.310547 0.515625 0.304688 0.523438 0.306641 0.531250 0.302734 0.537109 0.304688 0.539062 0.304688 0.542969 0.312500 0.548828 0.314453 0.546875 0.314453 0.541016 0.322266 0.535156 0.322266 0.529297 0.326172 0.525391 0.326172 0.519531
0 0.429688 0.533203 0.423828 0.527344 0.402344 0.523438 0.390625 0.515625 0.373047 0.519531 0.361328 0.533203 0.363281 0.544922 0.357422 0.552734 0.361328 0.560547 0.359375 0.574219 0.369141 0.583984 0.406250 0.578125 0.414062 0.570312 0.412109 0.562500 0.427734 0.550781
0 0.787109 0.517578 0.783203 0.521484 0.783203 0.523438 0.785156 0.525391 0.787109 0.525391 0.791016 0.521484
0 0.605469 0.533203 0.603516 0.535156 0.603516 0.537109 0.605469 0.539062 0.609375 0.539062 0.611328 0.537109 0.607422 0.533203
1 0.443359 0.587891 0.443359 0.591797 0.447266 0.595703 0.449219 0.595703 0.451172 0.597656 0.453125 0.595703 0.455078 0.597656 0.457031 0.597656 0.462891 0.601562 0.466797 0.597656 0.453125 0.583984 0.447266 0.583984
0 0.404297 0.591797 0.400391 0.595703 0.400391 0.597656 0.404297 0.601562 0.406250 0.601562 0.410156 0.597656 0.410156 0.595703 0.406250 0.591797
0 0.378906 0.601562 0.376953 0.603516 0.375000 0.603516 0.373047 0.605469 0.373047 0.609375 0.376953 0.613281 0.378906 0.613281 0.382812 0.609375 0.382812 0.605469
0 0.421875 0.615234 0.417969 0.619141 0.417969 0.621094 0.421875 0.625000 0.425781 0.625000 0.429688 0.621094 0.429688 0.619141 0.427734 0.617188 0.425781 0.617188 0.423828 0.615234
1 0.521484 0.623047 0.517578 0.619141 0.509766 0.619141 0.503906 0.623047 0.498047 0.623047 0.496094 0.625000 0.484375 0.625000 0.482422 0.623047 0.478516 0.630859 0.482422 0.634766 0.486328 0.634766 0.492188 0.630859 0.500000 0.634766 0.501953 0.632812 0.515625 0.634766 0.519531 0.630859
0 0.539062 0.628906 0.533203 0.632812 0.531250 0.636719 0.531250 0.644531 0.535156 0.652344 0.535156 0.660156 0.541016 0.666016 0.546875 0.666016 0.554688 0.662109 0.558594 0.658203 0.556641 0.640625 0.548828 0.630859 0.544922 0.628906
0 0.707031 0.650391 0.703125 0.654297 0.703125 0.658203 0.707031 0.662109 0.708984 0.662109 0.710938 0.660156 0.710938 0.654297
0 0.474609 0.662109 0.476562 0.664062 0.476562 0.666016 0.484375 0.673828 0.496094 0.673828 0.500000 0.669922 0.500000 0.662109 0.490234 0.656250 0.480469 0.656250
0 0.638672 0.656250 0.636719 0.658203 0.636719 0.662109 0.638672 0.664062 0.638672 0.667969 0.636719 0.669922 0.636719 0.675781 0.634766 0.677734 0.634766 0.681641 0.636719 0.683594 0.638672 0.683594 0.646484 0.675781 0.648438 0.675781 0.652344 0.671875 0.652344 0.666016 0.648438 0.662109 0.642578 0.660156
0 0.736328 0.667969 0.732422 0.664062 0.726562 0.667969 0.724609 0.667969 0.722656 0.666016 0.720703 0.667969 0.718750 0.667969 0.716797 0.669922 0.716797 0.671875 0.720703 0.675781 0.722656 0.675781 0.724609 0.673828 0.726562 0.673828 0.732422 0.677734 0.736328 0.671875
0 0.539062 0.673828 0.537109 0.675781 0.537109 0.677734 0.539062 0.679688 0.541016 0.677734 0.541016 0.675781
0 0.558594 0.671875 0.554688 0.675781 0.558594 0.679688 0.560547 0.679688 0.562500 0.677734 0.562500 0.675781
0 0.521484 0.677734 0.517578 0.681641 0.517578 0.687500 0.523438 0.693359 0.529297 0.693359 0.533203 0.689453 0.533203 0.687500 0.531250 0.685547 0.531250 0.683594 0.527344 0.679688 0.525391 0.679688 0.523438 0.677734
0 0.937500 0.683594 0.935547 0.683594 0.931641 0.687500 0.931641 0.695312 0.933594 0.697266 0.937500 0.697266 0.941406 0.693359 0.941406 0.687500
0 0.818359 0.693359 0.816406 0.695312 0.820312 0.699219 0.822266 0.697266 0.822266 0.695312 0.820312 0.693359
0 0.656250 0.695312 0.654297 0.697266 0.656250 0.699219 0.658203 0.699219 0.660156 0.697266 0.658203 0.695312
1 0.767578 0.701172 0.763672 0.697266 0.759766 0.697266 0.751953 0.705078 0.750000 0.703125 0.746094 0.707031 0.746094 0.708984 0.748047 0.710938 0.750000 0.710938 0.753906 0.707031 0.755859 0.707031 0.759766 0.703125 0.761719 0.705078 0.763672 0.705078
0 0.576172 0.701172 0.574219 0.703125 0.574219 0.705078 0.576172 0.707031 0.578125 0.705078 0.578125 0.703125
0 0.890625 0.710938 0.886719 0.710938 0.884766 0.712891 0.888672 0.716797 0.892578 0.712891
1 0.533203 0.714844 0.496094 0.716797 0.476562 0.748047 0.511719 0.759766 0.523438 0.806641 0.509766 0.894531 0.484375 0.847656 0.466797 0.859375 0.494141 0.935547 0.486328 0.943359 0.462891 0.925781 0.462891 0.949219 0.439453 0.957031 0.412109 0.927734 0.394531 0.937500 0.375000 0.906250 0.388672 0.962891 0.320312 0.955078 0.306641 0.998047 0.451172 0.998047 0.447266 0.984375 0.468750 0.990234 0.472656 0.976562 0.548828 0.998047 0.574219 0.957031 0.597656 0.955078 0.609375 0.927734 0.626953 0.927734 0.617188 0.914062 0.558594 0.939453 0.521484 0.900391 0.531250 0.853516 0.558594 0.841797 0.570312 0.814453 0.542969 0.796875 0.539062 0.773438 0.554688 0.761719 0.541016 0.753906
0 0.675781 0.728516 0.671875 0.732422 0.675781 0.736328 0.679688 0.732422
0 0.947266 0.732422 0.939453 0.732422 0.929688 0.742188 0.927734 0.748047 0.935547 0.755859 0.943359 0.755859 0.945312 0.753906 0.947266 0.753906 0.953125 0.746094 0.953125 0.738281
0 0.570312 0.734375 0.566406 0.738281 0.568359 0.740234 0.570312 0.740234 0.572266 0.738281 0.572266 0.736328
0 0.595703 0.744141 0.591797 0.748047 0.591797 0.753906 0.593750 0.755859 0.595703 0.755859 0.597656 0.757812 0.601562 0.757812 0.605469 0.753906 0.605469 0.750000 0.599609 0.744141
0 0.683594 0.742188 0.681641 0.742188 0.679688 0.744141 0.677734 0.744141 0.671875 0.750000 0.671875 0.751953 0.677734 0.757812 0.685547 0.750000 0.685547 0.748047 0.687500 0.746094
0 0.707031 0.744141 0.703125 0.744141 0.701172 0.746094 0.701172 0.750000 0.703125 0.751953 0.708984 0.746094
0 0.833984 0.744141 0.832031 0.746094 0.832031 0.750000 0.833984 0.751953 0.839844 0.751953 0.841797 0.750000 0.841797 0.748047 0.837891 0.744141
1 0.792969 0.750000 0.792969 0.753906 0.794922 0.755859 0.798828 0.755859 0.808594 0.765625 0.810547 0.765625 0.814453 0.761719 0.814453 0.759766 0.810547 0.755859 0.804688 0.755859 0.796875 0.748047 0.794922 0.748047
0 0.986328 0.748047 0.984375 0.750000 0.990234 0.755859 0.992188 0.753906 0.992188 0.750000 0.990234 0.748047
0 0.435547 0.763672 0.433594 0.765625 0.433594 0.767578 0.431641 0.769531 0.431641 0.771484 0.435547 0.775391 0.437500 0.775391 0.441406 0.771484 0.441406 0.767578 0.437500 0.763672
0 0.611328 0.761719 0.607422 0.765625 0.609375 0.767578 0.609375 0.775391 0.611328 0.777344 0.617188 0.777344 0.619141 0.775391 0.619141 0.765625 0.617188 0.763672 0.615234 0.763672 0.613281 0.761719
0 0.765625 0.765625 0.761719 0.769531 0.761719 0.775391 0.759766 0.777344 0.759766 0.787109 0.765625 0.792969 0.767578 0.791016 0.769531 0.791016 0.773438 0.785156 0.773438 0.781250 0.771484 0.779297 0.771484 0.775391 0.769531 0.773438 0.769531 0.769531
0 0.738281 0.773438 0.734375 0.777344 0.736328 0.779297 0.738281 0.779297 0.740234 0.777344 0.740234 0.775391
0 0.742188 0.792969 0.738281 0.796875 0.742188 0.800781 0.746094 0.796875
0 0.892578 0.794922 0.890625 0.796875 0.890625 0.800781 0.892578 0.802734 0.894531 0.802734 0.898438 0.798828 0.894531 0.794922
1 0.998047 0.796875 0.986328 0.804688 0.988281 0.808594 0.984375 0.814453 0.984375 0.828125 0.992188 0.833984 0.998047 0.833984
0 0.486328 0.802734 0.482422 0.802734 0.474609 0.810547 0.474609 0.812500 0.472656 0.814453 0.478516 0.820312 0.482422 0.820312 0.486328 0.816406 0.486328 0.812500 0.490234 0.806641
0 0.728516 0.800781 0.724609 0.804688 0.724609 0.806641 0.726562 0.808594 0.730469 0.808594 0.732422 0.806641 0.732422 0.804688
0 0.769531 0.802734 0.767578 0.804688 0.769531 0.806641 0.771484 0.806641 0.773438 0.804688 0.771484 0.802734
0 0.412109 0.810547 0.408203 0.814453 0.408203 0.818359 0.412109 0.822266 0.416016 0.818359 0.416016 0.814453
0 0.953125 0.814453 0.951172 0.816406 0.953125 0.818359 0.955078 0.816406
0 0.927734 0.824219 0.927734 0.826172 0.931641 0.830078 0.939453 0.830078 0.943359 0.826172 0.937500 0.820312 0.931641 0.820312
0 0.375000 0.826172 0.373047 0.828125 0.373047 0.832031 0.375000 0.833984 0.376953 0.833984 0.378906 0.832031 0.378906 0.830078
0 0.345703 0.847656 0.343750 0.847656 0.341797 0.849609 0.341797 0.851562 0.343750 0.853516 0.347656 0.849609
0 0.894531 0.855469 0.892578 0.857422 0.894531 0.859375 0.896484 0.857422
1 0.675781 0.882812 0.671875 0.890625 0.677734 0.896484 0.679688 0.902344 0.675781 0.906250 0.675781 0.910156 0.681641 0.916016 0.687500 0.910156 0.689453 0.906250 0.685547 0.900391 0.685547 0.894531 0.687500 0.892578 0.687500 0.888672 0.681641 0.882812
0 0.558594 0.888672 0.550781 0.888672 0.546875 0.894531 0.546875 0.898438 0.554688 0.906250 0.556641 0.904297 0.558594 0.904297 0.564453 0.898438 0.562500 0.896484 0.562500 0.892578
0 0.359375 0.890625 0.357422 0.892578 0.357422 0.894531 0.359375 0.896484 0.361328 0.894531 0.361328 0.892578
0 0.576172 0.892578 0.572266 0.896484 0.572266 0.898438 0.578125 0.904297 0.580078 0.904297 0.583984 0.900391 0.583984 0.894531 0.582031 0.892578
1 0.714844 0.914062 0.708984 0.919922 0.708984 0.923828 0.714844 0.929688 0.718750 0.929688 0.722656 0.933594 0.718750 0.937500 0.718750 0.947266 0.722656 0.953125 0.732422 0.955078 0.740234 0.947266 0.740234 0.935547 0.736328 0.929688 0.724609 0.929688 0.720703 0.925781 0.722656 0.923828 0.720703 0.916016
0 0.687500 0.917969 0.683594 0.921875 0.683594 0.927734 0.685547 0.929688 0.687500 0.929688 0.691406 0.925781 0.691406 0.921875
0 0.439453 0.921875 0.437500 0.923828 0.437500 0.927734 0.441406 0.931641 0.445312 0.927734 0.445312 0.925781 0.441406 0.921875
0 0.919922 0.925781 0.914062 0.925781 0.910156 0.929688 0.910156 0.933594 0.916016 0.939453 0.917969 0.937500 0.919922 0.937500 0.921875 0.935547 0.921875 0.927734
0 0.357422 0.935547 0.353516 0.935547 0.349609 0.939453 0.349609 0.941406 0.353516 0.945312 0.355469 0.945312 0.359375 0.941406 0.359375 0.937500
0 0.841797 0.935547 0.839844 0.937500 0.841797 0.939453 0.839844 0.941406 0.839844 0.943359 0.841797 0.945312 0.845703 0.945312 0.847656 0.943359 0.847656 0.939453 0.843750 0.935547
0 0.623047 0.939453 0.617188 0.945312 0.617188 0.947266 0.623047 0.955078 0.623047 0.958984 0.625000 0.960938 0.623047 0.962891 0.626953 0.966797 0.632812 0.966797 0.638672 0.960938 0.638672 0.953125 0.634766 0.949219 0.636719 0.947266 0.634766 0.945312 0.634766 0.941406 0.632812 0.939453
0 0.906250 0.943359 0.902344 0.947266 0.906250 0.951172 0.908203 0.951172 0.910156 0.949219 0.910156 0.945312 0.908203 0.943359
0 0.921875 0.943359 0.919922 0.945312 0.919922 0.951172 0.921875 0.953125 0.923828 0.953125 0.927734 0.949219 0.927734 0.947266 0.923828 0.943359
0 0.962891 0.943359 0.957031 0.951172 0.955078 0.978516 0.962891 0.984375 0.970703 0.984375 0.978516 0.976562 0.978516 0.972656 0.984375 0.968750 0.990234 0.974609 0.990234 0.980469 0.998047 0.988281 0.998047 0.955078 0.982422 0.943359 0.972656 0.941406
0 0.871094 0.958984 0.865234 0.964844 0.865234 0.966797 0.863281 0.968750 0.871094 0.976562 0.875000 0.976562 0.878906 0.972656 0.878906 0.970703 0.880859 0.968750 0.880859 0.966797 0.873047 0.958984
0 0.679688 0.966797 0.675781 0.970703 0.677734 0.972656 0.677734 0.974609 0.679688 0.976562 0.683594 0.976562 0.687500 0.972656 0.687500 0.970703 0.683594 0.966797
0 0.583984 0.974609 0.582031 0.976562 0.582031 0.980469 0.583984 0.982422 0.585938 0.982422 0.587891 0.980469 0.587891 0.976562 0.585938 0.974609
1 0.970703 0.996094 0.970703 0.998047 0.988281 0.998047 0.982422 0.992188 0.976562 0.992188 0.974609 0.994141 0.972656 0.994141
1 0.740234 0.998047 0.750000 0.998047 0.748047 0.996094 0.742188 0.996094
