1 0.000000 0.033203 0.000000 0.332031 0.013672 0.289062 0.064453 0.308594 0.031250 0.343750 0.044922 0.380859 0.000000 0.380859 0.000000 0.550781 0.058594 0.570312 0.033203 0.654297 0.068359 0.746094 0.126953 0.707031 0.160156 0.732422 0.150391 0.849609 0.234375 0.839844 0.236328 0.880859 0.261719 0.876953 0.234375 0.962891 0.265625 0.998047 0.308594 0.878906 0.425781 0.849609 0.513672 0.757812 0.431641 0.791016 0.447266 0.718750 0.486328 0.722656 0.478516 0.677734 0.429688 0.712891 0.419922 0.775391 0.365234 0.748047 0.392578 0.806641 0.314453 0.837891 0.185547 0.751953 0.173828 0.658203 0.375000 0.503906 0.324219 0.484375 0.304688 0.361328 0.150391 0.460938 0.115234 0.451172 0.119141 0.316406 0.005859 0.220703
0 0.578125 0.113281 0.576172 0.115234 0.576172 0.119141 0.578125 0.121094 0.580078 0.119141 0.580078 0.115234
0 0.033203 0.140625 0.031250 0.142578 0.033203 0.144531 0.035156 0.144531 0.037109 0.142578 0.035156 0.140625
0 0.511719 0.140625 0.509766 0.142578 0.509766 0.144531 0.511719 0.146484 0.513672 0.146484 0.515625 0.144531
0 0.503906 0.199219 0.501953 0.201172 0.503906 0.203125 0.505859 0.201172
0 0.820312 0.251953 0.818359 0.251953 0.814453 0.255859 0.818359 0.259766 0.822266 0.255859 0.822266 0.253906
0 0.906250 0.251953 0.904297 0.251953 0.898438 0.257812 0.898438 0.259766 0.902344 0.263672 0.906250 0.263672 0.908203 0.261719 0.908203 0.259766 0.910156 0.257812 0.910156 0.255859
0 0.269531 0.263672 0.267578 0.265625 0.267578 0.267578 0.269531 0.269531 0.271484 0.267578 0.271484 0.265625
0 0.927734 0.265625 0.925781 0.267578 0.925781 0.269531 0.929688 0.273438 0.931641 0.271484 0.931641 0.267578 0.929688 0.265625
0 0.902344 0.273438 0.900391 0.275391 0.900391 0.277344 0.898438 0.279297 0.902344 0.283203 0.904297 0.283203 0.908203 0.279297 0.906250 0.277344 0.906250 0.275391 0.904297 0.273438
0 0.660156 0.281250 0.658203 0.283203 0.660156 0.285156 0.662109 0.283203
0 0.722656 0.287109 0.720703 0.289062 0.720703 0.292969 0.724609 0.296875 0.728516 0.292969 0.728516 0.291016 0.724609 0.287109
0 0.591797 0.314453 0.587891 0.318359 0.587891 0.320312 0.591797 0.324219 0.593750 0.324219 0.597656 0.320312 0.597656 0.318359 0.593750 0.314453
0 0.753906 0.312500 0.750000 0.316406 0.750000 0.318359 0.751953 0.320312 0.751953 0.322266 0.753906 0.324219 0.755859 0.324219 0.757812 0.326172 0.759766 0.326172 0.763672 0.322266 0.763672 0.318359 0.757812 0.312500
0 0.820312 0.314453 0.816406 0.318359 0.816406 0.324219 0.818359 0.326172 0.820312 0.326172 0.824219 0.322266 0.824219 0.320312 0.822266 0.318359 0.822266 0.316406
0 0.839844 0.316406 0.835938 0.322266 0.837891 0.324219 0.837891 0.328125 0.843750 0.333984 0.845703 0.333984 0.853516 0.326172 0.851562 0.324219 0.851562 0.320312 0.847656 0.316406
0 0.486328 0.320312 0.480469 0.326172 0.482422 0.328125 0.482422 0.330078 0.486328 0.333984 0.488281 0.333984 0.492188 0.330078 0.492188 0.324219 0.488281 0.320312
0 0.552734 0.320312 0.548828 0.324219 0.552734 0.328125 0.554688 0.328125 0.556641 0.326172 0.556641 0.324219
1 0.869141 0.324219 0.869141 0.326172 0.871094 0.328125 0.875000 0.328125 0.878906 0.324219 0.884766 0.330078 0.886719 0.330078 0.888672 0.332031 0.892578 0.328125 0.892578 0.326172 0.888672 0.322266 0.886719 0.324219 0.884766 0.324219 0.882812 0.326172 0.880859 0.326172 0.875000 0.320312 0.873047 0.320312
0 0.812500 0.328125 0.808594 0.332031 0.812500 0.335938 0.814453 0.335938 0.816406 0.333984 0.816406 0.332031
0 0.621094 0.339844 0.617188 0.335938 0.615234 0.335938 0.611328 0.339844 0.611328 0.341797 0.613281 0.343750 0.617188 0.343750
0 0.523438 0.351562 0.519531 0.355469 0.519531 0.373047 0.527344 0.380859 0.531250 0.382812 0.539062 0.382812 0.546875 0.373047 0.546875 0.361328 0.544922 0.357422 0.537109 0.351562
0 0.597656 0.353516 0.591797 0.359375 0.591797 0.361328 0.595703 0.365234 0.597656 0.365234 0.601562 0.361328 0.601562 0.357422
0 0.894531 0.355469 0.890625 0.359375 0.894531 0.363281 0.898438 0.359375
0 0.927734 0.359375 0.925781 0.361328 0.927734 0.363281 0.929688 0.361328
0 0.869141 0.363281 0.867188 0.365234 0.867188 0.367188 0.865234 0.369141 0.865234 0.371094 0.869141 0.375000 0.873047 0.375000 0.876953 0.371094 0.876953 0.367188 0.873047 0.363281
0 0.634766 0.373047 0.632812 0.375000 0.632812 0.376953 0.634766 0.378906 0.636719 0.376953 0.636719 0.375000
1 0.732422 0.371094 0.726562 0.373047 0.722656 0.376953 0.722656 0.384766 0.718750 0.388672 0.708984 0.386719 0.705078 0.388672 0.699219 0.396484 0.710938 0.406250 0.720703 0.404297 0.724609 0.398438 0.724609 0.394531 0.728516 0.390625 0.732422 0.390625 0.738281 0.384766 0.738281 0.376953
0 0.681641 0.378906 0.677734 0.382812 0.677734 0.384766 0.681641 0.388672 0.683594 0.388672 0.687500 0.384766 0.687500 0.382812 0.683594 0.378906
0 0.750000 0.384766 0.746094 0.388672 0.746094 0.390625 0.750000 0.394531 0.751953 0.394531 0.755859 0.390625 0.755859 0.388672 0.751953 0.384766
0 0.458984 0.396484 0.457031 0.398438 0.458984 0.400391 0.460938 0.400391 0.462891 0.398438 0.460938 0.396484
0 0.570312 0.398438 0.566406 0.398438 0.564453 0.400391 0.564453 0.402344 0.566406 0.404297 0.568359 0.404297 0.572266 0.400391
0 0.445312 0.408203 0.443359 0.410156 0.443359 0.412109 0.445312 0.414062 0.447266 0.414062 0.449219 0.412109 0.449219 0.410156 0.447266 0.408203
0 0.460938 0.419922 0.458984 0.421875 0.460938 0.423828 0.462891 0.421875
0 0.392578 0.429688 0.390625 0.431641 0.390625 0.433594 0.392578 0.435547 0.394531 0.435547 0.396484 0.433594 0.396484 0.431641 0.394531 0.429688
0 0.597656 0.435547 0.591797 0.441406 0.591797 0.445312 0.593750 0.447266 0.593750 0.449219 0.595703 0.451172 0.601562 0.451172 0.607422 0.445312 0.607422 0.439453 0.603516 0.435547
0 0.476562 0.437500 0.472656 0.441406 0.472656 0.443359 0.478516 0.449219 0.478516 0.451172 0.480469 0.453125 0.480469 0.455078 0.484375 0.458984 0.490234 0.453125 0.490234 0.449219 0.478516 0.437500
0 0.679688 0.439453 0.677734 0.441406 0.677734 0.443359 0.679688 0.445312 0.681641 0.443359 0.681641 0.441406
0 0.757812 0.439453 0.755859 0.439453 0.753906 0.441406 0.751953 0.441406 0.750000 0.443359 0.750000 0.445312 0.748047 0.447266 0.748047 0.451172 0.751953 0.455078 0.757812 0.455078 0.763672 0.449219 0.763672 0.445312
0 0.566406 0.447266 0.564453 0.447266 0.562500 0.449219 0.560547 0.449219 0.558594 0.451172 0.558594 0.457031 0.562500 0.460938 0.566406 0.460938 0.570312 0.457031 0.570312 0.451172
0 0.945312 0.447266 0.941406 0.451172 0.941406 0.455078 0.947266 0.460938 0.949219 0.460938 0.955078 0.455078 0.955078 0.451172 0.951172 0.447266
1 0.998047 0.447266 0.992188 0.453125 0.994141 0.455078 0.992188 0.457031 0.992188 0.468750 0.994141 0.470703 0.994141 0.474609 0.998047 0.478516
1 0.042969 0.451172 0.039062 0.451172 0.037109 0.453125 0.037109 0.455078 0.033203 0.458984 0.037109 0.462891 0.041016 0.458984 0.041016 0.457031 0.044922 0.453125
0 0.900391 0.451172 0.892578 0.457031 0.892578 0.458984 0.890625 0.460938 0.890625 0.464844 0.898438 0.472656 0.904297 0.472656 0.906250 0.474609 0.908203 0.472656 0.910156 0.472656 0.916016 0.466797 0.916016 0.458984 0.912109 0.453125 0.908203 0.453125 0.906250 0.451172
0 0.625000 0.458984 0.621094 0.462891 0.621094 0.470703 0.623047 0.472656 0.623047 0.474609 0.625000 0.476562 0.628906 0.476562 0.632812 0.472656 0.632812 0.468750 0.630859 0.466797 0.630859 0.464844
0 0.662109 0.458984 0.658203 0.462891 0.658203 0.466797 0.662109 0.470703 0.666016 0.470703 0.671875 0.464844 0.666016 0.458984
0 0.681641 0.458984 0.679688 0.458984 0.675781 0.462891 0.679688 0.466797 0.683594 0.462891 0.683594 0.460938
0 0.734375 0.457031 0.732422 0.458984 0.732422 0.460938 0.734375 0.462891 0.736328 0.460938 0.736328 0.458984
0 0.775391 0.460938 0.771484 0.460938 0.769531 0.462891 0.773438 0.466797 0.777344 0.462891
0 0.978516 0.466797 0.976562 0.466797 0.972656 0.470703 0.972656 0.472656 0.970703 0.474609 0.970703 0.482422 0.974609 0.486328 0.976562 0.486328 0.982422 0.480469 0.982422 0.470703
0 0.792969 0.470703 0.791016 0.472656 0.789062 0.472656 0.787109 0.474609 0.792969 0.480469 0.796875 0.476562 0.796875 0.474609
0 0.646484 0.474609 0.644531 0.476562 0.644531 0.478516 0.648438 0.482422 0.650391 0.482422 0.652344 0.480469 0.652344 0.478516 0.648438 0.474609
0 0.623047 0.482422 0.619141 0.478516 0.615234 0.482422 0.617188 0.484375 0.621094 0.484375
0 0.851562 0.478516 0.849609 0.480469 0.851562 0.482422 0.853516 0.480469
0 0.417969 0.480469 0.416016 0.482422 0.416016 0.486328 0.417969 0.488281 0.419922 0.488281 0.423828 0.484375 0.419922 0.480469
0 0.453125 0.480469 0.451172 0.482422 0.451172 0.484375 0.453125 0.486328 0.455078 0.484375 0.455078 0.482422
0 0.875000 0.488281 0.869141 0.494141 0.869141 0.496094 0.871094 0.498047 0.873047 0.498047 0.875000 0.500000 0.876953 0.500000 0.878906 0.498047 0.878906 0.496094 0.880859 0.494141
0 0.468750 0.498047 0.466797 0.500000 0.466797 0.503906 0.472656 0.509766 0.474609 0.509766 0.476562 0.507812 0.476562 0.503906 0.470703 0.498047
0 0.392578 0.501953 0.390625 0.503906 0.390625 0.505859 0.388672 0.507812 0.388672 0.509766 0.394531 0.515625 0.396484 0.515625 0.400391 0.511719 0.400391 0.505859 0.396484 0.501953
0 0.582031 0.505859 0.578125 0.507812 0.572266 0.513672 0.570312 0.517578 0.570312 0.523438 0.572266 0.527344 0.578125 0.533203 0.589844 0.533203 0.595703 0.529297 0.597656 0.525391 0.597656 0.519531 0.595703 0.517578 0.595703 0.513672 0.589844 0.507812 0.585938 0.505859
0 0.753906 0.505859 0.751953 0.505859 0.750000 0.507812 0.748047 0.507812 0.744141 0.511719 0.744141 0.513672 0.748047 0.517578 0.751953 0.517578 0.757812 0.511719 0.757812 0.509766
0 0.486328 0.513672 0.484375 0.515625 0.484375 0.521484 0.486328 0.523438 0.490234 0.523438 0.492188 0.521484 0.492188 0.515625 0.490234 0.513672
0 0.546875 0.511719 0.542969 0.515625 0.546875 0.519531 0.548828 0.519531 0.552734 0.515625 0.550781 0.513672 0.548828 0.513672
0 0.783203 0.527344 0.785156 0.533203 0.792969 0.541016 0.796875 0.541016 0.806641 0.533203 0.808594 0.533203 0.816406 0.542969 0.820312 0.542969 0.824219 0.539062 0.824219 0.535156 0.820312 0.531250 0.816406 0.531250 0.810547 0.525391 0.810547 0.521484 0.806641 0.517578 0.802734 0.517578 0.800781 0.515625 0.787109 0.521484
0 0.914062 0.517578 0.912109 0.519531 0.910156 0.519531 0.908203 0.521484 0.908203 0.523438 0.912109 0.527344 0.914062 0.527344 0.916016 0.525391 0.916016 0.519531
0 0.755859 0.533203 0.751953 0.537109 0.751953 0.539062 0.757812 0.544922 0.759766 0.542969 0.761719 0.542969 0.763672 0.541016 0.763672 0.539062 0.757812 0.533203
0 0.355469 0.537109 0.353516 0.537109 0.351562 0.539062 0.351562 0.541016 0.353516 0.542969 0.357422 0.539062
0 0.392578 0.539062 0.388672 0.539062 0.386719 0.541016 0.384766 0.541016 0.378906 0.546875 0.378906 0.548828 0.382812 0.552734 0.384766 0.552734 0.392578 0.544922 0.392578 0.542969 0.394531 0.541016
0 0.507812 0.539062 0.503906 0.542969 0.507812 0.546875 0.509766 0.546875 0.511719 0.544922 0.511719 0.541016 0.509766 0.539062
0 0.156250 0.544922 0.154297 0.546875 0.156250 0.548828 0.158203 0.548828 0.160156 0.546875 0.158203 0.544922
0 0.644531 0.542969 0.642578 0.544922 0.644531 0.546875 0.646484 0.546875 0.648438 0.544922 0.646484 0.542969
0 0.443359 0.548828 0.441406 0.550781 0.441406 0.552734 0.443359 0.554688 0.445312 0.552734 0.445312 0.550781
0 0.740234 0.546875 0.736328 0.550781 0.740234 0.554688 0.744141 0.554688 0.748047 0.550781 0.744141 0.546875
0 0.537109 0.552734 0.533203 0.556641 0.533203 0.558594 0.531250 0.560547 0.531250 0.562500 0.537109 0.568359 0.539062 0.568359 0.541016 0.570312 0.544922 0.566406 0.544922 0.562500 0.542969 0.560547 0.542969 0.558594 0.541016 0.556641 0.541016 0.554688 0.539062 0.552734
0 0.779297 0.560547 0.777344 0.560547 0.773438 0.564453 0.773438 0.568359 0.777344 0.572266 0.783203 0.566406 0.783203 0.564453
0 0.621094 0.576172 0.619141 0.578125 0.619141 0.580078 0.621094 0.582031 0.623047 0.580078 0.623047 0.578125
0 0.757812 0.574219 0.750000 0.580078 0.748047 0.583984 0.748047 0.591797 0.753906 0.599609 0.757812 0.601562 0.761719 0.601562 0.763672 0.603516 0.771484 0.595703 0.773438 0.591797 0.773438 0.585938 0.771484 0.582031 0.765625 0.576172 0.761719 0.576172
0 0.437500 0.585938 0.437500 0.591797 0.441406 0.595703 0.445312 0.595703 0.447266 0.593750 0.453125 0.597656 0.458984 0.597656 0.462891 0.593750 0.462891 0.587891 0.460938 0.585938 0.458984 0.585938 0.455078 0.589844 0.453125 0.587891 0.451172 0.587891 0.443359 0.580078
0 0.552734 0.578125 0.550781 0.580078 0.554688 0.583984 0.556641 0.582031
0 0.714844 0.580078 0.710938 0.583984 0.714844 0.587891 0.716797 0.587891 0.720703 0.583984 0.716797 0.580078
0 0.646484 0.583984 0.644531 0.582031 0.642578 0.582031 0.638672 0.585938 0.640625 0.587891 0.644531 0.587891 0.646484 0.585938
0 0.628906 0.585938 0.626953 0.587891 0.626953 0.589844 0.628906 0.591797 0.630859 0.591797 0.632812 0.589844
0 0.494141 0.595703 0.492188 0.597656 0.492188 0.599609 0.494141 0.601562 0.498047 0.601562 0.500000 0.599609 0.500000 0.597656 0.498047 0.595703
0 0.509766 0.595703 0.507812 0.597656 0.509766 0.599609 0.511719 0.597656
0 0.306641 0.597656 0.302734 0.601562 0.302734 0.605469 0.304688 0.607422 0.308594 0.607422 0.312500 0.603516
0 0.414062 0.599609 0.412109 0.601562 0.414062 0.603516 0.416016 0.601562
0 0.679688 0.609375 0.677734 0.607422 0.671875 0.607422 0.669922 0.609375 0.666016 0.609375 0.664062 0.611328 0.664062 0.613281 0.666016 0.615234 0.673828 0.615234
1 0.718750 0.605469 0.716797 0.605469 0.710938 0.611328 0.710938 0.613281 0.707031 0.617188 0.707031 0.621094 0.708984 0.623047 0.712891 0.623047 0.714844 0.621094 0.714844 0.619141 0.718750 0.615234 0.718750 0.613281 0.722656 0.609375
0 0.890625 0.615234 0.888672 0.615234 0.886719 0.617188 0.886719 0.619141 0.888672 0.621094 0.892578 0.617188
1 0.121094 0.619141 0.119141 0.617188 0.115234 0.617188 0.113281 0.619141 0.111328 0.619141 0.109375 0.621094 0.105469 0.621094 0.103516 0.623047 0.105469 0.625000 0.107422 0.625000 0.109375 0.626953 0.111328 0.625000 0.115234 0.625000
0 0.470703 0.617188 0.468750 0.617188 0.466797 0.619141 0.466797 0.623047 0.468750 0.625000 0.472656 0.621094 0.472656 0.619141
0 0.529297 0.619141 0.525391 0.623047 0.525391 0.628906 0.529297 0.632812 0.531250 0.632812 0.535156 0.628906 0.535156 0.625000
1 0.843750 0.619141 0.839844 0.623047 0.839844 0.625000 0.845703 0.630859 0.847656 0.630859 0.853516 0.636719 0.855469 0.636719 0.857422 0.634766 0.857422 0.632812 0.853516 0.628906 0.853516 0.626953 0.851562 0.625000 0.851562 0.623047 0.847656 0.619141
0 0.425781 0.626953 0.423828 0.628906 0.421875 0.628906 0.414062 0.636719 0.414062 0.640625 0.417969 0.644531 0.419922 0.644531 0.421875 0.646484 0.427734 0.646484 0.431641 0.642578 0.431641 0.632812
0 0.552734 0.625000 0.544922 0.634766 0.550781 0.646484 0.539062 0.658203 0.568359 0.681641 0.583984 0.703125 0.597656 0.703125 0.603516 0.689453 0.626953 0.671875 0.626953 0.654297 0.617188 0.646484 0.599609 0.646484 0.589844 0.654297 0.578125 0.650391 0.568359 0.658203 0.558594 0.642578 0.560547 0.628906
0 0.728516 0.625000 0.722656 0.630859 0.722656 0.640625 0.724609 0.642578 0.724609 0.644531 0.730469 0.650391 0.732422 0.650391 0.734375 0.652344 0.738281 0.652344 0.744141 0.646484 0.744141 0.642578 0.746094 0.640625 0.744141 0.630859 0.736328 0.625000
0 0.269531 0.628906 0.267578 0.630859 0.267578 0.632812 0.269531 0.634766 0.273438 0.634766 0.275391 0.632812 0.275391 0.630859 0.273438 0.628906
0 0.443359 0.632812 0.441406 0.634766 0.443359 0.636719 0.445312 0.634766
0 0.294922 0.636719 0.292969 0.638672 0.292969 0.640625 0.294922 0.642578 0.296875 0.640625 0.296875 0.638672
0 0.984375 0.636719 0.980469 0.640625 0.984375 0.644531 0.988281 0.640625
0 0.453125 0.646484 0.451172 0.648438 0.453125 0.650391 0.455078 0.648438
0 0.759766 0.646484 0.755859 0.650391 0.755859 0.652344 0.759766 0.656250 0.761719 0.656250 0.763672 0.654297 0.763672 0.652344 0.765625 0.650391 0.763672 0.648438 0.761719 0.648438
0 0.498047 0.650391 0.496094 0.652344 0.496094 0.654297 0.500000 0.658203 0.501953 0.658203 0.503906 0.660156 0.505859 0.660156 0.507812 0.658203 0.507812 0.656250 0.503906 0.652344 0.500000 0.652344
0 0.675781 0.650391 0.669922 0.654297 0.669922 0.658203 0.671875 0.660156 0.669922 0.662109 0.671875 0.664062 0.671875 0.669922 0.677734 0.673828 0.681641 0.673828 0.687500 0.669922 0.687500 0.667969 0.689453 0.666016 0.689453 0.662109 0.687500 0.660156 0.687500 0.658203 0.679688 0.650391
0 0.371094 0.656250 0.367188 0.660156 0.373047 0.666016 0.375000 0.666016 0.378906 0.662109 0.378906 0.660156 0.375000 0.656250
0 0.412109 0.660156 0.408203 0.664062 0.410156 0.666016 0.412109 0.666016 0.414062 0.664062 0.414062 0.662109
0 0.458984 0.664062 0.458984 0.667969 0.460938 0.669922 0.472656 0.669922 0.474609 0.667969 0.472656 0.666016 0.472656 0.664062 0.468750 0.660156 0.462891 0.660156
0 0.734375 0.660156 0.730469 0.664062 0.732422 0.666016 0.734375 0.666016 0.736328 0.664062 0.736328 0.662109
0 0.529297 0.664062 0.527344 0.666016 0.527344 0.671875 0.529297 0.673828 0.531250 0.673828 0.535156 0.669922 0.535156 0.667969 0.531250 0.664062
0 0.314453 0.667969 0.310547 0.671875 0.310547 0.673828 0.312500 0.675781 0.316406 0.675781 0.318359 0.673828 0.318359 0.671875
0 0.181641 0.673828 0.179688 0.675781 0.181641 0.677734 0.183594 0.675781
0 0.361328 0.677734 0.359375 0.679688 0.361328 0.681641 0.363281 0.681641 0.365234 0.679688 0.363281 0.677734
1 0.636719 0.677734 0.632812 0.679688 0.628906 0.685547 0.630859 0.697266 0.636719 0.703125 0.638672 0.703125 0.650391 0.716797 0.654297 0.710938 0.654297 0.703125 0.648438 0.689453 0.650391 0.687500 0.644531 0.679688
0 0.703125 0.677734 0.699219 0.681641 0.703125 0.685547 0.707031 0.681641
0 0.535156 0.685547 0.531250 0.685547 0.529297 0.687500 0.529297 0.693359 0.533203 0.697266 0.537109 0.693359 0.537109 0.687500
1 0.392578 0.687500 0.388672 0.691406 0.388672 0.695312 0.392578 0.699219 0.390625 0.701172 0.392578 0.705078 0.390625 0.707031 0.390625 0.710938 0.392578 0.712891 0.392578 0.720703 0.396484 0.724609 0.402344 0.724609 0.408203 0.716797 0.406250 0.712891 0.394531 0.703125 0.400391 0.695312 0.400391 0.691406 0.396484 0.687500
0 0.271484 0.691406 0.267578 0.695312 0.267578 0.699219 0.275391 0.707031 0.281250 0.707031 0.285156 0.703125 0.285156 0.701172 0.283203 0.699219 0.283203 0.697266 0.279297 0.693359 0.277344 0.693359 0.275391 0.691406
0 0.427734 0.693359 0.425781 0.695312 0.429688 0.699219 0.431641 0.697266 0.431641 0.695312 0.429688 0.693359
1 0.759766 0.695312 0.753906 0.691406 0.746094 0.701172 0.738281 0.703125 0.728516 0.693359 0.718750 0.693359 0.710938 0.697266 0.712891 0.701172 0.712891 0.710938 0.714844 0.712891 0.742188 0.710938
0 0.771484 0.695312 0.769531 0.693359 0.767578 0.693359 0.763672 0.697266 0.765625 0.699219 0.767578 0.699219
0 0.679688 0.695312 0.673828 0.701172 0.675781 0.703125 0.675781 0.707031 0.677734 0.708984 0.677734 0.710938 0.681641 0.714844 0.687500 0.714844 0.693359 0.708984 0.693359 0.701172 0.687500 0.695312
0 0.996094 0.695312 0.992188 0.699219 0.992188 0.701172 0.994141 0.703125 0.998047 0.703125 0.998047 0.697266
0 0.492188 0.712891 0.494141 0.714844 0.500000 0.714844 0.505859 0.718750 0.507812 0.716797 0.509766 0.718750 0.511719 0.718750 0.519531 0.710938 0.519531 0.708984 0.521484 0.707031 0.517578 0.703125 0.509766 0.703125 0.507812 0.701172 0.501953 0.701172 0.494141 0.708984 0.494141 0.710938
0 0.783203 0.701172 0.781250 0.703125 0.783203 0.705078 0.781250 0.707031 0.783203 0.708984 0.785156 0.708984 0.787109 0.710938 0.791016 0.707031 0.791016 0.703125 0.789062 0.701172
0 0.537109 0.703125 0.535156 0.705078 0.537109 0.707031 0.539062 0.707031 0.541016 0.705078 0.539062 0.703125
0 0.857422 0.714844 0.855469 0.716797 0.855469 0.722656 0.857422 0.724609 0.859375 0.724609 0.861328 0.722656 0.861328 0.720703 0.863281 0.718750 0.859375 0.714844
0 0.240234 0.720703 0.238281 0.720703 0.236328 0.722656 0.236328 0.724609 0.238281 0.726562 0.242188 0.722656
0 0.466797 0.726562 0.464844 0.728516 0.466797 0.730469 0.468750 0.728516
0 0.648438 0.734375 0.646484 0.736328 0.648438 0.738281 0.650391 0.736328
0 0.777344 0.742188 0.773438 0.746094 0.773438 0.748047 0.775391 0.750000 0.777344 0.750000 0.779297 0.751953 0.783203 0.748047 0.783203 0.746094 0.779297 0.742188
0 0.765625 0.746094 0.763672 0.748047 0.763672 0.750000 0.765625 0.751953 0.767578 0.750000 0.767578 0.748047
0 0.343750 0.750000 0.341797 0.751953 0.343750 0.753906 0.345703 0.751953
0 0.458984 0.751953 0.460938 0.753906 0.464844 0.753906 0.466797 0.751953 0.464844 0.750000 0.460938 0.750000
0 0.568359 0.755859 0.564453 0.759766 0.564453 0.763672 0.570312 0.769531 0.574219 0.765625 0.574219 0.761719
0 0.615234 0.773438 0.611328 0.777344 0.611328 0.781250 0.615234 0.785156 0.621094 0.785156 0.623047 0.783203 0.623047 0.777344 0.619141 0.773438
0 0.984375 0.773438 0.982422 0.773438 0.980469 0.775391 0.980469 0.779297 0.982422 0.781250 0.986328 0.777344 0.986328 0.775391
0 0.515625 0.777344 0.509766 0.783203 0.509766 0.787109 0.511719 0.789062 0.511719 0.791016 0.515625 0.794922 0.521484 0.794922 0.527344 0.789062 0.527344 0.783203 0.521484 0.777344
0 0.646484 0.779297 0.636719 0.783203 0.636719 0.794922 0.623047 0.802734 0.609375 0.830078 0.615234 0.851562 0.623047 0.851562 0.625000 0.843750 0.640625 0.830078 0.652344 0.830078 0.646484 0.822266 0.650391 0.814453 0.679688 0.816406 0.679688 0.810547 0.664062 0.800781 0.666016 0.794922 0.658203 0.802734 0.650391 0.796875 0.650391 0.783203
0 0.339844 0.796875 0.333984 0.802734 0.333984 0.808594 0.339844 0.814453 0.343750 0.814453 0.347656 0.810547 0.347656 0.808594 0.349609 0.806641 0.349609 0.802734 0.343750 0.796875
0 0.716797 0.806641 0.714844 0.808594 0.716797 0.810547 0.718750 0.808594
1 0.521484 0.808594 0.511719 0.816406 0.500000 0.816406 0.484375 0.832031 0.498047 0.861328 0.505859 0.865234 0.533203 0.863281 0.568359 0.886719 0.572266 0.884766 0.589844 0.904297 0.593750 0.933594 0.582031 0.943359 0.587891 0.953125 0.578125 0.964844 0.574219 0.988281 0.566406 0.998047 0.574219 0.998047 0.597656 0.974609 0.597656 0.966797 0.585938 0.955078 0.595703 0.947266 0.603516 0.947266 0.609375 0.939453 0.607422 0.910156 0.562500 0.855469 0.541016 0.855469 0.531250 0.847656 0.541016 0.832031 0.525391 0.828125 0.533203 0.814453
0 0.708984 0.816406 0.707031 0.814453 0.705078 0.814453 0.701172 0.810547 0.699219 0.812500 0.693359 0.812500 0.689453 0.816406 0.689453 0.820312 0.695312 0.826172 0.701172 0.826172 0.707031 0.822266 0.707031 0.820312 0.708984 0.818359
0 0.843750 0.810547 0.841797 0.812500 0.841797 0.814453 0.843750 0.816406 0.845703 0.814453 0.845703 0.812500
0 0.736328 0.812500 0.730469 0.818359 0.730469 0.820312 0.726562 0.824219 0.730469 0.828125 0.736328 0.828125 0.738281 0.830078 0.742188 0.830078 0.744141 0.828125 0.746094 0.828125 0.751953 0.822266 0.751953 0.818359 0.746094 0.812500 0.742188 0.812500 0.740234 0.814453 0.738281 0.814453
0 0.769531 0.826172 0.767578 0.828125 0.767578 0.830078 0.765625 0.832031 0.765625 0.837891 0.767578 0.839844 0.769531 0.839844 0.771484 0.841797 0.773438 0.841797 0.779297 0.835938 0.777344 0.833984 0.777344 0.832031 0.775391 0.830078 0.775391 0.828125 0.773438 0.826172
0 0.958984 0.824219 0.955078 0.828125 0.957031 0.830078 0.958984 0.830078 0.960938 0.828125 0.960938 0.826172
0 0.697266 0.847656 0.695312 0.849609 0.695312 0.851562 0.693359 0.853516 0.697266 0.857422 0.699219 0.857422 0.703125 0.853516 0.703125 0.851562 0.699219 0.847656
0 0.628906 0.853516 0.626953 0.855469 0.626953 0.857422 0.628906 0.859375 0.628906 0.861328 0.630859 0.863281 0.632812 0.861328 0.632812 0.857422
0 0.792969 0.853516 0.791016 0.855469 0.791016 0.857422 0.789062 0.859375 0.789062 0.861328 0.794922 0.867188 0.794922 0.869141 0.796875 0.871094 0.798828 0.869141 0.800781 0.869141 0.802734 0.871094 0.804688 0.869141 0.804688 0.861328 0.802734 0.859375 0.802734 0.857422 0.798828 0.853516
0 0.765625 0.855469 0.763672 0.857422 0.765625 0.859375 0.767578 0.857422
1 0.777344 0.863281 0.771484 0.869141 0.773438 0.871094 0.773438 0.878906 0.769531 0.884766 0.769531 0.888672 0.771484 0.890625 0.773438 0.890625 0.777344 0.886719 0.777344 0.882812 0.775391 0.880859 0.775391 0.878906 0.781250 0.873047 0.781250 0.871094 0.783203 0.869141
0 0.699219 0.873047 0.705078 0.878906 0.710938 0.878906 0.712891 0.876953 0.712891 0.873047 0.708984 0.869141 0.703125 0.869141
0 0.646484 0.873047 0.644531 0.875000 0.646484 0.876953 0.648438 0.875000
0 0.734375 0.871094 0.728516 0.876953 0.728516 0.878906 0.732422 0.882812 0.734375 0.882812 0.738281 0.878906 0.738281 0.876953 0.736328 0.875000 0.736328 0.873047
0 0.216797 0.882812 0.212891 0.878906 0.210938 0.878906 0.207031 0.882812 0.207031 0.884766 0.208984 0.886719 0.212891 0.886719
0 0.701172 0.884766 0.693359 0.884766 0.691406 0.886719 0.687500 0.886719 0.681641 0.892578 0.681641 0.900391 0.685547 0.906250 0.691406 0.906250 0.693359 0.908203 0.697266 0.908203 0.699219 0.906250 0.703125 0.906250 0.708984 0.900391 0.710938 0.894531 0.708984 0.892578 0.708984 0.890625
0 0.546875 0.886719 0.544922 0.888672 0.546875 0.890625 0.548828 0.890625 0.550781 0.888672 0.548828 0.886719
0 0.787109 0.886719 0.785156 0.888672 0.783203 0.888672 0.781250 0.890625 0.781250 0.894531 0.787109 0.900391 0.791016 0.900391 0.794922 0.896484 0.794922 0.890625 0.792969 0.888672 0.791016 0.888672 0.789062 0.886719
0 0.966797 0.888672 0.964844 0.890625 0.964844 0.892578 0.966797 0.894531 0.968750 0.892578 0.968750 0.890625
0 0.816406 0.896484 0.814453 0.898438 0.814453 0.900391 0.816406 0.902344 0.816406 0.906250 0.820312 0.910156 0.820312 0.912109 0.826172 0.917969 0.830078 0.917969 0.833984 0.914062 0.833984 0.908203 0.828125 0.902344 0.828125 0.900391 0.826172 0.898438 0.824219 0.898438 0.822266 0.896484
0 0.890625 0.898438 0.886719 0.902344 0.886719 0.908203 0.890625 0.912109 0.896484 0.912109 0.898438 0.910156 0.898438 0.908203 0.900391 0.906250 0.900391 0.904297 0.898438 0.902344 0.898438 0.900391 0.896484 0.898438
0 0.978516 0.898438 0.976562 0.898438 0.972656 0.902344 0.972656 0.904297 0.976562 0.908203 0.978516 0.906250 0.980469 0.906250 0.982422 0.904297 0.980469 0.902344 0.980469 0.900391
0 0.931641 0.904297 0.929688 0.906250 0.931641 0.908203 0.933594 0.906250
0 0.572266 0.906250 0.568359 0.910156 0.568359 0.914062 0.570312 0.916016 0.574219 0.916016 0.578125 0.912109 0.578125 0.910156 0.576172 0.908203 0.574219 0.908203
0 0.466797 0.910156 0.464844 0.912109 0.464844 0.914062 0.466797 0.916016 0.468750 0.914062 0.468750 0.912109
0 0.656250 0.912109 0.654297 0.914062 0.654297 0.916016 0.656250 0.917969 0.658203 0.916016 0.658203 0.914062
0 0.681641 0.923828 0.679688 0.925781 0.681641 0.927734 0.683594 0.927734 0.685547 0.925781 0.683594 0.923828
0 0.716797 0.921875 0.708984 0.923828 0.701172 0.931641 0.693359 0.931641 0.691406 0.933594 0.691406 0.935547 0.699219 0.943359 0.699219 0.947266 0.705078 0.955078 0.714844 0.955078 0.724609 0.949219 0.724609 0.929688
1 0.998047 0.921875 0.994141 0.925781 0.994141 0.929688 0.998047 0.933594
0 0.910156 0.927734 0.908203 0.929688 0.906250 0.929688 0.904297 0.931641 0.904297 0.937500 0.906250 0.939453 0.908203 0.939453 0.910156 0.941406 0.914062 0.941406 0.917969 0.937500 0.917969 0.933594 0.916016 0.931641 0.916016 0.929688 0.914062 0.927734
0 0.876953 0.931641 0.871094 0.937500 0.871094 0.945312 0.869141 0.947266 0.869141 0.955078 0.871094 0.957031 0.876953 0.957031 0.878906 0.955078 0.880859 0.955078 0.884766 0.949219 0.884766 0.941406 0.882812 0.939453 0.882812 0.937500
0 0.757812 0.933594 0.755859 0.935547 0.759766 0.939453 0.761719 0.937500 0.761719 0.935547 0.759766 0.933594
0 0.843750 0.933594 0.839844 0.937500 0.839844 0.939453 0.841797 0.941406 0.841797 0.943359 0.849609 0.951172 0.851562 0.951172 0.853516 0.949219 0.853516 0.945312 0.851562 0.943359 0.851562 0.939453 0.845703 0.933594
0 0.226562 0.939453 0.222656 0.943359 0.226562 0.947266 0.228516 0.947266 0.230469 0.945312 0.230469 0.941406 0.228516 0.939453
0 0.816406 0.937500 0.814453 0.939453 0.814453 0.941406 0.812500 0.943359 0.812500 0.947266 0.816406 0.951172 0.820312 0.951172 0.824219 0.947266 0.824219 0.939453 0.822266 0.937500
0 0.644531 0.945312 0.636719 0.953125 0.636719 0.964844 0.640625 0.970703 0.636719 0.980469 0.638672 0.988281 0.644531 0.990234 0.652344 0.984375 0.662109 0.994141 0.662109 0.998047 0.681641 0.998047 0.679688 0.982422 0.667969 0.964844 0.666016 0.949219 0.658203 0.943359
0 0.955078 0.941406 0.951172 0.941406 0.949219 0.943359 0.949219 0.947266 0.953125 0.951172 0.958984 0.945312
0 0.982422 0.941406 0.980469 0.943359 0.982422 0.945312 0.984375 0.945312 0.986328 0.943359 0.984375 0.941406
0 0.541016 0.951172 0.539062 0.953125 0.541016 0.955078 0.542969 0.953125
0 0.404297 0.957031 0.400391 0.960938 0.400391 0.964844 0.404297 0.968750 0.406250 0.966797 0.406250 0.964844 0.408203 0.962891 0.408203 0.960938
0 0.763672 0.958984 0.761719 0.960938 0.763672 0.962891 0.765625 0.960938
0 0.855469 0.960938 0.851562 0.964844 0.851562 0.966797 0.855469 0.970703 0.857422 0.970703 0.861328 0.966797 0.861328 0.964844 0.857422 0.960938
0 0.890625 0.964844 0.888672 0.966797 0.890625 0.968750 0.892578 0.966797
0 0.816406 0.972656 0.812500 0.972656 0.810547 0.970703 0.808594 0.970703 0.800781 0.978516 0.800781 0.984375 0.804688 0.988281 0.806641 0.988281 0.808594 0.986328 0.810547 0.986328 0.818359 0.978516 0.818359 0.974609
0 0.826172 0.986328 0.826172 0.992188 0.830078 0.996094 0.832031 0.994141 0.835938 0.998047 0.853516 0.998047 0.853516 0.990234 0.847656 0.984375 0.845703 0.986328 0.837891 0.978516 0.833984 0.978516
1 0.869141 0.982422 0.869141 0.988281 0.873047 0.992188 0.876953 0.992188 0.880859 0.996094 0.880859 0.998047 0.892578 0.998047 0.892578 0.996094 0.880859 0.986328 0.882812 0.984375 0.880859 0.982422 0.880859 0.980469 0.876953 0.976562 0.875000 0.976562
0 0.929688 0.982422 0.927734 0.984375 0.929688 0.986328 0.931641 0.986328 0.933594 0.984375 0.931641 0.982422
0 0.382812 0.986328 0.380859 0.988281 0.384766 0.992188 0.386719 0.990234 0.386719 0.988281 0.384766 0.986328
0 0.441406 0.984375 0.437500 0.988281 0.437500 0.992188 0.439453 0.994141 0.439453 0.998047 0.447266 0.998047 0.447266 0.994141 0.449219 0.992188 0.449219 0.988281 0.445312 0.984375
0 0.617188 0.994141 0.617188 0.998047 0.626953 0.998047 0.626953 0.994141 0.625000 0.992188 0.623047 0.992188 0.621094 0.990234
0 0.955078 0.998047 0.964844 0.998047 0.960938 0.994141 0.958984 0.994141
