0 0.433594 0.023438 0.431641 0.025391 0.433594 0.027344 0.435547 0.025391
0 0.433594 0.072266 0.431641 0.074219 0.431641 0.076172 0.433594 0.078125 0.435547 0.076172 0.435547 0.074219
0 0.798828 0.082031 0.794922 0.085938 0.794922 0.093750 0.796875 0.095703 0.800781 0.095703 0.802734 0.097656 0.806641 0.097656 0.808594 0.099609 0.812500 0.099609 0.814453 0.097656 0.814453 0.093750 0.808594 0.087891 0.806641 0.087891 0.800781 0.082031
0 0.773438 0.113281 0.769531 0.117188 0.771484 0.119141 0.773438 0.119141 0.775391 0.117188 0.775391 0.115234
0 0.179688 0.132812 0.177734 0.130859 0.175781 0.130859 0.169922 0.136719 0.171875 0.138672 0.173828 0.136719 0.177734 0.136719 0.179688 0.134766
0 0.775391 0.154297 0.773438 0.156250 0.777344 0.160156 0.779297 0.160156 0.781250 0.158203 0.781250 0.156250 0.779297 0.154297
0 0.898438 0.171875 0.896484 0.169922 0.894531 0.169922 0.890625 0.173828 0.892578 0.175781 0.896484 0.175781 0.898438 0.173828
0 0.767578 0.179688 0.763672 0.183594 0.765625 0.185547 0.765625 0.187500 0.769531 0.191406 0.775391 0.191406 0.777344 0.189453 0.777344 0.185547 0.773438 0.181641 0.771484 0.181641 0.769531 0.179688
0 0.597656 0.183594 0.595703 0.185547 0.597656 0.187500 0.599609 0.187500 0.601562 0.185547 0.599609 0.183594
0 0.515625 0.189453 0.511719 0.193359 0.511719 0.195312 0.515625 0.199219 0.517578 0.199219 0.519531 0.197266 0.519531 0.191406 0.517578 0.189453
0 0.406250 0.191406 0.404297 0.193359 0.406250 0.195312 0.408203 0.193359
0 0.648438 0.201172 0.646484 0.203125 0.648438 0.205078 0.650391 0.203125
0 0.363281 0.208984 0.359375 0.205078 0.355469 0.208984 0.357422 0.214844 0.347656 0.220703 0.341797 0.220703 0.330078 0.212891 0.322266 0.212891 0.316406 0.218750 0.316406 0.228516 0.330078 0.242188 0.341797 0.242188 0.347656 0.246094 0.355469 0.246094 0.365234 0.234375 0.365234 0.228516 0.357422 0.218750 0.363281 0.212891
0 0.462891 0.214844 0.460938 0.216797 0.460938 0.218750 0.466797 0.224609 0.468750 0.224609 0.472656 0.220703 0.468750 0.216797 0.466797 0.216797 0.464844 0.214844
0 0.482422 0.214844 0.478516 0.218750 0.486328 0.226562 0.488281 0.224609 0.486328 0.222656 0.486328 0.216797 0.484375 0.214844
0 0.646484 0.214844 0.640625 0.214844 0.636719 0.218750 0.636719 0.228516 0.640625 0.232422 0.642578 0.232422 0.644531 0.230469 0.648438 0.230469 0.654297 0.224609 0.654297 0.220703 0.650391 0.216797 0.648438 0.216797
1 0.242188 0.220703 0.236328 0.220703 0.228516 0.226562 0.224609 0.240234 0.207031 0.255859 0.197266 0.271484 0.183594 0.287109 0.181641 0.291016 0.183594 0.292969 0.187500 0.292969 0.199219 0.283203 0.203125 0.283203 0.205078 0.281250 0.205078 0.277344 0.214844 0.265625 0.214844 0.257812 0.230469 0.242188 0.234375 0.240234 0.246094 0.240234 0.250000 0.236328 0.250000 0.226562
0 0.505859 0.224609 0.503906 0.226562 0.503906 0.230469 0.505859 0.232422 0.509766 0.232422 0.511719 0.230469 0.511719 0.226562 0.509766 0.224609
0 0.751953 0.226562 0.748047 0.230469 0.748047 0.232422 0.751953 0.236328 0.755859 0.236328 0.757812 0.234375 0.757812 0.228516 0.755859 0.226562
0 0.478516 0.230469 0.474609 0.230469 0.470703 0.234375 0.470703 0.236328 0.468750 0.238281 0.468750 0.240234 0.470703 0.242188 0.474609 0.242188 0.478516 0.238281 0.478516 0.236328 0.480469 0.234375 0.480469 0.232422
0 0.562500 0.230469 0.558594 0.234375 0.562500 0.238281 0.566406 0.234375
0 0.585938 0.230469 0.583984 0.232422 0.585938 0.234375 0.587891 0.232422
0 0.378906 0.238281 0.373047 0.244141 0.371094 0.251953 0.382812 0.263672 0.386719 0.271484 0.396484 0.271484 0.402344 0.265625 0.402344 0.250000 0.394531 0.240234 0.390625 0.238281
0 0.078125 0.244141 0.074219 0.248047 0.074219 0.250000 0.078125 0.253906 0.082031 0.250000 0.082031 0.248047
0 0.537109 0.244141 0.535156 0.246094 0.533203 0.246094 0.531250 0.248047 0.533203 0.250000 0.535156 0.250000 0.537109 0.251953 0.541016 0.248047
1 0.000000 0.253906 0.000000 0.371094 0.041016 0.359375 0.000000 0.390625 0.000000 0.490234 0.066406 0.566406 0.078125 0.632812 0.156250 0.640625 0.144531 0.767578 0.201172 0.791016 0.230469 0.882812 0.318359 0.886719 0.330078 0.949219 0.365234 0.876953 0.410156 0.886719 0.455078 0.937500 0.427734 0.998047 0.464844 0.998047 0.441406 0.890625 0.480469 0.859375 0.441406 0.886719 0.359375 0.859375 0.339844 0.824219 0.373047 0.816406 0.367188 0.783203 0.240234 0.796875 0.373047 0.761719 0.408203 0.787109 0.462891 0.746094 0.412109 0.714844 0.419922 0.673828 0.390625 0.708984 0.361328 0.683594 0.388672 0.654297 0.371094 0.562500 0.437500 0.568359 0.337891 0.501953 0.382812 0.457031 0.291016 0.476562 0.269531 0.447266 0.273438 0.480469 0.205078 0.498047 0.236328 0.472656 0.109375 0.376953 0.205078 0.312500 0.156250 0.289062 0.126953 0.330078 0.123047 0.261719 0.117188 0.328125 0.076172 0.349609
0 0.734375 0.253906 0.732422 0.255859 0.734375 0.257812 0.736328 0.255859
0 0.058594 0.261719 0.056641 0.263672 0.058594 0.265625 0.060547 0.263672
0 0.595703 0.263672 0.591797 0.267578 0.591797 0.271484 0.593750 0.273438 0.595703 0.273438 0.597656 0.271484 0.597656 0.265625
0 0.359375 0.285156 0.357422 0.283203 0.351562 0.283203 0.339844 0.291016 0.330078 0.285156 0.324219 0.285156 0.318359 0.291016 0.318359 0.300781 0.320312 0.304688 0.326172 0.308594 0.333984 0.308594 0.345703 0.296875 0.357422 0.300781 0.359375 0.298828
0 0.417969 0.285156 0.414062 0.289062 0.414062 0.292969 0.412109 0.294922 0.412109 0.304688 0.417969 0.308594 0.423828 0.308594 0.425781 0.306641 0.427734 0.306641 0.429688 0.304688 0.429688 0.302734 0.427734 0.300781 0.427734 0.296875 0.425781 0.294922 0.423828 0.289062 0.419922 0.285156
0 0.626953 0.287109 0.623047 0.287109 0.619141 0.291016 0.619141 0.294922 0.621094 0.296875 0.623047 0.296875 0.625000 0.298828 0.626953 0.296875 0.628906 0.296875 0.630859 0.294922 0.630859 0.291016
0 0.677734 0.310547 0.675781 0.312500 0.679688 0.316406 0.681641 0.314453 0.681641 0.312500 0.679688 0.310547
0 0.480469 0.322266 0.476562 0.326172 0.478516 0.328125 0.480469 0.328125 0.482422 0.326172 0.482422 0.324219
0 0.353516 0.330078 0.349609 0.330078 0.347656 0.332031 0.347656 0.333984 0.351562 0.337891 0.355469 0.333984 0.355469 0.332031
0 0.435547 0.328125 0.431641 0.332031 0.431641 0.333984 0.433594 0.335938 0.435547 0.335938 0.437500 0.333984 0.437500 0.330078
0 0.625000 0.328125 0.623047 0.330078 0.623047 0.332031 0.625000 0.333984 0.626953 0.332031 0.626953 0.330078
0 0.371094 0.332031 0.367188 0.335938 0.367188 0.337891 0.371094 0.341797 0.376953 0.341797 0.378906 0.339844 0.378906 0.337891 0.373047 0.332031
0 0.191406 0.335938 0.189453 0.337891 0.193359 0.341797 0.195312 0.339844 0.195312 0.337891 0.193359 0.335938
0 0.167969 0.349609 0.164062 0.345703 0.160156 0.349609 0.162109 0.351562 0.166016 0.351562
0 0.441406 0.345703 0.437500 0.349609 0.437500 0.351562 0.441406 0.355469 0.445312 0.351562 0.445312 0.349609
0 0.642578 0.353516 0.640625 0.355469 0.642578 0.357422 0.644531 0.355469
0 0.945312 0.353516 0.943359 0.355469 0.943359 0.357422 0.945312 0.359375 0.947266 0.359375 0.949219 0.357422
0 0.363281 0.355469 0.361328 0.357422 0.363281 0.359375 0.365234 0.359375 0.367188 0.357422 0.365234 0.355469
0 0.562500 0.357422 0.560547 0.359375 0.558594 0.359375 0.556641 0.361328 0.556641 0.363281 0.554688 0.365234 0.554688 0.369141 0.560547 0.375000 0.562500 0.373047 0.566406 0.373047 0.568359 0.371094 0.568359 0.369141 0.570312 0.367188 0.570312 0.365234
1 0.337891 0.361328 0.333984 0.365234 0.335938 0.375000 0.337891 0.376953 0.339844 0.376953 0.347656 0.384766 0.347656 0.386719 0.349609 0.388672 0.351562 0.388672 0.355469 0.384766 0.355469 0.380859 0.347656 0.375000 0.347656 0.373047 0.345703 0.371094 0.347656 0.369141 0.343750 0.365234 0.343750 0.363281 0.341797 0.361328
0 0.822266 0.361328 0.820312 0.363281 0.820312 0.365234 0.822266 0.367188 0.824219 0.367188 0.826172 0.365234 0.826172 0.363281 0.824219 0.361328
0 0.621094 0.363281 0.619141 0.365234 0.619141 0.367188 0.623047 0.371094 0.625000 0.369141 0.625000 0.365234 0.623047 0.363281
0 0.394531 0.375000 0.388672 0.369141 0.380859 0.369141 0.375000 0.375000 0.375000 0.376953 0.371094 0.382812 0.371094 0.386719 0.373047 0.388672 0.378906 0.388672 0.380859 0.386719 0.382812 0.386719 0.386719 0.382812 0.388672 0.382812 0.394531 0.376953
0 0.480469 0.390625 0.478516 0.392578 0.478516 0.394531 0.480469 0.396484 0.482422 0.394531 0.482422 0.392578
0 0.451172 0.394531 0.449219 0.396484 0.449219 0.398438 0.451172 0.400391 0.453125 0.400391 0.455078 0.398438 0.455078 0.396484 0.453125 0.394531
0 0.525391 0.396484 0.523438 0.398438 0.525391 0.400391 0.527344 0.398438
1 0.306641 0.410156 0.314453 0.416016 0.318359 0.414062 0.330078 0.419922 0.339844 0.427734 0.341797 0.425781 0.341797 0.421875 0.337891 0.416016 0.337891 0.412109 0.330078 0.408203 0.326172 0.404297 0.318359 0.402344 0.310547 0.406250
0 0.693359 0.402344 0.691406 0.404297 0.691406 0.406250 0.693359 0.408203 0.695312 0.406250 0.695312 0.404297
0 0.648438 0.412109 0.646484 0.412109 0.642578 0.416016 0.646484 0.419922 0.650391 0.416016 0.650391 0.414062
0 0.281250 0.423828 0.285156 0.433594 0.289062 0.437500 0.292969 0.439453 0.302734 0.439453 0.304688 0.441406 0.310547 0.441406 0.312500 0.439453 0.312500 0.433594 0.300781 0.421875 0.298828 0.421875 0.294922 0.417969 0.291016 0.416016
0 0.664062 0.416016 0.662109 0.417969 0.664062 0.419922 0.666016 0.417969
0 0.472656 0.417969 0.470703 0.419922 0.470703 0.421875 0.474609 0.425781 0.476562 0.425781 0.478516 0.423828 0.478516 0.419922 0.476562 0.417969
0 0.537109 0.417969 0.529297 0.417969 0.519531 0.425781 0.519531 0.431641 0.521484 0.433594 0.523438 0.443359 0.533203 0.451172 0.542969 0.445312 0.542969 0.439453 0.533203 0.431641 0.533203 0.427734 0.539062 0.421875
0 0.373047 0.421875 0.369141 0.425781 0.369141 0.429688 0.371094 0.431641 0.371094 0.433594 0.373047 0.435547 0.375000 0.435547 0.376953 0.437500 0.380859 0.437500 0.384766 0.433594 0.384766 0.429688 0.382812 0.427734 0.382812 0.425781 0.378906 0.421875
1 0.675781 0.423828 0.671875 0.423828 0.669922 0.425781 0.669922 0.427734 0.666016 0.431641 0.664062 0.431641 0.658203 0.437500 0.662109 0.443359 0.664062 0.443359 0.667969 0.439453 0.669922 0.439453 0.677734 0.431641 0.677734 0.425781
0 0.421875 0.427734 0.417969 0.431641 0.417969 0.433594 0.421875 0.437500 0.423828 0.437500 0.427734 0.433594 0.427734 0.431641 0.423828 0.427734
0 0.492188 0.443359 0.482422 0.449219 0.482422 0.457031 0.486328 0.460938 0.488281 0.468750 0.500000 0.478516 0.500000 0.484375 0.505859 0.486328 0.509766 0.482422 0.507812 0.474609 0.509766 0.468750 0.513672 0.464844 0.513672 0.455078 0.503906 0.445312 0.496094 0.445312
0 0.880859 0.443359 0.876953 0.443359 0.871094 0.449219 0.871094 0.451172 0.875000 0.455078 0.878906 0.455078 0.884766 0.449219 0.884766 0.447266
1 0.398438 0.449219 0.386719 0.460938 0.388672 0.462891 0.392578 0.458984 0.396484 0.458984 0.398438 0.457031 0.398438 0.455078 0.400391 0.453125 0.400391 0.451172
0 0.652344 0.449219 0.650391 0.449219 0.648438 0.451172 0.648438 0.453125 0.650391 0.455078 0.654297 0.451172
0 0.685547 0.455078 0.681641 0.458984 0.683594 0.460938 0.685547 0.460938 0.687500 0.458984 0.687500 0.457031
0 0.417969 0.460938 0.414062 0.460938 0.412109 0.462891 0.406250 0.462891 0.404297 0.464844 0.412109 0.472656 0.414062 0.472656 0.419922 0.466797 0.419922 0.462891
1 0.421875 0.478516 0.421875 0.488281 0.425781 0.492188 0.437500 0.486328 0.453125 0.503906 0.460938 0.501953 0.474609 0.509766 0.484375 0.498047 0.490234 0.503906 0.494141 0.500000 0.492188 0.496094 0.486328 0.498047 0.482422 0.494141 0.484375 0.484375 0.458984 0.462891 0.451172 0.468750 0.451172 0.478516 0.445312 0.484375 0.431641 0.470703
0 0.716797 0.460938 0.712891 0.464844 0.712891 0.466797 0.714844 0.468750 0.714844 0.470703 0.716797 0.472656 0.722656 0.472656 0.724609 0.470703 0.724609 0.464844 0.722656 0.462891 0.720703 0.462891 0.718750 0.460938
0 0.388672 0.466797 0.386719 0.468750 0.386719 0.472656 0.390625 0.476562 0.390625 0.480469 0.384766 0.486328 0.384766 0.490234 0.388672 0.494141 0.392578 0.494141 0.406250 0.482422 0.404297 0.480469 0.402344 0.480469 0.394531 0.472656 0.394531 0.470703 0.390625 0.466797
0 0.603516 0.466797 0.601562 0.468750 0.601562 0.472656 0.603516 0.474609 0.607422 0.474609 0.609375 0.472656 0.609375 0.468750 0.607422 0.466797
0 0.550781 0.474609 0.546875 0.478516 0.548828 0.480469 0.550781 0.480469 0.552734 0.478516 0.552734 0.476562
0 0.626953 0.472656 0.625000 0.474609 0.625000 0.476562 0.623047 0.478516 0.625000 0.480469 0.626953 0.480469 0.630859 0.484375 0.632812 0.482422 0.632812 0.476562 0.628906 0.472656
0 0.695312 0.472656 0.691406 0.476562 0.691406 0.478516 0.695312 0.482422 0.697266 0.482422 0.701172 0.478516 0.701172 0.476562 0.697266 0.472656
0 0.673828 0.476562 0.671875 0.478516 0.673828 0.480469 0.675781 0.480469 0.677734 0.478516 0.675781 0.476562
0 0.828125 0.480469 0.824219 0.484375 0.824219 0.486328 0.828125 0.490234 0.832031 0.490234 0.833984 0.488281 0.833984 0.484375 0.830078 0.480469
0 0.558594 0.490234 0.556641 0.490234 0.552734 0.494141 0.552734 0.498047 0.554688 0.500000 0.560547 0.494141 0.560547 0.492188
0 0.666016 0.492188 0.664062 0.494141 0.666016 0.496094 0.667969 0.494141
0 0.859375 0.501953 0.855469 0.501953 0.853516 0.503906 0.851562 0.503906 0.849609 0.505859 0.849609 0.507812 0.847656 0.509766 0.853516 0.515625 0.855469 0.513672 0.857422 0.513672 0.863281 0.507812 0.861328 0.505859 0.861328 0.503906
0 0.955078 0.505859 0.953125 0.503906 0.951172 0.503906 0.947266 0.507812 0.949219 0.509766 0.953125 0.509766 0.955078 0.507812
0 0.484375 0.513672 0.482422 0.515625 0.482422 0.517578 0.484375 0.519531 0.484375 0.521484 0.488281 0.525391 0.488281 0.531250 0.490234 0.533203 0.500000 0.523438 0.500000 0.521484 0.494141 0.515625 0.490234 0.515625 0.488281 0.513672
1 0.400391 0.517578 0.398438 0.515625 0.396484 0.515625 0.392578 0.519531 0.390625 0.519531 0.384766 0.525391 0.384766 0.527344 0.386719 0.529297 0.388672 0.527344 0.392578 0.527344 0.394531 0.525391 0.398438 0.525391 0.400391 0.523438
0 0.591797 0.517578 0.589844 0.519531 0.591797 0.521484 0.593750 0.521484 0.595703 0.519531 0.593750 0.517578
0 0.369141 0.523438 0.367188 0.525391 0.367188 0.527344 0.371094 0.531250 0.373047 0.531250 0.375000 0.529297 0.375000 0.527344 0.371094 0.523438
0 0.572266 0.531250 0.570312 0.533203 0.570312 0.535156 0.572266 0.537109 0.574219 0.535156 0.574219 0.533203
0 0.714844 0.537109 0.712891 0.539062 0.712891 0.541016 0.714844 0.542969 0.716797 0.542969 0.718750 0.541016
0 0.509766 0.550781 0.503906 0.554688 0.503906 0.562500 0.507812 0.566406 0.511719 0.566406 0.513672 0.568359 0.515625 0.566406 0.517578 0.566406 0.521484 0.562500 0.521484 0.560547 0.513672 0.552734 0.511719 0.552734
0 0.662109 0.558594 0.658203 0.558594 0.656250 0.560547 0.656250 0.562500 0.660156 0.566406 0.664062 0.562500 0.664062 0.560547
0 0.253906 0.564453 0.251953 0.566406 0.251953 0.568359 0.255859 0.572266 0.257812 0.570312 0.257812 0.568359
0 0.472656 0.564453 0.470703 0.566406 0.470703 0.570312 0.472656 0.572266 0.476562 0.572266 0.478516 0.570312 0.478516 0.566406 0.476562 0.564453
0 0.687500 0.568359 0.683594 0.572266 0.683594 0.574219 0.681641 0.576172 0.681641 0.582031 0.687500 0.587891 0.691406 0.587891 0.695312 0.583984 0.697266 0.583984 0.701172 0.580078 0.701172 0.578125 0.691406 0.568359
0 0.595703 0.623047 0.578125 0.613281 0.568359 0.626953 0.542969 0.630859 0.523438 0.617188 0.513672 0.632812 0.500000 0.634766 0.496094 0.617188 0.513672 0.595703 0.484375 0.578125 0.470703 0.589844 0.443359 0.589844 0.464844 0.603516 0.494141 0.632812 0.490234 0.636719 0.472656 0.636719 0.462891 0.623047 0.464844 0.638672 0.447266 0.658203 0.417969 0.623047 0.404297 0.632812 0.435547 0.654297 0.439453 0.667969 0.451172 0.675781 0.457031 0.687500 0.447266 0.703125 0.451172 0.708984 0.478516 0.681641 0.488281 0.654297 0.503906 0.654297 0.517578 0.667969 0.533203 0.640625 0.544922 0.650391 0.556641 0.650391 0.574219 0.638672 0.572266 0.628906 0.578125 0.623047 0.585938 0.628906
0 0.333984 0.582031 0.332031 0.583984 0.332031 0.585938 0.330078 0.587891 0.330078 0.591797 0.332031 0.593750 0.339844 0.593750 0.343750 0.589844 0.343750 0.587891 0.339844 0.583984 0.337891 0.583984 0.335938 0.582031
0 0.210938 0.591797 0.208984 0.593750 0.210938 0.595703 0.212891 0.595703 0.214844 0.593750 0.212891 0.591797
0 0.271484 0.591797 0.269531 0.593750 0.269531 0.595703 0.271484 0.597656 0.271484 0.601562 0.273438 0.603516 0.277344 0.603516 0.279297 0.601562 0.279297 0.599609
0 0.716797 0.591797 0.712891 0.591797 0.710938 0.589844 0.708984 0.591797 0.703125 0.591797 0.697266 0.597656 0.695312 0.601562 0.695312 0.607422 0.703125 0.617188 0.714844 0.617188 0.722656 0.611328 0.724609 0.607422 0.724609 0.599609
0 0.748047 0.589844 0.744141 0.593750 0.750000 0.599609 0.753906 0.595703 0.753906 0.593750 0.750000 0.589844
0 0.769531 0.591797 0.767578 0.593750 0.769531 0.595703 0.771484 0.595703 0.773438 0.593750 0.771484 0.591797
0 0.888672 0.591797 0.886719 0.593750 0.888672 0.595703 0.890625 0.593750
0 0.539062 0.609375 0.535156 0.613281 0.539062 0.617188 0.542969 0.613281
0 0.714844 0.628906 0.712891 0.630859 0.712891 0.632812 0.716797 0.636719 0.718750 0.636719 0.722656 0.632812 0.718750 0.628906
0 0.601562 0.636719 0.599609 0.638672 0.601562 0.640625 0.603516 0.640625 0.605469 0.638672 0.603516 0.636719
0 0.638672 0.636719 0.636719 0.638672 0.636719 0.640625 0.638672 0.642578 0.642578 0.642578 0.644531 0.640625 0.640625 0.636719
0 0.751953 0.640625 0.748047 0.644531 0.748047 0.646484 0.751953 0.650391 0.753906 0.650391 0.755859 0.648438 0.755859 0.646484 0.757812 0.644531 0.753906 0.640625
0 0.259766 0.652344 0.257812 0.650391 0.253906 0.650391 0.250000 0.654297 0.251953 0.656250 0.255859 0.656250
0 0.628906 0.650391 0.626953 0.652344 0.626953 0.658203 0.628906 0.660156 0.628906 0.662109 0.630859 0.664062 0.634766 0.664062 0.636719 0.662109 0.636719 0.660156 0.634766 0.658203 0.634766 0.656250
0 0.574219 0.656250 0.562500 0.660156 0.564453 0.673828 0.552734 0.683594 0.562500 0.703125 0.589844 0.705078 0.578125 0.730469 0.539062 0.748047 0.507812 0.742188 0.492188 0.761719 0.486328 0.751953 0.496094 0.736328 0.484375 0.730469 0.466797 0.744141 0.470703 0.755859 0.457031 0.763672 0.466797 0.783203 0.472656 0.763672 0.482422 0.775391 0.519531 0.781250 0.492188 0.792969 0.503906 0.828125 0.533203 0.826172 0.542969 0.835938 0.542969 0.851562 0.513672 0.867188 0.517578 0.878906 0.550781 0.853516 0.562500 0.828125 0.578125 0.833984 0.564453 0.824219 0.576172 0.806641 0.576172 0.773438 0.568359 0.761719 0.585938 0.751953 0.597656 0.716797 0.607422 0.724609 0.601562 0.732422 0.611328 0.732422 0.607422 0.718750 0.597656 0.714844 0.603516 0.693359 0.585938 0.693359 0.587891 0.667969
0 0.228516 0.662109 0.224609 0.666016 0.224609 0.669922 0.226562 0.671875 0.228516 0.671875 0.232422 0.667969 0.232422 0.666016
0 0.550781 0.660156 0.546875 0.664062 0.546875 0.666016 0.548828 0.667969 0.550781 0.667969 0.554688 0.664062
0 0.673828 0.660156 0.669922 0.664062 0.673828 0.667969 0.677734 0.664062
0 0.390625 0.667969 0.388672 0.669922 0.388672 0.673828 0.392578 0.677734 0.396484 0.673828 0.394531 0.671875 0.394531 0.669922 0.392578 0.667969
0 0.808594 0.671875 0.806641 0.673828 0.806641 0.675781 0.804688 0.677734 0.804688 0.679688 0.802734 0.681641 0.802734 0.685547 0.806641 0.689453 0.810547 0.689453 0.816406 0.683594 0.816406 0.679688
0 0.878906 0.673828 0.875000 0.677734 0.875000 0.679688 0.880859 0.685547 0.884766 0.685547 0.886719 0.687500 0.890625 0.683594 0.890625 0.681641 0.888672 0.679688 0.886719 0.679688 0.882812 0.675781 0.880859 0.675781
0 0.490234 0.681641 0.486328 0.685547 0.486328 0.691406 0.490234 0.695312 0.496094 0.695312 0.498047 0.693359 0.498047 0.691406 0.496094 0.689453 0.496094 0.687500 0.494141 0.685547 0.494141 0.683594 0.492188 0.681641
0 0.523438 0.679688 0.521484 0.681641 0.521484 0.687500 0.525391 0.691406 0.529297 0.687500 0.529297 0.683594 0.525391 0.679688
0 0.386719 0.685547 0.384766 0.687500 0.386719 0.689453 0.388672 0.687500
0 0.507812 0.689453 0.505859 0.691406 0.505859 0.693359 0.507812 0.695312 0.511719 0.695312 0.513672 0.693359 0.509766 0.689453
0 0.914062 0.689453 0.912109 0.691406 0.912109 0.695312 0.914062 0.697266 0.917969 0.693359
0 0.863281 0.699219 0.861328 0.701172 0.863281 0.703125 0.865234 0.703125 0.867188 0.701172 0.865234 0.699219
0 0.431641 0.703125 0.427734 0.707031 0.429688 0.708984 0.431641 0.708984 0.433594 0.707031 0.433594 0.705078
0 0.478516 0.703125 0.474609 0.703125 0.470703 0.707031 0.470703 0.708984 0.476562 0.714844 0.478516 0.712891 0.480469 0.712891 0.484375 0.708984
0 0.513672 0.707031 0.507812 0.710938 0.507812 0.712891 0.505859 0.714844 0.505859 0.722656 0.511719 0.728516 0.519531 0.728516 0.523438 0.724609 0.523438 0.718750 0.521484 0.716797 0.521484 0.714844
0 0.468750 0.716797 0.466797 0.718750 0.466797 0.722656 0.468750 0.724609 0.472656 0.720703
0 0.746094 0.718750 0.742188 0.722656 0.742188 0.726562 0.746094 0.730469 0.748047 0.730469 0.751953 0.726562 0.751953 0.722656 0.748047 0.718750
0 0.642578 0.726562 0.636719 0.732422 0.636719 0.734375 0.644531 0.742188 0.646484 0.742188 0.650391 0.746094 0.656250 0.748047 0.660156 0.744141 0.660156 0.738281 0.658203 0.736328 0.658203 0.734375 0.650391 0.726562
0 0.998047 0.753906 0.994141 0.757812 0.994141 0.759766 0.998047 0.763672
0 0.597656 0.773438 0.593750 0.777344 0.593750 0.779297 0.595703 0.781250 0.597656 0.781250 0.599609 0.783203 0.603516 0.783203 0.607422 0.779297 0.601562 0.773438
0 0.423828 0.777344 0.419922 0.781250 0.419922 0.783203 0.417969 0.785156 0.421875 0.789062 0.425781 0.789062 0.427734 0.791016 0.429688 0.789062 0.425781 0.785156 0.425781 0.779297
0 0.699219 0.779297 0.695312 0.783203 0.695312 0.787109 0.701172 0.792969 0.703125 0.792969 0.707031 0.789062 0.707031 0.785156 0.701172 0.779297
0 0.828125 0.777344 0.826172 0.779297 0.824219 0.779297 0.822266 0.781250 0.822266 0.783203 0.820312 0.785156 0.820312 0.789062 0.824219 0.792969 0.828125 0.792969 0.833984 0.787109 0.833984 0.785156 0.832031 0.783203 0.832031 0.781250
1 0.611328 0.804688 0.626953 0.818359 0.632812 0.810547 0.632812 0.804688 0.648438 0.791016 0.654297 0.791016 0.669922 0.800781 0.675781 0.794922 0.675781 0.789062 0.666016 0.781250 0.652344 0.785156 0.644531 0.785156 0.638672 0.781250 0.625000 0.792969 0.615234 0.794922
0 0.853516 0.787109 0.851562 0.789062 0.853516 0.791016 0.855469 0.791016 0.857422 0.789062 0.855469 0.787109
1 0.912109 0.787109 0.906250 0.787109 0.902344 0.791016 0.904297 0.794922 0.898438 0.800781 0.892578 0.800781 0.888672 0.804688 0.888672 0.810547 0.892578 0.814453 0.898438 0.814453 0.900391 0.816406 0.910156 0.808594 0.908203 0.804688 0.916016 0.792969 0.916016 0.791016
0 0.839844 0.794922 0.835938 0.798828 0.835938 0.802734 0.837891 0.804688 0.843750 0.804688 0.847656 0.800781 0.847656 0.798828 0.843750 0.794922
0 0.802734 0.798828 0.798828 0.802734 0.798828 0.806641 0.800781 0.808594 0.806641 0.808594 0.808594 0.806641 0.808594 0.802734 0.804688 0.798828
0 0.748047 0.802734 0.746094 0.802734 0.740234 0.808594 0.740234 0.810547 0.746094 0.816406 0.751953 0.810547 0.751953 0.806641
0 0.462891 0.808594 0.458984 0.808594 0.457031 0.810547 0.457031 0.812500 0.460938 0.816406 0.464844 0.812500 0.464844 0.810547
1 0.773438 0.814453 0.765625 0.814453 0.763672 0.822266 0.759766 0.826172 0.750000 0.822266 0.732422 0.839844 0.732422 0.849609 0.736328 0.855469 0.748047 0.861328 0.751953 0.861328 0.759766 0.855469 0.761719 0.847656 0.777344 0.835938 0.775391 0.832031 0.777344 0.818359
0 0.830078 0.812500 0.822266 0.812500 0.814453 0.820312 0.820312 0.828125 0.833984 0.832031 0.839844 0.837891 0.847656 0.867188 0.837891 0.875000 0.837891 0.880859 0.826172 0.888672 0.800781 0.875000 0.789062 0.878906 0.781250 0.873047 0.775391 0.880859 0.775391 0.886719 0.783203 0.896484 0.781250 0.906250 0.789062 0.914062 0.794922 0.910156 0.794922 0.902344 0.798828 0.898438 0.808594 0.898438 0.816406 0.892578 0.830078 0.900391 0.833984 0.898438 0.845703 0.902344 0.851562 0.912109 0.861328 0.908203 0.853516 0.882812 0.863281 0.863281 0.863281 0.849609
0 0.593750 0.824219 0.593750 0.833984 0.597656 0.837891 0.625000 0.837891 0.626953 0.835938 0.626953 0.828125 0.623047 0.822266 0.619141 0.822266 0.617188 0.820312 0.613281 0.822266 0.607422 0.818359 0.599609 0.818359
0 0.796875 0.816406 0.792969 0.820312 0.792969 0.824219 0.796875 0.828125 0.800781 0.828125 0.802734 0.826172 0.802734 0.820312 0.798828 0.816406
0 0.878906 0.816406 0.873047 0.816406 0.871094 0.818359 0.869141 0.818359 0.863281 0.824219 0.863281 0.828125 0.865234 0.830078 0.865234 0.832031 0.867188 0.833984 0.869141 0.833984 0.873047 0.837891 0.875000 0.837891 0.880859 0.832031 0.880859 0.830078 0.884766 0.826172 0.884766 0.822266
0 0.492188 0.832031 0.490234 0.833984 0.490234 0.835938 0.492188 0.837891 0.494141 0.835938 0.494141 0.833984
1 0.791016 0.849609 0.791016 0.855469 0.798828 0.859375 0.800781 0.857422 0.818359 0.859375 0.824219 0.865234 0.822266 0.867188 0.822266 0.873047 0.826172 0.876953 0.833984 0.871094 0.832031 0.865234 0.835938 0.859375 0.835938 0.853516 0.832031 0.849609 0.826172 0.849609 0.824219 0.847656 0.792969 0.847656
0 0.414062 0.855469 0.412109 0.857422 0.416016 0.861328 0.417969 0.859375 0.417969 0.857422 0.416016 0.855469
0 0.433594 0.855469 0.427734 0.861328 0.427734 0.863281 0.435547 0.871094 0.439453 0.871094 0.441406 0.869141 0.441406 0.865234 0.445312 0.859375 0.443359 0.857422 0.441406 0.859375 0.439453 0.857422 0.437500 0.857422 0.435547 0.855469
0 0.701172 0.857422 0.697266 0.861328 0.697266 0.863281 0.701172 0.867188 0.703125 0.867188 0.707031 0.863281 0.707031 0.861328 0.705078 0.859375 0.703125 0.859375
0 0.876953 0.863281 0.875000 0.865234 0.875000 0.869141 0.878906 0.873047 0.880859 0.873047 0.884766 0.869141 0.878906 0.863281
1 0.738281 0.876953 0.734375 0.878906 0.730469 0.884766 0.730469 0.896484 0.732422 0.898438 0.730469 0.900391 0.744141 0.914062 0.744141 0.919922 0.746094 0.921875 0.750000 0.921875 0.753906 0.917969 0.753906 0.912109 0.750000 0.906250 0.750000 0.902344 0.751953 0.900391 0.751953 0.886719 0.746094 0.878906
0 0.605469 0.888672 0.601562 0.888672 0.599609 0.890625 0.599609 0.892578 0.597656 0.894531 0.601562 0.898438 0.603516 0.898438 0.607422 0.894531 0.607422 0.890625
0 0.656250 0.900391 0.652344 0.904297 0.652344 0.906250 0.656250 0.910156 0.660156 0.910156 0.664062 0.906250 0.664062 0.902344 0.662109 0.900391
0 0.593750 0.914062 0.591797 0.916016 0.591797 0.917969 0.595703 0.921875 0.597656 0.919922 0.597656 0.916016 0.595703 0.914062
1 0.785156 0.927734 0.781250 0.927734 0.779297 0.929688 0.781250 0.931641 0.781250 0.933594 0.771484 0.943359 0.771484 0.947266 0.773438 0.949219 0.773438 0.951172 0.779297 0.957031 0.781250 0.957031 0.787109 0.951172 0.787109 0.945312 0.785156 0.943359 0.785156 0.941406 0.787109 0.939453 0.787109 0.935547 0.789062 0.933594 0.789062 0.931641
0 0.818359 0.927734 0.816406 0.929688 0.818359 0.931641 0.820312 0.931641 0.822266 0.929688 0.820312 0.927734
0 0.664062 0.935547 0.660156 0.931641 0.658203 0.931641 0.654297 0.935547 0.654297 0.937500 0.656250 0.939453 0.660156 0.939453
0 0.720703 0.931641 0.716797 0.935547 0.716797 0.939453 0.718750 0.941406 0.720703 0.941406 0.724609 0.937500 0.724609 0.935547
0 0.908203 0.931641 0.906250 0.931641 0.900391 0.937500 0.900391 0.939453 0.896484 0.945312 0.896484 0.951172 0.902344 0.958984 0.910156 0.958984 0.916016 0.953125 0.916016 0.951172 0.917969 0.949219 0.916016 0.947266 0.914062 0.937500
0 0.935547 0.939453 0.935547 0.949219 0.939453 0.953125 0.945312 0.951172 0.951172 0.957031 0.949219 0.972656 0.957031 0.982422 0.974609 0.988281 0.988281 0.980469 0.990234 0.968750 0.984375 0.960938 0.994141 0.951172 0.992188 0.949219 0.980469 0.953125 0.964844 0.943359 0.953125 0.945312 0.943359 0.935547
0 0.675781 0.937500 0.671875 0.941406 0.673828 0.943359 0.675781 0.943359 0.677734 0.941406 0.677734 0.939453
0 0.625000 0.945312 0.623047 0.947266 0.623047 0.949219 0.619141 0.953125 0.619141 0.955078 0.630859 0.966797 0.634766 0.966797 0.636719 0.964844 0.636719 0.958984 0.634766 0.957031 0.634766 0.955078 0.630859 0.951172 0.630859 0.949219 0.626953 0.945312
0 0.830078 0.955078 0.826172 0.958984 0.830078 0.962891 0.833984 0.958984
0 0.750000 0.958984 0.740234 0.964844 0.740234 0.976562 0.748047 0.986328 0.757812 0.986328 0.763672 0.978516 0.763672 0.976562 0.761719 0.974609 0.761719 0.968750 0.755859 0.960938 0.751953 0.960938
0 0.810547 0.966797 0.808594 0.968750 0.810547 0.970703 0.812500 0.970703 0.814453 0.968750 0.812500 0.966797
0 0.826172 0.968750 0.822266 0.972656 0.822266 0.974609 0.826172 0.978516 0.828125 0.978516 0.830078 0.976562 0.830078 0.972656
1 0.919922 0.998047 0.916016 0.994141 0.916016 0.992188 0.908203 0.986328 0.904297 0.986328 0.902344 0.988281 0.898438 0.988281 0.896484 0.990234 0.890625 0.992188 0.886719 0.998047
0 0.751953 0.998047 0.748047 0.994141 0.744141 0.998047
1 0.642578 0.998047 0.648438 0.998047 0.646484 0.996094 0.644531 0.996094
1 0.705078 0.998047 0.710938 0.998047 0.708984 0.996094 0.707031 0.996094
