1 0.140625 0.087891 0.169922 0.210938 0.095703 0.242188 0.089844 0.193359 0.048828 0.246094 0.000000 0.199219 0.000000 0.335938 0.052734 0.314453 0.000000 0.371094 0.054688 0.378906 0.087891 0.308594 0.134766 0.341797 0.097656 0.419922 0.000000 0.392578 0.000000 0.466797 0.050781 0.476562 0.072266 0.601562 0.193359 0.552734 0.175781 0.734375 0.246094 0.750000 0.285156 0.937500 0.373047 0.882812 0.312500 0.851562 0.333984 0.814453 0.468750 0.865234 0.492188 0.916016 0.494141 0.732422 0.439453 0.712891 0.453125 0.791016 0.384766 0.761719 0.435547 0.677734 0.466797 0.697266 0.462891 0.593750 0.408203 0.628906 0.449219 0.671875 0.283203 0.570312 0.300781 0.693359 0.197266 0.658203 0.220703 0.576172 0.150391 0.433594 0.166016 0.292969 0.082031 0.281250 0.218750 0.199219 0.210938 0.113281
0 0.015625 0.105469 0.013672 0.107422 0.013672 0.109375 0.015625 0.111328 0.017578 0.109375 0.017578 0.107422
0 0.113281 0.117188 0.105469 0.125000 0.105469 0.142578 0.111328 0.148438 0.117188 0.150391 0.123047 0.144531 0.123047 0.136719 0.125000 0.134766 0.125000 0.125000 0.121094 0.119141 0.117188 0.117188
0 0.083984 0.125000 0.070312 0.125000 0.064453 0.132812 0.064453 0.136719 0.062500 0.138672 0.062500 0.146484 0.070312 0.156250 0.072266 0.154297 0.080078 0.152344 0.085938 0.146484 0.087891 0.146484 0.091797 0.140625 0.091797 0.132812
0 0.148438 0.136719 0.146484 0.136719 0.144531 0.138672 0.144531 0.140625 0.146484 0.142578 0.150391 0.138672
0 0.251953 0.167969 0.246094 0.173828 0.250000 0.177734 0.253906 0.177734 0.257812 0.173828
0 0.228516 0.203125 0.224609 0.207031 0.228516 0.210938 0.232422 0.207031
1 0.207031 0.250000 0.207031 0.246094 0.203125 0.242188 0.199219 0.242188 0.193359 0.246094 0.160156 0.246094 0.158203 0.244141 0.152344 0.244141 0.150391 0.246094 0.150391 0.248047 0.152344 0.250000 0.167969 0.250000 0.169922 0.251953 0.171875 0.250000 0.185547 0.250000 0.187500 0.251953 0.195312 0.251953 0.197266 0.253906 0.203125 0.253906
0 0.191406 0.269531 0.185547 0.275391 0.185547 0.277344 0.189453 0.281250 0.191406 0.281250 0.195312 0.277344 0.195312 0.273438
0 0.361328 0.271484 0.359375 0.273438 0.357422 0.271484 0.355469 0.273438 0.355469 0.275391 0.353516 0.277344 0.353516 0.279297 0.355469 0.281250 0.353516 0.283203 0.355469 0.285156 0.359375 0.285156 0.365234 0.279297 0.363281 0.277344 0.365234 0.275391
0 0.132812 0.277344 0.126953 0.283203 0.126953 0.285156 0.130859 0.289062 0.132812 0.289062 0.136719 0.285156 0.136719 0.281250
0 0.521484 0.310547 0.517578 0.314453 0.521484 0.318359 0.523438 0.316406 0.523438 0.312500
0 0.912109 0.324219 0.910156 0.326172 0.910156 0.328125 0.912109 0.330078 0.914062 0.330078 0.916016 0.328125 0.916016 0.326172 0.914062 0.324219
0 0.240234 0.332031 0.236328 0.332031 0.234375 0.333984 0.234375 0.335938 0.236328 0.337891 0.238281 0.337891 0.242188 0.333984
0 0.076172 0.345703 0.074219 0.347656 0.074219 0.349609 0.076172 0.351562 0.078125 0.351562 0.080078 0.349609
0 0.880859 0.345703 0.875000 0.351562 0.878906 0.355469 0.882812 0.355469 0.886719 0.351562
0 0.443359 0.365234 0.437500 0.371094 0.437500 0.375000 0.443359 0.380859 0.449219 0.378906 0.455078 0.384766 0.451172 0.388672 0.453125 0.392578 0.464844 0.394531 0.470703 0.388672 0.470703 0.380859 0.468750 0.376953 0.462891 0.373047 0.455078 0.373047 0.447266 0.365234
1 0.232422 0.378906 0.232422 0.396484 0.236328 0.402344 0.248047 0.404297 0.257812 0.394531 0.263672 0.394531 0.269531 0.400391 0.259766 0.416016 0.263672 0.431641 0.275391 0.435547 0.289062 0.431641 0.294922 0.425781 0.292969 0.417969 0.275391 0.398438 0.279297 0.394531 0.273438 0.386719 0.259766 0.390625 0.242188 0.373047
0 0.328125 0.371094 0.322266 0.371094 0.312500 0.380859 0.308594 0.380859 0.292969 0.392578 0.302734 0.406250 0.314453 0.416016 0.326172 0.412109 0.330078 0.406250 0.330078 0.396484 0.320312 0.384766 0.330078 0.375000
0 0.363281 0.371094 0.357422 0.376953 0.357422 0.382812 0.361328 0.386719 0.367188 0.386719 0.373047 0.380859 0.373047 0.376953 0.375000 0.375000 0.373047 0.373047 0.371094 0.373047 0.369141 0.371094
0 0.490234 0.373047 0.484375 0.378906 0.484375 0.384766 0.488281 0.388672 0.496094 0.388672 0.501953 0.382812 0.501953 0.376953 0.498047 0.373047
0 0.984375 0.392578 0.980469 0.392578 0.978516 0.394531 0.978516 0.396484 0.982422 0.400391 0.986328 0.396484 0.986328 0.394531
0 0.472656 0.400391 0.468750 0.404297 0.472656 0.408203 0.474609 0.408203 0.478516 0.404297 0.474609 0.400391
0 0.343750 0.406250 0.339844 0.410156 0.339844 0.421875 0.337891 0.423828 0.337891 0.431641 0.341797 0.435547 0.349609 0.435547 0.351562 0.433594 0.353516 0.433594 0.359375 0.427734 0.359375 0.425781 0.351562 0.417969 0.351562 0.410156 0.347656 0.406250
0 0.554688 0.406250 0.548828 0.412109 0.556641 0.425781 0.554688 0.427734 0.554688 0.433594 0.560547 0.437500 0.568359 0.433594 0.572266 0.427734 0.570312 0.423828 0.564453 0.417969 0.562500 0.412109 0.556641 0.406250
0 0.580078 0.410156 0.578125 0.410156 0.576172 0.412109 0.576172 0.414062 0.578125 0.416016 0.582031 0.412109
0 0.226562 0.419922 0.222656 0.419922 0.218750 0.423828 0.220703 0.425781 0.222656 0.425781 0.224609 0.427734 0.228516 0.423828 0.228516 0.421875
0 0.238281 0.419922 0.236328 0.421875 0.238281 0.423828 0.240234 0.423828 0.242188 0.421875 0.240234 0.419922
1 0.412109 0.419922 0.404297 0.429688 0.406250 0.439453 0.402344 0.443359 0.398438 0.443359 0.392578 0.451172 0.392578 0.453125 0.400391 0.460938 0.404297 0.460938 0.412109 0.453125 0.412109 0.447266 0.423828 0.439453 0.423828 0.433594
0 0.957031 0.417969 0.955078 0.419922 0.955078 0.421875 0.957031 0.423828 0.958984 0.423828 0.960938 0.421875 0.960938 0.419922 0.958984 0.417969
0 0.375000 0.431641 0.369141 0.437500 0.369141 0.439453 0.367188 0.441406 0.369141 0.443359 0.369141 0.445312 0.373047 0.451172 0.380859 0.451172 0.382812 0.449219 0.382812 0.435547 0.380859 0.433594 0.376953 0.433594
0 0.316406 0.441406 0.314453 0.443359 0.314453 0.445312 0.316406 0.447266 0.318359 0.447266 0.320312 0.445312 0.320312 0.443359 0.318359 0.441406
0 0.339844 0.443359 0.335938 0.447266 0.341797 0.453125 0.343750 0.453125 0.345703 0.451172 0.345703 0.445312 0.343750 0.443359
1 0.806641 0.443359 0.800781 0.449219 0.800781 0.453125 0.802734 0.455078 0.802734 0.460938 0.800781 0.462891 0.800781 0.466797 0.804688 0.470703 0.810547 0.470703 0.814453 0.466797 0.814453 0.462891 0.812500 0.460938 0.812500 0.457031 0.810547 0.455078 0.810547 0.453125 0.812500 0.451172 0.812500 0.447266 0.808594 0.443359
0 0.179688 0.453125 0.177734 0.455078 0.177734 0.457031 0.179688 0.458984 0.181641 0.457031 0.181641 0.455078
0 0.238281 0.453125 0.236328 0.453125 0.234375 0.455078 0.234375 0.457031 0.236328 0.458984 0.240234 0.455078
0 0.460938 0.457031 0.458984 0.458984 0.458984 0.460938 0.460938 0.462891 0.462891 0.460938 0.462891 0.458984
0 0.337891 0.466797 0.333984 0.470703 0.333984 0.474609 0.335938 0.476562 0.341797 0.476562 0.343750 0.478516 0.345703 0.478516 0.349609 0.474609 0.349609 0.472656 0.347656 0.470703 0.345703 0.470703 0.341797 0.466797
0 0.476562 0.464844 0.474609 0.466797 0.476562 0.468750 0.478516 0.466797
0 0.185547 0.474609 0.181641 0.478516 0.181641 0.482422 0.183594 0.484375 0.189453 0.484375 0.191406 0.482422 0.191406 0.478516 0.187500 0.474609
0 0.388672 0.474609 0.384766 0.478516 0.388672 0.482422 0.392578 0.478516
0 0.515625 0.476562 0.513672 0.478516 0.515625 0.480469 0.517578 0.478516
0 0.609375 0.480469 0.605469 0.476562 0.601562 0.480469 0.603516 0.482422 0.607422 0.482422
0 0.210938 0.482422 0.207031 0.486328 0.207031 0.488281 0.208984 0.490234 0.210938 0.490234 0.212891 0.488281 0.212891 0.484375
1 0.869141 0.484375 0.869141 0.486328 0.873047 0.490234 0.876953 0.490234 0.884766 0.498047 0.888672 0.494141 0.884766 0.490234 0.882812 0.490234 0.875000 0.482422 0.871094 0.482422
0 0.580078 0.488281 0.578125 0.490234 0.576172 0.488281 0.568359 0.496094 0.568359 0.498047 0.570312 0.500000 0.570312 0.501953 0.572266 0.503906 0.578125 0.503906 0.583984 0.498047 0.583984 0.492188
0 0.820312 0.496094 0.818359 0.498047 0.820312 0.500000 0.822266 0.498047
0 0.419922 0.500000 0.417969 0.500000 0.416016 0.501953 0.412109 0.501953 0.406250 0.507812 0.410156 0.511719 0.408203 0.513672 0.408203 0.515625 0.410156 0.517578 0.408203 0.519531 0.408203 0.523438 0.412109 0.527344 0.414062 0.527344 0.419922 0.521484 0.419922 0.517578 0.421875 0.515625 0.421875 0.511719 0.423828 0.509766 0.423828 0.503906
0 0.355469 0.503906 0.351562 0.507812 0.351562 0.509766 0.355469 0.513672 0.357422 0.513672 0.361328 0.509766 0.361328 0.507812 0.357422 0.503906
0 0.490234 0.503906 0.488281 0.505859 0.488281 0.509766 0.492188 0.513672 0.494141 0.513672 0.498047 0.509766 0.498047 0.507812 0.494141 0.503906
0 0.533203 0.503906 0.529297 0.507812 0.535156 0.513672 0.539062 0.509766 0.539062 0.507812 0.535156 0.503906
1 0.566406 0.511719 0.558594 0.519531 0.558594 0.527344 0.566406 0.537109 0.566406 0.548828 0.570312 0.552734 0.574219 0.552734 0.580078 0.544922 0.578125 0.542969 0.580078 0.523438 0.572266 0.513672
0 0.271484 0.517578 0.269531 0.519531 0.271484 0.521484 0.273438 0.519531
0 0.691406 0.515625 0.687500 0.519531 0.693359 0.525391 0.697266 0.521484 0.697266 0.519531 0.693359 0.515625
0 0.462891 0.519531 0.460938 0.521484 0.462891 0.523438 0.464844 0.521484
0 0.603516 0.521484 0.597656 0.523438 0.591797 0.531250 0.591797 0.542969 0.597656 0.552734 0.595703 0.554688 0.597656 0.556641 0.607422 0.552734 0.617188 0.541016 0.617188 0.533203 0.615234 0.529297 0.609375 0.523438 0.605469 0.523438
0 0.675781 0.525391 0.671875 0.529297 0.675781 0.533203 0.677734 0.531250 0.677734 0.527344
0 0.941406 0.525391 0.937500 0.529297 0.941406 0.533203 0.945312 0.529297
1 0.830078 0.531250 0.818359 0.554688 0.822266 0.562500 0.833984 0.564453 0.841797 0.570312 0.841797 0.576172 0.828125 0.583984 0.830078 0.599609 0.841797 0.603516 0.849609 0.595703 0.845703 0.583984 0.853516 0.574219 0.853516 0.568359 0.847656 0.552734 0.835938 0.542969 0.837891 0.533203
0 0.369141 0.537109 0.367188 0.539062 0.369141 0.541016 0.371094 0.541016 0.373047 0.539062 0.371094 0.537109
0 0.910156 0.535156 0.906250 0.535156 0.904297 0.537109 0.904297 0.541016 0.908203 0.544922 0.914062 0.539062
0 0.228516 0.539062 0.224609 0.542969 0.226562 0.544922 0.228516 0.544922 0.230469 0.542969 0.230469 0.541016
1 0.859375 0.546875 0.857422 0.548828 0.859375 0.550781 0.859375 0.552734 0.865234 0.558594 0.867188 0.556641 0.867188 0.552734 0.861328 0.546875
0 0.667969 0.554688 0.666016 0.556641 0.664062 0.556641 0.662109 0.558594 0.662109 0.562500 0.669922 0.570312 0.671875 0.570312 0.677734 0.564453 0.677734 0.558594 0.673828 0.554688
0 0.990234 0.558594 0.988281 0.558594 0.984375 0.562500 0.984375 0.564453 0.982422 0.566406 0.982422 0.570312 0.984375 0.572266 0.988281 0.572266 0.994141 0.566406 0.992188 0.564453 0.992188 0.560547
0 0.183594 0.568359 0.179688 0.572266 0.179688 0.574219 0.185547 0.580078 0.187500 0.578125 0.189453 0.578125 0.191406 0.576172 0.189453 0.574219 0.189453 0.572266 0.185547 0.568359
0 0.703125 0.570312 0.699219 0.574219 0.701172 0.576172 0.701172 0.578125 0.703125 0.580078 0.707031 0.580078 0.708984 0.578125 0.708984 0.574219 0.705078 0.570312
0 0.796875 0.576172 0.792969 0.580078 0.796875 0.583984 0.798828 0.583984 0.802734 0.580078 0.798828 0.576172
0 0.890625 0.576172 0.888672 0.578125 0.888672 0.582031 0.892578 0.585938 0.894531 0.585938 0.898438 0.582031 0.898438 0.580078 0.894531 0.576172
0 0.232422 0.589844 0.228516 0.593750 0.232422 0.597656 0.234375 0.595703 0.234375 0.591797
0 0.492188 0.589844 0.488281 0.593750 0.492188 0.597656 0.494141 0.597656 0.496094 0.595703 0.496094 0.593750
0 0.625000 0.591797 0.621094 0.595703 0.621094 0.601562 0.619141 0.603516 0.623047 0.619141 0.628906 0.623047 0.634766 0.623047 0.636719 0.625000 0.640625 0.623047 0.644531 0.625000 0.654297 0.613281 0.654297 0.609375 0.656250 0.607422 0.654297 0.605469 0.654297 0.597656 0.648438 0.593750 0.626953 0.593750
0 0.535156 0.607422 0.531250 0.611328 0.531250 0.617188 0.537109 0.623047 0.539062 0.623047 0.541016 0.621094 0.542969 0.621094 0.544922 0.619141 0.544922 0.611328 0.542969 0.609375 0.541016 0.609375 0.539062 0.607422
0 0.677734 0.605469 0.671875 0.607422 0.666016 0.613281 0.666016 0.621094 0.671875 0.626953 0.675781 0.626953 0.677734 0.625000 0.679688 0.625000 0.683594 0.621094 0.683594 0.617188 0.685547 0.615234 0.683594 0.613281 0.683594 0.611328
0 0.253906 0.611328 0.250000 0.615234 0.250000 0.619141 0.253906 0.623047 0.255859 0.623047 0.259766 0.619141 0.259766 0.615234 0.255859 0.611328
0 0.226562 0.613281 0.224609 0.615234 0.224609 0.619141 0.230469 0.625000 0.232422 0.625000 0.234375 0.623047 0.234375 0.617188 0.232422 0.615234 0.230469 0.615234 0.228516 0.613281
1 0.517578 0.617188 0.511719 0.619141 0.513672 0.621094 0.511719 0.623047 0.513672 0.630859 0.507812 0.638672 0.492188 0.638672 0.488281 0.644531 0.490234 0.650391 0.488281 0.660156 0.490234 0.662109 0.494141 0.662109 0.501953 0.652344 0.507812 0.654297 0.517578 0.648438 0.515625 0.640625 0.519531 0.625000
1 0.554688 0.619141 0.548828 0.625000 0.550781 0.630859 0.564453 0.642578 0.568359 0.652344 0.564453 0.656250 0.556641 0.652344 0.548828 0.658203 0.546875 0.662109 0.546875 0.675781 0.539062 0.683594 0.539062 0.691406 0.544922 0.699219 0.548828 0.695312 0.548828 0.687500 0.552734 0.683594 0.558594 0.687500 0.564453 0.687500 0.570312 0.679688 0.570312 0.669922 0.572266 0.667969 0.568359 0.660156 0.572266 0.656250 0.580078 0.656250 0.589844 0.644531 0.589844 0.636719 0.580078 0.626953 0.576172 0.625000 0.564453 0.625000 0.560547 0.621094
0 0.789062 0.617188 0.785156 0.617188 0.781250 0.621094 0.781250 0.625000 0.785156 0.628906 0.787109 0.626953 0.789062 0.626953 0.791016 0.625000 0.791016 0.619141
0 0.818359 0.617188 0.816406 0.619141 0.818359 0.621094 0.820312 0.621094 0.822266 0.619141 0.820312 0.617188
0 0.859375 0.619141 0.857422 0.621094 0.859375 0.623047 0.861328 0.621094
0 0.785156 0.632812 0.781250 0.636719 0.785156 0.640625 0.787109 0.640625 0.789062 0.638672 0.789062 0.636719
1 0.244141 0.642578 0.244141 0.644531 0.246094 0.646484 0.250000 0.646484 0.253906 0.650391 0.257812 0.650391 0.259766 0.648438 0.259766 0.646484 0.257812 0.644531 0.253906 0.644531 0.251953 0.642578 0.250000 0.642578 0.248047 0.640625 0.246094 0.640625
0 0.687500 0.644531 0.685547 0.646484 0.687500 0.648438 0.689453 0.646484
0 0.681641 0.662109 0.677734 0.666016 0.677734 0.667969 0.675781 0.669922 0.675781 0.675781 0.681641 0.681641 0.689453 0.681641 0.693359 0.675781 0.693359 0.667969 0.687500 0.662109
0 0.626953 0.667969 0.625000 0.669922 0.625000 0.673828 0.626953 0.675781 0.628906 0.675781 0.630859 0.673828 0.630859 0.671875
0 0.703125 0.671875 0.701172 0.673828 0.701172 0.675781 0.699219 0.677734 0.699219 0.681641 0.701172 0.683594 0.701172 0.685547 0.703125 0.687500 0.707031 0.687500 0.712891 0.681641 0.712891 0.675781 0.708984 0.671875
0 0.802734 0.671875 0.800781 0.673828 0.800781 0.675781 0.802734 0.677734 0.806641 0.677734 0.808594 0.675781 0.808594 0.673828 0.806641 0.671875
0 0.826172 0.673828 0.822266 0.677734 0.826172 0.681641 0.828125 0.681641 0.830078 0.679688 0.830078 0.675781 0.828125 0.673828
0 0.484375 0.675781 0.478516 0.681641 0.478516 0.683594 0.480469 0.685547 0.482422 0.691406 0.488281 0.697266 0.492188 0.697266 0.496094 0.691406 0.496094 0.681641 0.492188 0.677734 0.490234 0.677734 0.488281 0.675781
0 0.503906 0.675781 0.501953 0.677734 0.503906 0.679688 0.505859 0.677734
0 0.982422 0.685547 0.976562 0.691406 0.976562 0.695312 0.978516 0.697266 0.980469 0.697266 0.984375 0.693359 0.984375 0.691406 0.986328 0.689453
0 0.927734 0.689453 0.923828 0.693359 0.927734 0.697266 0.931641 0.693359
0 0.748047 0.697266 0.750000 0.699219 0.751953 0.699219 0.753906 0.701172 0.757812 0.701172 0.761719 0.697266 0.759766 0.695312 0.755859 0.695312 0.753906 0.693359 0.751953 0.695312 0.750000 0.695312
0 0.650391 0.703125 0.654297 0.707031 0.660156 0.707031 0.662109 0.705078 0.662109 0.701172 0.660156 0.699219 0.654297 0.699219
0 0.494141 0.710938 0.492188 0.712891 0.492188 0.714844 0.494141 0.716797 0.496094 0.714844 0.496094 0.712891
0 0.742188 0.712891 0.740234 0.714844 0.740234 0.720703 0.742188 0.722656 0.744141 0.722656 0.746094 0.720703 0.746094 0.714844 0.744141 0.712891
1 0.521484 0.714844 0.519531 0.716797 0.521484 0.718750 0.517578 0.722656 0.515625 0.722656 0.513672 0.724609 0.513672 0.726562 0.515625 0.728516 0.517578 0.728516 0.521484 0.724609 0.521484 0.722656 0.519531 0.720703 0.523438 0.716797
0 0.826172 0.716797 0.824219 0.718750 0.824219 0.720703 0.826172 0.722656 0.828125 0.722656 0.830078 0.720703 0.830078 0.718750 0.828125 0.716797
1 0.423828 0.728516 0.421875 0.730469 0.423828 0.732422 0.423828 0.734375 0.425781 0.736328 0.425781 0.740234 0.429688 0.744141 0.433594 0.740234 0.433594 0.738281
0 0.804688 0.732422 0.798828 0.726562 0.794922 0.730469 0.792969 0.730469 0.789062 0.734375 0.789062 0.736328 0.791016 0.738281 0.800781 0.738281 0.804688 0.734375
0 0.708984 0.736328 0.705078 0.740234 0.705078 0.742188 0.707031 0.744141 0.708984 0.744141 0.712891 0.740234
0 0.972656 0.744141 0.968750 0.748047 0.972656 0.751953 0.974609 0.751953 0.976562 0.750000 0.976562 0.746094 0.974609 0.744141
1 0.300781 0.757812 0.300781 0.761719 0.302734 0.763672 0.306641 0.761719 0.310547 0.765625 0.304688 0.771484 0.304688 0.775391 0.308594 0.779297 0.310547 0.779297 0.318359 0.771484 0.320312 0.771484 0.328125 0.779297 0.341797 0.777344 0.345703 0.773438 0.345703 0.769531 0.353516 0.761719 0.353516 0.757812 0.351562 0.755859 0.347656 0.755859 0.345703 0.759766 0.335938 0.769531 0.332031 0.769531 0.330078 0.771484 0.322266 0.763672 0.322266 0.759766 0.320312 0.757812 0.322266 0.755859 0.322266 0.751953 0.320312 0.750000 0.316406 0.750000 0.314453 0.751953 0.304688 0.751953
0 0.656250 0.761719 0.652344 0.765625 0.654297 0.767578 0.654297 0.769531 0.656250 0.771484 0.658203 0.771484 0.660156 0.769531 0.660156 0.765625
0 0.751953 0.771484 0.751953 0.775391 0.755859 0.781250 0.769531 0.781250 0.777344 0.773438 0.775391 0.771484 0.769531 0.771484 0.765625 0.767578 0.755859 0.767578
0 0.884766 0.765625 0.880859 0.769531 0.880859 0.771484 0.882812 0.773438 0.888672 0.773438 0.890625 0.771484 0.890625 0.769531 0.886719 0.765625
0 0.494141 0.773438 0.490234 0.777344 0.490234 0.781250 0.492188 0.783203 0.498047 0.783203 0.501953 0.779297 0.500000 0.777344 0.500000 0.775391 0.498047 0.773438
0 0.914062 0.773438 0.912109 0.775391 0.916016 0.779297 0.917969 0.779297 0.919922 0.777344 0.919922 0.775391 0.917969 0.773438
0 0.560547 0.787109 0.560547 0.798828 0.562500 0.802734 0.576172 0.814453 0.582031 0.816406 0.595703 0.812500 0.601562 0.804688 0.599609 0.794922 0.593750 0.789062 0.578125 0.781250 0.566406 0.781250
0 0.958984 0.781250 0.955078 0.781250 0.951172 0.785156 0.951172 0.787109 0.957031 0.792969 0.962891 0.787109 0.962891 0.785156
0 0.707031 0.798828 0.705078 0.800781 0.703125 0.800781 0.701172 0.802734 0.701172 0.810547 0.705078 0.814453 0.710938 0.814453 0.712891 0.812500 0.712891 0.802734 0.708984 0.798828
0 0.769531 0.800781 0.767578 0.802734 0.765625 0.802734 0.763672 0.804688 0.763672 0.806641 0.761719 0.808594 0.761719 0.810547 0.765625 0.814453 0.767578 0.814453 0.771484 0.810547 0.771484 0.808594 0.773438 0.806641 0.773438 0.804688
1 0.675781 0.900391 0.646484 0.839844 0.625000 0.841797 0.625000 0.820312 0.607422 0.814453 0.558594 0.892578 0.492188 0.941406 0.462891 0.933594 0.449219 0.949219 0.396484 0.953125 0.398438 0.914062 0.386719 0.906250 0.386719 0.957031 0.361328 0.968750 0.343750 0.998047 0.386719 0.998047 0.417969 0.966797 0.472656 0.974609 0.554688 0.919922 0.605469 0.849609 0.658203 0.878906 0.664062 0.906250 0.621094 0.935547 0.619141 0.908203 0.593750 0.892578 0.605469 0.933594 0.574219 0.939453 0.570312 0.962891 0.546875 0.978516 0.500000 0.970703 0.494141 0.998047 0.578125 0.998047 0.589844 0.968750 0.617188 0.968750 0.638672 0.990234 0.681641 0.960938 0.652344 0.933594
0 0.794922 0.814453 0.791016 0.814453 0.789062 0.816406 0.789062 0.820312 0.792969 0.824219 0.796875 0.820312 0.796875 0.816406
0 0.210938 0.816406 0.208984 0.818359 0.212891 0.822266 0.214844 0.820312 0.214844 0.818359 0.212891 0.816406
1 0.744141 0.830078 0.738281 0.830078 0.734375 0.833984 0.730469 0.845703 0.724609 0.851562 0.720703 0.851562 0.707031 0.841797 0.699219 0.843750 0.697266 0.847656 0.705078 0.857422 0.705078 0.873047 0.708984 0.876953 0.744141 0.843750 0.746094 0.839844
1 0.527344 0.861328 0.519531 0.865234 0.517578 0.869141 0.519531 0.871094 0.519531 0.875000 0.511719 0.882812 0.515625 0.890625 0.517578 0.890625 0.521484 0.886719 0.521484 0.880859 0.519531 0.878906 0.523438 0.875000 0.525391 0.876953 0.529297 0.876953 0.533203 0.873047 0.533203 0.869141
0 0.544922 0.873047 0.541016 0.873047 0.539062 0.875000 0.539062 0.876953 0.542969 0.880859 0.546875 0.876953 0.546875 0.875000
0 0.212891 0.882812 0.210938 0.882812 0.208984 0.884766 0.208984 0.886719 0.210938 0.888672 0.214844 0.884766
0 0.763672 0.890625 0.761719 0.892578 0.761719 0.894531 0.763672 0.896484 0.765625 0.894531 0.765625 0.892578
0 0.951172 0.910156 0.949219 0.912109 0.949219 0.914062 0.951172 0.916016 0.953125 0.914062 0.953125 0.912109
0 0.746094 0.921875 0.740234 0.916016 0.738281 0.916016 0.736328 0.917969 0.734375 0.917969 0.728516 0.923828 0.726562 0.923828 0.724609 0.925781 0.726562 0.927734 0.730469 0.923828 0.734375 0.927734 0.742188 0.927734
0 0.359375 0.917969 0.357422 0.919922 0.357422 0.921875 0.359375 0.923828 0.361328 0.921875 0.361328 0.919922
0 0.681641 0.931641 0.677734 0.935547 0.677734 0.937500 0.681641 0.941406 0.683594 0.941406 0.685547 0.939453 0.685547 0.935547
0 0.740234 0.943359 0.738281 0.949219 0.744141 0.955078 0.746094 0.955078 0.748047 0.957031 0.751953 0.957031 0.753906 0.955078 0.757812 0.955078 0.763672 0.949219 0.763672 0.943359 0.757812 0.937500 0.748047 0.937500 0.746094 0.939453 0.744141 0.939453
0 0.841797 0.947266 0.839844 0.949219 0.839844 0.951172 0.841797 0.953125 0.843750 0.953125 0.845703 0.951172 0.845703 0.949219 0.843750 0.947266
0 0.712891 0.951172 0.708984 0.951172 0.705078 0.955078 0.705078 0.960938 0.707031 0.962891 0.708984 0.962891 0.710938 0.964844 0.716797 0.958984 0.716797 0.955078
0 0.998047 0.955078 0.996094 0.955078 0.994141 0.957031 0.992188 0.957031 0.990234 0.958984 0.990234 0.962891 0.994141 0.966797 0.998047 0.966797
0 0.798828 0.957031 0.794922 0.960938 0.800781 0.966797 0.802734 0.966797 0.806641 0.962891 0.806641 0.960938 0.802734 0.957031
0 0.697266 0.982422 0.695312 0.984375 0.695312 0.990234 0.697266 0.992188 0.699219 0.992188 0.701172 0.990234 0.701172 0.988281 0.703125 0.986328 0.699219 0.982422
0 0.748047 0.980469 0.744141 0.984375 0.748047 0.988281 0.751953 0.984375
