0 0.255859 0.091797 0.253906 0.093750 0.253906 0.097656 0.257812 0.101562 0.259766 0.101562 0.261719 0.103516 0.263672 0.103516 0.267578 0.099609 0.267578 0.095703 0.265625 0.093750 0.259766 0.093750 0.257812 0.091797
0 0.312500 0.109375 0.310547 0.111328 0.312500 0.113281 0.314453 0.111328
0 0.205078 0.130859 0.205078 0.134766 0.207031 0.136719 0.210938 0.136719 0.216797 0.132812 0.224609 0.132812 0.232422 0.136719 0.238281 0.132812 0.238281 0.128906 0.236328 0.126953 0.230469 0.125000 0.220703 0.117188 0.214844 0.117188
0 0.978516 0.125000 0.974609 0.128906 0.978516 0.132812 0.980469 0.132812 0.982422 0.130859 0.982422 0.128906
0 0.265625 0.132812 0.263672 0.134766 0.263672 0.140625 0.265625 0.142578 0.265625 0.144531 0.267578 0.146484 0.271484 0.146484 0.275391 0.142578 0.275391 0.140625 0.273438 0.138672 0.273438 0.136719 0.271484 0.134766 0.269531 0.134766 0.267578 0.132812
0 0.171875 0.138672 0.169922 0.140625 0.169922 0.144531 0.173828 0.148438 0.175781 0.148438 0.179688 0.144531 0.179688 0.142578 0.175781 0.138672
0 0.398438 0.148438 0.396484 0.150391 0.398438 0.152344 0.400391 0.150391
0 0.283203 0.167969 0.281250 0.162109 0.271484 0.152344 0.265625 0.156250 0.255859 0.156250 0.250000 0.162109 0.250000 0.164062 0.255859 0.169922 0.261719 0.169922 0.267578 0.173828 0.277344 0.173828
1 0.136719 0.167969 0.132812 0.164062 0.130859 0.164062 0.125000 0.167969 0.119141 0.167969 0.115234 0.171875 0.121094 0.177734 0.123047 0.177734 0.128906 0.173828 0.132812 0.173828 0.136719 0.169922
0 0.152344 0.173828 0.148438 0.173828 0.146484 0.175781 0.150391 0.179688 0.154297 0.175781
0 0.195312 0.173828 0.195312 0.177734 0.199219 0.181641 0.207031 0.181641 0.208984 0.183594 0.210938 0.183594 0.214844 0.179688 0.208984 0.173828 0.207031 0.173828 0.205078 0.171875 0.197266 0.171875
1 0.000000 0.177734 0.025391 0.296875 0.000000 0.302734 0.000000 0.472656 0.066406 0.619141 0.173828 0.666016 0.160156 0.732422 0.082031 0.763672 0.072266 0.876953 0.099609 0.882812 0.167969 0.787109 0.279297 0.748047 0.308594 0.787109 0.242188 0.800781 0.292969 0.828125 0.234375 0.859375 0.275391 0.886719 0.232422 0.900391 0.199219 0.998047 0.257812 0.998047 0.291016 0.945312 0.363281 0.998047 0.435547 0.998047 0.337891 0.931641 0.359375 0.906250 0.292969 0.908203 0.359375 0.851562 0.404297 0.880859 0.416016 0.841797 0.378906 0.808594 0.400391 0.738281 0.353516 0.677734 0.330078 0.710938 0.265625 0.687500 0.294922 0.587891 0.238281 0.574219 0.298828 0.541016 0.226562 0.556641 0.185547 0.470703 0.238281 0.318359 0.210938 0.320312 0.191406 0.431641 0.148438 0.455078 0.076172 0.355469 0.105469 0.240234 0.070312 0.265625
1 0.185547 0.179688 0.181641 0.175781 0.175781 0.175781 0.167969 0.181641 0.164062 0.179688 0.160156 0.181641 0.154297 0.187500 0.154297 0.193359 0.156250 0.195312 0.160156 0.195312 0.164062 0.191406 0.167969 0.191406 0.169922 0.193359 0.173828 0.193359 0.175781 0.191406 0.181641 0.191406 0.185547 0.187500
1 0.140625 0.205078 0.136719 0.205078 0.132812 0.208984 0.132812 0.210938 0.134766 0.212891 0.134766 0.216797 0.130859 0.220703 0.130859 0.222656 0.128906 0.224609 0.128906 0.228516 0.130859 0.230469 0.136719 0.224609 0.136719 0.222656 0.142578 0.216797 0.144531 0.216797 0.148438 0.212891 0.148438 0.210938 0.144531 0.207031 0.142578 0.207031
0 0.871094 0.220703 0.865234 0.226562 0.869141 0.230469 0.873047 0.230469 0.875000 0.228516 0.875000 0.224609
0 0.423828 0.267578 0.421875 0.269531 0.421875 0.271484 0.423828 0.273438 0.425781 0.271484 0.425781 0.269531
0 0.414062 0.287109 0.412109 0.289062 0.412109 0.294922 0.417969 0.300781 0.419922 0.300781 0.423828 0.296875 0.421875 0.294922 0.421875 0.292969 0.419922 0.291016 0.419922 0.289062 0.417969 0.287109
0 0.886719 0.298828 0.884766 0.300781 0.884766 0.304688 0.886719 0.306641 0.888672 0.306641 0.890625 0.304688 0.890625 0.300781 0.888672 0.298828
0 0.394531 0.320312 0.392578 0.322266 0.392578 0.326172 0.394531 0.328125 0.396484 0.328125 0.400391 0.324219 0.396484 0.320312
0 0.371094 0.341797 0.367188 0.345703 0.371094 0.349609 0.373047 0.349609 0.376953 0.345703 0.373047 0.341797
0 0.257812 0.375000 0.255859 0.376953 0.253906 0.376953 0.251953 0.378906 0.253906 0.380859 0.251953 0.382812 0.259766 0.390625 0.265625 0.384766 0.265625 0.382812 0.263672 0.380859 0.263672 0.378906 0.261719 0.376953 0.259766 0.376953
0 0.318359 0.376953 0.316406 0.376953 0.314453 0.378906 0.308594 0.378906 0.304688 0.382812 0.304688 0.384766 0.308594 0.388672 0.308594 0.390625 0.310547 0.392578 0.312500 0.390625 0.314453 0.390625 0.320312 0.384766 0.320312 0.378906
0 0.722656 0.386719 0.718750 0.390625 0.718750 0.392578 0.722656 0.396484 0.724609 0.396484 0.728516 0.392578
0 0.673828 0.398438 0.671875 0.400391 0.673828 0.402344 0.675781 0.402344 0.677734 0.400391 0.675781 0.398438
0 0.042969 0.404297 0.041016 0.406250 0.042969 0.408203 0.044922 0.406250
0 0.443359 0.417969 0.439453 0.421875 0.439453 0.423828 0.443359 0.427734 0.445312 0.427734 0.449219 0.423828 0.449219 0.421875 0.445312 0.417969
0 0.527344 0.445312 0.525391 0.447266 0.527344 0.449219 0.529297 0.449219 0.531250 0.447266 0.529297 0.445312
0 0.912109 0.478516 0.906250 0.482422 0.906250 0.484375 0.904297 0.486328 0.904297 0.494141 0.908203 0.500000 0.910156 0.500000 0.912109 0.501953 0.919922 0.501953 0.927734 0.496094 0.931641 0.486328 0.929688 0.484375 0.929688 0.482422 0.923828 0.478516
0 0.958984 0.482422 0.955078 0.482422 0.953125 0.484375 0.953125 0.488281 0.957031 0.492188 0.960938 0.488281 0.960938 0.484375
0 0.277344 0.486328 0.275391 0.486328 0.273438 0.488281 0.273438 0.490234 0.275391 0.492188 0.279297 0.488281
0 0.828125 0.492188 0.826172 0.494141 0.826172 0.496094 0.824219 0.498047 0.824219 0.500000 0.826172 0.501953 0.832031 0.501953 0.833984 0.500000 0.833984 0.496094 0.830078 0.492188
0 0.955078 0.507812 0.951172 0.511719 0.951172 0.519531 0.957031 0.525391 0.960938 0.525391 0.966797 0.519531 0.966797 0.513672 0.960938 0.507812
0 0.986328 0.507812 0.984375 0.509766 0.986328 0.511719 0.988281 0.511719 0.990234 0.509766 0.988281 0.507812
0 0.851562 0.527344 0.849609 0.529297 0.849609 0.531250 0.845703 0.535156 0.845703 0.541016 0.847656 0.542969 0.847656 0.544922 0.851562 0.548828 0.855469 0.548828 0.861328 0.544922 0.861328 0.542969 0.863281 0.541016 0.863281 0.533203 0.859375 0.529297 0.857422 0.529297 0.855469 0.527344
0 0.326172 0.539062 0.322266 0.542969 0.320312 0.542969 0.318359 0.544922 0.318359 0.550781 0.320312 0.552734 0.322266 0.552734 0.324219 0.554688 0.328125 0.554688 0.333984 0.548828 0.333984 0.546875 0.332031 0.544922 0.332031 0.542969 0.330078 0.541016 0.328125 0.541016
0 0.695312 0.546875 0.693359 0.548828 0.691406 0.548828 0.687500 0.554688 0.687500 0.564453 0.689453 0.566406 0.689453 0.568359 0.693359 0.572266 0.701172 0.572266 0.705078 0.568359 0.705078 0.554688 0.701172 0.548828
0 0.353516 0.554688 0.351562 0.554688 0.347656 0.558594 0.351562 0.562500 0.355469 0.558594 0.355469 0.556641
0 0.316406 0.562500 0.314453 0.564453 0.316406 0.566406 0.318359 0.564453
0 0.392578 0.574219 0.390625 0.574219 0.384766 0.580078 0.384766 0.583984 0.390625 0.589844 0.392578 0.587891 0.394531 0.587891 0.396484 0.585938 0.396484 0.583984 0.398438 0.582031 0.398438 0.580078
0 0.935547 0.582031 0.933594 0.583984 0.929688 0.583984 0.921875 0.593750 0.921875 0.605469 0.923828 0.609375 0.931641 0.615234 0.939453 0.613281 0.945312 0.607422 0.945312 0.603516 0.947266 0.601562 0.947266 0.593750 0.945312 0.589844
0 0.507812 0.585938 0.505859 0.587891 0.505859 0.589844 0.507812 0.591797 0.509766 0.589844 0.509766 0.587891
0 0.386719 0.609375 0.382812 0.613281 0.382812 0.617188 0.386719 0.621094 0.390625 0.621094 0.394531 0.617188 0.394531 0.613281 0.390625 0.609375
0 0.447266 0.613281 0.443359 0.617188 0.443359 0.621094 0.441406 0.623047 0.443359 0.625000 0.443359 0.628906 0.447266 0.632812 0.451172 0.632812 0.455078 0.628906 0.455078 0.621094 0.453125 0.619141 0.453125 0.617188 0.451172 0.615234 0.449219 0.615234
0 0.593750 0.619141 0.589844 0.623047 0.591797 0.625000 0.591797 0.626953 0.593750 0.628906 0.595703 0.628906 0.599609 0.625000 0.599609 0.623047 0.595703 0.619141
0 0.849609 0.628906 0.843750 0.634766 0.843750 0.640625 0.847656 0.644531 0.853516 0.644531 0.857422 0.640625 0.857422 0.634766 0.851562 0.628906
0 0.224609 0.656250 0.222656 0.654297 0.220703 0.654297 0.214844 0.660156 0.210938 0.660156 0.208984 0.658203 0.207031 0.660156 0.210938 0.664062 0.212891 0.664062 0.216797 0.667969 0.222656 0.662109 0.222656 0.660156 0.224609 0.658203
0 0.375000 0.652344 0.373047 0.654297 0.375000 0.656250 0.376953 0.654297
0 0.572266 0.652344 0.570312 0.654297 0.572266 0.656250 0.574219 0.654297
0 0.357422 0.662109 0.355469 0.664062 0.355469 0.667969 0.359375 0.671875 0.363281 0.667969 0.363281 0.666016 0.359375 0.662109
0 0.470703 0.681641 0.468750 0.683594 0.468750 0.685547 0.470703 0.687500 0.472656 0.687500 0.474609 0.685547 0.474609 0.683594 0.472656 0.681641
0 0.359375 0.687500 0.357422 0.689453 0.357422 0.691406 0.359375 0.693359 0.361328 0.693359 0.363281 0.691406
0 0.654297 0.689453 0.650391 0.693359 0.650391 0.701172 0.654297 0.705078 0.662109 0.705078 0.664062 0.707031 0.666016 0.707031 0.671875 0.701172 0.671875 0.695312 0.667969 0.691406 0.666016 0.691406 0.664062 0.689453
0 0.792969 0.697266 0.787109 0.703125 0.789062 0.705078 0.789062 0.707031 0.791016 0.708984 0.792969 0.708984 0.796875 0.712891 0.798828 0.712891 0.804688 0.707031 0.804688 0.705078 0.802734 0.703125 0.802734 0.701172 0.800781 0.699219 0.798828 0.699219 0.796875 0.697266
0 0.435547 0.708984 0.431641 0.712891 0.431641 0.714844 0.435547 0.718750 0.437500 0.718750 0.441406 0.714844 0.441406 0.712891 0.437500 0.708984
0 0.500000 0.712891 0.496094 0.716797 0.500000 0.720703 0.503906 0.720703 0.505859 0.718750 0.505859 0.716797 0.501953 0.712891
0 0.828125 0.718750 0.824219 0.722656 0.828125 0.726562 0.832031 0.726562 0.833984 0.724609 0.833984 0.722656 0.830078 0.718750
0 0.621094 0.728516 0.615234 0.730469 0.611328 0.734375 0.611328 0.736328 0.609375 0.738281 0.609375 0.748047 0.613281 0.751953 0.617188 0.751953 0.625000 0.744141 0.625000 0.742188 0.626953 0.740234 0.626953 0.734375
1 0.488281 0.736328 0.484375 0.740234 0.486328 0.742188 0.486328 0.744141 0.490234 0.748047 0.490234 0.755859 0.496094 0.759766 0.500000 0.755859 0.500000 0.751953 0.498047 0.750000 0.498047 0.748047 0.496094 0.746094 0.496094 0.744141
0 0.455078 0.748047 0.451172 0.751953 0.451172 0.753906 0.453125 0.755859 0.455078 0.755859 0.458984 0.751953
0 0.570312 0.750000 0.566406 0.753906 0.566406 0.759766 0.570312 0.763672 0.574219 0.763672 0.580078 0.757812 0.580078 0.753906 0.576172 0.750000
0 0.671875 0.750000 0.667969 0.753906 0.671875 0.757812 0.675781 0.753906
0 0.654297 0.755859 0.650391 0.759766 0.650391 0.779297 0.656250 0.783203 0.662109 0.783203 0.666016 0.779297 0.666016 0.777344 0.658203 0.765625 0.658203 0.759766
0 0.724609 0.755859 0.722656 0.757812 0.722656 0.759766 0.720703 0.761719 0.720703 0.763672 0.726562 0.769531 0.730469 0.769531 0.734375 0.765625 0.734375 0.759766 0.730469 0.755859
1 0.449219 0.763672 0.443359 0.769531 0.445312 0.775391 0.457031 0.787109 0.460938 0.785156 0.466797 0.792969 0.472656 0.792969 0.474609 0.789062 0.460938 0.775391 0.460938 0.773438 0.451172 0.763672
0 0.917969 0.767578 0.914062 0.771484 0.914062 0.777344 0.919922 0.783203 0.923828 0.783203 0.929688 0.777344 0.929688 0.773438 0.923828 0.767578
1 0.513672 0.773438 0.511719 0.773438 0.505859 0.779297 0.509766 0.789062 0.501953 0.800781 0.501953 0.804688 0.503906 0.806641 0.505859 0.806641 0.511719 0.800781 0.515625 0.791016 0.521484 0.785156 0.521484 0.779297
0 0.603516 0.789062 0.589844 0.806641 0.589844 0.810547 0.603516 0.822266 0.599609 0.826172 0.607422 0.832031 0.613281 0.830078 0.625000 0.835938 0.636719 0.845703 0.642578 0.843750 0.646484 0.837891 0.644531 0.826172 0.650391 0.818359 0.648438 0.812500 0.630859 0.802734 0.619141 0.800781
0 0.748047 0.800781 0.742188 0.806641 0.744141 0.808594 0.744141 0.810547 0.748047 0.814453 0.750000 0.814453 0.751953 0.812500 0.751953 0.810547 0.753906 0.808594 0.753906 0.806641
0 0.519531 0.806641 0.515625 0.810547 0.515625 0.814453 0.519531 0.818359 0.521484 0.818359 0.523438 0.820312 0.525391 0.820312 0.527344 0.818359 0.525391 0.816406 0.525391 0.810547 0.521484 0.806641
0 0.474609 0.810547 0.470703 0.816406 0.470703 0.828125 0.476562 0.833984 0.480469 0.833984 0.486328 0.828125 0.486328 0.818359 0.484375 0.816406 0.484375 0.814453 0.480469 0.810547
1 0.845703 0.820312 0.845703 0.826172 0.853516 0.835938 0.865234 0.835938 0.869141 0.832031 0.875000 0.832031 0.882812 0.839844 0.888672 0.835938 0.894531 0.828125 0.894531 0.824219 0.888672 0.818359 0.884766 0.818359 0.873047 0.824219 0.859375 0.814453 0.849609 0.814453
0 0.505859 0.818359 0.501953 0.818359 0.500000 0.820312 0.498047 0.820312 0.494141 0.824219 0.494141 0.830078 0.498047 0.833984 0.505859 0.833984 0.511719 0.828125 0.511719 0.826172 0.509766 0.824219 0.509766 0.822266
0 0.580078 0.816406 0.578125 0.816406 0.574219 0.820312 0.574219 0.822266 0.578125 0.826172 0.582031 0.822266 0.582031 0.818359
0 0.423828 0.822266 0.421875 0.822266 0.417969 0.826172 0.417969 0.830078 0.419922 0.832031 0.419922 0.833984 0.421875 0.835938 0.423828 0.833984 0.423828 0.832031 0.425781 0.830078 0.425781 0.824219
0 0.830078 0.826172 0.826172 0.826172 0.822266 0.830078 0.828125 0.835938 0.833984 0.830078
0 0.712891 0.830078 0.701172 0.837891 0.699219 0.847656 0.691406 0.861328 0.693359 0.878906 0.703125 0.892578 0.707031 0.888672 0.712891 0.890625 0.724609 0.880859 0.726562 0.873047 0.724609 0.869141 0.728516 0.865234 0.730469 0.857422 0.724609 0.835938
0 0.542969 0.833984 0.539062 0.837891 0.542969 0.841797 0.544922 0.841797 0.548828 0.837891 0.544922 0.833984
0 0.943359 0.835938 0.941406 0.837891 0.943359 0.839844 0.945312 0.837891
0 0.605469 0.839844 0.603516 0.841797 0.603516 0.843750 0.605469 0.845703 0.609375 0.845703 0.611328 0.843750 0.607422 0.839844
0 0.882812 0.843750 0.878906 0.847656 0.882812 0.851562 0.884766 0.849609 0.884766 0.845703
1 0.681641 0.849609 0.675781 0.849609 0.671875 0.853516 0.671875 0.861328 0.662109 0.869141 0.666016 0.873047 0.667969 0.873047 0.675781 0.865234 0.679688 0.865234 0.685547 0.859375 0.685547 0.853516
1 0.853516 0.851562 0.849609 0.851562 0.841797 0.857422 0.841797 0.865234 0.835938 0.873047 0.837891 0.875000 0.837891 0.876953 0.843750 0.880859 0.849609 0.873047 0.849609 0.871094 0.853516 0.867188 0.853516 0.865234 0.857422 0.861328 0.855469 0.859375 0.857422 0.857422
0 0.933594 0.851562 0.931641 0.853516 0.933594 0.855469 0.935547 0.853516
0 0.595703 0.855469 0.593750 0.857422 0.589844 0.857422 0.585938 0.863281 0.585938 0.876953 0.595703 0.886719 0.601562 0.886719 0.609375 0.880859 0.611328 0.876953 0.611328 0.871094 0.607422 0.863281 0.601562 0.857422 0.597656 0.857422
0 0.781250 0.855469 0.773438 0.861328 0.771484 0.867188 0.773438 0.884766 0.777344 0.890625 0.785156 0.892578 0.794922 0.902344 0.798828 0.902344 0.804688 0.896484 0.804688 0.892578 0.796875 0.882812 0.796875 0.876953 0.798828 0.875000 0.796875 0.865234 0.791016 0.857422
0 0.439453 0.861328 0.435547 0.865234 0.435547 0.869141 0.441406 0.875000 0.445312 0.875000 0.447266 0.873047 0.447266 0.865234 0.445312 0.863281 0.441406 0.863281
0 0.734375 0.869141 0.730469 0.873047 0.734375 0.876953 0.738281 0.876953 0.740234 0.875000 0.740234 0.873047 0.736328 0.869141
0 0.919922 0.869141 0.917969 0.871094 0.917969 0.873047 0.919922 0.875000 0.921875 0.875000 0.923828 0.873047 0.923828 0.871094 0.921875 0.869141
0 0.828125 0.886719 0.822266 0.888672 0.818359 0.892578 0.818359 0.894531 0.816406 0.896484 0.816406 0.900391 0.818359 0.902344 0.818359 0.904297 0.824219 0.908203 0.830078 0.906250 0.832031 0.904297 0.832031 0.902344 0.835938 0.896484 0.833984 0.890625
0 0.951172 0.888672 0.949219 0.890625 0.951172 0.892578 0.953125 0.890625
0 0.892578 0.890625 0.888672 0.894531 0.888672 0.898438 0.890625 0.900391 0.898438 0.900391 0.900391 0.902344 0.904297 0.898438 0.898438 0.892578 0.896484 0.892578 0.894531 0.890625
0 0.437500 0.898438 0.431641 0.904297 0.429688 0.910156 0.435547 0.916016 0.435547 0.917969 0.439453 0.921875 0.441406 0.921875 0.445312 0.917969 0.445312 0.910156 0.447266 0.908203 0.447266 0.902344 0.443359 0.898438
0 0.613281 0.904297 0.603516 0.906250 0.597656 0.917969 0.587891 0.927734 0.587891 0.937500 0.593750 0.945312 0.599609 0.947266 0.607422 0.945312 0.613281 0.939453 0.623047 0.923828 0.623047 0.914062 0.621094 0.910156
0 0.638672 0.912109 0.636719 0.912109 0.632812 0.916016 0.632812 0.919922 0.634766 0.921875 0.636719 0.921875 0.642578 0.916016
0 0.763672 0.910156 0.757812 0.916016 0.757812 0.935547 0.751953 0.949219 0.757812 0.966797 0.763672 0.972656 0.773438 0.974609 0.779297 0.968750 0.781250 0.958984 0.785156 0.955078 0.796875 0.953125 0.806641 0.939453 0.785156 0.917969 0.769531 0.910156
0 0.513672 0.929688 0.511719 0.931641 0.511719 0.933594 0.513672 0.935547 0.515625 0.933594 0.515625 0.931641
0 0.886719 0.951172 0.890625 0.955078 0.900391 0.951172 0.916016 0.966797 0.929688 0.966797 0.937500 0.960938 0.939453 0.955078 0.937500 0.945312 0.933594 0.941406 0.919922 0.935547 0.917969 0.937500 0.916016 0.935547 0.908203 0.937500 0.900391 0.945312 0.894531 0.943359
0 0.474609 0.943359 0.470703 0.943359 0.468750 0.945312 0.472656 0.949219 0.476562 0.945312
0 0.560547 0.945312 0.558594 0.947266 0.560547 0.949219 0.562500 0.949219 0.564453 0.947266 0.562500 0.945312
0 0.988281 0.947266 0.986328 0.949219 0.988281 0.951172 0.990234 0.949219
0 0.408203 0.955078 0.406250 0.957031 0.408203 0.958984 0.410156 0.957031
0 0.550781 0.955078 0.548828 0.957031 0.548828 0.960938 0.552734 0.964844 0.556641 0.964844 0.558594 0.962891 0.558594 0.960938 0.554688 0.957031 0.552734 0.957031
0 0.542969 0.968750 0.537109 0.962891 0.525391 0.958984 0.517578 0.966797 0.515625 0.970703 0.517578 0.972656 0.509766 0.986328 0.507812 0.994141 0.503906 0.998047 0.535156 0.998047 0.541016 0.986328
0 0.656250 0.960938 0.654297 0.960938 0.648438 0.966797 0.648438 0.968750 0.652344 0.972656 0.656250 0.972656 0.660156 0.968750 0.660156 0.966797 0.658203 0.964844 0.658203 0.962891
1 0.998047 0.960938 0.992188 0.966797 0.992188 0.976562 0.998047 0.982422
1 0.169922 0.998047 0.185547 0.998047 0.183594 0.996094 0.171875 0.996094
1 0.753906 0.998047 0.761719 0.998047 0.759766 0.996094 0.755859 0.996094
