0 0.703125 0.105469 0.701172 0.107422 0.703125 0.109375 0.705078 0.109375 0.707031 0.107422 0.705078 0.105469
0 0.734375 0.152344 0.730469 0.156250 0.730469 0.160156 0.734375 0.164062 0.736328 0.164062 0.740234 0.160156 0.740234 0.156250 0.736328 0.152344
0 0.263672 0.185547 0.261719 0.187500 0.261719 0.189453 0.263672 0.191406 0.265625 0.191406 0.267578 0.189453 0.267578 0.187500 0.265625 0.185547
0 0.060547 0.220703 0.056641 0.224609 0.056641 0.226562 0.058594 0.228516 0.060547 0.228516 0.062500 0.226562 0.062500 0.222656
0 0.181641 0.222656 0.179688 0.224609 0.179688 0.226562 0.177734 0.228516 0.177734 0.230469 0.175781 0.232422 0.173828 0.238281 0.179688 0.244141 0.187500 0.244141 0.193359 0.238281 0.193359 0.228516 0.189453 0.222656
0 0.068359 0.232422 0.066406 0.234375 0.070312 0.238281 0.072266 0.236328 0.072266 0.234375 0.070312 0.232422
0 0.384766 0.244141 0.382812 0.246094 0.382812 0.250000 0.384766 0.251953 0.388672 0.251953 0.390625 0.250000 0.390625 0.246094 0.388672 0.244141
1 0.000000 0.250000 0.000000 0.478516 0.048828 0.546875 0.013672 0.710938 0.087891 0.644531 0.179688 0.716797 0.134766 0.849609 0.144531 0.900391 0.347656 0.865234 0.345703 0.785156 0.398438 0.726562 0.429688 0.748047 0.439453 0.712891 0.357422 0.673828 0.289062 0.771484 0.197266 0.777344 0.193359 0.710938 0.148438 0.656250 0.226562 0.623047 0.216797 0.531250 0.250000 0.533203 0.277344 0.482422 0.267578 0.445312 0.236328 0.437500 0.236328 0.468750 0.195312 0.494141 0.117188 0.494141 0.042969 0.455078 0.083984 0.373047 0.072266 0.316406 0.136719 0.281250 0.121094 0.251953 0.093750 0.253906 0.029297 0.314453
0 0.169922 0.259766 0.167969 0.261719 0.167969 0.263672 0.171875 0.267578 0.175781 0.263672 0.171875 0.259766
0 0.279297 0.263672 0.271484 0.263672 0.265625 0.269531 0.265625 0.281250 0.267578 0.283203 0.267578 0.285156 0.273438 0.289062 0.279297 0.287109 0.285156 0.281250 0.285156 0.277344 0.287109 0.275391 0.285156 0.269531
0 0.357422 0.263672 0.355469 0.265625 0.359375 0.269531 0.361328 0.267578 0.361328 0.265625 0.359375 0.263672
0 0.347656 0.292969 0.341797 0.298828 0.343750 0.300781 0.343750 0.302734 0.349609 0.308594 0.353516 0.304688 0.353516 0.298828
0 0.134766 0.298828 0.132812 0.300781 0.132812 0.302734 0.134766 0.304688 0.136719 0.304688 0.138672 0.302734 0.138672 0.300781 0.136719 0.298828
0 0.087891 0.310547 0.085938 0.312500 0.085938 0.316406 0.087891 0.318359 0.093750 0.318359 0.095703 0.316406 0.089844 0.310547
0 0.441406 0.316406 0.437500 0.320312 0.437500 0.322266 0.441406 0.326172 0.443359 0.326172 0.447266 0.322266
0 0.878906 0.318359 0.875000 0.322266 0.875000 0.324219 0.878906 0.328125 0.880859 0.328125 0.884766 0.324219 0.884766 0.322266 0.880859 0.318359
0 0.464844 0.328125 0.458984 0.333984 0.458984 0.335938 0.460938 0.337891 0.462891 0.337891 0.464844 0.339844 0.468750 0.339844 0.472656 0.335938 0.472656 0.332031 0.468750 0.328125
0 0.408203 0.332031 0.406250 0.333984 0.406250 0.335938 0.412109 0.341797 0.414062 0.341797 0.416016 0.339844 0.416016 0.337891 0.410156 0.332031
0 0.101562 0.339844 0.101562 0.341797 0.103516 0.343750 0.105469 0.343750 0.107422 0.345703 0.113281 0.345703 0.115234 0.343750 0.115234 0.341797 0.109375 0.335938 0.105469 0.335938
0 0.132812 0.337891 0.128906 0.341797 0.128906 0.349609 0.134766 0.355469 0.138672 0.355469 0.140625 0.357422 0.146484 0.355469 0.148438 0.353516 0.148438 0.351562 0.144531 0.347656 0.142578 0.341797 0.138672 0.337891
1 0.998047 0.351562 0.996094 0.353516 0.996094 0.355469 0.998047 0.357422
0 0.123047 0.359375 0.121094 0.359375 0.119141 0.361328 0.117188 0.361328 0.115234 0.363281 0.115234 0.365234 0.113281 0.367188 0.113281 0.373047 0.115234 0.375000 0.117188 0.375000 0.126953 0.365234 0.126953 0.363281
0 0.095703 0.392578 0.093750 0.394531 0.097656 0.398438 0.099609 0.396484 0.099609 0.394531 0.097656 0.392578
0 0.437500 0.392578 0.435547 0.394531 0.433594 0.394531 0.429688 0.398438 0.429688 0.402344 0.437500 0.410156 0.439453 0.410156 0.441406 0.412109 0.447266 0.406250 0.447266 0.400391 0.441406 0.394531 0.439453 0.394531
0 0.470703 0.394531 0.466797 0.398438 0.470703 0.402344 0.474609 0.398438
0 0.679688 0.394531 0.677734 0.396484 0.679688 0.398438 0.681641 0.396484
0 0.908203 0.394531 0.904297 0.398438 0.904297 0.402344 0.910156 0.408203 0.912109 0.408203 0.917969 0.402344 0.917969 0.398438 0.914062 0.394531
0 0.818359 0.402344 0.816406 0.404297 0.816406 0.406250 0.818359 0.408203 0.820312 0.406250 0.820312 0.404297
0 0.398438 0.408203 0.396484 0.408203 0.394531 0.410156 0.392578 0.410156 0.388672 0.414062 0.388672 0.416016 0.392578 0.419922 0.396484 0.419922 0.400391 0.416016 0.400391 0.410156
1 0.308594 0.414062 0.304688 0.417969 0.304688 0.419922 0.302734 0.421875 0.302734 0.427734 0.306641 0.431641 0.306641 0.435547 0.310547 0.441406 0.314453 0.437500 0.314453 0.435547 0.312500 0.433594 0.312500 0.429688 0.314453 0.427734 0.314453 0.417969 0.310547 0.414062
0 0.419922 0.419922 0.412109 0.427734 0.412109 0.429688 0.414062 0.431641 0.416016 0.431641 0.421875 0.425781 0.421875 0.421875
0 0.494141 0.421875 0.492188 0.423828 0.494141 0.425781 0.496094 0.423828
0 0.083984 0.427734 0.082031 0.429688 0.083984 0.431641 0.085938 0.429688
0 0.330078 0.427734 0.326172 0.431641 0.326172 0.433594 0.330078 0.437500 0.333984 0.433594 0.333984 0.431641
0 0.451172 0.431641 0.449219 0.433594 0.449219 0.435547 0.451172 0.437500 0.453125 0.437500 0.455078 0.435547 0.455078 0.433594 0.453125 0.431641
0 0.714844 0.441406 0.714844 0.443359 0.716797 0.445312 0.722656 0.445312 0.724609 0.443359 0.724609 0.441406 0.722656 0.439453 0.716797 0.439453
0 0.367188 0.443359 0.361328 0.449219 0.361328 0.451172 0.363281 0.453125 0.365234 0.453125 0.369141 0.449219 0.369141 0.445312
1 0.482422 0.449219 0.484375 0.455078 0.490234 0.460938 0.494141 0.460938 0.503906 0.455078 0.511719 0.462891 0.515625 0.458984 0.523438 0.457031 0.531250 0.451172 0.527344 0.447266 0.519531 0.447266 0.513672 0.451172 0.509766 0.449219 0.500000 0.451172 0.492188 0.443359 0.488281 0.443359
0 0.570312 0.449219 0.568359 0.449219 0.566406 0.451172 0.566406 0.457031 0.568359 0.458984 0.572266 0.455078 0.572266 0.451172
0 0.720703 0.455078 0.718750 0.457031 0.720703 0.458984 0.722656 0.457031
0 0.607422 0.462891 0.603516 0.458984 0.595703 0.458984 0.593750 0.457031 0.585938 0.464844 0.585938 0.472656 0.589844 0.476562 0.595703 0.476562 0.605469 0.470703 0.605469 0.468750 0.607422 0.466797
0 0.539062 0.460938 0.537109 0.462891 0.539062 0.464844 0.541016 0.462891
0 0.546875 0.460938 0.544922 0.462891 0.544922 0.464844 0.548828 0.468750 0.552734 0.468750 0.554688 0.466797 0.548828 0.460938
0 0.210938 0.468750 0.207031 0.464844 0.201172 0.470703 0.203125 0.472656 0.205078 0.470703 0.207031 0.472656 0.208984 0.472656 0.210938 0.470703
0 0.185547 0.468750 0.181641 0.472656 0.185547 0.476562 0.187500 0.476562 0.191406 0.472656 0.187500 0.468750
0 0.466797 0.492188 0.466797 0.498047 0.472656 0.501953 0.478516 0.498047 0.482422 0.498047 0.486328 0.501953 0.486328 0.503906 0.492188 0.507812 0.498047 0.501953 0.498047 0.492188 0.494141 0.488281 0.486328 0.492188 0.480469 0.492188 0.474609 0.486328
0 0.320312 0.492188 0.318359 0.494141 0.320312 0.496094 0.322266 0.496094 0.324219 0.494141 0.322266 0.492188
0 0.447266 0.492188 0.445312 0.494141 0.449219 0.498047 0.451172 0.498047 0.453125 0.496094 0.453125 0.494141 0.451172 0.492188
0 0.408203 0.496094 0.404297 0.500000 0.404297 0.513672 0.408203 0.519531 0.410156 0.519531 0.412109 0.521484 0.416016 0.521484 0.423828 0.515625 0.423828 0.513672 0.425781 0.511719 0.425781 0.507812 0.423828 0.505859 0.421875 0.500000 0.417969 0.496094
0 0.671875 0.503906 0.669922 0.505859 0.669922 0.507812 0.671875 0.509766 0.673828 0.507812 0.673828 0.505859
0 0.513672 0.511719 0.509766 0.515625 0.509766 0.517578 0.511719 0.519531 0.511719 0.521484 0.513672 0.523438 0.519531 0.523438 0.523438 0.519531 0.523438 0.517578 0.517578 0.511719
0 0.712891 0.515625 0.708984 0.519531 0.708984 0.521484 0.712891 0.525391 0.716797 0.521484 0.716797 0.519531
0 0.589844 0.525391 0.585938 0.529297 0.585938 0.531250 0.587891 0.533203 0.589844 0.533203 0.591797 0.535156 0.595703 0.531250 0.595703 0.529297 0.591797 0.525391
0 0.507812 0.531250 0.505859 0.533203 0.507812 0.535156 0.509766 0.535156 0.511719 0.533203 0.509766 0.531250
1 0.414062 0.537109 0.412109 0.562500 0.396484 0.576172 0.402344 0.597656 0.416016 0.603516 0.427734 0.589844 0.437500 0.595703 0.441406 0.580078 0.455078 0.609375 0.482422 0.605469 0.492188 0.628906 0.468750 0.658203 0.457031 0.634766 0.435547 0.630859 0.429688 0.636719 0.447266 0.648438 0.451172 0.664062 0.474609 0.664062 0.453125 0.716797 0.466797 0.724609 0.480469 0.697266 0.478516 0.681641 0.500000 0.669922 0.509766 0.691406 0.496094 0.710938 0.519531 0.734375 0.521484 0.757812 0.531250 0.757812 0.539062 0.742188 0.523438 0.728516 0.527344 0.697266 0.501953 0.634766 0.492188 0.628906 0.505859 0.609375 0.484375 0.587891 0.472656 0.591797 0.462891 0.576172 0.435547 0.572266 0.437500 0.556641 0.455078 0.550781 0.451172 0.544922
0 0.648438 0.535156 0.646484 0.537109 0.646484 0.541016 0.650391 0.544922 0.654297 0.541016 0.654297 0.539062 0.650391 0.535156
1 0.998047 0.539062 0.996094 0.541016 0.996094 0.542969 0.998047 0.544922
0 0.337891 0.570312 0.335938 0.572266 0.337891 0.574219 0.339844 0.572266
0 0.367188 0.572266 0.363281 0.576172 0.363281 0.578125 0.361328 0.580078 0.365234 0.583984 0.369141 0.583984 0.371094 0.582031 0.371094 0.580078 0.373047 0.578125
0 0.513672 0.570312 0.511719 0.572266 0.511719 0.574219 0.513672 0.576172 0.515625 0.576172 0.517578 0.574219 0.517578 0.572266 0.515625 0.570312
0 0.564453 0.570312 0.560547 0.574219 0.564453 0.578125 0.566406 0.578125 0.568359 0.576172 0.568359 0.572266 0.566406 0.570312
0 0.324219 0.576172 0.322266 0.578125 0.324219 0.580078 0.326172 0.578125
0 0.716797 0.593750 0.714844 0.591797 0.712891 0.591797 0.708984 0.595703 0.710938 0.597656 0.712891 0.597656
0 0.630859 0.595703 0.626953 0.595703 0.621094 0.601562 0.621094 0.603516 0.625000 0.607422 0.628906 0.607422 0.632812 0.603516 0.632812 0.597656
0 0.556641 0.603516 0.554688 0.601562 0.552734 0.603516 0.548828 0.603516 0.546875 0.605469 0.546875 0.607422 0.548828 0.609375 0.554688 0.609375 0.556641 0.607422
0 0.339844 0.617188 0.328125 0.628906 0.326172 0.638672 0.328125 0.646484 0.333984 0.652344 0.345703 0.654297 0.357422 0.662109 0.373047 0.662109 0.378906 0.656250 0.375000 0.630859 0.365234 0.626953 0.351562 0.615234
0 0.455078 0.617188 0.453125 0.619141 0.453125 0.621094 0.455078 0.623047 0.457031 0.623047 0.458984 0.621094 0.458984 0.619141 0.457031 0.617188
0 0.779297 0.630859 0.777344 0.632812 0.777344 0.634766 0.779297 0.636719 0.781250 0.636719 0.783203 0.634766 0.783203 0.632812 0.781250 0.630859
1 0.660156 0.640625 0.658203 0.642578 0.658203 0.644531 0.656250 0.646484 0.656250 0.648438 0.658203 0.650391 0.658203 0.652344 0.660156 0.654297 0.662109 0.652344 0.662109 0.642578
0 0.580078 0.652344 0.576172 0.656250 0.576172 0.660156 0.578125 0.662109 0.582031 0.658203 0.582031 0.654297
0 0.546875 0.658203 0.544922 0.658203 0.541016 0.662109 0.542969 0.664062 0.542969 0.666016 0.544922 0.667969 0.546875 0.666016 0.546875 0.664062 0.548828 0.662109 0.548828 0.660156
0 0.529297 0.662109 0.527344 0.664062 0.529297 0.666016 0.529297 0.667969 0.531250 0.669922 0.533203 0.667969 0.533203 0.666016
0 0.585938 0.667969 0.583984 0.669922 0.582031 0.669922 0.572266 0.679688 0.574219 0.681641 0.580078 0.683594 0.587891 0.691406 0.589844 0.691406 0.591797 0.693359 0.593750 0.691406 0.593750 0.685547 0.595703 0.683594 0.595703 0.673828 0.591797 0.669922
0 0.894531 0.667969 0.892578 0.669922 0.890625 0.669922 0.886719 0.675781 0.886719 0.677734 0.888672 0.679688 0.888672 0.683594 0.890625 0.685547 0.898438 0.685547 0.902344 0.681641 0.902344 0.675781 0.900391 0.673828 0.900391 0.671875
0 0.611328 0.671875 0.609375 0.673828 0.611328 0.675781 0.613281 0.673828
0 0.660156 0.671875 0.656250 0.671875 0.646484 0.685547 0.646484 0.691406 0.642578 0.695312 0.632812 0.697266 0.646484 0.708984 0.650391 0.720703 0.654297 0.724609 0.652344 0.728516 0.654297 0.732422 0.658203 0.730469 0.658203 0.722656 0.666016 0.714844 0.666016 0.708984 0.660156 0.703125 0.666016 0.693359 0.664062 0.691406 0.666016 0.677734
0 0.992188 0.671875 0.988281 0.675781 0.988281 0.681641 0.992188 0.685547 0.996094 0.685547 0.998047 0.683594 0.998047 0.671875
0 0.607422 0.679688 0.605469 0.681641 0.605469 0.683594 0.607422 0.685547 0.609375 0.683594 0.609375 0.681641
0 0.632812 0.679688 0.630859 0.681641 0.630859 0.683594 0.632812 0.685547 0.634766 0.683594 0.634766 0.681641
0 0.494141 0.683594 0.490234 0.687500 0.494141 0.691406 0.498047 0.687500
0 0.550781 0.691406 0.546875 0.695312 0.550781 0.699219 0.552734 0.699219 0.554688 0.697266 0.554688 0.695312
0 0.566406 0.693359 0.564453 0.695312 0.564453 0.697266 0.566406 0.699219 0.568359 0.697266 0.568359 0.695312
0 0.890625 0.697266 0.886719 0.701172 0.890625 0.705078 0.892578 0.705078 0.896484 0.701172 0.892578 0.697266
0 0.595703 0.707031 0.593750 0.708984 0.595703 0.710938 0.597656 0.708984
0 0.785156 0.712891 0.781250 0.716797 0.785156 0.720703 0.787109 0.720703 0.791016 0.716797 0.787109 0.712891
0 0.482422 0.716797 0.480469 0.718750 0.480469 0.722656 0.484375 0.726562 0.486328 0.726562 0.490234 0.722656 0.490234 0.718750 0.488281 0.716797
0 0.691406 0.714844 0.689453 0.716797 0.691406 0.718750 0.691406 0.720703 0.693359 0.722656 0.695312 0.720703 0.695312 0.718750
0 0.595703 0.718750 0.593750 0.720703 0.593750 0.726562 0.599609 0.732422 0.601562 0.730469 0.601562 0.722656 0.599609 0.720703 0.597656 0.720703
0 0.632812 0.718750 0.630859 0.718750 0.626953 0.722656 0.626953 0.724609 0.628906 0.726562 0.628906 0.728516 0.630859 0.730469 0.634766 0.726562 0.634766 0.720703
0 0.912109 0.724609 0.910156 0.726562 0.908203 0.726562 0.906250 0.728516 0.906250 0.730469 0.912109 0.736328 0.914062 0.736328 0.917969 0.732422 0.917969 0.728516 0.914062 0.724609
0 0.962891 0.722656 0.958984 0.726562 0.960938 0.728516 0.962891 0.728516 0.964844 0.726562 0.964844 0.724609
0 0.585938 0.732422 0.578125 0.732422 0.574219 0.736328 0.574219 0.738281 0.568359 0.748047 0.568359 0.751953 0.572266 0.755859 0.574219 0.753906 0.576172 0.753906 0.589844 0.740234 0.589844 0.736328
0 0.603516 0.742188 0.601562 0.744141 0.603516 0.746094 0.605469 0.746094 0.607422 0.744141 0.605469 0.742188
0 0.621094 0.742188 0.619141 0.744141 0.619141 0.746094 0.617188 0.748047 0.617188 0.753906 0.619141 0.755859 0.621094 0.755859 0.623047 0.757812 0.628906 0.757812 0.632812 0.753906 0.632812 0.750000 0.626953 0.744141 0.625000 0.744141 0.623047 0.742188
0 0.400391 0.748047 0.398438 0.750000 0.398438 0.753906 0.400391 0.755859 0.402344 0.755859 0.404297 0.753906 0.404297 0.750000 0.402344 0.748047
0 0.384766 0.750000 0.382812 0.751953 0.382812 0.753906 0.380859 0.755859 0.380859 0.759766 0.382812 0.761719 0.386719 0.761719 0.388672 0.759766 0.388672 0.753906
0 0.882812 0.753906 0.876953 0.753906 0.869141 0.759766 0.869141 0.761719 0.867188 0.763672 0.867188 0.769531 0.865234 0.771484 0.865234 0.777344 0.867188 0.779297 0.869141 0.779297 0.873047 0.775391 0.878906 0.775391 0.886719 0.769531 0.886719 0.765625 0.888672 0.763672 0.888672 0.761719
0 0.548828 0.761719 0.554688 0.767578 0.554688 0.769531 0.558594 0.773438 0.560547 0.773438 0.566406 0.779297 0.576172 0.769531 0.574219 0.767578 0.574219 0.765625 0.568359 0.759766 0.556641 0.759766 0.554688 0.757812 0.552734 0.757812
0 0.650391 0.757812 0.648438 0.759766 0.650391 0.761719 0.652344 0.759766
0 0.466797 0.779297 0.460938 0.773438 0.455078 0.773438 0.447266 0.781250 0.445312 0.791016 0.439453 0.796875 0.421875 0.789062 0.416016 0.794922 0.417969 0.808594 0.437500 0.820312 0.445312 0.814453 0.445312 0.808594 0.464844 0.789062
0 0.585938 0.777344 0.560547 0.787109 0.566406 0.802734 0.556641 0.810547 0.546875 0.804688 0.527344 0.810547 0.531250 0.822266 0.560547 0.818359 0.566406 0.824219 0.544922 0.837891 0.552734 0.863281 0.564453 0.869141 0.582031 0.863281 0.615234 0.832031 0.601562 0.814453 0.601562 0.787109
0 0.804688 0.798828 0.798828 0.804688 0.798828 0.806641 0.802734 0.810547 0.804688 0.810547 0.808594 0.806641 0.808594 0.802734
0 0.925781 0.812500 0.921875 0.816406 0.921875 0.820312 0.925781 0.824219 0.929688 0.824219 0.933594 0.820312 0.933594 0.816406 0.929688 0.812500
0 0.466797 0.822266 0.464844 0.822266 0.462891 0.820312 0.458984 0.820312 0.451172 0.826172 0.451172 0.828125 0.447266 0.833984 0.447266 0.841797 0.451172 0.845703 0.457031 0.845703 0.462891 0.841797 0.462891 0.839844 0.470703 0.830078 0.470703 0.826172
0 0.714844 0.820312 0.712891 0.822266 0.710938 0.822266 0.708984 0.824219 0.708984 0.826172 0.707031 0.828125 0.707031 0.832031 0.712891 0.837891 0.718750 0.837891 0.722656 0.833984 0.722656 0.826172 0.716797 0.820312
0 0.369141 0.824219 0.367188 0.826172 0.367188 0.830078 0.369141 0.832031 0.373047 0.828125
0 0.779297 0.830078 0.777344 0.832031 0.779297 0.833984 0.781250 0.832031
0 0.660156 0.849609 0.656250 0.853516 0.660156 0.857422 0.664062 0.853516
0 0.681641 0.857422 0.679688 0.859375 0.679688 0.863281 0.681641 0.865234 0.685547 0.865234 0.687500 0.863281 0.687500 0.861328 0.683594 0.857422
0 0.992188 0.855469 0.988281 0.859375 0.988281 0.861328 0.992188 0.865234 0.996094 0.865234 0.998047 0.863281 0.998047 0.857422 0.994141 0.857422
0 0.927734 0.865234 0.925781 0.865234 0.921875 0.869141 0.925781 0.873047 0.929688 0.869141 0.929688 0.867188
0 0.562500 0.876953 0.558594 0.876953 0.548828 0.888672 0.542969 0.888672 0.539062 0.892578 0.539062 0.900391 0.541016 0.902344 0.541016 0.906250 0.546875 0.912109 0.548828 0.910156 0.552734 0.910156 0.558594 0.904297 0.558594 0.898438 0.554688 0.894531 0.554688 0.892578 0.566406 0.882812 0.566406 0.880859
1 0.451172 0.898438 0.427734 0.878906 0.419922 0.888672 0.404297 0.888672 0.386719 0.900391 0.375000 0.900391 0.357422 0.886719 0.337891 0.900391 0.335938 0.912109 0.326172 0.906250 0.310547 0.910156 0.277344 0.908203 0.259766 0.900391 0.251953 0.912109 0.261719 0.933594 0.246094 0.953125 0.242188 0.998047 0.275391 0.998047 0.281250 0.992188 0.287109 0.951172 0.302734 0.935547 0.339844 0.925781 0.361328 0.925781 0.376953 0.912109 0.388672 0.919922 0.410156 0.900391 0.441406 0.908203
0 0.517578 0.880859 0.513672 0.884766 0.513672 0.888672 0.519531 0.894531 0.523438 0.894531 0.529297 0.888672 0.529297 0.884766 0.525391 0.880859
0 0.769531 0.892578 0.767578 0.894531 0.767578 0.898438 0.769531 0.900391 0.773438 0.896484
0 0.851562 0.904297 0.847656 0.910156 0.847656 0.916016 0.849609 0.917969 0.849609 0.919922 0.855469 0.923828 0.859375 0.923828 0.861328 0.921875 0.863281 0.921875 0.867188 0.916016 0.867188 0.912109 0.863281 0.908203 0.863281 0.906250 0.861328 0.904297
0 0.458984 0.912109 0.455078 0.916016 0.455078 0.921875 0.458984 0.925781 0.462891 0.925781 0.466797 0.921875 0.466797 0.916016 0.462891 0.912109
0 0.968750 0.910156 0.964844 0.914062 0.964844 0.916016 0.962891 0.917969 0.962891 0.923828 0.966797 0.927734 0.966797 0.929688 0.968750 0.931641 0.972656 0.931641 0.978516 0.927734 0.978516 0.919922 0.976562 0.917969 0.976562 0.914062 0.974609 0.912109 0.972656 0.912109 0.970703 0.910156
0 0.513672 0.916016 0.511719 0.917969 0.511719 0.919922 0.513672 0.921875 0.515625 0.921875 0.517578 0.919922 0.517578 0.917969 0.515625 0.916016
0 0.779297 0.916016 0.775391 0.919922 0.775391 0.931641 0.779297 0.935547 0.783203 0.935547 0.787109 0.931641 0.787109 0.929688 0.785156 0.927734 0.785156 0.919922 0.781250 0.916016
0 0.554688 0.923828 0.550781 0.923828 0.548828 0.925781 0.548828 0.927734 0.552734 0.931641 0.556641 0.927734 0.556641 0.925781
0 0.712891 0.921875 0.708984 0.925781 0.708984 0.929688 0.710938 0.931641 0.714844 0.931641 0.716797 0.929688 0.716797 0.925781
0 0.513672 0.933594 0.511719 0.935547 0.511719 0.937500 0.513672 0.939453 0.515625 0.937500 0.515625 0.935547
0 0.566406 0.939453 0.562500 0.935547 0.558594 0.939453 0.560547 0.941406 0.564453 0.941406
0 0.589844 0.933594 0.585938 0.937500 0.585938 0.939453 0.589844 0.943359 0.593750 0.943359 0.595703 0.941406 0.595703 0.937500 0.591797 0.933594
0 0.945312 0.939453 0.937500 0.947266 0.937500 0.957031 0.943359 0.962891 0.951172 0.962891 0.958984 0.953125 0.958984 0.945312 0.953125 0.939453
0 0.468750 0.957031 0.468750 0.968750 0.472656 0.972656 0.480469 0.972656 0.486328 0.966797 0.498047 0.966797 0.500000 0.964844 0.500000 0.960938 0.498047 0.958984 0.490234 0.958984 0.478516 0.947266 0.474609 0.949219
0 0.783203 0.953125 0.781250 0.955078 0.783203 0.957031 0.785156 0.955078
0 0.832031 0.955078 0.826172 0.962891 0.824219 0.978516 0.830078 0.990234 0.841797 0.998047 0.857422 0.984375 0.859375 0.980469 0.857422 0.974609 0.859375 0.968750 0.851562 0.958984 0.843750 0.955078 0.841797 0.957031 0.839844 0.955078
0 0.574219 0.958984 0.570312 0.962891 0.574219 0.966797 0.576172 0.966797 0.578125 0.964844 0.578125 0.962891
0 0.970703 0.962891 0.966797 0.966797 0.970703 0.970703 0.974609 0.966797
0 0.619141 0.966797 0.615234 0.970703 0.615234 0.982422 0.621094 0.988281 0.625000 0.988281 0.630859 0.982422 0.630859 0.976562 0.628906 0.974609 0.628906 0.972656 0.623047 0.966797
0 0.664062 0.976562 0.658203 0.982422 0.658203 0.990234 0.662109 0.996094 0.660156 0.998047 0.679688 0.998047 0.681641 0.996094 0.681641 0.992188 0.683594 0.990234 0.683594 0.984375 0.681641 0.982422 0.681641 0.980469 0.673828 0.974609 0.667969 0.974609 0.666016 0.976562
0 0.921875 0.978516 0.917969 0.982422 0.917969 0.984375 0.921875 0.988281 0.925781 0.984375 0.925781 0.982422
1 0.511719 0.984375 0.511719 0.990234 0.519531 0.998047 0.546875 0.998047 0.539062 0.988281 0.535156 0.986328 0.531250 0.986328 0.523438 0.980469 0.515625 0.980469
0 0.960938 0.992188 0.962891 0.994141 0.962891 0.996094 0.960938 0.998047 0.982422 0.998047 0.982422 0.990234 0.980469 0.988281 0.980469 0.986328 0.978516 0.984375 0.974609 0.984375 0.972656 0.982422 0.970703 0.982422 0.966797 0.986328 0.964844 0.986328
0 0.496094 0.996094 0.494141 0.994141 0.494141 0.992188 0.490234 0.988281 0.488281 0.988281 0.486328 0.986328 0.484375 0.988281 0.480469 0.988281 0.476562 0.992188 0.476562 0.994141 0.474609 0.996094 0.474609 0.998047 0.496094 0.998047
0 0.560547 0.990234 0.560547 0.994141 0.558594 0.996094 0.558594 0.998047 0.574219 0.998047 0.572266 0.996094 0.572266 0.994141 0.570312 0.992188 0.570312 0.990234 0.566406 0.986328 0.564453 0.986328
0 0.718750 0.986328 0.716797 0.988281 0.716797 0.992188 0.718750 0.994141 0.722656 0.994141 0.726562 0.990234 0.722656 0.986328
0 0.453125 0.988281 0.451172 0.990234 0.451172 0.992188 0.455078 0.996094 0.457031 0.996094 0.458984 0.994141 0.458984 0.990234 0.457031 0.988281
1 0.906250 0.998047 0.916016 0.998047 0.914062 0.996094 0.908203 0.996094
