0 0.125000 0.001953 0.121094 0.005859 0.123047 0.007812 0.125000 0.007812 0.126953 0.005859 0.126953 0.003906
0 0.191406 0.019531 0.189453 0.017578 0.187500 0.017578 0.185547 0.015625 0.181641 0.019531 0.181641 0.021484 0.183594 0.023438 0.187500 0.023438
0 0.367188 0.142578 0.363281 0.146484 0.363281 0.148438 0.369141 0.154297 0.371094 0.154297 0.375000 0.150391 0.375000 0.146484 0.371094 0.142578
0 0.427734 0.140625 0.423828 0.144531 0.423828 0.146484 0.427734 0.150391 0.431641 0.146484 0.429688 0.144531 0.429688 0.142578
1 0.060547 0.146484 0.000000 0.197266 0.058594 0.232422 0.035156 0.300781 0.000000 0.296875 0.000000 0.351562 0.072266 0.390625 0.042969 0.431641 0.000000 0.382812 0.000000 0.478516 0.111328 0.601562 0.093750 0.734375 0.160156 0.714844 0.095703 0.783203 0.087891 0.851562 0.193359 0.796875 0.218750 0.861328 0.244141 0.798828 0.333984 0.814453 0.314453 0.896484 0.341797 0.925781 0.355469 0.835938 0.431641 0.755859 0.253906 0.773438 0.306641 0.662109 0.373047 0.642578 0.310547 0.564453 0.281250 0.603516 0.308594 0.644531 0.220703 0.617188 0.212891 0.656250 0.148438 0.648438 0.154297 0.556641 0.191406 0.531250 0.160156 0.503906 0.212891 0.478516 0.253906 0.513672 0.263672 0.414062 0.234375 0.369141 0.261719 0.412109 0.238281 0.474609 0.144531 0.482422 0.101562 0.410156 0.166016 0.359375 0.083984 0.353516 0.128906 0.287109 0.099609 0.310547
0 0.369141 0.166016 0.365234 0.169922 0.369141 0.173828 0.373047 0.169922
0 0.287109 0.173828 0.281250 0.179688 0.281250 0.181641 0.285156 0.185547 0.289062 0.185547 0.292969 0.181641 0.292969 0.179688
0 0.351562 0.171875 0.349609 0.173828 0.349609 0.175781 0.351562 0.177734 0.353516 0.175781 0.353516 0.173828
0 0.328125 0.187500 0.322266 0.193359 0.322266 0.203125 0.326172 0.207031 0.333984 0.207031 0.337891 0.203125 0.337891 0.201172 0.339844 0.199219 0.339844 0.193359 0.333984 0.187500
0 0.216797 0.191406 0.212891 0.191406 0.205078 0.199219 0.205078 0.205078 0.208984 0.208984 0.216797 0.208984 0.222656 0.203125 0.222656 0.199219 0.220703 0.197266 0.220703 0.195312
0 0.306641 0.208984 0.304688 0.210938 0.304688 0.218750 0.306641 0.220703 0.306641 0.222656 0.310547 0.226562 0.318359 0.226562 0.322266 0.222656 0.322266 0.214844 0.318359 0.210938 0.316406 0.210938 0.310547 0.207031 0.308594 0.208984
0 0.195312 0.212891 0.193359 0.214844 0.193359 0.216797 0.195312 0.218750 0.197266 0.218750 0.199219 0.216797 0.199219 0.214844 0.197266 0.212891
0 0.962891 0.218750 0.960938 0.218750 0.958984 0.220703 0.957031 0.220703 0.955078 0.222656 0.955078 0.224609 0.953125 0.226562 0.953125 0.230469 0.957031 0.234375 0.958984 0.234375 0.960938 0.236328 0.962891 0.234375 0.964844 0.234375 0.966797 0.232422 0.966797 0.230469 0.968750 0.228516 0.968750 0.224609
0 0.173828 0.222656 0.169922 0.226562 0.169922 0.230469 0.173828 0.234375 0.175781 0.234375 0.177734 0.236328 0.179688 0.236328 0.181641 0.234375 0.181641 0.230469 0.183594 0.228516 0.177734 0.222656
0 0.300781 0.226562 0.296875 0.230469 0.296875 0.236328 0.300781 0.240234 0.304688 0.236328 0.304688 0.230469
0 0.029297 0.232422 0.027344 0.234375 0.029297 0.236328 0.031250 0.234375
1 0.011719 0.240234 0.005859 0.246094 0.000000 0.248047 0.000000 0.285156 0.003906 0.285156 0.013672 0.273438 0.001953 0.261719 0.015625 0.250000
0 0.158203 0.246094 0.154297 0.250000 0.154297 0.255859 0.160156 0.261719 0.164062 0.261719 0.167969 0.257812 0.167969 0.253906 0.166016 0.251953 0.166016 0.250000 0.164062 0.248047 0.162109 0.248047 0.160156 0.246094
0 0.964844 0.275391 0.958984 0.281250 0.958984 0.287109 0.964844 0.292969 0.968750 0.292969 0.974609 0.289062 0.974609 0.287109 0.976562 0.285156 0.976562 0.283203 0.968750 0.275391
0 0.328125 0.337891 0.324219 0.341797 0.324219 0.343750 0.326172 0.345703 0.328125 0.345703 0.332031 0.341797
0 0.595703 0.341797 0.591797 0.337891 0.589844 0.337891 0.583984 0.343750 0.580078 0.343750 0.578125 0.345703 0.576172 0.343750 0.574219 0.343750 0.570312 0.347656 0.570312 0.351562 0.574219 0.355469 0.580078 0.355469 0.582031 0.357422 0.587891 0.359375 0.589844 0.357422 0.591797 0.357422 0.595703 0.351562
0 0.664062 0.339844 0.660156 0.343750 0.664062 0.347656 0.667969 0.343750
0 0.554688 0.343750 0.550781 0.347656 0.554688 0.351562 0.556641 0.349609 0.556641 0.345703
0 0.187500 0.353516 0.185547 0.355469 0.187500 0.357422 0.189453 0.355469
0 0.207031 0.353516 0.205078 0.355469 0.205078 0.357422 0.207031 0.359375 0.208984 0.359375 0.214844 0.365234 0.216797 0.365234 0.218750 0.363281 0.218750 0.361328 0.220703 0.359375 0.220703 0.357422 0.218750 0.355469 0.218750 0.353516 0.216797 0.351562 0.212891 0.351562 0.210938 0.353516
0 0.416016 0.351562 0.414062 0.353516 0.414062 0.355469 0.416016 0.357422 0.419922 0.357422 0.421875 0.355469 0.421875 0.353516 0.419922 0.351562
0 0.171875 0.355469 0.169922 0.357422 0.171875 0.359375 0.173828 0.357422
0 0.435547 0.357422 0.433594 0.359375 0.435547 0.361328 0.437500 0.361328 0.439453 0.359375 0.437500 0.357422
0 0.677734 0.369141 0.673828 0.365234 0.671875 0.365234 0.669922 0.367188 0.667969 0.367188 0.666016 0.369141 0.664062 0.369141 0.660156 0.373047 0.664062 0.376953 0.673828 0.376953 0.677734 0.373047
0 0.296875 0.369141 0.294922 0.371094 0.294922 0.375000 0.298828 0.378906 0.302734 0.375000 0.302734 0.373047 0.298828 0.369141
0 0.886719 0.367188 0.884766 0.369141 0.886719 0.371094 0.888672 0.371094 0.890625 0.369141 0.888672 0.367188
0 0.490234 0.371094 0.488281 0.373047 0.486328 0.373047 0.484375 0.375000 0.484375 0.376953 0.488281 0.380859 0.490234 0.380859 0.494141 0.376953 0.494141 0.375000
0 0.330078 0.382812 0.328125 0.382812 0.318359 0.394531 0.318359 0.404297 0.320312 0.406250 0.320312 0.412109 0.324219 0.416016 0.328125 0.416016 0.333984 0.408203 0.337891 0.408203 0.339844 0.406250 0.343750 0.408203 0.347656 0.404297 0.347656 0.394531
0 0.531250 0.386719 0.527344 0.390625 0.527344 0.394531 0.531250 0.398438 0.533203 0.398438 0.537109 0.394531 0.537109 0.390625 0.533203 0.386719
0 0.693359 0.392578 0.691406 0.394531 0.693359 0.396484 0.695312 0.394531
0 0.767578 0.398438 0.765625 0.400391 0.765625 0.402344 0.767578 0.404297 0.769531 0.404297 0.771484 0.402344
0 0.187500 0.408203 0.185547 0.410156 0.185547 0.416016 0.187500 0.417969 0.189453 0.417969 0.191406 0.419922 0.195312 0.416016 0.195312 0.412109 0.191406 0.408203
0 0.218750 0.410156 0.220703 0.412109 0.230469 0.412109 0.232422 0.410156 0.232422 0.408203 0.230469 0.406250 0.222656 0.406250
0 0.240234 0.410156 0.238281 0.412109 0.240234 0.414062 0.242188 0.412109
0 0.716797 0.421875 0.714844 0.423828 0.716797 0.425781 0.718750 0.423828
0 0.322266 0.427734 0.318359 0.431641 0.318359 0.433594 0.322266 0.437500 0.324219 0.437500 0.326172 0.435547 0.326172 0.431641
0 0.595703 0.429688 0.593750 0.431641 0.593750 0.435547 0.595703 0.437500 0.597656 0.437500 0.599609 0.435547 0.599609 0.431641 0.597656 0.429688
0 0.294922 0.441406 0.292969 0.443359 0.292969 0.449219 0.296875 0.453125 0.298828 0.453125 0.300781 0.451172 0.302734 0.451172 0.304688 0.449219 0.304688 0.445312 0.300781 0.441406
0 0.796875 0.443359 0.794922 0.445312 0.794922 0.447266 0.796875 0.449219 0.798828 0.447266 0.798828 0.445312
0 0.289062 0.466797 0.285156 0.470703 0.287109 0.472656 0.287109 0.478516 0.289062 0.480469 0.294922 0.480469 0.300781 0.474609 0.294922 0.468750 0.292969 0.468750 0.291016 0.466797
0 0.443359 0.468750 0.441406 0.470703 0.443359 0.472656 0.445312 0.472656 0.447266 0.470703 0.445312 0.468750
0 0.636719 0.476562 0.632812 0.480469 0.632812 0.482422 0.636719 0.486328 0.640625 0.482422 0.640625 0.480469
0 0.660156 0.476562 0.658203 0.478516 0.660156 0.480469 0.662109 0.480469 0.664062 0.478516 0.662109 0.476562
0 0.734375 0.478516 0.732422 0.480469 0.732422 0.482422 0.728516 0.486328 0.728516 0.488281 0.732422 0.492188 0.736328 0.488281 0.736328 0.480469
0 0.763672 0.476562 0.761719 0.480469 0.765625 0.484375 0.765625 0.492188 0.759766 0.500000 0.759766 0.505859 0.763672 0.511719 0.767578 0.513672 0.773438 0.513672 0.783203 0.501953 0.783203 0.486328 0.781250 0.484375 0.777344 0.486328
0 0.869141 0.476562 0.867188 0.476562 0.865234 0.478516 0.865234 0.480469 0.867188 0.482422 0.871094 0.478516
0 0.521484 0.486328 0.519531 0.488281 0.525391 0.494141 0.529297 0.490234 0.525391 0.486328
0 0.685547 0.484375 0.683594 0.486328 0.683594 0.488281 0.685547 0.490234 0.687500 0.488281 0.687500 0.486328
0 0.343750 0.490234 0.341797 0.492188 0.341797 0.498047 0.343750 0.500000 0.343750 0.503906 0.345703 0.505859 0.345703 0.507812 0.349609 0.511719 0.353516 0.511719 0.355469 0.513672 0.357422 0.511719 0.357422 0.501953 0.355469 0.500000 0.355469 0.494141 0.351562 0.490234
0 0.492188 0.492188 0.490234 0.494141 0.488281 0.494141 0.484375 0.498047 0.486328 0.500000 0.486328 0.505859 0.484375 0.507812 0.490234 0.513672 0.500000 0.513672 0.505859 0.507812 0.505859 0.500000 0.498047 0.492188
0 0.748047 0.494141 0.744141 0.498047 0.748047 0.501953 0.751953 0.498047
1 0.998047 0.492188 0.996094 0.494141 0.996094 0.496094 0.998047 0.498047
0 0.373047 0.501953 0.369141 0.505859 0.375000 0.511719 0.376953 0.511719 0.378906 0.513672 0.380859 0.513672 0.382812 0.511719 0.382812 0.509766 0.380859 0.507812 0.380859 0.505859 0.376953 0.501953
0 0.701172 0.505859 0.699219 0.507812 0.699219 0.511719 0.701172 0.513672 0.705078 0.513672 0.707031 0.511719 0.707031 0.509766 0.703125 0.505859
0 0.232422 0.525391 0.236328 0.529297 0.238281 0.529297 0.240234 0.531250 0.242188 0.531250 0.248047 0.537109 0.250000 0.535156 0.250000 0.533203 0.246094 0.529297 0.246094 0.523438 0.248047 0.521484 0.246094 0.519531 0.244141 0.519531 0.242188 0.521484 0.238281 0.521484
0 0.371094 0.521484 0.367188 0.525391 0.367188 0.529297 0.375000 0.537109 0.380859 0.537109 0.384766 0.533203 0.384766 0.531250 0.382812 0.529297 0.382812 0.527344 0.378906 0.523438 0.376953 0.523438 0.375000 0.521484
0 0.222656 0.533203 0.218750 0.529297 0.216797 0.531250 0.212891 0.531250 0.210938 0.533203 0.214844 0.537109 0.216797 0.537109 0.218750 0.535156 0.220703 0.535156
0 0.439453 0.537109 0.437500 0.539062 0.437500 0.541016 0.439453 0.542969 0.443359 0.542969 0.445312 0.541016 0.445312 0.539062 0.443359 0.537109
0 0.748047 0.535156 0.746094 0.537109 0.746094 0.539062 0.748047 0.541016 0.750000 0.541016 0.751953 0.539062 0.751953 0.537109 0.750000 0.535156
0 0.494141 0.539062 0.492188 0.541016 0.486328 0.542969 0.482422 0.546875 0.482422 0.548828 0.480469 0.550781 0.480469 0.554688 0.482422 0.556641 0.482422 0.558594 0.488281 0.562500 0.496094 0.562500 0.503906 0.554688 0.503906 0.546875 0.498047 0.541016 0.496094 0.541016
0 0.714844 0.539062 0.712891 0.541016 0.718750 0.546875 0.722656 0.542969 0.718750 0.539062
0 0.269531 0.558594 0.269531 0.560547 0.273438 0.564453 0.281250 0.564453 0.283203 0.562500 0.277344 0.556641 0.271484 0.556641
0 0.669922 0.558594 0.667969 0.560547 0.671875 0.564453 0.673828 0.564453 0.675781 0.562500 0.675781 0.560547 0.673828 0.558594
0 0.896484 0.560547 0.892578 0.564453 0.894531 0.566406 0.896484 0.566406 0.898438 0.564453 0.898438 0.562500
0 0.488281 0.572266 0.484375 0.576172 0.484375 0.578125 0.488281 0.582031 0.492188 0.578125 0.492188 0.576172
0 0.509766 0.576172 0.505859 0.576172 0.503906 0.578125 0.507812 0.582031 0.511719 0.578125
0 0.607422 0.580078 0.605469 0.582031 0.607422 0.583984 0.609375 0.582031
1 0.423828 0.583984 0.419922 0.583984 0.396484 0.607422 0.396484 0.617188 0.394531 0.619141 0.396484 0.623047 0.406250 0.623047 0.414062 0.617188 0.421875 0.617188 0.423828 0.615234 0.417969 0.607422 0.417969 0.603516 0.427734 0.593750 0.427734 0.587891
0 0.484375 0.585938 0.480469 0.589844 0.480469 0.591797 0.484375 0.595703 0.486328 0.593750 0.488281 0.593750 0.490234 0.591797
0 0.498047 0.589844 0.494141 0.593750 0.498047 0.597656 0.501953 0.597656 0.505859 0.593750 0.503906 0.591797 0.501953 0.591797 0.500000 0.589844
0 0.529297 0.589844 0.521484 0.589844 0.517578 0.591797 0.511719 0.599609 0.511719 0.611328 0.517578 0.621094 0.523438 0.626953 0.539062 0.619141 0.542969 0.613281 0.541016 0.599609
0 0.556641 0.591797 0.554688 0.595703 0.560547 0.601562 0.560547 0.611328 0.541016 0.638672 0.537109 0.662109 0.541016 0.664062 0.560547 0.650391 0.568359 0.660156 0.583984 0.664062 0.587891 0.658203 0.583984 0.644531 0.595703 0.634766 0.595703 0.625000 0.572266 0.601562 0.564453 0.599609
0 0.261719 0.597656 0.259766 0.599609 0.261719 0.601562 0.263672 0.601562 0.265625 0.599609 0.263672 0.597656
0 0.431641 0.609375 0.433594 0.613281 0.437500 0.613281 0.443359 0.619141 0.441406 0.630859 0.445312 0.636719 0.445312 0.642578 0.453125 0.650391 0.466797 0.648438 0.478516 0.642578 0.482422 0.634766 0.474609 0.626953 0.462891 0.625000 0.458984 0.621094 0.460938 0.615234 0.453125 0.603516 0.441406 0.601562
0 0.679688 0.611328 0.675781 0.615234 0.679688 0.619141 0.681641 0.619141 0.685547 0.615234 0.681641 0.611328
0 0.812500 0.611328 0.808594 0.615234 0.810547 0.617188 0.812500 0.617188 0.814453 0.615234 0.814453 0.613281
0 0.607422 0.615234 0.605469 0.617188 0.605469 0.619141 0.607422 0.621094 0.609375 0.619141 0.609375 0.617188
0 0.908203 0.613281 0.906250 0.615234 0.906250 0.617188 0.908203 0.619141 0.910156 0.619141 0.912109 0.617188 0.912109 0.615234 0.910156 0.613281
0 0.728516 0.632812 0.726562 0.634766 0.726562 0.638672 0.728516 0.640625 0.732422 0.640625 0.734375 0.638672 0.734375 0.634766 0.732422 0.632812
0 0.644531 0.636719 0.640625 0.642578 0.640625 0.648438 0.628906 0.658203 0.640625 0.669922 0.634766 0.679688 0.640625 0.687500 0.646484 0.687500 0.652344 0.683594 0.664062 0.685547 0.666016 0.681641 0.660156 0.673828 0.662109 0.658203 0.650391 0.650391 0.648438 0.640625
0 0.498047 0.644531 0.494141 0.648438 0.498047 0.652344 0.501953 0.652344 0.505859 0.648438 0.505859 0.646484 0.503906 0.644531
1 0.691406 0.644531 0.687500 0.644531 0.685547 0.646484 0.685547 0.648438 0.687500 0.650391 0.687500 0.652344 0.685547 0.654297 0.685547 0.656250 0.683594 0.658203 0.683594 0.660156 0.685547 0.662109 0.687500 0.660156 0.687500 0.658203 0.691406 0.654297 0.691406 0.652344 0.695312 0.648438
0 0.484375 0.662109 0.482422 0.664062 0.484375 0.666016 0.486328 0.664062
1 0.556641 0.662109 0.552734 0.666016 0.554688 0.667969 0.554688 0.671875 0.550781 0.677734 0.552734 0.679688 0.552734 0.683594 0.560547 0.691406 0.562500 0.689453 0.562500 0.683594 0.560547 0.681641 0.560547 0.677734 0.558594 0.675781 0.558594 0.667969 0.560547 0.666016
0 0.517578 0.666016 0.519531 0.667969 0.521484 0.667969 0.523438 0.669922 0.527344 0.669922 0.529297 0.667969 0.525391 0.664062 0.519531 0.664062
0 0.445312 0.669922 0.443359 0.671875 0.443359 0.673828 0.441406 0.675781 0.445312 0.679688 0.447266 0.679688 0.451172 0.675781
0 0.755859 0.667969 0.751953 0.667969 0.750000 0.669922 0.750000 0.671875 0.751953 0.673828 0.753906 0.673828 0.757812 0.669922
0 0.595703 0.673828 0.593750 0.675781 0.593750 0.681641 0.595703 0.683594 0.597656 0.683594 0.599609 0.681641 0.599609 0.677734
0 0.867188 0.679688 0.863281 0.683594 0.863281 0.685547 0.861328 0.687500 0.869141 0.695312 0.873047 0.695312 0.876953 0.691406 0.876953 0.687500 0.875000 0.685547 0.875000 0.683594 0.871094 0.679688
0 0.734375 0.685547 0.732422 0.687500 0.730469 0.687500 0.726562 0.691406 0.726562 0.695312 0.732422 0.701172 0.734375 0.701172 0.736328 0.703125 0.742188 0.697266 0.742188 0.691406 0.738281 0.687500 0.736328 0.687500
1 0.408203 0.691406 0.406250 0.693359 0.408203 0.695312 0.408203 0.705078 0.410156 0.707031 0.412109 0.707031 0.414062 0.705078 0.414062 0.701172 0.412109 0.699219 0.412109 0.693359 0.410156 0.691406
0 0.503906 0.695312 0.498047 0.701172 0.498047 0.703125 0.496094 0.705078 0.496094 0.710938 0.500000 0.714844 0.509766 0.714844 0.515625 0.710938 0.517578 0.705078 0.515625 0.703125 0.515625 0.701172 0.511719 0.697266 0.509766 0.697266 0.507812 0.695312
0 0.558594 0.695312 0.556641 0.697266 0.558594 0.699219 0.560547 0.697266
0 0.757812 0.697266 0.755859 0.699219 0.755859 0.705078 0.759766 0.708984 0.763672 0.708984 0.767578 0.705078 0.767578 0.699219 0.765625 0.697266
0 0.529297 0.699219 0.527344 0.701172 0.527344 0.707031 0.531250 0.710938 0.533203 0.710938 0.535156 0.708984 0.535156 0.707031 0.537109 0.705078 0.537109 0.703125 0.533203 0.699219
0 0.628906 0.703125 0.626953 0.705078 0.626953 0.707031 0.628906 0.708984 0.630859 0.707031 0.630859 0.705078
0 0.343750 0.708984 0.341797 0.708984 0.337891 0.712891 0.337891 0.716797 0.341797 0.720703 0.345703 0.716797 0.345703 0.710938
0 0.683594 0.714844 0.679688 0.710938 0.677734 0.710938 0.675781 0.708984 0.671875 0.708984 0.660156 0.720703 0.662109 0.722656 0.669922 0.722656 0.671875 0.724609 0.677734 0.724609 0.683594 0.718750
0 0.578125 0.720703 0.568359 0.712891 0.558594 0.712891 0.542969 0.724609 0.541016 0.730469 0.537109 0.734375 0.539062 0.736328 0.539062 0.742188 0.544922 0.748047 0.564453 0.748047 0.568359 0.746094 0.580078 0.732422 0.578125 0.730469 0.580078 0.728516
0 0.716797 0.710938 0.712891 0.714844 0.712891 0.720703 0.714844 0.722656 0.720703 0.716797 0.718750 0.714844 0.718750 0.712891
0 0.376953 0.722656 0.375000 0.724609 0.376953 0.726562 0.378906 0.726562 0.380859 0.724609 0.378906 0.722656
0 0.437500 0.724609 0.435547 0.726562 0.435547 0.730469 0.441406 0.736328 0.445312 0.732422 0.445312 0.726562 0.443359 0.724609
0 0.466797 0.726562 0.464844 0.728516 0.470703 0.736328 0.472656 0.750000 0.482422 0.761719 0.482422 0.765625 0.486328 0.767578 0.488281 0.765625 0.488281 0.759766 0.496094 0.753906 0.501953 0.746094 0.496094 0.742188 0.486328 0.730469
0 0.611328 0.732422 0.607422 0.736328 0.607422 0.738281 0.611328 0.742188 0.613281 0.742188 0.617188 0.738281
0 0.330078 0.740234 0.328125 0.742188 0.330078 0.744141 0.332031 0.742188
0 0.968750 0.750000 0.964844 0.746094 0.960938 0.750000 0.962891 0.751953 0.966797 0.751953
0 0.826172 0.753906 0.824219 0.755859 0.818359 0.755859 0.808594 0.765625 0.810547 0.767578 0.808594 0.769531 0.820312 0.781250 0.832031 0.781250 0.837891 0.773438 0.837891 0.763672 0.830078 0.755859
0 0.939453 0.765625 0.931641 0.765625 0.925781 0.771484 0.925781 0.777344 0.923828 0.779297 0.927734 0.783203 0.929688 0.789062 0.933594 0.792969 0.941406 0.785156 0.943359 0.785156 0.947266 0.781250 0.947266 0.775391 0.945312 0.773438 0.945312 0.771484
0 0.451172 0.771484 0.447266 0.771484 0.443359 0.775391 0.443359 0.777344 0.441406 0.779297 0.441406 0.791016 0.447266 0.796875 0.449219 0.794922 0.451172 0.794922 0.458984 0.787109 0.460938 0.787109 0.462891 0.785156 0.462891 0.783203
0 0.568359 0.783203 0.568359 0.785156 0.570312 0.787109 0.576172 0.787109 0.578125 0.789062 0.582031 0.785156 0.578125 0.781250 0.570312 0.781250
0 0.621094 0.787109 0.619141 0.789062 0.619141 0.791016 0.623047 0.794922 0.625000 0.792969 0.625000 0.789062 0.623047 0.787109
1 0.849609 0.794922 0.849609 0.792969 0.845703 0.787109 0.837891 0.787109 0.835938 0.789062 0.826172 0.789062 0.824219 0.791016 0.824219 0.792969 0.828125 0.796875 0.830078 0.796875 0.832031 0.798828 0.845703 0.798828
0 0.904297 0.791016 0.900391 0.794922 0.904297 0.798828 0.906250 0.798828 0.910156 0.794922 0.906250 0.791016
0 0.769531 0.794922 0.767578 0.796875 0.769531 0.798828 0.771484 0.798828 0.773438 0.796875 0.771484 0.794922
0 0.933594 0.802734 0.929688 0.802734 0.927734 0.804688 0.927734 0.810547 0.931641 0.814453 0.935547 0.810547 0.935547 0.804688
0 0.666016 0.808594 0.662109 0.812500 0.666016 0.816406 0.667969 0.816406 0.671875 0.812500 0.667969 0.808594
0 0.996094 0.808594 0.992188 0.812500 0.992188 0.814453 0.996094 0.818359 0.998047 0.818359 0.998047 0.808594
0 0.519531 0.812500 0.517578 0.814453 0.517578 0.816406 0.515625 0.818359 0.515625 0.822266 0.517578 0.824219 0.519531 0.824219 0.521484 0.822266 0.521484 0.814453
0 0.712891 0.816406 0.712891 0.818359 0.718750 0.824219 0.720703 0.822266 0.724609 0.822266 0.726562 0.820312 0.726562 0.818359 0.722656 0.814453 0.720703 0.814453 0.718750 0.812500 0.716797 0.812500
0 0.410156 0.830078 0.404297 0.824219 0.398438 0.824219 0.392578 0.828125 0.392578 0.830078 0.388672 0.833984 0.386719 0.839844 0.388672 0.841797 0.394531 0.837891 0.404297 0.837891 0.410156 0.832031
0 0.644531 0.824219 0.625000 0.835938 0.626953 0.841797 0.619141 0.851562 0.623047 0.859375 0.632812 0.863281 0.621094 0.882812 0.623047 0.900391 0.630859 0.912109 0.648438 0.923828 0.662109 0.919922 0.667969 0.925781 0.667969 0.935547 0.685547 0.943359 0.693359 0.937500 0.691406 0.919922 0.695312 0.916016 0.703125 0.923828 0.714844 0.923828 0.724609 0.919922 0.736328 0.902344 0.726562 0.898438 0.716797 0.884766 0.699219 0.896484 0.695312 0.890625 0.701172 0.880859 0.687500 0.878906 0.685547 0.890625 0.689453 0.898438 0.683594 0.910156 0.673828 0.896484 0.675781 0.888672 0.660156 0.873047 0.648438 0.875000 0.644531 0.871094 0.664062 0.857422 0.673828 0.828125 0.664062 0.830078
0 0.701172 0.828125 0.699219 0.830078 0.701172 0.832031 0.703125 0.830078
0 0.941406 0.832031 0.937500 0.832031 0.935547 0.833984 0.935547 0.835938 0.937500 0.837891 0.939453 0.837891 0.943359 0.833984
0 0.875000 0.837891 0.873047 0.835938 0.871094 0.837891 0.869141 0.835938 0.865234 0.839844 0.865234 0.841797 0.867188 0.843750 0.869141 0.843750
0 0.466797 0.839844 0.464844 0.841797 0.468750 0.845703 0.470703 0.843750 0.470703 0.841797 0.468750 0.839844
0 0.685547 0.843750 0.683594 0.845703 0.683594 0.849609 0.685547 0.851562 0.687500 0.851562 0.689453 0.849609 0.689453 0.847656
0 0.488281 0.855469 0.486328 0.857422 0.488281 0.859375 0.490234 0.857422
0 0.794922 0.863281 0.794922 0.869141 0.798828 0.873047 0.804688 0.873047 0.806641 0.875000 0.810547 0.875000 0.812500 0.876953 0.818359 0.875000 0.822266 0.869141 0.822266 0.863281 0.818359 0.857422 0.798828 0.857422
0 0.677734 0.861328 0.673828 0.865234 0.673828 0.867188 0.677734 0.871094 0.681641 0.871094 0.685547 0.867188 0.685547 0.865234 0.681641 0.861328
0 0.701172 0.859375 0.699219 0.861328 0.701172 0.863281 0.703125 0.861328
0 0.755859 0.861328 0.751953 0.861328 0.748047 0.865234 0.748047 0.871094 0.750000 0.873047 0.753906 0.873047 0.757812 0.869141 0.757812 0.863281
0 0.853516 0.861328 0.851562 0.863281 0.853516 0.865234 0.855469 0.865234 0.857422 0.863281 0.855469 0.861328
0 0.892578 0.861328 0.890625 0.863281 0.892578 0.865234 0.894531 0.865234 0.896484 0.863281 0.894531 0.861328
1 0.367188 0.875000 0.402344 0.906250 0.414062 0.939453 0.392578 0.998047 0.445312 0.998047 0.462891 0.984375 0.492188 0.982422 0.511719 0.970703 0.560547 0.970703 0.578125 0.951172 0.589844 0.957031 0.587891 0.974609 0.603516 0.998047 0.632812 0.992188 0.656250 0.998047 0.662109 0.982422 0.638672 0.962891 0.648438 0.941406 0.638672 0.933594 0.609375 0.937500 0.562500 0.886719 0.562500 0.875000 0.515625 0.888672 0.515625 0.906250 0.539062 0.921875 0.451172 0.955078 0.439453 0.945312 0.445312 0.931641 0.408203 0.882812 0.382812 0.871094
0 0.941406 0.876953 0.939453 0.878906 0.943359 0.882812 0.945312 0.880859 0.945312 0.878906 0.943359 0.876953
0 0.933594 0.884766 0.931641 0.886719 0.931641 0.890625 0.933594 0.892578 0.935547 0.892578 0.937500 0.890625 0.935547 0.888672 0.935547 0.886719
0 0.978516 0.884766 0.974609 0.884766 0.970703 0.888672 0.970703 0.892578 0.972656 0.894531 0.972656 0.896484 0.974609 0.898438 0.976562 0.898438 0.982422 0.892578 0.982422 0.888672
1 0.759766 0.890625 0.763672 0.894531 0.765625 0.894531 0.771484 0.900391 0.775391 0.900391 0.777344 0.898438 0.777344 0.896484 0.769531 0.888672 0.767578 0.888672 0.765625 0.886719 0.763672 0.886719
0 0.837891 0.890625 0.835938 0.890625 0.832031 0.894531 0.832031 0.896484 0.820312 0.908203 0.820312 0.914062 0.826172 0.919922 0.832031 0.917969 0.833984 0.916016 0.833984 0.914062 0.845703 0.904297 0.841797 0.898438 0.841797 0.894531
1 0.863281 0.896484 0.863281 0.902344 0.865234 0.904297 0.882812 0.904297 0.886719 0.908203 0.892578 0.902344 0.888672 0.898438 0.884766 0.898438 0.876953 0.890625 0.869141 0.890625
0 0.917969 0.898438 0.916016 0.900391 0.916016 0.904297 0.917969 0.906250 0.921875 0.906250 0.923828 0.904297 0.923828 0.902344 0.919922 0.898438
0 0.939453 0.900391 0.933594 0.906250 0.941406 0.914062 0.941406 0.916016 0.945312 0.919922 0.949219 0.916016 0.949219 0.908203 0.947266 0.906250 0.947266 0.902344 0.945312 0.900391
1 0.857422 0.931641 0.878906 0.974609 0.900391 0.968750 0.919922 0.998047 0.957031 0.998047 0.957031 0.980469 0.949219 0.968750 0.951172 0.951172 0.931641 0.933594 0.914062 0.935547 0.892578 0.914062 0.882812 0.919922 0.886719 0.929688 0.902344 0.937500 0.892578 0.949219 0.876953 0.945312 0.865234 0.929688
0 0.755859 0.927734 0.748047 0.933594 0.748047 0.941406 0.755859 0.957031 0.757812 0.958984 0.763672 0.958984 0.771484 0.953125 0.777344 0.941406 0.777344 0.937500 0.775391 0.933594 0.769531 0.929688
0 0.708984 0.947266 0.705078 0.951172 0.705078 0.953125 0.708984 0.957031 0.712891 0.957031 0.714844 0.955078 0.714844 0.951172 0.710938 0.947266
0 0.980469 0.949219 0.976562 0.953125 0.974609 0.953125 0.970703 0.958984 0.970703 0.970703 0.974609 0.978516 0.978516 0.982422 0.990234 0.982422 0.998047 0.976562 0.998047 0.957031 0.992188 0.955078 0.984375 0.949219
0 0.812500 0.953125 0.810547 0.955078 0.812500 0.957031 0.814453 0.955078
0 0.724609 0.966797 0.722656 0.968750 0.722656 0.970703 0.720703 0.972656 0.724609 0.976562 0.728516 0.976562 0.732422 0.972656 0.732422 0.970703 0.728516 0.966797
0 0.679688 0.970703 0.677734 0.972656 0.679688 0.974609 0.681641 0.974609 0.683594 0.972656 0.681641 0.970703
1 0.771484 0.974609 0.769531 0.976562 0.769531 0.978516 0.767578 0.980469 0.767578 0.982422 0.769531 0.984375 0.769531 0.986328 0.773438 0.990234 0.773438 0.992188 0.775391 0.994141 0.777344 0.994141 0.779297 0.992188 0.777344 0.990234 0.777344 0.988281 0.775391 0.986328 0.775391 0.982422 0.777344 0.980469 0.777344 0.976562 0.775391 0.974609
0 0.578125 0.986328 0.574219 0.990234 0.574219 0.996094 0.576172 0.998047 0.580078 0.998047 0.582031 0.996094 0.582031 0.990234
0 0.533203 0.996094 0.533203 0.998047 0.539062 0.998047 0.539062 0.996094 0.537109 0.994141 0.535156 0.994141
1 0.814453 0.998047 0.826172 0.998047 0.822266 0.994141 0.818359 0.994141
1 0.960938 0.998047 0.982422 0.998047 0.978516 0.994141 0.976562 0.994141 0.974609 0.992188 0.968750 0.992188 0.966797 0.994141 0.964844 0.994141
1 0.710938 0.998047 0.716797 0.998047 0.714844 0.996094 0.712891 0.996094
1 0.728516 0.998047 0.738281 0.998047 0.736328 0.996094 0.730469 0.996094
