0 0.746094 0.150391 0.742188 0.154297 0.742188 0.158203 0.746094 0.162109 0.748047 0.162109 0.751953 0.158203 0.751953 0.154297 0.748047 0.150391
1 0.000000 0.167969 0.000000 0.242188 0.001953 0.240234 0.001953 0.238281 0.005859 0.232422 0.005859 0.228516 0.007812 0.226562 0.007812 0.203125 0.005859 0.201172 0.005859 0.193359 0.003906 0.191406 0.003906 0.185547 0.001953 0.183594 0.001953 0.179688 0.005859 0.175781
0 0.267578 0.189453 0.265625 0.191406 0.265625 0.193359 0.267578 0.195312 0.269531 0.193359 0.269531 0.191406
0 0.058594 0.228516 0.056641 0.230469 0.056641 0.234375 0.058594 0.236328 0.060547 0.236328 0.064453 0.232422 0.060547 0.228516
0 0.191406 0.230469 0.185547 0.236328 0.185547 0.246094 0.189453 0.250000 0.195312 0.250000 0.199219 0.246094 0.199219 0.244141 0.201172 0.242188 0.201172 0.238281 0.199219 0.236328 0.199219 0.234375 0.195312 0.230469
0 0.068359 0.240234 0.066406 0.242188 0.068359 0.244141 0.070312 0.244141 0.072266 0.242188 0.070312 0.240234
0 0.386719 0.251953 0.386719 0.253906 0.390625 0.257812 0.392578 0.255859 0.394531 0.255859 0.396484 0.253906 0.396484 0.251953 0.394531 0.250000 0.388672 0.250000
1 0.000000 0.259766 0.000000 0.494141 0.027344 0.498047 0.056641 0.564453 0.017578 0.722656 0.076172 0.656250 0.117188 0.664062 0.193359 0.742188 0.144531 0.908203 0.289062 0.902344 0.312500 0.865234 0.365234 0.853516 0.351562 0.800781 0.371094 0.806641 0.382812 0.763672 0.396484 0.777344 0.404297 0.742188 0.455078 0.724609 0.394531 0.714844 0.365234 0.681641 0.375000 0.707031 0.306641 0.787109 0.208984 0.796875 0.203125 0.718750 0.164062 0.671875 0.244141 0.638672 0.255859 0.593750 0.230469 0.541016 0.251953 0.552734 0.283203 0.515625 0.261719 0.439453 0.191406 0.515625 0.169922 0.507812 0.187500 0.492188 0.132812 0.517578 0.048828 0.474609 0.089844 0.382812 0.076172 0.324219 0.142578 0.289062 0.126953 0.259766 0.035156 0.328125 0.031250 0.279297
0 0.291016 0.271484 0.285156 0.271484 0.279297 0.277344 0.279297 0.281250 0.277344 0.283203 0.277344 0.289062 0.283203 0.294922 0.287109 0.294922 0.289062 0.292969 0.294922 0.291016 0.298828 0.285156 0.298828 0.279297 0.296875 0.277344 0.296875 0.275391
0 0.375000 0.271484 0.371094 0.275391 0.375000 0.279297 0.378906 0.275391
0 0.363281 0.302734 0.359375 0.306641 0.359375 0.310547 0.365234 0.316406 0.367188 0.316406 0.371094 0.312500 0.371094 0.310547 0.369141 0.308594 0.369141 0.306641 0.367188 0.304688 0.365234 0.304688
0 0.142578 0.310547 0.138672 0.314453 0.140625 0.316406 0.144531 0.312500
0 0.890625 0.316406 0.888672 0.318359 0.886719 0.318359 0.884766 0.320312 0.884766 0.322266 0.888672 0.326172 0.890625 0.326172 0.894531 0.322266 0.894531 0.320312
0 0.460938 0.326172 0.457031 0.330078 0.460938 0.333984 0.462891 0.333984 0.466797 0.330078 0.462891 0.326172
0 0.484375 0.335938 0.482422 0.337891 0.482422 0.339844 0.480469 0.341797 0.482422 0.343750 0.482422 0.345703 0.484375 0.347656 0.486328 0.347656 0.488281 0.349609 0.494141 0.343750 0.494141 0.341797 0.488281 0.335938
1 0.427734 0.341797 0.425781 0.343750 0.425781 0.345703 0.431641 0.351562 0.435547 0.351562 0.437500 0.349609 0.431641 0.343750 0.429688 0.343750
0 0.109375 0.347656 0.107422 0.349609 0.107422 0.355469 0.111328 0.359375 0.115234 0.359375 0.119141 0.355469 0.119141 0.351562 0.115234 0.347656
0 0.140625 0.349609 0.136719 0.353516 0.136719 0.363281 0.140625 0.369141 0.142578 0.369141 0.144531 0.371094 0.146484 0.371094 0.150391 0.367188 0.150391 0.361328 0.148438 0.359375 0.148438 0.353516 0.144531 0.349609
1 0.126953 0.371094 0.123047 0.371094 0.121094 0.373047 0.121094 0.378906 0.119141 0.380859 0.119141 0.384766 0.123047 0.388672 0.125000 0.388672 0.126953 0.386719 0.126953 0.380859 0.128906 0.378906 0.126953 0.376953 0.128906 0.375000 0.128906 0.373047
0 0.447266 0.400391 0.443359 0.404297 0.443359 0.408203 0.445312 0.410156 0.445312 0.412109 0.447266 0.414062 0.449219 0.414062 0.451172 0.416016 0.455078 0.416016 0.457031 0.417969 0.460938 0.412109 0.460938 0.406250 0.455078 0.400391
0 0.925781 0.398438 0.919922 0.404297 0.921875 0.406250 0.921875 0.408203 0.925781 0.412109 0.929688 0.412109 0.935547 0.406250 0.935547 0.404297 0.929688 0.398438
0 0.097656 0.404297 0.095703 0.406250 0.095703 0.410156 0.097656 0.412109 0.099609 0.412109 0.101562 0.410156 0.101562 0.406250 0.099609 0.404297
0 0.492188 0.404297 0.488281 0.408203 0.492188 0.412109 0.494141 0.412109 0.496094 0.410156 0.496094 0.408203
1 0.318359 0.414062 0.312500 0.417969 0.312500 0.425781 0.320312 0.433594 0.320312 0.437500 0.322266 0.439453 0.324219 0.439453 0.326172 0.437500 0.326172 0.435547 0.322266 0.431641 0.322266 0.427734 0.326172 0.423828 0.326172 0.417969 0.322266 0.414062
0 0.406250 0.416016 0.402344 0.419922 0.402344 0.423828 0.406250 0.427734 0.410156 0.427734 0.414062 0.423828 0.414062 0.419922 0.410156 0.416016
1 0.439453 0.419922 0.437500 0.419922 0.433594 0.423828 0.433594 0.427734 0.431641 0.429688 0.433594 0.431641 0.435547 0.431641 0.437500 0.429688 0.437500 0.427734 0.439453 0.425781 0.439453 0.423828 0.441406 0.421875
0 0.083984 0.435547 0.082031 0.437500 0.082031 0.443359 0.083984 0.445312 0.085938 0.445312 0.089844 0.441406 0.089844 0.439453 0.085938 0.435547
0 0.339844 0.435547 0.335938 0.439453 0.335938 0.441406 0.339844 0.445312 0.341797 0.445312 0.345703 0.441406 0.343750 0.439453 0.343750 0.437500 0.341797 0.435547
0 0.519531 0.433594 0.517578 0.433594 0.515625 0.435547 0.515625 0.437500 0.513672 0.439453 0.513672 0.443359 0.515625 0.445312 0.519531 0.441406 0.519531 0.439453 0.521484 0.437500 0.521484 0.435547
0 0.773438 0.439453 0.769531 0.439453 0.767578 0.441406 0.767578 0.443359 0.769531 0.445312 0.771484 0.445312 0.775391 0.441406
0 0.380859 0.445312 0.376953 0.449219 0.376953 0.453125 0.378906 0.455078 0.382812 0.451172 0.382812 0.447266
1 0.552734 0.449219 0.548828 0.445312 0.546875 0.445312 0.542969 0.449219 0.541016 0.449219 0.539062 0.451172 0.533203 0.449219 0.527344 0.453125 0.527344 0.457031 0.529297 0.458984 0.529297 0.460938 0.533203 0.464844 0.535156 0.462891 0.537109 0.462891 0.541016 0.458984 0.546875 0.457031 0.550781 0.453125 0.550781 0.451172
0 0.597656 0.445312 0.595703 0.447266 0.593750 0.447266 0.591797 0.449219 0.591797 0.451172 0.589844 0.453125 0.591797 0.455078 0.595703 0.455078 0.599609 0.451172 0.599609 0.447266
0 0.501953 0.451172 0.500000 0.453125 0.500000 0.455078 0.498047 0.457031 0.498047 0.458984 0.501953 0.462891 0.501953 0.464844 0.505859 0.468750 0.507812 0.468750 0.509766 0.470703 0.511719 0.470703 0.517578 0.464844 0.517578 0.462891 0.513672 0.458984 0.513672 0.457031 0.511719 0.455078 0.509766 0.455078 0.505859 0.451172
0 0.574219 0.460938 0.572266 0.462891 0.572266 0.464844 0.574219 0.466797 0.576172 0.466797 0.578125 0.464844 0.578125 0.462891 0.576172 0.460938
0 0.603516 0.462891 0.595703 0.468750 0.595703 0.476562 0.599609 0.482422 0.607422 0.482422 0.609375 0.484375 0.623047 0.470703 0.619141 0.466797 0.613281 0.466797 0.607422 0.462891
0 0.187500 0.472656 0.185547 0.474609 0.185547 0.478516 0.187500 0.480469 0.189453 0.480469 0.193359 0.476562 0.189453 0.472656
0 0.216797 0.474609 0.214844 0.472656 0.212891 0.472656 0.208984 0.476562 0.210938 0.478516 0.214844 0.478516 0.216797 0.476562
0 0.570312 0.480469 0.568359 0.482422 0.570312 0.484375 0.572266 0.482422
1 0.521484 0.494141 0.517578 0.490234 0.513672 0.490234 0.500000 0.500000 0.490234 0.492188 0.482422 0.501953 0.482422 0.505859 0.490234 0.509766 0.501953 0.501953 0.507812 0.507812 0.513672 0.509766 0.519531 0.503906
0 0.333984 0.501953 0.332031 0.503906 0.333984 0.505859 0.335938 0.503906
0 0.419922 0.503906 0.414062 0.509766 0.414062 0.521484 0.416016 0.523438 0.416016 0.525391 0.419922 0.529297 0.425781 0.529297 0.427734 0.527344 0.429688 0.527344 0.433594 0.523438 0.433594 0.511719 0.429688 0.505859 0.427734 0.505859 0.425781 0.503906
0 0.687500 0.505859 0.683594 0.509766 0.687500 0.513672 0.689453 0.513672 0.691406 0.511719 0.691406 0.509766
0 0.468750 0.507812 0.464844 0.511719 0.468750 0.515625 0.470703 0.515625 0.474609 0.511719 0.470703 0.507812
0 0.527344 0.517578 0.525391 0.519531 0.523438 0.519531 0.521484 0.521484 0.521484 0.523438 0.517578 0.527344 0.517578 0.531250 0.515625 0.533203 0.519531 0.537109 0.523438 0.533203 0.525391 0.533203 0.527344 0.531250 0.529297 0.531250 0.533203 0.525391 0.533203 0.523438
0 0.722656 0.517578 0.718750 0.521484 0.718750 0.523438 0.722656 0.527344 0.726562 0.523438 0.726562 0.521484
0 0.601562 0.531250 0.597656 0.535156 0.597656 0.537109 0.601562 0.541016 0.603516 0.541016 0.607422 0.537109 0.607422 0.535156 0.603516 0.531250
0 0.683594 0.537109 0.679688 0.541016 0.679688 0.542969 0.685547 0.548828 0.691406 0.542969 0.685547 0.537109
0 0.117188 0.541016 0.115234 0.542969 0.115234 0.544922 0.117188 0.546875 0.119141 0.544922 0.119141 0.542969
0 0.406250 0.582031 0.406250 0.593750 0.410156 0.603516 0.419922 0.613281 0.425781 0.613281 0.439453 0.597656 0.443359 0.599609 0.449219 0.597656 0.466797 0.617188 0.490234 0.613281 0.498047 0.621094 0.496094 0.628906 0.500000 0.634766 0.517578 0.621094 0.517578 0.617188 0.498047 0.597656 0.482422 0.601562 0.470703 0.583984 0.462891 0.583984 0.449219 0.574219 0.453125 0.554688 0.445312 0.546875 0.437500 0.546875 0.423828 0.562500 0.425781 0.572266 0.421875 0.576172 0.410156 0.576172
0 0.458984 0.550781 0.458984 0.552734 0.462891 0.556641 0.472656 0.556641 0.474609 0.554688 0.468750 0.548828 0.464844 0.548828 0.462891 0.546875
0 0.529297 0.576172 0.525391 0.580078 0.529297 0.583984 0.533203 0.580078
0 0.578125 0.574219 0.574219 0.578125 0.574219 0.580078 0.578125 0.583984 0.580078 0.583984 0.582031 0.582031 0.582031 0.580078 0.583984 0.578125 0.580078 0.574219
0 0.351562 0.589844 0.349609 0.591797 0.353516 0.595703 0.355469 0.593750 0.355469 0.591797 0.353516 0.589844
0 0.384766 0.593750 0.382812 0.593750 0.378906 0.597656 0.378906 0.601562 0.380859 0.603516 0.384766 0.603516 0.388672 0.599609 0.388672 0.597656
0 0.724609 0.595703 0.722656 0.597656 0.724609 0.599609 0.726562 0.597656
0 0.566406 0.601562 0.564453 0.603516 0.564453 0.611328 0.566406 0.613281 0.568359 0.613281 0.570312 0.611328 0.570312 0.609375 0.572266 0.607422 0.572266 0.605469 0.568359 0.601562
0 0.664062 0.603516 0.660156 0.603516 0.654297 0.609375 0.658203 0.613281 0.662109 0.613281 0.664062 0.611328 0.664062 0.609375 0.666016 0.607422 0.666016 0.605469
0 0.345703 0.630859 0.337891 0.640625 0.337891 0.652344 0.341797 0.658203 0.363281 0.671875 0.369141 0.671875 0.373047 0.675781 0.380859 0.675781 0.386719 0.669922 0.388672 0.648438 0.363281 0.625000 0.355469 0.625000
0 0.462891 0.625000 0.460938 0.626953 0.462891 0.628906 0.464844 0.628906 0.466797 0.626953 0.464844 0.625000
0 0.798828 0.636719 0.796875 0.638672 0.796875 0.640625 0.798828 0.642578 0.800781 0.642578 0.802734 0.640625 0.802734 0.638672 0.800781 0.636719
0 0.441406 0.644531 0.441406 0.648438 0.457031 0.660156 0.457031 0.666016 0.458984 0.667969 0.474609 0.667969 0.478516 0.664062 0.476562 0.660156 0.476562 0.652344 0.472656 0.648438 0.460938 0.642578 0.451172 0.642578 0.449219 0.640625 0.445312 0.640625
0 0.500000 0.642578 0.486328 0.660156 0.486328 0.679688 0.476562 0.699219 0.464844 0.710938 0.464844 0.726562 0.476562 0.732422 0.488281 0.720703 0.498047 0.730469 0.503906 0.724609 0.513672 0.734375 0.523438 0.732422 0.531250 0.740234 0.529297 0.763672 0.550781 0.765625 0.550781 0.753906 0.558594 0.750000 0.537109 0.736328 0.533203 0.687500 0.513672 0.656250 0.513672 0.646484
0 0.683594 0.642578 0.679688 0.646484 0.679688 0.648438 0.681641 0.650391 0.685547 0.646484 0.685547 0.644531
0 0.593750 0.662109 0.589844 0.666016 0.593750 0.669922 0.595703 0.667969 0.595703 0.664062
1 0.562500 0.666016 0.560547 0.664062 0.558594 0.664062 0.552734 0.669922 0.550781 0.667969 0.548828 0.667969 0.546875 0.666016 0.542969 0.669922 0.546875 0.673828 0.548828 0.673828 0.554688 0.667969 0.558594 0.671875 0.562500 0.667969
0 0.699219 0.669922 0.697266 0.671875 0.701172 0.675781 0.703125 0.673828 0.703125 0.671875 0.701172 0.669922
0 0.595703 0.673828 0.593750 0.675781 0.593750 0.679688 0.589844 0.683594 0.589844 0.685547 0.591797 0.687500 0.597656 0.689453 0.601562 0.693359 0.611328 0.697266 0.613281 0.695312 0.613281 0.691406 0.611328 0.689453 0.613281 0.687500 0.613281 0.685547 0.611328 0.683594 0.611328 0.681641 0.603516 0.673828 0.601562 0.673828 0.599609 0.675781 0.597656 0.675781
0 0.906250 0.671875 0.900391 0.677734 0.900391 0.683594 0.904297 0.689453 0.906250 0.689453 0.908203 0.691406 0.912109 0.691406 0.917969 0.685547 0.917969 0.679688 0.910156 0.671875
1 0.628906 0.675781 0.626953 0.675781 0.625000 0.677734 0.625000 0.679688 0.623047 0.681641 0.623047 0.683594 0.621094 0.685547 0.621094 0.687500 0.623047 0.689453 0.626953 0.689453 0.628906 0.687500 0.628906 0.685547 0.626953 0.683594 0.626953 0.681641 0.630859 0.677734
0 0.679688 0.675781 0.669922 0.683594 0.648438 0.687500 0.660156 0.699219 0.658203 0.710938 0.677734 0.740234 0.685547 0.724609 0.685547 0.718750 0.679688 0.708984 0.685547 0.697266 0.683594 0.681641
0 0.904297 0.699219 0.900391 0.703125 0.900391 0.705078 0.904297 0.708984 0.906250 0.708984 0.910156 0.705078 0.910156 0.703125 0.906250 0.699219
0 0.548828 0.705078 0.546875 0.707031 0.548828 0.708984 0.550781 0.707031
1 0.566406 0.705078 0.566406 0.708984 0.568359 0.710938 0.580078 0.710938 0.582031 0.708984 0.578125 0.705078 0.576172 0.707031 0.574219 0.705078 0.572266 0.705078 0.570312 0.703125 0.568359 0.703125
0 0.613281 0.703125 0.611328 0.705078 0.613281 0.707031 0.615234 0.705078
0 0.808594 0.720703 0.804688 0.716797 0.802734 0.716797 0.798828 0.720703 0.798828 0.722656 0.800781 0.724609 0.804688 0.724609
0 0.652344 0.726562 0.648438 0.730469 0.648438 0.734375 0.650391 0.736328 0.654297 0.736328 0.656250 0.734375 0.656250 0.730469
0 0.777344 0.726562 0.775391 0.728516 0.775391 0.732422 0.779297 0.736328 0.781250 0.736328 0.783203 0.734375 0.783203 0.728516 0.781250 0.726562
0 0.927734 0.728516 0.925781 0.730469 0.923828 0.730469 0.921875 0.732422 0.921875 0.738281 0.925781 0.742188 0.927734 0.742188 0.933594 0.736328 0.933594 0.734375
0 0.615234 0.732422 0.611328 0.736328 0.611328 0.740234 0.613281 0.742188 0.615234 0.742188 0.617188 0.744141 0.619141 0.744141 0.623047 0.740234 0.623047 0.736328 0.619141 0.732422
1 0.601562 0.738281 0.593750 0.740234 0.585938 0.751953 0.583984 0.761719 0.580078 0.765625 0.564453 0.769531 0.564453 0.773438 0.576172 0.787109 0.582031 0.785156 0.591797 0.775391 0.591797 0.761719 0.593750 0.757812 0.607422 0.748047 0.607422 0.744141
0 0.439453 0.742188 0.437500 0.744141 0.439453 0.746094 0.441406 0.746094 0.443359 0.744141 0.441406 0.742188
0 0.621094 0.751953 0.619141 0.753906 0.619141 0.755859 0.621094 0.757812 0.623047 0.755859 0.623047 0.753906
0 0.644531 0.750000 0.642578 0.750000 0.636719 0.755859 0.636719 0.759766 0.640625 0.763672 0.644531 0.763672 0.652344 0.755859 0.648438 0.751953 0.646484 0.751953
0 0.439453 0.757812 0.437500 0.759766 0.437500 0.761719 0.439453 0.763672 0.441406 0.763672 0.443359 0.761719 0.443359 0.759766 0.441406 0.757812
0 0.890625 0.757812 0.888672 0.759766 0.882812 0.761719 0.878906 0.765625 0.878906 0.773438 0.880859 0.775391 0.882812 0.781250 0.886719 0.785156 0.888672 0.783203 0.890625 0.783203 0.896484 0.777344 0.896484 0.775391 0.900391 0.769531 0.900391 0.765625 0.894531 0.759766 0.892578 0.759766
0 0.412109 0.761719 0.410156 0.763672 0.410156 0.765625 0.412109 0.767578 0.414062 0.767578 0.416016 0.765625 0.416016 0.763672 0.414062 0.761719
0 0.472656 0.779297 0.464844 0.781250 0.458984 0.787109 0.457031 0.798828 0.451172 0.804688 0.433594 0.796875 0.427734 0.804688 0.427734 0.816406 0.435547 0.824219 0.453125 0.826172 0.457031 0.822266 0.457031 0.816406 0.476562 0.796875 0.476562 0.783203
0 0.607422 0.789062 0.578125 0.794922 0.576172 0.802734 0.582031 0.808594 0.574219 0.818359 0.558594 0.814453 0.542969 0.822266 0.548828 0.832031 0.578125 0.835938 0.558594 0.847656 0.560547 0.865234 0.574219 0.880859 0.593750 0.876953 0.626953 0.845703 0.613281 0.826172 0.621094 0.810547
0 0.824219 0.806641 0.820312 0.806641 0.816406 0.810547 0.816406 0.814453 0.818359 0.816406 0.822266 0.816406 0.826172 0.812500 0.826172 0.808594
0 0.945312 0.820312 0.941406 0.824219 0.941406 0.828125 0.943359 0.830078 0.943359 0.832031 0.945312 0.833984 0.947266 0.833984 0.949219 0.832031 0.951172 0.832031 0.953125 0.830078 0.953125 0.824219 0.951172 0.822266 0.949219 0.822266 0.947266 0.820312
0 0.472656 0.830078 0.466797 0.830078 0.460938 0.835938 0.460938 0.837891 0.457031 0.843750 0.457031 0.849609 0.462891 0.855469 0.468750 0.855469 0.472656 0.851562 0.474609 0.851562 0.480469 0.841797 0.478516 0.835938
0 0.722656 0.828125 0.718750 0.832031 0.718750 0.839844 0.724609 0.845703 0.728516 0.845703 0.732422 0.841797 0.732422 0.833984 0.726562 0.828125
0 0.376953 0.833984 0.375000 0.835938 0.375000 0.837891 0.376953 0.839844 0.378906 0.839844 0.380859 0.837891 0.380859 0.835938 0.378906 0.833984
0 0.679688 0.859375 0.677734 0.859375 0.673828 0.863281 0.673828 0.867188 0.675781 0.869141 0.677734 0.867188 0.679688 0.867188 0.683594 0.863281
0 0.695312 0.861328 0.693359 0.863281 0.693359 0.865234 0.691406 0.867188 0.695312 0.871094 0.697266 0.871094 0.701172 0.867188 0.701172 0.865234 0.699219 0.863281 0.697266 0.863281
0 0.359375 0.867188 0.357422 0.869141 0.357422 0.871094 0.359375 0.873047 0.361328 0.873047 0.363281 0.871094
0 0.943359 0.871094 0.939453 0.871094 0.937500 0.873047 0.937500 0.875000 0.941406 0.878906 0.945312 0.875000 0.945312 0.873047
0 0.896484 0.886719 0.894531 0.888672 0.896484 0.890625 0.898438 0.890625 0.900391 0.888672 0.898438 0.886719
1 0.458984 0.906250 0.439453 0.890625 0.427734 0.898438 0.410156 0.898438 0.388672 0.910156 0.375000 0.900391 0.357422 0.904297 0.343750 0.921875 0.298828 0.921875 0.265625 0.912109 0.259766 0.917969 0.259766 0.929688 0.269531 0.943359 0.253906 0.966797 0.251953 0.998047 0.291016 0.998047 0.294922 0.960938 0.306641 0.945312 0.371094 0.933594 0.384766 0.916016 0.392578 0.925781 0.398438 0.925781 0.421875 0.908203 0.453125 0.914062
0 0.529297 0.892578 0.525391 0.896484 0.525391 0.902344 0.531250 0.908203 0.535156 0.908203 0.541016 0.902344 0.541016 0.898438 0.535156 0.892578
0 0.574219 0.890625 0.570312 0.890625 0.564453 0.896484 0.554688 0.896484 0.548828 0.902344 0.548828 0.910156 0.556641 0.917969 0.564453 0.917969 0.568359 0.914062 0.568359 0.904297 0.572266 0.900391 0.576172 0.900391 0.578125 0.898438 0.578125 0.894531
0 0.787109 0.900391 0.783203 0.900391 0.781250 0.902344 0.785156 0.906250 0.789062 0.902344
0 0.867188 0.910156 0.861328 0.914062 0.861328 0.916016 0.859375 0.917969 0.859375 0.923828 0.863281 0.929688 0.865234 0.929688 0.867188 0.931641 0.871094 0.931641 0.878906 0.923828 0.878906 0.919922 0.876953 0.917969 0.876953 0.916016 0.871094 0.910156
0 0.982422 0.916016 0.978516 0.919922 0.978516 0.933594 0.984375 0.939453 0.986328 0.939453 0.992188 0.935547 0.992188 0.929688 0.994141 0.927734 0.992188 0.925781 0.990234 0.919922 0.986328 0.916016
0 0.468750 0.917969 0.464844 0.921875 0.464844 0.927734 0.468750 0.931641 0.470703 0.931641 0.472656 0.933594 0.474609 0.933594 0.478516 0.929688 0.478516 0.923828 0.474609 0.919922 0.472656 0.919922 0.470703 0.917969
0 0.792969 0.923828 0.791016 0.925781 0.791016 0.943359 0.794922 0.947266 0.796875 0.947266 0.802734 0.941406 0.802734 0.939453 0.800781 0.937500 0.800781 0.931641 0.798828 0.929688 0.798828 0.927734 0.794922 0.923828
0 0.523438 0.929688 0.521484 0.931641 0.525391 0.935547 0.527344 0.935547 0.529297 0.933594 0.529297 0.931641 0.527344 0.929688
0 0.726562 0.931641 0.722656 0.935547 0.722656 0.937500 0.724609 0.939453 0.724609 0.941406 0.726562 0.943359 0.728516 0.943359 0.732422 0.939453 0.732422 0.935547 0.728516 0.931641
0 0.564453 0.939453 0.562500 0.941406 0.566406 0.945312 0.568359 0.943359 0.568359 0.941406 0.566406 0.939453
0 0.578125 0.947266 0.574219 0.951172 0.578125 0.955078 0.582031 0.951172
0 0.962891 0.945312 0.958984 0.945312 0.951172 0.953125 0.951172 0.955078 0.949219 0.957031 0.949219 0.962891 0.951172 0.964844 0.951172 0.966797 0.957031 0.970703 0.960938 0.970703 0.962891 0.968750 0.964844 0.968750 0.970703 0.958984 0.970703 0.953125 0.968750 0.951172 0.968750 0.949219
0 0.607422 0.949219 0.603516 0.949219 0.599609 0.953125 0.599609 0.955078 0.603516 0.958984 0.605469 0.958984 0.611328 0.953125
0 0.478516 0.968750 0.478516 0.978516 0.482422 0.982422 0.488281 0.982422 0.496094 0.976562 0.498047 0.976562 0.503906 0.982422 0.505859 0.982422 0.509766 0.978516 0.509766 0.976562 0.505859 0.972656 0.501953 0.974609 0.498047 0.970703 0.498047 0.964844 0.492188 0.957031 0.488281 0.958984
0 0.802734 0.960938 0.800781 0.962891 0.802734 0.964844 0.804688 0.964844 0.806641 0.962891 0.804688 0.960938
0 0.585938 0.966797 0.582031 0.970703 0.582031 0.972656 0.585938 0.976562 0.589844 0.972656 0.589844 0.970703
0 0.849609 0.964844 0.839844 0.976562 0.839844 0.980469 0.837891 0.982422 0.839844 0.984375 0.841797 0.998047 0.873047 0.998047 0.873047 0.982422 0.869141 0.974609 0.863281 0.968750 0.855469 0.964844
0 0.990234 0.972656 0.988281 0.974609 0.988281 0.976562 0.990234 0.978516 0.992188 0.978516 0.994141 0.976562
0 0.628906 0.988281 0.628906 0.992188 0.626953 0.994141 0.626953 0.998047 0.644531 0.998047 0.644531 0.992188 0.642578 0.990234 0.642578 0.988281 0.638672 0.984375 0.632812 0.984375
1 0.669922 0.994141 0.669922 0.998047 0.697266 0.998047 0.697266 0.994141 0.695312 0.992188 0.695312 0.990234 0.689453 0.986328 0.679688 0.986328 0.677734 0.988281 0.675781 0.988281
0 0.939453 0.988281 0.935547 0.992188 0.937500 0.994141 0.937500 0.998047 0.943359 0.998047 0.943359 0.994141 0.945312 0.992188 0.941406 0.988281
1 0.523438 0.996094 0.523438 0.998047 0.548828 0.998047 0.546875 0.996094 0.542969 0.996094 0.541016 0.994141 0.537109 0.994141 0.535156 0.992188 0.527344 0.992188
0 0.732422 0.998047 0.742188 0.998047 0.738281 0.994141 0.736328 0.994141
1 0.982422 0.998047 0.998047 0.998047 0.998047 0.996094 0.990234 0.996094 0.988281 0.994141 0.986328 0.996094 0.984375 0.996094
