0 0.837891 0.070312 0.835938 0.072266 0.835938 0.074219 0.837891 0.076172 0.839844 0.074219 0.839844 0.072266
0 0.890625 0.134766 0.884766 0.140625 0.884766 0.144531 0.890625 0.150391 0.896484 0.144531 0.896484 0.140625
1 0.000000 0.152344 0.054688 0.191406 0.015625 0.240234 0.076172 0.267578 0.000000 0.341797 0.000000 0.542969 0.042969 0.562500 0.013672 0.650391 0.130859 0.650391 0.160156 0.714844 0.103516 0.785156 0.097656 0.888672 0.187500 0.767578 0.308594 0.875000 0.234375 0.998047 0.378906 0.998047 0.347656 0.968750 0.394531 0.951172 0.503906 0.998047 0.513672 0.919922 0.585938 0.923828 0.544922 0.875000 0.533203 0.908203 0.480469 0.839844 0.476562 0.941406 0.343750 0.923828 0.318359 0.955078 0.318359 0.859375 0.431641 0.822266 0.402344 0.792969 0.470703 0.726562 0.500000 0.816406 0.529297 0.744141 0.466797 0.675781 0.316406 0.646484 0.343750 0.591797 0.294922 0.638672 0.337891 0.734375 0.306641 0.712891 0.265625 0.767578 0.285156 0.705078 0.271484 0.740234 0.232422 0.689453 0.183594 0.699219 0.148438 0.642578 0.261719 0.568359 0.296875 0.441406 0.195312 0.355469 0.234375 0.337891 0.207031 0.273438 0.128906 0.257812 0.060547 0.154297
0 0.007812 0.193359 0.005859 0.195312 0.007812 0.197266 0.009766 0.195312
1 0.009766 0.216797 0.007812 0.216797 0.001953 0.222656 0.000000 0.222656 0.000000 0.257812 0.007812 0.248047 0.005859 0.244141 0.005859 0.238281 0.013672 0.228516 0.013672 0.224609 0.015625 0.222656
0 0.306641 0.230469 0.304688 0.232422 0.306641 0.234375 0.308594 0.234375 0.310547 0.232422 0.308594 0.230469
1 0.000000 0.261719 0.000000 0.275391 0.005859 0.275391 0.007812 0.273438 0.007812 0.271484 0.005859 0.269531 0.005859 0.267578
0 0.037109 0.269531 0.031250 0.269531 0.021484 0.279297 0.027344 0.285156 0.031250 0.285156 0.035156 0.281250 0.035156 0.279297 0.037109 0.277344 0.037109 0.275391 0.039062 0.273438 0.039062 0.271484
1 0.001953 0.304688 0.000000 0.304688 0.000000 0.318359 0.007812 0.310547 0.007812 0.308594 0.005859 0.306641 0.003906 0.306641
0 0.460938 0.306641 0.457031 0.306641 0.455078 0.308594 0.455078 0.310547 0.458984 0.314453 0.462891 0.310547 0.462891 0.308594
0 0.283203 0.310547 0.281250 0.312500 0.279297 0.312500 0.275391 0.316406 0.273438 0.322266 0.277344 0.328125 0.279297 0.328125 0.281250 0.330078 0.287109 0.330078 0.292969 0.324219 0.292969 0.316406 0.289062 0.310547
1 0.441406 0.361328 0.435547 0.367188 0.435547 0.382812 0.437500 0.386719 0.447266 0.394531 0.443359 0.404297 0.453125 0.412109 0.457031 0.408203 0.457031 0.398438 0.453125 0.396484 0.447266 0.388672 0.455078 0.378906 0.455078 0.369141 0.451172 0.363281
0 0.587891 0.375000 0.585938 0.375000 0.582031 0.378906 0.582031 0.380859 0.583984 0.382812 0.587891 0.382812 0.589844 0.380859 0.589844 0.376953
0 0.556641 0.408203 0.552734 0.412109 0.552734 0.416016 0.556641 0.419922 0.562500 0.419922 0.566406 0.416016 0.566406 0.414062 0.560547 0.408203
0 0.847656 0.416016 0.845703 0.417969 0.845703 0.419922 0.843750 0.421875 0.845703 0.423828 0.849609 0.419922 0.849609 0.417969
0 0.933594 0.414062 0.931641 0.414062 0.929688 0.416016 0.929688 0.417969 0.931641 0.419922 0.935547 0.416016
0 0.210938 0.427734 0.208984 0.427734 0.205078 0.431641 0.208984 0.435547 0.212891 0.431641 0.212891 0.429688
0 0.488281 0.429688 0.486328 0.431641 0.488281 0.433594 0.490234 0.433594 0.492188 0.431641 0.490234 0.429688
0 0.703125 0.433594 0.699219 0.437500 0.703125 0.441406 0.705078 0.441406 0.708984 0.437500 0.705078 0.433594
0 0.728516 0.437500 0.726562 0.439453 0.728516 0.441406 0.730469 0.439453
0 0.744141 0.443359 0.740234 0.447266 0.740234 0.451172 0.744141 0.455078 0.750000 0.455078 0.753906 0.451172 0.753906 0.449219 0.748047 0.443359
0 0.169922 0.445312 0.167969 0.447266 0.169922 0.449219 0.171875 0.447266
0 0.855469 0.447266 0.851562 0.451172 0.851562 0.453125 0.855469 0.457031 0.859375 0.457031 0.863281 0.453125 0.863281 0.449219 0.861328 0.447266
0 0.193359 0.451172 0.191406 0.453125 0.193359 0.455078 0.195312 0.453125
0 0.353516 0.457031 0.351562 0.457031 0.347656 0.460938 0.347656 0.464844 0.349609 0.466797 0.351562 0.466797 0.357422 0.460938
0 0.666016 0.470703 0.664062 0.472656 0.667969 0.476562 0.669922 0.476562 0.671875 0.474609 0.671875 0.472656 0.669922 0.470703
0 0.853516 0.470703 0.851562 0.472656 0.853516 0.474609 0.855469 0.474609 0.857422 0.472656 0.855469 0.470703
0 0.623047 0.474609 0.621094 0.476562 0.621094 0.478516 0.619141 0.480469 0.619141 0.484375 0.625000 0.490234 0.628906 0.490234 0.634766 0.484375 0.634766 0.480469 0.636719 0.478516 0.632812 0.474609
0 0.396484 0.484375 0.394531 0.486328 0.394531 0.488281 0.396484 0.490234 0.400391 0.490234 0.402344 0.488281 0.398438 0.484375
0 0.574219 0.498047 0.572266 0.498047 0.568359 0.501953 0.568359 0.507812 0.570312 0.509766 0.574219 0.509766 0.578125 0.505859 0.578125 0.501953
0 0.093750 0.500000 0.091797 0.501953 0.093750 0.503906 0.095703 0.501953
0 0.783203 0.507812 0.781250 0.507812 0.775391 0.513672 0.775391 0.515625 0.773438 0.517578 0.773438 0.519531 0.777344 0.523438 0.781250 0.523438 0.785156 0.519531 0.785156 0.517578 0.787109 0.515625 0.787109 0.511719
0 0.898438 0.517578 0.896484 0.519531 0.898438 0.521484 0.900391 0.519531
0 0.335938 0.525391 0.332031 0.529297 0.335938 0.533203 0.337891 0.533203 0.339844 0.531250 0.339844 0.529297
0 0.349609 0.529297 0.351562 0.531250 0.359375 0.531250 0.361328 0.529297 0.361328 0.527344 0.363281 0.525391 0.361328 0.523438 0.353516 0.523438 0.349609 0.527344
0 0.484375 0.525391 0.480469 0.529297 0.484375 0.533203 0.486328 0.533203 0.488281 0.531250 0.488281 0.529297
0 0.306641 0.527344 0.304688 0.529297 0.306641 0.531250 0.306641 0.533203 0.304688 0.535156 0.306641 0.537109 0.310547 0.537109 0.312500 0.535156 0.310547 0.533203 0.310547 0.531250
0 0.722656 0.531250 0.718750 0.531250 0.710938 0.539062 0.710938 0.541016 0.705078 0.546875 0.705078 0.548828 0.703125 0.550781 0.703125 0.554688 0.708984 0.560547 0.716797 0.560547 0.718750 0.558594 0.718750 0.554688 0.726562 0.546875 0.726562 0.544922 0.728516 0.542969 0.728516 0.537109
1 0.150391 0.537109 0.148438 0.539062 0.150391 0.541016 0.146484 0.544922 0.148438 0.546875 0.150391 0.544922 0.148438 0.542969 0.152344 0.539062
0 0.849609 0.541016 0.847656 0.541016 0.843750 0.544922 0.843750 0.548828 0.845703 0.550781 0.849609 0.550781 0.853516 0.546875 0.851562 0.544922 0.851562 0.542969
0 0.349609 0.542969 0.345703 0.542969 0.341797 0.546875 0.341797 0.548828 0.345703 0.552734 0.351562 0.546875 0.351562 0.544922
0 0.765625 0.542969 0.763672 0.544922 0.767578 0.548828 0.769531 0.546875 0.769531 0.544922 0.767578 0.542969
0 0.761719 0.558594 0.759766 0.560547 0.763672 0.564453 0.765625 0.562500 0.765625 0.560547 0.763672 0.558594
0 0.804688 0.562500 0.802734 0.564453 0.804688 0.566406 0.806641 0.566406 0.808594 0.564453 0.806641 0.562500
0 0.148438 0.566406 0.146484 0.568359 0.146484 0.570312 0.150391 0.574219 0.154297 0.570312 0.150391 0.566406
0 0.904297 0.576172 0.902344 0.578125 0.902344 0.580078 0.904297 0.582031 0.906250 0.580078 0.906250 0.578125
0 0.402344 0.593750 0.398438 0.595703 0.394531 0.601562 0.394531 0.613281 0.396484 0.617188 0.406250 0.625000 0.414062 0.625000 0.417969 0.623047 0.421875 0.617188 0.421875 0.605469 0.416016 0.595703 0.412109 0.593750
0 0.654297 0.595703 0.648438 0.601562 0.648438 0.603516 0.654297 0.609375 0.658203 0.609375 0.660156 0.607422 0.660156 0.605469 0.662109 0.603516 0.662109 0.601562 0.656250 0.595703
0 0.693359 0.595703 0.691406 0.595703 0.685547 0.601562 0.685547 0.605469 0.691406 0.611328 0.693359 0.609375 0.695312 0.609375 0.697266 0.607422 0.697266 0.599609
0 0.714844 0.595703 0.710938 0.599609 0.714844 0.603516 0.716797 0.603516 0.718750 0.601562 0.718750 0.597656 0.716797 0.595703
0 0.742188 0.595703 0.738281 0.599609 0.742188 0.603516 0.746094 0.599609
0 0.535156 0.601562 0.531250 0.607422 0.533203 0.617188 0.541016 0.623047 0.550781 0.623047 0.554688 0.619141 0.554688 0.615234 0.556641 0.613281 0.552734 0.603516 0.546875 0.599609 0.539062 0.599609 0.537109 0.601562
0 0.679688 0.609375 0.677734 0.611328 0.679688 0.613281 0.681641 0.611328
0 0.755859 0.611328 0.753906 0.611328 0.750000 0.615234 0.750000 0.617188 0.753906 0.621094 0.757812 0.617188 0.757812 0.613281
1 0.257812 0.626953 0.251953 0.632812 0.253906 0.634766 0.253906 0.636719 0.259766 0.642578 0.261719 0.642578 0.273438 0.654297 0.273438 0.656250 0.275391 0.658203 0.275391 0.662109 0.281250 0.671875 0.279297 0.673828 0.279297 0.681641 0.283203 0.687500 0.285156 0.685547 0.283203 0.683594 0.285156 0.681641 0.285156 0.677734 0.281250 0.671875 0.283203 0.669922 0.283203 0.660156 0.277344 0.650391 0.277344 0.644531 0.263672 0.626953
0 0.878906 0.630859 0.876953 0.632812 0.878906 0.634766 0.880859 0.632812
0 0.453125 0.640625 0.451172 0.638672 0.449219 0.640625 0.441406 0.640625 0.439453 0.642578 0.431641 0.642578 0.425781 0.648438 0.425781 0.650391 0.427734 0.652344 0.427734 0.654297 0.433594 0.660156 0.441406 0.660156 0.451172 0.654297 0.451172 0.652344 0.453125 0.650391
0 0.761719 0.636719 0.757812 0.640625 0.757812 0.642578 0.761719 0.646484 0.765625 0.642578 0.765625 0.640625
0 0.691406 0.646484 0.687500 0.646484 0.685547 0.648438 0.685547 0.650391 0.689453 0.654297 0.693359 0.650391 0.693359 0.648438
0 0.724609 0.654297 0.722656 0.654297 0.720703 0.656250 0.720703 0.658203 0.722656 0.660156 0.726562 0.656250
1 0.572266 0.697266 0.576172 0.705078 0.595703 0.701172 0.603516 0.710938 0.621094 0.712891 0.632812 0.722656 0.648438 0.716797 0.654297 0.710938 0.652344 0.699219 0.642578 0.699219 0.632812 0.685547 0.621094 0.689453 0.609375 0.675781 0.601562 0.673828 0.587891 0.675781
0 0.554688 0.689453 0.550781 0.687500 0.541016 0.687500 0.537109 0.689453 0.529297 0.699219 0.529297 0.703125 0.525391 0.708984 0.525391 0.716797 0.529297 0.726562 0.533203 0.726562 0.550781 0.718750 0.560547 0.708984 0.562500 0.701172 0.560547 0.695312
0 0.718750 0.707031 0.714844 0.710938 0.714844 0.712891 0.718750 0.716797 0.720703 0.716797 0.724609 0.712891 0.724609 0.710938 0.720703 0.707031
0 0.498047 0.710938 0.496094 0.712891 0.498047 0.714844 0.500000 0.712891
0 0.851562 0.716797 0.849609 0.718750 0.851562 0.720703 0.853516 0.718750
1 0.611328 0.732422 0.611328 0.748047 0.615234 0.753906 0.644531 0.757812 0.648438 0.761719 0.650391 0.771484 0.654297 0.769531 0.664062 0.775391 0.669922 0.771484 0.662109 0.761719 0.667969 0.755859 0.667969 0.750000 0.644531 0.730469 0.617188 0.726562
0 0.554688 0.732422 0.550781 0.736328 0.550781 0.738281 0.554688 0.742188 0.556641 0.742188 0.560547 0.738281 0.560547 0.736328 0.556641 0.732422
0 0.775391 0.742188 0.781250 0.748047 0.785156 0.748047 0.794922 0.753906 0.800781 0.751953 0.804688 0.748047 0.802734 0.746094 0.800781 0.740234 0.794922 0.734375 0.789062 0.734375 0.787109 0.736328 0.783203 0.736328 0.781250 0.738281 0.779297 0.738281
0 0.943359 0.736328 0.937500 0.742188 0.939453 0.744141 0.941406 0.744141 0.943359 0.746094 0.947266 0.742188 0.945312 0.740234 0.945312 0.738281
0 0.705078 0.738281 0.701172 0.742188 0.701172 0.746094 0.703125 0.748047 0.705078 0.748047 0.708984 0.744141 0.708984 0.742188
0 0.685547 0.746094 0.683594 0.746094 0.681641 0.748047 0.679688 0.748047 0.677734 0.750000 0.677734 0.757812 0.679688 0.759766 0.679688 0.761719 0.681641 0.763672 0.685547 0.763672 0.687500 0.761719 0.689453 0.761719 0.691406 0.759766 0.691406 0.750000 0.689453 0.748047 0.687500 0.748047
0 0.531250 0.753906 0.527344 0.757812 0.529297 0.759766 0.531250 0.759766 0.533203 0.757812 0.533203 0.755859
0 0.599609 0.761719 0.587891 0.753906 0.585938 0.755859 0.580078 0.757812 0.574219 0.763672 0.574219 0.769531 0.578125 0.773438 0.591797 0.773438 0.599609 0.765625
0 0.750000 0.757812 0.748047 0.759766 0.748047 0.763672 0.750000 0.765625 0.751953 0.765625 0.753906 0.763672 0.753906 0.759766 0.751953 0.757812
0 0.785156 0.759766 0.783203 0.761719 0.785156 0.763672 0.787109 0.763672 0.789062 0.761719 0.787109 0.759766
0 0.884766 0.759766 0.882812 0.761719 0.882812 0.763672 0.884766 0.765625 0.886719 0.765625 0.888672 0.763672
0 0.539062 0.761719 0.537109 0.763672 0.539062 0.765625 0.541016 0.763672
0 0.707031 0.761719 0.703125 0.765625 0.703125 0.767578 0.705078 0.769531 0.707031 0.769531 0.708984 0.767578 0.708984 0.763672
0 0.634766 0.777344 0.628906 0.783203 0.628906 0.785156 0.634766 0.791016 0.640625 0.791016 0.642578 0.789062 0.642578 0.787109 0.644531 0.785156 0.644531 0.783203 0.638672 0.777344
0 0.677734 0.779297 0.671875 0.779297 0.666016 0.785156 0.666016 0.789062 0.664062 0.791016 0.662109 0.796875 0.667969 0.802734 0.671875 0.802734 0.673828 0.800781 0.675781 0.800781 0.681641 0.794922 0.681641 0.787109 0.679688 0.785156 0.679688 0.781250
1 0.750000 0.785156 0.748047 0.783203 0.746094 0.783203 0.738281 0.791016 0.736328 0.791016 0.732422 0.794922 0.732422 0.796875 0.734375 0.798828 0.738281 0.798828 0.740234 0.796875 0.740234 0.794922 0.744141 0.791016 0.748047 0.791016 0.750000 0.789062
0 0.912109 0.787109 0.910156 0.789062 0.908203 0.789062 0.904297 0.792969 0.904297 0.794922 0.902344 0.796875 0.902344 0.800781 0.906250 0.804688 0.910156 0.804688 0.912109 0.802734 0.914062 0.802734 0.917969 0.798828 0.917969 0.792969
0 0.816406 0.794922 0.812500 0.791016 0.810547 0.791016 0.808594 0.792969 0.804688 0.792969 0.802734 0.794922 0.804688 0.796875 0.804688 0.798828 0.806641 0.800781 0.808594 0.798828 0.812500 0.798828
0 0.595703 0.798828 0.593750 0.800781 0.593750 0.812500 0.595703 0.814453 0.597656 0.820312 0.605469 0.826172 0.611328 0.826172 0.617188 0.820312 0.617188 0.808594 0.615234 0.806641 0.615234 0.804688 0.609375 0.800781 0.599609 0.800781 0.597656 0.798828
0 0.910156 0.810547 0.906250 0.814453 0.906250 0.820312 0.910156 0.828125 0.921875 0.839844 0.923828 0.837891 0.927734 0.839844 0.931641 0.832031 0.927734 0.826172 0.927734 0.822266 0.914062 0.808594
1 0.638672 0.816406 0.638672 0.818359 0.642578 0.822266 0.644531 0.822266 0.646484 0.824219 0.648438 0.824219 0.650391 0.826172 0.654297 0.826172 0.658203 0.822266 0.658203 0.820312 0.656250 0.818359 0.648438 0.818359 0.646484 0.816406 0.644531 0.816406 0.642578 0.814453 0.640625 0.814453
0 0.808594 0.814453 0.806641 0.816406 0.806641 0.818359 0.804688 0.820312 0.804688 0.824219 0.810547 0.830078 0.812500 0.830078 0.816406 0.826172 0.816406 0.818359 0.812500 0.814453
0 0.568359 0.816406 0.566406 0.818359 0.566406 0.820312 0.568359 0.822266 0.572266 0.822266 0.574219 0.820312 0.574219 0.818359 0.572266 0.816406
1 0.443359 0.822266 0.441406 0.824219 0.443359 0.826172 0.443359 0.828125 0.449219 0.833984 0.451172 0.833984 0.453125 0.832031 0.453125 0.830078 0.445312 0.822266
0 0.861328 0.826172 0.857422 0.830078 0.857422 0.832031 0.859375 0.833984 0.859375 0.837891 0.861328 0.839844 0.867188 0.839844 0.869141 0.841797 0.871094 0.839844 0.871094 0.837891 0.873047 0.835938 0.873047 0.833984 0.871094 0.832031 0.871094 0.830078 0.867188 0.826172
0 0.589844 0.833984 0.585938 0.837891 0.585938 0.839844 0.589844 0.843750 0.591797 0.843750 0.593750 0.841797 0.593750 0.837891
0 0.537109 0.843750 0.535156 0.845703 0.533203 0.845703 0.531250 0.847656 0.531250 0.849609 0.535156 0.853516 0.537109 0.853516 0.541016 0.849609 0.541016 0.847656
0 0.677734 0.843750 0.673828 0.847656 0.673828 0.857422 0.675781 0.859375 0.675781 0.861328 0.681641 0.867188 0.683594 0.867188 0.691406 0.859375 0.691406 0.851562 0.683594 0.843750
0 0.750000 0.845703 0.746094 0.849609 0.746094 0.851562 0.748047 0.853516 0.750000 0.853516 0.753906 0.849609
0 0.783203 0.845703 0.781250 0.847656 0.785156 0.851562 0.787109 0.849609 0.787109 0.847656 0.785156 0.845703
0 0.785156 0.863281 0.781250 0.863281 0.779297 0.865234 0.779297 0.867188 0.777344 0.869141 0.777344 0.871094 0.781250 0.875000 0.783203 0.875000 0.787109 0.871094 0.789062 0.871094 0.791016 0.869141
1 0.570312 0.867188 0.564453 0.873047 0.568359 0.880859 0.576172 0.890625 0.576172 0.892578 0.583984 0.900391 0.589844 0.894531 0.589844 0.886719 0.580078 0.873047 0.580078 0.871094 0.576172 0.867188
0 0.607422 0.867188 0.601562 0.873047 0.601562 0.882812 0.605469 0.888672 0.615234 0.888672 0.621094 0.882812 0.621094 0.880859 0.623047 0.878906 0.623047 0.873047 0.619141 0.867188
1 0.839844 0.869141 0.835938 0.873047 0.835938 0.884766 0.837891 0.886719 0.841797 0.882812 0.841797 0.880859 0.843750 0.878906 0.843750 0.873047
1 0.658203 0.880859 0.652344 0.875000 0.646484 0.875000 0.640625 0.880859 0.642578 0.884766 0.634766 0.890625 0.632812 0.888672 0.628906 0.888672 0.623047 0.894531 0.623047 0.902344 0.626953 0.906250 0.628906 0.904297 0.632812 0.904297 0.638672 0.898438 0.638672 0.892578 0.642578 0.888672 0.650391 0.892578 0.656250 0.888672
0 0.730469 0.876953 0.726562 0.880859 0.726562 0.882812 0.724609 0.884766 0.724609 0.888672 0.728516 0.894531 0.730469 0.894531 0.732422 0.896484 0.734375 0.896484 0.740234 0.892578 0.740234 0.890625 0.742188 0.888672 0.742188 0.884766 0.740234 0.882812 0.740234 0.880859 0.736328 0.876953
0 0.771484 0.882812 0.767578 0.878906 0.763672 0.882812 0.765625 0.884766 0.769531 0.884766
0 0.806641 0.898438 0.804688 0.898438 0.798828 0.904297 0.798828 0.910156 0.800781 0.912109 0.804688 0.912109 0.806641 0.910156 0.808594 0.910156 0.810547 0.908203 0.810547 0.902344
0 0.845703 0.908203 0.841797 0.912109 0.841797 0.919922 0.845703 0.923828 0.857422 0.923828 0.859375 0.921875 0.859375 0.914062 0.853516 0.908203
0 0.769531 0.910156 0.761719 0.917969 0.761719 0.923828 0.757812 0.931641 0.761719 0.937500 0.775391 0.943359 0.779297 0.941406 0.785156 0.933594 0.785156 0.919922 0.777344 0.912109
0 0.451172 0.917969 0.447266 0.921875 0.447266 0.925781 0.451172 0.929688 0.455078 0.929688 0.458984 0.925781 0.458984 0.921875 0.455078 0.917969
0 0.613281 0.917969 0.609375 0.921875 0.609375 0.925781 0.613281 0.929688 0.615234 0.929688 0.619141 0.925781 0.619141 0.923828
0 0.730469 0.919922 0.724609 0.929688 0.738281 0.951172 0.734375 0.960938 0.736328 0.984375 0.730469 0.998047 0.781250 0.998047 0.781250 0.988281 0.769531 0.972656 0.767578 0.949219 0.763672 0.945312 0.751953 0.947266
0 0.810547 0.919922 0.808594 0.919922 0.802734 0.925781 0.802734 0.929688 0.800781 0.931641 0.800781 0.935547 0.806641 0.939453 0.808594 0.937500 0.812500 0.937500 0.818359 0.931641 0.818359 0.927734 0.816406 0.925781 0.816406 0.923828
0 0.529297 0.921875 0.525391 0.925781 0.527344 0.927734 0.527344 0.929688 0.529297 0.931641 0.533203 0.931641 0.537109 0.927734 0.531250 0.921875
0 0.863281 0.925781 0.861328 0.927734 0.861328 0.929688 0.867188 0.935547 0.869141 0.935547 0.873047 0.931641 0.873047 0.929688 0.869141 0.925781
0 0.548828 0.935547 0.544922 0.939453 0.544922 0.941406 0.548828 0.945312 0.552734 0.941406 0.552734 0.939453
0 0.826172 0.939453 0.822266 0.943359 0.822266 0.945312 0.826172 0.949219 0.828125 0.949219 0.832031 0.945312 0.832031 0.943359 0.828125 0.939453
0 0.589844 0.958984 0.585938 0.962891 0.585938 0.966797 0.589844 0.972656 0.589844 0.978516 0.593750 0.982422 0.601562 0.982422 0.609375 0.974609 0.609375 0.970703 0.611328 0.968750 0.611328 0.966797 0.605469 0.958984
0 0.970703 0.968750 0.968750 0.968750 0.966797 0.970703 0.966797 0.974609 0.968750 0.976562 0.972656 0.972656 0.972656 0.970703
0 0.529297 0.984375 0.529297 0.986328 0.527344 0.988281 0.529297 0.990234 0.529297 0.998047 0.550781 0.998047 0.548828 0.992188 0.544922 0.988281 0.544922 0.984375 0.539062 0.978516 0.535156 0.978516
0 0.892578 0.976562 0.890625 0.978516 0.894531 0.982422 0.896484 0.980469 0.896484 0.978516 0.894531 0.976562
0 0.689453 0.994141 0.689453 0.998047 0.708984 0.998047 0.707031 0.996094 0.707031 0.992188 0.703125 0.988281 0.701172 0.988281 0.699219 0.986328 0.697266 0.986328 0.695312 0.988281 0.693359 0.988281
