0 0.855469 0.060547 0.853516 0.062500 0.853516 0.070312 0.857422 0.074219 0.863281 0.074219 0.869141 0.068359 0.869141 0.066406 0.863281 0.060547
1 0.191406 0.097656 0.191406 0.101562 0.193359 0.103516 0.197266 0.103516 0.199219 0.101562 0.207031 0.109375 0.216797 0.113281 0.222656 0.119141 0.222656 0.123047 0.218750 0.128906 0.218750 0.132812 0.224609 0.140625 0.226562 0.140625 0.228516 0.142578 0.234375 0.142578 0.242188 0.136719 0.242188 0.128906 0.240234 0.126953 0.240234 0.125000 0.236328 0.121094 0.234375 0.121094 0.212891 0.097656 0.208984 0.097656 0.205078 0.101562 0.201172 0.101562 0.195312 0.095703 0.193359 0.095703
1 0.166016 0.101562 0.078125 0.212891 0.054688 0.171875 0.050781 0.228516 0.000000 0.183594 0.000000 0.248047 0.119141 0.328125 0.050781 0.394531 0.000000 0.339844 0.019531 0.519531 0.173828 0.546875 0.121094 0.636719 0.062500 0.640625 0.132812 0.662109 0.121094 0.794922 0.203125 0.654297 0.302734 0.683594 0.265625 0.689453 0.296875 0.750000 0.197266 0.841797 0.216797 0.869141 0.347656 0.796875 0.351562 0.847656 0.263672 0.998047 0.304688 0.998047 0.332031 0.935547 0.439453 0.937500 0.400391 0.875000 0.343750 0.912109 0.382812 0.839844 0.451172 0.908203 0.507812 0.810547 0.464844 0.828125 0.388672 0.730469 0.318359 0.759766 0.298828 0.656250 0.353516 0.529297 0.306641 0.466797 0.183594 0.474609 0.154297 0.388672 0.179688 0.371094 0.089844 0.248047
0 0.261719 0.119141 0.259766 0.119141 0.255859 0.123047 0.255859 0.126953 0.257812 0.128906 0.263672 0.123047 0.263672 0.121094
0 0.337891 0.148438 0.335938 0.150391 0.337891 0.152344 0.339844 0.150391
0 0.347656 0.158203 0.343750 0.162109 0.347656 0.166016 0.351562 0.162109
0 0.328125 0.166016 0.324219 0.169922 0.324219 0.173828 0.330078 0.179688 0.333984 0.179688 0.337891 0.175781 0.337891 0.171875 0.332031 0.166016
0 0.902344 0.238281 0.900391 0.240234 0.900391 0.242188 0.898438 0.244141 0.898438 0.246094 0.900391 0.248047 0.900391 0.250000 0.902344 0.251953 0.908203 0.251953 0.912109 0.248047 0.912109 0.246094 0.914062 0.244141 0.912109 0.242188 0.912109 0.240234 0.910156 0.238281
0 0.712891 0.300781 0.710938 0.302734 0.710938 0.304688 0.712891 0.306641 0.714844 0.304688 0.714844 0.302734
0 0.734375 0.302734 0.732422 0.302734 0.728516 0.306641 0.728516 0.310547 0.726562 0.312500 0.726562 0.316406 0.730469 0.320312 0.732422 0.320312 0.736328 0.316406 0.736328 0.310547 0.738281 0.308594 0.738281 0.306641
0 0.152344 0.308594 0.150391 0.310547 0.152344 0.312500 0.154297 0.310547
1 0.158203 0.316406 0.158203 0.318359 0.164062 0.322266 0.166016 0.322266 0.167969 0.320312 0.171875 0.320312 0.177734 0.328125 0.183594 0.324219 0.183594 0.322266 0.185547 0.320312 0.185547 0.316406 0.187500 0.314453 0.185547 0.312500 0.183594 0.312500 0.181641 0.314453 0.173828 0.314453 0.171875 0.312500 0.169922 0.312500 0.167969 0.314453 0.160156 0.314453
0 0.962891 0.314453 0.958984 0.318359 0.958984 0.320312 0.960938 0.322266 0.964844 0.322266 0.966797 0.320312 0.966797 0.318359
0 0.837891 0.318359 0.833984 0.322266 0.837891 0.326172 0.841797 0.322266
0 0.203125 0.326172 0.201172 0.328125 0.201172 0.330078 0.199219 0.332031 0.199219 0.333984 0.201172 0.335938 0.201172 0.337891 0.205078 0.341797 0.207031 0.341797 0.212891 0.335938 0.212891 0.332031 0.208984 0.328125 0.207031 0.328125 0.205078 0.326172
0 0.859375 0.326172 0.855469 0.326172 0.853516 0.328125 0.853516 0.330078 0.857422 0.333984 0.861328 0.330078 0.861328 0.328125
0 0.710938 0.328125 0.708984 0.330078 0.708984 0.332031 0.710938 0.333984 0.712891 0.333984 0.714844 0.332031 0.714844 0.330078 0.712891 0.328125
1 0.158203 0.337891 0.158203 0.341797 0.160156 0.343750 0.166016 0.339844 0.171875 0.345703 0.177734 0.345703 0.179688 0.343750 0.173828 0.337891 0.167969 0.337891 0.162109 0.333984
0 0.191406 0.335938 0.189453 0.337891 0.189453 0.339844 0.191406 0.341797 0.193359 0.339844 0.193359 0.337891
0 0.076172 0.341797 0.074219 0.343750 0.076172 0.345703 0.078125 0.345703 0.080078 0.347656 0.082031 0.345703 0.082031 0.343750 0.080078 0.341797 0.078125 0.343750
0 0.177734 0.353516 0.175781 0.355469 0.173828 0.355469 0.171875 0.357422 0.171875 0.359375 0.175781 0.363281 0.181641 0.357422
0 0.798828 0.357422 0.796875 0.357422 0.794922 0.359375 0.794922 0.361328 0.796875 0.363281 0.800781 0.359375
0 0.201172 0.382812 0.199219 0.384766 0.201172 0.386719 0.203125 0.384766
0 0.226562 0.390625 0.222656 0.386719 0.218750 0.390625 0.220703 0.392578 0.224609 0.392578
0 0.615234 0.388672 0.615234 0.390625 0.619141 0.394531 0.621094 0.392578 0.623047 0.392578 0.625000 0.390625 0.621094 0.386719 0.617188 0.386719
0 0.828125 0.388672 0.826172 0.390625 0.826172 0.396484 0.828125 0.398438 0.830078 0.398438 0.833984 0.394531 0.833984 0.392578 0.830078 0.388672
0 0.187500 0.400391 0.185547 0.402344 0.185547 0.404297 0.187500 0.406250 0.191406 0.406250 0.193359 0.404297 0.189453 0.400391
0 0.201172 0.400391 0.199219 0.402344 0.201172 0.404297 0.203125 0.404297 0.205078 0.402344 0.203125 0.400391
0 0.261719 0.402344 0.257812 0.398438 0.251953 0.402344 0.250000 0.400391 0.240234 0.400391 0.236328 0.406250 0.242188 0.412109 0.244141 0.412109 0.246094 0.414062 0.250000 0.410156 0.255859 0.408203
1 0.333984 0.406250 0.332031 0.404297 0.330078 0.404297 0.328125 0.402344 0.324219 0.406250 0.324219 0.408203 0.318359 0.414062 0.318359 0.416016 0.320312 0.417969 0.322266 0.417969 0.324219 0.416016 0.326172 0.416016 0.333984 0.408203
0 0.802734 0.402344 0.800781 0.404297 0.800781 0.406250 0.798828 0.408203 0.798828 0.410156 0.800781 0.412109 0.806641 0.412109 0.810547 0.408203 0.804688 0.402344
0 0.185547 0.419922 0.183594 0.421875 0.187500 0.425781 0.189453 0.423828 0.189453 0.421875 0.187500 0.419922
0 0.273438 0.417969 0.267578 0.417969 0.263672 0.421875 0.263672 0.429688 0.267578 0.433594 0.269531 0.433594 0.271484 0.431641 0.273438 0.431641 0.277344 0.427734 0.277344 0.423828 0.275391 0.421875 0.275391 0.419922
0 0.982422 0.417969 0.976562 0.417969 0.972656 0.421875 0.972656 0.423828 0.970703 0.425781 0.970703 0.429688 0.972656 0.431641 0.976562 0.431641 0.982422 0.425781 0.982422 0.423828 0.984375 0.421875 0.984375 0.419922
0 0.246094 0.429688 0.244141 0.429688 0.242188 0.431641 0.242188 0.433594 0.244141 0.435547 0.248047 0.431641
0 0.392578 0.429688 0.390625 0.431641 0.390625 0.433594 0.392578 0.435547 0.394531 0.435547 0.396484 0.433594 0.396484 0.431641 0.394531 0.429688
0 0.351562 0.433594 0.349609 0.435547 0.351562 0.437500 0.353516 0.435547
0 0.216797 0.439453 0.214844 0.441406 0.216797 0.443359 0.218750 0.443359 0.220703 0.441406 0.218750 0.439453
1 0.277344 0.437500 0.275391 0.439453 0.275391 0.441406 0.281250 0.447266 0.281250 0.449219 0.283203 0.451172 0.285156 0.449219 0.285156 0.447266 0.281250 0.443359 0.281250 0.439453 0.279297 0.437500
0 0.636719 0.437500 0.632812 0.441406 0.632812 0.443359 0.636719 0.447266 0.640625 0.447266 0.644531 0.443359 0.644531 0.441406 0.640625 0.437500
0 0.437500 0.462891 0.435547 0.460938 0.437500 0.458984 0.435547 0.457031 0.435547 0.451172 0.433594 0.449219 0.423828 0.455078 0.419922 0.455078 0.417969 0.453125 0.414062 0.457031 0.414062 0.458984 0.416016 0.460938 0.417969 0.460938 0.419922 0.462891 0.423828 0.462891 0.425781 0.464844 0.427734 0.464844 0.429688 0.462891 0.435547 0.464844
0 0.210938 0.458984 0.208984 0.458984 0.205078 0.462891 0.205078 0.464844 0.207031 0.466797 0.208984 0.466797 0.210938 0.464844 0.210938 0.462891 0.212891 0.460938
1 0.332031 0.472656 0.349609 0.482422 0.361328 0.478516 0.380859 0.482422 0.384766 0.490234 0.378906 0.503906 0.384766 0.511719 0.402344 0.498047 0.406250 0.501953 0.402344 0.513672 0.408203 0.521484 0.421875 0.519531 0.443359 0.533203 0.447266 0.542969 0.441406 0.548828 0.435547 0.546875 0.458984 0.564453 0.455078 0.570312 0.443359 0.560547 0.445312 0.574219 0.437500 0.589844 0.443359 0.605469 0.457031 0.605469 0.466797 0.613281 0.484375 0.595703 0.464844 0.546875 0.468750 0.535156 0.429688 0.511719 0.429688 0.500000 0.419922 0.482422 0.402344 0.484375 0.394531 0.476562 0.406250 0.470703 0.398438 0.457031 0.378906 0.462891 0.376953 0.476562
0 0.707031 0.464844 0.701172 0.472656 0.701172 0.482422 0.707031 0.488281 0.718750 0.488281 0.724609 0.482422 0.726562 0.472656 0.718750 0.464844
0 0.425781 0.468750 0.423828 0.470703 0.425781 0.472656 0.427734 0.472656 0.429688 0.470703 0.427734 0.468750
0 0.935547 0.474609 0.933594 0.476562 0.933594 0.478516 0.935547 0.480469 0.937500 0.478516 0.937500 0.476562
0 0.527344 0.476562 0.523438 0.476562 0.521484 0.478516 0.521484 0.480469 0.525391 0.484375 0.529297 0.480469 0.529297 0.478516
0 0.955078 0.478516 0.953125 0.480469 0.955078 0.482422 0.957031 0.480469
0 0.552734 0.484375 0.546875 0.488281 0.541016 0.498047 0.546875 0.513672 0.556641 0.519531 0.560547 0.519531 0.568359 0.515625 0.574219 0.509766 0.576172 0.505859 0.576172 0.496094 0.568359 0.486328 0.564453 0.484375
1 0.357422 0.529297 0.359375 0.531250 0.365234 0.531250 0.367188 0.533203 0.369141 0.531250 0.365234 0.527344 0.359375 0.527344
0 0.722656 0.535156 0.722656 0.537109 0.726562 0.541016 0.730469 0.541016 0.734375 0.537109 0.734375 0.535156 0.732422 0.533203 0.724609 0.533203
1 0.386719 0.537109 0.390625 0.541016 0.392578 0.541016 0.394531 0.542969 0.398438 0.542969 0.400391 0.544922 0.404297 0.544922 0.406250 0.546875 0.408203 0.544922 0.408203 0.542969 0.404297 0.539062 0.396484 0.539062 0.394531 0.537109 0.392578 0.537109 0.390625 0.535156 0.388672 0.535156
0 0.412109 0.544922 0.414062 0.546875 0.419922 0.546875 0.421875 0.544922 0.419922 0.542969 0.414062 0.542969
0 0.695312 0.552734 0.691406 0.556641 0.691406 0.560547 0.693359 0.562500 0.695312 0.562500 0.697266 0.564453 0.701172 0.564453 0.705078 0.560547 0.703125 0.558594 0.703125 0.556641 0.701172 0.554688 0.699219 0.554688 0.697266 0.552734
0 0.728516 0.552734 0.724609 0.552734 0.718750 0.558594 0.718750 0.562500 0.724609 0.568359 0.726562 0.568359 0.728516 0.566406 0.730469 0.566406 0.736328 0.560547
0 0.804688 0.554688 0.800781 0.558594 0.800781 0.562500 0.802734 0.564453 0.802734 0.566406 0.806641 0.570312 0.808594 0.570312 0.810547 0.572266 0.816406 0.566406 0.816406 0.560547 0.812500 0.556641 0.810547 0.556641 0.808594 0.554688
0 0.351562 0.572266 0.353516 0.574219 0.361328 0.574219 0.365234 0.570312 0.361328 0.566406 0.355469 0.566406 0.351562 0.570312
0 0.419922 0.566406 0.417969 0.568359 0.417969 0.572266 0.419922 0.574219 0.421875 0.574219 0.423828 0.572266 0.423828 0.568359 0.421875 0.566406
0 0.583984 0.566406 0.580078 0.570312 0.578125 0.568359 0.576172 0.570312 0.576172 0.576172 0.580078 0.580078 0.585938 0.580078 0.591797 0.574219 0.591797 0.572266 0.587891 0.568359 0.585938 0.568359
0 0.556641 0.570312 0.552734 0.580078 0.535156 0.597656 0.527344 0.611328 0.531250 0.621094 0.541016 0.628906 0.542969 0.626953 0.550781 0.636719 0.552734 0.630859 0.562500 0.625000 0.572266 0.638672 0.580078 0.632812 0.580078 0.623047 0.566406 0.613281 0.572266 0.599609 0.564453 0.574219
0 0.681641 0.593750 0.677734 0.597656 0.677734 0.599609 0.681641 0.603516 0.683594 0.601562 0.683594 0.599609 0.685547 0.597656
0 0.425781 0.607422 0.423828 0.609375 0.425781 0.611328 0.427734 0.609375
1 0.414062 0.621094 0.412109 0.623047 0.416016 0.626953 0.417969 0.626953 0.421875 0.630859 0.423828 0.628906 0.421875 0.626953 0.421875 0.625000 0.419922 0.623047 0.417969 0.623047 0.416016 0.621094
1 0.447266 0.625000 0.445312 0.623047 0.443359 0.625000 0.435547 0.625000 0.433594 0.626953 0.435547 0.628906 0.445312 0.628906 0.447266 0.626953
0 0.927734 0.623047 0.921875 0.628906 0.925781 0.632812 0.927734 0.632812 0.931641 0.628906 0.931641 0.626953
1 0.378906 0.636719 0.376953 0.638672 0.384766 0.646484 0.384766 0.648438 0.388672 0.652344 0.390625 0.652344 0.392578 0.650391 0.392578 0.648438 0.380859 0.636719
0 0.406250 0.636719 0.404297 0.638672 0.406250 0.640625 0.408203 0.638672
0 0.578125 0.646484 0.574219 0.652344 0.574219 0.656250 0.578125 0.664062 0.582031 0.667969 0.585938 0.669922 0.587891 0.667969 0.595703 0.673828 0.601562 0.667969 0.603516 0.664062 0.585938 0.646484
1 0.800781 0.648438 0.798828 0.646484 0.796875 0.646484 0.792969 0.650391 0.789062 0.650391 0.787109 0.652344 0.781250 0.652344 0.779297 0.654297 0.779297 0.656250 0.783203 0.660156 0.792969 0.660156 0.798828 0.656250 0.798828 0.650391
1 0.378906 0.658203 0.373047 0.652344 0.371094 0.654297 0.371094 0.658203 0.359375 0.669922 0.355469 0.669922 0.351562 0.671875 0.347656 0.675781 0.347656 0.677734 0.349609 0.679688 0.357422 0.675781 0.363281 0.675781 0.365234 0.677734 0.371094 0.671875 0.373047 0.666016
0 0.746094 0.652344 0.744141 0.654297 0.746094 0.656250 0.748047 0.656250 0.750000 0.654297 0.748047 0.652344
0 0.830078 0.660156 0.826172 0.664062 0.830078 0.667969 0.832031 0.666016 0.832031 0.662109
0 0.630859 0.667969 0.630859 0.669922 0.632812 0.671875 0.640625 0.671875 0.642578 0.669922 0.640625 0.667969 0.640625 0.666016 0.638672 0.664062 0.634766 0.664062
0 0.722656 0.666016 0.720703 0.667969 0.718750 0.666016 0.716797 0.667969 0.714844 0.667969 0.708984 0.673828 0.708984 0.677734 0.710938 0.679688 0.710938 0.681641 0.714844 0.685547 0.720703 0.685547 0.724609 0.681641 0.726562 0.681641 0.728516 0.679688 0.726562 0.677734 0.728516 0.675781 0.728516 0.671875
0 0.339844 0.677734 0.337891 0.679688 0.337891 0.683594 0.335938 0.685547 0.337891 0.687500 0.343750 0.687500 0.345703 0.685547 0.343750 0.683594 0.343750 0.681641
0 0.560547 0.679688 0.554688 0.685547 0.554688 0.687500 0.558594 0.691406 0.562500 0.691406 0.564453 0.693359 0.568359 0.693359 0.570312 0.691406 0.570312 0.687500 0.566406 0.683594 0.564453 0.683594
0 0.626953 0.689453 0.623047 0.693359 0.623047 0.699219 0.625000 0.701172 0.626953 0.699219 0.626953 0.697266 0.628906 0.695312 0.628906 0.691406
0 0.646484 0.693359 0.648438 0.695312 0.650391 0.693359 0.652344 0.695312 0.654297 0.693359 0.652344 0.691406 0.650391 0.693359 0.648438 0.691406
0 0.439453 0.697266 0.435547 0.697266 0.429688 0.703125 0.429688 0.708984 0.433594 0.712891 0.437500 0.712891 0.443359 0.707031 0.443359 0.701172
0 0.626953 0.724609 0.619141 0.732422 0.623047 0.736328 0.628906 0.736328 0.632812 0.732422 0.630859 0.730469 0.630859 0.728516
0 0.765625 0.724609 0.761719 0.728516 0.761719 0.732422 0.763672 0.734375 0.765625 0.734375 0.767578 0.736328 0.771484 0.732422 0.769531 0.730469 0.769531 0.728516
0 0.876953 0.732422 0.873047 0.732422 0.871094 0.734375 0.871094 0.742188 0.873047 0.744141 0.875000 0.744141 0.878906 0.740234 0.878906 0.738281 0.876953 0.736328 0.878906 0.734375
0 0.603516 0.734375 0.601562 0.734375 0.599609 0.736328 0.597656 0.736328 0.595703 0.738281 0.595703 0.742188 0.599609 0.746094 0.603516 0.746094 0.607422 0.742188 0.607422 0.738281
1 0.779297 0.738281 0.775391 0.742188 0.775391 0.746094 0.781250 0.753906 0.781250 0.759766 0.777344 0.763672 0.783203 0.771484 0.791016 0.771484 0.794922 0.767578 0.794922 0.761719 0.785156 0.751953 0.787109 0.748047 0.787109 0.744141
0 0.835938 0.740234 0.833984 0.742188 0.835938 0.744141 0.837891 0.742188
0 0.818359 0.742188 0.816406 0.744141 0.818359 0.746094 0.818359 0.748047 0.820312 0.750000 0.822266 0.748047 0.822266 0.744141 0.820312 0.742188
0 0.636719 0.746094 0.632812 0.750000 0.632812 0.751953 0.634766 0.753906 0.638672 0.750000 0.638672 0.748047
0 0.830078 0.759766 0.828125 0.761719 0.832031 0.765625 0.833984 0.763672
0 0.511719 0.771484 0.509766 0.773438 0.509766 0.779297 0.513672 0.783203 0.515625 0.783203 0.517578 0.781250 0.519531 0.781250 0.521484 0.779297 0.521484 0.775391 0.517578 0.771484
0 0.917969 0.777344 0.910156 0.785156 0.898438 0.826172 0.908203 0.839844 0.923828 0.845703 0.931641 0.837891 0.929688 0.808594 0.935547 0.798828 0.935547 0.789062 0.927734 0.779297
0 0.466797 0.781250 0.464844 0.783203 0.462891 0.783203 0.460938 0.785156 0.460938 0.791016 0.464844 0.794922 0.470703 0.794922 0.474609 0.791016 0.474609 0.787109 0.468750 0.781250
0 0.857422 0.789062 0.855469 0.791016 0.855469 0.792969 0.857422 0.794922 0.859375 0.792969 0.859375 0.791016
0 0.552734 0.794922 0.550781 0.796875 0.552734 0.798828 0.554688 0.796875
0 0.726562 0.798828 0.720703 0.804688 0.720703 0.808594 0.724609 0.812500 0.728516 0.812500 0.730469 0.810547 0.732422 0.810547 0.734375 0.808594 0.734375 0.804688 0.730469 0.800781 0.728516 0.800781
0 0.800781 0.796875 0.796875 0.796875 0.792969 0.800781 0.792969 0.802734 0.796875 0.806641 0.798828 0.806641 0.804688 0.800781
1 0.654297 0.804688 0.648438 0.814453 0.654297 0.822266 0.660156 0.822266 0.666016 0.816406 0.677734 0.832031 0.685547 0.826172 0.685547 0.816406 0.681641 0.812500 0.677734 0.812500 0.671875 0.816406 0.667969 0.812500 0.667969 0.808594 0.662109 0.802734
0 0.650391 0.830078 0.646484 0.833984 0.646484 0.835938 0.650391 0.839844 0.652344 0.839844 0.656250 0.835938 0.656250 0.833984 0.652344 0.830078
0 0.687500 0.839844 0.683594 0.843750 0.683594 0.857422 0.687500 0.861328 0.693359 0.861328 0.697266 0.857422 0.697266 0.843750 0.693359 0.839844
0 0.884766 0.853516 0.876953 0.863281 0.876953 0.873047 0.873047 0.876953 0.873047 0.882812 0.876953 0.886719 0.884766 0.884766 0.900391 0.886719 0.910156 0.896484 0.914062 0.896484 0.917969 0.888672 0.912109 0.882812 0.912109 0.878906 0.919922 0.875000 0.925781 0.869141 0.925781 0.865234 0.919922 0.859375 0.908203 0.863281 0.896484 0.853516 0.890625 0.851562
0 0.816406 0.859375 0.812500 0.863281 0.816406 0.867188 0.820312 0.863281
0 0.837891 0.861328 0.832031 0.861328 0.826172 0.867188 0.826172 0.871094 0.822266 0.878906 0.822266 0.884766 0.824219 0.886719 0.824219 0.890625 0.830078 0.894531 0.833984 0.894531 0.837891 0.892578 0.843750 0.884766 0.843750 0.876953 0.845703 0.873047 0.841797 0.865234
1 0.599609 0.876953 0.591797 0.869141 0.566406 0.875000 0.562500 0.878906 0.564453 0.892578 0.556641 0.898438 0.531250 0.900391 0.521484 0.896484 0.511719 0.900391 0.500000 0.896484 0.494141 0.906250 0.505859 0.912109 0.521484 0.929688 0.529297 0.931641 0.556641 0.919922 0.576172 0.902344 0.587891 0.898438 0.595703 0.890625
0 0.687500 0.875000 0.656250 0.875000 0.642578 0.884766 0.632812 0.886719 0.628906 0.890625 0.626953 0.914062 0.634766 0.921875 0.644531 0.919922 0.652344 0.914062 0.671875 0.919922 0.677734 0.914062 0.677734 0.904297 0.667969 0.894531 0.687500 0.882812
0 0.851562 0.888672 0.849609 0.890625 0.849609 0.892578 0.847656 0.894531 0.853516 0.900391 0.855469 0.900391 0.857422 0.902344 0.861328 0.898438 0.861328 0.894531 0.859375 0.892578 0.859375 0.890625 0.857422 0.888672
0 0.775391 0.890625 0.771484 0.894531 0.771484 0.902344 0.775391 0.906250 0.779297 0.906250 0.783203 0.902344 0.783203 0.900391 0.785156 0.898438 0.785156 0.896484 0.779297 0.890625
0 0.960938 0.896484 0.957031 0.900391 0.957031 0.910156 0.960938 0.916016 0.962891 0.916016 0.964844 0.917969 0.968750 0.917969 0.972656 0.914062 0.972656 0.902344 0.966797 0.896484
0 0.853516 0.919922 0.843750 0.910156 0.841797 0.910156 0.835938 0.916016 0.833984 0.916016 0.832031 0.917969 0.828125 0.917969 0.824219 0.921875 0.822266 0.927734 0.828125 0.933594 0.832031 0.933594 0.833984 0.931641 0.841797 0.931641 0.843750 0.929688 0.845703 0.929688
0 0.771484 0.914062 0.767578 0.917969 0.771484 0.921875 0.775391 0.917969
0 0.615234 0.923828 0.611328 0.927734 0.613281 0.929688 0.617188 0.925781
0 0.740234 0.939453 0.740234 0.957031 0.736328 0.968750 0.744141 0.978516 0.755859 0.974609 0.765625 0.976562 0.773438 0.966797 0.769531 0.962891 0.773438 0.958984 0.781250 0.966797 0.789062 0.968750 0.798828 0.964844 0.804688 0.972656 0.791016 0.984375 0.787109 0.992188 0.789062 0.998047 0.835938 0.998047 0.832031 0.990234 0.824219 0.998047 0.806641 0.974609 0.824219 0.953125 0.824219 0.943359 0.814453 0.933594 0.806641 0.931641 0.792969 0.935547 0.789062 0.931641 0.777344 0.931641 0.771484 0.937500 0.771484 0.951172 0.767578 0.955078 0.755859 0.945312 0.761719 0.935547 0.757812 0.925781
0 0.652344 0.933594 0.648438 0.929688 0.642578 0.935547 0.644531 0.937500 0.648438 0.937500
0 0.966797 0.935547 0.964844 0.937500 0.958984 0.937500 0.945312 0.949219 0.953125 0.957031 0.955078 0.957031 0.962891 0.962891 0.968750 0.962891 0.974609 0.955078 0.974609 0.945312 0.972656 0.941406
0 0.470703 0.941406 0.464844 0.947266 0.464844 0.949219 0.470703 0.955078 0.474609 0.955078 0.478516 0.951172 0.478516 0.945312 0.474609 0.941406
0 0.630859 0.949219 0.628906 0.949219 0.626953 0.951172 0.625000 0.951172 0.621094 0.955078 0.621094 0.962891 0.625000 0.966797 0.632812 0.966797 0.638672 0.960938 0.638672 0.957031 0.636719 0.955078 0.636719 0.953125
0 0.675781 0.958984 0.671875 0.955078 0.667969 0.958984 0.662109 0.958984 0.660156 0.957031 0.656250 0.957031 0.650391 0.962891 0.650391 0.966797 0.656250 0.972656 0.660156 0.972656 0.664062 0.968750 0.664062 0.966797 0.669922 0.960938 0.671875 0.962891
1 0.998047 0.958984 0.994141 0.962891 0.994141 0.968750 0.998047 0.972656
1 0.609375 0.962891 0.603516 0.968750 0.603516 0.972656 0.605469 0.974609 0.605469 0.980469 0.603516 0.982422 0.603516 0.992188 0.607422 0.998047 0.619141 0.998047 0.621094 0.994141 0.621094 0.986328 0.615234 0.978516 0.615234 0.970703
0 0.900391 0.962891 0.896484 0.966797 0.896484 0.968750 0.892578 0.974609 0.894531 0.976562 0.894531 0.980469 0.898438 0.984375 0.904297 0.984375 0.908203 0.978516 0.908203 0.968750 0.902344 0.962891
0 0.593750 0.970703 0.591797 0.972656 0.593750 0.974609 0.595703 0.972656
1 0.652344 0.998047 0.685547 0.998047 0.708984 0.988281 0.716797 0.998047 0.734375 0.998047 0.738281 0.984375 0.726562 0.974609 0.712891 0.978516 0.707031 0.974609 0.671875 0.972656 0.662109 0.980469
0 0.835938 0.978516 0.835938 0.980469 0.837891 0.982422 0.845703 0.982422 0.847656 0.980469 0.847656 0.978516 0.845703 0.976562 0.837891 0.976562
1 0.945312 0.994141 0.943359 0.992188 0.941406 0.994141 0.939453 0.994141 0.937500 0.996094 0.931641 0.996094 0.929688 0.994141 0.925781 0.994141 0.923828 0.996094 0.921875 0.996094 0.919922 0.998047 0.943359 0.998047 0.945312 0.996094
1 0.906250 0.998047 0.912109 0.998047 0.910156 0.996094 0.908203 0.996094
1 0.970703 0.998047 0.976562 0.998047 0.974609 0.996094 0.972656 0.996094
