0 0.091797 0.056641 0.087891 0.060547 0.087891 0.062500 0.091797 0.066406 0.093750 0.066406 0.097656 0.062500 0.097656 0.060547 0.093750 0.056641
0 0.279297 0.058594 0.277344 0.060547 0.279297 0.062500 0.281250 0.062500 0.283203 0.060547 0.281250 0.058594
1 0.039062 0.119141 0.000000 0.171875 0.000000 0.343750 0.056641 0.277344 0.087891 0.322266 0.000000 0.388672 0.000000 0.582031 0.082031 0.634766 0.085938 0.722656 0.132812 0.703125 0.189453 0.753906 0.181641 0.863281 0.226562 0.800781 0.296875 0.800781 0.341797 0.882812 0.306641 0.960938 0.158203 0.998047 0.441406 0.998047 0.457031 0.955078 0.492188 0.994141 0.472656 0.945312 0.416016 0.955078 0.410156 0.906250 0.402344 0.960938 0.332031 0.964844 0.349609 0.873047 0.445312 0.867188 0.451172 0.900391 0.486328 0.828125 0.529297 0.859375 0.513672 0.902344 0.576172 0.916016 0.519531 0.835938 0.548828 0.806641 0.488281 0.785156 0.488281 0.691406 0.398438 0.617188 0.203125 0.699219 0.279297 0.542969 0.232422 0.494141 0.281250 0.484375 0.205078 0.437500 0.222656 0.498047 0.115234 0.500000 0.105469 0.445312 0.158203 0.443359 0.078125 0.406250 0.134766 0.396484 0.085938 0.382812 0.095703 0.269531 0.015625 0.187500
0 0.746094 0.158203 0.740234 0.164062 0.740234 0.166016 0.742188 0.167969 0.748047 0.167969 0.750000 0.166016 0.750000 0.162109
0 0.392578 0.169922 0.390625 0.171875 0.390625 0.173828 0.394531 0.177734 0.398438 0.173828 0.394531 0.169922
0 0.121094 0.187500 0.109375 0.179688 0.103516 0.179688 0.099609 0.181641 0.095703 0.187500 0.095703 0.199219 0.089844 0.210938 0.093750 0.212891 0.103516 0.203125 0.111328 0.203125 0.113281 0.205078 0.115234 0.203125 0.119141 0.203125 0.125000 0.197266 0.125000 0.193359
0 0.294922 0.181641 0.289062 0.187500 0.292969 0.191406 0.294922 0.191406 0.298828 0.187500 0.298828 0.185547
0 0.617188 0.181641 0.615234 0.181641 0.613281 0.183594 0.613281 0.185547 0.615234 0.187500 0.619141 0.183594
0 0.398438 0.183594 0.394531 0.187500 0.394531 0.189453 0.398438 0.193359 0.400391 0.193359 0.402344 0.191406 0.402344 0.187500
0 0.308594 0.205078 0.306641 0.207031 0.308594 0.208984 0.310547 0.207031
0 0.410156 0.205078 0.408203 0.205078 0.402344 0.210938 0.402344 0.216797 0.406250 0.220703 0.408203 0.220703 0.410156 0.218750 0.412109 0.218750 0.414062 0.216797 0.414062 0.214844 0.416016 0.212891 0.416016 0.210938
0 0.080078 0.218750 0.078125 0.220703 0.080078 0.222656 0.082031 0.220703
0 0.371094 0.230469 0.369141 0.230469 0.363281 0.236328 0.363281 0.238281 0.365234 0.240234 0.365234 0.248047 0.367188 0.250000 0.371094 0.246094 0.371094 0.244141 0.373047 0.242188 0.373047 0.240234 0.375000 0.238281 0.375000 0.234375
0 0.427734 0.230469 0.423828 0.234375 0.425781 0.236328 0.427734 0.236328 0.429688 0.234375 0.429688 0.232422
0 0.271484 0.236328 0.269531 0.238281 0.269531 0.242188 0.271484 0.244141 0.275391 0.244141 0.277344 0.242188 0.277344 0.240234 0.273438 0.236328
0 0.410156 0.250000 0.406250 0.253906 0.406250 0.259766 0.414062 0.267578 0.417969 0.267578 0.419922 0.265625 0.419922 0.259766 0.417969 0.257812 0.417969 0.255859 0.412109 0.250000
0 0.574219 0.267578 0.570312 0.263672 0.566406 0.263672 0.564453 0.265625 0.560547 0.265625 0.556641 0.269531 0.560547 0.273438 0.566406 0.273438 0.568359 0.271484 0.570312 0.271484
0 0.218750 0.267578 0.210938 0.275391 0.210938 0.277344 0.212891 0.279297 0.220703 0.279297 0.224609 0.275391 0.222656 0.273438 0.222656 0.271484
0 0.455078 0.267578 0.453125 0.267578 0.449219 0.271484 0.453125 0.275391 0.457031 0.271484 0.457031 0.269531
1 0.998047 0.269531 0.994141 0.273438 0.996094 0.275391 0.996094 0.277344 0.998047 0.279297
0 0.466797 0.275391 0.462891 0.279297 0.464844 0.281250 0.464844 0.283203 0.466797 0.285156 0.468750 0.285156 0.472656 0.281250 0.472656 0.279297 0.468750 0.275391
0 0.455078 0.283203 0.453125 0.283203 0.451172 0.285156 0.451172 0.287109 0.453125 0.289062 0.457031 0.285156
0 0.535156 0.285156 0.533203 0.287109 0.531250 0.287109 0.527344 0.291016 0.527344 0.294922 0.529297 0.296875 0.533203 0.296875 0.539062 0.291016 0.539062 0.289062
0 0.250000 0.292969 0.248047 0.294922 0.250000 0.296875 0.251953 0.294922
0 0.332031 0.308594 0.330078 0.310547 0.330078 0.312500 0.333984 0.316406 0.335938 0.316406 0.339844 0.312500 0.339844 0.310547 0.337891 0.308594
0 0.539062 0.318359 0.541016 0.320312 0.541016 0.322266 0.544922 0.326172 0.548828 0.326172 0.558594 0.316406 0.564453 0.318359 0.566406 0.316406 0.566406 0.314453 0.562500 0.310547 0.558594 0.314453 0.556641 0.314453 0.554688 0.316406 0.548828 0.310547 0.544922 0.310547 0.541016 0.314453 0.541016 0.316406
0 0.794922 0.312500 0.792969 0.314453 0.792969 0.318359 0.794922 0.320312 0.798828 0.316406
0 0.218750 0.326172 0.216797 0.328125 0.216797 0.330078 0.220703 0.333984 0.222656 0.333984 0.226562 0.330078 0.222656 0.326172
0 0.572266 0.328125 0.568359 0.332031 0.568359 0.335938 0.570312 0.337891 0.576172 0.337891 0.578125 0.339844 0.580078 0.339844 0.583984 0.335938 0.580078 0.332031 0.578125 0.332031 0.574219 0.328125
0 0.789062 0.335938 0.787109 0.337891 0.787109 0.339844 0.789062 0.341797 0.791016 0.339844 0.791016 0.337891
0 0.978516 0.335938 0.976562 0.337891 0.974609 0.337891 0.972656 0.339844 0.972656 0.341797 0.970703 0.343750 0.970703 0.345703 0.972656 0.347656 0.972656 0.349609 0.976562 0.353516 0.980469 0.353516 0.986328 0.347656 0.986328 0.343750 0.984375 0.341797 0.984375 0.339844 0.982422 0.337891 0.980469 0.337891
0 0.691406 0.345703 0.687500 0.349609 0.687500 0.351562 0.689453 0.353516 0.693359 0.353516 0.695312 0.351562 0.695312 0.349609
0 0.230469 0.357422 0.230469 0.363281 0.232422 0.367188 0.240234 0.373047 0.250000 0.373047 0.253906 0.369141 0.259766 0.367188 0.263672 0.361328 0.257812 0.355469 0.257812 0.353516 0.250000 0.347656 0.240234 0.347656 0.236328 0.349609
0 0.599609 0.349609 0.595703 0.353516 0.595703 0.355469 0.599609 0.359375 0.605469 0.359375 0.607422 0.357422 0.607422 0.355469 0.601562 0.349609
0 0.210938 0.355469 0.208984 0.357422 0.208984 0.359375 0.210938 0.361328 0.212891 0.361328 0.214844 0.359375 0.214844 0.357422 0.212891 0.355469
0 0.273438 0.361328 0.271484 0.363281 0.273438 0.365234 0.275391 0.363281
0 0.505859 0.361328 0.501953 0.367188 0.501953 0.375000 0.507812 0.380859 0.509766 0.380859 0.511719 0.378906 0.513672 0.378906 0.517578 0.375000 0.517578 0.367188 0.513672 0.363281 0.511719 0.363281 0.509766 0.361328
0 0.880859 0.359375 0.876953 0.363281 0.876953 0.365234 0.880859 0.369141 0.882812 0.369141 0.884766 0.371094 0.890625 0.365234 0.884766 0.359375
0 0.900391 0.359375 0.894531 0.365234 0.894531 0.367188 0.900391 0.373047 0.906250 0.367188 0.904297 0.365234 0.904297 0.363281
0 0.994141 0.359375 0.992188 0.361328 0.990234 0.361328 0.986328 0.365234 0.992188 0.371094 0.992188 0.373047 0.996094 0.376953 0.998047 0.376953 0.998047 0.359375
0 0.308594 0.369141 0.304688 0.373047 0.304688 0.375000 0.308594 0.378906 0.312500 0.375000 0.312500 0.373047
0 0.621094 0.375000 0.619141 0.376953 0.617188 0.376953 0.611328 0.382812 0.611328 0.386719 0.609375 0.388672 0.615234 0.396484 0.617188 0.396484 0.619141 0.398438 0.626953 0.398438 0.634766 0.392578 0.634766 0.390625 0.636719 0.388672 0.636719 0.380859 0.628906 0.375000
0 0.332031 0.384766 0.328125 0.388672 0.328125 0.392578 0.330078 0.394531 0.330078 0.396484 0.333984 0.400391 0.337891 0.396484 0.337891 0.392578 0.335938 0.390625 0.335938 0.388672
0 0.761719 0.384766 0.759766 0.386719 0.761719 0.388672 0.763672 0.388672 0.765625 0.386719 0.763672 0.384766
0 0.851562 0.384766 0.849609 0.384766 0.847656 0.386719 0.845703 0.386719 0.843750 0.388672 0.843750 0.396484 0.845703 0.398438 0.851562 0.398438 0.853516 0.396484 0.853516 0.394531 0.855469 0.392578 0.855469 0.388672
0 0.150391 0.390625 0.146484 0.394531 0.150391 0.398438 0.152344 0.398438 0.154297 0.396484 0.154297 0.394531
0 0.966797 0.390625 0.964844 0.392578 0.964844 0.394531 0.966797 0.396484 0.968750 0.394531 0.968750 0.392578
0 0.478516 0.398438 0.478516 0.400391 0.480469 0.402344 0.482422 0.402344 0.486328 0.406250 0.492188 0.400391 0.492188 0.398438 0.490234 0.396484 0.480469 0.396484
0 0.929688 0.396484 0.927734 0.396484 0.921875 0.402344 0.921875 0.406250 0.925781 0.410156 0.929688 0.410156 0.935547 0.404297 0.933594 0.402344 0.933594 0.400391
1 0.539062 0.406250 0.537109 0.416016 0.541016 0.421875 0.550781 0.423828 0.560547 0.416016 0.564453 0.419922 0.564453 0.429688 0.566406 0.431641 0.570312 0.431641 0.576172 0.427734 0.576172 0.417969 0.572266 0.414062 0.564453 0.416016 0.556641 0.406250 0.546875 0.406250 0.544922 0.404297
0 0.246094 0.408203 0.244141 0.410156 0.246094 0.412109 0.248047 0.410156
0 0.859375 0.408203 0.857422 0.408203 0.853516 0.412109 0.857422 0.416016 0.861328 0.412109 0.861328 0.410156
1 0.462891 0.417969 0.458984 0.421875 0.458984 0.425781 0.460938 0.427734 0.460938 0.429688 0.468750 0.437500 0.468750 0.439453 0.474609 0.445312 0.476562 0.445312 0.480469 0.441406 0.480469 0.433594 0.478516 0.431641 0.476562 0.425781 0.468750 0.417969
0 0.906250 0.427734 0.904297 0.429688 0.906250 0.431641 0.908203 0.431641 0.910156 0.429688 0.908203 0.427734
0 0.666016 0.433594 0.662109 0.437500 0.662109 0.439453 0.667969 0.445312 0.671875 0.445312 0.675781 0.441406 0.675781 0.437500 0.671875 0.433594
0 0.183594 0.439453 0.179688 0.439453 0.177734 0.441406 0.177734 0.443359 0.181641 0.447266 0.185547 0.443359 0.185547 0.441406
1 0.351562 0.441406 0.349609 0.443359 0.349609 0.451172 0.351562 0.453125 0.349609 0.455078 0.349609 0.462891 0.359375 0.474609 0.365234 0.474609 0.369141 0.466797 0.359375 0.457031 0.359375 0.443359 0.357422 0.441406
0 0.640625 0.451172 0.636719 0.451172 0.632812 0.455078 0.632812 0.457031 0.638672 0.462891 0.644531 0.457031 0.644531 0.455078
0 0.996094 0.451172 0.994141 0.453125 0.994141 0.455078 0.998047 0.458984 0.998047 0.451172
0 0.556641 0.453125 0.554688 0.455078 0.554688 0.457031 0.556641 0.458984 0.558594 0.458984 0.560547 0.457031 0.560547 0.455078 0.558594 0.453125
0 0.716797 0.458984 0.708984 0.453125 0.699219 0.453125 0.695312 0.455078 0.691406 0.462891 0.685547 0.468750 0.683594 0.476562 0.687500 0.480469 0.697266 0.480469 0.699219 0.478516 0.703125 0.478516 0.710938 0.474609 0.716797 0.466797
0 0.833984 0.453125 0.830078 0.457031 0.830078 0.460938 0.833984 0.464844 0.837891 0.464844 0.843750 0.458984 0.843750 0.457031 0.839844 0.453125
0 0.255859 0.462891 0.253906 0.464844 0.253906 0.466797 0.255859 0.468750 0.257812 0.466797 0.257812 0.464844
0 0.617188 0.460938 0.615234 0.462891 0.615234 0.464844 0.617188 0.466797 0.619141 0.464844 0.619141 0.462891
0 0.335938 0.470703 0.333984 0.472656 0.333984 0.478516 0.335938 0.480469 0.337891 0.480469 0.341797 0.476562 0.341797 0.474609 0.337891 0.470703
0 0.320312 0.474609 0.318359 0.476562 0.320312 0.478516 0.322266 0.476562
0 0.525391 0.476562 0.523438 0.478516 0.523438 0.482422 0.527344 0.486328 0.529297 0.486328 0.533203 0.482422 0.533203 0.480469 0.529297 0.476562
0 0.906250 0.478516 0.904297 0.478516 0.900391 0.482422 0.900391 0.484375 0.902344 0.486328 0.906250 0.486328 0.908203 0.484375 0.908203 0.480469
0 0.542969 0.494141 0.544922 0.511719 0.550781 0.517578 0.556641 0.519531 0.566406 0.519531 0.576172 0.515625 0.582031 0.509766 0.591797 0.509766 0.599609 0.501953 0.593750 0.492188 0.578125 0.494141 0.570312 0.486328 0.554688 0.480469 0.544922 0.488281
0 0.656250 0.490234 0.654297 0.492188 0.656250 0.494141 0.658203 0.492188
0 0.669922 0.490234 0.666016 0.494141 0.667969 0.496094 0.669922 0.496094 0.671875 0.494141 0.671875 0.492188
1 0.919922 0.488281 0.916016 0.488281 0.912109 0.492188 0.912109 0.496094 0.910156 0.498047 0.912109 0.500000 0.912109 0.513672 0.916016 0.517578 0.921875 0.511719 0.919922 0.509766 0.925781 0.500000 0.925781 0.494141
0 0.953125 0.492188 0.947266 0.498047 0.951172 0.507812 0.958984 0.515625 0.962891 0.515625 0.964844 0.517578 0.966797 0.517578 0.972656 0.509766 0.972656 0.503906 0.970703 0.501953 0.970703 0.500000 0.962891 0.492188
0 0.519531 0.511719 0.515625 0.515625 0.515625 0.521484 0.517578 0.523438 0.517578 0.525391 0.523438 0.529297 0.529297 0.529297 0.533203 0.523438 0.533203 0.519531 0.531250 0.517578 0.531250 0.515625 0.525391 0.511719
1 0.789062 0.513672 0.787109 0.515625 0.787109 0.519531 0.789062 0.521484 0.789062 0.523438 0.796875 0.531250 0.796875 0.533203 0.798828 0.535156 0.800781 0.535156 0.804688 0.531250 0.804688 0.527344 0.791016 0.513672
0 0.998047 0.517578 0.996094 0.519531 0.994141 0.519531 0.992188 0.521484 0.992188 0.523438 0.990234 0.525391 0.994141 0.529297 0.998047 0.529297
0 0.929688 0.521484 0.908203 0.535156 0.892578 0.537109 0.886719 0.542969 0.886719 0.550781 0.892578 0.558594 0.908203 0.556641 0.917969 0.566406 0.912109 0.576172 0.914062 0.582031 0.919922 0.580078 0.921875 0.568359 0.935547 0.560547 0.941406 0.552734 0.943359 0.539062 0.935547 0.525391
0 0.382812 0.527344 0.380859 0.529297 0.382812 0.531250 0.384766 0.531250 0.386719 0.529297 0.384766 0.527344
0 0.578125 0.529297 0.576172 0.531250 0.578125 0.533203 0.580078 0.531250
0 0.656250 0.529297 0.654297 0.531250 0.658203 0.535156 0.660156 0.533203 0.660156 0.531250 0.658203 0.529297
0 0.738281 0.527344 0.736328 0.529297 0.736328 0.533203 0.738281 0.535156 0.740234 0.533203 0.740234 0.529297
0 0.349609 0.544922 0.351562 0.546875 0.355469 0.546875 0.357422 0.544922 0.355469 0.542969 0.351562 0.542969
0 0.958984 0.542969 0.957031 0.544922 0.958984 0.546875 0.960938 0.544922
0 0.970703 0.544922 0.968750 0.546875 0.970703 0.548828 0.972656 0.546875
1 0.998047 0.548828 0.996094 0.550781 0.996094 0.556641 0.998047 0.558594
0 0.519531 0.550781 0.517578 0.552734 0.517578 0.556641 0.519531 0.558594 0.523438 0.558594 0.525391 0.556641 0.525391 0.552734 0.523438 0.550781
0 0.404297 0.560547 0.402344 0.562500 0.402344 0.564453 0.404297 0.566406 0.406250 0.564453 0.406250 0.562500
0 0.724609 0.558594 0.722656 0.558594 0.718750 0.562500 0.718750 0.566406 0.720703 0.568359 0.724609 0.568359 0.728516 0.564453 0.728516 0.562500
0 0.371094 0.562500 0.369141 0.564453 0.369141 0.566406 0.371094 0.568359 0.373047 0.566406 0.373047 0.564453
0 0.742188 0.570312 0.738281 0.570312 0.734375 0.574219 0.734375 0.585938 0.730469 0.589844 0.730469 0.591797 0.736328 0.597656 0.738281 0.595703 0.744141 0.593750 0.748047 0.589844 0.748047 0.587891 0.744141 0.583984 0.744141 0.578125 0.746094 0.576172
1 0.593750 0.580078 0.593750 0.585938 0.599609 0.591797 0.603516 0.591797 0.605469 0.589844 0.611328 0.595703 0.611328 0.601562 0.619141 0.607422 0.621094 0.605469 0.625000 0.605469 0.630859 0.599609 0.630859 0.589844 0.625000 0.583984 0.615234 0.583984 0.605469 0.574219 0.601562 0.574219
1 0.958984 0.574219 0.955078 0.574219 0.953125 0.576172 0.953125 0.578125 0.955078 0.580078 0.953125 0.582031 0.953125 0.585938 0.951172 0.587891 0.951172 0.595703 0.955078 0.599609 0.957031 0.599609 0.960938 0.595703 0.960938 0.580078 0.962891 0.578125
0 0.712891 0.583984 0.708984 0.583984 0.705078 0.587891 0.705078 0.589844 0.703125 0.591797 0.705078 0.593750 0.705078 0.595703 0.708984 0.599609 0.710938 0.597656 0.712891 0.597656 0.714844 0.595703 0.714844 0.593750 0.716797 0.591797 0.716797 0.587891
0 0.902344 0.583984 0.898438 0.583984 0.896484 0.585938 0.896484 0.587891 0.898438 0.589844 0.900391 0.589844 0.904297 0.585938
0 0.656250 0.587891 0.654297 0.589844 0.654297 0.591797 0.656250 0.593750 0.658203 0.591797 0.658203 0.589844
0 0.822266 0.587891 0.820312 0.589844 0.820312 0.595703 0.818359 0.597656 0.818359 0.603516 0.820312 0.605469 0.820312 0.607422 0.826172 0.613281 0.835938 0.603516 0.837891 0.603516 0.839844 0.601562 0.839844 0.597656 0.841797 0.595703 0.835938 0.591797 0.833984 0.591797 0.832031 0.593750 0.824219 0.587891
1 0.982422 0.585938 0.974609 0.589844 0.974609 0.597656 0.972656 0.599609 0.974609 0.611328 0.968750 0.621094 0.968750 0.626953 0.976562 0.636719 0.986328 0.638672 0.996094 0.632812 0.998047 0.634766 0.998047 0.611328 0.990234 0.601562 0.990234 0.591797
1 0.568359 0.593750 0.568359 0.597656 0.576172 0.605469 0.578125 0.613281 0.583984 0.621094 0.593750 0.625000 0.603516 0.619141 0.605469 0.615234 0.603516 0.613281 0.605469 0.611328 0.599609 0.603516 0.593750 0.599609 0.583984 0.599609 0.576172 0.591797 0.570312 0.591797
0 0.869141 0.603516 0.869141 0.607422 0.873047 0.611328 0.875000 0.611328 0.876953 0.613281 0.884766 0.613281 0.888672 0.609375 0.888672 0.605469 0.884766 0.601562 0.871094 0.601562
0 0.726562 0.607422 0.722656 0.613281 0.705078 0.628906 0.705078 0.630859 0.716797 0.644531 0.718750 0.650391 0.730469 0.658203 0.726562 0.664062 0.726562 0.667969 0.732422 0.673828 0.738281 0.667969 0.732422 0.656250 0.736328 0.652344 0.740234 0.652344 0.742188 0.650391 0.742188 0.642578 0.736328 0.634766 0.744141 0.628906 0.750000 0.628906 0.755859 0.632812 0.759766 0.632812 0.763672 0.628906 0.763672 0.623047 0.757812 0.617188 0.753906 0.617188 0.750000 0.621094 0.740234 0.619141 0.734375 0.623047 0.730469 0.619141 0.730469 0.609375
0 0.148438 0.609375 0.146484 0.611328 0.146484 0.613281 0.148438 0.615234 0.150391 0.615234 0.152344 0.613281 0.152344 0.611328 0.150391 0.609375
1 0.781250 0.613281 0.777344 0.617188 0.787109 0.626953 0.785156 0.638672 0.800781 0.650391 0.804688 0.671875 0.810547 0.679688 0.814453 0.679688 0.820312 0.673828 0.818359 0.642578 0.810547 0.632812 0.810547 0.623047 0.798828 0.609375
0 0.701172 0.615234 0.699219 0.617188 0.699219 0.619141 0.701172 0.621094 0.703125 0.619141 0.703125 0.617188
0 0.927734 0.613281 0.923828 0.613281 0.921875 0.615234 0.921875 0.617188 0.923828 0.619141 0.925781 0.619141 0.929688 0.615234
1 0.960938 0.619141 0.957031 0.615234 0.955078 0.617188 0.951172 0.617188 0.929688 0.636719 0.923828 0.636719 0.919922 0.642578 0.923828 0.646484 0.927734 0.646484 0.939453 0.632812 0.943359 0.632812 0.951172 0.636719 0.958984 0.626953
0 0.281250 0.617188 0.277344 0.621094 0.281250 0.625000 0.283203 0.625000 0.285156 0.623047 0.285156 0.621094
0 0.646484 0.623047 0.640625 0.628906 0.640625 0.630859 0.642578 0.632812 0.642578 0.634766 0.648438 0.640625 0.650391 0.640625 0.652344 0.642578 0.656250 0.638672 0.656250 0.628906 0.650391 0.623047
0 0.667969 0.621094 0.666016 0.623047 0.666016 0.625000 0.667969 0.626953 0.671875 0.626953 0.673828 0.625000 0.671875 0.623047 0.669922 0.623047
0 0.873047 0.628906 0.863281 0.634766 0.863281 0.640625 0.878906 0.656250 0.867188 0.666016 0.855469 0.667969 0.849609 0.677734 0.849609 0.685547 0.869141 0.712891 0.886719 0.691406 0.884766 0.677734 0.890625 0.671875 0.896484 0.673828 0.900391 0.669922 0.896484 0.662109 0.906250 0.656250
1 0.626953 0.634766 0.621094 0.634766 0.617188 0.638672 0.615234 0.648438 0.607422 0.654297 0.609375 0.656250 0.607422 0.658203 0.609375 0.660156 0.609375 0.666016 0.623047 0.679688 0.628906 0.667969 0.628906 0.658203 0.625000 0.652344 0.626953 0.650391 0.626953 0.646484 0.630859 0.642578 0.630859 0.638672
1 0.771484 0.636719 0.765625 0.636719 0.761719 0.640625 0.757812 0.650391 0.751953 0.656250 0.751953 0.660156 0.757812 0.666016 0.761719 0.666016 0.767578 0.660156 0.767578 0.658203 0.775391 0.644531 0.775391 0.640625
0 0.599609 0.644531 0.597656 0.646484 0.597656 0.648438 0.601562 0.652344 0.603516 0.650391 0.603516 0.646484 0.601562 0.644531
0 0.972656 0.648438 0.970703 0.650391 0.972656 0.652344 0.974609 0.652344 0.976562 0.650391 0.974609 0.648438
0 0.937500 0.654297 0.935547 0.656250 0.935547 0.658203 0.939453 0.662109 0.943359 0.658203 0.939453 0.654297
0 0.650391 0.664062 0.646484 0.664062 0.644531 0.666016 0.644531 0.667969 0.642578 0.669922 0.642578 0.671875 0.646484 0.675781 0.648438 0.675781 0.654297 0.669922 0.654297 0.667969
0 0.685547 0.666016 0.679688 0.671875 0.681641 0.673828 0.681641 0.675781 0.683594 0.677734 0.687500 0.677734 0.691406 0.673828 0.691406 0.669922 0.689453 0.667969 0.687500 0.667969
0 0.509766 0.667969 0.503906 0.671875 0.503906 0.673828 0.501953 0.675781 0.501953 0.677734 0.503906 0.679688 0.503906 0.681641 0.507812 0.685547 0.515625 0.685547 0.521484 0.679688 0.521484 0.675781 0.517578 0.669922 0.515625 0.669922 0.513672 0.667969
0 0.992188 0.671875 0.988281 0.675781 0.992188 0.679688 0.996094 0.675781
0 0.550781 0.675781 0.546875 0.679688 0.546875 0.683594 0.552734 0.689453 0.558594 0.683594 0.558594 0.681641 0.552734 0.675781
0 0.712891 0.679688 0.710938 0.681641 0.708984 0.681641 0.701172 0.689453 0.701172 0.697266 0.710938 0.703125 0.716797 0.703125 0.724609 0.697266 0.724609 0.695312 0.726562 0.693359 0.726562 0.687500 0.722656 0.681641 0.720703 0.681641 0.718750 0.679688
0 0.503906 0.695312 0.503906 0.699219 0.507812 0.703125 0.509766 0.703125 0.511719 0.705078 0.513672 0.703125 0.515625 0.703125 0.517578 0.701172 0.517578 0.697266 0.515625 0.695312 0.513672 0.695312 0.511719 0.693359 0.509766 0.695312 0.507812 0.695312 0.505859 0.693359
0 0.746094 0.691406 0.742188 0.691406 0.738281 0.695312 0.742188 0.699219 0.738281 0.703125 0.734375 0.701172 0.730469 0.705078 0.730469 0.710938 0.728516 0.712891 0.732422 0.716797 0.740234 0.710938 0.744141 0.710938 0.746094 0.712891 0.750000 0.708984 0.750000 0.699219 0.751953 0.697266
0 0.810547 0.693359 0.808594 0.695312 0.808594 0.697266 0.810547 0.699219 0.812500 0.697266 0.812500 0.695312
0 0.957031 0.691406 0.955078 0.693359 0.957031 0.695312 0.958984 0.693359
0 0.667969 0.699219 0.666016 0.701172 0.669922 0.705078 0.671875 0.705078 0.673828 0.703125 0.673828 0.701172 0.671875 0.699219
1 0.394531 0.712891 0.398438 0.716797 0.400391 0.716797 0.402344 0.714844 0.410156 0.714844 0.412109 0.716797 0.416016 0.716797 0.423828 0.710938 0.423828 0.707031 0.421875 0.705078 0.416016 0.705078 0.410156 0.710938 0.408203 0.710938 0.400391 0.705078 0.394531 0.710938
0 0.798828 0.703125 0.792969 0.708984 0.792969 0.710938 0.794922 0.712891 0.794922 0.714844 0.800781 0.720703 0.800781 0.722656 0.802734 0.724609 0.808594 0.726562 0.814453 0.720703 0.814453 0.716797 0.800781 0.703125
0 0.750000 0.718750 0.750000 0.720703 0.753906 0.724609 0.755859 0.724609 0.765625 0.730469 0.773438 0.730469 0.775391 0.728516 0.773438 0.726562 0.775391 0.724609 0.773438 0.718750 0.767578 0.714844 0.763672 0.714844 0.761719 0.712891 0.757812 0.712891 0.755859 0.714844 0.753906 0.714844
0 0.833984 0.710938 0.832031 0.712891 0.833984 0.714844 0.835938 0.712891
0 0.376953 0.714844 0.373047 0.720703 0.373047 0.730469 0.382812 0.740234 0.388672 0.740234 0.390625 0.738281 0.390625 0.734375 0.388672 0.732422 0.388672 0.718750 0.382812 0.714844
0 0.843750 0.718750 0.841797 0.720703 0.843750 0.722656 0.845703 0.722656 0.847656 0.720703 0.845703 0.718750
0 0.832031 0.724609 0.830078 0.726562 0.832031 0.728516 0.833984 0.726562
0 0.708984 0.726562 0.705078 0.730469 0.705078 0.734375 0.707031 0.736328 0.708984 0.736328 0.710938 0.734375 0.712891 0.734375 0.714844 0.732422 0.714844 0.730469 0.712891 0.728516 0.710938 0.728516
0 0.878906 0.734375 0.878906 0.730469 0.875000 0.726562 0.873047 0.726562 0.871094 0.728516 0.867188 0.728516 0.865234 0.730469 0.863281 0.730469 0.861328 0.732422 0.863281 0.734375 0.865234 0.734375 0.869141 0.738281 0.875000 0.738281
0 0.939453 0.728516 0.935547 0.732422 0.935547 0.734375 0.933594 0.736328 0.935547 0.738281 0.935547 0.740234 0.939453 0.744141 0.947266 0.744141 0.951172 0.740234 0.951172 0.736328 0.945312 0.730469 0.941406 0.730469
0 0.789062 0.732422 0.787109 0.734375 0.789062 0.736328 0.791016 0.736328 0.792969 0.734375 0.791016 0.732422
0 0.546875 0.740234 0.542969 0.744141 0.542969 0.748047 0.544922 0.750000 0.546875 0.750000 0.548828 0.748047 0.548828 0.742188
0 0.576172 0.751953 0.572266 0.755859 0.572266 0.757812 0.576172 0.761719 0.578125 0.761719 0.582031 0.757812 0.582031 0.755859 0.578125 0.751953
0 0.867188 0.753906 0.863281 0.750000 0.857422 0.750000 0.855469 0.751953 0.853516 0.751953 0.847656 0.757812 0.847656 0.761719 0.845703 0.763672 0.849609 0.767578 0.865234 0.767578 0.867188 0.765625
0 0.898438 0.750000 0.894531 0.753906 0.894531 0.757812 0.898438 0.761719 0.900391 0.761719 0.902344 0.763672 0.904297 0.761719 0.904297 0.759766 0.906250 0.757812 0.906250 0.753906 0.902344 0.750000
0 0.759766 0.761719 0.753906 0.767578 0.759766 0.773438 0.761719 0.773438 0.767578 0.767578 0.761719 0.761719
0 0.349609 0.765625 0.347656 0.767578 0.347656 0.773438 0.349609 0.775391 0.351562 0.775391 0.355469 0.771484 0.355469 0.769531 0.351562 0.765625
1 0.599609 0.775391 0.595703 0.779297 0.595703 0.781250 0.589844 0.787109 0.589844 0.789062 0.591797 0.791016 0.593750 0.791016 0.597656 0.787109 0.597656 0.785156 0.603516 0.779297
0 0.744141 0.777344 0.742188 0.779297 0.744141 0.781250 0.746094 0.779297
0 0.544922 0.783203 0.542969 0.783203 0.539062 0.787109 0.539062 0.789062 0.541016 0.791016 0.542969 0.791016 0.546875 0.787109 0.546875 0.785156
0 0.615234 0.781250 0.611328 0.781250 0.609375 0.783203 0.609375 0.785156 0.613281 0.789062 0.617188 0.785156 0.617188 0.783203
0 0.785156 0.785156 0.783203 0.785156 0.781250 0.783203 0.779297 0.785156 0.777344 0.785156 0.773438 0.789062 0.773438 0.791016 0.769531 0.796875 0.771484 0.798828 0.767578 0.804688 0.769531 0.806641 0.773438 0.806641 0.775391 0.804688 0.781250 0.802734 0.785156 0.798828 0.785156 0.796875 0.789062 0.791016
0 0.796875 0.781250 0.794922 0.783203 0.794922 0.787109 0.796875 0.789062 0.800781 0.789062 0.804688 0.785156 0.800781 0.781250
0 0.853516 0.796875 0.849609 0.800781 0.853516 0.804688 0.857422 0.804688 0.859375 0.802734 0.859375 0.800781 0.855469 0.796875
0 0.560547 0.804688 0.552734 0.810547 0.554688 0.812500 0.554688 0.826172 0.556641 0.828125 0.556641 0.832031 0.564453 0.837891 0.572266 0.837891 0.578125 0.832031 0.578125 0.826172 0.576172 0.824219 0.574219 0.812500 0.570312 0.806641 0.566406 0.804688
0 0.621094 0.806641 0.619141 0.808594 0.619141 0.810547 0.621094 0.812500 0.625000 0.812500 0.626953 0.810547 0.623047 0.806641
0 0.593750 0.808594 0.589844 0.812500 0.589844 0.816406 0.593750 0.820312 0.599609 0.820312 0.601562 0.818359 0.601562 0.816406 0.599609 0.814453 0.599609 0.812500 0.597656 0.810547 0.595703 0.810547
0 0.908203 0.812500 0.906250 0.814453 0.908203 0.816406 0.910156 0.814453
0 0.667969 0.832031 0.666016 0.833984 0.666016 0.835938 0.667969 0.837891 0.671875 0.837891 0.673828 0.835938 0.669922 0.832031
0 0.712891 0.832031 0.710938 0.833984 0.712891 0.835938 0.714844 0.835938 0.716797 0.833984 0.714844 0.832031
0 0.763672 0.832031 0.755859 0.841797 0.757812 0.843750 0.757812 0.853516 0.761719 0.857422 0.771484 0.857422 0.779297 0.861328 0.785156 0.859375 0.789062 0.853516 0.789062 0.847656 0.787109 0.843750 0.781250 0.837891 0.773438 0.833984 0.767578 0.833984
0 0.681641 0.837891 0.679688 0.839844 0.681641 0.841797 0.683594 0.839844
0 0.617188 0.839844 0.611328 0.845703 0.611328 0.849609 0.617188 0.855469 0.623047 0.855469 0.630859 0.847656 0.625000 0.841797 0.621094 0.841797 0.619141 0.839844
0 0.906250 0.849609 0.900391 0.853516 0.900391 0.855469 0.898438 0.857422 0.898438 0.865234 0.900391 0.867188 0.900391 0.869141 0.904297 0.873047 0.910156 0.873047 0.916016 0.869141 0.919922 0.857422 0.916016 0.851562 0.914062 0.851562 0.912109 0.849609
0 0.669922 0.857422 0.664062 0.863281 0.664062 0.867188 0.669922 0.873047 0.673828 0.873047 0.677734 0.869141 0.677734 0.867188 0.679688 0.865234 0.677734 0.863281 0.677734 0.861328 0.673828 0.857422
0 0.566406 0.863281 0.564453 0.865234 0.564453 0.867188 0.566406 0.869141 0.568359 0.869141 0.570312 0.867188 0.570312 0.865234 0.568359 0.863281
0 0.609375 0.865234 0.607422 0.867188 0.607422 0.869141 0.611328 0.873047 0.615234 0.869141 0.611328 0.865234
0 0.953125 0.865234 0.949219 0.869141 0.949219 0.873047 0.953125 0.876953 0.957031 0.876953 0.960938 0.873047 0.960938 0.869141 0.957031 0.865234
0 0.494141 0.869141 0.490234 0.873047 0.490234 0.875000 0.492188 0.876953 0.494141 0.876953 0.496094 0.878906 0.498047 0.876953 0.498047 0.873047
0 0.625000 0.867188 0.623047 0.869141 0.625000 0.871094 0.626953 0.869141
1 0.707031 0.875000 0.708984 0.904297 0.722656 0.917969 0.720703 0.927734 0.736328 0.935547 0.763672 0.935547 0.771484 0.927734 0.781250 0.929688 0.785156 0.925781 0.779297 0.917969 0.769531 0.921875 0.751953 0.919922 0.740234 0.908203 0.744141 0.888672 0.736328 0.876953
0 0.320312 0.876953 0.314453 0.882812 0.314453 0.886719 0.318359 0.890625 0.320312 0.890625 0.326172 0.884766 0.326172 0.882812
0 0.408203 0.876953 0.404297 0.880859 0.406250 0.882812 0.410156 0.878906
1 0.615234 0.880859 0.611328 0.884766 0.613281 0.886719 0.613281 0.890625 0.615234 0.892578 0.615234 0.896484 0.613281 0.898438 0.615234 0.900391 0.615234 0.904297 0.617188 0.906250 0.623047 0.908203 0.626953 0.904297 0.626953 0.900391 0.625000 0.898438 0.625000 0.896484 0.621094 0.892578 0.621094 0.882812 0.619141 0.880859
0 0.689453 0.882812 0.687500 0.884766 0.687500 0.888672 0.691406 0.892578 0.695312 0.888672 0.693359 0.886719 0.693359 0.884766 0.691406 0.882812
0 0.837891 0.882812 0.835938 0.884766 0.835938 0.886719 0.843750 0.894531 0.845703 0.894531 0.849609 0.890625 0.843750 0.884766 0.841797 0.884766 0.839844 0.882812
0 0.593750 0.890625 0.591797 0.892578 0.589844 0.892578 0.587891 0.894531 0.587891 0.896484 0.589844 0.898438 0.589844 0.900391 0.591797 0.902344 0.591797 0.904297 0.593750 0.906250 0.597656 0.902344 0.597656 0.894531
0 0.429688 0.898438 0.427734 0.900391 0.427734 0.902344 0.429688 0.904297 0.431641 0.902344 0.431641 0.900391
0 0.470703 0.902344 0.468750 0.904297 0.468750 0.906250 0.470703 0.908203 0.472656 0.908203 0.474609 0.906250 0.474609 0.904297 0.472656 0.902344
0 0.929688 0.908203 0.925781 0.912109 0.925781 0.914062 0.927734 0.916016 0.929688 0.916016 0.931641 0.917969 0.935547 0.914062 0.935547 0.912109 0.931641 0.908203
0 0.445312 0.916016 0.443359 0.917969 0.443359 0.923828 0.445312 0.925781 0.445312 0.927734 0.441406 0.931641 0.441406 0.935547 0.439453 0.937500 0.441406 0.939453 0.451172 0.939453 0.457031 0.943359 0.458984 0.941406 0.458984 0.937500 0.457031 0.935547 0.457031 0.921875 0.453125 0.917969 0.447266 0.917969
0 0.648438 0.916016 0.644531 0.919922 0.646484 0.921875 0.646484 0.923828 0.650391 0.927734 0.654297 0.923828 0.654297 0.919922 0.650391 0.916016
0 0.839844 0.916016 0.837891 0.916016 0.835938 0.917969 0.833984 0.917969 0.830078 0.923828 0.830078 0.931641 0.833984 0.935547 0.837891 0.935547 0.843750 0.929688 0.843750 0.927734 0.845703 0.925781 0.845703 0.923828 0.843750 0.921875 0.843750 0.919922
1 0.591797 0.921875 0.589844 0.923828 0.589844 0.933594 0.578125 0.945312 0.578125 0.949219 0.580078 0.951172 0.583984 0.951172 0.599609 0.937500 0.599609 0.931641 0.597656 0.929688 0.597656 0.927734
0 0.562500 0.931641 0.560547 0.933594 0.558594 0.933594 0.554688 0.937500 0.554688 0.939453 0.552734 0.941406 0.552734 0.945312 0.556641 0.949219 0.558594 0.949219 0.560547 0.951172 0.564453 0.951172 0.568359 0.947266 0.568359 0.941406 0.566406 0.939453 0.566406 0.935547
0 0.806641 0.929688 0.800781 0.933594 0.796875 0.943359 0.798828 0.945312 0.798828 0.949219 0.800781 0.953125 0.808594 0.960938 0.810547 0.960938 0.812500 0.958984 0.816406 0.958984 0.820312 0.955078 0.822266 0.951172 0.822266 0.939453 0.816406 0.931641 0.812500 0.929688
0 0.666016 0.945312 0.660156 0.953125 0.658203 0.968750 0.662109 0.984375 0.667969 0.992188 0.660156 0.998047 0.714844 0.998047 0.718750 0.990234 0.716797 0.984375 0.705078 0.974609 0.705078 0.968750 0.695312 0.953125 0.679688 0.943359
0 0.763672 0.943359 0.759766 0.947266 0.759766 0.949219 0.763672 0.953125 0.769531 0.953125 0.771484 0.951172 0.771484 0.947266 0.767578 0.943359
0 0.746094 0.949219 0.742188 0.953125 0.742188 0.955078 0.748047 0.960938 0.751953 0.957031 0.751953 0.953125 0.748047 0.949219
0 0.839844 0.953125 0.833984 0.958984 0.833984 0.964844 0.832031 0.966797 0.833984 0.968750 0.833984 0.970703 0.837891 0.974609 0.843750 0.976562 0.849609 0.970703 0.849609 0.968750 0.851562 0.966797 0.849609 0.964844 0.849609 0.957031 0.845703 0.953125
0 0.572266 0.962891 0.570312 0.964844 0.574219 0.968750 0.576172 0.968750 0.578125 0.966797 0.578125 0.964844 0.576172 0.962891
0 0.888672 0.962891 0.882812 0.968750 0.882812 0.972656 0.888672 0.978516 0.892578 0.978516 0.894531 0.976562 0.896484 0.976562 0.898438 0.974609 0.898438 0.970703 0.896484 0.968750 0.896484 0.966797 0.892578 0.962891
0 0.541016 0.966797 0.539062 0.968750 0.539062 0.972656 0.542969 0.976562 0.544922 0.976562 0.548828 0.972656 0.548828 0.970703 0.544922 0.966797
1 0.507812 0.974609 0.511719 0.978516 0.517578 0.976562 0.519531 0.978516 0.521484 0.978516 0.527344 0.982422 0.529297 0.982422 0.531250 0.980469 0.531250 0.978516 0.525391 0.972656 0.523438 0.972656 0.517578 0.968750 0.511719 0.968750
0 0.632812 0.968750 0.630859 0.970703 0.632812 0.972656 0.634766 0.970703
0 0.804688 0.968750 0.802734 0.968750 0.800781 0.970703 0.798828 0.970703 0.792969 0.976562 0.792969 0.978516 0.794922 0.980469 0.794922 0.982422 0.798828 0.986328 0.806641 0.986328 0.812500 0.980469 0.812500 0.974609 0.808594 0.970703 0.806641 0.970703
0 0.601562 0.980469 0.597656 0.984375 0.601562 0.988281 0.605469 0.984375
0 0.544922 0.986328 0.542969 0.988281 0.544922 0.990234 0.546875 0.988281
1 0.556641 0.986328 0.560547 0.990234 0.562500 0.990234 0.564453 0.992188 0.570312 0.992188 0.574219 0.988281 0.574219 0.986328 0.572266 0.984375 0.558594 0.984375
1 0.457031 0.998047 0.466797 0.998047 0.464844 0.996094 0.462891 0.996094 0.460938 0.994141
1 0.898438 0.998047 0.904297 0.998047 0.902344 0.996094 0.900391 0.996094
