0 0.802734 0.105469 0.800781 0.107422 0.802734 0.109375 0.804688 0.109375 0.806641 0.107422 0.804688 0.105469
1 0.066406 0.193359 0.000000 0.228516 0.035156 0.253906 0.000000 0.414062 0.181641 0.343750 0.257812 0.431641 0.187500 0.371094 0.228516 0.492188 0.083984 0.560547 0.000000 0.423828 0.000000 0.591797 0.064453 0.630859 0.109375 0.843750 0.183594 0.773438 0.281250 0.804688 0.292969 0.880859 0.203125 0.996094 0.320312 0.935547 0.376953 0.998047 0.367188 0.919922 0.554688 0.826172 0.533203 0.730469 0.513672 0.777344 0.455078 0.765625 0.503906 0.835938 0.421875 0.898438 0.292969 0.908203 0.283203 0.791016 0.173828 0.757812 0.173828 0.714844 0.253906 0.673828 0.298828 0.748047 0.406250 0.630859 0.318359 0.630859 0.316406 0.683594 0.234375 0.650391 0.214844 0.535156 0.169922 0.554688 0.347656 0.410156 0.283203 0.316406 0.105469 0.343750 0.097656 0.208984 0.255859 0.244141
0 0.011719 0.210938 0.009766 0.212891 0.011719 0.214844 0.013672 0.212891
0 0.822266 0.210938 0.820312 0.212891 0.820312 0.216797 0.822266 0.218750 0.826172 0.214844
0 0.513672 0.281250 0.509766 0.277344 0.505859 0.281250 0.507812 0.283203 0.511719 0.283203
0 0.906250 0.300781 0.902344 0.304688 0.902344 0.306641 0.906250 0.310547 0.908203 0.308594 0.908203 0.306641 0.910156 0.304688
0 0.886719 0.349609 0.882812 0.353516 0.882812 0.355469 0.886719 0.359375 0.888672 0.359375 0.892578 0.355469
0 0.904297 0.363281 0.904297 0.367188 0.906250 0.369141 0.908203 0.369141 0.910156 0.367188 0.912109 0.367188 0.914062 0.365234 0.910156 0.361328 0.906250 0.361328
1 0.138672 0.384766 0.136719 0.382812 0.132812 0.384766 0.121094 0.398438 0.101562 0.412109 0.093750 0.406250 0.080078 0.412109 0.068359 0.423828 0.060547 0.435547 0.042969 0.443359 0.037109 0.453125 0.042969 0.457031 0.054688 0.443359 0.072266 0.433594 0.089844 0.416016 0.093750 0.416016 0.097656 0.412109 0.107422 0.421875 0.138672 0.390625
0 0.957031 0.384766 0.953125 0.388672 0.953125 0.398438 0.955078 0.400391 0.960938 0.400391 0.964844 0.396484 0.964844 0.392578 0.962891 0.390625 0.962891 0.388672 0.958984 0.384766
0 0.347656 0.392578 0.345703 0.394531 0.345703 0.396484 0.347656 0.398438 0.351562 0.398438 0.353516 0.396484 0.353516 0.394531 0.351562 0.392578
0 0.386719 0.392578 0.384766 0.394531 0.384766 0.400391 0.390625 0.406250 0.392578 0.406250 0.396484 0.410156 0.400391 0.406250 0.400391 0.404297 0.398438 0.402344 0.398438 0.400391 0.396484 0.398438 0.396484 0.396484 0.392578 0.392578
1 0.074219 0.396484 0.072266 0.394531 0.068359 0.394531 0.064453 0.398438 0.060547 0.398438 0.056641 0.402344 0.054688 0.402344 0.042969 0.416016 0.041016 0.421875 0.033203 0.429688 0.031250 0.429688 0.025391 0.433594 0.025391 0.437500 0.027344 0.439453 0.033203 0.437500 0.039062 0.431641 0.037109 0.429688 0.041016 0.425781 0.046875 0.425781 0.048828 0.423828 0.050781 0.423828 0.068359 0.406250 0.068359 0.404297 0.072266 0.400391 0.072266 0.398438
0 0.751953 0.408203 0.748047 0.412109 0.748047 0.417969 0.751953 0.421875 0.755859 0.421875 0.759766 0.417969 0.759766 0.412109 0.757812 0.410156 0.755859 0.410156 0.753906 0.408203
0 0.992188 0.417969 0.990234 0.417969 0.986328 0.421875 0.986328 0.427734 0.988281 0.429688 0.992188 0.429688 0.998047 0.423828
0 0.917969 0.431641 0.916016 0.433594 0.916016 0.435547 0.919922 0.439453 0.921875 0.439453 0.923828 0.437500 0.923828 0.433594 0.921875 0.431641
0 0.384766 0.433594 0.380859 0.437500 0.380859 0.439453 0.382812 0.441406 0.382812 0.443359 0.384766 0.445312 0.386719 0.445312 0.388672 0.447266 0.392578 0.443359 0.392578 0.437500 0.388672 0.433594
0 0.806641 0.443359 0.794922 0.445312 0.783203 0.455078 0.781250 0.458984 0.781250 0.464844 0.791016 0.474609 0.806641 0.474609 0.812500 0.468750 0.816406 0.460938 0.816406 0.455078
0 0.363281 0.445312 0.361328 0.447266 0.361328 0.449219 0.359375 0.451172 0.365234 0.457031 0.369141 0.457031 0.373047 0.453125 0.371094 0.451172 0.371094 0.449219 0.369141 0.447266 0.367188 0.447266 0.365234 0.445312
1 0.361328 0.462891 0.337891 0.486328 0.330078 0.478516 0.337891 0.460938 0.330078 0.458984 0.326172 0.462891 0.328125 0.472656 0.316406 0.494141 0.312500 0.490234 0.306641 0.494141 0.318359 0.500000 0.316406 0.505859 0.308594 0.513672 0.289062 0.519531 0.244141 0.562500 0.244141 0.576172 0.250000 0.582031 0.263672 0.578125 0.292969 0.550781 0.302734 0.546875 0.318359 0.527344 0.343750 0.523438 0.335938 0.505859 0.351562 0.486328 0.359375 0.486328 0.363281 0.482422 0.367188 0.468750
0 0.986328 0.462891 0.982422 0.466797 0.982422 0.470703 0.986328 0.474609 0.988281 0.474609 0.992188 0.470703 0.992188 0.466797 0.988281 0.462891
0 0.685547 0.474609 0.681641 0.478516 0.685547 0.482422 0.689453 0.478516
0 0.675781 0.486328 0.673828 0.488281 0.673828 0.490234 0.677734 0.494141 0.681641 0.490234 0.677734 0.486328
0 0.972656 0.484375 0.968750 0.488281 0.970703 0.490234 0.972656 0.490234 0.974609 0.488281 0.974609 0.486328
0 0.296875 0.490234 0.294922 0.492188 0.296875 0.494141 0.298828 0.492188
0 0.375000 0.511719 0.373047 0.509766 0.371094 0.511719 0.365234 0.511719 0.361328 0.515625 0.363281 0.517578 0.373047 0.517578 0.375000 0.515625
0 0.769531 0.507812 0.765625 0.511719 0.765625 0.515625 0.767578 0.517578 0.773438 0.517578 0.777344 0.513672 0.777344 0.511719 0.773438 0.507812
1 0.570312 0.517578 0.552734 0.515625 0.544922 0.521484 0.541016 0.529297 0.541016 0.548828 0.535156 0.554688 0.523438 0.552734 0.517578 0.558594 0.517578 0.568359 0.523438 0.578125 0.541016 0.578125 0.550781 0.564453 0.556641 0.564453 0.568359 0.552734 0.576172 0.523438
0 0.859375 0.521484 0.857422 0.523438 0.859375 0.525391 0.861328 0.523438
0 0.732422 0.523438 0.728516 0.527344 0.730469 0.529297 0.732422 0.529297 0.734375 0.527344 0.734375 0.525391
0 0.970703 0.523438 0.966797 0.527344 0.966797 0.529297 0.968750 0.531250 0.972656 0.531250 0.974609 0.529297 0.972656 0.527344 0.972656 0.525391
0 0.361328 0.529297 0.359375 0.529297 0.357422 0.531250 0.355469 0.531250 0.353516 0.533203 0.353516 0.535156 0.351562 0.537109 0.355469 0.541016 0.359375 0.541016 0.361328 0.539062 0.363281 0.541016 0.365234 0.539062 0.365234 0.533203
1 0.751953 0.542969 0.753906 0.544922 0.767578 0.550781 0.773438 0.544922 0.777344 0.544922 0.779297 0.542969 0.781250 0.544922 0.783203 0.544922 0.787109 0.541016 0.783203 0.537109 0.781250 0.537109 0.779297 0.539062 0.769531 0.539062 0.767578 0.537109 0.765625 0.539062 0.761719 0.539062 0.759766 0.537109 0.757812 0.537109
0 0.402344 0.542969 0.398438 0.546875 0.402344 0.550781 0.406250 0.546875
0 0.312500 0.548828 0.310547 0.550781 0.310547 0.552734 0.312500 0.554688 0.314453 0.552734 0.314453 0.550781
0 0.648438 0.550781 0.646484 0.552734 0.646484 0.556641 0.648438 0.558594 0.650391 0.558594 0.654297 0.554688 0.650391 0.550781
0 0.923828 0.554688 0.921875 0.556641 0.921875 0.564453 0.925781 0.568359 0.933594 0.568359 0.935547 0.566406 0.935547 0.564453 0.937500 0.562500 0.937500 0.558594 0.931641 0.552734 0.927734 0.552734 0.925781 0.554688
0 0.410156 0.558594 0.408203 0.560547 0.414062 0.566406 0.416016 0.566406 0.417969 0.564453 0.412109 0.558594
0 0.294922 0.566406 0.292969 0.568359 0.292969 0.572266 0.294922 0.574219 0.298828 0.570312
0 0.433594 0.568359 0.431641 0.570312 0.431641 0.572266 0.433594 0.574219 0.435547 0.574219 0.437500 0.572266 0.437500 0.570312 0.435547 0.568359
1 0.337891 0.576172 0.339844 0.578125 0.353516 0.578125 0.355469 0.576172 0.351562 0.572266 0.343750 0.572266 0.341797 0.574219 0.339844 0.574219
0 0.400391 0.570312 0.396484 0.574219 0.396484 0.576172 0.400391 0.580078 0.402344 0.580078 0.406250 0.576172 0.406250 0.574219 0.402344 0.570312
0 0.597656 0.572266 0.589844 0.578125 0.576172 0.578125 0.572266 0.582031 0.572266 0.593750 0.580078 0.603516 0.587891 0.603516 0.595703 0.597656 0.595703 0.591797 0.601562 0.580078 0.601562 0.576172
0 0.896484 0.578125 0.892578 0.582031 0.896484 0.585938 0.900391 0.582031
0 0.375000 0.582031 0.373047 0.583984 0.373047 0.587891 0.375000 0.589844 0.376953 0.589844 0.380859 0.585938 0.376953 0.582031
0 0.683594 0.582031 0.681641 0.583984 0.681641 0.585938 0.683594 0.587891 0.685547 0.585938 0.685547 0.583984
0 0.787109 0.583984 0.785156 0.583984 0.781250 0.587891 0.785156 0.591797 0.789062 0.587891 0.789062 0.585938
0 0.439453 0.587891 0.433594 0.593750 0.433594 0.595703 0.431641 0.597656 0.433594 0.599609 0.433594 0.601562 0.435547 0.603516 0.445312 0.603516 0.447266 0.601562 0.447266 0.597656 0.445312 0.595703 0.445312 0.593750
0 0.414062 0.589844 0.410156 0.593750 0.414062 0.597656 0.417969 0.593750
0 0.873047 0.591797 0.871094 0.593750 0.871094 0.595703 0.869141 0.597656 0.871094 0.599609 0.871094 0.601562 0.875000 0.605469 0.876953 0.605469 0.880859 0.601562 0.880859 0.599609 0.882812 0.597656 0.880859 0.595703 0.880859 0.593750 0.878906 0.591797
0 0.607422 0.601562 0.601562 0.607422 0.601562 0.609375 0.605469 0.613281 0.611328 0.613281 0.615234 0.609375 0.615234 0.605469 0.611328 0.601562
0 0.369141 0.607422 0.367188 0.609375 0.369141 0.611328 0.371094 0.609375
0 0.408203 0.613281 0.406250 0.615234 0.406250 0.619141 0.408203 0.621094 0.410156 0.621094 0.412109 0.619141 0.412109 0.615234 0.410156 0.613281
0 0.705078 0.615234 0.703125 0.617188 0.707031 0.621094 0.708984 0.619141 0.708984 0.617188 0.707031 0.615234
0 0.300781 0.617188 0.294922 0.617188 0.292969 0.619141 0.292969 0.621094 0.289062 0.625000 0.289062 0.626953 0.285156 0.630859 0.285156 0.632812 0.289062 0.636719 0.291016 0.634766 0.292969 0.634766 0.304688 0.623047
1 0.509766 0.619141 0.503906 0.625000 0.503906 0.638672 0.511719 0.648438 0.519531 0.648438 0.523438 0.652344 0.523438 0.654297 0.527344 0.656250 0.529297 0.652344 0.523438 0.646484 0.523438 0.625000 0.519531 0.621094
0 0.531250 0.628906 0.537109 0.638672 0.542969 0.638672 0.546875 0.642578 0.548828 0.652344 0.556641 0.658203 0.564453 0.658203 0.576172 0.644531 0.572266 0.638672 0.566406 0.638672 0.564453 0.636719 0.550781 0.638672 0.546875 0.634766 0.546875 0.626953 0.542969 0.623047 0.537109 0.623047
0 0.761719 0.642578 0.759766 0.644531 0.761719 0.646484 0.763672 0.646484 0.765625 0.644531 0.763672 0.642578
0 0.662109 0.646484 0.658203 0.650391 0.662109 0.654297 0.666016 0.650391
0 0.939453 0.660156 0.937500 0.660156 0.935547 0.662109 0.935547 0.664062 0.937500 0.666016 0.941406 0.662109
0 0.886719 0.664062 0.880859 0.669922 0.880859 0.685547 0.888672 0.695312 0.900391 0.695312 0.906250 0.687500 0.906250 0.675781 0.898438 0.666016 0.894531 0.664062
0 0.576172 0.667969 0.574219 0.669922 0.574219 0.671875 0.572266 0.673828 0.572266 0.675781 0.576172 0.679688 0.580078 0.679688 0.583984 0.675781 0.583984 0.673828 0.582031 0.671875 0.582031 0.669922 0.580078 0.667969
0 0.628906 0.669922 0.626953 0.669922 0.625000 0.671875 0.625000 0.673828 0.626953 0.675781 0.630859 0.671875
0 0.431641 0.671875 0.429688 0.671875 0.425781 0.675781 0.425781 0.677734 0.417969 0.685547 0.416016 0.683594 0.412109 0.687500 0.412109 0.689453 0.416016 0.693359 0.429688 0.693359 0.435547 0.687500 0.435547 0.685547 0.437500 0.683594 0.435547 0.681641 0.435547 0.675781
0 0.500000 0.673828 0.486328 0.675781 0.478516 0.687500 0.468750 0.683594 0.462891 0.683594 0.457031 0.687500 0.458984 0.705078 0.464844 0.716797 0.470703 0.718750 0.480469 0.716797 0.488281 0.720703 0.494141 0.716797 0.500000 0.707031 0.505859 0.707031 0.509766 0.703125 0.509766 0.687500
0 0.611328 0.677734 0.597656 0.677734 0.593750 0.679688 0.587891 0.689453 0.587891 0.695312 0.582031 0.701172 0.580078 0.699219 0.570312 0.699219 0.558594 0.710938 0.554688 0.710938 0.548828 0.705078 0.544922 0.705078 0.539062 0.699219 0.537109 0.693359 0.531250 0.697266 0.541016 0.712891 0.544922 0.712891 0.556641 0.720703 0.558594 0.732422 0.564453 0.740234 0.576172 0.740234 0.589844 0.728516 0.589844 0.708984 0.593750 0.705078 0.607422 0.705078 0.617188 0.699219 0.621094 0.685547
0 0.984375 0.689453 0.980469 0.693359 0.980469 0.695312 0.982422 0.697266 0.982422 0.699219 0.984375 0.701172 0.986328 0.701172 0.990234 0.705078 0.992188 0.703125 0.992188 0.699219 0.994141 0.697266 0.994141 0.695312 0.988281 0.689453
0 0.679688 0.699219 0.675781 0.703125 0.675781 0.707031 0.679688 0.710938 0.683594 0.710938 0.687500 0.707031 0.687500 0.703125 0.683594 0.699219
0 0.435547 0.703125 0.429688 0.708984 0.429688 0.716797 0.431641 0.718750 0.431641 0.722656 0.433594 0.724609 0.441406 0.724609 0.443359 0.726562 0.445312 0.726562 0.451172 0.720703 0.451172 0.710938 0.445312 0.705078 0.443359 0.705078 0.441406 0.703125
0 0.849609 0.716797 0.847656 0.718750 0.849609 0.720703 0.851562 0.718750
0 0.839844 0.720703 0.837891 0.722656 0.837891 0.728516 0.841797 0.732422 0.843750 0.730469 0.843750 0.724609
1 0.429688 0.734375 0.423828 0.728516 0.412109 0.728516 0.404297 0.732422 0.382812 0.728516 0.369141 0.742188 0.351562 0.746094 0.347656 0.755859 0.367188 0.777344 0.378906 0.779297 0.394531 0.751953 0.402344 0.748047 0.427734 0.748047 0.431641 0.744141
0 0.476562 0.726562 0.474609 0.728516 0.474609 0.730469 0.478516 0.734375 0.482422 0.730469 0.478516 0.726562
0 0.878906 0.726562 0.875000 0.726562 0.869141 0.732422 0.869141 0.744141 0.873047 0.748047 0.875000 0.748047 0.876953 0.746094 0.878906 0.746094 0.882812 0.742188 0.882812 0.738281 0.884766 0.736328 0.884766 0.732422
0 0.333984 0.732422 0.332031 0.734375 0.332031 0.736328 0.330078 0.738281 0.333984 0.742188 0.337891 0.742188 0.339844 0.740234 0.339844 0.738281 0.337891 0.736328 0.337891 0.734375 0.335938 0.732422
0 0.759766 0.730469 0.755859 0.734375 0.755859 0.736328 0.753906 0.738281 0.755859 0.740234 0.755859 0.742188 0.757812 0.744141 0.759766 0.742188 0.761719 0.742188 0.765625 0.738281 0.763672 0.736328 0.765625 0.734375 0.763672 0.732422 0.761719 0.732422
0 0.734375 0.751953 0.730469 0.755859 0.730469 0.757812 0.728516 0.759766 0.728516 0.763672 0.732422 0.767578 0.738281 0.767578 0.742188 0.763672 0.740234 0.761719 0.742188 0.759766 0.740234 0.757812 0.740234 0.755859 0.738281 0.753906 0.736328 0.753906
0 0.849609 0.751953 0.849609 0.753906 0.855469 0.759766 0.859375 0.759766 0.863281 0.755859 0.861328 0.753906 0.861328 0.751953 0.859375 0.750000 0.857422 0.751953 0.853516 0.751953 0.851562 0.750000
0 0.896484 0.751953 0.890625 0.751953 0.888672 0.753906 0.886719 0.753906 0.880859 0.759766 0.880859 0.761719 0.878906 0.763672 0.878906 0.767578 0.884766 0.773438 0.890625 0.773438 0.892578 0.771484 0.894531 0.771484 0.900391 0.765625 0.900391 0.763672 0.902344 0.761719 0.902344 0.757812
0 0.933594 0.753906 0.933594 0.759766 0.937500 0.763672 0.941406 0.763672 0.947266 0.769531 0.955078 0.769531 0.958984 0.765625 0.958984 0.761719 0.955078 0.757812 0.953125 0.757812 0.951172 0.755859 0.949219 0.757812 0.939453 0.751953 0.935547 0.751953
0 0.787109 0.763672 0.785156 0.765625 0.787109 0.767578 0.789062 0.765625
0 0.439453 0.767578 0.435547 0.767578 0.429688 0.771484 0.429688 0.783203 0.433594 0.787109 0.437500 0.787109 0.445312 0.779297 0.445312 0.775391 0.443359 0.773438 0.443359 0.771484
1 0.820312 0.767578 0.818359 0.769531 0.814453 0.769531 0.808594 0.775391 0.808594 0.777344 0.812500 0.781250 0.822266 0.771484 0.822266 0.769531
0 0.773438 0.771484 0.771484 0.773438 0.771484 0.777344 0.773438 0.779297 0.775391 0.779297 0.779297 0.775391 0.775391 0.771484
0 0.794922 0.777344 0.792969 0.779297 0.791016 0.779297 0.789062 0.781250 0.792969 0.785156 0.794922 0.785156 0.796875 0.783203 0.796875 0.779297
0 0.378906 0.791016 0.376953 0.792969 0.378906 0.794922 0.380859 0.792969
0 0.701172 0.791016 0.697266 0.791016 0.695312 0.792969 0.695312 0.794922 0.699219 0.798828 0.703125 0.794922 0.703125 0.792969
0 0.779297 0.789062 0.777344 0.791016 0.777344 0.792969 0.779297 0.794922 0.781250 0.792969 0.781250 0.791016
0 0.699219 0.802734 0.695312 0.806641 0.695312 0.808594 0.699219 0.812500 0.701172 0.812500 0.703125 0.810547 0.703125 0.806641
0 0.851562 0.802734 0.849609 0.804688 0.851562 0.806641 0.853516 0.804688
0 0.939453 0.810547 0.937500 0.812500 0.941406 0.816406 0.943359 0.816406 0.945312 0.814453 0.945312 0.812500 0.943359 0.810547
0 0.960938 0.810547 0.957031 0.814453 0.957031 0.816406 0.960938 0.820312 0.962891 0.820312 0.966797 0.816406 0.966797 0.814453 0.962891 0.810547
0 0.912109 0.826172 0.910156 0.828125 0.912109 0.830078 0.914062 0.828125
0 0.873047 0.843750 0.869141 0.849609 0.869141 0.855469 0.876953 0.863281 0.878906 0.871094 0.884766 0.876953 0.892578 0.876953 0.906250 0.886719 0.914062 0.888672 0.917969 0.884766 0.919922 0.876953 0.914062 0.869141 0.912109 0.847656 0.900391 0.839844 0.884766 0.839844
0 0.380859 0.847656 0.378906 0.849609 0.378906 0.867188 0.382812 0.873047 0.384766 0.871094 0.388672 0.871094 0.390625 0.869141 0.392578 0.863281 0.390625 0.861328 0.390625 0.859375 0.386719 0.855469 0.386719 0.851562 0.382812 0.847656
0 0.759766 0.851562 0.755859 0.855469 0.755859 0.859375 0.759766 0.863281 0.765625 0.863281 0.767578 0.861328 0.767578 0.857422 0.765625 0.855469 0.765625 0.853516 0.763672 0.851562
1 0.996094 0.855469 0.994141 0.857422 0.992188 0.857422 0.988281 0.863281 0.988281 0.873047 0.992188 0.876953 0.992188 0.878906 0.998047 0.882812 0.998047 0.855469
0 0.644531 0.871094 0.642578 0.873047 0.642578 0.878906 0.646484 0.882812 0.650391 0.882812 0.654297 0.878906 0.654297 0.875000 0.650391 0.871094
0 0.736328 0.871094 0.732422 0.871094 0.728516 0.875000 0.728516 0.880859 0.730469 0.882812 0.734375 0.882812 0.738281 0.878906 0.738281 0.876953 0.740234 0.875000
0 0.332031 0.876953 0.330078 0.878906 0.332031 0.880859 0.333984 0.880859 0.335938 0.878906 0.333984 0.876953
0 0.605469 0.876953 0.603516 0.878906 0.603516 0.882812 0.605469 0.884766 0.607422 0.884766 0.609375 0.886719 0.613281 0.882812 0.613281 0.878906 0.611328 0.876953
0 0.792969 0.875000 0.789062 0.878906 0.789062 0.886719 0.792969 0.890625 0.798828 0.884766 0.798828 0.880859
0 0.957031 0.875000 0.949219 0.875000 0.939453 0.884766 0.939453 0.890625 0.947266 0.898438 0.949219 0.898438 0.951172 0.900391 0.953125 0.900391 0.958984 0.896484 0.958984 0.894531 0.960938 0.892578 0.960938 0.888672 0.962891 0.886719 0.962891 0.882812
0 0.830078 0.884766 0.826172 0.888672 0.826172 0.890625 0.828125 0.892578 0.832031 0.892578 0.833984 0.890625 0.833984 0.888672
0 0.650391 0.900391 0.666016 0.919922 0.683594 0.919922 0.689453 0.914062 0.689453 0.904297 0.687500 0.900391 0.677734 0.894531 0.660156 0.894531 0.658203 0.896484 0.654297 0.896484
0 0.789062 0.939453 0.785156 0.943359 0.785156 0.947266 0.787109 0.949219 0.789062 0.949219 0.791016 0.947266 0.791016 0.941406
0 0.859375 0.937500 0.853516 0.941406 0.849609 0.951172 0.853516 0.955078 0.857422 0.964844 0.861328 0.968750 0.863281 0.968750 0.869141 0.964844 0.869141 0.960938 0.871094 0.958984 0.871094 0.955078 0.873047 0.953125 0.873047 0.951172 0.869141 0.947266 0.869141 0.945312 0.863281 0.939453 0.861328 0.939453
0 0.837891 0.947266 0.833984 0.947266 0.832031 0.949219 0.832031 0.953125 0.835938 0.957031 0.839844 0.953125 0.839844 0.949219
0 0.744141 0.949219 0.740234 0.953125 0.740234 0.957031 0.742188 0.958984 0.744141 0.958984 0.746094 0.960938 0.748047 0.958984 0.748047 0.957031 0.750000 0.955078 0.750000 0.953125 0.748047 0.951172 0.746094 0.951172
0 0.878906 0.949219 0.876953 0.951172 0.878906 0.953125 0.880859 0.953125 0.882812 0.951172 0.880859 0.949219
0 0.287109 0.953125 0.281250 0.958984 0.281250 0.960938 0.283203 0.962891 0.285156 0.962891 0.287109 0.964844 0.291016 0.960938 0.291016 0.957031
0 0.681641 0.957031 0.675781 0.955078 0.673828 0.957031 0.671875 0.957031 0.664062 0.964844 0.664062 0.966797 0.662109 0.968750 0.662109 0.976562 0.666016 0.980469 0.669922 0.980469 0.671875 0.978516 0.677734 0.976562 0.683594 0.970703 0.683594 0.968750 0.685547 0.966797 0.685547 0.960938
0 0.699219 0.953125 0.695312 0.957031 0.695312 0.958984 0.701172 0.964844 0.703125 0.964844 0.707031 0.960938 0.707031 0.957031 0.703125 0.953125
0 0.261719 0.974609 0.257812 0.978516 0.257812 0.984375 0.261719 0.988281 0.265625 0.988281 0.269531 0.984375 0.269531 0.978516 0.265625 0.974609
0 0.808594 0.972656 0.802734 0.978516 0.802734 0.982422 0.804688 0.984375 0.804688 0.986328 0.808594 0.990234 0.816406 0.990234 0.822266 0.984375 0.822266 0.980469 0.814453 0.972656
0 0.949219 0.988281 0.949219 0.994141 0.951172 0.998047 0.978516 0.998047 0.980469 0.984375 0.970703 0.976562 0.966797 0.974609 0.960938 0.974609 0.951172 0.984375
0 0.904297 0.976562 0.896484 0.976562 0.892578 0.980469 0.892578 0.984375 0.890625 0.986328 0.892578 0.992188 0.894531 0.994141 0.896484 0.994141 0.900391 0.998047 0.904297 0.994141 0.906250 0.994141 0.910156 0.988281 0.910156 0.984375 0.908203 0.982422 0.908203 0.980469
0 0.591797 0.982422 0.587891 0.986328 0.587891 0.990234 0.589844 0.992188 0.591797 0.998047 0.603516 0.998047 0.603516 0.994141 0.605469 0.992188 0.605469 0.988281 0.607422 0.986328 0.607422 0.984375 0.603516 0.980469 0.595703 0.980469 0.593750 0.982422
0 0.738281 0.996094 0.738281 0.998047 0.744141 0.998047 0.744141 0.996094 0.742188 0.994141 0.740234 0.994141
0 0.847656 0.998047 0.857422 0.998047 0.853516 0.994141 0.851562 0.994141
