0 0.921875 0.070312 0.919922 0.072266 0.919922 0.078125 0.923828 0.082031 0.927734 0.082031 0.931641 0.078125 0.931641 0.076172 0.929688 0.074219 0.929688 0.072266 0.927734 0.070312
0 0.244141 0.107422 0.240234 0.107422 0.238281 0.109375 0.238281 0.111328 0.242188 0.115234 0.246094 0.111328 0.246094 0.109375
1 0.257812 0.115234 0.257812 0.117188 0.271484 0.130859 0.279297 0.130859 0.283203 0.126953 0.283203 0.125000 0.279297 0.121094 0.273438 0.121094 0.265625 0.111328 0.261719 0.111328
1 0.095703 0.246094 0.000000 0.210938 0.000000 0.292969 0.089844 0.283203 0.140625 0.371094 0.095703 0.433594 0.000000 0.373047 0.000000 0.482422 0.050781 0.568359 0.224609 0.568359 0.207031 0.648438 0.087891 0.685547 0.166016 0.712891 0.146484 0.839844 0.222656 0.710938 0.337891 0.701172 0.359375 0.748047 0.312500 0.732422 0.351562 0.787109 0.236328 0.845703 0.228516 0.902344 0.384766 0.806641 0.400391 0.884766 0.296875 0.998047 0.447266 0.980469 0.500000 0.906250 0.527344 0.927734 0.546875 0.849609 0.482422 0.851562 0.423828 0.761719 0.367188 0.791016 0.349609 0.687500 0.400391 0.607422 0.388672 0.537109 0.326172 0.494141 0.234375 0.513672 0.160156 0.425781 0.185547 0.382812 0.113281 0.261719 0.214844 0.125000
0 0.292969 0.132812 0.289062 0.132812 0.283203 0.138672 0.281250 0.138672 0.275391 0.148438 0.275391 0.156250 0.281250 0.162109 0.285156 0.162109 0.291016 0.156250 0.291016 0.148438 0.294922 0.142578 0.294922 0.134766
0 0.312500 0.134766 0.310547 0.136719 0.310547 0.140625 0.314453 0.144531 0.316406 0.142578 0.316406 0.138672
0 0.412109 0.169922 0.410156 0.171875 0.412109 0.173828 0.414062 0.173828 0.416016 0.171875 0.414062 0.169922
0 0.423828 0.181641 0.421875 0.183594 0.423828 0.185547 0.425781 0.183594
0 0.408203 0.187500 0.400391 0.187500 0.398438 0.189453 0.396484 0.189453 0.394531 0.191406 0.394531 0.193359 0.392578 0.195312 0.392578 0.197266 0.398438 0.203125 0.404297 0.203125 0.406250 0.201172 0.408203 0.201172 0.412109 0.195312 0.412109 0.191406
0 0.958984 0.246094 0.953125 0.251953 0.953125 0.255859 0.955078 0.257812 0.955078 0.259766 0.958984 0.263672 0.962891 0.263672 0.966797 0.259766 0.966797 0.253906
0 0.777344 0.312500 0.775391 0.314453 0.775391 0.318359 0.777344 0.320312 0.779297 0.320312 0.781250 0.318359 0.781250 0.314453 0.779297 0.312500
0 0.205078 0.322266 0.203125 0.322266 0.201172 0.324219 0.201172 0.328125 0.203125 0.330078 0.205078 0.328125 0.205078 0.326172 0.207031 0.324219
0 0.185547 0.328125 0.183594 0.330078 0.185547 0.332031 0.187500 0.330078
0 0.785156 0.330078 0.781250 0.333984 0.785156 0.337891 0.789062 0.337891 0.791016 0.335938 0.791016 0.333984 0.787109 0.330078
0 0.164062 0.335938 0.162109 0.337891 0.162109 0.339844 0.164062 0.341797 0.166016 0.341797 0.167969 0.339844 0.167969 0.337891 0.166016 0.335938
0 0.898438 0.341797 0.898438 0.343750 0.900391 0.345703 0.902344 0.345703 0.904297 0.347656 0.910156 0.347656 0.914062 0.343750 0.910156 0.339844 0.900391 0.339844
0 0.763672 0.343750 0.761719 0.345703 0.761719 0.349609 0.763672 0.351562 0.765625 0.351562 0.767578 0.349609 0.767578 0.345703 0.765625 0.343750
0 0.171875 0.355469 0.169922 0.357422 0.169922 0.359375 0.171875 0.361328 0.175781 0.361328 0.177734 0.359375 0.173828 0.355469
0 0.857422 0.369141 0.855469 0.371094 0.855469 0.373047 0.857422 0.375000 0.859375 0.375000 0.861328 0.373047 0.861328 0.371094 0.859375 0.369141
0 0.042969 0.384766 0.044922 0.386719 0.044922 0.390625 0.054688 0.398438 0.056641 0.396484 0.058594 0.398438 0.066406 0.390625 0.066406 0.386719 0.068359 0.384766 0.066406 0.382812 0.056641 0.388672 0.052734 0.388672 0.046875 0.382812 0.044922 0.382812
0 0.236328 0.382812 0.232422 0.386719 0.232422 0.388672 0.236328 0.392578 0.238281 0.392578 0.242188 0.388672 0.240234 0.386719 0.240234 0.384766 0.238281 0.382812
0 0.093750 0.394531 0.091797 0.396484 0.093750 0.398438 0.095703 0.396484
0 0.238281 0.400391 0.240234 0.402344 0.246094 0.402344 0.248047 0.400391 0.246094 0.398438 0.240234 0.398438
0 0.210938 0.406250 0.208984 0.408203 0.208984 0.410156 0.210938 0.412109 0.212891 0.412109 0.214844 0.410156 0.214844 0.408203 0.212891 0.406250
0 0.890625 0.406250 0.886719 0.410156 0.886719 0.412109 0.890625 0.416016 0.894531 0.412109 0.894531 0.410156
0 0.873047 0.412109 0.867188 0.417969 0.871094 0.421875 0.875000 0.421875 0.876953 0.419922 0.876953 0.416016
0 0.212891 0.419922 0.210938 0.417969 0.207031 0.417969 0.203125 0.421875 0.203125 0.423828 0.201172 0.425781 0.203125 0.427734 0.207031 0.427734 0.208984 0.425781 0.210938 0.425781 0.212891 0.423828
0 0.351562 0.423828 0.347656 0.423828 0.343750 0.427734 0.347656 0.431641 0.349609 0.431641 0.353516 0.427734 0.353516 0.425781
0 0.253906 0.433594 0.251953 0.435547 0.251953 0.439453 0.253906 0.441406 0.255859 0.439453 0.255859 0.435547
0 0.275391 0.445312 0.273438 0.447266 0.275391 0.449219 0.277344 0.449219 0.279297 0.447266 0.277344 0.445312
0 0.681641 0.453125 0.677734 0.453125 0.673828 0.457031 0.673828 0.458984 0.677734 0.462891 0.679688 0.462891 0.683594 0.458984 0.683594 0.455078
0 0.523438 0.457031 0.519531 0.460938 0.523438 0.464844 0.527344 0.460938
0 0.265625 0.464844 0.261719 0.468750 0.261719 0.470703 0.265625 0.474609 0.269531 0.470703 0.269531 0.468750
0 0.320312 0.466797 0.318359 0.466797 0.316406 0.468750 0.316406 0.470703 0.318359 0.472656 0.322266 0.468750
0 0.302734 0.468750 0.296875 0.474609 0.296875 0.478516 0.302734 0.484375 0.304688 0.484375 0.308594 0.480469 0.308594 0.476562 0.310547 0.474609 0.304688 0.468750
0 0.576172 0.494141 0.574219 0.496094 0.574219 0.498047 0.578125 0.501953 0.580078 0.501953 0.583984 0.498047 0.580078 0.494141
0 0.763672 0.492188 0.755859 0.498047 0.753906 0.507812 0.759766 0.515625 0.767578 0.519531 0.769531 0.517578 0.773438 0.517578 0.777344 0.513672 0.779297 0.509766 0.779297 0.500000 0.769531 0.492188 0.765625 0.494141
0 0.425781 0.498047 0.421875 0.498047 0.419922 0.500000 0.417969 0.500000 0.414062 0.503906 0.414062 0.505859 0.419922 0.511719 0.421875 0.509766 0.425781 0.509766 0.429688 0.505859 0.429688 0.501953
0 0.544922 0.507812 0.541016 0.511719 0.541016 0.513672 0.542969 0.515625 0.544922 0.515625 0.546875 0.513672 0.546875 0.509766
0 0.574219 0.533203 0.578125 0.535156 0.585938 0.529297 0.601562 0.544922 0.611328 0.542969 0.621094 0.546875 0.623047 0.539062 0.619141 0.535156 0.623047 0.531250 0.625000 0.513672 0.603516 0.507812 0.591797 0.515625 0.591797 0.519531
0 0.451172 0.519531 0.447266 0.519531 0.445312 0.517578 0.439453 0.523438 0.439453 0.529297 0.443359 0.533203 0.445312 0.533203 0.453125 0.525391 0.453125 0.521484
0 0.527344 0.544922 0.525391 0.546875 0.527344 0.548828 0.529297 0.548828 0.531250 0.546875 0.529297 0.544922
0 0.572266 0.546875 0.570312 0.544922 0.566406 0.544922 0.564453 0.546875 0.560547 0.546875 0.556641 0.550781 0.556641 0.552734 0.558594 0.554688 0.566406 0.554688 0.572266 0.548828
0 0.792969 0.566406 0.779297 0.580078 0.779297 0.585938 0.785156 0.591797 0.787109 0.591797 0.794922 0.583984 0.794922 0.572266 0.796875 0.570312
0 0.439453 0.570312 0.437500 0.572266 0.441406 0.576172 0.443359 0.574219 0.443359 0.572266 0.441406 0.570312
0 0.748047 0.578125 0.744141 0.582031 0.744141 0.585938 0.748047 0.589844 0.753906 0.589844 0.757812 0.585938 0.757812 0.583984 0.751953 0.578125
0 0.509766 0.583984 0.507812 0.585938 0.507812 0.587891 0.509766 0.589844 0.511719 0.587891 0.511719 0.585938
0 0.871094 0.583984 0.863281 0.583984 0.859375 0.587891 0.859375 0.591797 0.857422 0.593750 0.857422 0.595703 0.863281 0.601562 0.865234 0.599609 0.867188 0.599609 0.869141 0.597656 0.871094 0.597656 0.875000 0.591797 0.875000 0.587891
0 0.601562 0.597656 0.580078 0.621094 0.580078 0.628906 0.572266 0.638672 0.576172 0.642578 0.574219 0.660156 0.578125 0.664062 0.585938 0.662109 0.589844 0.666016 0.601562 0.662109 0.621094 0.666016 0.626953 0.660156 0.615234 0.642578 0.621094 0.626953 0.611328 0.615234 0.609375 0.601562
0 0.638672 0.605469 0.636719 0.607422 0.638672 0.609375 0.640625 0.607422
0 0.742188 0.619141 0.740234 0.621094 0.740234 0.625000 0.744141 0.628906 0.748047 0.625000 0.748047 0.623047 0.744141 0.619141
0 0.808594 0.662109 0.806641 0.664062 0.808594 0.666016 0.810547 0.664062
0 0.884766 0.667969 0.882812 0.669922 0.882812 0.671875 0.886719 0.675781 0.888672 0.675781 0.890625 0.673828 0.890625 0.671875 0.886719 0.667969
0 0.441406 0.673828 0.439453 0.675781 0.439453 0.677734 0.441406 0.679688 0.443359 0.677734 0.443359 0.675781
0 0.623047 0.675781 0.615234 0.683594 0.615234 0.691406 0.621094 0.697266 0.626953 0.697266 0.632812 0.691406 0.632812 0.685547 0.630859 0.683594 0.628906 0.677734 0.626953 0.675781
0 0.857422 0.675781 0.851562 0.681641 0.851562 0.683594 0.855469 0.687500 0.857422 0.687500 0.859375 0.689453 0.863281 0.685547 0.863281 0.681641
0 0.644531 0.685547 0.640625 0.689453 0.640625 0.695312 0.644531 0.699219 0.648438 0.699219 0.652344 0.695312 0.652344 0.693359 0.654297 0.691406 0.648438 0.685547
0 0.695312 0.695312 0.693359 0.697266 0.693359 0.699219 0.697266 0.703125 0.699219 0.703125 0.701172 0.701172 0.701172 0.699219 0.703125 0.697266 0.701172 0.695312
0 0.773438 0.699219 0.769531 0.703125 0.769531 0.708984 0.771484 0.710938 0.769531 0.712891 0.773438 0.716797 0.779297 0.718750 0.785156 0.714844 0.785156 0.710938 0.787109 0.708984 0.787109 0.703125 0.781250 0.699219
0 0.617188 0.708984 0.615234 0.710938 0.613281 0.710938 0.611328 0.712891 0.611328 0.716797 0.613281 0.718750 0.617188 0.718750 0.619141 0.716797 0.619141 0.714844 0.621094 0.712891
0 0.423828 0.718750 0.421875 0.720703 0.423828 0.722656 0.425781 0.720703
0 0.630859 0.722656 0.626953 0.726562 0.628906 0.728516 0.630859 0.728516 0.632812 0.726562 0.632812 0.724609
0 0.685547 0.724609 0.679688 0.730469 0.679688 0.732422 0.681641 0.734375 0.683594 0.734375 0.685547 0.736328 0.687500 0.734375 0.687500 0.732422 0.689453 0.730469 0.689453 0.728516
0 0.474609 0.734375 0.468750 0.740234 0.468750 0.742188 0.474609 0.748047 0.480469 0.748047 0.482422 0.746094 0.482422 0.738281 0.478516 0.734375
0 0.404297 0.740234 0.402344 0.742188 0.404297 0.744141 0.406250 0.744141 0.408203 0.742188 0.406250 0.740234
0 0.494141 0.742188 0.498047 0.746094 0.501953 0.746094 0.503906 0.744141 0.500000 0.740234 0.496094 0.740234
0 0.816406 0.755859 0.814453 0.757812 0.814453 0.759766 0.816406 0.761719 0.818359 0.761719 0.820312 0.759766
0 0.830078 0.755859 0.826172 0.759766 0.826172 0.761719 0.828125 0.763672 0.832031 0.763672 0.833984 0.761719 0.833984 0.759766
0 0.437500 0.757812 0.435547 0.759766 0.435547 0.761719 0.433594 0.763672 0.439453 0.769531 0.441406 0.767578 0.441406 0.763672 0.439453 0.761719 0.439453 0.759766
0 0.681641 0.759766 0.679688 0.761719 0.679688 0.767578 0.681641 0.769531 0.683594 0.767578 0.685547 0.767578 0.687500 0.765625 0.687500 0.763672 0.685547 0.761719 0.683594 0.761719
0 0.935547 0.767578 0.931641 0.771484 0.933594 0.773438 0.933594 0.775391 0.935547 0.777344 0.939453 0.773438 0.939453 0.771484
0 0.841797 0.769531 0.837891 0.773438 0.843750 0.779297 0.845703 0.779297 0.849609 0.775391 0.849609 0.773438 0.845703 0.769531
0 0.900391 0.771484 0.894531 0.771484 0.892578 0.773438 0.892578 0.775391 0.888672 0.779297 0.894531 0.785156 0.896484 0.785156 0.898438 0.783203 0.900391 0.783203 0.902344 0.781250 0.902344 0.779297 0.904297 0.777344 0.904297 0.775391
0 0.656250 0.773438 0.654297 0.775391 0.654297 0.777344 0.656250 0.779297 0.658203 0.777344 0.658203 0.775391
1 0.849609 0.791016 0.843750 0.794922 0.843750 0.804688 0.847656 0.808594 0.847656 0.812500 0.837891 0.822266 0.841797 0.830078 0.843750 0.830078 0.853516 0.820312 0.849609 0.812500 0.859375 0.802734 0.859375 0.796875
0 0.562500 0.808594 0.558594 0.812500 0.558594 0.816406 0.560547 0.818359 0.562500 0.818359 0.564453 0.820312 0.568359 0.820312 0.570312 0.818359 0.570312 0.812500 0.566406 0.808594
0 0.982422 0.812500 0.968750 0.810547 0.960938 0.818359 0.947266 0.820312 0.941406 0.826172 0.943359 0.830078 0.937500 0.841797 0.937500 0.857422 0.945312 0.867188 0.962891 0.865234 0.970703 0.859375 0.972656 0.845703 0.988281 0.830078 0.988281 0.820312
0 0.488281 0.822266 0.484375 0.826172 0.488281 0.830078 0.490234 0.830078 0.492188 0.828125 0.492188 0.826172
0 0.507812 0.820312 0.501953 0.826172 0.501953 0.828125 0.503906 0.830078 0.503906 0.832031 0.507812 0.835938 0.511719 0.835938 0.515625 0.832031 0.515625 0.826172 0.509766 0.820312
0 0.917969 0.820312 0.916016 0.822266 0.917969 0.824219 0.919922 0.822266
0 0.722656 0.835938 0.714844 0.841797 0.708984 0.841797 0.703125 0.847656 0.703125 0.855469 0.707031 0.861328 0.705078 0.867188 0.708984 0.871094 0.714844 0.871094 0.722656 0.880859 0.730469 0.880859 0.738281 0.873047 0.732422 0.867188 0.722656 0.867188 0.718750 0.871094 0.714844 0.867188 0.718750 0.859375 0.734375 0.845703 0.734375 0.841797 0.728516 0.835938
0 0.787109 0.837891 0.785156 0.839844 0.783203 0.839844 0.781250 0.841797 0.781250 0.845703 0.787109 0.851562 0.789062 0.849609 0.791016 0.849609 0.794922 0.845703 0.794922 0.843750 0.791016 0.839844 0.789062 0.839844
0 0.927734 0.884766 0.921875 0.890625 0.921875 0.904297 0.935547 0.916016 0.949219 0.916016 0.955078 0.910156 0.955078 0.906250 0.957031 0.904297 0.955078 0.902344 0.958984 0.894531 0.957031 0.886719 0.951172 0.882812 0.943359 0.882812 0.941406 0.880859 0.939453 0.882812 0.931641 0.882812
0 0.880859 0.882812 0.873047 0.888672 0.867188 0.888672 0.859375 0.898438 0.861328 0.902344 0.861328 0.917969 0.867188 0.923828 0.873047 0.923828 0.876953 0.921875 0.880859 0.916016 0.880859 0.892578 0.884766 0.886719
0 0.984375 0.882812 0.980469 0.886719 0.980469 0.894531 0.984375 0.898438 0.986328 0.898438 0.988281 0.896484 0.990234 0.896484 0.992188 0.894531 0.992188 0.888672 0.986328 0.882812
0 0.667969 0.917969 0.666016 0.923828 0.681641 0.949219 0.691406 0.949219 0.703125 0.941406 0.712891 0.955078 0.720703 0.955078 0.726562 0.943359 0.720703 0.937500 0.708984 0.935547 0.701172 0.925781 0.705078 0.921875 0.734375 0.923828 0.738281 0.914062 0.732422 0.908203 0.695312 0.902344 0.683594 0.914062
1 0.642578 0.914062 0.632812 0.906250 0.611328 0.906250 0.595703 0.933594 0.558594 0.929688 0.539062 0.951172 0.544922 0.958984 0.550781 0.957031 0.566406 0.964844 0.599609 0.947266 0.611328 0.931641 0.638672 0.925781
0 0.968750 0.910156 0.966797 0.912109 0.966797 0.916016 0.970703 0.919922 0.972656 0.919922 0.976562 0.916016 0.976562 0.912109 0.974609 0.910156
0 0.818359 0.914062 0.812500 0.919922 0.812500 0.923828 0.818359 0.929688 0.820312 0.929688 0.822266 0.931641 0.828125 0.931641 0.833984 0.925781 0.833984 0.923828 0.826172 0.916016 0.824219 0.916016 0.822266 0.914062
0 0.908203 0.917969 0.906250 0.919922 0.906250 0.925781 0.910156 0.929688 0.912109 0.929688 0.916016 0.925781 0.916016 0.921875 0.912109 0.917969
1 0.900391 0.941406 0.896484 0.941406 0.890625 0.947266 0.890625 0.951172 0.886719 0.955078 0.882812 0.955078 0.876953 0.960938 0.876953 0.964844 0.882812 0.970703 0.886719 0.968750 0.894531 0.960938 0.898438 0.962891 0.904297 0.957031 0.904297 0.945312
0 0.837891 0.945312 0.833984 0.949219 0.837891 0.953125 0.839844 0.951172 0.839844 0.947266
1 0.804688 0.953125 0.798828 0.957031 0.800781 0.962891 0.787109 0.974609 0.789062 0.980469 0.796875 0.988281 0.794922 0.994141 0.791016 0.998047 0.808594 0.998047 0.810547 0.996094 0.810547 0.982422 0.804688 0.972656 0.804688 0.968750 0.810547 0.958984
0 0.876953 0.984375 0.869141 0.968750 0.863281 0.962891 0.855469 0.964844 0.845703 0.976562 0.833984 0.966797 0.828125 0.966797 0.820312 0.974609 0.820312 0.980469 0.830078 0.998047 0.878906 0.998047
0 0.669922 0.964844 0.667969 0.966797 0.667969 0.968750 0.671875 0.972656 0.675781 0.968750 0.671875 0.964844
0 0.703125 0.964844 0.701172 0.966797 0.701172 0.968750 0.703125 0.970703 0.707031 0.970703 0.708984 0.968750 0.708984 0.966797 0.707031 0.964844
0 0.513672 0.984375 0.509766 0.988281 0.509766 0.994141 0.511719 0.996094 0.511719 0.998047 0.519531 0.998047 0.519531 0.994141 0.521484 0.992188 0.521484 0.990234 0.519531 0.988281 0.519531 0.986328 0.517578 0.984375
0 0.662109 0.990234 0.662109 0.996094 0.664062 0.998047 0.677734 0.998047 0.677734 0.990234 0.671875 0.984375 0.667969 0.984375
0 0.720703 0.986328 0.718750 0.988281 0.718750 0.990234 0.720703 0.992188 0.722656 0.992188 0.724609 0.990234 0.724609 0.988281 0.722656 0.986328
1 0.693359 0.998047 0.710938 0.998047 0.705078 0.992188 0.703125 0.992188 0.701172 0.990234
1 0.951172 0.998047 0.957031 0.998047 0.955078 0.996094 0.953125 0.996094
