0 0.421875 0.013672 0.419922 0.015625 0.421875 0.017578 0.423828 0.015625
0 0.570312 0.097656 0.566406 0.101562 0.572266 0.107422 0.576172 0.103516 0.576172 0.101562 0.572266 0.097656
0 0.210938 0.111328 0.208984 0.113281 0.208984 0.115234 0.210938 0.117188 0.212891 0.117188 0.214844 0.115234 0.214844 0.113281 0.212891 0.111328
1 0.001953 0.152344 0.000000 0.201172 0.054688 0.136719 0.076172 0.164062 0.003906 0.230469 0.000000 0.519531 0.042969 0.636719 0.128906 0.683594 0.050781 0.734375 0.042969 0.796875 0.283203 0.722656 0.300781 0.773438 0.230469 0.947266 0.425781 0.998047 0.347656 0.937500 0.490234 0.927734 0.548828 0.873047 0.542969 0.921875 0.644531 0.937500 0.654297 0.847656 0.496094 0.732422 0.500000 0.685547 0.449219 0.792969 0.525391 0.755859 0.525391 0.824219 0.562500 0.789062 0.593750 0.855469 0.265625 0.904297 0.294922 0.714844 0.394531 0.636719 0.287109 0.515625 0.136719 0.476562 0.199219 0.378906 0.091797 0.453125 0.031250 0.316406 0.115234 0.273438 0.142578 0.175781 0.093750 0.126953
0 0.240234 0.169922 0.238281 0.169922 0.236328 0.171875 0.236328 0.173828 0.234375 0.175781 0.234375 0.179688 0.236328 0.181641 0.240234 0.181641 0.244141 0.177734 0.244141 0.173828
0 0.281250 0.175781 0.277344 0.179688 0.277344 0.181641 0.281250 0.185547 0.287109 0.185547 0.291016 0.181641 0.291016 0.179688 0.287109 0.175781
0 0.261719 0.197266 0.259766 0.199219 0.259766 0.201172 0.261719 0.203125 0.263672 0.201172 0.263672 0.199219
0 0.345703 0.205078 0.343750 0.207031 0.343750 0.210938 0.345703 0.212891 0.347656 0.212891 0.351562 0.208984 0.347656 0.205078
0 0.322266 0.208984 0.312500 0.220703 0.316406 0.224609 0.332031 0.224609 0.335938 0.228516 0.335938 0.230469 0.330078 0.236328 0.328125 0.236328 0.326172 0.238281 0.318359 0.238281 0.314453 0.242188 0.314453 0.246094 0.318359 0.250000 0.322266 0.250000 0.324219 0.251953 0.326172 0.250000 0.328125 0.251953 0.330078 0.251953 0.333984 0.246094 0.333984 0.242188 0.335938 0.240234 0.335938 0.238281 0.339844 0.234375 0.337891 0.232422 0.345703 0.224609 0.337891 0.218750 0.332031 0.218750 0.326172 0.212891 0.326172 0.210938 0.324219 0.208984
0 0.689453 0.222656 0.685547 0.226562 0.685547 0.228516 0.689453 0.232422 0.693359 0.232422 0.697266 0.228516 0.697266 0.224609 0.695312 0.222656
0 0.263672 0.232422 0.261719 0.234375 0.261719 0.238281 0.265625 0.242188 0.267578 0.242188 0.271484 0.238281 0.271484 0.236328 0.267578 0.232422
0 0.363281 0.242188 0.361328 0.244141 0.361328 0.246094 0.365234 0.250000 0.369141 0.246094 0.365234 0.242188
0 0.443359 0.242188 0.441406 0.244141 0.443359 0.246094 0.445312 0.244141
0 0.281250 0.255859 0.277344 0.259766 0.277344 0.263672 0.283203 0.269531 0.291016 0.269531 0.296875 0.263672 0.296875 0.261719 0.298828 0.259766 0.292969 0.253906 0.285156 0.253906 0.283203 0.255859
1 0.361328 0.265625 0.353516 0.259766 0.343750 0.259766 0.335938 0.253906 0.332031 0.261719 0.337891 0.273438 0.310547 0.304688 0.298828 0.306641 0.294922 0.310547 0.296875 0.322266 0.292969 0.326172 0.277344 0.328125 0.271484 0.332031 0.257812 0.330078 0.251953 0.339844 0.259766 0.343750 0.271484 0.337891 0.285156 0.337891 0.294922 0.333984 0.298828 0.330078 0.294922 0.324219 0.298828 0.320312 0.310547 0.318359 0.322266 0.308594 0.324219 0.300781 0.339844 0.289062 0.339844 0.283203 0.345703 0.277344 0.353516 0.279297 0.363281 0.271484
1 0.492188 0.253906 0.484375 0.253906 0.480469 0.257812 0.478516 0.257812 0.476562 0.259766 0.470703 0.259766 0.466797 0.263672 0.466797 0.265625 0.464844 0.267578 0.464844 0.269531 0.466797 0.271484 0.466797 0.273438 0.468750 0.275391 0.468750 0.283203 0.470703 0.285156 0.472656 0.285156 0.474609 0.283203 0.474609 0.281250 0.472656 0.279297 0.472656 0.271484 0.474609 0.269531 0.474609 0.267578 0.478516 0.263672 0.480469 0.263672 0.482422 0.261719 0.484375 0.263672 0.490234 0.263672 0.494141 0.259766 0.494141 0.255859
0 0.669922 0.257812 0.664062 0.263672 0.664062 0.269531 0.667969 0.273438 0.669922 0.273438 0.671875 0.275391 0.677734 0.269531 0.677734 0.263672 0.671875 0.257812
0 0.505859 0.267578 0.503906 0.269531 0.503906 0.275391 0.505859 0.277344 0.507812 0.277344 0.509766 0.279297 0.513672 0.275391 0.513672 0.271484 0.509766 0.267578
0 0.531250 0.265625 0.529297 0.267578 0.531250 0.269531 0.533203 0.267578
0 0.689453 0.273438 0.687500 0.275391 0.683594 0.275391 0.677734 0.283203 0.677734 0.294922 0.681641 0.298828 0.685547 0.298828 0.687500 0.300781 0.689453 0.298828 0.695312 0.296875 0.699219 0.291016 0.699219 0.281250 0.697266 0.279297 0.697266 0.277344 0.695312 0.275391 0.691406 0.275391
0 0.613281 0.277344 0.609375 0.277344 0.605469 0.281250 0.605469 0.283203 0.609375 0.287109 0.611328 0.287109 0.615234 0.283203 0.615234 0.279297
0 0.527344 0.287109 0.525391 0.289062 0.527344 0.291016 0.529297 0.289062
0 0.492188 0.289062 0.490234 0.291016 0.490234 0.292969 0.492188 0.294922 0.494141 0.294922 0.496094 0.292969
0 0.750000 0.314453 0.748047 0.316406 0.750000 0.318359 0.751953 0.318359 0.753906 0.316406 0.751953 0.314453
0 0.337891 0.330078 0.335938 0.332031 0.335938 0.333984 0.337891 0.335938 0.339844 0.333984 0.339844 0.332031
0 0.464844 0.328125 0.460938 0.332031 0.462891 0.335938 0.460938 0.355469 0.466797 0.361328 0.474609 0.361328 0.484375 0.355469 0.490234 0.349609 0.492188 0.339844 0.490234 0.335938 0.484375 0.332031 0.476562 0.332031 0.470703 0.328125
1 0.322266 0.335938 0.312500 0.335938 0.300781 0.355469 0.300781 0.371094 0.304688 0.375000 0.302734 0.386719 0.306641 0.390625 0.312500 0.384766 0.308594 0.378906 0.314453 0.373047 0.320312 0.371094 0.330078 0.349609 0.328125 0.339844
0 0.238281 0.351562 0.236328 0.349609 0.230469 0.349609 0.228516 0.351562 0.222656 0.351562 0.216797 0.357422 0.216797 0.361328 0.218750 0.363281 0.224609 0.363281 0.226562 0.361328 0.228516 0.361328
0 0.363281 0.349609 0.361328 0.351562 0.361328 0.355469 0.365234 0.359375 0.371094 0.359375 0.373047 0.357422 0.373047 0.355469 0.375000 0.353516 0.375000 0.351562 0.373047 0.349609
0 0.402344 0.369141 0.394531 0.369141 0.388672 0.375000 0.388672 0.380859 0.390625 0.382812 0.390625 0.386719 0.388672 0.388672 0.388672 0.392578 0.386719 0.394531 0.390625 0.398438 0.398438 0.392578 0.398438 0.388672 0.406250 0.380859 0.406250 0.378906 0.408203 0.376953 0.408203 0.375000
0 0.664062 0.369141 0.660156 0.369141 0.650391 0.378906 0.650391 0.380859 0.648438 0.382812 0.648438 0.390625 0.652344 0.394531 0.654297 0.394531 0.656250 0.396484 0.660156 0.396484 0.667969 0.388672 0.667969 0.378906 0.666016 0.376953 0.666016 0.371094
0 0.736328 0.369141 0.728516 0.376953 0.728516 0.384766 0.734375 0.390625 0.740234 0.392578 0.742188 0.390625 0.744141 0.390625 0.750000 0.384766 0.751953 0.378906 0.750000 0.376953 0.750000 0.375000 0.746094 0.371094 0.744141 0.371094 0.742188 0.369141
0 0.373047 0.371094 0.371094 0.371094 0.367188 0.375000 0.367188 0.378906 0.369141 0.380859 0.373047 0.380859 0.375000 0.378906 0.375000 0.376953 0.376953 0.375000
0 0.783203 0.376953 0.781250 0.378906 0.781250 0.384766 0.783203 0.386719 0.787109 0.382812 0.787109 0.380859
0 0.947266 0.375000 0.945312 0.376953 0.947266 0.378906 0.949219 0.378906 0.951172 0.376953 0.949219 0.375000
0 0.351562 0.378906 0.349609 0.380859 0.345703 0.380859 0.343750 0.382812 0.339844 0.382812 0.333984 0.388672 0.333984 0.394531 0.339844 0.400391 0.343750 0.400391 0.349609 0.394531 0.349609 0.388672 0.353516 0.384766 0.353516 0.380859
0 0.830078 0.378906 0.828125 0.380859 0.826172 0.380859 0.824219 0.382812 0.824219 0.388672 0.830078 0.394531 0.832031 0.394531 0.835938 0.390625 0.835938 0.382812 0.832031 0.378906
0 0.509766 0.398438 0.507812 0.398438 0.505859 0.400391 0.505859 0.406250 0.503906 0.408203 0.503906 0.410156 0.505859 0.412109 0.509766 0.412109 0.513672 0.408203 0.513672 0.402344
0 0.931641 0.398438 0.929688 0.400391 0.929688 0.404297 0.933594 0.408203 0.935547 0.408203 0.939453 0.404297 0.939453 0.402344 0.935547 0.398438
0 0.296875 0.402344 0.292969 0.406250 0.294922 0.408203 0.296875 0.408203 0.298828 0.406250 0.298828 0.404297
0 0.449219 0.404297 0.447266 0.406250 0.449219 0.408203 0.451172 0.408203 0.453125 0.406250 0.451172 0.404297
0 0.205078 0.412109 0.203125 0.414062 0.203125 0.421875 0.207031 0.425781 0.210938 0.421875 0.210938 0.416016 0.207031 0.412109
0 0.371094 0.416016 0.369141 0.417969 0.371094 0.419922 0.373047 0.417969
0 0.500000 0.416016 0.496094 0.419922 0.498047 0.421875 0.500000 0.421875 0.501953 0.419922 0.501953 0.417969
0 0.693359 0.416016 0.691406 0.416016 0.685547 0.421875 0.685547 0.425781 0.687500 0.427734 0.695312 0.427734 0.697266 0.425781 0.697266 0.419922
0 0.388672 0.417969 0.386719 0.419922 0.388672 0.421875 0.390625 0.419922
0 0.474609 0.419922 0.470703 0.423828 0.470703 0.425781 0.468750 0.427734 0.468750 0.433594 0.470703 0.435547 0.470703 0.437500 0.474609 0.441406 0.476562 0.441406 0.480469 0.435547 0.480469 0.423828 0.476562 0.419922
1 0.554688 0.421875 0.552734 0.423828 0.552734 0.425781 0.556641 0.429688 0.556641 0.431641 0.564453 0.439453 0.566406 0.439453 0.570312 0.435547 0.570312 0.433594 0.564453 0.427734 0.562500 0.427734 0.558594 0.423828 0.556641 0.423828
0 0.638672 0.421875 0.628906 0.429688 0.625000 0.437500 0.644531 0.464844 0.648438 0.460938 0.646484 0.457031 0.662109 0.441406 0.664062 0.433594 0.652344 0.423828
0 0.324219 0.431641 0.318359 0.437500 0.318359 0.443359 0.324219 0.453125 0.326172 0.453125 0.328125 0.455078 0.332031 0.455078 0.337891 0.449219 0.337891 0.441406 0.333984 0.435547 0.332031 0.435547 0.330078 0.433594 0.326172 0.433594
0 0.359375 0.431641 0.355469 0.435547 0.359375 0.443359 0.345703 0.453125 0.347656 0.458984 0.355469 0.466797 0.345703 0.472656 0.343750 0.478516 0.347656 0.482422 0.365234 0.484375 0.373047 0.476562 0.375000 0.466797 0.357422 0.447266 0.371094 0.437500 0.365234 0.431641
0 0.595703 0.431641 0.593750 0.433594 0.595703 0.435547 0.597656 0.433594
0 0.414062 0.441406 0.408203 0.435547 0.404297 0.433594 0.398438 0.433594 0.394531 0.435547 0.386719 0.443359 0.384766 0.443359 0.380859 0.447266 0.380859 0.449219 0.388672 0.457031 0.400391 0.457031 0.402344 0.455078 0.408203 0.455078 0.414062 0.451172 0.416016 0.447266
0 0.806641 0.433594 0.802734 0.437500 0.802734 0.443359 0.804688 0.445312 0.808594 0.445312 0.812500 0.441406 0.812500 0.439453
0 0.765625 0.437500 0.763672 0.439453 0.763672 0.441406 0.765625 0.443359 0.767578 0.441406 0.767578 0.439453
0 0.910156 0.439453 0.908203 0.441406 0.908203 0.447266 0.910156 0.449219 0.914062 0.449219 0.917969 0.445312 0.917969 0.443359 0.914062 0.439453
0 0.529297 0.441406 0.527344 0.443359 0.529297 0.445312 0.531250 0.445312 0.533203 0.443359 0.531250 0.441406
0 0.701172 0.447266 0.699219 0.449219 0.697266 0.449219 0.693359 0.453125 0.693359 0.457031 0.699219 0.462891 0.705078 0.462891 0.710938 0.457031 0.710938 0.455078 0.708984 0.453125 0.708984 0.451172 0.707031 0.449219 0.705078 0.449219 0.703125 0.447266
0 0.587891 0.449219 0.583984 0.453125 0.587891 0.457031 0.591797 0.453125
0 0.609375 0.453125 0.613281 0.457031 0.615234 0.457031 0.617188 0.455078 0.619141 0.455078 0.621094 0.453125 0.619141 0.451172 0.617188 0.451172 0.615234 0.449219 0.613281 0.449219
0 0.835938 0.457031 0.830078 0.462891 0.830078 0.464844 0.837891 0.472656 0.839844 0.472656 0.845703 0.466797 0.845703 0.462891 0.839844 0.457031
0 0.869141 0.462891 0.857422 0.470703 0.859375 0.472656 0.855469 0.478516 0.855469 0.486328 0.859375 0.498047 0.875000 0.500000 0.876953 0.501953 0.890625 0.490234 0.890625 0.476562 0.886719 0.466797 0.878906 0.462891 0.873047 0.464844
0 0.320312 0.468750 0.316406 0.472656 0.320312 0.476562 0.322266 0.476562 0.324219 0.474609 0.324219 0.470703 0.322266 0.468750
0 0.632812 0.468750 0.611328 0.478516 0.591797 0.472656 0.611328 0.517578 0.595703 0.529297 0.552734 0.535156 0.529297 0.527344 0.519531 0.535156 0.517578 0.550781 0.498047 0.531250 0.484375 0.542969 0.492188 0.554688 0.535156 0.564453 0.548828 0.552734 0.556641 0.554688 0.564453 0.541016 0.587891 0.552734 0.582031 0.589844 0.591797 0.599609 0.587891 0.613281 0.574219 0.621094 0.583984 0.642578 0.595703 0.640625 0.593750 0.619141 0.601562 0.609375 0.611328 0.621094 0.623047 0.615234 0.621094 0.603516 0.605469 0.595703 0.599609 0.601562 0.589844 0.597656 0.599609 0.589844 0.597656 0.580078 0.601562 0.576172 0.613281 0.583984 0.615234 0.578125 0.605469 0.570312 0.626953 0.550781 0.626953 0.539062 0.650391 0.533203 0.646484 0.523438 0.619141 0.519531 0.613281 0.494141 0.634766 0.476562
0 0.681641 0.474609 0.675781 0.468750 0.673828 0.468750 0.671875 0.470703 0.666016 0.472656 0.656250 0.482422 0.656250 0.486328 0.658203 0.488281 0.666016 0.488281 0.667969 0.486328 0.675781 0.486328 0.681641 0.480469
0 0.951172 0.468750 0.945312 0.476562 0.945312 0.482422 0.951172 0.488281 0.957031 0.488281 0.958984 0.486328 0.960938 0.488281 0.962891 0.488281 0.970703 0.476562 0.960938 0.468750 0.957031 0.472656 0.955078 0.472656
1 0.515625 0.476562 0.513672 0.474609 0.511719 0.474609 0.507812 0.478516 0.505859 0.478516 0.501953 0.482422 0.503906 0.484375 0.505859 0.484375 0.511719 0.478516 0.513672 0.478516
0 0.789062 0.472656 0.785156 0.476562 0.785156 0.478516 0.789062 0.482422 0.791016 0.482422 0.794922 0.478516
0 0.699219 0.476562 0.695312 0.480469 0.695312 0.482422 0.697266 0.484375 0.701172 0.484375 0.703125 0.482422 0.703125 0.480469
0 0.166016 0.482422 0.162109 0.482422 0.160156 0.484375 0.160156 0.486328 0.162109 0.488281 0.164062 0.488281 0.167969 0.484375
0 0.486328 0.484375 0.484375 0.482422 0.474609 0.482422 0.472656 0.484375 0.472656 0.488281 0.470703 0.490234 0.470703 0.494141 0.472656 0.496094 0.476562 0.496094 0.478516 0.494141 0.480469 0.494141 0.484375 0.490234 0.484375 0.488281 0.486328 0.486328
0 0.542969 0.482422 0.541016 0.484375 0.541016 0.486328 0.542969 0.488281 0.544922 0.488281 0.546875 0.486328 0.546875 0.484375 0.544922 0.482422
0 0.404297 0.488281 0.400391 0.492188 0.400391 0.501953 0.406250 0.507812 0.417969 0.507812 0.421875 0.503906 0.421875 0.501953 0.423828 0.500000 0.421875 0.498047 0.421875 0.496094 0.416016 0.490234 0.414062 0.490234 0.412109 0.488281
0 0.585938 0.488281 0.583984 0.490234 0.583984 0.496094 0.585938 0.498047 0.587891 0.496094 0.587891 0.494141 0.589844 0.492188
0 0.710938 0.507812 0.722656 0.519531 0.726562 0.521484 0.738281 0.521484 0.744141 0.525391 0.753906 0.525391 0.757812 0.521484 0.759766 0.515625 0.748047 0.500000 0.734375 0.490234 0.726562 0.492188 0.714844 0.501953
1 0.460938 0.498047 0.457031 0.501953 0.458984 0.503906 0.458984 0.505859 0.457031 0.507812 0.457031 0.509766 0.458984 0.511719 0.460938 0.509766 0.460938 0.507812 0.458984 0.505859 0.458984 0.503906 0.462891 0.500000
0 0.832031 0.496094 0.830078 0.498047 0.833984 0.501953 0.835938 0.501953 0.837891 0.500000 0.837891 0.498047 0.835938 0.496094
0 0.500000 0.500000 0.498047 0.501953 0.498047 0.505859 0.500000 0.507812 0.503906 0.507812 0.505859 0.505859 0.505859 0.501953 0.503906 0.500000
0 0.544922 0.503906 0.541016 0.507812 0.541016 0.509766 0.544922 0.513672 0.548828 0.513672 0.554688 0.507812 0.550781 0.503906
0 0.470703 0.509766 0.449219 0.533203 0.443359 0.533203 0.435547 0.527344 0.427734 0.531250 0.427734 0.537109 0.437500 0.546875 0.431641 0.556641 0.433594 0.568359 0.439453 0.576172 0.449219 0.572266 0.449219 0.562500 0.445312 0.558594 0.449219 0.550781 0.462891 0.546875 0.470703 0.550781 0.474609 0.548828 0.468750 0.539062 0.478516 0.529297 0.480469 0.521484
0 0.693359 0.511719 0.689453 0.507812 0.687500 0.509766 0.685547 0.509766 0.683594 0.511719 0.683594 0.513672 0.685547 0.515625 0.689453 0.515625
0 0.912109 0.525391 0.910156 0.525391 0.908203 0.527344 0.906250 0.527344 0.904297 0.529297 0.904297 0.535156 0.908203 0.539062 0.912109 0.539062 0.916016 0.535156 0.916016 0.531250 0.914062 0.529297 0.914062 0.527344
0 0.888672 0.550781 0.886719 0.550781 0.882812 0.554688 0.882812 0.556641 0.886719 0.560547 0.890625 0.556641 0.890625 0.552734
0 0.162109 0.556641 0.160156 0.558594 0.160156 0.560547 0.162109 0.562500 0.166016 0.562500 0.167969 0.560547 0.164062 0.556641
0 0.556641 0.558594 0.552734 0.562500 0.550781 0.562500 0.546875 0.566406 0.546875 0.570312 0.548828 0.572266 0.548828 0.574219 0.552734 0.578125 0.558594 0.578125 0.564453 0.572266 0.564453 0.566406
0 0.708984 0.566406 0.705078 0.562500 0.697266 0.562500 0.695312 0.564453 0.693359 0.564453 0.691406 0.566406 0.691406 0.568359 0.689453 0.570312 0.693359 0.574219 0.697266 0.574219 0.699219 0.572266 0.701172 0.572266 0.703125 0.570312 0.705078 0.570312
0 0.529297 0.568359 0.527344 0.568359 0.525391 0.566406 0.523438 0.568359 0.521484 0.568359 0.515625 0.574219 0.517578 0.576172 0.517578 0.580078 0.519531 0.582031 0.523438 0.582031 0.527344 0.578125 0.529297 0.578125 0.531250 0.576172 0.531250 0.570312
1 0.482422 0.583984 0.482422 0.585938 0.484375 0.587891 0.490234 0.582031 0.496094 0.582031 0.498047 0.580078 0.500000 0.580078 0.505859 0.585938 0.505859 0.587891 0.503906 0.589844 0.503906 0.591797 0.505859 0.593750 0.505859 0.601562 0.503906 0.603516 0.503906 0.607422 0.501953 0.609375 0.507812 0.615234 0.513672 0.613281 0.517578 0.609375 0.525391 0.609375 0.529297 0.605469 0.527344 0.603516 0.525391 0.605469 0.523438 0.605469 0.519531 0.601562 0.519531 0.597656 0.521484 0.595703 0.509766 0.582031 0.509766 0.578125 0.507812 0.576172 0.494141 0.574219 0.486328 0.582031 0.484375 0.582031
0 0.632812 0.582031 0.630859 0.583984 0.630859 0.591797 0.636719 0.597656 0.640625 0.593750 0.640625 0.591797 0.638672 0.589844 0.638672 0.587891
0 0.882812 0.585938 0.878906 0.589844 0.878906 0.591797 0.880859 0.593750 0.884766 0.593750 0.886719 0.591797 0.886719 0.589844
0 0.398438 0.595703 0.396484 0.593750 0.394531 0.593750 0.392578 0.595703 0.390625 0.595703 0.388672 0.597656 0.388672 0.599609 0.390625 0.601562 0.394531 0.601562 0.398438 0.597656
0 0.746094 0.593750 0.744141 0.595703 0.734375 0.593750 0.730469 0.597656 0.726562 0.597656 0.718750 0.605469 0.718750 0.609375 0.724609 0.617188 0.724609 0.625000 0.726562 0.626953 0.734375 0.619141 0.740234 0.617188 0.748047 0.609375 0.748047 0.595703
0 0.701172 0.599609 0.697266 0.603516 0.697266 0.607422 0.701172 0.611328 0.707031 0.611328 0.710938 0.607422 0.710938 0.603516 0.707031 0.599609
0 0.990234 0.607422 0.988281 0.609375 0.990234 0.611328 0.992188 0.609375
0 0.824219 0.615234 0.822266 0.617188 0.822266 0.619141 0.824219 0.621094 0.826172 0.621094 0.828125 0.619141 0.828125 0.617188 0.826172 0.615234
0 0.443359 0.619141 0.439453 0.623047 0.439453 0.626953 0.443359 0.630859 0.445312 0.628906 0.447266 0.628906 0.449219 0.626953 0.449219 0.625000
0 0.654297 0.617188 0.650391 0.621094 0.650391 0.623047 0.656250 0.628906 0.658203 0.628906 0.662109 0.625000 0.662109 0.623047 0.656250 0.617188
0 0.843750 0.621094 0.839844 0.621094 0.828125 0.632812 0.826172 0.630859 0.818359 0.638672 0.818359 0.644531 0.824219 0.650391 0.830078 0.650391 0.833984 0.648438 0.835938 0.644531 0.849609 0.630859 0.849609 0.626953
0 0.546875 0.626953 0.542969 0.630859 0.542969 0.634766 0.544922 0.636719 0.542969 0.638672 0.544922 0.640625 0.546875 0.640625 0.548828 0.642578 0.550781 0.642578 0.552734 0.640625 0.554688 0.640625 0.556641 0.638672 0.556641 0.630859 0.554688 0.628906 0.548828 0.628906
0 0.679688 0.630859 0.677734 0.632812 0.675781 0.632812 0.673828 0.634766 0.671875 0.634766 0.667969 0.638672 0.667969 0.640625 0.673828 0.646484 0.677734 0.646484 0.683594 0.640625 0.683594 0.634766
0 0.492188 0.634766 0.490234 0.636719 0.490234 0.638672 0.492188 0.640625 0.494141 0.640625 0.496094 0.638672
0 0.433594 0.638672 0.431641 0.640625 0.431641 0.642578 0.429688 0.644531 0.433594 0.648438 0.437500 0.648438 0.441406 0.644531 0.441406 0.642578 0.437500 0.638672
0 0.416016 0.650391 0.412109 0.654297 0.416016 0.658203 0.419922 0.658203 0.421875 0.656250 0.421875 0.652344 0.419922 0.650391
0 0.527344 0.654297 0.519531 0.669922 0.521484 0.671875 0.521484 0.677734 0.523438 0.681641 0.529297 0.687500 0.533203 0.687500 0.539062 0.683594 0.541016 0.679688 0.541016 0.671875 0.542969 0.669922 0.535156 0.660156 0.535156 0.658203 0.531250 0.654297
0 0.896484 0.658203 0.892578 0.662109 0.892578 0.664062 0.898438 0.669922 0.900391 0.669922 0.902344 0.667969 0.902344 0.666016 0.904297 0.664062 0.904297 0.662109 0.900391 0.658203
0 0.365234 0.662109 0.363281 0.664062 0.365234 0.666016 0.367188 0.666016 0.369141 0.664062 0.367188 0.662109
0 0.394531 0.660156 0.386719 0.666016 0.382812 0.677734 0.388672 0.683594 0.390625 0.681641 0.392578 0.681641 0.394531 0.683594 0.398438 0.683594 0.400391 0.685547 0.404297 0.681641 0.404297 0.677734 0.406250 0.675781 0.406250 0.666016 0.400391 0.660156
0 0.734375 0.660156 0.730469 0.660156 0.728516 0.662109 0.728516 0.664062 0.732422 0.667969 0.736328 0.664062 0.736328 0.662109
0 0.765625 0.664062 0.763672 0.662109 0.761719 0.662109 0.759766 0.660156 0.755859 0.664062 0.755859 0.666016 0.757812 0.667969 0.761719 0.667969
0 0.671875 0.669922 0.667969 0.673828 0.667969 0.675781 0.671875 0.679688 0.675781 0.679688 0.679688 0.675781 0.679688 0.673828 0.675781 0.669922
0 0.806641 0.669922 0.804688 0.671875 0.804688 0.673828 0.806641 0.675781 0.808594 0.675781 0.810547 0.673828 0.810547 0.671875 0.808594 0.669922
0 0.779297 0.673828 0.775391 0.679688 0.775391 0.687500 0.783203 0.695312 0.787109 0.695312 0.794922 0.687500 0.794922 0.681641 0.791016 0.675781 0.789062 0.675781 0.787109 0.673828
0 0.355469 0.675781 0.353516 0.675781 0.349609 0.679688 0.349609 0.681641 0.347656 0.683594 0.347656 0.687500 0.337891 0.697266 0.345703 0.703125 0.351562 0.703125 0.359375 0.697266 0.359375 0.693359 0.357422 0.691406 0.359375 0.689453 0.359375 0.683594 0.361328 0.681641
0 0.640625 0.685547 0.638672 0.687500 0.638672 0.689453 0.636719 0.691406 0.636719 0.693359 0.640625 0.697266 0.644531 0.697266 0.648438 0.693359 0.648438 0.691406 0.646484 0.689453 0.646484 0.687500 0.644531 0.685547
0 0.714844 0.691406 0.710938 0.695312 0.710938 0.699219 0.716797 0.705078 0.720703 0.705078 0.726562 0.699219 0.726562 0.697266 0.720703 0.691406
0 0.546875 0.697266 0.542969 0.701172 0.542969 0.710938 0.546875 0.714844 0.548828 0.712891 0.550781 0.714844 0.556641 0.708984 0.556641 0.703125 0.550781 0.697266
1 0.759766 0.697266 0.759766 0.703125 0.763672 0.708984 0.763672 0.712891 0.769531 0.718750 0.773438 0.718750 0.777344 0.714844 0.779297 0.714844 0.787109 0.720703 0.791016 0.716797 0.789062 0.712891 0.781250 0.710938 0.777344 0.707031 0.777344 0.705078 0.767578 0.697266 0.763672 0.695312
0 0.835938 0.695312 0.833984 0.697266 0.835938 0.699219 0.837891 0.699219 0.839844 0.697266 0.837891 0.695312
0 0.871094 0.703125 0.869141 0.705078 0.869141 0.708984 0.871094 0.710938 0.873047 0.710938 0.875000 0.708984 0.875000 0.705078 0.873047 0.703125
0 0.738281 0.708984 0.734375 0.712891 0.734375 0.714844 0.740234 0.720703 0.742188 0.720703 0.744141 0.722656 0.748047 0.722656 0.751953 0.718750 0.748047 0.714844 0.748047 0.712891 0.746094 0.710938 0.744141 0.710938 0.742188 0.708984
0 0.470703 0.724609 0.468750 0.724609 0.466797 0.726562 0.466797 0.728516 0.468750 0.730469 0.472656 0.726562
0 0.863281 0.736328 0.861328 0.738281 0.863281 0.740234 0.865234 0.738281
0 0.730469 0.740234 0.724609 0.746094 0.724609 0.748047 0.722656 0.750000 0.722656 0.755859 0.726562 0.759766 0.726562 0.761719 0.728516 0.763672 0.736328 0.763672 0.738281 0.761719 0.740234 0.761719 0.744141 0.757812 0.744141 0.755859 0.746094 0.753906 0.746094 0.748047 0.738281 0.740234
0 0.269531 0.757812 0.265625 0.761719 0.265625 0.765625 0.271484 0.771484 0.273438 0.771484 0.277344 0.767578 0.277344 0.761719 0.273438 0.757812
0 0.818359 0.763672 0.798828 0.765625 0.787109 0.777344 0.779297 0.779297 0.781250 0.783203 0.789062 0.783203 0.806641 0.798828 0.787109 0.812500 0.787109 0.820312 0.796875 0.830078 0.804688 0.828125 0.812500 0.820312 0.820312 0.804688 0.816406 0.794922 0.826172 0.783203 0.826172 0.773438
0 0.638672 0.785156 0.634766 0.789062 0.634766 0.792969 0.630859 0.796875 0.632812 0.798828 0.634766 0.796875 0.636719 0.796875 0.642578 0.800781 0.646484 0.800781 0.650391 0.796875 0.650391 0.792969 0.648438 0.791016 0.648438 0.789062 0.644531 0.785156
0 0.673828 0.792969 0.671875 0.794922 0.673828 0.796875 0.675781 0.796875 0.677734 0.794922 0.675781 0.792969
0 0.953125 0.802734 0.951172 0.804688 0.951172 0.806641 0.953125 0.808594 0.955078 0.808594 0.957031 0.806641 0.957031 0.804688 0.955078 0.802734
0 0.984375 0.800781 0.982422 0.802734 0.982422 0.804688 0.984375 0.806641 0.984375 0.808594 0.986328 0.810547 0.988281 0.810547 0.990234 0.808594 0.990234 0.804688 0.986328 0.800781
0 0.640625 0.812500 0.638672 0.812500 0.632812 0.818359 0.632812 0.824219 0.638672 0.830078 0.640625 0.828125 0.642578 0.828125 0.644531 0.826172 0.644531 0.824219 0.646484 0.822266 0.646484 0.818359
0 0.681641 0.816406 0.679688 0.818359 0.677734 0.818359 0.675781 0.820312 0.673828 0.820312 0.667969 0.826172 0.667969 0.830078 0.671875 0.833984 0.673828 0.833984 0.683594 0.824219 0.683594 0.822266 0.685547 0.820312
0 0.707031 0.828125 0.710938 0.832031 0.718750 0.832031 0.722656 0.828125 0.718750 0.824219 0.710938 0.824219
0 0.917969 0.828125 0.916016 0.830078 0.916016 0.832031 0.917969 0.833984 0.921875 0.833984 0.923828 0.832031 0.919922 0.828125
0 0.937500 0.830078 0.935547 0.832031 0.935547 0.833984 0.937500 0.835938 0.941406 0.835938 0.943359 0.833984 0.941406 0.832031 0.939453 0.832031
0 0.957031 0.833984 0.953125 0.837891 0.953125 0.845703 0.957031 0.849609 0.960938 0.849609 0.964844 0.845703 0.964844 0.839844 0.958984 0.833984
0 0.695312 0.849609 0.691406 0.853516 0.691406 0.857422 0.693359 0.859375 0.695312 0.859375 0.697266 0.857422 0.697266 0.855469 0.699219 0.853516
0 0.884766 0.847656 0.880859 0.847656 0.876953 0.851562 0.876953 0.853516 0.882812 0.859375 0.884766 0.857422 0.886719 0.857422 0.888672 0.855469 0.888672 0.851562
0 0.906250 0.853516 0.902344 0.857422 0.896484 0.859375 0.892578 0.863281 0.904297 0.875000 0.904297 0.876953 0.906250 0.878906 0.908203 0.878906 0.910156 0.876953 0.910156 0.875000 0.906250 0.871094 0.906250 0.865234 0.908203 0.863281 0.910156 0.857422
1 0.839844 0.857422 0.837891 0.861328 0.847656 0.875000 0.845703 0.878906 0.845703 0.884766 0.849609 0.888672 0.855469 0.888672 0.859375 0.882812 0.855469 0.876953 0.857422 0.863281 0.849609 0.857422
1 0.962891 0.865234 0.958984 0.869141 0.958984 0.876953 0.962891 0.880859 0.962891 0.888672 0.970703 0.896484 0.974609 0.898438 0.978516 0.894531 0.976562 0.890625 0.970703 0.884766 0.972656 0.880859 0.972656 0.875000 0.970703 0.873047 0.970703 0.869141 0.966797 0.865234
0 0.798828 0.869141 0.794922 0.873047 0.794922 0.875000 0.796875 0.876953 0.800781 0.876953 0.802734 0.875000 0.802734 0.873047
0 0.671875 0.878906 0.666016 0.884766 0.667969 0.886719 0.667969 0.890625 0.671875 0.894531 0.675781 0.894531 0.681641 0.888672 0.679688 0.886719 0.679688 0.882812 0.675781 0.878906
1 0.753906 0.880859 0.750000 0.882812 0.750000 0.888672 0.746094 0.894531 0.746094 0.900391 0.748047 0.902344 0.748047 0.912109 0.746094 0.916016 0.748047 0.917969 0.751953 0.916016 0.757812 0.916016 0.759766 0.914062 0.759766 0.902344 0.761719 0.898438 0.759766 0.896484 0.759766 0.888672
0 0.769531 0.880859 0.767578 0.882812 0.767578 0.884766 0.769531 0.886719 0.771484 0.886719 0.773438 0.884766 0.773438 0.882812 0.771484 0.880859
0 0.998047 0.884766 0.994141 0.884766 0.990234 0.888672 0.990234 0.898438 0.994141 0.902344 0.996094 0.902344 0.998047 0.900391
0 0.900391 0.888672 0.890625 0.900391 0.890625 0.908203 0.896484 0.916016 0.898438 0.916016 0.900391 0.917969 0.906250 0.917969 0.912109 0.912109 0.912109 0.896484 0.904297 0.888672
0 0.789062 0.892578 0.789062 0.896484 0.792969 0.900391 0.796875 0.900391 0.798828 0.898438 0.800781 0.898438 0.802734 0.896484 0.802734 0.894531 0.798828 0.890625 0.791016 0.890625
0 0.812500 0.890625 0.810547 0.892578 0.812500 0.894531 0.814453 0.892578
0 0.951172 0.898438 0.947266 0.898438 0.943359 0.902344 0.943359 0.906250 0.945312 0.908203 0.947266 0.908203 0.949219 0.910156 0.955078 0.904297 0.953125 0.902344 0.953125 0.900391
1 0.669922 0.916016 0.679688 0.923828 0.685547 0.923828 0.691406 0.919922 0.710938 0.923828 0.724609 0.912109 0.728516 0.916016 0.732422 0.916016 0.736328 0.912109 0.736328 0.908203 0.728516 0.902344 0.722656 0.908203 0.718750 0.908203 0.710938 0.902344 0.699219 0.902344 0.693359 0.908203 0.689453 0.908203 0.679688 0.902344 0.669922 0.912109
0 0.773438 0.902344 0.769531 0.906250 0.769531 0.910156 0.767578 0.912109 0.767578 0.916016 0.771484 0.919922 0.777344 0.919922 0.781250 0.916016 0.781250 0.906250 0.777344 0.902344
0 0.873047 0.902344 0.867188 0.908203 0.867188 0.910156 0.869141 0.912109 0.869141 0.916016 0.871094 0.917969 0.871094 0.919922 0.873047 0.921875 0.876953 0.917969 0.876953 0.912109 0.878906 0.910156 0.878906 0.906250 0.876953 0.904297 0.875000 0.904297
1 0.816406 0.910156 0.814453 0.908203 0.810547 0.908203 0.808594 0.910156 0.796875 0.910156 0.791016 0.916016 0.791016 0.921875 0.789062 0.923828 0.791016 0.925781 0.791016 0.927734 0.792969 0.929688 0.794922 0.929688 0.800781 0.923828 0.802734 0.923828 0.806641 0.919922 0.808594 0.919922 0.816406 0.912109
0 0.839844 0.906250 0.835938 0.910156 0.835938 0.916016 0.833984 0.917969 0.833984 0.923828 0.839844 0.929688 0.847656 0.929688 0.853516 0.923828 0.853516 0.921875 0.855469 0.919922 0.853516 0.917969 0.853516 0.916016 0.843750 0.906250
0 0.986328 0.916016 0.982422 0.919922 0.982422 0.925781 0.986328 0.929688 0.992188 0.929688 0.998047 0.933594 0.998047 0.923828 0.990234 0.916016
0 0.957031 0.917969 0.955078 0.919922 0.955078 0.921875 0.957031 0.923828 0.958984 0.921875 0.958984 0.919922
0 0.865234 0.921875 0.863281 0.921875 0.859375 0.925781 0.859375 0.927734 0.863281 0.931641 0.867188 0.927734 0.867188 0.923828
0 0.568359 0.935547 0.566406 0.937500 0.566406 0.941406 0.570312 0.945312 0.574219 0.945312 0.578125 0.941406 0.576172 0.939453 0.576172 0.937500 0.574219 0.935547
1 0.628906 0.974609 0.628906 0.982422 0.632812 0.986328 0.654297 0.986328 0.660156 0.992188 0.658203 0.998047 0.726562 0.998047 0.724609 0.994141 0.730469 0.988281 0.755859 0.990234 0.763672 0.998047 0.794922 0.998047 0.789062 0.988281 0.789062 0.976562 0.771484 0.980469 0.765625 0.974609 0.769531 0.964844 0.767578 0.960938 0.750000 0.953125 0.734375 0.955078 0.716797 0.939453 0.710938 0.939453 0.703125 0.949219 0.681641 0.949219 0.675781 0.957031 0.669922 0.972656 0.671875 0.978516 0.667969 0.982422 0.662109 0.976562 0.646484 0.978516 0.636719 0.970703
0 0.792969 0.945312 0.791016 0.947266 0.791016 0.949219 0.789062 0.951172 0.789062 0.955078 0.792969 0.958984 0.796875 0.958984 0.798828 0.957031 0.798828 0.955078 0.800781 0.953125 0.798828 0.951172 0.798828 0.949219 0.796875 0.947266 0.794922 0.947266
0 0.849609 0.945312 0.845703 0.949219 0.845703 0.955078 0.847656 0.957031 0.857422 0.955078 0.865234 0.968750 0.853516 0.982422 0.855469 0.998047 0.880859 0.998047 0.876953 0.976562 0.882812 0.966797 0.882812 0.960938 0.876953 0.949219 0.863281 0.951172 0.855469 0.945312
1 0.587891 0.949219 0.582031 0.955078 0.582031 0.957031 0.585938 0.960938 0.587891 0.960938 0.591797 0.957031 0.599609 0.964844 0.597656 0.966797 0.603516 0.972656 0.605469 0.972656 0.607422 0.970703 0.607422 0.966797 0.605469 0.964844 0.605469 0.958984 0.601562 0.955078 0.599609 0.955078 0.597656 0.957031
0 0.966797 0.960938 0.966797 0.966797 0.968750 0.968750 0.968750 0.970703 0.970703 0.972656 0.974609 0.972656 0.976562 0.974609 0.986328 0.974609 0.988281 0.972656 0.990234 0.972656 0.992188 0.970703 0.996094 0.970703 0.998047 0.968750 0.998047 0.964844 0.992188 0.962891 0.984375 0.955078 0.980469 0.955078 0.978516 0.953125 0.974609 0.953125
0 0.609375 0.984375 0.603516 0.978516 0.601562 0.980469 0.591797 0.980469 0.585938 0.986328 0.585938 0.988281 0.583984 0.990234 0.587891 0.994141 0.593750 0.994141 0.595703 0.996094 0.597656 0.994141 0.601562 0.994141 0.605469 0.990234 0.607422 0.990234 0.609375 0.988281
0 0.820312 0.976562 0.816406 0.980469 0.816406 0.982422 0.820312 0.986328 0.822266 0.986328 0.826172 0.982422 0.826172 0.980469 0.822266 0.976562
0 0.531250 0.988281 0.533203 0.990234 0.535156 0.990234 0.537109 0.992188 0.539062 0.990234 0.541016 0.990234 0.542969 0.988281 0.541016 0.986328 0.539062 0.986328 0.537109 0.984375 0.535156 0.984375
0 0.472656 0.992188 0.472656 0.998047 0.492188 0.998047 0.488281 0.994141 0.488281 0.992188 0.486328 0.990234 0.484375 0.990234 0.482422 0.988281 0.476562 0.988281
0 0.617188 0.996094 0.615234 0.994141 0.613281 0.996094 0.613281 0.998047 0.617188 0.998047
