0 0.281250 0.037109 0.279297 0.039062 0.281250 0.041016 0.283203 0.039062
0 0.472656 0.064453 0.468750 0.068359 0.468750 0.070312 0.470703 0.072266 0.470703 0.074219 0.472656 0.076172 0.472656 0.078125 0.474609 0.080078 0.474609 0.082031 0.478516 0.085938 0.480469 0.085938 0.484375 0.082031 0.484375 0.078125 0.482422 0.076172 0.482422 0.070312 0.476562 0.064453
0 0.462891 0.080078 0.460938 0.082031 0.460938 0.083984 0.462891 0.085938 0.464844 0.083984 0.464844 0.082031
0 0.466797 0.111328 0.462891 0.111328 0.460938 0.113281 0.458984 0.113281 0.457031 0.115234 0.457031 0.117188 0.453125 0.121094 0.457031 0.125000 0.464844 0.125000 0.468750 0.121094 0.468750 0.113281
1 0.000000 0.148438 0.000000 0.175781 0.005859 0.169922 0.027344 0.169922 0.048828 0.152344 0.074219 0.152344 0.080078 0.164062 0.072266 0.171875 0.078125 0.173828 0.097656 0.150391 0.125000 0.142578 0.148438 0.156250 0.181641 0.158203 0.187500 0.173828 0.173828 0.191406 0.148438 0.185547 0.150391 0.199219 0.166016 0.216797 0.203125 0.195312 0.218750 0.193359 0.224609 0.205078 0.230469 0.189453 0.224609 0.171875 0.199219 0.144531 0.164062 0.125000 0.156250 0.128906 0.162109 0.142578 0.146484 0.150391 0.121094 0.128906 0.060547 0.144531 0.054688 0.138672 0.060547 0.121094 0.048828 0.117188 0.025391 0.148438
0 0.382812 0.152344 0.378906 0.156250 0.378906 0.162109 0.384766 0.167969 0.386719 0.167969 0.388672 0.169922 0.392578 0.169922 0.398438 0.164062 0.398438 0.160156 0.392578 0.154297 0.390625 0.154297 0.388672 0.152344
1 0.089844 0.173828 0.000000 0.222656 0.000000 0.308594 0.062500 0.363281 0.128906 0.345703 0.097656 0.398438 0.033203 0.384766 0.068359 0.417969 0.023438 0.447266 0.000000 0.322266 0.000000 0.476562 0.117188 0.718750 0.199219 0.708984 0.197266 0.792969 0.238281 0.750000 0.291016 0.792969 0.275391 0.998047 0.384766 0.998047 0.306641 0.990234 0.310547 0.890625 0.492188 0.873047 0.601562 0.675781 0.564453 0.605469 0.515625 0.701172 0.496094 0.638672 0.439453 0.648438 0.410156 0.595703 0.357422 0.593750 0.353516 0.542969 0.382812 0.552734 0.404297 0.498047 0.367188 0.492188 0.392578 0.521484 0.355469 0.531250 0.298828 0.423828 0.191406 0.367188 0.212891 0.337891 0.140625 0.343750 0.240234 0.216797 0.148438 0.300781 0.107422 0.283203 0.132812 0.324219 0.101562 0.333984 0.042969 0.259766
1 0.050781 0.177734 0.048828 0.175781 0.046875 0.175781 0.042969 0.179688 0.041016 0.179688 0.039062 0.181641 0.039062 0.183594 0.041016 0.185547 0.042969 0.185547
0 0.275391 0.177734 0.273438 0.179688 0.275391 0.181641 0.277344 0.179688
0 0.251953 0.179688 0.250000 0.181641 0.250000 0.183594 0.251953 0.185547 0.253906 0.185547 0.255859 0.183594 0.255859 0.181641 0.253906 0.179688
0 0.417969 0.189453 0.414062 0.189453 0.412109 0.191406 0.416016 0.195312 0.419922 0.191406
0 0.730469 0.189453 0.728516 0.191406 0.728516 0.193359 0.730469 0.195312 0.732422 0.195312 0.734375 0.193359 0.734375 0.191406 0.732422 0.189453
0 0.021484 0.195312 0.013672 0.197266 0.011719 0.199219 0.000000 0.199219 0.000000 0.210938 0.011719 0.222656 0.015625 0.222656 0.019531 0.218750 0.021484 0.218750 0.031250 0.208984 0.031250 0.203125 0.029297 0.201172 0.027344 0.203125
1 0.142578 0.207031 0.140625 0.208984 0.140625 0.214844 0.130859 0.224609 0.130859 0.226562 0.128906 0.228516 0.128906 0.230469 0.130859 0.232422 0.130859 0.236328 0.132812 0.238281 0.132812 0.242188 0.128906 0.248047 0.130859 0.250000 0.132812 0.248047 0.138672 0.248047 0.144531 0.242188 0.144531 0.240234 0.140625 0.236328 0.138672 0.236328 0.134766 0.232422 0.134766 0.226562 0.144531 0.216797 0.144531 0.208984
0 0.371094 0.207031 0.367188 0.210938 0.367188 0.212891 0.371094 0.216797 0.373047 0.216797 0.375000 0.214844 0.375000 0.210938
0 0.330078 0.242188 0.332031 0.251953 0.328125 0.255859 0.328125 0.259766 0.332031 0.265625 0.337891 0.267578 0.349609 0.263672 0.353516 0.259766 0.363281 0.267578 0.365234 0.265625 0.365234 0.259766 0.363281 0.257812 0.359375 0.259766 0.351562 0.248047 0.345703 0.248047 0.341797 0.251953 0.335938 0.248047 0.341797 0.242188 0.337891 0.236328
0 0.365234 0.236328 0.363281 0.238281 0.365234 0.240234 0.367188 0.238281
0 0.244141 0.244141 0.242188 0.246094 0.242188 0.248047 0.244141 0.250000 0.246094 0.248047 0.246094 0.246094
0 0.285156 0.246094 0.281250 0.250000 0.281250 0.251953 0.277344 0.255859 0.277344 0.265625 0.279297 0.267578 0.281250 0.267578 0.283203 0.265625 0.285156 0.265625 0.289062 0.261719 0.289062 0.259766 0.291016 0.257812 0.291016 0.253906 0.289062 0.251953 0.289062 0.250000
0 0.320312 0.246094 0.316406 0.250000 0.318359 0.251953 0.320312 0.251953 0.322266 0.250000 0.322266 0.248047
1 0.125000 0.251953 0.123047 0.251953 0.117188 0.257812 0.117188 0.259766 0.111328 0.265625 0.111328 0.267578 0.107422 0.271484 0.109375 0.273438 0.111328 0.271484 0.113281 0.271484 0.126953 0.257812 0.126953 0.253906
0 0.300781 0.251953 0.298828 0.253906 0.302734 0.257812 0.304688 0.255859 0.304688 0.253906 0.302734 0.251953
0 0.244141 0.257812 0.240234 0.261719 0.240234 0.263672 0.242188 0.265625 0.246094 0.265625 0.248047 0.263672 0.248047 0.261719
1 0.390625 0.257812 0.388672 0.257812 0.382812 0.263672 0.384766 0.267578 0.378906 0.273438 0.376953 0.271484 0.363281 0.287109 0.365234 0.291016 0.375000 0.285156 0.382812 0.277344 0.386719 0.277344 0.390625 0.273438 0.390625 0.265625 0.392578 0.263672 0.392578 0.259766
0 0.261719 0.275391 0.257812 0.275391 0.230469 0.306641 0.226562 0.306641 0.224609 0.308594 0.214844 0.300781 0.208984 0.304688 0.214844 0.312500 0.210938 0.320312 0.210938 0.324219 0.216797 0.332031 0.222656 0.332031 0.230469 0.324219 0.238281 0.332031 0.244141 0.332031 0.250000 0.326172 0.250000 0.320312 0.244141 0.314453 0.240234 0.314453 0.236328 0.310547 0.240234 0.306641 0.242188 0.300781 0.261719 0.283203 0.263672 0.279297
0 0.390625 0.283203 0.388672 0.285156 0.390625 0.287109 0.392578 0.285156
0 0.353516 0.296875 0.351562 0.298828 0.351562 0.302734 0.353516 0.304688 0.355469 0.302734 0.355469 0.298828
0 0.373047 0.296875 0.369141 0.300781 0.373047 0.304688 0.375000 0.304688 0.376953 0.302734 0.376953 0.300781
0 0.279297 0.302734 0.275391 0.306641 0.275391 0.310547 0.279297 0.314453 0.283203 0.314453 0.287109 0.310547 0.287109 0.306641 0.283203 0.302734
1 0.314453 0.300781 0.310547 0.300781 0.298828 0.316406 0.296875 0.314453 0.287109 0.320312 0.277344 0.341797 0.277344 0.345703 0.273438 0.349609 0.267578 0.349609 0.265625 0.347656 0.257812 0.353516 0.255859 0.359375 0.259766 0.365234 0.259766 0.369141 0.273438 0.380859 0.281250 0.380859 0.285156 0.378906 0.289062 0.373047 0.287109 0.365234 0.279297 0.359375 0.275391 0.353516 0.279297 0.349609 0.283203 0.351562 0.291016 0.347656 0.308594 0.332031 0.310547 0.326172 0.306641 0.322266 0.304688 0.314453 0.308594 0.310547 0.312500 0.314453 0.318359 0.308594 0.318359 0.304688
0 0.419922 0.316406 0.417969 0.318359 0.419922 0.320312 0.421875 0.318359
0 0.337891 0.322266 0.335938 0.324219 0.339844 0.328125 0.341797 0.328125 0.343750 0.326172 0.341797 0.324219 0.339844 0.324219
0 0.390625 0.330078 0.388672 0.330078 0.384766 0.333984 0.384766 0.337891 0.386719 0.339844 0.386719 0.341797 0.388672 0.343750 0.394531 0.337891 0.394531 0.333984
0 0.521484 0.330078 0.517578 0.333984 0.517578 0.335938 0.521484 0.339844 0.525391 0.339844 0.529297 0.335938 0.529297 0.332031 0.527344 0.330078
0 0.326172 0.345703 0.320312 0.345703 0.316406 0.349609 0.316406 0.357422 0.314453 0.359375 0.314453 0.361328 0.318359 0.365234 0.320312 0.365234 0.322266 0.363281 0.324219 0.363281 0.328125 0.359375 0.328125 0.355469 0.330078 0.353516 0.330078 0.351562
0 0.611328 0.349609 0.609375 0.351562 0.611328 0.353516 0.613281 0.351562
0 0.373047 0.355469 0.371094 0.357422 0.373047 0.359375 0.375000 0.357422
0 0.248047 0.369141 0.246094 0.371094 0.248047 0.373047 0.250000 0.371094
0 0.404297 0.371094 0.402344 0.373047 0.402344 0.376953 0.404297 0.378906 0.406250 0.378906 0.410156 0.375000 0.406250 0.371094
0 0.074219 0.380859 0.072266 0.382812 0.074219 0.384766 0.076172 0.382812
0 0.533203 0.380859 0.531250 0.382812 0.531250 0.384766 0.533203 0.386719 0.535156 0.386719 0.537109 0.384766 0.537109 0.382812 0.535156 0.380859
0 0.460938 0.382812 0.458984 0.384766 0.458984 0.386719 0.460938 0.388672 0.462891 0.386719 0.462891 0.384766
0 0.738281 0.392578 0.734375 0.396484 0.734375 0.398438 0.732422 0.400391 0.734375 0.402344 0.736328 0.402344 0.738281 0.404297 0.740234 0.404297 0.746094 0.398438 0.740234 0.392578
0 0.431641 0.394531 0.429688 0.396484 0.429688 0.400391 0.431641 0.402344 0.433594 0.402344 0.435547 0.400391 0.435547 0.396484 0.433594 0.394531
1 0.449219 0.412109 0.445312 0.416016 0.445312 0.417969 0.449219 0.421875 0.449219 0.423828 0.451172 0.425781 0.453125 0.423828 0.451172 0.421875 0.453125 0.419922 0.453125 0.417969 0.451172 0.416016 0.451172 0.414062
0 0.458984 0.419922 0.458984 0.423828 0.462891 0.427734 0.468750 0.427734 0.474609 0.431641 0.476562 0.431641 0.478516 0.429688 0.478516 0.427734 0.468750 0.417969 0.466797 0.417969 0.464844 0.416016
0 0.412109 0.423828 0.414062 0.425781 0.417969 0.425781 0.421875 0.421875 0.419922 0.419922 0.414062 0.419922 0.412109 0.421875
0 0.353516 0.431641 0.349609 0.435547 0.353516 0.439453 0.357422 0.435547
0 0.367188 0.437500 0.363281 0.441406 0.369141 0.447266 0.373047 0.443359 0.373047 0.441406 0.369141 0.437500
0 0.484375 0.437500 0.482422 0.439453 0.482422 0.443359 0.484375 0.445312 0.486328 0.445312 0.490234 0.441406 0.486328 0.437500
0 0.451172 0.443359 0.449219 0.445312 0.449219 0.447266 0.451172 0.449219 0.449219 0.451172 0.449219 0.455078 0.453125 0.458984 0.457031 0.458984 0.458984 0.457031 0.458984 0.447266 0.457031 0.445312 0.455078 0.447266
0 0.591797 0.443359 0.589844 0.445312 0.589844 0.447266 0.593750 0.451172 0.595703 0.451172 0.599609 0.447266 0.595703 0.443359
0 0.503906 0.453125 0.500000 0.457031 0.503906 0.460938 0.507812 0.460938 0.509766 0.458984 0.509766 0.457031 0.505859 0.453125
0 0.363281 0.458984 0.361328 0.460938 0.359375 0.460938 0.357422 0.462891 0.357422 0.466797 0.359375 0.468750 0.361328 0.468750 0.363281 0.470703 0.367188 0.466797 0.367188 0.462891
0 0.406250 0.458984 0.402344 0.462891 0.402344 0.464844 0.400391 0.466797 0.400391 0.470703 0.402344 0.472656 0.404297 0.472656 0.408203 0.468750 0.408203 0.460938
0 0.718750 0.457031 0.716797 0.458984 0.716797 0.460938 0.718750 0.462891 0.720703 0.462891 0.722656 0.460938 0.722656 0.458984 0.720703 0.457031
0 0.425781 0.460938 0.423828 0.462891 0.423828 0.468750 0.427734 0.472656 0.429688 0.472656 0.431641 0.470703 0.431641 0.466797 0.429688 0.464844 0.429688 0.462891 0.427734 0.460938
1 0.464844 0.460938 0.462891 0.460938 0.460938 0.462891 0.462891 0.464844 0.462891 0.466797 0.458984 0.470703 0.458984 0.472656 0.457031 0.474609 0.457031 0.476562 0.458984 0.478516 0.462891 0.474609 0.462891 0.472656 0.466797 0.468750 0.466797 0.462891
0 0.480469 0.466797 0.476562 0.470703 0.476562 0.472656 0.480469 0.476562 0.482422 0.476562 0.484375 0.474609 0.484375 0.468750 0.482422 0.466797
0 0.576172 0.466797 0.572266 0.470703 0.572266 0.474609 0.576172 0.478516 0.580078 0.478516 0.583984 0.474609 0.583984 0.472656 0.578125 0.466797
0 0.392578 0.474609 0.388672 0.478516 0.392578 0.482422 0.394531 0.482422 0.398438 0.478516 0.394531 0.474609
0 0.500000 0.472656 0.498047 0.472656 0.492188 0.478516 0.492188 0.482422 0.490234 0.484375 0.490234 0.492188 0.492188 0.494141 0.494141 0.494141 0.500000 0.488281 0.503906 0.488281 0.509766 0.482422 0.507812 0.480469 0.507812 0.478516 0.503906 0.474609 0.501953 0.474609
0 0.537109 0.484375 0.529297 0.492188 0.529297 0.503906 0.537109 0.513672 0.541016 0.515625 0.548828 0.515625 0.554688 0.509766 0.556641 0.501953 0.558594 0.500000 0.558594 0.496094 0.550781 0.488281 0.542969 0.484375
0 0.603516 0.486328 0.599609 0.486328 0.593750 0.492188 0.593750 0.494141 0.591797 0.496094 0.591797 0.500000 0.593750 0.501953 0.595703 0.500000 0.597656 0.500000 0.601562 0.496094 0.603516 0.496094 0.605469 0.494141 0.605469 0.492188 0.607422 0.490234
0 0.347656 0.492188 0.347656 0.494141 0.349609 0.496094 0.357422 0.496094 0.359375 0.494141 0.355469 0.490234 0.349609 0.490234
0 0.429688 0.501953 0.425781 0.505859 0.425781 0.507812 0.431641 0.513672 0.435547 0.509766 0.435547 0.507812
0 0.457031 0.500000 0.455078 0.501953 0.457031 0.503906 0.458984 0.501953
0 0.687500 0.513672 0.683594 0.517578 0.687500 0.521484 0.691406 0.517578
0 0.498047 0.525391 0.494141 0.529297 0.498047 0.533203 0.501953 0.529297
0 0.427734 0.535156 0.429688 0.542969 0.437500 0.554688 0.449219 0.554688 0.455078 0.548828 0.458984 0.548828 0.462891 0.552734 0.466797 0.550781 0.462891 0.546875 0.460938 0.548828 0.455078 0.542969 0.451172 0.535156 0.445312 0.533203 0.437500 0.527344 0.433594 0.527344
0 0.539062 0.535156 0.535156 0.539062 0.541016 0.544922 0.544922 0.541016 0.544922 0.539062 0.541016 0.535156
0 0.472656 0.576172 0.472656 0.578125 0.476562 0.582031 0.478516 0.582031 0.480469 0.583984 0.482422 0.583984 0.484375 0.582031 0.486328 0.582031 0.488281 0.580078 0.488281 0.574219 0.486328 0.572266 0.478516 0.572266 0.476562 0.574219 0.474609 0.574219
0 0.419922 0.589844 0.419922 0.593750 0.421875 0.595703 0.427734 0.595703 0.429688 0.593750 0.437500 0.595703 0.449219 0.613281 0.453125 0.613281 0.457031 0.609375 0.455078 0.607422 0.455078 0.601562 0.451172 0.595703 0.451172 0.591797 0.445312 0.585938 0.441406 0.576172 0.437500 0.576172
0 0.609375 0.583984 0.607422 0.585938 0.607422 0.589844 0.609375 0.591797 0.613281 0.591797 0.617188 0.587891 0.617188 0.585938 0.615234 0.583984
0 0.630859 0.582031 0.628906 0.583984 0.628906 0.585938 0.630859 0.587891 0.632812 0.585938 0.632812 0.583984
0 0.691406 0.591797 0.687500 0.595703 0.691406 0.599609 0.695312 0.595703
0 0.794922 0.591797 0.791016 0.597656 0.791016 0.603516 0.796875 0.609375 0.798828 0.609375 0.804688 0.603516 0.804688 0.601562 0.808594 0.595703 0.806641 0.593750 0.796875 0.593750
0 0.291016 0.595703 0.289062 0.597656 0.291016 0.599609 0.292969 0.599609 0.294922 0.597656 0.292969 0.595703
0 0.591797 0.593750 0.587891 0.593750 0.582031 0.597656 0.582031 0.601562 0.580078 0.603516 0.580078 0.607422 0.583984 0.611328 0.585938 0.611328 0.587891 0.609375 0.591797 0.609375 0.599609 0.601562
0 0.656250 0.613281 0.650391 0.619141 0.650391 0.623047 0.654297 0.626953 0.658203 0.626953 0.662109 0.623047 0.662109 0.619141
0 0.531250 0.621094 0.525391 0.626953 0.525391 0.630859 0.527344 0.632812 0.527344 0.634766 0.533203 0.640625 0.537109 0.640625 0.541016 0.636719 0.541016 0.634766 0.539062 0.632812 0.539062 0.628906
0 0.976562 0.636719 0.974609 0.638672 0.974609 0.640625 0.976562 0.642578 0.978516 0.642578 0.980469 0.640625 0.980469 0.638672 0.978516 0.636719
0 0.941406 0.640625 0.939453 0.642578 0.939453 0.646484 0.941406 0.648438 0.945312 0.644531
0 0.669922 0.660156 0.666016 0.664062 0.669922 0.667969 0.671875 0.667969 0.673828 0.666016 0.673828 0.664062
0 0.636719 0.669922 0.632812 0.673828 0.632812 0.675781 0.636719 0.679688 0.638672 0.679688 0.642578 0.675781
0 0.886719 0.669922 0.882812 0.673828 0.882812 0.675781 0.886719 0.679688 0.888672 0.679688 0.892578 0.675781 0.892578 0.673828 0.888672 0.669922
0 0.826172 0.673828 0.824219 0.673828 0.822266 0.675781 0.822266 0.677734 0.824219 0.679688 0.828125 0.675781
0 0.935547 0.679688 0.933594 0.681641 0.933594 0.683594 0.935547 0.685547 0.937500 0.683594 0.937500 0.681641
0 0.818359 0.693359 0.814453 0.697266 0.814453 0.701172 0.816406 0.703125 0.818359 0.703125 0.820312 0.705078 0.824219 0.701172 0.824219 0.697266 0.820312 0.693359
0 0.929688 0.707031 0.923828 0.701172 0.921875 0.701172 0.919922 0.703125 0.917969 0.703125 0.912109 0.708984 0.916016 0.712891 0.923828 0.712891
0 0.992188 0.710938 0.988281 0.714844 0.988281 0.718750 0.986328 0.720703 0.986328 0.724609 0.990234 0.728516 0.998047 0.728516 0.998047 0.714844 0.994141 0.710938
0 0.751953 0.716797 0.750000 0.716797 0.748047 0.718750 0.746094 0.718750 0.742188 0.722656 0.742188 0.724609 0.740234 0.726562 0.744141 0.730469 0.744141 0.732422 0.748047 0.736328 0.751953 0.736328 0.755859 0.732422 0.755859 0.720703
0 0.871094 0.718750 0.871094 0.722656 0.875000 0.726562 0.878906 0.722656 0.882812 0.726562 0.884766 0.730469 0.884766 0.736328 0.888672 0.740234 0.896484 0.740234 0.902344 0.734375 0.902344 0.730469 0.896484 0.720703 0.888672 0.718750 0.884766 0.722656 0.882812 0.722656 0.875000 0.716797
0 0.955078 0.718750 0.951172 0.718750 0.949219 0.720703 0.947266 0.720703 0.943359 0.724609 0.943359 0.732422 0.945312 0.734375 0.947266 0.734375 0.951172 0.738281 0.960938 0.728516 0.960938 0.724609
0 0.310547 0.730469 0.308594 0.732422 0.310547 0.734375 0.312500 0.734375 0.314453 0.732422 0.312500 0.730469
0 0.861328 0.736328 0.855469 0.740234 0.855469 0.748047 0.869141 0.755859 0.865234 0.763672 0.865234 0.781250 0.871094 0.787109 0.882812 0.787109 0.890625 0.779297 0.888672 0.767578 0.892578 0.759766 0.884766 0.753906 0.871094 0.753906 0.867188 0.750000 0.871094 0.744141
0 0.958984 0.750000 0.957031 0.751953 0.958984 0.753906 0.960938 0.753906 0.962891 0.751953 0.960938 0.750000
0 0.486328 0.771484 0.484375 0.771484 0.480469 0.775391 0.480469 0.777344 0.484375 0.781250 0.488281 0.777344 0.488281 0.773438
0 0.972656 0.771484 0.970703 0.773438 0.970703 0.775391 0.972656 0.777344 0.976562 0.777344 0.978516 0.775391 0.978516 0.773438 0.976562 0.771484
0 0.783203 0.830078 0.796875 0.837891 0.808594 0.830078 0.812500 0.830078 0.814453 0.826172 0.804688 0.818359 0.804688 0.814453 0.810547 0.808594 0.814453 0.808594 0.822266 0.816406 0.824219 0.822266 0.830078 0.824219 0.845703 0.812500 0.851562 0.812500 0.857422 0.818359 0.863281 0.818359 0.867188 0.814453 0.867188 0.804688 0.859375 0.800781 0.849609 0.806641 0.843750 0.800781 0.841797 0.794922 0.832031 0.789062 0.822266 0.791016 0.810547 0.779297 0.802734 0.791016 0.791016 0.800781 0.792969 0.810547 0.783203 0.824219
0 0.505859 0.783203 0.501953 0.787109 0.501953 0.789062 0.505859 0.792969 0.507812 0.792969 0.511719 0.789062 0.509766 0.787109 0.509766 0.785156 0.507812 0.783203
1 0.904297 0.791016 0.904297 0.794922 0.906250 0.796875 0.908203 0.796875 0.910156 0.798828 0.916016 0.798828 0.921875 0.806641 0.927734 0.806641 0.933594 0.800781 0.933594 0.794922 0.931641 0.792969 0.919922 0.792969 0.912109 0.787109 0.910156 0.789062 0.906250 0.789062
0 0.962891 0.791016 0.960938 0.792969 0.962891 0.794922 0.964844 0.792969
0 0.732422 0.802734 0.730469 0.804688 0.730469 0.808594 0.728516 0.810547 0.730469 0.812500 0.730469 0.814453 0.736328 0.820312 0.742188 0.814453 0.742188 0.808594 0.740234 0.806641 0.740234 0.804688 0.738281 0.802734
0 0.462891 0.804688 0.460938 0.806641 0.460938 0.810547 0.462891 0.812500 0.464844 0.812500 0.466797 0.810547 0.466797 0.808594
0 0.759766 0.814453 0.755859 0.818359 0.755859 0.826172 0.759766 0.830078 0.763672 0.830078 0.767578 0.826172 0.767578 0.818359 0.763672 0.814453
0 0.443359 0.816406 0.439453 0.820312 0.443359 0.824219 0.447266 0.820312
0 0.656250 0.820312 0.654297 0.822266 0.654297 0.824219 0.656250 0.826172 0.658203 0.824219 0.658203 0.822266
0 0.466797 0.826172 0.464844 0.828125 0.464844 0.832031 0.472656 0.839844 0.474609 0.839844 0.476562 0.841797 0.480469 0.837891 0.480469 0.833984 0.476562 0.830078 0.474609 0.830078 0.470703 0.826172
0 0.740234 0.824219 0.736328 0.828125 0.738281 0.830078 0.740234 0.830078 0.742188 0.828125 0.742188 0.826172
0 0.542969 0.830078 0.539062 0.833984 0.539062 0.835938 0.542969 0.839844 0.546875 0.835938 0.546875 0.833984
0 0.980469 0.828125 0.974609 0.833984 0.978516 0.837891 0.978516 0.839844 0.980469 0.841797 0.982422 0.841797 0.986328 0.837891 0.986328 0.832031 0.982422 0.828125
0 0.431641 0.832031 0.429688 0.833984 0.429688 0.835938 0.427734 0.837891 0.433594 0.843750 0.437500 0.839844 0.437500 0.835938 0.433594 0.832031
0 0.490234 0.841797 0.488281 0.843750 0.488281 0.845703 0.490234 0.847656 0.492188 0.845703 0.492188 0.843750
0 0.953125 0.841797 0.945312 0.841797 0.937500 0.849609 0.937500 0.857422 0.935547 0.859375 0.941406 0.871094 0.941406 0.880859 0.945312 0.884766 0.951172 0.880859 0.951172 0.875000 0.957031 0.869141 0.958984 0.869141 0.962891 0.863281 0.962891 0.853516
0 0.691406 0.845703 0.685547 0.851562 0.685547 0.861328 0.687500 0.863281 0.687500 0.865234 0.691406 0.869141 0.699219 0.869141 0.703125 0.865234 0.703125 0.863281 0.705078 0.861328 0.705078 0.851562 0.701172 0.847656 0.699219 0.847656 0.697266 0.845703
0 0.730469 0.855469 0.734375 0.869141 0.742188 0.875000 0.748047 0.875000 0.761719 0.886719 0.777344 0.886719 0.791016 0.892578 0.804688 0.886719 0.796875 0.871094 0.796875 0.861328 0.800781 0.855469 0.796875 0.847656 0.785156 0.851562 0.761719 0.849609 0.753906 0.855469 0.740234 0.847656
0 0.921875 0.853516 0.917969 0.857422 0.917969 0.859375 0.919922 0.861328 0.921875 0.861328 0.923828 0.859375 0.923828 0.855469
0 0.650391 0.859375 0.646484 0.863281 0.650391 0.867188 0.652344 0.865234 0.652344 0.861328
0 0.537109 0.869141 0.535156 0.871094 0.537109 0.873047 0.539062 0.871094
0 0.570312 0.867188 0.566406 0.867188 0.564453 0.869141 0.564453 0.873047 0.566406 0.875000 0.568359 0.875000 0.572266 0.871094 0.572266 0.869141
0 0.751953 0.890625 0.744141 0.884766 0.734375 0.896484 0.722656 0.898438 0.707031 0.886719 0.689453 0.888672 0.685547 0.894531 0.695312 0.910156 0.695312 0.925781 0.707031 0.927734 0.714844 0.923828 0.722656 0.914062 0.736328 0.912109 0.751953 0.896484
0 0.685547 0.908203 0.675781 0.904297 0.662109 0.916016 0.644531 0.916016 0.634766 0.921875 0.623047 0.916016 0.615234 0.917969 0.607422 0.925781 0.607422 0.933594 0.597656 0.947266 0.599609 0.958984 0.605469 0.966797 0.636719 0.970703 0.644531 0.986328 0.640625 0.990234 0.628906 0.980469 0.615234 0.992188 0.603516 0.988281 0.587891 0.998047 0.648438 0.998047 0.660156 0.982422 0.664062 0.988281 0.658203 0.998047 0.681641 0.998047 0.677734 0.990234 0.689453 0.978516 0.689453 0.968750 0.669922 0.955078 0.679688 0.947266 0.677734 0.937500 0.689453 0.914062
0 0.365234 0.906250 0.361328 0.910156 0.361328 0.912109 0.365234 0.916016 0.369141 0.916016 0.371094 0.914062 0.371094 0.908203 0.369141 0.906250
0 0.597656 0.906250 0.593750 0.906250 0.591797 0.908203 0.591797 0.919922 0.593750 0.921875 0.597656 0.917969 0.597656 0.912109 0.599609 0.910156 0.599609 0.908203
0 0.197266 0.916016 0.193359 0.919922 0.193359 0.921875 0.197266 0.925781 0.201172 0.925781 0.203125 0.923828 0.203125 0.921875 0.205078 0.919922 0.201172 0.916016
0 0.480469 0.914062 0.478516 0.916016 0.478516 0.917969 0.486328 0.925781 0.486328 0.929688 0.492188 0.935547 0.498047 0.935547 0.501953 0.931641 0.501953 0.925781 0.500000 0.923828 0.500000 0.921875 0.486328 0.914062
0 0.736328 0.921875 0.734375 0.923828 0.734375 0.929688 0.736328 0.931641 0.742188 0.931641 0.744141 0.929688 0.744141 0.923828 0.742188 0.921875
0 0.759766 0.921875 0.755859 0.925781 0.757812 0.927734 0.759766 0.927734 0.761719 0.925781 0.761719 0.923828
0 0.779297 0.929688 0.777344 0.931641 0.777344 0.935547 0.781250 0.939453 0.785156 0.935547 0.785156 0.933594 0.781250 0.929688
0 0.794922 0.933594 0.792969 0.935547 0.794922 0.937500 0.796875 0.937500 0.798828 0.935547 0.796875 0.933594
0 0.837891 0.933594 0.835938 0.935547 0.832031 0.935547 0.828125 0.939453 0.828125 0.947266 0.830078 0.949219 0.830078 0.951172 0.835938 0.955078 0.839844 0.955078 0.843750 0.951172 0.845703 0.951172 0.847656 0.949219 0.851562 0.949219 0.853516 0.947266 0.853516 0.945312 0.849609 0.941406 0.847656 0.941406 0.841797 0.935547 0.839844 0.935547
0 0.876953 0.939453 0.875000 0.941406 0.875000 0.943359 0.876953 0.945312 0.880859 0.945312 0.882812 0.943359 0.882812 0.941406 0.880859 0.939453
0 0.787109 0.943359 0.785156 0.945312 0.785156 0.949219 0.783203 0.951172 0.789062 0.957031 0.791016 0.957031 0.794922 0.953125 0.794922 0.947266 0.791016 0.943359
1 0.505859 0.951172 0.501953 0.955078 0.501953 0.957031 0.500000 0.958984 0.503906 0.962891 0.509766 0.964844 0.513672 0.968750 0.513672 0.972656 0.517578 0.976562 0.519531 0.976562 0.521484 0.974609 0.521484 0.968750 0.515625 0.962891 0.515625 0.958984 0.513672 0.957031 0.513672 0.953125 0.511719 0.951172
0 0.742188 0.960938 0.740234 0.960938 0.738281 0.962891 0.736328 0.962891 0.734375 0.964844 0.734375 0.968750 0.732422 0.970703 0.732422 0.974609 0.730469 0.976562 0.732422 0.978516 0.734375 0.978516 0.738281 0.974609 0.740234 0.974609 0.746094 0.968750 0.746094 0.964844
1 0.839844 0.974609 0.832031 0.966797 0.820312 0.964844 0.798828 0.984375 0.781250 0.980469 0.773438 0.968750 0.767578 0.974609 0.769531 0.978516 0.757812 0.986328 0.750000 0.998047 0.835938 0.998047
0 0.873047 0.964844 0.867188 0.968750 0.863281 0.968750 0.859375 0.974609 0.859375 0.984375 0.857422 0.986328 0.857422 0.990234 0.861328 0.998047 0.878906 0.998047 0.878906 0.994141 0.884766 0.984375 0.882812 0.982422 0.882812 0.974609 0.880859 0.970703
0 0.998047 0.968750 0.978516 0.986328 0.978516 0.998047 0.992188 0.998047 0.992188 0.994141 0.996094 0.990234 0.998047 0.990234
0 0.234375 0.972656 0.228516 0.976562 0.228516 0.980469 0.226562 0.982422 0.228516 0.984375 0.228516 0.986328 0.234375 0.992188 0.240234 0.992188 0.244141 0.988281 0.244141 0.978516 0.240234 0.974609 0.238281 0.974609 0.236328 0.972656
0 0.566406 0.982422 0.560547 0.988281 0.560547 0.992188 0.558594 0.994141 0.560547 0.996094 0.560547 0.998047 0.574219 0.998047 0.574219 0.996094 0.576172 0.994141 0.576172 0.988281 0.570312 0.982422
0 0.455078 0.994141 0.455078 0.998047 0.476562 0.998047 0.476562 0.992188 0.470703 0.986328 0.460938 0.986328 0.457031 0.990234 0.457031 0.992188
