0 0.992188 0.085938 0.990234 0.087891 0.992188 0.089844 0.994141 0.089844 0.996094 0.087891 0.994141 0.085938
1 0.000000 0.142578 0.033203 0.341797 0.000000 0.337891 0.033203 0.455078 0.000000 0.662109 0.083984 0.667969 0.072266 0.751953 0.156250 0.791016 0.146484 0.873047 0.208984 0.998047 0.232422 0.912109 0.308594 0.900391 0.236328 0.876953 0.289062 0.812500 0.425781 0.814453 0.421875 0.890625 0.527344 0.808594 0.488281 0.765625 0.480469 0.833984 0.351562 0.800781 0.316406 0.753906 0.248047 0.771484 0.253906 0.822266 0.179688 0.826172 0.179688 0.761719 0.394531 0.714844 0.480469 0.648438 0.460938 0.603516 0.451172 0.662109 0.371094 0.589844 0.427734 0.650391 0.359375 0.695312 0.167969 0.730469 0.113281 0.705078 0.091797 0.572266 0.156250 0.501953 0.261719 0.494141 0.126953 0.505859 0.085938 0.425781 0.101562 0.210938
0 0.339844 0.330078 0.335938 0.333984 0.335938 0.337891 0.339844 0.341797 0.343750 0.341797 0.347656 0.337891 0.347656 0.333984 0.343750 0.330078
0 0.259766 0.332031 0.255859 0.335938 0.255859 0.337891 0.257812 0.339844 0.259766 0.339844 0.261719 0.337891 0.261719 0.333984
0 0.314453 0.332031 0.310547 0.335938 0.310547 0.337891 0.312500 0.339844 0.314453 0.339844 0.318359 0.335938
0 0.177734 0.345703 0.175781 0.345703 0.171875 0.349609 0.175781 0.353516 0.179688 0.349609 0.179688 0.347656
1 0.267578 0.345703 0.265625 0.347656 0.265625 0.349609 0.267578 0.351562 0.269531 0.351562 0.277344 0.359375 0.279297 0.359375 0.281250 0.357422 0.281250 0.355469 0.283203 0.353516 0.283203 0.351562 0.281250 0.349609 0.273438 0.349609 0.269531 0.345703
0 0.289062 0.357422 0.289062 0.361328 0.292969 0.365234 0.294922 0.365234 0.296875 0.367188 0.302734 0.367188 0.304688 0.369141 0.306641 0.369141 0.310547 0.365234 0.310547 0.361328 0.306641 0.357422 0.302734 0.357422 0.300781 0.355469 0.296875 0.355469 0.294922 0.353516 0.292969 0.353516
0 0.386719 0.361328 0.384766 0.363281 0.384766 0.369141 0.386719 0.371094 0.386719 0.373047 0.390625 0.376953 0.392578 0.375000 0.394531 0.376953 0.396484 0.376953 0.402344 0.371094 0.402344 0.367188 0.396484 0.361328
0 0.218750 0.371094 0.220703 0.373047 0.222656 0.373047 0.224609 0.375000 0.226562 0.375000 0.230469 0.371094 0.226562 0.367188 0.224609 0.367188 0.222656 0.369141 0.220703 0.369141
0 0.332031 0.371094 0.330078 0.373047 0.330078 0.376953 0.332031 0.378906 0.335938 0.378906 0.337891 0.376953 0.337891 0.373047 0.335938 0.371094
0 0.136719 0.386719 0.134766 0.388672 0.134766 0.392578 0.138672 0.396484 0.142578 0.392578 0.142578 0.390625 0.138672 0.386719
0 0.320312 0.392578 0.318359 0.394531 0.318359 0.398438 0.320312 0.400391 0.322266 0.400391 0.324219 0.402344 0.326172 0.402344 0.330078 0.398438 0.328125 0.396484 0.328125 0.394531 0.326172 0.392578
0 0.132812 0.402344 0.130859 0.402344 0.128906 0.404297 0.128906 0.408203 0.130859 0.410156 0.134766 0.406250 0.134766 0.404297
0 0.123047 0.419922 0.119141 0.423828 0.121094 0.425781 0.123047 0.425781 0.125000 0.423828 0.125000 0.421875
0 0.451172 0.417969 0.449219 0.417969 0.447266 0.419922 0.445312 0.419922 0.443359 0.421875 0.443359 0.427734 0.445312 0.429688 0.449219 0.429688 0.453125 0.425781 0.453125 0.419922
0 0.335938 0.421875 0.328125 0.429688 0.330078 0.445312 0.324219 0.460938 0.326172 0.464844 0.316406 0.476562 0.326172 0.484375 0.351562 0.478516 0.363281 0.486328 0.373047 0.478516 0.369141 0.464844 0.371094 0.453125 0.367188 0.447266 0.355469 0.447266 0.351562 0.443359 0.353516 0.429688 0.347656 0.423828
0 0.480469 0.425781 0.478516 0.427734 0.480469 0.429688 0.482422 0.429688 0.484375 0.427734 0.482422 0.425781
0 0.109375 0.429688 0.105469 0.433594 0.105469 0.435547 0.107422 0.437500 0.107422 0.439453 0.109375 0.441406 0.111328 0.441406 0.115234 0.437500 0.115234 0.435547
0 0.435547 0.431641 0.433594 0.433594 0.433594 0.435547 0.435547 0.437500 0.437500 0.437500 0.439453 0.435547 0.439453 0.433594 0.437500 0.431641
0 0.398438 0.435547 0.394531 0.435547 0.390625 0.439453 0.390625 0.443359 0.388672 0.445312 0.392578 0.449219 0.392578 0.451172 0.394531 0.453125 0.396484 0.453125 0.402344 0.447266 0.406250 0.447266 0.408203 0.445312
0 0.511719 0.433594 0.509766 0.435547 0.511719 0.437500 0.513672 0.437500 0.515625 0.435547 0.513672 0.433594
0 0.589844 0.435547 0.587891 0.437500 0.587891 0.443359 0.591797 0.447266 0.595703 0.447266 0.597656 0.445312 0.597656 0.439453 0.593750 0.435547
0 0.480469 0.455078 0.476562 0.455078 0.474609 0.457031 0.474609 0.462891 0.478516 0.466797 0.482422 0.462891 0.482422 0.457031
1 0.541016 0.457031 0.539062 0.455078 0.535156 0.458984 0.533203 0.457031 0.529297 0.460938 0.527344 0.458984 0.525391 0.458984 0.523438 0.460938 0.523438 0.462891 0.525391 0.464844 0.527344 0.464844 0.531250 0.460938 0.533203 0.460938 0.535156 0.458984 0.537109 0.460938 0.539062 0.460938 0.541016 0.458984
0 0.492188 0.462891 0.490234 0.464844 0.490234 0.468750 0.492188 0.470703 0.494141 0.470703 0.498047 0.466797 0.494141 0.462891
0 0.919922 0.462891 0.916016 0.466797 0.916016 0.472656 0.919922 0.476562 0.923828 0.476562 0.927734 0.472656 0.927734 0.470703 0.929688 0.468750 0.923828 0.462891
0 0.439453 0.466797 0.437500 0.468750 0.437500 0.470703 0.439453 0.472656 0.441406 0.472656 0.443359 0.470703 0.443359 0.468750 0.441406 0.466797
0 0.392578 0.472656 0.388672 0.476562 0.390625 0.478516 0.392578 0.478516 0.394531 0.476562 0.394531 0.474609
0 0.285156 0.476562 0.277344 0.484375 0.273438 0.484375 0.265625 0.490234 0.269531 0.492188 0.279297 0.501953 0.283203 0.503906 0.289062 0.503906 0.291016 0.505859 0.294922 0.503906 0.296875 0.500000 0.289062 0.490234 0.291016 0.486328 0.291016 0.480469 0.287109 0.476562
1 0.421875 0.482422 0.419922 0.484375 0.419922 0.490234 0.412109 0.498047 0.412109 0.501953 0.414062 0.503906 0.417969 0.503906 0.421875 0.500000 0.421875 0.498047 0.423828 0.496094 0.423828 0.492188 0.425781 0.490234 0.423828 0.488281 0.423828 0.484375
1 0.541016 0.486328 0.535156 0.482422 0.527344 0.486328 0.521484 0.480469 0.519531 0.480469 0.509766 0.492188 0.505859 0.492188 0.500000 0.496094 0.501953 0.498047 0.507812 0.498047 0.511719 0.501953 0.517578 0.501953 0.527344 0.494141 0.537109 0.494141
0 0.597656 0.490234 0.595703 0.492188 0.595703 0.494141 0.597656 0.496094 0.599609 0.494141 0.599609 0.492188
0 0.550781 0.496094 0.550781 0.500000 0.556641 0.505859 0.562500 0.505859 0.566406 0.501953 0.564453 0.500000 0.564453 0.498047 0.560547 0.494141 0.552734 0.494141
0 0.943359 0.496094 0.937500 0.501953 0.937500 0.515625 0.941406 0.523438 0.949219 0.529297 0.960938 0.525391 0.966797 0.517578 0.966797 0.509766 0.964844 0.505859 0.960938 0.501953 0.949219 0.496094
1 0.443359 0.505859 0.437500 0.511719 0.435547 0.519531 0.441406 0.527344 0.441406 0.531250 0.443359 0.533203 0.441406 0.537109 0.445312 0.541016 0.453125 0.542969 0.458984 0.537109 0.458984 0.535156 0.453125 0.527344 0.449219 0.511719
0 0.523438 0.507812 0.519531 0.511719 0.519531 0.515625 0.523438 0.519531 0.527344 0.519531 0.531250 0.515625 0.531250 0.509766 0.529297 0.507812
0 0.824219 0.521484 0.822266 0.523438 0.822266 0.525391 0.824219 0.527344 0.826172 0.525391 0.826172 0.523438
1 0.582031 0.531250 0.580078 0.529297 0.574219 0.529297 0.572266 0.531250 0.572266 0.533203 0.570312 0.535156 0.570312 0.537109 0.564453 0.542969 0.566406 0.544922 0.568359 0.544922 0.574219 0.539062 0.578125 0.539062 0.582031 0.535156
0 0.824219 0.531250 0.822266 0.533203 0.824219 0.535156 0.826172 0.533203
1 0.560547 0.544922 0.554688 0.539062 0.552734 0.539062 0.550781 0.537109 0.541016 0.542969 0.537109 0.542969 0.533203 0.546875 0.533203 0.550781 0.537109 0.554688 0.539062 0.552734 0.541016 0.552734 0.544922 0.548828 0.556641 0.548828
0 0.970703 0.542969 0.966797 0.546875 0.966797 0.550781 0.970703 0.554688 0.972656 0.554688 0.978516 0.548828 0.972656 0.542969
0 0.371094 0.550781 0.369141 0.552734 0.369141 0.554688 0.371094 0.556641 0.373047 0.554688 0.373047 0.552734
0 0.937500 0.550781 0.935547 0.552734 0.935547 0.556641 0.937500 0.558594 0.939453 0.558594 0.941406 0.556641 0.941406 0.552734 0.939453 0.550781
0 0.492188 0.560547 0.488281 0.556641 0.480469 0.560547 0.468750 0.560547 0.466797 0.558594 0.458984 0.566406 0.460938 0.568359 0.460938 0.574219 0.458984 0.576172 0.462891 0.583984 0.466797 0.582031 0.476562 0.582031 0.488281 0.591797 0.492188 0.587891 0.484375 0.572266 0.492188 0.564453
0 0.566406 0.558594 0.564453 0.560547 0.564453 0.566406 0.568359 0.570312 0.572266 0.570312 0.576172 0.566406 0.576172 0.562500 0.572266 0.558594
0 0.224609 0.564453 0.220703 0.564453 0.218750 0.566406 0.218750 0.572266 0.222656 0.576172 0.226562 0.572266 0.226562 0.566406
0 0.423828 0.578125 0.419922 0.582031 0.421875 0.583984 0.423828 0.583984 0.425781 0.582031 0.425781 0.580078
0 0.529297 0.580078 0.523438 0.585938 0.523438 0.591797 0.525391 0.593750 0.525391 0.595703 0.523438 0.597656 0.529297 0.603516 0.537109 0.603516 0.539062 0.601562 0.539062 0.595703 0.542969 0.591797 0.544922 0.593750 0.546875 0.591797 0.546875 0.587891 0.544922 0.585938 0.542969 0.587891 0.539062 0.587891 0.531250 0.580078
0 0.914062 0.580078 0.910156 0.583984 0.912109 0.585938 0.914062 0.585938 0.916016 0.583984 0.916016 0.582031
0 0.580078 0.582031 0.576172 0.585938 0.580078 0.589844 0.583984 0.585938
0 0.855469 0.585938 0.851562 0.589844 0.851562 0.591797 0.853516 0.593750 0.855469 0.593750 0.857422 0.595703 0.859375 0.593750 0.859375 0.591797 0.861328 0.589844 0.857422 0.585938
0 0.955078 0.589844 0.953125 0.591797 0.955078 0.593750 0.955078 0.595703 0.958984 0.599609 0.962891 0.599609 0.966797 0.595703 0.966797 0.591797 0.962891 0.587891 0.958984 0.587891 0.957031 0.589844
0 0.441406 0.599609 0.437500 0.603516 0.439453 0.605469 0.441406 0.605469 0.443359 0.603516 0.443359 0.601562
0 0.214844 0.605469 0.212891 0.607422 0.216797 0.611328 0.218750 0.609375 0.218750 0.607422 0.216797 0.605469
0 0.492188 0.609375 0.488281 0.613281 0.480469 0.613281 0.476562 0.617188 0.472656 0.626953 0.480469 0.632812 0.492188 0.646484 0.498047 0.648438 0.505859 0.642578 0.507812 0.638672 0.507812 0.628906 0.503906 0.623047 0.498047 0.621094 0.494141 0.617188 0.494141 0.611328
0 0.699219 0.609375 0.693359 0.621094 0.697266 0.632812 0.705078 0.642578 0.712891 0.646484 0.722656 0.644531 0.730469 0.634766 0.726562 0.621094 0.714844 0.613281
0 0.771484 0.621094 0.769531 0.623047 0.769531 0.625000 0.767578 0.626953 0.767578 0.628906 0.771484 0.632812 0.775391 0.632812 0.779297 0.628906 0.779297 0.626953 0.777344 0.625000 0.777344 0.623047 0.775391 0.621094
0 0.623047 0.625000 0.621094 0.626953 0.621094 0.630859 0.623047 0.632812 0.626953 0.628906
0 0.316406 0.634766 0.312500 0.634766 0.310547 0.636719 0.310547 0.642578 0.312500 0.644531 0.314453 0.644531 0.318359 0.640625 0.318359 0.636719
1 0.572266 0.632812 0.568359 0.632812 0.566406 0.634766 0.566406 0.642578 0.558594 0.650391 0.558594 0.652344 0.562500 0.656250 0.568359 0.652344 0.568359 0.648438 0.566406 0.646484 0.572266 0.640625 0.574219 0.640625 0.576172 0.638672
1 0.615234 0.636719 0.613281 0.634766 0.611328 0.634766 0.609375 0.636719 0.607422 0.636719 0.605469 0.638672 0.603516 0.638672 0.599609 0.642578 0.599609 0.644531 0.601562 0.646484 0.605469 0.646484 0.607422 0.644531 0.609375 0.644531 0.611328 0.642578 0.613281 0.642578 0.615234 0.640625
0 0.378906 0.642578 0.375000 0.646484 0.375000 0.648438 0.376953 0.650391 0.378906 0.650391 0.380859 0.648438 0.380859 0.644531
0 0.644531 0.654297 0.642578 0.656250 0.644531 0.658203 0.646484 0.658203 0.648438 0.656250 0.646484 0.654297
0 0.687500 0.654297 0.681641 0.654297 0.677734 0.656250 0.671875 0.664062 0.671875 0.669922 0.669922 0.671875 0.669922 0.675781 0.677734 0.685547 0.685547 0.685547 0.695312 0.675781 0.697266 0.671875 0.697266 0.664062 0.695312 0.660156
0 0.757812 0.656250 0.751953 0.662109 0.751953 0.666016 0.755859 0.669922 0.759766 0.669922 0.763672 0.666016 0.763672 0.662109
0 0.621094 0.675781 0.621094 0.667969 0.615234 0.662109 0.611328 0.662109 0.603516 0.667969 0.597656 0.667969 0.593750 0.664062 0.589844 0.664062 0.587891 0.666016 0.595703 0.675781 0.599609 0.675781 0.601562 0.677734 0.605469 0.675781 0.615234 0.681641
0 0.890625 0.667969 0.886719 0.671875 0.890625 0.675781 0.894531 0.671875
0 0.277344 0.685547 0.273438 0.689453 0.273438 0.691406 0.271484 0.693359 0.277344 0.699219 0.281250 0.699219 0.285156 0.695312 0.285156 0.691406 0.279297 0.685547
0 0.550781 0.689453 0.548828 0.689453 0.546875 0.691406 0.546875 0.693359 0.548828 0.695312 0.552734 0.691406
0 0.691406 0.693359 0.687500 0.697266 0.687500 0.701172 0.691406 0.705078 0.693359 0.705078 0.697266 0.701172 0.697266 0.697266 0.693359 0.693359
0 0.751953 0.691406 0.746094 0.697266 0.746094 0.708984 0.751953 0.716797 0.753906 0.716797 0.755859 0.718750 0.759766 0.718750 0.761719 0.716797 0.763672 0.716797 0.767578 0.710938 0.767578 0.699219 0.759766 0.691406
0 0.878906 0.691406 0.876953 0.693359 0.876953 0.695312 0.878906 0.697266 0.880859 0.697266 0.882812 0.695312
0 0.556641 0.695312 0.554688 0.697266 0.556641 0.699219 0.556641 0.701172 0.558594 0.703125 0.560547 0.701172 0.560547 0.699219
0 0.203125 0.701172 0.201172 0.703125 0.199219 0.703125 0.197266 0.705078 0.201172 0.708984 0.203125 0.708984 0.205078 0.707031 0.205078 0.703125
0 0.154297 0.705078 0.152344 0.707031 0.152344 0.708984 0.154297 0.710938 0.156250 0.710938 0.158203 0.708984 0.158203 0.707031 0.156250 0.705078
0 0.435547 0.708984 0.431641 0.712891 0.431641 0.718750 0.433594 0.720703 0.435547 0.720703 0.443359 0.728516 0.445312 0.728516 0.447266 0.730469 0.451172 0.726562 0.451172 0.722656 0.447266 0.718750 0.447266 0.716797 0.439453 0.708984
0 0.675781 0.707031 0.673828 0.708984 0.673828 0.710938 0.675781 0.712891 0.677734 0.710938 0.677734 0.708984
0 0.705078 0.708984 0.695312 0.718750 0.695312 0.720703 0.693359 0.722656 0.699219 0.728516 0.701172 0.728516 0.707031 0.732422 0.712891 0.732422 0.720703 0.726562 0.720703 0.724609 0.722656 0.722656 0.722656 0.718750 0.716797 0.710938 0.712891 0.710938 0.710938 0.708984
0 0.636719 0.722656 0.634766 0.724609 0.634766 0.726562 0.636719 0.728516 0.640625 0.728516 0.642578 0.726562 0.642578 0.724609 0.640625 0.722656
0 0.644531 0.738281 0.640625 0.742188 0.640625 0.761719 0.648438 0.773438 0.644531 0.777344 0.638672 0.771484 0.634766 0.773438 0.625000 0.767578 0.619141 0.773438 0.634766 0.791016 0.650391 0.785156 0.662109 0.798828 0.669922 0.798828 0.675781 0.792969 0.675781 0.787109 0.658203 0.761719 0.656250 0.742188 0.652344 0.738281
0 0.693359 0.744141 0.691406 0.746094 0.691406 0.748047 0.689453 0.750000 0.689453 0.757812 0.691406 0.759766 0.693359 0.759766 0.695312 0.761719 0.697266 0.761719 0.699219 0.759766 0.701172 0.759766 0.703125 0.757812 0.703125 0.750000 0.701172 0.748047 0.701172 0.746094 0.699219 0.744141
0 0.787109 0.744141 0.783203 0.748047 0.785156 0.750000 0.787109 0.750000 0.789062 0.748047 0.789062 0.746094
0 0.740234 0.761719 0.738281 0.763672 0.738281 0.769531 0.742188 0.773438 0.746094 0.769531 0.746094 0.765625 0.742188 0.761719
0 0.835938 0.761719 0.832031 0.765625 0.832031 0.769531 0.830078 0.771484 0.833984 0.775391 0.835938 0.775391 0.837891 0.777344 0.839844 0.775391 0.841797 0.775391 0.843750 0.773438 0.843750 0.767578 0.837891 0.761719
0 0.761719 0.767578 0.755859 0.769531 0.751953 0.773438 0.750000 0.779297 0.742188 0.787109 0.742188 0.791016 0.751953 0.800781 0.753906 0.808594 0.757812 0.812500 0.765625 0.814453 0.773438 0.808594 0.773438 0.796875 0.775391 0.794922 0.773438 0.792969 0.775391 0.791016 0.771484 0.785156 0.773438 0.781250
0 0.380859 0.773438 0.376953 0.777344 0.378906 0.779297 0.380859 0.779297 0.382812 0.777344 0.382812 0.775391
0 0.544922 0.775391 0.541016 0.779297 0.544922 0.783203 0.548828 0.779297
0 0.992188 0.779297 0.988281 0.783203 0.988281 0.787109 0.990234 0.789062 0.990234 0.792969 0.992188 0.794922 0.994141 0.794922 0.996094 0.796875 0.998047 0.796875 0.998047 0.781250 0.996094 0.779297
0 0.587891 0.798828 0.570312 0.783203 0.564453 0.802734 0.556641 0.808594 0.539062 0.810547 0.535156 0.820312 0.541016 0.828125 0.550781 0.830078 0.562500 0.818359 0.572266 0.820312 0.580078 0.816406 0.589844 0.804688
0 0.783203 0.787109 0.787109 0.791016 0.792969 0.791016 0.794922 0.789062 0.789062 0.783203 0.787109 0.783203
0 0.931641 0.798828 0.929688 0.800781 0.931641 0.802734 0.933594 0.800781
0 0.699219 0.802734 0.697266 0.804688 0.699219 0.806641 0.701172 0.804688
0 0.669922 0.816406 0.667969 0.818359 0.667969 0.820312 0.671875 0.824219 0.673828 0.822266 0.673828 0.820312
0 0.757812 0.826172 0.753906 0.822266 0.748047 0.822266 0.742188 0.826172 0.732422 0.818359 0.726562 0.822266 0.710938 0.824219 0.703125 0.839844 0.714844 0.855469 0.730469 0.857422 0.748047 0.837891 0.757812 0.833984
0 0.943359 0.826172 0.941406 0.828125 0.941406 0.830078 0.939453 0.832031 0.945312 0.837891 0.949219 0.837891 0.953125 0.833984 0.953125 0.830078 0.949219 0.826172
0 0.611328 0.828125 0.603516 0.835938 0.603516 0.841797 0.605469 0.843750 0.605469 0.847656 0.611328 0.853516 0.615234 0.853516 0.621094 0.857422 0.625000 0.857422 0.632812 0.847656 0.630859 0.845703 0.630859 0.839844 0.625000 0.832031 0.617188 0.828125
0 0.576172 0.833984 0.570312 0.833984 0.564453 0.839844 0.550781 0.839844 0.548828 0.837891 0.544922 0.837891 0.541016 0.841797 0.541016 0.845703 0.546875 0.855469 0.546875 0.859375 0.550781 0.863281 0.554688 0.863281 0.570312 0.855469 0.576172 0.849609 0.576172 0.843750 0.578125 0.841797 0.578125 0.835938
0 0.525391 0.873047 0.486328 0.875000 0.478516 0.884766 0.478516 0.906250 0.488281 0.917969 0.494141 0.917969 0.521484 0.892578 0.523438 0.880859 0.527344 0.875000
1 0.580078 0.898438 0.585938 0.910156 0.593750 0.912109 0.601562 0.904297 0.615234 0.916016 0.626953 0.916016 0.652344 0.902344 0.658203 0.902344 0.671875 0.916016 0.681641 0.912109 0.681641 0.898438 0.671875 0.886719 0.652344 0.890625 0.630859 0.875000 0.611328 0.873047 0.597656 0.896484 0.585938 0.892578
0 0.726562 0.873047 0.722656 0.873047 0.720703 0.875000 0.720703 0.876953 0.724609 0.880859 0.728516 0.876953 0.728516 0.875000
0 0.986328 0.871094 0.984375 0.873047 0.984375 0.875000 0.988281 0.878906 0.990234 0.878906 0.994141 0.875000 0.990234 0.871094
0 0.904297 0.880859 0.900391 0.884766 0.900391 0.886719 0.902344 0.888672 0.902344 0.890625 0.906250 0.894531 0.908203 0.894531 0.910156 0.892578 0.910156 0.884766 0.906250 0.880859
0 0.353516 0.886719 0.351562 0.888672 0.353516 0.890625 0.355469 0.890625 0.357422 0.888672 0.355469 0.886719
0 0.388672 0.888672 0.386719 0.890625 0.386719 0.894531 0.388672 0.896484 0.390625 0.896484 0.392578 0.894531 0.392578 0.890625 0.390625 0.888672
0 0.433594 0.906250 0.431641 0.908203 0.431641 0.910156 0.429688 0.912109 0.429688 0.919922 0.433594 0.923828 0.437500 0.923828 0.441406 0.919922 0.441406 0.914062 0.439453 0.912109 0.439453 0.908203 0.437500 0.906250
0 0.697266 0.929688 0.701172 0.935547 0.705078 0.935547 0.707031 0.937500 0.720703 0.937500 0.730469 0.927734 0.730469 0.923828 0.722656 0.919922 0.718750 0.916016 0.707031 0.916016 0.701172 0.921875
0 0.457031 0.931641 0.455078 0.933594 0.457031 0.935547 0.458984 0.933594
0 0.996094 0.929688 0.994141 0.931641 0.994141 0.935547 0.996094 0.937500 0.998047 0.937500 0.998047 0.929688
0 0.607422 0.939453 0.605469 0.941406 0.607422 0.943359 0.609375 0.941406
0 0.652344 0.941406 0.650391 0.941406 0.646484 0.945312 0.646484 0.947266 0.650391 0.951172 0.654297 0.947266 0.654297 0.943359
0 0.675781 0.941406 0.671875 0.945312 0.671875 0.955078 0.675781 0.958984 0.677734 0.958984 0.679688 0.960938 0.685547 0.955078 0.685547 0.953125 0.687500 0.951172 0.687500 0.947266 0.681641 0.941406
1 0.464844 0.945312 0.457031 0.945312 0.453125 0.949219 0.453125 0.957031 0.457031 0.960938 0.455078 0.966797 0.439453 0.978516 0.441406 0.992188 0.445312 0.998047 0.453125 0.998047 0.457031 0.992188 0.457031 0.982422 0.464844 0.970703 0.462891 0.962891 0.468750 0.951172
0 0.904297 0.955078 0.900391 0.958984 0.900391 0.962891 0.904297 0.966797 0.908203 0.966797 0.912109 0.962891 0.912109 0.958984 0.910156 0.957031 0.908203 0.957031 0.906250 0.955078
0 0.962891 0.960938 0.960938 0.962891 0.960938 0.968750 0.962891 0.970703 0.964844 0.970703 0.966797 0.972656 0.968750 0.970703 0.968750 0.968750 0.970703 0.966797 0.970703 0.964844 0.966797 0.960938
0 0.812500 0.974609 0.814453 0.980469 0.812500 0.998047 0.859375 0.998047 0.855469 0.994141 0.851562 0.996094 0.839844 0.994141 0.824219 0.978516 0.824219 0.972656 0.818359 0.968750
0 0.613281 0.982422 0.613281 0.994141 0.615234 0.998047 0.640625 0.998047 0.638672 0.996094 0.638672 0.984375 0.630859 0.976562 0.625000 0.976562 0.621094 0.974609
0 0.744141 0.974609 0.742188 0.976562 0.742188 0.978516 0.746094 0.982422 0.750000 0.978516 0.746094 0.974609
1 0.998047 0.976562 0.996094 0.978516 0.996094 0.988281 0.998047 0.990234
0 0.486328 0.982422 0.484375 0.984375 0.484375 0.986328 0.486328 0.988281 0.490234 0.988281 0.492188 0.986328 0.492188 0.984375 0.490234 0.982422
1 0.677734 0.996094 0.677734 0.998047 0.705078 0.998047 0.701172 0.992188 0.699219 0.992188 0.697266 0.990234 0.693359 0.990234 0.689453 0.986328 0.683594 0.986328 0.679688 0.990234 0.679688 0.994141
