0 0.929688 0.216797 0.927734 0.218750 0.929688 0.220703 0.931641 0.220703 0.933594 0.218750 0.931641 0.216797
1 0.000000 0.218750 0.009766 0.597656 0.066406 0.654297 0.191406 0.625000 0.251953 0.644531 0.255859 0.705078 0.195312 0.757812 0.146484 0.757812 0.136719 0.798828 0.162109 0.816406 0.199219 0.791016 0.234375 0.824219 0.208984 0.890625 0.234375 0.998047 0.347656 0.998047 0.349609 0.947266 0.273438 0.976562 0.261719 0.919922 0.333984 0.904297 0.416016 0.945312 0.466797 0.929688 0.531250 0.847656 0.425781 0.777344 0.464844 0.861328 0.498047 0.859375 0.470703 0.888672 0.255859 0.898438 0.222656 0.767578 0.416016 0.681641 0.449219 0.570312 0.406250 0.523438 0.300781 0.494141 0.201172 0.548828 0.117188 0.488281 0.115234 0.449219 0.035156 0.437500 0.039062 0.289062
0 0.992188 0.281250 0.986328 0.287109 0.986328 0.296875 0.992188 0.300781 0.994141 0.298828 0.998047 0.298828 0.998047 0.283203 0.994141 0.283203
0 0.720703 0.318359 0.716797 0.322266 0.716797 0.326172 0.720703 0.330078 0.722656 0.330078 0.726562 0.326172 0.726562 0.324219
0 0.896484 0.332031 0.894531 0.333984 0.894531 0.337891 0.896484 0.339844 0.900391 0.339844 0.902344 0.337891 0.902344 0.333984 0.900391 0.332031
0 0.673828 0.353516 0.671875 0.353516 0.669922 0.355469 0.667969 0.355469 0.664062 0.359375 0.664062 0.361328 0.662109 0.363281 0.662109 0.367188 0.666016 0.371094 0.667969 0.371094 0.669922 0.369141 0.671875 0.369141 0.673828 0.367188 0.673828 0.365234 0.677734 0.361328 0.677734 0.357422
0 0.517578 0.357422 0.515625 0.359375 0.517578 0.361328 0.519531 0.361328 0.521484 0.359375 0.519531 0.357422
0 0.580078 0.355469 0.578125 0.357422 0.582031 0.361328 0.583984 0.359375 0.583984 0.357422 0.582031 0.355469
0 0.945312 0.376953 0.943359 0.378906 0.943359 0.380859 0.947266 0.384766 0.949219 0.382812 0.949219 0.378906 0.947266 0.376953
0 0.785156 0.384766 0.783203 0.386719 0.781250 0.386719 0.779297 0.388672 0.779297 0.396484 0.783203 0.400391 0.785156 0.400391 0.787109 0.402344 0.789062 0.402344 0.792969 0.398438 0.792969 0.392578
0 0.966797 0.386719 0.964844 0.388672 0.966797 0.390625 0.966797 0.392578 0.968750 0.394531 0.970703 0.394531 0.974609 0.390625 0.970703 0.386719
0 0.574219 0.390625 0.570312 0.394531 0.574219 0.398438 0.576172 0.398438 0.578125 0.396484 0.578125 0.392578 0.576172 0.390625
0 0.865234 0.392578 0.861328 0.396484 0.865234 0.400391 0.869141 0.396484
0 0.494141 0.400391 0.490234 0.400391 0.486328 0.404297 0.486328 0.406250 0.490234 0.410156 0.492188 0.410156 0.496094 0.406250 0.496094 0.402344
0 0.078125 0.421875 0.076172 0.423828 0.076172 0.431641 0.080078 0.435547 0.083984 0.431641 0.083984 0.425781 0.080078 0.421875
0 0.488281 0.421875 0.484375 0.425781 0.486328 0.427734 0.488281 0.427734 0.490234 0.425781 0.490234 0.423828
0 0.681641 0.437500 0.675781 0.443359 0.675781 0.455078 0.679688 0.460938 0.681641 0.460938 0.683594 0.462891 0.687500 0.462891 0.691406 0.458984 0.691406 0.447266 0.689453 0.445312 0.689453 0.443359 0.683594 0.437500
1 0.283203 0.455078 0.281250 0.460938 0.285156 0.464844 0.285156 0.468750 0.279297 0.474609 0.283203 0.482422 0.289062 0.480469 0.287109 0.470703 0.298828 0.458984 0.302734 0.458984 0.304688 0.460938 0.314453 0.460938 0.318359 0.464844 0.322266 0.474609 0.326172 0.478516 0.332031 0.478516 0.339844 0.486328 0.345703 0.496094 0.353516 0.496094 0.363281 0.488281 0.363281 0.480469 0.357422 0.474609 0.347656 0.470703 0.341797 0.464844 0.339844 0.458984 0.328125 0.449219 0.322266 0.447266 0.310547 0.449219 0.308594 0.447266 0.296875 0.457031 0.289062 0.451172
0 0.576172 0.458984 0.574219 0.457031 0.572266 0.457031 0.568359 0.460938 0.570312 0.462891 0.574219 0.462891 0.576172 0.460938
0 0.638672 0.460938 0.634766 0.464844 0.634766 0.466797 0.638672 0.470703 0.642578 0.466797 0.642578 0.464844
0 0.650391 0.462891 0.648438 0.464844 0.650391 0.466797 0.652344 0.466797 0.654297 0.464844 0.652344 0.462891
0 0.857422 0.468750 0.855469 0.468750 0.853516 0.470703 0.853516 0.472656 0.851562 0.474609 0.853516 0.476562 0.857422 0.476562 0.859375 0.474609 0.859375 0.470703
0 0.703125 0.474609 0.701172 0.474609 0.695312 0.480469 0.697266 0.482422 0.697266 0.484375 0.699219 0.486328 0.701172 0.486328 0.703125 0.484375 0.705078 0.484375 0.707031 0.482422 0.707031 0.478516
0 0.828125 0.472656 0.824219 0.476562 0.828125 0.480469 0.830078 0.480469 0.832031 0.478516 0.832031 0.476562
0 0.181641 0.480469 0.173828 0.486328 0.171875 0.490234 0.171875 0.500000 0.175781 0.505859 0.179688 0.507812 0.187500 0.507812 0.191406 0.505859 0.197266 0.500000 0.199219 0.496094 0.199219 0.492188 0.191406 0.484375 0.189453 0.484375 0.185547 0.480469
0 0.517578 0.490234 0.517578 0.500000 0.523438 0.505859 0.527344 0.505859 0.529297 0.507812 0.535156 0.507812 0.541016 0.503906 0.541016 0.496094 0.535156 0.490234 0.533203 0.490234 0.527344 0.486328 0.521484 0.486328
0 0.744141 0.484375 0.742188 0.486328 0.744141 0.488281 0.746094 0.486328
0 0.216797 0.509766 0.212891 0.513672 0.212891 0.515625 0.216797 0.519531 0.218750 0.519531 0.222656 0.515625 0.220703 0.513672 0.220703 0.511719 0.218750 0.509766
0 0.826172 0.527344 0.824219 0.529297 0.824219 0.531250 0.828125 0.535156 0.830078 0.535156 0.832031 0.533203 0.832031 0.529297 0.830078 0.527344
0 0.851562 0.541016 0.847656 0.541016 0.841797 0.546875 0.841797 0.556641 0.845703 0.560547 0.849609 0.560547 0.851562 0.558594 0.853516 0.558594 0.857422 0.552734 0.857422 0.546875
0 0.349609 0.548828 0.347656 0.550781 0.349609 0.552734 0.351562 0.550781
0 0.326172 0.552734 0.324219 0.554688 0.322266 0.554688 0.320312 0.552734 0.316406 0.556641 0.320312 0.560547 0.322266 0.560547 0.328125 0.554688
0 0.382812 0.556641 0.380859 0.558594 0.380859 0.562500 0.382812 0.564453 0.386719 0.564453 0.390625 0.560547 0.390625 0.558594 0.388672 0.556641 0.386719 0.558594 0.384766 0.556641
0 0.636719 0.554688 0.634766 0.556641 0.634766 0.560547 0.636719 0.562500 0.638672 0.562500 0.640625 0.560547 0.640625 0.558594
0 0.972656 0.554688 0.966797 0.560547 0.966797 0.562500 0.968750 0.564453 0.968750 0.566406 0.970703 0.568359 0.972656 0.568359 0.974609 0.570312 0.976562 0.568359 0.976562 0.558594
0 0.365234 0.572266 0.363281 0.574219 0.365234 0.578125 0.361328 0.582031 0.361328 0.585938 0.359375 0.589844 0.361328 0.593750 0.371094 0.603516 0.380859 0.593750 0.380859 0.589844 0.382812 0.587891 0.378906 0.583984 0.378906 0.578125 0.376953 0.576172 0.375000 0.576172 0.371094 0.572266 0.369141 0.574219
0 0.664062 0.576172 0.662109 0.576172 0.660156 0.578125 0.660156 0.580078 0.662109 0.582031 0.666016 0.578125
0 0.275391 0.582031 0.273438 0.583984 0.273438 0.585938 0.271484 0.587891 0.271484 0.589844 0.273438 0.591797 0.279297 0.591797 0.283203 0.587891 0.279297 0.583984 0.277344 0.583984
0 0.718750 0.587891 0.716797 0.589844 0.716797 0.591797 0.714844 0.593750 0.720703 0.599609 0.724609 0.599609 0.728516 0.595703 0.728516 0.593750 0.722656 0.587891
0 0.791016 0.585938 0.789062 0.587891 0.789062 0.589844 0.792969 0.593750 0.794922 0.593750 0.796875 0.591797 0.796875 0.587891 0.794922 0.585938
0 0.460938 0.597656 0.455078 0.603516 0.458984 0.607422 0.462891 0.603516 0.462891 0.599609
0 0.623047 0.597656 0.621094 0.599609 0.621094 0.601562 0.623047 0.603516 0.625000 0.601562 0.625000 0.599609
0 0.644531 0.601562 0.642578 0.603516 0.644531 0.605469 0.646484 0.605469 0.648438 0.603516 0.646484 0.601562
0 0.576172 0.613281 0.572266 0.609375 0.570312 0.609375 0.566406 0.613281 0.566406 0.615234 0.568359 0.617188 0.572266 0.617188
0 0.968750 0.611328 0.966797 0.613281 0.968750 0.615234 0.968750 0.617188 0.970703 0.619141 0.972656 0.619141 0.976562 0.615234 0.972656 0.611328 0.970703 0.613281
0 0.382812 0.613281 0.380859 0.615234 0.378906 0.615234 0.375000 0.619141 0.375000 0.625000 0.378906 0.628906 0.380859 0.628906 0.382812 0.626953 0.384766 0.626953 0.388672 0.623047 0.388672 0.617188 0.386719 0.615234 0.384766 0.615234
0 0.623047 0.636719 0.619141 0.640625 0.625000 0.646484 0.628906 0.646484 0.630859 0.644531 0.630859 0.642578 0.626953 0.638672 0.625000 0.638672
0 0.511719 0.642578 0.509766 0.644531 0.511719 0.646484 0.513672 0.644531
0 0.578125 0.648438 0.576172 0.650391 0.576172 0.654297 0.578125 0.656250 0.582031 0.656250 0.583984 0.654297 0.583984 0.650391 0.582031 0.648438
0 0.236328 0.654297 0.234375 0.656250 0.236328 0.658203 0.238281 0.656250
1 0.607422 0.658203 0.597656 0.667969 0.611328 0.697266 0.601562 0.712891 0.568359 0.716797 0.558594 0.707031 0.544922 0.705078 0.533203 0.710938 0.535156 0.722656 0.531250 0.726562 0.507812 0.712891 0.503906 0.716797 0.523438 0.730469 0.517578 0.748047 0.527344 0.765625 0.509766 0.771484 0.503906 0.779297 0.505859 0.789062 0.515625 0.798828 0.523438 0.800781 0.535156 0.781250 0.562500 0.781250 0.562500 0.771484 0.554688 0.763672 0.562500 0.742188 0.582031 0.748047 0.603516 0.728516 0.617188 0.728516 0.626953 0.718750 0.632812 0.697266
0 0.689453 0.656250 0.687500 0.658203 0.689453 0.660156 0.691406 0.660156 0.693359 0.658203 0.691406 0.656250
0 0.675781 0.666016 0.673828 0.667969 0.673828 0.669922 0.675781 0.671875 0.677734 0.671875 0.679688 0.669922
0 0.863281 0.669922 0.859375 0.673828 0.859375 0.679688 0.865234 0.685547 0.867188 0.685547 0.871094 0.681641 0.871094 0.675781 0.865234 0.669922
0 0.546875 0.675781 0.544922 0.677734 0.544922 0.679688 0.546875 0.681641 0.548828 0.681641 0.550781 0.679688
0 0.177734 0.689453 0.173828 0.693359 0.173828 0.695312 0.175781 0.697266 0.177734 0.697266 0.181641 0.693359
0 0.566406 0.689453 0.564453 0.691406 0.566406 0.693359 0.568359 0.691406
0 0.925781 0.693359 0.921875 0.693359 0.917969 0.697266 0.917969 0.703125 0.919922 0.705078 0.921875 0.705078 0.923828 0.707031 0.929688 0.701172 0.929688 0.697266
0 0.210938 0.699219 0.208984 0.701172 0.210938 0.703125 0.210938 0.707031 0.212891 0.708984 0.214844 0.708984 0.218750 0.705078 0.218750 0.703125 0.214844 0.699219
0 0.414062 0.714844 0.410156 0.718750 0.410156 0.720703 0.414062 0.724609 0.416016 0.724609 0.419922 0.720703 0.419922 0.718750 0.416016 0.714844
0 0.634766 0.724609 0.632812 0.726562 0.632812 0.728516 0.634766 0.730469 0.636719 0.730469 0.638672 0.728516
0 0.177734 0.728516 0.175781 0.730469 0.179688 0.734375 0.181641 0.732422 0.181641 0.730469 0.179688 0.728516
0 0.480469 0.726562 0.478516 0.728516 0.478516 0.730469 0.480469 0.732422 0.482422 0.730469 0.482422 0.728516
0 0.873047 0.728516 0.869141 0.732422 0.869141 0.738281 0.873047 0.742188 0.878906 0.742188 0.882812 0.738281 0.882812 0.734375 0.876953 0.728516
1 0.701172 0.755859 0.699219 0.744141 0.695312 0.740234 0.687500 0.740234 0.679688 0.748047 0.673828 0.748047 0.667969 0.742188 0.656250 0.738281 0.646484 0.748047 0.648438 0.763672 0.644531 0.767578 0.628906 0.765625 0.619141 0.759766 0.605469 0.761719 0.601562 0.753906 0.593750 0.748047 0.574219 0.765625 0.576172 0.767578 0.583984 0.765625 0.587891 0.769531 0.597656 0.767578 0.605469 0.779297 0.599609 0.792969 0.605469 0.800781 0.613281 0.800781 0.634766 0.783203 0.652344 0.781250 0.666016 0.791016 0.675781 0.787109 0.699219 0.767578
0 0.974609 0.742188 0.970703 0.746094 0.970703 0.750000 0.976562 0.755859 0.978516 0.755859 0.984375 0.750000 0.984375 0.746094 0.982422 0.744141 0.980469 0.744141 0.978516 0.742188
0 0.443359 0.748047 0.441406 0.750000 0.443359 0.751953 0.445312 0.751953 0.447266 0.750000 0.445312 0.748047
0 0.468750 0.751953 0.466797 0.753906 0.466797 0.757812 0.468750 0.759766 0.472656 0.755859
1 0.492188 0.759766 0.496094 0.763672 0.500000 0.763672 0.503906 0.767578 0.505859 0.767578 0.507812 0.765625 0.507812 0.763672 0.505859 0.761719 0.503906 0.761719 0.500000 0.757812 0.498047 0.757812 0.496094 0.755859
0 0.269531 0.777344 0.267578 0.779297 0.269531 0.781250 0.271484 0.781250 0.273438 0.779297 0.271484 0.777344
0 0.757812 0.777344 0.755859 0.779297 0.753906 0.779297 0.750000 0.785156 0.750000 0.791016 0.751953 0.792969 0.751953 0.794922 0.757812 0.798828 0.763672 0.792969 0.763672 0.781250
0 0.867188 0.783203 0.865234 0.785156 0.865234 0.787109 0.867188 0.789062 0.869141 0.787109 0.869141 0.785156
0 0.732422 0.787109 0.726562 0.787109 0.724609 0.789062 0.722656 0.789062 0.718750 0.792969 0.724609 0.798828 0.726562 0.796875 0.730469 0.796875 0.734375 0.792969 0.734375 0.789062
0 0.787109 0.789062 0.783203 0.794922 0.783203 0.800781 0.791016 0.808594 0.794922 0.808594 0.802734 0.800781 0.802734 0.796875 0.800781 0.794922 0.800781 0.792969 0.796875 0.789062
0 0.546875 0.792969 0.542969 0.796875 0.542969 0.800781 0.546875 0.804688 0.548828 0.804688 0.550781 0.802734 0.552734 0.802734 0.554688 0.800781 0.554688 0.798828 0.548828 0.792969
1 0.564453 0.802734 0.562500 0.802734 0.558594 0.806641 0.560547 0.808594 0.556641 0.812500 0.550781 0.814453 0.546875 0.818359 0.552734 0.824219 0.554688 0.824219 0.556641 0.826172 0.560547 0.822266 0.560547 0.816406 0.566406 0.810547 0.570312 0.810547 0.572266 0.808594 0.570312 0.806641 0.568359 0.806641
0 0.710938 0.802734 0.705078 0.800781 0.693359 0.814453 0.689453 0.814453 0.681641 0.820312 0.673828 0.820312 0.669922 0.816406 0.660156 0.830078 0.644531 0.820312 0.636719 0.820312 0.628906 0.830078 0.634766 0.851562 0.650391 0.863281 0.667969 0.861328 0.673828 0.853516 0.673828 0.847656 0.666016 0.833984 0.675781 0.828125 0.699219 0.857422 0.703125 0.859375 0.718750 0.857422 0.724609 0.849609 0.724609 0.841797 0.718750 0.830078 0.705078 0.816406 0.710938 0.808594
0 0.857422 0.806641 0.853516 0.810547 0.853516 0.812500 0.857422 0.816406 0.861328 0.812500 0.861328 0.810547
1 0.294922 0.808594 0.289062 0.812500 0.291016 0.814453 0.291016 0.824219 0.292969 0.826172 0.292969 0.830078 0.296875 0.833984 0.298828 0.833984 0.302734 0.830078 0.302734 0.826172 0.300781 0.824219 0.300781 0.814453
0 0.257812 0.814453 0.255859 0.816406 0.257812 0.818359 0.259766 0.816406
0 0.732422 0.832031 0.730469 0.837891 0.736328 0.843750 0.755859 0.837891 0.763672 0.845703 0.767578 0.855469 0.775391 0.861328 0.785156 0.853516 0.783203 0.843750 0.771484 0.832031 0.777344 0.818359 0.775391 0.814453 0.763672 0.812500 0.744141 0.828125 0.738281 0.828125
1 0.337891 0.824219 0.341797 0.828125 0.343750 0.828125 0.347656 0.824219 0.353516 0.824219 0.355469 0.826172 0.357422 0.826172 0.363281 0.820312 0.359375 0.816406 0.349609 0.816406 0.347656 0.818359 0.341797 0.818359 0.337891 0.822266
0 0.796875 0.824219 0.791016 0.830078 0.791016 0.832031 0.796875 0.837891 0.802734 0.837891 0.806641 0.833984 0.806641 0.828125 0.802734 0.824219
0 0.277344 0.828125 0.275391 0.830078 0.275391 0.832031 0.277344 0.833984 0.279297 0.833984 0.281250 0.832031 0.281250 0.830078 0.279297 0.828125
0 0.326172 0.828125 0.324219 0.830078 0.324219 0.832031 0.326172 0.833984 0.328125 0.832031 0.328125 0.830078
0 0.810547 0.851562 0.808594 0.851562 0.802734 0.857422 0.802734 0.859375 0.806641 0.863281 0.810547 0.863281 0.814453 0.859375 0.814453 0.857422 0.812500 0.855469 0.812500 0.853516
0 0.359375 0.857422 0.355469 0.863281 0.357422 0.865234 0.357422 0.869141 0.359375 0.871094 0.359375 0.873047 0.365234 0.878906 0.371094 0.878906 0.373047 0.876953 0.373047 0.871094 0.378906 0.863281 0.378906 0.859375 0.376953 0.857422 0.373047 0.857422 0.369141 0.861328 0.367188 0.859375 0.363281 0.859375 0.361328 0.857422
0 0.572266 0.855469 0.570312 0.857422 0.570312 0.859375 0.574219 0.863281 0.576172 0.863281 0.580078 0.859375 0.576172 0.855469
0 0.316406 0.861328 0.312500 0.861328 0.308594 0.865234 0.308594 0.869141 0.310547 0.871094 0.310547 0.876953 0.312500 0.878906 0.314453 0.878906 0.318359 0.875000 0.318359 0.863281
0 0.339844 0.861328 0.337891 0.863281 0.337891 0.865234 0.335938 0.867188 0.335938 0.869141 0.339844 0.873047 0.345703 0.873047 0.347656 0.871094 0.347656 0.869141 0.349609 0.867188 0.347656 0.865234 0.347656 0.863281 0.345703 0.861328
0 0.451172 0.859375 0.449219 0.861328 0.449219 0.863281 0.451172 0.865234 0.453125 0.865234 0.455078 0.863281
0 0.968750 0.861328 0.966797 0.863281 0.966797 0.865234 0.968750 0.867188 0.970703 0.865234 0.970703 0.863281
0 0.785156 0.873047 0.781250 0.869141 0.775391 0.867188 0.759766 0.875000 0.755859 0.880859 0.753906 0.892578 0.755859 0.894531 0.759766 0.894531 0.765625 0.888672 0.781250 0.888672 0.787109 0.882812 0.787109 0.876953
1 0.822266 0.871094 0.814453 0.880859 0.810547 0.880859 0.802734 0.888672 0.804688 0.908203 0.796875 0.917969 0.796875 0.927734 0.800781 0.931641 0.806641 0.929688 0.812500 0.923828 0.816406 0.910156 0.826172 0.900391 0.826172 0.890625 0.824219 0.888672 0.826172 0.875000
0 0.740234 0.878906 0.738281 0.880859 0.738281 0.882812 0.740234 0.884766 0.742188 0.882812 0.742188 0.880859
0 0.511719 0.894531 0.509766 0.896484 0.513672 0.900391 0.515625 0.898438 0.515625 0.896484 0.513672 0.894531
0 0.587891 0.896484 0.583984 0.896484 0.582031 0.898438 0.580078 0.898438 0.576172 0.902344 0.576172 0.908203 0.578125 0.910156 0.578125 0.912109 0.582031 0.916016 0.583984 0.916016 0.585938 0.914062 0.585938 0.910156 0.587891 0.908203 0.587891 0.904297 0.589844 0.902344 0.589844 0.898438
0 0.691406 0.896484 0.689453 0.898438 0.689453 0.900391 0.691406 0.902344 0.693359 0.900391 0.693359 0.898438
0 0.677734 0.904297 0.675781 0.906250 0.675781 0.910156 0.677734 0.912109 0.679688 0.912109 0.681641 0.910156 0.681641 0.908203
0 0.544922 0.910156 0.529297 0.910156 0.521484 0.916016 0.517578 0.923828 0.523438 0.955078 0.529297 0.962891 0.541016 0.960938 0.556641 0.943359 0.556641 0.923828
0 0.498047 0.917969 0.501953 0.921875 0.503906 0.921875 0.505859 0.923828 0.507812 0.923828 0.511719 0.919922 0.507812 0.916016 0.500000 0.916016
0 0.349609 0.925781 0.345703 0.929688 0.345703 0.931641 0.349609 0.935547 0.353516 0.931641 0.353516 0.929688
0 0.570312 0.931641 0.568359 0.933594 0.568359 0.937500 0.566406 0.939453 0.566406 0.943359 0.564453 0.945312 0.566406 0.947266 0.566406 0.951172 0.570312 0.955078 0.572266 0.955078 0.574219 0.953125 0.576172 0.953125 0.582031 0.947266 0.583984 0.941406 0.576172 0.933594
0 0.451172 0.937500 0.453125 0.939453 0.457031 0.939453 0.458984 0.937500 0.457031 0.935547 0.453125 0.935547
0 0.791016 0.935547 0.789062 0.937500 0.791016 0.939453 0.792969 0.939453 0.794922 0.937500 0.792969 0.935547
0 0.718750 0.941406 0.716797 0.943359 0.716797 0.955078 0.712891 0.960938 0.714844 0.972656 0.720703 0.976562 0.730469 0.976562 0.740234 0.986328 0.748047 0.984375 0.753906 0.974609 0.753906 0.960938 0.757812 0.955078 0.755859 0.953125 0.748047 0.957031 0.746094 0.955078 0.732422 0.955078 0.726562 0.949219 0.726562 0.945312 0.722656 0.941406
0 0.859375 0.941406 0.857422 0.943359 0.855469 0.943359 0.853516 0.945312 0.857422 0.949219 0.861328 0.945312 0.861328 0.943359
0 0.927734 0.947266 0.923828 0.951172 0.923828 0.955078 0.927734 0.958984 0.931641 0.958984 0.933594 0.957031 0.933594 0.951172 0.929688 0.947266
0 0.410156 0.955078 0.408203 0.957031 0.410156 0.958984 0.412109 0.957031
1 0.406250 0.974609 0.406250 0.982422 0.412109 0.988281 0.421875 0.980469 0.429688 0.984375 0.437500 0.982422 0.443359 0.988281 0.443359 0.998047 0.498047 0.998047 0.494141 0.994141 0.486328 0.994141 0.478516 0.986328 0.476562 0.976562 0.458984 0.968750 0.449219 0.970703 0.439453 0.962891 0.425781 0.970703 0.412109 0.966797
0 0.673828 0.996094 0.669922 0.992188 0.664062 0.998047 0.673828 0.998047
0 0.835938 0.998047 0.845703 0.998047 0.841797 0.994141 0.839844 0.994141
1 0.878906 0.998047 0.894531 0.998047 0.888672 0.992188 0.884766 0.992188
