1 0.208984 0.000000 0.208984 0.001953 0.214844 0.007812 0.228516 0.007812 0.230469 0.009766 0.234375 0.005859 0.234375 0.000000
0 0.267578 0.003906 0.261719 0.009766 0.261719 0.011719 0.265625 0.015625 0.267578 0.015625 0.271484 0.011719 0.271484 0.007812
0 0.281250 0.029297 0.279297 0.029297 0.277344 0.031250 0.277344 0.033203 0.279297 0.035156 0.283203 0.031250
0 0.212891 0.039062 0.210938 0.041016 0.210938 0.048828 0.212891 0.050781 0.214844 0.050781 0.216797 0.048828 0.216797 0.041016 0.214844 0.039062
0 0.181641 0.044922 0.179688 0.046875 0.179688 0.048828 0.181641 0.050781 0.183594 0.050781 0.185547 0.048828 0.185547 0.046875 0.183594 0.044922
0 0.242188 0.050781 0.238281 0.046875 0.236328 0.046875 0.234375 0.044922 0.228516 0.050781 0.228516 0.052734 0.226562 0.054688 0.226562 0.058594 0.228516 0.060547 0.236328 0.060547 0.242188 0.054688
1 0.140625 0.060547 0.140625 0.062500 0.144531 0.066406 0.154297 0.066406 0.156250 0.064453 0.160156 0.064453 0.162109 0.062500 0.162109 0.060547 0.158203 0.056641 0.146484 0.056641 0.144531 0.058594 0.142578 0.058594
0 0.640625 0.056641 0.638672 0.058594 0.638672 0.060547 0.640625 0.062500 0.642578 0.060547 0.642578 0.058594
1 0.000000 0.074219 0.000000 0.519531 0.126953 0.548828 0.146484 0.660156 0.207031 0.632812 0.093750 0.724609 0.201172 0.701172 0.205078 0.818359 0.316406 0.822266 0.376953 0.880859 0.236328 0.998047 0.462891 0.869141 0.398438 0.878906 0.326172 0.808594 0.421875 0.785156 0.482422 0.824219 0.464844 0.845703 0.675781 0.910156 0.671875 0.875000 0.521484 0.824219 0.535156 0.779297 0.455078 0.783203 0.478516 0.636719 0.449219 0.716797 0.443359 0.654297 0.371094 0.589844 0.402344 0.585938 0.304688 0.554688 0.324219 0.513672 0.244141 0.474609 0.123047 0.501953 0.070312 0.462891 0.113281 0.343750 0.070312 0.345703 0.136719 0.314453 0.095703 0.248047 0.142578 0.214844 0.039062 0.224609
0 0.451172 0.078125 0.449219 0.078125 0.447266 0.080078 0.447266 0.082031 0.449219 0.083984 0.453125 0.080078
0 0.531250 0.080078 0.529297 0.082031 0.531250 0.083984 0.533203 0.082031
0 0.078125 0.095703 0.074219 0.099609 0.078125 0.103516 0.082031 0.103516 0.083984 0.101562 0.083984 0.099609 0.080078 0.095703
0 0.212891 0.095703 0.210938 0.097656 0.210938 0.099609 0.212891 0.101562 0.214844 0.101562 0.216797 0.099609 0.216797 0.097656 0.214844 0.095703
0 0.353516 0.095703 0.349609 0.099609 0.349609 0.101562 0.351562 0.103516 0.355469 0.103516 0.357422 0.101562 0.357422 0.099609
0 0.246094 0.097656 0.242188 0.101562 0.242188 0.105469 0.244141 0.107422 0.250000 0.107422 0.251953 0.105469 0.251953 0.101562 0.248047 0.097656
0 0.292969 0.099609 0.291016 0.101562 0.291016 0.103516 0.292969 0.105469 0.294922 0.105469 0.296875 0.103516 0.296875 0.101562 0.294922 0.099609
0 0.058594 0.109375 0.056641 0.111328 0.058594 0.113281 0.060547 0.113281 0.062500 0.111328 0.060547 0.109375
0 0.324219 0.113281 0.322266 0.115234 0.320312 0.115234 0.314453 0.121094 0.314453 0.123047 0.316406 0.125000 0.318359 0.125000 0.324219 0.130859 0.328125 0.130859 0.332031 0.125000 0.332031 0.121094 0.330078 0.119141 0.330078 0.117188 0.326172 0.113281
0 0.574219 0.115234 0.570312 0.115234 0.564453 0.121094 0.564453 0.123047 0.570312 0.128906 0.572266 0.128906 0.578125 0.123047 0.578125 0.119141
1 0.117188 0.121094 0.113281 0.121094 0.101562 0.128906 0.097656 0.162109 0.089844 0.169922 0.087891 0.167969 0.072266 0.169922 0.068359 0.164062 0.060547 0.158203 0.048828 0.167969 0.048828 0.177734 0.046875 0.179688 0.050781 0.189453 0.056641 0.195312 0.064453 0.199219 0.070312 0.189453 0.080078 0.179688 0.087891 0.181641 0.103516 0.167969 0.101562 0.158203 0.121094 0.136719 0.121094 0.130859
1 0.273438 0.123047 0.265625 0.121094 0.259766 0.125000 0.259766 0.128906 0.261719 0.130859 0.263672 0.138672 0.253906 0.148438 0.253906 0.150391 0.257812 0.154297 0.261719 0.154297 0.263672 0.152344 0.263672 0.146484 0.269531 0.140625 0.273438 0.140625 0.275391 0.138672 0.273438 0.136719 0.277344 0.128906
1 0.625000 0.132812 0.623047 0.130859 0.621094 0.132812 0.619141 0.132812 0.617188 0.134766 0.615234 0.134766 0.611328 0.138672 0.613281 0.140625 0.619141 0.140625 0.621094 0.138672 0.623047 0.138672 0.625000 0.136719
0 0.214844 0.138672 0.210938 0.144531 0.210938 0.150391 0.216797 0.156250 0.222656 0.156250 0.228516 0.150391 0.228516 0.144531 0.222656 0.138672
0 0.632812 0.142578 0.630859 0.144531 0.632812 0.146484 0.634766 0.144531
1 0.031250 0.150391 0.027344 0.154297 0.033203 0.160156 0.035156 0.160156 0.039062 0.164062 0.041016 0.164062 0.042969 0.162109 0.039062 0.158203 0.039062 0.156250 0.037109 0.154297 0.035156 0.154297
0 0.300781 0.152344 0.296875 0.156250 0.296875 0.160156 0.302734 0.166016 0.306641 0.162109 0.306641 0.156250 0.302734 0.152344
0 0.232422 0.162109 0.230469 0.164062 0.228516 0.164062 0.226562 0.166016 0.226562 0.167969 0.224609 0.169922 0.224609 0.171875 0.226562 0.173828 0.228516 0.171875 0.230469 0.171875 0.234375 0.167969 0.234375 0.164062
0 0.404297 0.162109 0.398438 0.162109 0.390625 0.169922 0.390625 0.171875 0.388672 0.173828 0.388672 0.177734 0.396484 0.185547 0.398438 0.183594 0.404297 0.183594 0.406250 0.181641 0.406250 0.179688 0.410156 0.175781 0.410156 0.167969
0 0.126953 0.164062 0.123047 0.167969 0.125000 0.169922 0.126953 0.169922 0.128906 0.171875 0.130859 0.169922 0.130859 0.166016 0.128906 0.164062
0 0.183594 0.166016 0.181641 0.167969 0.183594 0.169922 0.185547 0.167969
0 0.267578 0.164062 0.263672 0.164062 0.261719 0.166016 0.261719 0.169922 0.263672 0.171875 0.265625 0.171875 0.269531 0.167969 0.269531 0.166016
0 0.546875 0.164062 0.539062 0.164062 0.535156 0.167969 0.535156 0.175781 0.539062 0.179688 0.542969 0.179688 0.550781 0.171875 0.548828 0.169922 0.548828 0.166016
0 0.291016 0.171875 0.289062 0.173828 0.291016 0.175781 0.292969 0.173828
1 0.207031 0.189453 0.205078 0.187500 0.201172 0.187500 0.199219 0.189453 0.195312 0.189453 0.193359 0.191406 0.185547 0.191406 0.181641 0.195312 0.181641 0.197266 0.187500 0.203125 0.191406 0.203125 0.193359 0.201172 0.195312 0.201172 0.197266 0.199219 0.203125 0.197266 0.207031 0.193359
0 0.089844 0.197266 0.087891 0.199219 0.087891 0.203125 0.089844 0.205078 0.093750 0.205078 0.095703 0.203125 0.095703 0.201172 0.091797 0.197266
0 0.285156 0.195312 0.283203 0.197266 0.285156 0.199219 0.287109 0.197266
1 0.308594 0.203125 0.306641 0.201172 0.302734 0.201172 0.300781 0.203125 0.298828 0.203125 0.292969 0.208984 0.292969 0.210938 0.294922 0.212891 0.296875 0.212891 0.298828 0.210938 0.300781 0.210938
0 0.154297 0.208984 0.154297 0.210938 0.158203 0.214844 0.164062 0.214844 0.166016 0.212891 0.167969 0.212891 0.169922 0.210938 0.169922 0.208984 0.167969 0.207031 0.162109 0.207031 0.160156 0.205078 0.158203 0.205078
0 0.224609 0.205078 0.220703 0.208984 0.220703 0.212891 0.224609 0.216797 0.226562 0.216797 0.230469 0.212891 0.230469 0.208984 0.226562 0.205078
0 0.167969 0.265625 0.164062 0.265625 0.158203 0.271484 0.158203 0.277344 0.162109 0.281250 0.166016 0.281250 0.173828 0.273438 0.171875 0.271484 0.171875 0.269531
0 0.185547 0.265625 0.177734 0.273438 0.179688 0.275391 0.179688 0.277344 0.181641 0.279297 0.183594 0.279297 0.185547 0.281250 0.191406 0.281250 0.195312 0.277344 0.195312 0.271484 0.189453 0.265625
0 0.630859 0.300781 0.628906 0.302734 0.630859 0.304688 0.632812 0.302734
1 0.142578 0.324219 0.136719 0.326172 0.130859 0.332031 0.125000 0.332031 0.121094 0.335938 0.121094 0.337891 0.126953 0.347656 0.128906 0.347656 0.130859 0.345703 0.130859 0.341797 0.134766 0.337891 0.136719 0.337891 0.138672 0.335938 0.142578 0.335938 0.146484 0.332031 0.146484 0.328125
0 0.421875 0.326172 0.419922 0.328125 0.421875 0.330078 0.423828 0.328125
0 0.265625 0.361328 0.263672 0.363281 0.263672 0.367188 0.265625 0.369141 0.267578 0.367188 0.271484 0.371094 0.269531 0.373047 0.271484 0.375000 0.271484 0.378906 0.273438 0.380859 0.275391 0.380859 0.277344 0.378906 0.277344 0.376953 0.281250 0.371094 0.279297 0.369141 0.273438 0.369141 0.269531 0.365234 0.269531 0.363281 0.267578 0.361328
0 0.203125 0.363281 0.201172 0.365234 0.201172 0.369141 0.203125 0.371094 0.203125 0.373047 0.205078 0.375000 0.210938 0.375000 0.212891 0.373047 0.210938 0.371094 0.210938 0.369141 0.205078 0.363281
0 0.300781 0.378906 0.298828 0.380859 0.300781 0.382812 0.302734 0.380859
0 0.761719 0.380859 0.759766 0.382812 0.761719 0.384766 0.763672 0.382812
0 0.683594 0.402344 0.681641 0.404297 0.681641 0.408203 0.685547 0.412109 0.687500 0.410156 0.687500 0.408203 0.685547 0.406250 0.687500 0.404297 0.685547 0.402344
0 0.125000 0.408203 0.123047 0.410156 0.123047 0.412109 0.125000 0.414062 0.128906 0.414062 0.130859 0.412109 0.130859 0.410156 0.128906 0.408203
0 0.373047 0.414062 0.369141 0.414062 0.361328 0.421875 0.359375 0.425781 0.359375 0.441406 0.365234 0.447266 0.371094 0.445312 0.378906 0.437500 0.380859 0.433594 0.380859 0.421875 0.378906 0.417969
0 0.990234 0.417969 0.986328 0.421875 0.990234 0.425781 0.994141 0.421875
0 0.111328 0.423828 0.107422 0.427734 0.109375 0.429688 0.109375 0.431641 0.111328 0.433594 0.115234 0.433594 0.119141 0.429688 0.119141 0.427734 0.115234 0.423828
0 0.716797 0.421875 0.712891 0.421875 0.710938 0.423828 0.708984 0.423828 0.703125 0.429688 0.703125 0.435547 0.707031 0.439453 0.716797 0.439453 0.722656 0.433594 0.722656 0.427734
0 0.863281 0.425781 0.857422 0.431641 0.861328 0.435547 0.863281 0.435547 0.867188 0.431641 0.867188 0.429688
0 0.628906 0.429688 0.626953 0.431641 0.625000 0.431641 0.621094 0.435547 0.621094 0.437500 0.623047 0.439453 0.623047 0.441406 0.632812 0.451172 0.634766 0.451172 0.638672 0.447266 0.638672 0.439453 0.636719 0.437500 0.636719 0.435547 0.630859 0.429688
0 0.779297 0.490234 0.777344 0.492188 0.777344 0.494141 0.779297 0.496094 0.781250 0.494141 0.781250 0.492188
0 0.410156 0.500000 0.402344 0.500000 0.390625 0.517578 0.392578 0.519531 0.390625 0.521484 0.390625 0.529297 0.386719 0.535156 0.386719 0.541016 0.390625 0.544922 0.392578 0.542969 0.396484 0.544922 0.406250 0.544922 0.416016 0.535156 0.416016 0.529297 0.414062 0.527344 0.416016 0.525391 0.416016 0.513672 0.414062 0.511719 0.416016 0.505859
0 0.841797 0.505859 0.839844 0.507812 0.841797 0.509766 0.843750 0.507812
0 0.367188 0.515625 0.365234 0.517578 0.361328 0.517578 0.359375 0.519531 0.361328 0.521484 0.357422 0.525391 0.363281 0.531250 0.367188 0.531250 0.371094 0.527344 0.371094 0.525391 0.373047 0.523438 0.371094 0.521484 0.371094 0.519531
0 0.628906 0.521484 0.628906 0.525391 0.632812 0.529297 0.636719 0.525391 0.652344 0.539062 0.660156 0.539062 0.667969 0.531250 0.667969 0.525391 0.656250 0.515625 0.646484 0.515625 0.636719 0.523438 0.632812 0.519531
1 0.429688 0.525391 0.425781 0.529297 0.427734 0.531250 0.427734 0.539062 0.419922 0.550781 0.419922 0.556641 0.435547 0.578125 0.443359 0.572266 0.449219 0.572266 0.453125 0.576172 0.447266 0.582031 0.443359 0.582031 0.441406 0.583984 0.441406 0.595703 0.447266 0.599609 0.451172 0.595703 0.451172 0.589844 0.457031 0.582031 0.453125 0.574219 0.460938 0.566406 0.460938 0.558594 0.462891 0.556641 0.455078 0.548828 0.441406 0.548828 0.437500 0.544922 0.435547 0.529297
0 0.521484 0.533203 0.501953 0.531250 0.490234 0.552734 0.478516 0.552734 0.472656 0.558594 0.474609 0.568359 0.484375 0.582031 0.484375 0.591797 0.503906 0.572266 0.509766 0.580078 0.525391 0.578125 0.537109 0.582031 0.544922 0.576172 0.544922 0.570312 0.535156 0.556641 0.537109 0.552734
0 0.896484 0.535156 0.894531 0.537109 0.892578 0.537109 0.890625 0.539062 0.890625 0.544922 0.892578 0.546875 0.894531 0.546875 0.896484 0.548828 0.898438 0.548828 0.902344 0.544922 0.902344 0.541016
0 0.365234 0.542969 0.363281 0.544922 0.363281 0.548828 0.365234 0.550781 0.367188 0.550781 0.369141 0.548828 0.369141 0.544922 0.367188 0.542969
0 0.933594 0.546875 0.929688 0.546875 0.925781 0.550781 0.925781 0.554688 0.929688 0.558594 0.931641 0.558594 0.937500 0.552734 0.937500 0.550781
1 0.396484 0.556641 0.392578 0.560547 0.392578 0.562500 0.390625 0.564453 0.392578 0.566406 0.398438 0.560547 0.398438 0.558594
0 0.406250 0.560547 0.404297 0.562500 0.404297 0.564453 0.406250 0.566406 0.408203 0.564453 0.408203 0.562500
0 0.615234 0.585938 0.613281 0.587891 0.613281 0.589844 0.615234 0.591797 0.617188 0.589844 0.617188 0.587891
0 0.587891 0.593750 0.583984 0.593750 0.580078 0.597656 0.580078 0.603516 0.582031 0.605469 0.583984 0.605469 0.585938 0.603516 0.587891 0.603516 0.589844 0.601562 0.589844 0.599609 0.591797 0.597656
0 0.978516 0.595703 0.974609 0.595703 0.972656 0.597656 0.970703 0.597656 0.968750 0.599609 0.968750 0.605469 0.970703 0.607422 0.972656 0.607422 0.974609 0.609375 0.976562 0.609375 0.978516 0.607422 0.980469 0.607422 0.982422 0.605469 0.982422 0.599609
0 0.734375 0.601562 0.732422 0.603516 0.732422 0.605469 0.734375 0.607422 0.736328 0.605469 0.736328 0.603516
0 0.433594 0.611328 0.429688 0.615234 0.429688 0.617188 0.433594 0.621094 0.435547 0.621094 0.437500 0.619141 0.437500 0.615234
0 0.609375 0.615234 0.605469 0.619141 0.605469 0.625000 0.609375 0.628906 0.613281 0.628906 0.617188 0.625000 0.617188 0.621094 0.611328 0.615234
0 0.779297 0.613281 0.775391 0.617188 0.775391 0.619141 0.777344 0.621094 0.781250 0.621094 0.783203 0.619141 0.783203 0.617188
0 0.257812 0.623047 0.253906 0.626953 0.255859 0.628906 0.259766 0.625000
0 0.753906 0.621094 0.751953 0.623047 0.753906 0.625000 0.755859 0.623047
0 0.896484 0.623047 0.894531 0.625000 0.896484 0.626953 0.898438 0.625000
0 0.837891 0.626953 0.835938 0.628906 0.835938 0.630859 0.833984 0.632812 0.835938 0.634766 0.835938 0.636719 0.837891 0.638672 0.839844 0.638672 0.841797 0.640625 0.845703 0.640625 0.851562 0.634766 0.851562 0.632812 0.845703 0.626953
0 0.560547 0.632812 0.556641 0.636719 0.560547 0.640625 0.562500 0.640625 0.564453 0.638672 0.564453 0.636719
0 0.363281 0.638672 0.361328 0.640625 0.359375 0.640625 0.357422 0.642578 0.357422 0.646484 0.355469 0.648438 0.361328 0.654297 0.367188 0.648438 0.365234 0.646484 0.365234 0.640625
0 0.574219 0.648438 0.568359 0.652344 0.566406 0.656250 0.566406 0.662109 0.562500 0.666016 0.562500 0.667969 0.568359 0.673828 0.572266 0.673828 0.578125 0.677734 0.583984 0.677734 0.587891 0.673828 0.589844 0.669922 0.589844 0.666016 0.585938 0.658203 0.582031 0.654297 0.582031 0.652344 0.578125 0.648438
0 0.789062 0.654297 0.787109 0.656250 0.787109 0.658203 0.785156 0.660156 0.789062 0.664062 0.792969 0.664062 0.796875 0.660156 0.796875 0.656250 0.794922 0.654297
0 0.552734 0.662109 0.550781 0.664062 0.550781 0.667969 0.554688 0.671875 0.558594 0.667969 0.558594 0.666016 0.554688 0.662109
0 0.875000 0.660156 0.871094 0.664062 0.871094 0.667969 0.873047 0.669922 0.873047 0.671875 0.875000 0.673828 0.876953 0.673828 0.878906 0.675781 0.882812 0.671875 0.882812 0.666016 0.878906 0.662109 0.876953 0.662109
0 0.531250 0.664062 0.529297 0.666016 0.531250 0.667969 0.533203 0.666016
0 0.759766 0.666016 0.757812 0.666016 0.753906 0.669922 0.753906 0.673828 0.755859 0.675781 0.759766 0.675781 0.763672 0.671875 0.763672 0.669922
0 0.917969 0.667969 0.908203 0.677734 0.908203 0.685547 0.910156 0.687500 0.912109 0.695312 0.919922 0.703125 0.927734 0.703125 0.935547 0.695312 0.935547 0.689453 0.937500 0.687500 0.935547 0.685547 0.935547 0.679688 0.927734 0.669922 0.923828 0.667969
1 0.695312 0.677734 0.701172 0.685547 0.701172 0.689453 0.703125 0.691406 0.710938 0.691406 0.716797 0.695312 0.722656 0.695312 0.730469 0.687500 0.728516 0.683594 0.722656 0.679688 0.714844 0.679688 0.705078 0.687500 0.701172 0.683594 0.703125 0.679688 0.701172 0.677734 0.703125 0.675781 0.701172 0.673828
0 0.667969 0.683594 0.664062 0.687500 0.666016 0.689453 0.666016 0.691406 0.667969 0.693359 0.673828 0.687500 0.671875 0.685547 0.669922 0.685547
0 0.742188 0.687500 0.738281 0.691406 0.738281 0.693359 0.740234 0.695312 0.742188 0.695312 0.746094 0.691406
0 0.824219 0.689453 0.822266 0.691406 0.822266 0.693359 0.824219 0.695312 0.826172 0.693359 0.826172 0.691406
0 0.681641 0.695312 0.677734 0.699219 0.677734 0.703125 0.681641 0.707031 0.685547 0.707031 0.689453 0.703125 0.689453 0.701172 0.683594 0.695312
0 0.957031 0.697266 0.953125 0.701172 0.953125 0.703125 0.955078 0.705078 0.955078 0.707031 0.957031 0.708984 0.960938 0.708984 0.966797 0.703125 0.960938 0.697266
0 0.730469 0.707031 0.726562 0.710938 0.726562 0.712891 0.730469 0.716797 0.732422 0.714844 0.732422 0.712891 0.734375 0.710938
0 0.921875 0.716797 0.919922 0.718750 0.919922 0.720703 0.921875 0.722656 0.923828 0.720703 0.923828 0.718750
1 0.986328 0.714844 0.984375 0.716797 0.984375 0.722656 0.992188 0.730469 0.992188 0.736328 0.990234 0.738281 0.990234 0.740234 0.992188 0.742188 0.992188 0.744141 0.996094 0.748047 0.998047 0.748047 0.998047 0.732422 0.994141 0.728516 0.994141 0.726562 0.998047 0.722656 0.990234 0.714844
0 0.701172 0.718750 0.697266 0.722656 0.697266 0.740234 0.695312 0.742188 0.695312 0.748047 0.701172 0.753906 0.707031 0.753906 0.712891 0.748047 0.712891 0.738281 0.708984 0.732422 0.708984 0.722656 0.705078 0.718750
0 0.957031 0.720703 0.955078 0.722656 0.957031 0.724609 0.958984 0.722656
1 0.771484 0.722656 0.759766 0.734375 0.759766 0.740234 0.761719 0.744141 0.765625 0.748047 0.767578 0.748047 0.777344 0.759766 0.779297 0.759766 0.783203 0.755859 0.775391 0.746094 0.775391 0.734375 0.779297 0.730469 0.779297 0.724609 0.777344 0.722656
0 0.607422 0.726562 0.605469 0.728516 0.603516 0.728516 0.599609 0.732422 0.599609 0.742188 0.605469 0.748047 0.607422 0.748047 0.613281 0.742188 0.613281 0.732422
0 0.814453 0.748047 0.812500 0.750000 0.812500 0.751953 0.814453 0.753906 0.816406 0.753906 0.818359 0.751953 0.818359 0.750000 0.816406 0.748047
0 0.753906 0.753906 0.751953 0.753906 0.748047 0.757812 0.748047 0.759766 0.746094 0.761719 0.746094 0.765625 0.748047 0.767578 0.751953 0.767578 0.753906 0.765625 0.753906 0.763672 0.755859 0.761719 0.755859 0.759766 0.757812 0.757812
0 0.886719 0.755859 0.884766 0.757812 0.884766 0.761719 0.886719 0.763672 0.888672 0.763672 0.892578 0.759766 0.888672 0.755859
0 0.992188 0.759766 0.990234 0.761719 0.988281 0.761719 0.984375 0.765625 0.984375 0.769531 0.986328 0.771484 0.986328 0.773438 0.996094 0.783203 0.998047 0.783203 0.998047 0.761719
0 0.554688 0.769531 0.550781 0.773438 0.550781 0.775391 0.548828 0.777344 0.552734 0.781250 0.558594 0.781250 0.560547 0.779297 0.560547 0.777344 0.562500 0.775391 0.562500 0.773438 0.558594 0.769531
0 0.664062 0.771484 0.660156 0.775391 0.660156 0.779297 0.667969 0.787109 0.673828 0.781250 0.673828 0.777344 0.667969 0.771484
0 0.960938 0.771484 0.957031 0.775391 0.957031 0.781250 0.958984 0.783203 0.964844 0.783203 0.966797 0.781250 0.966797 0.775391 0.962891 0.771484
0 0.589844 0.796875 0.589844 0.806641 0.599609 0.816406 0.621094 0.812500 0.630859 0.818359 0.636719 0.818359 0.648438 0.810547 0.648438 0.804688 0.644531 0.800781 0.628906 0.800781 0.623047 0.794922 0.623047 0.789062 0.626953 0.785156 0.615234 0.775391 0.599609 0.785156
0 0.955078 0.800781 0.949219 0.806641 0.953125 0.810547 0.955078 0.810547 0.958984 0.806641 0.958984 0.804688
0 0.968750 0.816406 0.958984 0.816406 0.955078 0.820312 0.955078 0.822266 0.953125 0.824219 0.953125 0.830078 0.955078 0.832031 0.955078 0.833984 0.960938 0.839844 0.962891 0.837891 0.966797 0.837891 0.968750 0.835938 0.970703 0.835938 0.976562 0.826172 0.974609 0.824219 0.974609 0.822266
0 0.447266 0.832031 0.443359 0.835938 0.447266 0.839844 0.451172 0.835938
0 0.873047 0.835938 0.873047 0.841797 0.875000 0.843750 0.875000 0.845703 0.884766 0.853516 0.888672 0.853516 0.892578 0.849609 0.898438 0.847656 0.902344 0.843750 0.902344 0.839844 0.896484 0.833984 0.890625 0.833984 0.888672 0.832031 0.878906 0.832031
0 0.634766 0.837891 0.630859 0.841797 0.634766 0.845703 0.636719 0.845703 0.638672 0.843750 0.638672 0.841797
1 0.998047 0.849609 0.994141 0.853516 0.994141 0.855469 0.992188 0.857422 0.992188 0.859375 0.998047 0.865234
0 0.900391 0.863281 0.898438 0.863281 0.896484 0.865234 0.896484 0.867188 0.898438 0.869141 0.902344 0.865234
0 0.976562 0.869141 0.972656 0.869141 0.966797 0.875000 0.966797 0.878906 0.972656 0.884766 0.974609 0.884766 0.976562 0.882812 0.978516 0.882812 0.980469 0.880859 0.982422 0.880859 0.984375 0.878906 0.984375 0.876953
0 0.949219 0.894531 0.945312 0.894531 0.939453 0.900391 0.939453 0.916016 0.941406 0.917969 0.945312 0.917969 0.947266 0.916016 0.947266 0.912109 0.955078 0.904297 0.953125 0.902344 0.953125 0.898438
0 0.560547 0.917969 0.548828 0.910156 0.539062 0.912109 0.515625 0.933594 0.517578 0.943359 0.527344 0.949219 0.546875 0.949219 0.552734 0.947266 0.560547 0.939453 0.562500 0.933594 0.562500 0.921875
0 0.974609 0.912109 0.970703 0.912109 0.964844 0.917969 0.964844 0.923828 0.970703 0.929688 0.972656 0.929688 0.976562 0.925781 0.978516 0.925781 0.980469 0.923828 0.980469 0.917969
0 0.683594 0.916016 0.677734 0.921875 0.677734 0.931641 0.681641 0.937500 0.679688 0.951172 0.687500 0.960938 0.703125 0.960938 0.708984 0.955078 0.710938 0.947266 0.722656 0.935547 0.718750 0.929688 0.714844 0.931641 0.712891 0.929688 0.701172 0.937500 0.695312 0.931641 0.695312 0.921875 0.691406 0.917969
1 0.996094 0.925781 0.994141 0.927734 0.994141 0.929688 0.992188 0.931641 0.992188 0.933594 0.990234 0.935547 0.990234 0.937500 0.992188 0.939453 0.992188 0.943359 0.994141 0.945312 0.996094 0.945312 0.998047 0.947266 0.998047 0.925781
0 0.623047 0.943359 0.626953 0.947266 0.626953 0.949219 0.628906 0.951172 0.630859 0.951172 0.636719 0.955078 0.640625 0.955078 0.642578 0.953125 0.644531 0.953125 0.648438 0.949219 0.644531 0.939453 0.640625 0.935547 0.628906 0.935547 0.625000 0.939453 0.625000 0.941406
0 0.601562 0.939453 0.593750 0.947266 0.597656 0.953125 0.582031 0.964844 0.583984 0.998047 0.648438 0.998047 0.642578 0.990234 0.630859 0.992188 0.625000 0.978516 0.603516 0.960938 0.617188 0.943359 0.609375 0.937500
0 0.783203 0.943359 0.781250 0.945312 0.781250 0.947266 0.777344 0.951172 0.779297 0.953125 0.779297 0.955078 0.781250 0.957031 0.783203 0.957031 0.785156 0.958984 0.789062 0.958984 0.792969 0.955078 0.792969 0.949219 0.787109 0.943359
0 0.810547 0.951172 0.804688 0.957031 0.804688 0.962891 0.808594 0.966797 0.814453 0.966797 0.820312 0.960938 0.820312 0.957031 0.816406 0.953125 0.812500 0.953125
0 0.755859 0.953125 0.751953 0.957031 0.751953 0.958984 0.755859 0.962891 0.757812 0.962891 0.761719 0.958984 0.761719 0.957031 0.757812 0.953125
0 0.349609 0.986328 0.347656 0.988281 0.347656 0.990234 0.349609 0.992188 0.351562 0.992188 0.353516 0.990234 0.353516 0.988281 0.351562 0.986328
1 0.748047 0.990234 0.748047 0.992188 0.751953 0.996094 0.751953 0.998047 0.775391 0.998047 0.771484 0.994141 0.765625 0.996094 0.761719 0.992188 0.761719 0.990234 0.755859 0.984375 0.753906 0.984375
0 0.849609 0.990234 0.843750 0.984375 0.841797 0.984375 0.839844 0.986328 0.837891 0.986328 0.835938 0.988281 0.835938 0.990234 0.833984 0.992188 0.833984 0.996094 0.835938 0.998047 0.847656 0.998047 0.847656 0.994141 0.849609 0.992188
1 0.685547 0.998047 0.705078 0.998047 0.703125 0.996094 0.699219 0.996094 0.697266 0.994141 0.689453 0.994141
