1 0.000000 0.132812 0.033203 0.562500 0.083984 0.595703 0.083984 0.658203 0.179688 0.628906 0.208984 0.654297 0.103516 0.726562 0.121094 0.769531 0.183594 0.759766 0.119141 0.888672 0.203125 0.785156 0.259766 0.783203 0.324219 0.884766 0.246094 0.998047 0.308594 0.970703 0.421875 0.998047 0.351562 0.958984 0.375000 0.939453 0.513672 0.998047 0.404297 0.931641 0.341797 0.951172 0.335938 0.853516 0.433594 0.878906 0.326172 0.847656 0.292969 0.781250 0.199219 0.763672 0.302734 0.720703 0.310547 0.658203 0.365234 0.656250 0.287109 0.583984 0.326172 0.550781 0.302734 0.505859 0.289062 0.562500 0.181641 0.548828 0.179688 0.464844 0.265625 0.449219 0.302734 0.402344 0.281250 0.382812 0.148438 0.457031 0.146484 0.361328 0.042969 0.289062 0.076172 0.166016
0 0.197266 0.251953 0.195312 0.253906 0.195312 0.257812 0.197266 0.259766 0.199219 0.259766 0.203125 0.255859 0.199219 0.251953
0 0.158203 0.269531 0.162109 0.273438 0.169922 0.273438 0.171875 0.271484 0.177734 0.269531 0.181641 0.265625 0.181641 0.261719 0.175781 0.255859 0.166016 0.255859 0.160156 0.259766 0.160156 0.261719 0.158203 0.263672
0 0.373047 0.271484 0.371094 0.273438 0.375000 0.277344 0.376953 0.275391 0.376953 0.273438 0.375000 0.271484
0 0.400391 0.287109 0.404297 0.291016 0.412109 0.291016 0.414062 0.289062 0.414062 0.287109 0.416016 0.285156 0.414062 0.283203 0.406250 0.283203 0.404297 0.285156 0.402344 0.285156
0 0.119141 0.287109 0.113281 0.287109 0.109375 0.291016 0.109375 0.294922 0.115234 0.300781 0.117188 0.298828 0.119141 0.298828 0.121094 0.296875 0.121094 0.294922 0.123047 0.292969 0.123047 0.291016
0 0.392578 0.294922 0.390625 0.294922 0.384766 0.300781 0.388672 0.304688 0.390625 0.304688 0.394531 0.300781 0.394531 0.296875
0 0.216797 0.296875 0.210938 0.302734 0.210938 0.312500 0.212891 0.314453 0.212891 0.318359 0.214844 0.320312 0.214844 0.322266 0.218750 0.326172 0.224609 0.326172 0.230469 0.320312 0.230469 0.316406 0.232422 0.314453 0.232422 0.306641 0.224609 0.296875
0 0.275391 0.308594 0.273438 0.310547 0.275391 0.312500 0.277344 0.312500 0.279297 0.310547 0.277344 0.308594
0 0.417969 0.312500 0.416016 0.314453 0.416016 0.316406 0.417969 0.318359 0.419922 0.318359 0.421875 0.316406 0.421875 0.314453 0.419922 0.312500
0 0.437500 0.314453 0.433594 0.318359 0.433594 0.322266 0.435547 0.324219 0.435547 0.326172 0.439453 0.330078 0.445312 0.330078 0.447266 0.328125 0.447266 0.324219 0.445312 0.322266 0.445312 0.320312 0.439453 0.314453
0 0.251953 0.324219 0.246094 0.324219 0.240234 0.328125 0.242188 0.330078 0.240234 0.332031 0.242188 0.333984 0.242188 0.335938 0.248047 0.341797 0.255859 0.333984 0.255859 0.328125
1 0.300781 0.337891 0.296875 0.341797 0.300781 0.347656 0.291016 0.357422 0.296875 0.363281 0.298828 0.363281 0.302734 0.359375 0.300781 0.353516 0.304688 0.349609 0.304688 0.341797
0 0.384766 0.335938 0.380859 0.339844 0.380859 0.341797 0.376953 0.345703 0.376953 0.347656 0.378906 0.349609 0.382812 0.349609 0.386719 0.345703 0.386719 0.337891
0 0.238281 0.351562 0.234375 0.355469 0.234375 0.375000 0.236328 0.380859 0.242188 0.386719 0.250000 0.388672 0.257812 0.382812 0.265625 0.382812 0.271484 0.376953 0.273438 0.367188 0.269531 0.361328 0.261719 0.359375 0.246094 0.349609
0 0.353516 0.347656 0.349609 0.347656 0.345703 0.351562 0.335938 0.355469 0.332031 0.361328 0.332031 0.373047 0.341797 0.380859 0.347656 0.380859 0.351562 0.376953 0.351562 0.373047 0.361328 0.361328 0.359375 0.351562
0 0.669922 0.369141 0.666016 0.369141 0.660156 0.375000 0.660156 0.378906 0.666016 0.384766 0.667969 0.384766 0.673828 0.378906 0.673828 0.373047
0 0.570312 0.375000 0.566406 0.371094 0.564453 0.371094 0.562500 0.373047 0.560547 0.373047 0.558594 0.375000 0.562500 0.378906 0.566406 0.378906
0 0.347656 0.388672 0.341797 0.394531 0.341797 0.398438 0.343750 0.400391 0.343750 0.402344 0.349609 0.408203 0.359375 0.408203 0.363281 0.402344 0.361328 0.396484 0.353516 0.388672
0 0.373047 0.394531 0.369141 0.398438 0.369141 0.400391 0.373047 0.404297 0.375000 0.404297 0.376953 0.402344 0.376953 0.398438
0 0.388672 0.410156 0.384766 0.414062 0.384766 0.416016 0.388672 0.419922 0.392578 0.416016 0.392578 0.414062
0 0.410156 0.417969 0.408203 0.419922 0.408203 0.431641 0.414062 0.437500 0.419922 0.437500 0.427734 0.427734 0.427734 0.423828 0.421875 0.417969
0 0.474609 0.423828 0.472656 0.421875 0.470703 0.421875 0.466797 0.425781 0.468750 0.427734 0.472656 0.427734 0.474609 0.425781
0 0.771484 0.423828 0.769531 0.423828 0.767578 0.425781 0.767578 0.427734 0.769531 0.429688 0.773438 0.425781
0 0.351562 0.425781 0.349609 0.427734 0.349609 0.429688 0.351562 0.431641 0.353516 0.429688 0.353516 0.427734
0 0.361328 0.437500 0.357422 0.437500 0.353516 0.441406 0.353516 0.443359 0.357422 0.447266 0.359375 0.447266 0.365234 0.441406
0 0.437500 0.447266 0.435547 0.449219 0.435547 0.451172 0.437500 0.453125 0.439453 0.451172 0.439453 0.449219
0 0.320312 0.455078 0.318359 0.457031 0.320312 0.458984 0.322266 0.458984 0.324219 0.457031 0.322266 0.455078
0 0.404297 0.460938 0.402344 0.460938 0.398438 0.464844 0.398438 0.470703 0.400391 0.472656 0.402344 0.472656 0.406250 0.468750 0.406250 0.462891
0 0.431641 0.466797 0.429688 0.468750 0.431641 0.470703 0.433594 0.470703 0.435547 0.468750 0.433594 0.466797
0 0.531250 0.484375 0.529297 0.486328 0.529297 0.488281 0.527344 0.490234 0.527344 0.494141 0.531250 0.498047 0.533203 0.498047 0.537109 0.494141 0.537109 0.490234
0 0.345703 0.488281 0.343750 0.488281 0.341797 0.490234 0.341797 0.492188 0.343750 0.494141 0.347656 0.490234
0 0.677734 0.494141 0.675781 0.496094 0.673828 0.496094 0.669922 0.500000 0.669922 0.501953 0.667969 0.503906 0.667969 0.509766 0.669922 0.511719 0.669922 0.513672 0.675781 0.517578 0.685547 0.517578 0.689453 0.511719 0.689453 0.500000 0.683594 0.494141
0 0.380859 0.496094 0.376953 0.500000 0.376953 0.503906 0.382812 0.509766 0.386719 0.509766 0.388672 0.507812 0.388672 0.505859 0.390625 0.503906 0.384766 0.498047 0.382812 0.498047
0 0.925781 0.519531 0.921875 0.523438 0.923828 0.525391 0.923828 0.527344 0.925781 0.529297 0.929688 0.529297 0.931641 0.527344 0.931641 0.521484 0.929688 0.519531
0 0.636719 0.529297 0.632812 0.533203 0.632812 0.535156 0.636719 0.539062 0.640625 0.535156 0.640625 0.533203
0 0.341797 0.531250 0.339844 0.533203 0.341797 0.535156 0.343750 0.533203
0 0.857422 0.552734 0.853516 0.556641 0.853516 0.560547 0.857422 0.564453 0.863281 0.564453 0.865234 0.562500 0.865234 0.560547 0.867188 0.558594 0.861328 0.552734
0 0.888672 0.576172 0.882812 0.582031 0.882812 0.589844 0.888672 0.595703 0.894531 0.595703 0.898438 0.591797 0.898438 0.587891 0.900391 0.585938 0.898438 0.583984 0.898438 0.582031 0.894531 0.578125 0.892578 0.578125 0.890625 0.576172
0 0.382812 0.580078 0.378906 0.580078 0.376953 0.582031 0.376953 0.585938 0.380859 0.589844 0.384766 0.585938 0.384766 0.582031
0 0.478516 0.578125 0.476562 0.580078 0.476562 0.582031 0.480469 0.585938 0.484375 0.582031 0.480469 0.578125
0 0.568359 0.587891 0.570312 0.589844 0.576172 0.589844 0.580078 0.585938 0.578125 0.583984 0.572266 0.583984
0 0.535156 0.587891 0.531250 0.591797 0.535156 0.595703 0.539062 0.591797
0 0.359375 0.597656 0.357422 0.599609 0.357422 0.603516 0.359375 0.605469 0.361328 0.605469 0.363281 0.607422 0.369141 0.601562 0.365234 0.597656
0 0.333984 0.601562 0.332031 0.601562 0.328125 0.605469 0.328125 0.607422 0.330078 0.609375 0.333984 0.609375 0.335938 0.607422 0.335938 0.603516
0 0.833984 0.611328 0.828125 0.617188 0.830078 0.619141 0.830078 0.621094 0.832031 0.623047 0.837891 0.623047 0.841797 0.619141 0.841797 0.615234 0.839844 0.613281 0.837891 0.613281 0.835938 0.611328
0 0.498047 0.613281 0.496094 0.615234 0.496094 0.617188 0.498047 0.619141 0.500000 0.619141 0.501953 0.617188 0.501953 0.615234 0.500000 0.613281
0 0.529297 0.628906 0.525391 0.625000 0.523438 0.625000 0.521484 0.626953 0.521484 0.628906 0.519531 0.630859 0.521484 0.632812 0.525391 0.632812
0 0.888672 0.628906 0.884766 0.632812 0.884766 0.638672 0.886719 0.640625 0.886719 0.642578 0.892578 0.648438 0.894531 0.648438 0.900391 0.642578 0.900391 0.634766 0.894531 0.628906
0 0.734375 0.634766 0.730469 0.638672 0.730469 0.640625 0.734375 0.644531 0.738281 0.644531 0.740234 0.642578 0.740234 0.640625
0 0.392578 0.658203 0.388672 0.662109 0.388672 0.679688 0.390625 0.681641 0.390625 0.685547 0.396484 0.689453 0.404297 0.675781 0.404297 0.667969 0.402344 0.666016 0.402344 0.662109 0.398438 0.658203
0 0.472656 0.681641 0.470703 0.683594 0.470703 0.691406 0.472656 0.693359 0.476562 0.693359 0.480469 0.689453 0.480469 0.685547 0.476562 0.681641
0 0.597656 0.705078 0.595703 0.705078 0.593750 0.707031 0.593750 0.708984 0.595703 0.710938 0.599609 0.707031
1 0.498047 0.708984 0.494141 0.712891 0.494141 0.726562 0.496094 0.728516 0.498047 0.728516 0.501953 0.724609 0.501953 0.720703 0.500000 0.718750 0.500000 0.710938
0 0.855469 0.708984 0.849609 0.714844 0.849609 0.716797 0.853516 0.720703 0.857422 0.720703 0.861328 0.716797 0.861328 0.712891 0.859375 0.710938 0.857422 0.710938
0 0.398438 0.712891 0.394531 0.712891 0.390625 0.716797 0.390625 0.718750 0.396484 0.724609 0.398438 0.722656 0.400391 0.722656 0.402344 0.720703 0.402344 0.716797
0 0.339844 0.714844 0.333984 0.720703 0.333984 0.724609 0.337891 0.728516 0.347656 0.728516 0.351562 0.724609 0.351562 0.718750 0.347656 0.714844
0 0.625000 0.716797 0.621094 0.716797 0.619141 0.718750 0.623047 0.722656 0.626953 0.718750
0 0.947266 0.728516 0.945312 0.730469 0.947266 0.732422 0.949219 0.732422 0.951172 0.730469 0.949219 0.728516
0 0.984375 0.734375 0.984375 0.736328 0.988281 0.740234 0.996094 0.740234 0.998047 0.742188 0.998047 0.734375 0.996094 0.732422 0.992188 0.732422 0.990234 0.730469 0.988281 0.730469
0 0.726562 0.734375 0.722656 0.736328 0.716797 0.744141 0.718750 0.748047 0.716797 0.750000 0.722656 0.757812 0.726562 0.759766 0.732422 0.759766 0.736328 0.757812 0.748047 0.746094 0.748047 0.742188 0.732422 0.734375
0 0.601562 0.738281 0.599609 0.740234 0.601562 0.742188 0.603516 0.740234
0 0.529297 0.742188 0.525391 0.742188 0.523438 0.744141 0.521484 0.744141 0.517578 0.748047 0.517578 0.755859 0.523438 0.759766 0.525391 0.759766 0.527344 0.757812 0.533203 0.757812 0.535156 0.755859 0.535156 0.750000 0.533203 0.748047 0.533203 0.746094
0 0.664062 0.742188 0.662109 0.744141 0.664062 0.746094 0.666016 0.746094 0.667969 0.744141 0.666016 0.742188
0 0.281250 0.750000 0.279297 0.751953 0.279297 0.753906 0.281250 0.755859 0.283203 0.753906 0.283203 0.751953
0 0.386719 0.753906 0.382812 0.753906 0.380859 0.755859 0.380859 0.759766 0.384766 0.763672 0.388672 0.759766 0.388672 0.755859
0 0.396484 0.759766 0.404297 0.767578 0.406250 0.767578 0.408203 0.769531 0.412109 0.769531 0.414062 0.767578 0.414062 0.763672 0.408203 0.757812 0.404297 0.757812 0.402344 0.755859 0.400391 0.755859
0 0.449219 0.761719 0.445312 0.765625 0.443359 0.779297 0.447266 0.789062 0.451172 0.792969 0.457031 0.794922 0.476562 0.794922 0.484375 0.787109 0.482422 0.781250 0.462891 0.763672 0.455078 0.759766
0 0.652344 0.775391 0.656250 0.779297 0.660156 0.775391 0.664062 0.775391 0.667969 0.771484 0.664062 0.767578 0.656250 0.767578 0.654297 0.769531 0.654297 0.771484 0.652344 0.773438
0 0.537109 0.777344 0.537109 0.779297 0.541016 0.783203 0.544922 0.783203 0.546875 0.781250 0.548828 0.781250 0.550781 0.779297 0.550781 0.775391 0.548828 0.773438 0.541016 0.773438
0 0.314453 0.783203 0.312500 0.785156 0.312500 0.787109 0.314453 0.789062 0.316406 0.789062 0.318359 0.787109
0 0.621094 0.785156 0.626953 0.792969 0.617188 0.802734 0.617188 0.810547 0.625000 0.826172 0.638672 0.828125 0.652344 0.818359 0.654297 0.820312 0.667969 0.812500 0.669922 0.802734 0.664062 0.796875 0.660156 0.796875 0.650391 0.804688 0.638672 0.796875 0.632812 0.796875 0.628906 0.792969 0.630859 0.787109 0.626953 0.781250
1 0.382812 0.787109 0.378906 0.787109 0.363281 0.800781 0.363281 0.804688 0.367188 0.810547 0.363281 0.818359 0.365234 0.822266 0.382812 0.802734 0.386719 0.802734 0.390625 0.798828 0.390625 0.794922
0 0.781250 0.785156 0.779297 0.787109 0.781250 0.789062 0.783203 0.789062 0.785156 0.787109 0.783203 0.785156
0 0.734375 0.792969 0.730469 0.796875 0.730469 0.798828 0.732422 0.800781 0.736328 0.800781 0.738281 0.798828 0.738281 0.796875
0 0.765625 0.792969 0.761719 0.796875 0.761719 0.798828 0.765625 0.802734 0.769531 0.802734 0.771484 0.800781 0.771484 0.798828 0.773438 0.796875 0.769531 0.792969
0 0.890625 0.802734 0.886719 0.806641 0.886719 0.810547 0.890625 0.814453 0.892578 0.814453 0.896484 0.810547 0.896484 0.806641 0.892578 0.802734
0 0.851562 0.804688 0.849609 0.806641 0.847656 0.806641 0.845703 0.808594 0.845703 0.810547 0.843750 0.812500 0.843750 0.814453 0.849609 0.820312 0.855469 0.820312 0.859375 0.816406 0.859375 0.810547 0.853516 0.804688
0 0.474609 0.810547 0.470703 0.814453 0.470703 0.816406 0.474609 0.820312 0.476562 0.820312 0.480469 0.816406
0 0.738281 0.808594 0.734375 0.812500 0.738281 0.816406 0.740234 0.816406 0.744141 0.812500 0.740234 0.808594
1 0.603516 0.826172 0.593750 0.816406 0.587891 0.814453 0.582031 0.818359 0.582031 0.822266 0.576172 0.830078 0.568359 0.830078 0.560547 0.837891 0.544922 0.835938 0.542969 0.833984 0.531250 0.833984 0.529297 0.832031 0.517578 0.832031 0.507812 0.826172 0.498047 0.833984 0.500000 0.835938 0.498047 0.837891 0.501953 0.847656 0.505859 0.851562 0.517578 0.855469 0.525391 0.855469 0.533203 0.845703 0.537109 0.845703 0.542969 0.849609 0.552734 0.849609 0.566406 0.841797 0.572266 0.841797 0.580078 0.835938 0.589844 0.837891 0.593750 0.841797 0.603516 0.833984
0 0.761719 0.812500 0.757812 0.816406 0.757812 0.824219 0.759766 0.826172 0.759766 0.835938 0.771484 0.847656 0.773438 0.845703 0.773438 0.841797 0.783203 0.832031 0.779297 0.828125 0.777344 0.822266 0.769531 0.814453
0 0.423828 0.816406 0.421875 0.818359 0.421875 0.820312 0.423828 0.822266 0.425781 0.822266 0.427734 0.820312 0.427734 0.818359 0.425781 0.816406
0 0.675781 0.826172 0.683594 0.833984 0.669922 0.843750 0.669922 0.855469 0.683594 0.863281 0.679688 0.873047 0.685547 0.882812 0.691406 0.882812 0.703125 0.869141 0.718750 0.878906 0.720703 0.876953 0.722656 0.878906 0.724609 0.876953 0.740234 0.878906 0.746094 0.873047 0.742188 0.867188 0.742188 0.861328 0.736328 0.855469 0.718750 0.847656 0.701172 0.857422 0.695312 0.851562 0.691406 0.853516 0.685547 0.847656 0.681641 0.835938 0.691406 0.828125 0.699219 0.828125 0.703125 0.822266 0.699219 0.818359 0.691406 0.822266 0.681641 0.818359
0 0.898438 0.820312 0.896484 0.822266 0.896484 0.826172 0.900391 0.830078 0.904297 0.826172 0.904297 0.824219 0.900391 0.820312
0 0.871094 0.824219 0.869141 0.824219 0.867188 0.826172 0.867188 0.828125 0.865234 0.830078 0.865234 0.832031 0.869141 0.835938 0.871094 0.833984 0.873047 0.833984 0.875000 0.832031 0.875000 0.828125
1 0.998047 0.824219 0.996094 0.826172 0.996094 0.828125 0.998047 0.830078
0 0.804688 0.833984 0.804688 0.843750 0.816406 0.859375 0.806641 0.869141 0.837891 0.882812 0.853516 0.878906 0.875000 0.857422 0.869141 0.847656 0.859375 0.851562 0.837891 0.847656 0.830078 0.851562 0.826172 0.847656 0.822266 0.828125 0.810547 0.828125
0 0.921875 0.837891 0.916016 0.843750 0.916016 0.847656 0.919922 0.851562 0.919922 0.853516 0.921875 0.855469 0.927734 0.855469 0.931641 0.851562 0.931641 0.847656 0.929688 0.845703 0.929688 0.843750 0.925781 0.839844 0.923828 0.839844
0 0.593750 0.845703 0.591797 0.847656 0.589844 0.847656 0.585938 0.851562 0.585938 0.853516 0.591797 0.859375 0.593750 0.859375 0.597656 0.855469 0.597656 0.849609
0 0.457031 0.847656 0.451172 0.853516 0.451172 0.857422 0.453125 0.859375 0.455078 0.859375 0.458984 0.855469 0.458984 0.853516 0.460938 0.851562
0 0.492188 0.865234 0.486328 0.871094 0.490234 0.904297 0.498047 0.917969 0.505859 0.917969 0.517578 0.906250 0.519531 0.896484 0.523438 0.890625 0.523438 0.880859 0.505859 0.867188
0 0.623047 0.863281 0.619141 0.867188 0.619141 0.869141 0.623047 0.873047 0.625000 0.873047 0.628906 0.869141
0 0.656250 0.863281 0.654297 0.865234 0.654297 0.867188 0.652344 0.869141 0.652344 0.875000 0.656250 0.878906 0.664062 0.878906 0.666016 0.876953 0.666016 0.875000 0.667969 0.873047 0.667969 0.869141 0.666016 0.867188 0.666016 0.865234 0.664062 0.863281
0 0.468750 0.873047 0.464844 0.873047 0.462891 0.875000 0.462891 0.880859 0.460938 0.882812 0.460938 0.884766 0.458984 0.886719 0.458984 0.888672 0.460938 0.890625 0.462891 0.890625 0.464844 0.888672 0.466797 0.888672 0.470703 0.884766 0.470703 0.875000
0 0.908203 0.873047 0.906250 0.875000 0.906250 0.876953 0.910156 0.880859 0.914062 0.876953 0.910156 0.873047
0 0.929688 0.880859 0.925781 0.884766 0.925781 0.890625 0.929688 0.894531 0.937500 0.894531 0.939453 0.892578 0.939453 0.890625 0.941406 0.888672 0.941406 0.886719 0.935547 0.880859
0 0.955078 0.886719 0.955078 0.888672 0.960938 0.894531 0.966797 0.894531 0.968750 0.892578 0.970703 0.892578 0.972656 0.890625 0.972656 0.886719 0.966797 0.880859 0.960938 0.880859
0 0.705078 0.882812 0.699219 0.882812 0.695312 0.886719 0.695312 0.890625 0.707031 0.902344 0.705078 0.908203 0.695312 0.917969 0.687500 0.917969 0.677734 0.925781 0.679688 0.935547 0.683594 0.939453 0.689453 0.939453 0.695312 0.933594 0.695312 0.925781 0.699219 0.921875 0.705078 0.927734 0.701172 0.933594 0.703125 0.937500 0.685547 0.955078 0.677734 0.968750 0.669922 0.964844 0.664062 0.968750 0.667969 0.976562 0.673828 0.976562 0.677734 0.980469 0.677734 0.988281 0.689453 0.998047 0.707031 0.986328 0.748047 0.935547 0.744141 0.931641 0.734375 0.935547 0.714844 0.923828 0.722656 0.908203 0.722656 0.896484 0.716797 0.888672
0 0.822266 0.888672 0.820312 0.890625 0.822266 0.892578 0.824219 0.892578 0.826172 0.890625 0.824219 0.888672
0 0.890625 0.886719 0.884766 0.890625 0.884766 0.892578 0.882812 0.894531 0.882812 0.902344 0.884766 0.904297 0.884766 0.906250 0.890625 0.912109 0.898438 0.912109 0.904297 0.906250 0.904297 0.900391 0.902344 0.898438 0.902344 0.894531 0.896484 0.888672
0 0.576172 0.892578 0.574219 0.892578 0.572266 0.894531 0.570312 0.892578 0.566406 0.896484 0.564453 0.896484 0.562500 0.894531 0.558594 0.898438 0.560547 0.900391 0.560547 0.912109 0.564453 0.916016 0.568359 0.916016 0.578125 0.904297 0.578125 0.902344 0.580078 0.900391 0.580078 0.896484
0 0.685547 0.892578 0.681641 0.892578 0.677734 0.896484 0.677734 0.898438 0.681641 0.902344 0.683594 0.902344 0.687500 0.898438 0.687500 0.894531
0 0.744141 0.892578 0.740234 0.896484 0.740234 0.898438 0.736328 0.902344 0.742188 0.908203 0.748047 0.908203 0.753906 0.902344 0.753906 0.900391 0.751953 0.898438 0.751953 0.896484 0.748047 0.892578
0 0.646484 0.898438 0.644531 0.900391 0.646484 0.902344 0.648438 0.900391
0 0.875000 0.908203 0.871094 0.908203 0.865234 0.914062 0.865234 0.917969 0.867188 0.919922 0.867188 0.921875 0.873047 0.927734 0.875000 0.925781 0.876953 0.925781 0.880859 0.919922 0.880859 0.917969 0.878906 0.916016 0.878906 0.912109
0 0.578125 0.914062 0.580078 0.916016 0.582031 0.916016 0.583984 0.917969 0.585938 0.917969 0.587891 0.916016 0.587891 0.912109 0.585938 0.910156 0.583984 0.910156 0.582031 0.912109 0.580078 0.912109
0 0.777344 0.910156 0.775391 0.912109 0.775391 0.916016 0.771484 0.919922 0.771484 0.927734 0.777344 0.933594 0.779297 0.933594 0.781250 0.935547 0.783203 0.933594 0.789062 0.933594 0.792969 0.929688 0.792969 0.921875 0.787109 0.916016 0.785156 0.916016 0.781250 0.912109 0.779297 0.912109
0 0.611328 0.927734 0.609375 0.927734 0.605469 0.931641 0.601562 0.931641 0.599609 0.933594 0.593750 0.933594 0.587891 0.939453 0.589844 0.945312 0.593750 0.949219 0.597656 0.949219 0.599609 0.947266 0.601562 0.947266 0.609375 0.939453 0.609375 0.935547 0.613281 0.931641 0.613281 0.929688
1 0.646484 0.933594 0.650391 0.937500 0.656250 0.937500 0.660156 0.933594 0.664062 0.933594 0.666016 0.931641 0.666016 0.929688 0.664062 0.927734 0.660156 0.927734 0.658203 0.929688 0.656250 0.929688 0.654297 0.927734 0.650391 0.927734 0.646484 0.931641
1 0.810547 0.925781 0.808594 0.925781 0.804688 0.929688 0.802734 0.937500 0.798828 0.941406 0.796875 0.941406 0.792969 0.947266 0.792969 0.957031 0.798828 0.964844 0.806641 0.964844 0.810547 0.962891 0.814453 0.957031 0.814453 0.947266 0.810547 0.943359 0.810547 0.939453 0.812500 0.937500 0.814453 0.929688
0 0.773438 0.949219 0.769531 0.953125 0.769531 0.955078 0.767578 0.957031 0.767578 0.960938 0.769531 0.962891 0.771484 0.962891 0.773438 0.964844 0.775391 0.964844 0.781250 0.958984 0.781250 0.953125 0.779297 0.951172 0.777344 0.951172 0.775391 0.949219
0 0.878906 0.951172 0.876953 0.953125 0.876953 0.957031 0.878906 0.958984 0.882812 0.958984 0.884766 0.957031 0.884766 0.953125 0.882812 0.951172
0 0.619141 0.968750 0.619141 0.978516 0.615234 0.982422 0.615234 0.988281 0.617188 0.990234 0.626953 0.984375 0.630859 0.984375 0.632812 0.986328 0.634766 0.984375 0.642578 0.984375 0.646484 0.988281 0.650391 0.988281 0.652344 0.986328 0.652344 0.980469 0.648438 0.976562 0.644531 0.976562 0.636719 0.966797 0.628906 0.962891 0.625000 0.962891
0 0.919922 0.970703 0.917969 0.972656 0.919922 0.974609 0.921875 0.974609 0.923828 0.972656 0.921875 0.970703
0 0.759766 0.978516 0.755859 0.982422 0.757812 0.984375 0.757812 0.986328 0.761719 0.990234 0.763672 0.988281 0.763672 0.986328 0.765625 0.984375
0 0.828125 0.990234 0.828125 0.998047 0.851562 0.998047 0.851562 0.992188 0.849609 0.990234 0.849609 0.988281 0.841797 0.980469 0.835938 0.980469
0 0.320312 0.990234 0.316406 0.986328 0.312500 0.986328 0.306641 0.992188 0.306641 0.998047 0.318359 0.998047 0.318359 0.994141 0.320312 0.992188
0 0.576172 0.984375 0.570312 0.990234 0.570312 0.992188 0.572266 0.994141 0.576172 0.994141 0.580078 0.990234 0.578125 0.988281 0.578125 0.986328
0 0.775391 0.984375 0.771484 0.988281 0.771484 0.990234 0.775391 0.994141 0.779297 0.990234 0.779297 0.988281
1 0.890625 0.994141 0.890625 0.998047 0.917969 0.998047 0.917969 0.994141 0.910156 0.986328 0.900391 0.986328 0.898438 0.988281 0.896484 0.988281
0 0.443359 0.998047 0.453125 0.998047 0.449219 0.994141 0.447266 0.994141
1 0.228516 0.998047 0.240234 0.998047 0.238281 0.996094 0.230469 0.996094
