1 0.000000 0.126953 0.011719 0.521484 0.056641 0.556641 0.060547 0.619141 0.164062 0.625000 0.080078 0.691406 0.093750 0.728516 0.158203 0.722656 0.099609 0.851562 0.179688 0.761719 0.238281 0.763672 0.291016 0.851562 0.197266 0.996094 0.248047 0.998047 0.304688 0.929688 0.347656 0.968750 0.322266 0.998047 0.365234 0.972656 0.414062 0.998047 0.398438 0.941406 0.466797 0.998047 0.474609 0.941406 0.447266 0.964844 0.416016 0.917969 0.316406 0.910156 0.302734 0.818359 0.343750 0.845703 0.429688 0.824219 0.291016 0.812500 0.271484 0.753906 0.173828 0.718750 0.236328 0.648438 0.238281 0.560547 0.302734 0.517578 0.277344 0.474609 0.269531 0.517578 0.171875 0.535156 0.162109 0.441406 0.201172 0.408203 0.226562 0.431641 0.277344 0.365234 0.111328 0.414062 0.119141 0.371094 0.058594 0.312500 0.107422 0.265625 0.019531 0.263672
0 0.150391 0.234375 0.148438 0.234375 0.146484 0.236328 0.142578 0.236328 0.136719 0.240234 0.136719 0.248047 0.142578 0.253906 0.148438 0.253906 0.154297 0.248047 0.154297 0.238281
0 0.175781 0.236328 0.171875 0.240234 0.175781 0.244141 0.177734 0.242188 0.177734 0.238281
0 0.361328 0.263672 0.357422 0.267578 0.359375 0.269531 0.361328 0.269531 0.363281 0.271484 0.365234 0.271484 0.367188 0.269531 0.367188 0.267578 0.365234 0.265625 0.363281 0.265625
1 0.175781 0.279297 0.177734 0.292969 0.183594 0.302734 0.187500 0.304688 0.199219 0.302734 0.214844 0.314453 0.220703 0.314453 0.224609 0.310547 0.220703 0.304688 0.207031 0.300781 0.199219 0.292969 0.199219 0.287109 0.191406 0.275391 0.181641 0.273438
0 0.365234 0.283203 0.361328 0.279297 0.359375 0.279297 0.357422 0.281250 0.355469 0.281250 0.351562 0.285156 0.355469 0.289062 0.357422 0.289062 0.359375 0.287109 0.361328 0.287109
0 0.345703 0.291016 0.341797 0.291016 0.339844 0.292969 0.339844 0.296875 0.341797 0.298828 0.343750 0.298828 0.347656 0.294922 0.347656 0.292969
0 0.378906 0.302734 0.373047 0.308594 0.378906 0.314453 0.378906 0.316406 0.380859 0.318359 0.382812 0.318359 0.384766 0.320312 0.388672 0.320312 0.390625 0.318359 0.390625 0.312500 0.380859 0.302734
0 0.365234 0.304688 0.363281 0.306641 0.367188 0.310547 0.369141 0.308594 0.369141 0.306641 0.367188 0.304688
0 0.253906 0.310547 0.250000 0.314453 0.250000 0.318359 0.251953 0.320312 0.253906 0.320312 0.255859 0.318359 0.255859 0.312500
1 0.341797 0.316406 0.332031 0.326172 0.332031 0.328125 0.335938 0.332031 0.341797 0.326172 0.341797 0.324219 0.343750 0.322266 0.343750 0.318359
0 0.261719 0.326172 0.257812 0.330078 0.257812 0.332031 0.255859 0.333984 0.257812 0.335938 0.259766 0.335938 0.261719 0.337891 0.263672 0.337891 0.267578 0.333984 0.267578 0.332031
0 0.316406 0.326172 0.306641 0.335938 0.300781 0.335938 0.298828 0.333984 0.287109 0.333984 0.285156 0.335938 0.285156 0.343750 0.298828 0.359375 0.304688 0.355469 0.310547 0.355469 0.312500 0.357422 0.316406 0.357422 0.318359 0.355469 0.320312 0.330078
0 0.195312 0.343750 0.201172 0.357422 0.205078 0.361328 0.210938 0.361328 0.236328 0.347656 0.244141 0.337891 0.238281 0.330078 0.232422 0.330078 0.224609 0.333984 0.212891 0.330078 0.203125 0.330078 0.197266 0.335938
0 0.539062 0.363281 0.542969 0.367188 0.546875 0.367188 0.548828 0.365234 0.548828 0.363281 0.546875 0.361328 0.541016 0.361328
0 0.294922 0.375000 0.296875 0.386719 0.312500 0.396484 0.312500 0.404297 0.316406 0.408203 0.322266 0.402344 0.316406 0.394531 0.322266 0.386719 0.324219 0.388672 0.339844 0.388672 0.341797 0.386719 0.341797 0.382812 0.337891 0.378906 0.324219 0.378906 0.314453 0.369141 0.300781 0.369141
0 0.623047 0.373047 0.621094 0.375000 0.621094 0.376953 0.619141 0.378906 0.619141 0.382812 0.625000 0.388672 0.628906 0.388672 0.634766 0.382812 0.634766 0.378906 0.628906 0.373047
0 0.269531 0.380859 0.267578 0.382812 0.267578 0.384766 0.269531 0.386719 0.271484 0.386719 0.273438 0.384766 0.273438 0.382812 0.271484 0.380859
0 0.402344 0.386719 0.400391 0.388672 0.400391 0.390625 0.402344 0.392578 0.404297 0.392578 0.406250 0.390625 0.406250 0.388672 0.404297 0.386719
0 0.285156 0.396484 0.283203 0.398438 0.285156 0.400391 0.287109 0.398438
0 0.154297 0.398438 0.152344 0.400391 0.156250 0.404297 0.158203 0.402344 0.158203 0.400391 0.156250 0.398438
0 0.384766 0.406250 0.384766 0.408203 0.392578 0.416016 0.396484 0.416016 0.400391 0.412109 0.402344 0.412109 0.406250 0.408203 0.406250 0.406250 0.400391 0.400391 0.390625 0.400391
0 0.371094 0.406250 0.375000 0.410156 0.378906 0.410156 0.380859 0.408203 0.378906 0.406250 0.376953 0.406250 0.375000 0.404297 0.373047 0.404297
0 0.714844 0.425781 0.712891 0.427734 0.714844 0.429688 0.716797 0.429688 0.718750 0.427734 0.716797 0.425781
0 0.281250 0.435547 0.279297 0.435547 0.277344 0.437500 0.277344 0.439453 0.279297 0.441406 0.283203 0.437500
0 0.351562 0.435547 0.349609 0.435547 0.347656 0.437500 0.347656 0.439453 0.345703 0.441406 0.345703 0.445312 0.347656 0.447266 0.349609 0.447266 0.351562 0.445312 0.351562 0.443359 0.353516 0.441406 0.353516 0.437500
0 0.302734 0.439453 0.300781 0.441406 0.302734 0.443359 0.304688 0.441406
0 0.404297 0.445312 0.402344 0.447266 0.402344 0.451172 0.406250 0.455078 0.408203 0.453125 0.408203 0.449219
0 0.330078 0.466797 0.328125 0.468750 0.328125 0.472656 0.330078 0.474609 0.330078 0.476562 0.333984 0.480469 0.335938 0.480469 0.339844 0.476562 0.339844 0.474609 0.337891 0.472656 0.337891 0.470703 0.333984 0.466797
0 0.640625 0.468750 0.636719 0.468750 0.634766 0.470703 0.632812 0.470703 0.630859 0.472656 0.628906 0.478516 0.625000 0.482422 0.625000 0.490234 0.634766 0.500000 0.646484 0.488281 0.646484 0.486328 0.648438 0.484375 0.648438 0.476562 0.646484 0.474609 0.646484 0.472656
0 0.494141 0.480469 0.490234 0.484375 0.490234 0.486328 0.496094 0.492188 0.498047 0.492188 0.500000 0.490234 0.500000 0.482422 0.498047 0.480469
0 0.861328 0.494141 0.859375 0.496094 0.859375 0.500000 0.863281 0.503906 0.865234 0.503906 0.867188 0.501953 0.867188 0.500000 0.869141 0.498047 0.865234 0.494141
0 0.589844 0.523438 0.585938 0.527344 0.589844 0.531250 0.591797 0.531250 0.593750 0.529297 0.593750 0.525391 0.591797 0.523438
0 0.802734 0.527344 0.798828 0.531250 0.798828 0.535156 0.802734 0.539062 0.806641 0.539062 0.810547 0.535156 0.810547 0.529297 0.808594 0.527344
0 0.996094 0.554688 0.994141 0.556641 0.994141 0.562500 0.996094 0.564453 0.998047 0.564453 0.998047 0.554688
0 0.841797 0.558594 0.835938 0.562500 0.835938 0.564453 0.833984 0.566406 0.833984 0.570312 0.839844 0.576172 0.845703 0.576172 0.849609 0.572266 0.849609 0.570312 0.851562 0.568359 0.851562 0.564453 0.847656 0.560547 0.845703 0.560547 0.843750 0.558594
0 0.326172 0.566406 0.324219 0.568359 0.324219 0.572266 0.328125 0.576172 0.330078 0.576172 0.332031 0.574219 0.332031 0.572266 0.333984 0.570312 0.330078 0.566406
0 0.308594 0.570312 0.306641 0.572266 0.308594 0.574219 0.310547 0.574219 0.312500 0.572266 0.310547 0.570312
0 0.353516 0.570312 0.349609 0.574219 0.349609 0.576172 0.353516 0.580078 0.357422 0.576172 0.357422 0.574219
0 0.453125 0.570312 0.451172 0.572266 0.451172 0.574219 0.453125 0.576172 0.455078 0.576172 0.457031 0.574219 0.457031 0.572266 0.455078 0.570312
0 0.525391 0.578125 0.529297 0.582031 0.531250 0.580078 0.533203 0.580078 0.537109 0.576172 0.535156 0.574219 0.529297 0.574219
1 0.251953 0.583984 0.248047 0.599609 0.257812 0.605469 0.253906 0.609375 0.255859 0.611328 0.261719 0.601562 0.271484 0.607422 0.281250 0.634766 0.306641 0.630859 0.312500 0.634766 0.347656 0.636719 0.353516 0.642578 0.347656 0.652344 0.351562 0.658203 0.373047 0.658203 0.376953 0.654297 0.373047 0.644531 0.359375 0.630859 0.339844 0.630859 0.324219 0.617188 0.333984 0.609375 0.330078 0.601562 0.326172 0.601562 0.320312 0.609375 0.326172 0.615234 0.316406 0.619141 0.304688 0.603516 0.289062 0.603516 0.269531 0.580078 0.257812 0.578125
0 0.496094 0.580078 0.496094 0.582031 0.500000 0.585938 0.505859 0.585938 0.507812 0.583984 0.507812 0.582031 0.505859 0.580078 0.503906 0.580078 0.501953 0.578125 0.498047 0.578125
0 0.962891 0.585938 0.958984 0.585938 0.957031 0.587891 0.957031 0.591797 0.960938 0.595703 0.962891 0.593750 0.962891 0.589844 0.964844 0.587891
0 0.783203 0.591797 0.781250 0.593750 0.781250 0.599609 0.785156 0.603516 0.787109 0.603516 0.792969 0.597656 0.792969 0.595703 0.789062 0.591797
0 0.462891 0.597656 0.460938 0.599609 0.460938 0.601562 0.462891 0.603516 0.464844 0.603516 0.466797 0.601562
0 0.494141 0.611328 0.492188 0.611328 0.488281 0.615234 0.488281 0.617188 0.490234 0.619141 0.494141 0.619141 0.496094 0.617188 0.496094 0.613281
0 0.851562 0.617188 0.851562 0.625000 0.857422 0.628906 0.867188 0.628906 0.873047 0.625000 0.873047 0.621094 0.865234 0.613281 0.861328 0.613281 0.859375 0.611328 0.857422 0.613281 0.855469 0.613281
0 0.792969 0.615234 0.791016 0.617188 0.794922 0.621094 0.796875 0.621094 0.798828 0.619141 0.798828 0.617188 0.796875 0.615234
0 0.970703 0.615234 0.968750 0.617188 0.968750 0.619141 0.970703 0.621094 0.972656 0.621094 0.974609 0.619141 0.974609 0.617188 0.972656 0.615234
0 0.687500 0.617188 0.683594 0.621094 0.683594 0.623047 0.687500 0.626953 0.689453 0.626953 0.693359 0.623047
0 0.285156 0.652344 0.281250 0.648438 0.279297 0.648438 0.271484 0.656250 0.271484 0.658203 0.269531 0.660156 0.271484 0.662109 0.275391 0.662109 0.277344 0.660156 0.279297 0.662109 0.281250 0.662109 0.285156 0.658203
0 0.957031 0.654297 0.955078 0.656250 0.955078 0.662109 0.957031 0.664062 0.957031 0.666016 0.962891 0.669922 0.968750 0.669922 0.972656 0.664062 0.972656 0.660156 0.970703 0.658203 0.970703 0.656250 0.968750 0.654297 0.964844 0.654297 0.962891 0.652344 0.960938 0.652344 0.958984 0.654297
0 0.421875 0.656250 0.417969 0.660156 0.419922 0.662109 0.417969 0.664062 0.419922 0.666016 0.427734 0.666016 0.431641 0.662109 0.431641 0.660156 0.427734 0.656250
0 0.361328 0.673828 0.357422 0.677734 0.359375 0.679688 0.359375 0.683594 0.363281 0.687500 0.367188 0.687500 0.369141 0.685547 0.369141 0.679688 0.363281 0.673828
0 0.275391 0.677734 0.273438 0.679688 0.271484 0.679688 0.269531 0.681641 0.269531 0.691406 0.273438 0.695312 0.275391 0.695312 0.279297 0.691406 0.279297 0.689453 0.281250 0.687500 0.281250 0.683594
0 0.316406 0.677734 0.314453 0.679688 0.312500 0.679688 0.310547 0.681641 0.310547 0.687500 0.316406 0.693359 0.318359 0.693359 0.322266 0.689453 0.322266 0.681641 0.320312 0.679688 0.318359 0.679688
0 0.964844 0.677734 0.960938 0.681641 0.964844 0.685547 0.966797 0.685547 0.968750 0.683594 0.968750 0.681641
1 0.443359 0.679688 0.439453 0.683594 0.439453 0.685547 0.441406 0.687500 0.441406 0.691406 0.439453 0.693359 0.439453 0.695312 0.441406 0.697266 0.445312 0.697266 0.447266 0.695312 0.447266 0.687500 0.445312 0.685547 0.445312 0.681641
0 0.251953 0.685547 0.250000 0.687500 0.251953 0.689453 0.253906 0.689453 0.255859 0.687500 0.253906 0.685547
0 0.816406 0.687500 0.810547 0.693359 0.810547 0.697266 0.816406 0.703125 0.818359 0.701172 0.820312 0.701172 0.824219 0.697266 0.824219 0.693359 0.820312 0.689453 0.818359 0.689453
0 0.562500 0.699219 0.560547 0.701172 0.560547 0.703125 0.562500 0.705078 0.564453 0.705078 0.566406 0.703125 0.566406 0.701172 0.564453 0.699219
0 0.634766 0.699219 0.632812 0.701172 0.632812 0.703125 0.634766 0.705078 0.636719 0.703125 0.636719 0.701172
0 0.949219 0.701172 0.945312 0.705078 0.945312 0.707031 0.941406 0.710938 0.941406 0.712891 0.939453 0.714844 0.939453 0.716797 0.943359 0.720703 0.947266 0.720703 0.949219 0.722656 0.951172 0.720703 0.953125 0.720703 0.957031 0.714844 0.955078 0.712891 0.955078 0.710938 0.953125 0.708984 0.953125 0.707031
0 0.455078 0.716797 0.455078 0.718750 0.458984 0.722656 0.462891 0.722656 0.464844 0.724609 0.470703 0.724609 0.472656 0.722656 0.472656 0.714844 0.468750 0.710938 0.462891 0.710938 0.460938 0.712891 0.458984 0.712891
0 0.585938 0.710938 0.583984 0.712891 0.585938 0.714844 0.587891 0.712891
0 0.691406 0.710938 0.685547 0.714844 0.685547 0.716797 0.683594 0.718750 0.683594 0.726562 0.689453 0.734375 0.691406 0.734375 0.693359 0.736328 0.699219 0.736328 0.707031 0.728516 0.707031 0.726562 0.708984 0.724609 0.708984 0.718750 0.701172 0.710938
0 0.375000 0.720703 0.373047 0.722656 0.373047 0.732422 0.375000 0.734375 0.378906 0.734375 0.380859 0.732422 0.380859 0.722656 0.378906 0.720703
0 0.994141 0.722656 0.990234 0.726562 0.990234 0.728516 0.992188 0.730469 0.998047 0.730469 0.998047 0.724609 0.996094 0.722656
0 0.615234 0.728516 0.613281 0.730469 0.615234 0.732422 0.617188 0.730469
0 0.349609 0.730469 0.347656 0.732422 0.347656 0.734375 0.345703 0.736328 0.345703 0.740234 0.349609 0.744141 0.351562 0.744141 0.355469 0.740234 0.355469 0.734375 0.351562 0.730469
0 0.414062 0.732422 0.412109 0.730469 0.410156 0.730469 0.406250 0.734375 0.408203 0.736328 0.412109 0.736328 0.414062 0.734375
0 0.437500 0.730469 0.425781 0.732422 0.419922 0.740234 0.421875 0.746094 0.419922 0.748047 0.425781 0.761719 0.425781 0.773438 0.427734 0.775391 0.433594 0.775391 0.441406 0.767578 0.447266 0.767578 0.458984 0.759766 0.458984 0.753906 0.447266 0.744141 0.445312 0.736328
0 0.873047 0.732422 0.871094 0.734375 0.871094 0.736328 0.873047 0.738281 0.875000 0.738281 0.876953 0.736328 0.876953 0.734375 0.875000 0.732422
0 0.476562 0.736328 0.474609 0.738281 0.474609 0.748047 0.476562 0.750000 0.480469 0.750000 0.482422 0.751953 0.486328 0.748047 0.484375 0.746094 0.484375 0.742188 0.478516 0.736328
0 0.970703 0.740234 0.968750 0.742188 0.970703 0.744141 0.972656 0.744141 0.974609 0.742188 0.972656 0.740234
0 0.279297 0.744141 0.275391 0.748047 0.275391 0.750000 0.279297 0.753906 0.283203 0.750000 0.283203 0.748047
0 0.623047 0.755859 0.619141 0.751953 0.613281 0.751953 0.611328 0.757812 0.615234 0.763672 0.611328 0.767578 0.595703 0.759766 0.582031 0.757812 0.574219 0.771484 0.574219 0.783203 0.582031 0.791016 0.599609 0.794922 0.625000 0.785156 0.628906 0.781250 0.626953 0.777344 0.613281 0.769531 0.621094 0.763672
0 0.341797 0.757812 0.339844 0.759766 0.339844 0.763672 0.341797 0.765625 0.341797 0.771484 0.343750 0.773438 0.345703 0.779297 0.347656 0.781250 0.353516 0.783203 0.359375 0.777344 0.359375 0.775391 0.361328 0.773438 0.361328 0.769531 0.357422 0.763672 0.351562 0.763672 0.349609 0.761719 0.347656 0.761719 0.343750 0.757812
0 0.671875 0.771484 0.669922 0.773438 0.669922 0.775391 0.671875 0.777344 0.675781 0.777344 0.677734 0.775391 0.673828 0.771484
0 0.701172 0.769531 0.697266 0.773438 0.697266 0.777344 0.701172 0.781250 0.705078 0.777344 0.705078 0.773438
0 0.744141 0.769531 0.740234 0.773438 0.742188 0.775391 0.744141 0.775391 0.746094 0.773438 0.746094 0.771484
0 0.306641 0.777344 0.302734 0.781250 0.304688 0.783203 0.306641 0.783203 0.308594 0.781250 0.308594 0.779297
0 0.333984 0.783203 0.332031 0.785156 0.333984 0.787109 0.335938 0.785156
1 0.558594 0.794922 0.550781 0.787109 0.541016 0.787109 0.537109 0.791016 0.535156 0.800781 0.525391 0.808594 0.507812 0.802734 0.494141 0.804688 0.476562 0.796875 0.470703 0.791016 0.460938 0.794922 0.457031 0.798828 0.458984 0.810547 0.468750 0.818359 0.474609 0.818359 0.482422 0.812500 0.490234 0.812500 0.494141 0.816406 0.501953 0.818359 0.521484 0.818359 0.535156 0.812500 0.539062 0.808594 0.544922 0.814453 0.542969 0.820312 0.546875 0.824219 0.550781 0.824219 0.554688 0.820312 0.552734 0.810547 0.558594 0.804688
1 0.644531 0.787109 0.636719 0.792969 0.630859 0.794922 0.626953 0.792969 0.623047 0.796875 0.625000 0.802734 0.615234 0.814453 0.615234 0.826172 0.617188 0.828125 0.623047 0.828125 0.628906 0.822266 0.628906 0.812500 0.626953 0.808594 0.632812 0.802734 0.638672 0.802734 0.640625 0.804688 0.642578 0.802734 0.644531 0.791016 0.646484 0.789062
0 0.738281 0.785156 0.736328 0.787109 0.734375 0.787109 0.724609 0.796875 0.724609 0.810547 0.730469 0.816406 0.736328 0.816406 0.744141 0.808594 0.744141 0.806641 0.746094 0.804688 0.744141 0.802734 0.744141 0.794922 0.742188 0.792969 0.742188 0.789062
0 0.808594 0.785156 0.804688 0.789062 0.804688 0.794922 0.808594 0.798828 0.812500 0.798828 0.818359 0.792969 0.816406 0.791016 0.816406 0.789062 0.812500 0.785156
0 0.845703 0.785156 0.841797 0.789062 0.841797 0.791016 0.845703 0.794922 0.849609 0.794922 0.853516 0.791016 0.853516 0.789062 0.849609 0.785156
0 0.357422 0.789062 0.355469 0.791016 0.355469 0.794922 0.357422 0.796875 0.359375 0.796875 0.361328 0.794922 0.361328 0.791016 0.359375 0.789062
0 0.396484 0.789062 0.394531 0.791016 0.394531 0.794922 0.396484 0.796875 0.400391 0.796875 0.402344 0.794922 0.402344 0.791016 0.400391 0.789062
0 0.310547 0.792969 0.308594 0.794922 0.310547 0.796875 0.312500 0.796875 0.314453 0.794922 0.312500 0.792969
0 0.687500 0.794922 0.683594 0.794922 0.679688 0.798828 0.683594 0.802734 0.685547 0.802734 0.689453 0.798828 0.689453 0.796875
0 0.707031 0.794922 0.703125 0.798828 0.707031 0.802734 0.708984 0.802734 0.712891 0.798828 0.708984 0.794922
0 0.767578 0.808594 0.765625 0.816406 0.779297 0.833984 0.779297 0.847656 0.787109 0.859375 0.806641 0.859375 0.833984 0.833984 0.833984 0.828125 0.824219 0.818359 0.824219 0.808594 0.818359 0.812500 0.822266 0.818359 0.818359 0.824219 0.794922 0.820312 0.783203 0.806641 0.777344 0.804688
0 0.962891 0.806641 0.958984 0.810547 0.958984 0.814453 0.962891 0.818359 0.964844 0.818359 0.968750 0.814453 0.968750 0.810547 0.964844 0.806641
0 0.851562 0.810547 0.849609 0.812500 0.849609 0.816406 0.851562 0.818359 0.855469 0.818359 0.857422 0.816406 0.857422 0.812500 0.855469 0.810547
0 0.437500 0.814453 0.433594 0.818359 0.435547 0.820312 0.435547 0.822266 0.439453 0.826172 0.445312 0.826172 0.449219 0.822266 0.443359 0.816406 0.441406 0.816406 0.439453 0.814453
0 0.650391 0.816406 0.642578 0.818359 0.632812 0.828125 0.634766 0.837891 0.628906 0.843750 0.623047 0.843750 0.617188 0.851562 0.617188 0.855469 0.623047 0.861328 0.636719 0.865234 0.640625 0.861328 0.640625 0.857422 0.632812 0.845703 0.636719 0.841797 0.644531 0.847656 0.646484 0.857422 0.650391 0.861328 0.650391 0.865234 0.638672 0.875000 0.630859 0.886719 0.630859 0.892578 0.638672 0.902344 0.654297 0.884766 0.658203 0.884766 0.662109 0.880859 0.667969 0.882812 0.673828 0.880859 0.667969 0.859375 0.660156 0.847656 0.658203 0.824219
0 0.677734 0.822266 0.671875 0.828125 0.671875 0.841797 0.677734 0.847656 0.687500 0.849609 0.691406 0.853516 0.687500 0.863281 0.693359 0.869141 0.701172 0.863281 0.695312 0.853516 0.708984 0.841797 0.708984 0.833984 0.714844 0.826172 0.710938 0.824219 0.703125 0.828125 0.697266 0.822266
0 0.869141 0.822266 0.867188 0.824219 0.867188 0.826172 0.865234 0.828125 0.865234 0.832031 0.867188 0.833984 0.869141 0.833984 0.871094 0.835938 0.873047 0.835938 0.875000 0.833984 0.876953 0.833984 0.878906 0.832031 0.878906 0.826172 0.875000 0.822266
0 0.470703 0.830078 0.462891 0.830078 0.455078 0.837891 0.453125 0.843750 0.453125 0.851562 0.455078 0.853516 0.453125 0.857422 0.455078 0.865234 0.453125 0.867188 0.458984 0.875000 0.466797 0.878906 0.476562 0.875000 0.490234 0.861328 0.488281 0.859375 0.486328 0.843750
0 0.570312 0.832031 0.568359 0.833984 0.568359 0.837891 0.570312 0.839844 0.572266 0.839844 0.576172 0.835938 0.572266 0.832031
0 0.970703 0.845703 0.966797 0.849609 0.966797 0.851562 0.970703 0.855469 0.972656 0.855469 0.976562 0.851562 0.976562 0.849609 0.972656 0.845703
0 0.333984 0.853516 0.332031 0.855469 0.332031 0.857422 0.333984 0.859375 0.335938 0.857422 0.335938 0.855469
1 0.513672 0.861328 0.513672 0.863281 0.517578 0.865234 0.527344 0.876953 0.535156 0.876953 0.542969 0.880859 0.548828 0.875000 0.542969 0.871094 0.539062 0.871094 0.535156 0.867188 0.535156 0.859375 0.529297 0.853516 0.521484 0.859375 0.515625 0.859375
0 0.753906 0.853516 0.751953 0.855469 0.753906 0.857422 0.755859 0.855469
1 0.886719 0.855469 0.882812 0.851562 0.876953 0.851562 0.873047 0.855469 0.871094 0.855469 0.869141 0.857422 0.863281 0.853516 0.859375 0.857422 0.859375 0.859375 0.861328 0.861328 0.865234 0.861328 0.867188 0.859375 0.869141 0.861328 0.871094 0.861328 0.873047 0.863281 0.876953 0.863281 0.878906 0.865234 0.884766 0.861328
0 0.912109 0.855469 0.906250 0.861328 0.906250 0.867188 0.912109 0.873047 0.914062 0.873047 0.919922 0.867188 0.919922 0.861328 0.914062 0.855469
0 0.261719 0.865234 0.257812 0.865234 0.255859 0.867188 0.259766 0.871094 0.263672 0.867188
0 0.849609 0.869141 0.845703 0.873047 0.845703 0.884766 0.843750 0.886719 0.849609 0.892578 0.853516 0.892578 0.859375 0.888672 0.859375 0.886719 0.863281 0.880859 0.863281 0.875000 0.859375 0.871094 0.857422 0.871094 0.855469 0.869141
0 0.968750 0.880859 0.964844 0.884766 0.968750 0.888672 0.970703 0.888672 0.974609 0.884766 0.970703 0.880859
1 0.679688 0.886719 0.673828 0.888672 0.648438 0.933594 0.642578 0.939453 0.638672 0.935547 0.632812 0.937500 0.638672 0.943359 0.636719 0.955078 0.644531 0.962891 0.652344 0.964844 0.660156 0.960938 0.701172 0.914062 0.701172 0.908203
0 0.742188 0.886719 0.738281 0.890625 0.738281 0.898438 0.746094 0.906250 0.748047 0.906250 0.753906 0.900391 0.753906 0.896484 0.751953 0.894531 0.751953 0.892578 0.746094 0.886719
0 0.826172 0.886719 0.822266 0.890625 0.822266 0.896484 0.826172 0.900391 0.832031 0.900391 0.835938 0.896484 0.835938 0.890625 0.832031 0.886719
0 0.554688 0.890625 0.550781 0.894531 0.550781 0.896484 0.548828 0.898438 0.548828 0.904297 0.550781 0.906250 0.552734 0.906250 0.554688 0.908203 0.558594 0.908203 0.562500 0.904297 0.562500 0.898438 0.560547 0.896484 0.560547 0.894531 0.556641 0.890625
0 0.763672 0.900391 0.763672 0.904297 0.765625 0.906250 0.767578 0.906250 0.769531 0.908203 0.771484 0.906250 0.779297 0.906250 0.781250 0.904297 0.775391 0.898438 0.771484 0.898438 0.769531 0.896484 0.767578 0.896484
0 0.871094 0.902344 0.869141 0.904297 0.871094 0.906250 0.873047 0.904297
0 0.603516 0.908203 0.601562 0.908203 0.599609 0.910156 0.597656 0.910156 0.595703 0.912109 0.595703 0.914062 0.599609 0.917969 0.603516 0.917969 0.605469 0.916016 0.605469 0.910156
0 0.757812 0.917969 0.753906 0.921875 0.757812 0.933594 0.765625 0.939453 0.775391 0.939453 0.781250 0.931641 0.781250 0.917969 0.779297 0.916016 0.761719 0.916016
0 0.724609 0.919922 0.720703 0.923828 0.720703 0.927734 0.726562 0.933594 0.730469 0.933594 0.736328 0.927734 0.734375 0.925781 0.734375 0.923828 0.730469 0.919922
1 0.576172 0.921875 0.570312 0.929688 0.572266 0.935547 0.578125 0.939453 0.589844 0.941406 0.607422 0.955078 0.619141 0.972656 0.619141 0.986328 0.623047 0.988281 0.626953 0.982422 0.628906 0.974609 0.619141 0.962891 0.615234 0.953125 0.626953 0.943359 0.621094 0.937500 0.617188 0.937500 0.611328 0.943359 0.607422 0.943359 0.595703 0.935547 0.585938 0.923828 0.582031 0.921875
0 0.839844 0.927734 0.835938 0.927734 0.832031 0.931641 0.835938 0.935547 0.837891 0.935547 0.841797 0.931641 0.841797 0.929688
0 0.537109 0.939453 0.533203 0.939453 0.529297 0.943359 0.529297 0.945312 0.527344 0.947266 0.531250 0.951172 0.533203 0.949219 0.535156 0.949219 0.537109 0.947266 0.537109 0.943359 0.539062 0.941406
0 0.292969 0.943359 0.291016 0.945312 0.291016 0.947266 0.289062 0.949219 0.289062 0.951172 0.287109 0.953125 0.287109 0.955078 0.292969 0.960938 0.298828 0.960938 0.302734 0.957031 0.302734 0.951172 0.294922 0.943359
1 0.695312 0.943359 0.695312 0.945312 0.701172 0.949219 0.703125 0.947266 0.705078 0.947266 0.707031 0.949219 0.710938 0.949219 0.712891 0.951172 0.716797 0.947266 0.716797 0.945312 0.714844 0.943359 0.712891 0.943359 0.710938 0.945312 0.705078 0.945312 0.701172 0.941406 0.697266 0.941406
0 0.867188 0.943359 0.865234 0.945312 0.865234 0.947266 0.867188 0.949219 0.869141 0.947266 0.869141 0.945312
0 0.574219 0.951172 0.570312 0.955078 0.574219 0.958984 0.578125 0.958984 0.580078 0.957031 0.580078 0.955078 0.576172 0.951172
0 0.861328 0.958984 0.855469 0.964844 0.855469 0.976562 0.861328 0.982422 0.867188 0.982422 0.873047 0.976562 0.873047 0.966797 0.865234 0.958984
0 0.675781 0.964844 0.669922 0.964844 0.666016 0.968750 0.666016 0.972656 0.669922 0.976562 0.671875 0.976562 0.679688 0.968750
0 0.792969 0.964844 0.787109 0.968750 0.787109 0.970703 0.785156 0.972656 0.785156 0.980469 0.791016 0.986328 0.792969 0.986328 0.794922 0.988281 0.800781 0.988281 0.808594 0.980469 0.808594 0.970703 0.802734 0.964844
0 0.707031 0.970703 0.703125 0.974609 0.703125 0.978516 0.707031 0.982422 0.708984 0.982422 0.712891 0.978516 0.712891 0.974609 0.708984 0.970703
0 0.431641 0.984375 0.429688 0.986328 0.431641 0.988281 0.433594 0.988281 0.435547 0.986328 0.433594 0.984375
0 0.775391 0.984375 0.771484 0.988281 0.771484 0.998047 0.781250 0.998047 0.783203 0.996094 0.783203 0.986328 0.781250 0.984375
1 0.621094 0.998047 0.628906 0.998047 0.626953 0.996094 0.623047 0.996094
