0 0.320312 0.068359 0.318359 0.070312 0.320312 0.072266 0.322266 0.072266 0.324219 0.070312 0.322266 0.068359
0 0.533203 0.068359 0.529297 0.074219 0.531250 0.076172 0.531250 0.078125 0.541016 0.087891 0.542969 0.087891 0.546875 0.083984 0.546875 0.076172 0.542969 0.070312 0.541016 0.070312 0.539062 0.068359
0 0.521484 0.087891 0.519531 0.089844 0.521484 0.091797 0.523438 0.089844
0 0.513672 0.126953 0.513672 0.130859 0.517578 0.134766 0.525391 0.134766 0.531250 0.128906 0.527344 0.125000 0.515625 0.125000
0 0.207031 0.132812 0.205078 0.134766 0.207031 0.136719 0.208984 0.134766
1 0.000000 0.173828 0.000000 0.207031 0.003906 0.208984 0.011719 0.201172 0.019531 0.207031 0.085938 0.189453 0.091797 0.199219 0.113281 0.191406 0.117188 0.197266 0.107422 0.208984 0.128906 0.212891 0.134766 0.208984 0.123047 0.201172 0.126953 0.189453 0.119141 0.171875 0.132812 0.160156 0.146484 0.162109 0.150391 0.148438 0.142578 0.144531 0.121094 0.152344 0.109375 0.167969 0.103516 0.164062 0.074219 0.187500 0.066406 0.181641 0.066406 0.167969 0.076172 0.154297 0.076172 0.146484 0.068359 0.140625 0.056641 0.150391 0.056641 0.173828 0.048828 0.183594 0.011719 0.185547
0 0.183594 0.150391 0.191406 0.164062 0.177734 0.179688 0.181641 0.185547 0.187500 0.171875 0.203125 0.179688 0.208984 0.173828 0.218750 0.171875 0.222656 0.175781 0.218750 0.179688 0.222656 0.185547 0.238281 0.185547 0.244141 0.191406 0.228516 0.210938 0.218750 0.207031 0.210938 0.214844 0.201172 0.210938 0.193359 0.212891 0.189453 0.226562 0.197266 0.234375 0.203125 0.234375 0.212891 0.220703 0.220703 0.222656 0.232422 0.210938 0.257812 0.210938 0.257812 0.189453 0.240234 0.167969 0.222656 0.160156 0.210938 0.148438 0.199219 0.142578 0.193359 0.142578
0 0.431641 0.162109 0.427734 0.166016 0.427734 0.173828 0.429688 0.175781 0.429688 0.177734 0.435547 0.183594 0.439453 0.183594 0.447266 0.175781 0.447266 0.171875 0.439453 0.164062 0.437500 0.164062 0.435547 0.162109
0 0.273438 0.185547 0.269531 0.185547 0.267578 0.187500 0.267578 0.191406 0.269531 0.193359 0.271484 0.193359 0.275391 0.189453 0.275391 0.187500
0 0.759766 0.185547 0.757812 0.187500 0.757812 0.189453 0.759766 0.191406 0.761719 0.191406 0.763672 0.189453 0.763672 0.187500 0.761719 0.185547
0 0.177734 0.191406 0.175781 0.189453 0.173828 0.191406 0.171875 0.191406 0.169922 0.193359 0.166016 0.193359 0.164062 0.195312 0.164062 0.197266 0.166016 0.199219 0.167969 0.199219 0.169922 0.201172 0.173828 0.197266 0.173828 0.195312
0 0.173828 0.210938 0.171875 0.212891 0.175781 0.216797 0.177734 0.214844 0.177734 0.212891 0.175781 0.210938
0 0.466797 0.210938 0.462891 0.214844 0.466797 0.218750 0.470703 0.214844
1 0.000000 0.220703 0.000000 0.496094 0.054688 0.533203 0.136719 0.750000 0.222656 0.744141 0.222656 0.824219 0.257812 0.773438 0.316406 0.816406 0.294922 0.998047 0.328125 0.998047 0.347656 0.910156 0.367188 0.943359 0.390625 0.912109 0.505859 0.933594 0.541016 0.888672 0.347656 0.898438 0.326172 0.802734 0.251953 0.738281 0.511719 0.699219 0.597656 0.769531 0.541016 0.777344 0.587891 0.796875 0.566406 0.853516 0.656250 0.720703 0.601562 0.667969 0.615234 0.753906 0.535156 0.681641 0.478516 0.681641 0.449219 0.619141 0.396484 0.619141 0.433594 0.519531 0.392578 0.558594 0.302734 0.414062 0.220703 0.355469 0.156250 0.371094 0.234375 0.267578 0.154297 0.349609 0.052734 0.275391 0.085938 0.220703
0 0.093750 0.220703 0.091797 0.222656 0.093750 0.224609 0.095703 0.222656
1 0.142578 0.222656 0.134766 0.220703 0.132812 0.222656 0.134766 0.224609 0.134766 0.228516 0.130859 0.232422 0.128906 0.232422 0.121094 0.224609 0.119141 0.226562 0.125000 0.238281 0.117188 0.246094 0.111328 0.248047 0.105469 0.253906 0.105469 0.255859 0.101562 0.259766 0.103516 0.261719 0.099609 0.269531 0.101562 0.271484 0.109375 0.267578 0.107422 0.261719 0.111328 0.257812 0.121094 0.257812 0.126953 0.251953 0.130859 0.253906 0.134766 0.253906 0.136719 0.251953 0.134766 0.244141 0.146484 0.232422 0.146484 0.226562
0 0.408203 0.226562 0.414062 0.232422 0.421875 0.232422 0.425781 0.228516 0.419922 0.222656 0.414062 0.222656 0.412109 0.224609 0.410156 0.224609
1 0.281250 0.232422 0.277344 0.228516 0.263672 0.230469 0.259766 0.226562 0.257812 0.226562 0.255859 0.228516 0.253906 0.236328 0.250000 0.240234 0.248047 0.240234 0.244141 0.246094 0.250000 0.253906 0.253906 0.253906 0.265625 0.242188 0.275391 0.240234 0.281250 0.234375
0 0.367188 0.228516 0.365234 0.230469 0.365234 0.232422 0.369141 0.236328 0.371094 0.236328 0.373047 0.234375 0.371094 0.232422 0.371094 0.230469 0.369141 0.228516
0 0.351562 0.240234 0.349609 0.242188 0.351562 0.244141 0.353516 0.242188
0 0.376953 0.242188 0.375000 0.242188 0.365234 0.251953 0.365234 0.253906 0.363281 0.255859 0.365234 0.257812 0.365234 0.259766 0.371094 0.265625 0.373047 0.263672 0.373047 0.261719 0.376953 0.257812 0.378906 0.259766 0.382812 0.259766 0.384766 0.257812 0.384766 0.251953 0.382812 0.250000 0.382812 0.246094
0 0.308594 0.253906 0.302734 0.253906 0.298828 0.257812 0.298828 0.259766 0.300781 0.261719 0.300781 0.263672 0.304688 0.267578 0.306641 0.265625 0.308594 0.265625 0.310547 0.263672 0.310547 0.255859
0 0.421875 0.253906 0.419922 0.255859 0.419922 0.257812 0.421875 0.259766 0.423828 0.257812 0.423828 0.255859
1 0.414062 0.263672 0.408203 0.269531 0.408203 0.275391 0.406250 0.277344 0.406250 0.279297 0.414062 0.285156 0.414062 0.294922 0.416016 0.296875 0.417969 0.296875 0.419922 0.294922 0.417969 0.289062 0.421875 0.283203 0.421875 0.279297 0.417969 0.273438 0.417969 0.271484 0.419922 0.269531
0 0.384766 0.271484 0.382812 0.271484 0.380859 0.273438 0.375000 0.273438 0.373047 0.275391 0.373047 0.283203 0.378906 0.289062 0.380859 0.289062 0.384766 0.285156 0.384766 0.281250 0.386719 0.279297 0.386719 0.277344 0.388672 0.275391
1 0.283203 0.275391 0.279297 0.277344 0.273438 0.289062 0.265625 0.298828 0.265625 0.306641 0.255859 0.316406 0.248047 0.318359 0.240234 0.324219 0.238281 0.324219 0.234375 0.320312 0.230469 0.320312 0.226562 0.324219 0.226562 0.326172 0.234375 0.333984 0.234375 0.339844 0.236328 0.341797 0.240234 0.341797 0.248047 0.337891 0.251953 0.332031 0.251953 0.328125 0.267578 0.314453 0.269531 0.304688 0.283203 0.294922 0.281250 0.291016 0.283203 0.289062 0.283203 0.279297 0.285156 0.277344
0 0.318359 0.279297 0.316406 0.281250 0.316406 0.285156 0.320312 0.289062 0.322266 0.289062 0.326172 0.285156 0.326172 0.283203 0.322266 0.279297
0 0.392578 0.300781 0.390625 0.302734 0.392578 0.304688 0.394531 0.304688 0.396484 0.302734 0.394531 0.300781
0 0.566406 0.308594 0.564453 0.310547 0.562500 0.310547 0.560547 0.312500 0.562500 0.314453 0.562500 0.318359 0.564453 0.320312 0.568359 0.320312 0.572266 0.316406 0.572266 0.314453
0 0.279297 0.316406 0.277344 0.318359 0.277344 0.320312 0.279297 0.322266 0.281250 0.320312 0.281250 0.318359
0 0.298828 0.316406 0.296875 0.316406 0.291016 0.322266 0.291016 0.326172 0.294922 0.330078 0.296875 0.330078 0.302734 0.324219 0.302734 0.320312
0 0.460938 0.320312 0.457031 0.320312 0.455078 0.322266 0.455078 0.324219 0.457031 0.326172 0.458984 0.326172 0.462891 0.322266
1 0.357422 0.326172 0.355469 0.328125 0.349609 0.326172 0.339844 0.337891 0.332031 0.337891 0.324219 0.343750 0.316406 0.361328 0.316406 0.367188 0.322266 0.373047 0.328125 0.373047 0.332031 0.369141 0.339844 0.367188 0.349609 0.355469 0.347656 0.345703 0.359375 0.335938 0.361328 0.330078
0 0.396484 0.333984 0.394531 0.335938 0.394531 0.337891 0.398438 0.341797 0.400391 0.341797 0.404297 0.337891 0.404297 0.335938 0.402344 0.333984
0 0.263672 0.337891 0.259766 0.341797 0.259766 0.347656 0.263672 0.351562 0.271484 0.351562 0.275391 0.347656 0.275391 0.341797 0.271484 0.337891
0 0.388672 0.339844 0.386719 0.341797 0.388672 0.343750 0.390625 0.341797
0 0.810547 0.339844 0.808594 0.341797 0.810547 0.343750 0.812500 0.343750 0.814453 0.341797 0.812500 0.339844
0 0.861328 0.339844 0.859375 0.341797 0.861328 0.343750 0.863281 0.343750 0.865234 0.341797 0.863281 0.339844
0 0.648438 0.351562 0.646484 0.353516 0.650391 0.357422 0.652344 0.355469 0.652344 0.353516 0.650391 0.351562
0 0.351562 0.371094 0.355469 0.375000 0.357422 0.375000 0.359375 0.376953 0.361328 0.375000 0.365234 0.375000 0.373047 0.367188 0.369141 0.363281 0.361328 0.363281 0.359375 0.361328 0.357422 0.361328 0.355469 0.363281 0.355469 0.365234 0.351562 0.369141
0 0.492188 0.373047 0.490234 0.373047 0.488281 0.375000 0.488281 0.378906 0.490234 0.380859 0.492188 0.378906 0.492188 0.376953 0.494141 0.375000
0 0.302734 0.375000 0.296875 0.380859 0.296875 0.384766 0.294922 0.386719 0.294922 0.388672 0.296875 0.390625 0.296875 0.392578 0.302734 0.398438 0.306641 0.398438 0.308594 0.400391 0.310547 0.400391 0.312500 0.398438 0.314453 0.400391 0.320312 0.394531 0.320312 0.388672 0.318359 0.386719 0.318359 0.384766 0.308594 0.375000
0 0.451172 0.384766 0.451172 0.388672 0.455078 0.392578 0.457031 0.392578 0.458984 0.394531 0.464844 0.394531 0.466797 0.392578 0.466797 0.390625 0.464844 0.388672 0.462891 0.388672 0.457031 0.382812 0.453125 0.382812
0 0.560547 0.384766 0.558594 0.386719 0.558594 0.388672 0.560547 0.390625 0.562500 0.390625 0.564453 0.388672 0.564453 0.386719 0.562500 0.384766
0 0.761719 0.402344 0.759766 0.404297 0.759766 0.406250 0.757812 0.408203 0.757812 0.410156 0.761719 0.414062 0.765625 0.414062 0.769531 0.410156 0.769531 0.406250 0.765625 0.402344
1 0.478516 0.414062 0.486328 0.419922 0.490234 0.419922 0.492188 0.421875 0.496094 0.419922 0.505859 0.431641 0.507812 0.431641 0.511719 0.425781 0.511719 0.421875 0.509766 0.419922 0.503906 0.419922 0.498047 0.414062 0.494141 0.416016 0.482422 0.410156
1 0.101562 0.419922 0.099609 0.417969 0.097656 0.419922 0.095703 0.419922 0.091797 0.423828 0.093750 0.425781 0.095703 0.425781
0 0.375000 0.425781 0.373047 0.427734 0.375000 0.429688 0.376953 0.429688 0.378906 0.427734 0.376953 0.425781
0 0.398438 0.437500 0.394531 0.441406 0.394531 0.443359 0.398438 0.447266 0.400391 0.447266 0.404297 0.443359 0.404297 0.441406 0.400391 0.437500
0 0.441406 0.439453 0.439453 0.441406 0.439453 0.443359 0.441406 0.445312 0.443359 0.443359 0.443359 0.441406
0 0.466797 0.441406 0.462891 0.445312 0.462891 0.449219 0.464844 0.451172 0.466797 0.451172 0.468750 0.449219 0.468750 0.443359
0 0.486328 0.443359 0.484375 0.445312 0.484375 0.447266 0.486328 0.449219 0.488281 0.447266 0.488281 0.445312
0 0.527344 0.443359 0.525391 0.445312 0.525391 0.447266 0.529297 0.451172 0.531250 0.451172 0.533203 0.449219 0.533203 0.445312 0.531250 0.443359
0 0.492188 0.451172 0.490234 0.453125 0.490234 0.457031 0.492188 0.458984 0.494141 0.458984 0.496094 0.457031 0.496094 0.455078
0 0.546875 0.451172 0.544922 0.451172 0.541016 0.455078 0.541016 0.462891 0.542969 0.464844 0.544922 0.464844 0.548828 0.460938 0.548828 0.453125
0 0.609375 0.449219 0.607422 0.451172 0.607422 0.453125 0.609375 0.455078 0.611328 0.455078 0.613281 0.457031 0.615234 0.457031 0.617188 0.455078 0.617188 0.453125 0.613281 0.449219
0 0.386719 0.462891 0.382812 0.466797 0.382812 0.468750 0.386719 0.472656 0.390625 0.472656 0.392578 0.470703 0.392578 0.466797 0.388672 0.462891
0 0.460938 0.462891 0.458984 0.464844 0.458984 0.466797 0.464844 0.472656 0.468750 0.468750 0.462891 0.462891
0 0.441406 0.464844 0.437500 0.468750 0.437500 0.470703 0.439453 0.472656 0.441406 0.472656 0.443359 0.470703 0.443359 0.466797
0 0.494141 0.466797 0.492188 0.468750 0.492188 0.470703 0.490234 0.472656 0.494141 0.476562 0.496094 0.476562 0.498047 0.474609 0.498047 0.472656 0.496094 0.470703 0.498047 0.468750 0.496094 0.466797
0 0.619141 0.468750 0.617188 0.470703 0.617188 0.474609 0.623047 0.480469 0.628906 0.480469 0.630859 0.478516 0.630859 0.474609 0.623047 0.466797 0.621094 0.468750
0 0.761719 0.466797 0.759766 0.468750 0.759766 0.470703 0.761719 0.472656 0.763672 0.470703 0.763672 0.468750
0 0.515625 0.468750 0.511719 0.472656 0.511719 0.474609 0.515625 0.478516 0.517578 0.478516 0.521484 0.474609 0.519531 0.472656 0.519531 0.470703 0.517578 0.468750
0 0.423828 0.474609 0.419922 0.478516 0.419922 0.480469 0.421875 0.482422 0.423828 0.482422 0.427734 0.478516
0 0.503906 0.482422 0.500000 0.486328 0.501953 0.488281 0.501953 0.494141 0.503906 0.496094 0.505859 0.496094 0.507812 0.494141 0.507812 0.484375 0.505859 0.482422
0 0.523438 0.482422 0.519531 0.486328 0.523438 0.490234 0.525391 0.490234 0.527344 0.488281 0.527344 0.486328
0 0.650391 0.490234 0.646484 0.490234 0.642578 0.494141 0.642578 0.496094 0.648438 0.501953 0.650391 0.500000 0.652344 0.500000 0.654297 0.498047 0.654297 0.494141
0 0.531250 0.492188 0.527344 0.498047 0.527344 0.500000 0.529297 0.501953 0.529297 0.503906 0.535156 0.507812 0.544922 0.507812 0.546875 0.505859 0.546875 0.500000 0.541016 0.494141 0.533203 0.494141
0 0.568359 0.503906 0.562500 0.509766 0.562500 0.513672 0.560547 0.515625 0.562500 0.517578 0.562500 0.525391 0.570312 0.535156 0.578125 0.537109 0.583984 0.533203 0.587891 0.527344 0.587891 0.523438 0.593750 0.519531 0.595703 0.515625 0.593750 0.513672 0.587891 0.513672 0.576172 0.503906
0 0.392578 0.515625 0.388672 0.511719 0.386719 0.513672 0.384766 0.513672 0.382812 0.515625 0.382812 0.517578 0.384766 0.519531 0.386719 0.519531 0.388672 0.517578 0.390625 0.517578
0 0.501953 0.511719 0.500000 0.513672 0.501953 0.515625 0.503906 0.515625 0.505859 0.513672 0.503906 0.511719
0 0.466797 0.529297 0.464844 0.531250 0.464844 0.537109 0.468750 0.541016 0.470703 0.541016 0.472656 0.539062 0.472656 0.531250 0.470703 0.529297
0 0.722656 0.527344 0.718750 0.531250 0.722656 0.535156 0.724609 0.535156 0.728516 0.531250 0.724609 0.527344
1 0.451172 0.548828 0.451172 0.554688 0.458984 0.570312 0.464844 0.576172 0.468750 0.576172 0.476562 0.568359 0.482422 0.572266 0.484375 0.570312 0.482422 0.568359 0.480469 0.570312 0.474609 0.564453 0.474609 0.560547 0.466797 0.548828 0.458984 0.544922 0.455078 0.544922
0 0.539062 0.546875 0.537109 0.548828 0.537109 0.550781 0.539062 0.552734 0.541016 0.550781 0.541016 0.548828
0 0.580078 0.552734 0.578125 0.552734 0.576172 0.554688 0.576172 0.556641 0.574219 0.558594 0.574219 0.562500 0.578125 0.566406 0.583984 0.560547 0.582031 0.558594 0.582031 0.554688
0 0.500000 0.570312 0.498047 0.572266 0.501953 0.576172 0.503906 0.574219 0.503906 0.572266 0.501953 0.570312
0 0.832031 0.574219 0.830078 0.576172 0.832031 0.578125 0.833984 0.576172
0 0.324219 0.587891 0.322266 0.589844 0.324219 0.591797 0.326172 0.589844
0 0.527344 0.595703 0.525391 0.597656 0.527344 0.599609 0.527344 0.607422 0.531250 0.611328 0.535156 0.611328 0.539062 0.607422 0.539062 0.605469 0.537109 0.603516 0.537109 0.601562 0.531250 0.595703
0 0.664062 0.601562 0.660156 0.601562 0.658203 0.603516 0.658203 0.607422 0.662109 0.611328 0.667969 0.605469
1 0.468750 0.607422 0.462891 0.615234 0.464844 0.619141 0.470703 0.623047 0.478516 0.625000 0.490234 0.638672 0.496094 0.638672 0.498047 0.636719 0.496094 0.634766 0.494141 0.625000 0.484375 0.615234 0.484375 0.613281 0.472656 0.605469
0 0.683594 0.605469 0.681641 0.607422 0.683594 0.609375 0.685547 0.607422
0 0.626953 0.611328 0.623047 0.615234 0.625000 0.617188 0.625000 0.619141 0.628906 0.623047 0.630859 0.623047 0.632812 0.625000 0.636719 0.621094 0.636719 0.615234 0.632812 0.611328
0 0.726562 0.609375 0.724609 0.611328 0.724609 0.615234 0.726562 0.617188 0.728516 0.617188 0.730469 0.615234 0.730469 0.611328 0.728516 0.609375
0 0.833984 0.609375 0.830078 0.613281 0.830078 0.621094 0.833984 0.625000 0.837891 0.625000 0.843750 0.619141 0.843750 0.613281 0.841797 0.611328 0.839844 0.611328 0.837891 0.609375
0 0.310547 0.619141 0.308594 0.621094 0.308594 0.623047 0.310547 0.625000 0.312500 0.623047 0.312500 0.621094
0 0.865234 0.634766 0.861328 0.638672 0.865234 0.642578 0.867188 0.642578 0.869141 0.640625 0.869141 0.636719 0.867188 0.634766
0 0.279297 0.636719 0.277344 0.638672 0.279297 0.640625 0.281250 0.638672
0 0.613281 0.640625 0.609375 0.644531 0.609375 0.646484 0.613281 0.650391 0.615234 0.650391 0.619141 0.646484
0 0.632812 0.640625 0.630859 0.642578 0.630859 0.644531 0.632812 0.646484 0.634766 0.644531 0.634766 0.642578
0 0.333984 0.644531 0.332031 0.646484 0.333984 0.648438 0.335938 0.646484
0 0.703125 0.648438 0.697266 0.654297 0.697266 0.656250 0.701172 0.660156 0.707031 0.660156 0.710938 0.656250 0.710938 0.652344 0.707031 0.648438
0 0.986328 0.648438 0.984375 0.650391 0.986328 0.652344 0.988281 0.652344 0.990234 0.650391 0.988281 0.648438
0 0.619141 0.656250 0.617188 0.658203 0.617188 0.660156 0.615234 0.662109 0.615234 0.664062 0.617188 0.666016 0.619141 0.666016 0.621094 0.667969 0.623047 0.667969 0.626953 0.664062 0.626953 0.660156 0.623047 0.656250
0 0.568359 0.666016 0.568359 0.667969 0.572266 0.671875 0.574219 0.671875 0.576172 0.673828 0.582031 0.673828 0.585938 0.669922 0.585938 0.667969 0.582031 0.664062 0.580078 0.664062 0.578125 0.662109 0.576172 0.664062 0.570312 0.664062
0 0.933594 0.685547 0.929688 0.689453 0.929688 0.693359 0.931641 0.695312 0.935547 0.695312 0.939453 0.691406
0 0.873047 0.693359 0.871094 0.695312 0.871094 0.697266 0.873047 0.699219 0.875000 0.697266 0.875000 0.695312
0 0.986328 0.695312 0.984375 0.697266 0.986328 0.699219 0.988281 0.699219 0.990234 0.697266 0.988281 0.695312
0 0.853516 0.705078 0.851562 0.705078 0.845703 0.710938 0.851562 0.716797 0.853516 0.714844 0.855469 0.714844 0.859375 0.710938 0.859375 0.708984 0.857422 0.707031 0.855469 0.707031
0 0.972656 0.705078 0.968750 0.708984 0.968750 0.712891 0.972656 0.716797 0.974609 0.716797 0.978516 0.712891 0.978516 0.708984 0.974609 0.705078
1 0.595703 0.708984 0.591797 0.714844 0.599609 0.722656 0.599609 0.724609 0.601562 0.726562 0.601562 0.730469 0.605469 0.734375 0.607422 0.734375 0.611328 0.730469 0.611328 0.728516 0.603516 0.720703 0.603516 0.716797 0.605469 0.714844 0.605469 0.712891 0.601562 0.708984
0 0.675781 0.710938 0.675781 0.712891 0.679688 0.716797 0.685547 0.716797 0.689453 0.712891 0.683594 0.707031 0.681641 0.707031 0.679688 0.708984 0.677734 0.708984
0 0.736328 0.707031 0.734375 0.708984 0.734375 0.710938 0.736328 0.712891 0.740234 0.712891 0.742188 0.710938 0.742188 0.708984 0.740234 0.707031
0 0.951172 0.712891 0.947266 0.716797 0.947266 0.718750 0.949219 0.720703 0.949219 0.722656 0.951172 0.724609 0.957031 0.724609 0.960938 0.720703 0.960938 0.716797 0.957031 0.712891
0 0.919922 0.722656 0.916016 0.726562 0.919922 0.734375 0.919922 0.740234 0.917969 0.742188 0.919922 0.744141 0.919922 0.748047 0.925781 0.753906 0.933594 0.753906 0.937500 0.750000 0.937500 0.736328 0.921875 0.722656
1 0.998047 0.726562 0.994141 0.730469 0.994141 0.736328 0.998047 0.740234
0 0.767578 0.740234 0.767578 0.742188 0.771484 0.746094 0.773438 0.746094 0.777344 0.750000 0.785156 0.750000 0.789062 0.746094 0.789062 0.742188 0.783203 0.736328 0.781250 0.736328 0.779297 0.734375 0.773438 0.734375
0 0.533203 0.744141 0.531250 0.746094 0.533203 0.748047 0.535156 0.746094
0 0.892578 0.751953 0.890625 0.753906 0.890625 0.755859 0.888672 0.757812 0.888672 0.763672 0.890625 0.765625 0.892578 0.765625 0.894531 0.767578 0.896484 0.767578 0.898438 0.765625 0.900391 0.765625 0.902344 0.763672 0.902344 0.757812 0.896484 0.751953
0 0.921875 0.765625 0.914062 0.773438 0.912109 0.791016 0.919922 0.798828 0.935547 0.798828 0.939453 0.794922 0.937500 0.777344 0.941406 0.769531 0.935547 0.765625 0.933594 0.767578 0.925781 0.767578
0 0.330078 0.783203 0.328125 0.785156 0.330078 0.787109 0.332031 0.787109 0.333984 0.785156 0.332031 0.783203
0 0.505859 0.792969 0.501953 0.796875 0.501953 0.802734 0.503906 0.804688 0.505859 0.804688 0.509766 0.800781 0.509766 0.796875
0 0.990234 0.798828 0.988281 0.800781 0.990234 0.802734 0.992188 0.802734 0.994141 0.800781 0.992188 0.798828
0 0.880859 0.822266 0.845703 0.800781 0.835938 0.802734 0.832031 0.806641 0.845703 0.824219 0.830078 0.835938 0.832031 0.851562 0.837891 0.855469 0.847656 0.841797 0.845703 0.837891 0.849609 0.833984 0.863281 0.845703 0.873047 0.845703 0.884766 0.833984
0 0.535156 0.806641 0.533203 0.806641 0.529297 0.810547 0.529297 0.812500 0.533203 0.816406 0.537109 0.812500 0.537109 0.808594
1 0.943359 0.808594 0.943359 0.812500 0.947266 0.816406 0.953125 0.816406 0.962891 0.824219 0.966797 0.824219 0.970703 0.820312 0.970703 0.816406 0.964844 0.810547 0.960938 0.810547 0.958984 0.808594 0.957031 0.808594 0.953125 0.804688 0.947266 0.804688
0 0.908203 0.816406 0.906250 0.816406 0.904297 0.818359 0.902344 0.818359 0.898438 0.822266 0.898438 0.830078 0.902344 0.833984 0.908203 0.833984 0.914062 0.828125 0.914062 0.820312
0 0.486328 0.828125 0.484375 0.830078 0.484375 0.832031 0.486328 0.833984 0.488281 0.833984 0.490234 0.832031
0 0.765625 0.828125 0.759766 0.833984 0.759766 0.835938 0.765625 0.841797 0.769531 0.841797 0.771484 0.839844 0.773438 0.839844 0.775391 0.837891 0.775391 0.833984 0.769531 0.828125
0 0.527344 0.832031 0.525391 0.833984 0.525391 0.837891 0.527344 0.839844 0.529297 0.839844 0.533203 0.835938 0.529297 0.832031
0 0.804688 0.845703 0.798828 0.839844 0.791016 0.839844 0.787109 0.843750 0.787109 0.847656 0.785156 0.849609 0.785156 0.853516 0.783203 0.855469 0.785156 0.857422 0.789062 0.857422 0.791016 0.855469 0.792969 0.855469 0.794922 0.853516 0.800781 0.851562
1 0.492188 0.847656 0.488281 0.851562 0.498047 0.861328 0.498047 0.863281 0.501953 0.867188 0.503906 0.867188 0.505859 0.869141 0.509766 0.865234 0.507812 0.859375 0.501953 0.853516 0.501953 0.851562 0.500000 0.849609 0.498047 0.849609 0.496094 0.847656
0 0.861328 0.851562 0.857422 0.855469 0.857422 0.857422 0.859375 0.859375 0.863281 0.855469 0.863281 0.853516
0 0.980469 0.853516 0.974609 0.859375 0.974609 0.865234 0.964844 0.876953 0.964844 0.880859 0.966797 0.882812 0.976562 0.882812 0.982422 0.888672 0.982422 0.894531 0.988281 0.898438 0.992188 0.894531 0.992188 0.884766 0.998047 0.876953 0.998047 0.863281 0.992188 0.855469
0 0.474609 0.861328 0.472656 0.863281 0.472656 0.865234 0.474609 0.867188 0.476562 0.867188 0.478516 0.865234
0 0.708984 0.861328 0.707031 0.863281 0.707031 0.865234 0.708984 0.867188 0.710938 0.865234 0.710938 0.863281
1 0.558594 0.869141 0.558594 0.873047 0.562500 0.876953 0.566406 0.876953 0.570312 0.880859 0.572266 0.880859 0.574219 0.882812 0.576172 0.882812 0.578125 0.880859 0.578125 0.876953 0.572266 0.871094 0.570312 0.871094 0.566406 0.867188 0.560547 0.867188
0 0.773438 0.867188 0.769531 0.867188 0.759766 0.873047 0.761719 0.875000 0.761719 0.880859 0.763672 0.882812 0.763672 0.884766 0.767578 0.888672 0.769531 0.888672 0.771484 0.890625 0.773438 0.888672 0.775391 0.888672 0.779297 0.884766 0.779297 0.882812 0.781250 0.880859 0.781250 0.875000
0 0.787109 0.882812 0.787109 0.892578 0.800781 0.898438 0.812500 0.910156 0.826172 0.908203 0.837891 0.914062 0.845703 0.914062 0.851562 0.908203 0.841797 0.888672 0.835938 0.882812 0.822266 0.878906 0.812500 0.869141 0.798828 0.867188
0 0.845703 0.867188 0.843750 0.867188 0.839844 0.871094 0.839844 0.873047 0.843750 0.876953 0.847656 0.873047 0.847656 0.869141
0 0.730469 0.876953 0.724609 0.882812 0.724609 0.888672 0.738281 0.904297 0.728516 0.912109 0.718750 0.912109 0.714844 0.916016 0.730469 0.929688 0.736328 0.945312 0.734375 0.949219 0.736328 0.951172 0.746094 0.949219 0.761719 0.933594 0.765625 0.933594 0.769531 0.937500 0.775391 0.937500 0.789062 0.921875 0.789062 0.917969 0.781250 0.912109 0.769531 0.923828 0.763672 0.925781 0.748047 0.908203 0.740234 0.906250 0.736328 0.902344 0.742188 0.896484 0.742188 0.882812 0.736328 0.876953
0 0.599609 0.890625 0.595703 0.894531 0.595703 0.896484 0.599609 0.900391 0.601562 0.900391 0.603516 0.898438 0.603516 0.896484 0.605469 0.894531 0.601562 0.890625
0 0.863281 0.894531 0.861328 0.896484 0.863281 0.898438 0.865234 0.896484
0 0.699219 0.908203 0.695312 0.908203 0.693359 0.910156 0.693359 0.912109 0.697266 0.916016 0.701172 0.912109 0.701172 0.910156
0 0.576172 0.921875 0.572266 0.925781 0.574219 0.927734 0.576172 0.927734 0.578125 0.925781 0.578125 0.923828
0 0.712891 0.925781 0.703125 0.925781 0.673828 0.947266 0.660156 0.943359 0.642578 0.947266 0.638672 0.953125 0.644531 0.964844 0.636719 0.974609 0.632812 0.998047 0.726562 0.998047 0.703125 0.982422 0.720703 0.958984
0 0.626953 0.931641 0.626953 0.933594 0.628906 0.935547 0.632812 0.935547 0.634766 0.937500 0.636719 0.937500 0.638672 0.935547 0.638672 0.929688 0.636719 0.927734 0.634766 0.927734 0.632812 0.929688 0.628906 0.929688
0 0.392578 0.933594 0.388672 0.937500 0.388672 0.941406 0.392578 0.945312 0.396484 0.941406 0.396484 0.937500
1 0.513672 0.935547 0.511719 0.937500 0.511719 0.939453 0.513672 0.941406 0.513672 0.947266 0.515625 0.949219 0.513672 0.951172 0.513672 0.960938 0.519531 0.964844 0.523438 0.964844 0.529297 0.958984 0.529297 0.953125 0.523438 0.947266 0.521484 0.941406 0.515625 0.935547
0 0.220703 0.939453 0.218750 0.939453 0.212891 0.945312 0.214844 0.947266 0.214844 0.949219 0.216797 0.951172 0.220703 0.951172 0.222656 0.949219 0.222656 0.947266 0.224609 0.945312 0.222656 0.943359 0.222656 0.941406
0 0.765625 0.958984 0.767578 0.960938 0.773438 0.960938 0.775391 0.958984 0.779297 0.958984 0.781250 0.957031 0.783203 0.957031 0.785156 0.955078 0.785156 0.953125 0.781250 0.949219 0.771484 0.949219 0.767578 0.953125 0.767578 0.955078 0.765625 0.957031
0 0.910156 0.951172 0.908203 0.953125 0.912109 0.957031 0.914062 0.955078 0.914062 0.953125 0.912109 0.951172
0 0.792969 0.953125 0.791016 0.955078 0.791016 0.957031 0.792969 0.958984 0.794922 0.958984 0.796875 0.957031 0.796875 0.955078 0.794922 0.953125
1 0.822266 0.953125 0.820312 0.955078 0.820312 0.957031 0.828125 0.964844 0.828125 0.966797 0.833984 0.972656 0.837891 0.972656 0.841797 0.968750 0.841797 0.964844 0.835938 0.958984 0.832031 0.958984 0.826172 0.953125
0 0.875000 0.957031 0.869141 0.960938 0.869141 0.962891 0.867188 0.964844 0.867188 0.972656 0.873047 0.976562 0.878906 0.976562 0.882812 0.972656 0.882812 0.970703 0.884766 0.968750 0.884766 0.962891 0.878906 0.957031
0 0.771484 0.974609 0.767578 0.978516 0.767578 0.982422 0.773438 0.988281 0.775391 0.988281 0.779297 0.984375 0.779297 0.978516 0.775391 0.974609
0 0.531250 0.978516 0.525391 0.984375 0.525391 0.986328 0.531250 0.992188 0.535156 0.992188 0.541016 0.986328 0.541016 0.982422 0.537109 0.978516
0 0.888672 0.996094 0.890625 0.998047 0.914062 0.998047 0.914062 0.994141 0.908203 0.988281 0.906250 0.988281 0.904297 0.986328 0.898438 0.986328 0.896484 0.984375 0.892578 0.988281 0.892578 0.990234
0 0.554688 0.996094 0.550781 0.992188 0.548828 0.994141 0.546875 0.994141 0.544922 0.996094 0.544922 0.998047 0.554688 0.998047
0 0.802734 0.998047 0.812500 0.998047 0.808594 0.994141 0.806641 0.994141
1 0.851562 0.998047 0.869141 0.998047 0.865234 0.994141 0.859375 0.994141 0.857422 0.996094 0.853516 0.996094
