0 0.896484 0.033203 0.894531 0.035156 0.894531 0.037109 0.896484 0.039062 0.898438 0.037109 0.898438 0.035156
0 0.226562 0.093750 0.224609 0.095703 0.224609 0.101562 0.226562 0.103516 0.232422 0.103516 0.234375 0.101562 0.234375 0.097656 0.230469 0.093750
0 0.246094 0.101562 0.244141 0.103516 0.244141 0.105469 0.248047 0.109375 0.250000 0.107422 0.250000 0.105469
0 0.189453 0.109375 0.187500 0.111328 0.187500 0.113281 0.189453 0.115234 0.191406 0.115234 0.193359 0.113281 0.193359 0.111328 0.191406 0.109375
0 0.257812 0.113281 0.255859 0.115234 0.255859 0.119141 0.257812 0.121094 0.261719 0.121094 0.265625 0.117188 0.265625 0.115234 0.263672 0.113281
1 0.181641 0.132812 0.097656 0.171875 0.076172 0.224609 0.048828 0.216797 0.060547 0.140625 0.039062 0.210938 0.000000 0.150391 0.000000 0.488281 0.078125 0.625000 0.041016 0.714844 0.132812 0.689453 0.205078 0.771484 0.115234 0.898438 0.136719 0.992188 0.197266 0.861328 0.431641 0.857422 0.529297 0.783203 0.503906 0.660156 0.335938 0.566406 0.314453 0.521484 0.349609 0.472656 0.322266 0.449219 0.242188 0.484375 0.228516 0.443359 0.138672 0.505859 0.044922 0.451172 0.027344 0.392578 0.128906 0.302734 0.166016 0.339844 0.222656 0.308594 0.234375 0.382812 0.265625 0.345703 0.310547 0.402344 0.265625 0.320312 0.298828 0.287109 0.228516 0.273438 0.267578 0.210938 0.210938 0.281250 0.082031 0.291016 0.105469 0.191406 0.146484 0.164062 0.173828 0.189453
0 0.306641 0.152344 0.302734 0.156250 0.302734 0.160156 0.306641 0.164062 0.308594 0.164062 0.310547 0.166016 0.316406 0.160156 0.316406 0.156250 0.312500 0.152344
0 0.359375 0.152344 0.357422 0.154297 0.357422 0.156250 0.359375 0.158203 0.361328 0.158203 0.363281 0.156250 0.363281 0.154297 0.361328 0.152344
0 0.382812 0.154297 0.378906 0.158203 0.378906 0.162109 0.382812 0.166016 0.384766 0.166016 0.386719 0.167969 0.388672 0.166016 0.388672 0.158203 0.384766 0.154297
1 0.287109 0.164062 0.273438 0.177734 0.273438 0.179688 0.271484 0.181641 0.271484 0.185547 0.277344 0.191406 0.279297 0.191406 0.285156 0.185547 0.285156 0.179688 0.283203 0.177734 0.285156 0.175781 0.283203 0.173828 0.287109 0.169922 0.289062 0.169922 0.291016 0.167969
0 0.494141 0.179688 0.492188 0.181641 0.494141 0.183594 0.496094 0.183594 0.498047 0.181641 0.496094 0.179688
0 0.521484 0.181641 0.517578 0.185547 0.519531 0.187500 0.519531 0.189453 0.525391 0.195312 0.529297 0.191406 0.529297 0.187500 0.523438 0.181641
0 0.720703 0.212891 0.718750 0.214844 0.722656 0.218750 0.724609 0.218750 0.726562 0.216797 0.726562 0.214844 0.724609 0.212891
0 0.464844 0.253906 0.460938 0.257812 0.464844 0.261719 0.468750 0.257812
0 0.117188 0.271484 0.115234 0.273438 0.117188 0.275391 0.119141 0.273438
0 0.441406 0.273438 0.437500 0.269531 0.435547 0.269531 0.431641 0.273438 0.431641 0.275391 0.433594 0.277344 0.437500 0.277344
0 0.535156 0.291016 0.533203 0.292969 0.533203 0.294922 0.535156 0.296875 0.537109 0.296875 0.539062 0.294922 0.539062 0.292969 0.537109 0.291016
0 0.294922 0.294922 0.292969 0.296875 0.292969 0.298828 0.294922 0.300781 0.296875 0.300781 0.298828 0.298828 0.298828 0.296875 0.296875 0.294922
0 0.500000 0.294922 0.498047 0.296875 0.500000 0.298828 0.501953 0.296875
0 0.318359 0.328125 0.316406 0.330078 0.316406 0.332031 0.318359 0.333984 0.320312 0.333984 0.322266 0.332031
0 0.511719 0.339844 0.509766 0.341797 0.511719 0.343750 0.513672 0.341797
1 0.332031 0.367188 0.332031 0.371094 0.333984 0.373047 0.335938 0.373047 0.337891 0.375000 0.341797 0.375000 0.343750 0.376953 0.347656 0.373047 0.345703 0.371094 0.339844 0.371094 0.333984 0.365234
0 0.263672 0.367188 0.261719 0.369141 0.263672 0.371094 0.265625 0.369141
0 0.568359 0.376953 0.566406 0.378906 0.566406 0.380859 0.568359 0.382812 0.570312 0.382812 0.572266 0.380859 0.572266 0.378906 0.570312 0.376953
0 0.210938 0.380859 0.208984 0.382812 0.208984 0.384766 0.210938 0.386719 0.212891 0.386719 0.214844 0.384766
0 0.232422 0.390625 0.224609 0.398438 0.224609 0.402344 0.226562 0.404297 0.232422 0.404297 0.234375 0.406250 0.236328 0.406250 0.238281 0.404297 0.238281 0.402344 0.234375 0.398438 0.234375 0.392578
0 0.552734 0.390625 0.550781 0.392578 0.552734 0.394531 0.554688 0.392578
0 0.343750 0.394531 0.341797 0.396484 0.341797 0.400391 0.347656 0.406250 0.349609 0.406250 0.351562 0.404297 0.351562 0.400391 0.347656 0.396484 0.345703 0.396484
1 0.115234 0.398438 0.113281 0.400391 0.113281 0.404297 0.115234 0.406250 0.115234 0.408203 0.113281 0.410156 0.115234 0.412109 0.115234 0.416016 0.121094 0.421875 0.123047 0.419922 0.121094 0.417969 0.121094 0.416016 0.125000 0.412109 0.121094 0.406250 0.121094 0.404297 0.123047 0.402344 0.119141 0.398438
1 0.269531 0.402344 0.267578 0.400391 0.265625 0.402344 0.263672 0.402344 0.259766 0.406250 0.257812 0.406250 0.255859 0.408203 0.259766 0.412109
1 0.312500 0.408203 0.312500 0.414062 0.314453 0.416016 0.316406 0.416016 0.320312 0.419922 0.322266 0.419922 0.326172 0.423828 0.328125 0.423828 0.333984 0.427734 0.335938 0.427734 0.337891 0.425781 0.337891 0.423828 0.324219 0.410156 0.322266 0.410156 0.318359 0.406250 0.314453 0.406250
0 0.214844 0.416016 0.214844 0.419922 0.216797 0.421875 0.216797 0.423828 0.218750 0.425781 0.220703 0.425781 0.226562 0.431641 0.228516 0.429688 0.228516 0.427734 0.234375 0.421875 0.242188 0.421875 0.244141 0.419922 0.244141 0.417969 0.240234 0.414062 0.236328 0.414062 0.232422 0.417969 0.230469 0.416016 0.228516 0.416016 0.222656 0.410156 0.220703 0.410156
0 0.289062 0.419922 0.287109 0.421875 0.287109 0.423828 0.289062 0.425781 0.291016 0.425781 0.292969 0.423828 0.292969 0.421875 0.291016 0.419922
0 0.353516 0.423828 0.349609 0.427734 0.351562 0.429688 0.353516 0.429688 0.355469 0.427734 0.355469 0.425781
0 0.462891 0.425781 0.458984 0.429688 0.458984 0.431641 0.460938 0.433594 0.466797 0.433594 0.468750 0.431641 0.468750 0.429688 0.464844 0.425781
0 0.500000 0.425781 0.498047 0.427734 0.498047 0.429688 0.500000 0.431641 0.501953 0.431641 0.503906 0.429688
0 0.398438 0.435547 0.392578 0.435547 0.386719 0.441406 0.386719 0.443359 0.390625 0.447266 0.394531 0.447266 0.400391 0.441406 0.400391 0.437500
0 0.367188 0.437500 0.365234 0.439453 0.365234 0.443359 0.367188 0.445312 0.371094 0.445312 0.375000 0.441406 0.375000 0.439453 0.373047 0.437500
0 0.523438 0.441406 0.521484 0.443359 0.521484 0.445312 0.523438 0.447266 0.525391 0.445312 0.525391 0.443359
0 0.609375 0.443359 0.607422 0.445312 0.609375 0.447266 0.611328 0.445312
0 0.279297 0.451172 0.277344 0.453125 0.279297 0.455078 0.281250 0.453125
0 0.607422 0.451172 0.605469 0.453125 0.607422 0.455078 0.603516 0.458984 0.605469 0.460938 0.607422 0.460938 0.609375 0.462891 0.613281 0.458984 0.613281 0.457031 0.611328 0.455078 0.611328 0.453125 0.609375 0.451172
0 0.529297 0.457031 0.527344 0.458984 0.527344 0.460938 0.529297 0.462891 0.531250 0.462891 0.533203 0.460938 0.533203 0.458984 0.531250 0.457031
0 0.791016 0.460938 0.789062 0.462891 0.789062 0.464844 0.791016 0.466797 0.792969 0.466797 0.794922 0.464844 0.794922 0.462891 0.792969 0.460938
0 0.160156 0.472656 0.158203 0.474609 0.158203 0.476562 0.160156 0.478516 0.162109 0.476562 0.162109 0.474609
0 0.587891 0.472656 0.583984 0.476562 0.583984 0.482422 0.587891 0.486328 0.589844 0.486328 0.593750 0.482422 0.593750 0.476562 0.589844 0.472656
0 0.648438 0.482422 0.646484 0.484375 0.646484 0.488281 0.648438 0.490234 0.650391 0.488281 0.650391 0.484375
0 0.623047 0.484375 0.621094 0.486328 0.621094 0.488281 0.623047 0.490234 0.625000 0.488281 0.625000 0.486328
0 0.556641 0.488281 0.554688 0.490234 0.554688 0.492188 0.556641 0.494141 0.558594 0.492188 0.558594 0.490234
0 0.376953 0.492188 0.375000 0.494141 0.376953 0.496094 0.376953 0.498047 0.378906 0.500000 0.380859 0.500000 0.382812 0.498047
0 0.652344 0.494141 0.648438 0.498047 0.648438 0.500000 0.650391 0.501953 0.654297 0.501953 0.656250 0.503906 0.658203 0.501953 0.658203 0.496094 0.656250 0.494141
0 0.626953 0.503906 0.625000 0.505859 0.625000 0.509766 0.626953 0.511719 0.626953 0.513672 0.628906 0.515625 0.632812 0.515625 0.634766 0.513672 0.634766 0.511719 0.632812 0.509766 0.632812 0.507812 0.628906 0.503906
0 0.419922 0.523438 0.417969 0.525391 0.416016 0.525391 0.410156 0.531250 0.410156 0.535156 0.412109 0.537109 0.416016 0.537109 0.419922 0.533203 0.419922 0.531250 0.421875 0.529297 0.421875 0.525391
0 0.531250 0.523438 0.529297 0.525391 0.529297 0.527344 0.533203 0.531250 0.537109 0.527344 0.533203 0.523438
0 0.562500 0.531250 0.556641 0.537109 0.556641 0.544922 0.562500 0.550781 0.566406 0.550781 0.572266 0.544922 0.572266 0.537109 0.566406 0.531250
0 0.455078 0.546875 0.451172 0.546875 0.447266 0.550781 0.451172 0.554688 0.453125 0.554688 0.457031 0.550781 0.457031 0.548828
0 0.435547 0.560547 0.429688 0.560547 0.425781 0.564453 0.423828 0.564453 0.419922 0.568359 0.419922 0.574219 0.423828 0.578125 0.429688 0.578125 0.435547 0.574219 0.435547 0.572266 0.437500 0.570312 0.437500 0.562500
0 0.572266 0.576172 0.568359 0.580078 0.568359 0.582031 0.570312 0.583984 0.576172 0.583984 0.578125 0.582031 0.578125 0.578125 0.576172 0.576172
0 0.498047 0.583984 0.494141 0.580078 0.492188 0.580078 0.488281 0.583984 0.488281 0.585938 0.490234 0.587891 0.494141 0.587891
0 0.601562 0.583984 0.599609 0.585938 0.601562 0.587891 0.603516 0.587891 0.605469 0.585938 0.603516 0.583984
0 0.742188 0.582031 0.736328 0.587891 0.736328 0.591797 0.738281 0.593750 0.738281 0.595703 0.742188 0.599609 0.750000 0.599609 0.753906 0.595703 0.753906 0.593750 0.755859 0.591797 0.755859 0.587891 0.750000 0.582031
0 0.474609 0.591797 0.468750 0.585938 0.462891 0.585938 0.460938 0.587891 0.458984 0.587891 0.455078 0.591797 0.455078 0.597656 0.458984 0.601562 0.464844 0.601562 0.466797 0.599609 0.468750 0.599609 0.474609 0.593750
0 0.527344 0.591797 0.523438 0.591797 0.521484 0.593750 0.521484 0.595703 0.525391 0.599609 0.529297 0.595703 0.529297 0.593750
0 0.599609 0.595703 0.597656 0.593750 0.585938 0.593750 0.578125 0.601562 0.578125 0.607422 0.582031 0.611328 0.587891 0.611328 0.589844 0.609375 0.593750 0.609375 0.601562 0.601562
0 0.339844 0.611328 0.337891 0.611328 0.333984 0.615234 0.333984 0.619141 0.335938 0.621094 0.339844 0.621094 0.343750 0.617188 0.343750 0.615234
0 0.378906 0.619141 0.373047 0.623047 0.376953 0.626953 0.376953 0.628906 0.378906 0.630859 0.378906 0.636719 0.380859 0.638672 0.380859 0.640625 0.384766 0.644531 0.386719 0.644531 0.392578 0.638672 0.392578 0.626953 0.388672 0.623047
0 0.613281 0.626953 0.611328 0.628906 0.613281 0.630859 0.615234 0.628906
0 0.416016 0.638672 0.408203 0.638672 0.404297 0.642578 0.404297 0.646484 0.402344 0.648438 0.402344 0.650391 0.398438 0.654297 0.406250 0.662109 0.410156 0.658203 0.412109 0.658203 0.419922 0.650391 0.419922 0.642578
0 0.519531 0.642578 0.515625 0.642578 0.513672 0.644531 0.513672 0.646484 0.515625 0.648438 0.517578 0.648438 0.521484 0.644531
0 0.583984 0.648438 0.583984 0.650391 0.589844 0.656250 0.591797 0.656250 0.593750 0.658203 0.599609 0.658203 0.603516 0.654297 0.603516 0.650391 0.599609 0.646484 0.597656 0.646484 0.591797 0.642578 0.589844 0.644531 0.587891 0.644531
0 0.382812 0.650391 0.380859 0.650391 0.373047 0.658203 0.376953 0.662109 0.380859 0.662109 0.386719 0.656250 0.386719 0.654297
0 0.619141 0.650391 0.615234 0.654297 0.615234 0.656250 0.619141 0.660156 0.623047 0.656250 0.623047 0.654297
0 0.458984 0.666016 0.457031 0.664062 0.455078 0.664062 0.453125 0.662109 0.451172 0.664062 0.449219 0.664062 0.447266 0.666016 0.447266 0.669922 0.449219 0.671875 0.457031 0.671875 0.458984 0.669922
0 0.359375 0.671875 0.357422 0.673828 0.357422 0.675781 0.359375 0.677734 0.361328 0.675781 0.361328 0.673828
0 0.621094 0.673828 0.619141 0.675781 0.619141 0.677734 0.623047 0.681641 0.625000 0.679688 0.625000 0.675781 0.623047 0.673828
1 0.376953 0.685547 0.380859 0.689453 0.382812 0.687500 0.384766 0.687500 0.392578 0.695312 0.398438 0.689453 0.398438 0.687500 0.394531 0.683594 0.392578 0.683594 0.388672 0.687500 0.386719 0.685547 0.384766 0.685547 0.380859 0.681641
0 0.412109 0.679688 0.408203 0.679688 0.404297 0.683594 0.404297 0.685547 0.406250 0.687500 0.406250 0.689453 0.408203 0.691406 0.410156 0.691406 0.416016 0.685547 0.414062 0.683594 0.414062 0.681641
0 0.599609 0.681641 0.595703 0.685547 0.595703 0.687500 0.599609 0.691406 0.601562 0.691406 0.605469 0.687500 0.605469 0.685547 0.601562 0.681641
0 0.462891 0.685547 0.458984 0.685547 0.457031 0.687500 0.458984 0.689453 0.458984 0.695312 0.460938 0.697266 0.464844 0.693359 0.462891 0.691406 0.464844 0.689453 0.464844 0.687500
0 0.628906 0.693359 0.625000 0.697266 0.625000 0.701172 0.630859 0.707031 0.634766 0.703125 0.634766 0.697266 0.630859 0.693359
1 0.238281 0.699219 0.236328 0.697266 0.234375 0.699219 0.232422 0.699219 0.230469 0.701172 0.228516 0.701172 0.226562 0.703125 0.228516 0.705078 0.230469 0.705078 0.234375 0.701172 0.236328 0.703125 0.238281 0.701172
0 0.669922 0.708984 0.666016 0.712891 0.666016 0.714844 0.669922 0.718750 0.671875 0.718750 0.673828 0.716797 0.673828 0.712891
0 0.246094 0.732422 0.244141 0.734375 0.242188 0.734375 0.238281 0.738281 0.238281 0.740234 0.240234 0.742188 0.244141 0.742188 0.248047 0.738281 0.248047 0.734375
0 0.677734 0.734375 0.675781 0.732422 0.673828 0.732422 0.669922 0.736328 0.671875 0.738281 0.673828 0.736328 0.675781 0.738281 0.677734 0.736328
0 0.281250 0.736328 0.279297 0.738281 0.281250 0.740234 0.283203 0.738281
0 0.583984 0.738281 0.570312 0.738281 0.560547 0.744141 0.558594 0.750000 0.568359 0.761719 0.564453 0.765625 0.566406 0.783203 0.554688 0.792969 0.558594 0.798828 0.562500 0.798828 0.570312 0.789062 0.580078 0.791016 0.585938 0.785156 0.595703 0.765625 0.595703 0.746094
0 0.601562 0.771484 0.603516 0.775391 0.609375 0.779297 0.611328 0.777344 0.615234 0.777344 0.621094 0.771484 0.621094 0.769531 0.626953 0.763672 0.628906 0.765625 0.630859 0.761719 0.628906 0.759766 0.623047 0.765625 0.613281 0.759766 0.611328 0.761719 0.609375 0.759766 0.601562 0.767578
0 0.654297 0.761719 0.650391 0.765625 0.650391 0.767578 0.648438 0.769531 0.648438 0.773438 0.654297 0.777344 0.658203 0.777344 0.660156 0.775391 0.664062 0.775391 0.666016 0.773438 0.666016 0.767578 0.662109 0.763672 0.660156 0.763672 0.658203 0.761719
0 0.964844 0.773438 0.962891 0.775391 0.964844 0.777344 0.966797 0.775391
1 0.416016 0.783203 0.414062 0.781250 0.412109 0.781250 0.410156 0.779297 0.408203 0.779297 0.406250 0.777344 0.402344 0.777344 0.396484 0.783203 0.394531 0.781250 0.392578 0.781250 0.390625 0.783203 0.388672 0.781250 0.386719 0.783203 0.390625 0.787109 0.392578 0.785156 0.394531 0.785156 0.398438 0.781250 0.400391 0.781250 0.406250 0.787109 0.408203 0.785156 0.410156 0.785156 0.412109 0.783203 0.414062 0.785156
0 0.644531 0.787109 0.644531 0.789062 0.648438 0.792969 0.650391 0.792969 0.652344 0.794922 0.656250 0.794922 0.658203 0.796875 0.660156 0.794922 0.662109 0.794922 0.664062 0.792969 0.664062 0.791016 0.660156 0.787109 0.658203 0.787109 0.656250 0.785156 0.650391 0.785156 0.648438 0.783203
0 0.773438 0.792969 0.771484 0.794922 0.773438 0.796875 0.775391 0.794922
0 0.582031 0.806641 0.578125 0.810547 0.578125 0.812500 0.582031 0.816406 0.583984 0.816406 0.585938 0.814453 0.585938 0.810547
0 0.775391 0.804688 0.773438 0.806641 0.775391 0.808594 0.777344 0.806641
0 0.603516 0.814453 0.599609 0.814453 0.595703 0.818359 0.599609 0.822266 0.601562 0.822266 0.605469 0.818359 0.605469 0.816406
1 0.515625 0.824219 0.511719 0.828125 0.513672 0.835938 0.500000 0.851562 0.513672 0.865234 0.519531 0.888672 0.527344 0.888672 0.539062 0.906250 0.523438 0.917969 0.546875 0.925781 0.550781 0.919922 0.546875 0.908203 0.562500 0.902344 0.574219 0.910156 0.570312 0.925781 0.578125 0.927734 0.591797 0.914062 0.552734 0.886719 0.562500 0.873047 0.552734 0.865234 0.560547 0.853516 0.556641 0.845703 0.562500 0.839844 0.556641 0.824219 0.546875 0.818359 0.535156 0.832031 0.541016 0.849609 0.550781 0.832031 0.558594 0.841797 0.535156 0.882812 0.529297 0.876953 0.527344 0.855469 0.517578 0.835938 0.521484 0.828125
0 0.681641 0.820312 0.677734 0.820312 0.673828 0.824219 0.673828 0.826172 0.677734 0.830078 0.679688 0.828125 0.681641 0.828125 0.683594 0.826172 0.683594 0.822266
1 0.716797 0.855469 0.714844 0.853516 0.710938 0.857422 0.707031 0.857422 0.705078 0.859375 0.703125 0.857422 0.701172 0.857422 0.697266 0.861328 0.697266 0.867188 0.699219 0.869141 0.701172 0.867188 0.703125 0.867188 0.705078 0.865234 0.707031 0.865234 0.710938 0.861328 0.712891 0.861328 0.716797 0.857422
1 0.998047 0.851562 0.996094 0.853516 0.996094 0.859375 0.998047 0.861328
0 0.681641 0.859375 0.677734 0.859375 0.673828 0.863281 0.673828 0.873047 0.679688 0.878906 0.681641 0.876953 0.683594 0.876953 0.685547 0.875000 0.685547 0.865234 0.683594 0.863281 0.683594 0.861328
0 0.576172 0.865234 0.572266 0.869141 0.572266 0.871094 0.574219 0.873047 0.574219 0.875000 0.578125 0.880859 0.578125 0.884766 0.582031 0.888672 0.585938 0.888672 0.591797 0.882812 0.591797 0.878906 0.578125 0.865234
0 0.990234 0.865234 0.986328 0.869141 0.986328 0.871094 0.990234 0.875000 0.992188 0.875000 0.996094 0.871094 0.994141 0.869141 0.994141 0.867188 0.992188 0.865234
0 0.474609 0.867188 0.472656 0.869141 0.472656 0.871094 0.468750 0.875000 0.468750 0.880859 0.476562 0.888672 0.480469 0.888672 0.482422 0.886719 0.484375 0.886719 0.490234 0.880859 0.490234 0.878906 0.488281 0.876953 0.488281 0.873047 0.484375 0.869141 0.482422 0.869141 0.480469 0.867188
0 0.644531 0.867188 0.640625 0.873047 0.642578 0.875000 0.640625 0.876953 0.646484 0.882812 0.650391 0.882812 0.652344 0.880859 0.654297 0.880859 0.658203 0.876953 0.658203 0.873047 0.652344 0.867188
0 0.734375 0.871094 0.732422 0.873047 0.732422 0.875000 0.734375 0.876953 0.736328 0.875000 0.736328 0.873047
0 0.935547 0.884766 0.933594 0.886719 0.931641 0.886719 0.927734 0.890625 0.927734 0.894531 0.925781 0.896484 0.927734 0.898438 0.927734 0.902344 0.931641 0.906250 0.935547 0.906250 0.937500 0.904297 0.939453 0.904297 0.943359 0.900391 0.943359 0.898438 0.945312 0.896484 0.943359 0.894531 0.943359 0.890625 0.939453 0.886719 0.937500 0.886719
1 0.351562 0.894531 0.345703 0.925781 0.355469 0.947266 0.384766 0.943359 0.412109 0.927734 0.443359 0.929688 0.458984 0.949219 0.455078 0.964844 0.433594 0.976562 0.412109 0.972656 0.408203 0.980469 0.417969 0.984375 0.435547 0.978516 0.464844 0.978516 0.470703 0.984375 0.470703 0.998047 0.503906 0.998047 0.492188 0.951172 0.476562 0.933594 0.484375 0.925781 0.509766 0.925781 0.515625 0.919922 0.511719 0.914062 0.449219 0.902344 0.435547 0.917969 0.402344 0.921875 0.378906 0.894531 0.367188 0.888672
0 0.402344 0.892578 0.396484 0.898438 0.396484 0.904297 0.400391 0.910156 0.402344 0.910156 0.404297 0.912109 0.408203 0.912109 0.414062 0.906250 0.414062 0.902344 0.412109 0.900391 0.412109 0.898438 0.406250 0.892578
1 0.675781 0.894531 0.671875 0.890625 0.664062 0.892578 0.658203 0.898438 0.650391 0.894531 0.640625 0.906250 0.634766 0.921875 0.613281 0.935547 0.597656 0.933594 0.585938 0.939453 0.566406 0.939453 0.558594 0.949219 0.560547 0.966797 0.566406 0.972656 0.578125 0.960938 0.583984 0.960938 0.591797 0.966797 0.597656 0.978516 0.603516 0.982422 0.611328 0.982422 0.619141 0.974609 0.615234 0.949219 0.621094 0.943359 0.634766 0.945312 0.636719 0.937500 0.658203 0.919922 0.664062 0.927734 0.667969 0.921875 0.658203 0.914062 0.677734 0.902344
0 0.998047 0.916016 0.994141 0.919922 0.998047 0.923828
0 0.535156 0.927734 0.519531 0.945312 0.519531 0.951172 0.525391 0.955078 0.535156 0.955078 0.537109 0.953125 0.541016 0.953125 0.544922 0.957031 0.544922 0.964844 0.546875 0.966797 0.550781 0.962891 0.550781 0.957031 0.539062 0.945312 0.541016 0.943359 0.541016 0.933594
0 0.761719 0.931641 0.757812 0.935547 0.757812 0.941406 0.761719 0.945312 0.767578 0.945312 0.773438 0.939453 0.771484 0.937500 0.771484 0.935547 0.767578 0.931641
0 0.880859 0.933594 0.876953 0.937500 0.878906 0.939453 0.880859 0.939453 0.882812 0.937500 0.882812 0.935547
0 0.947266 0.937500 0.943359 0.937500 0.933594 0.943359 0.933594 0.955078 0.937500 0.958984 0.939453 0.958984 0.941406 0.960938 0.945312 0.960938 0.953125 0.953125 0.953125 0.951172 0.955078 0.949219 0.955078 0.945312 0.953125 0.943359 0.953125 0.941406
0 0.861328 0.941406 0.859375 0.943359 0.861328 0.945312 0.863281 0.945312 0.865234 0.943359 0.863281 0.941406
0 0.402344 0.949219 0.398438 0.949219 0.396484 0.951172 0.396484 0.953125 0.400391 0.957031 0.404297 0.953125 0.404297 0.951172
0 0.666016 0.949219 0.664062 0.951172 0.666016 0.953125 0.667969 0.953125 0.669922 0.951172 0.667969 0.949219
1 0.998047 0.986328 0.996094 0.988281 0.996094 0.990234 0.998047 0.992188
1 0.539062 0.992188 0.539062 0.998047 0.560547 0.998047 0.560547 0.994141 0.554688 0.988281 0.544922 0.988281
1 0.796875 0.998047 0.804688 0.998047 0.802734 0.996094 0.798828 0.996094
