0 0.150391 0.023438 0.146484 0.027344 0.146484 0.029297 0.150391 0.033203 0.154297 0.029297 0.154297 0.027344
0 0.156250 0.048828 0.150391 0.048828 0.146484 0.052734 0.146484 0.054688 0.150391 0.058594 0.152344 0.058594 0.158203 0.052734 0.158203 0.050781
1 0.000000 0.062500 0.000000 0.521484 0.099609 0.654297 0.103516 0.765625 0.189453 0.691406 0.232422 0.728516 0.208984 0.849609 0.373047 0.833984 0.339844 0.998047 0.425781 0.957031 0.548828 0.998047 0.542969 0.945312 0.597656 0.933594 0.638672 0.988281 0.578125 0.964844 0.578125 0.998047 0.695312 0.998047 0.656250 0.974609 0.705078 0.972656 0.687500 0.912109 0.773438 0.927734 0.716797 0.861328 0.603516 0.873047 0.632812 0.939453 0.515625 0.886719 0.490234 0.964844 0.382812 0.925781 0.447266 0.759766 0.410156 0.759766 0.417969 0.712891 0.349609 0.796875 0.343750 0.675781 0.306641 0.693359 0.337891 0.769531 0.255859 0.773438 0.212891 0.679688 0.330078 0.625000 0.283203 0.546875 0.371094 0.556641 0.181641 0.517578 0.175781 0.328125 0.078125 0.330078 0.041016 0.277344 0.150391 0.199219 0.166016 0.125000 0.119141 0.064453
1 0.000000 0.154297 0.000000 0.162109 0.001953 0.160156 0.001953 0.156250
1 0.275391 0.175781 0.273438 0.173828 0.269531 0.173828 0.263672 0.177734 0.259766 0.177734 0.251953 0.183594 0.251953 0.185547 0.248047 0.189453 0.248047 0.193359 0.250000 0.195312 0.253906 0.195312 0.255859 0.193359 0.255859 0.191406 0.263672 0.183594 0.269531 0.183594 0.271484 0.185547 0.275391 0.181641
0 0.355469 0.173828 0.353516 0.175781 0.353516 0.179688 0.355469 0.181641 0.355469 0.185547 0.359375 0.189453 0.363281 0.185547 0.363281 0.179688 0.361328 0.177734 0.361328 0.175781 0.359375 0.173828
0 0.677734 0.177734 0.671875 0.183594 0.677734 0.189453 0.681641 0.185547 0.681641 0.181641
0 0.585938 0.185547 0.582031 0.189453 0.582031 0.191406 0.583984 0.193359 0.585938 0.193359 0.587891 0.191406 0.587891 0.187500
1 0.339844 0.193359 0.337891 0.193359 0.333984 0.197266 0.333984 0.199219 0.330078 0.203125 0.328125 0.203125 0.326172 0.205078 0.326172 0.210938 0.328125 0.212891 0.332031 0.208984 0.332031 0.207031 0.335938 0.203125 0.337891 0.203125 0.343750 0.197266
0 0.205078 0.201172 0.201172 0.205078 0.201172 0.208984 0.203125 0.210938 0.205078 0.210938 0.207031 0.212891 0.208984 0.212891 0.212891 0.208984 0.212891 0.207031 0.207031 0.201172
0 0.658203 0.199219 0.656250 0.201172 0.654297 0.201172 0.652344 0.203125 0.652344 0.208984 0.656250 0.212891 0.662109 0.212891 0.664062 0.210938 0.664062 0.208984 0.666016 0.207031 0.666016 0.203125 0.662109 0.199219
0 0.185547 0.208984 0.181641 0.208984 0.179688 0.210938 0.169922 0.210938 0.166016 0.214844 0.166016 0.222656 0.164062 0.224609 0.166016 0.228516 0.175781 0.236328 0.177734 0.234375 0.187500 0.232422 0.193359 0.224609 0.193359 0.216797
0 0.550781 0.207031 0.548828 0.208984 0.548828 0.212891 0.546875 0.214844 0.552734 0.220703 0.556641 0.220703 0.560547 0.216797 0.560547 0.210938 0.556641 0.207031
0 0.357422 0.216797 0.355469 0.218750 0.353516 0.218750 0.351562 0.220703 0.351562 0.224609 0.353516 0.226562 0.355469 0.226562 0.357422 0.228516 0.361328 0.224609 0.361328 0.220703
0 0.660156 0.220703 0.654297 0.226562 0.660156 0.232422 0.662109 0.232422 0.667969 0.226562 0.662109 0.220703
0 0.281250 0.224609 0.277344 0.228516 0.277344 0.240234 0.275391 0.242188 0.275391 0.244141 0.279297 0.248047 0.281250 0.248047 0.291016 0.238281 0.291016 0.230469 0.289062 0.228516 0.285156 0.228516
0 0.378906 0.228516 0.376953 0.230469 0.376953 0.232422 0.378906 0.234375 0.380859 0.234375 0.382812 0.232422 0.382812 0.230469 0.380859 0.228516
0 0.513672 0.226562 0.509766 0.226562 0.507812 0.228516 0.505859 0.228516 0.503906 0.230469 0.503906 0.236328 0.507812 0.240234 0.509766 0.240234 0.517578 0.232422 0.517578 0.230469
0 0.625000 0.236328 0.623047 0.238281 0.625000 0.240234 0.626953 0.240234 0.628906 0.238281 0.626953 0.236328
0 0.435547 0.238281 0.429688 0.244141 0.429688 0.250000 0.433594 0.253906 0.437500 0.253906 0.439453 0.251953 0.439453 0.244141 0.437500 0.242188 0.437500 0.240234
0 0.615234 0.246094 0.611328 0.250000 0.615234 0.253906 0.619141 0.250000
1 0.652344 0.250000 0.644531 0.255859 0.644531 0.265625 0.652344 0.275391 0.650391 0.285156 0.662109 0.292969 0.664062 0.300781 0.669922 0.300781 0.673828 0.294922 0.662109 0.287109 0.662109 0.281250 0.658203 0.277344 0.666016 0.265625 0.666016 0.257812 0.662109 0.251953
0 0.210938 0.255859 0.208984 0.257812 0.208984 0.261719 0.210938 0.263672 0.210938 0.265625 0.214844 0.269531 0.216797 0.269531 0.218750 0.267578 0.218750 0.263672 0.216797 0.261719 0.216797 0.259766 0.212891 0.255859
0 0.699219 0.257812 0.697266 0.257812 0.695312 0.259766 0.693359 0.259766 0.691406 0.261719 0.691406 0.263672 0.695312 0.267578 0.697266 0.267578 0.701172 0.263672 0.701172 0.259766
0 0.240234 0.265625 0.236328 0.261719 0.234375 0.261719 0.230469 0.265625 0.230469 0.267578 0.232422 0.269531 0.236328 0.269531
0 0.107422 0.267578 0.105469 0.269531 0.105469 0.271484 0.103516 0.273438 0.103516 0.277344 0.105469 0.279297 0.109375 0.275391 0.109375 0.269531
0 0.378906 0.267578 0.369141 0.267578 0.367188 0.269531 0.363281 0.269531 0.359375 0.273438 0.359375 0.277344 0.357422 0.279297 0.359375 0.281250 0.357422 0.294922 0.359375 0.296875 0.359375 0.302734 0.365234 0.306641 0.371094 0.306641 0.388672 0.291016 0.390625 0.279297 0.386719 0.273438
0 0.431641 0.267578 0.429688 0.269531 0.427734 0.269531 0.423828 0.275391 0.423828 0.285156 0.425781 0.287109 0.425781 0.289062 0.431641 0.294922 0.437500 0.294922 0.445312 0.289062 0.445312 0.287109 0.447266 0.285156 0.447266 0.279297 0.445312 0.277344 0.445312 0.275391 0.437500 0.267578 0.435547 0.267578 0.433594 0.269531
0 0.189453 0.277344 0.187500 0.277344 0.183594 0.281250 0.183594 0.289062 0.185547 0.291016 0.189453 0.291016 0.191406 0.289062 0.193359 0.289062 0.195312 0.287109 0.193359 0.285156 0.193359 0.281250
0 0.810547 0.281250 0.808594 0.283203 0.808594 0.285156 0.812500 0.289062 0.814453 0.289062 0.816406 0.287109 0.816406 0.283203 0.814453 0.281250
0 0.097656 0.289062 0.093750 0.285156 0.091797 0.285156 0.087891 0.289062 0.085938 0.289062 0.080078 0.294922 0.083984 0.298828 0.085938 0.296875 0.089844 0.296875 0.091797 0.294922 0.093750 0.294922 0.095703 0.292969 0.095703 0.291016
0 0.734375 0.308594 0.732422 0.310547 0.732422 0.312500 0.734375 0.314453 0.736328 0.312500 0.736328 0.310547
0 0.666016 0.312500 0.662109 0.316406 0.662109 0.318359 0.664062 0.320312 0.666016 0.320312 0.669922 0.316406
0 0.585938 0.316406 0.582031 0.316406 0.580078 0.318359 0.578125 0.318359 0.572266 0.324219 0.572266 0.326172 0.578125 0.332031 0.583984 0.332031 0.589844 0.326172 0.589844 0.320312
0 0.734375 0.322266 0.730469 0.326172 0.734375 0.330078 0.738281 0.326172
0 0.193359 0.324219 0.191406 0.324219 0.189453 0.326172 0.189453 0.328125 0.191406 0.330078 0.195312 0.326172
0 0.712891 0.330078 0.710938 0.328125 0.705078 0.328125 0.703125 0.330078 0.701172 0.330078 0.695312 0.335938 0.699219 0.339844 0.703125 0.339844 0.705078 0.337891 0.707031 0.337891 0.712891 0.332031
0 0.410156 0.333984 0.408203 0.333984 0.406250 0.335938 0.406250 0.337891 0.408203 0.339844 0.412109 0.335938
0 0.564453 0.337891 0.562500 0.339844 0.562500 0.341797 0.564453 0.343750 0.566406 0.343750 0.568359 0.341797
1 0.193359 0.363281 0.193359 0.375000 0.199219 0.382812 0.220703 0.386719 0.240234 0.406250 0.250000 0.400391 0.246094 0.392578 0.246094 0.384766 0.240234 0.378906 0.230469 0.378906 0.222656 0.375000 0.208984 0.357422 0.201172 0.355469
0 0.388672 0.355469 0.384766 0.359375 0.384766 0.363281 0.386719 0.365234 0.390625 0.365234 0.394531 0.361328 0.394531 0.359375 0.392578 0.357422 0.390625 0.357422
0 0.111328 0.384766 0.109375 0.384766 0.107422 0.386719 0.107422 0.388672 0.109375 0.390625 0.113281 0.386719
0 0.453125 0.382812 0.449219 0.386719 0.449219 0.390625 0.453125 0.394531 0.455078 0.394531 0.457031 0.396484 0.460938 0.392578 0.460938 0.386719 0.457031 0.382812
0 0.332031 0.390625 0.330078 0.388672 0.326172 0.388672 0.324219 0.390625 0.322266 0.390625 0.320312 0.392578 0.320312 0.394531 0.322266 0.396484 0.326172 0.396484
0 0.273438 0.390625 0.269531 0.394531 0.275391 0.400391 0.275391 0.402344 0.273438 0.404297 0.275391 0.406250 0.273438 0.408203 0.275391 0.410156 0.279297 0.410156 0.281250 0.412109 0.285156 0.406250 0.285156 0.398438 0.281250 0.392578 0.279297 0.392578 0.277344 0.390625
0 0.437500 0.398438 0.433594 0.402344 0.433594 0.408203 0.435547 0.410156 0.439453 0.410156 0.441406 0.408203 0.441406 0.406250 0.443359 0.404297 0.443359 0.402344 0.441406 0.400391 0.439453 0.400391
0 0.498047 0.419922 0.496094 0.421875 0.496094 0.425781 0.498047 0.427734 0.498047 0.431641 0.500000 0.433594 0.501953 0.433594 0.503906 0.435547 0.507812 0.431641 0.507812 0.429688 0.509766 0.427734 0.507812 0.425781 0.507812 0.423828 0.503906 0.419922
1 0.240234 0.421875 0.238281 0.421875 0.234375 0.425781 0.234375 0.433594 0.232422 0.435547 0.232422 0.437500 0.228516 0.441406 0.228516 0.443359 0.232422 0.447266 0.234375 0.447266 0.236328 0.445312 0.236328 0.443359 0.238281 0.441406 0.236328 0.439453 0.248047 0.427734 0.244141 0.423828 0.242188 0.423828
0 0.623047 0.455078 0.621094 0.457031 0.621094 0.458984 0.625000 0.462891 0.628906 0.462891 0.630859 0.460938 0.630859 0.458984 0.626953 0.455078
0 0.208984 0.458984 0.205078 0.462891 0.205078 0.464844 0.203125 0.466797 0.208984 0.472656 0.212891 0.472656 0.216797 0.468750 0.216797 0.466797 0.214844 0.464844 0.214844 0.462891 0.210938 0.458984
0 0.253906 0.468750 0.250000 0.468750 0.248047 0.470703 0.248047 0.474609 0.246094 0.476562 0.246094 0.478516 0.248047 0.480469 0.250000 0.480469 0.253906 0.476562 0.253906 0.472656 0.255859 0.470703
0 0.416016 0.472656 0.414062 0.474609 0.416016 0.476562 0.417969 0.476562 0.419922 0.474609 0.417969 0.472656
0 0.375000 0.478516 0.371094 0.478516 0.365234 0.484375 0.365234 0.494141 0.363281 0.496094 0.363281 0.501953 0.367188 0.505859 0.373047 0.505859 0.378906 0.500000 0.378906 0.498047 0.380859 0.496094 0.380859 0.484375
0 0.390625 0.482422 0.388672 0.484375 0.390625 0.486328 0.392578 0.484375
0 0.220703 0.492188 0.220703 0.494141 0.222656 0.496094 0.232422 0.496094 0.234375 0.494141 0.234375 0.492188 0.232422 0.490234 0.222656 0.490234
0 0.708984 0.494141 0.705078 0.498047 0.705078 0.500000 0.707031 0.501953 0.712891 0.501953 0.714844 0.500000 0.714844 0.496094 0.712891 0.494141
0 0.470703 0.498047 0.468750 0.500000 0.466797 0.500000 0.462891 0.503906 0.462891 0.505859 0.466797 0.509766 0.472656 0.509766 0.474609 0.507812 0.474609 0.503906 0.472656 0.501953 0.472656 0.500000
0 0.248047 0.503906 0.250000 0.505859 0.251953 0.505859 0.253906 0.507812 0.257812 0.507812 0.259766 0.505859 0.255859 0.501953 0.250000 0.501953
0 0.232422 0.507812 0.230469 0.509766 0.232422 0.511719 0.234375 0.509766
0 0.408203 0.513672 0.404297 0.517578 0.406250 0.519531 0.406250 0.527344 0.410156 0.533203 0.410156 0.541016 0.412109 0.542969 0.416016 0.541016 0.429688 0.541016 0.433594 0.537109 0.431641 0.527344 0.421875 0.517578 0.417969 0.517578 0.412109 0.513672
0 0.246094 0.523438 0.244141 0.525391 0.244141 0.527344 0.242188 0.529297 0.244141 0.531250 0.246094 0.531250 0.248047 0.533203 0.251953 0.529297 0.250000 0.527344 0.250000 0.525391 0.248047 0.523438
0 0.494141 0.523438 0.492188 0.525391 0.496094 0.529297 0.498047 0.527344 0.498047 0.525391 0.496094 0.523438
0 0.517578 0.523438 0.513672 0.527344 0.513672 0.531250 0.521484 0.539062 0.523438 0.539062 0.527344 0.535156 0.527344 0.527344 0.525391 0.525391 0.523438 0.525391 0.521484 0.523438
0 0.552734 0.548828 0.548828 0.552734 0.548828 0.554688 0.552734 0.558594 0.554688 0.558594 0.556641 0.556641 0.556641 0.552734
0 0.580078 0.550781 0.578125 0.552734 0.578125 0.556641 0.580078 0.558594 0.583984 0.558594 0.585938 0.556641 0.585938 0.554688 0.582031 0.550781
0 0.691406 0.556641 0.687500 0.560547 0.691406 0.564453 0.695312 0.560547
1 0.396484 0.560547 0.394531 0.560547 0.390625 0.564453 0.390625 0.568359 0.388672 0.570312 0.388672 0.572266 0.386719 0.574219 0.386719 0.578125 0.388672 0.580078 0.402344 0.566406
0 0.458984 0.566406 0.458984 0.568359 0.460938 0.570312 0.460938 0.574219 0.458984 0.576172 0.462891 0.580078 0.464844 0.580078 0.468750 0.576172 0.470703 0.576172 0.472656 0.574219 0.474609 0.576172 0.478516 0.576172 0.482422 0.572266 0.482422 0.570312 0.478516 0.566406 0.476562 0.566406 0.470703 0.562500 0.466797 0.562500 0.464844 0.560547
0 0.851562 0.560547 0.847656 0.564453 0.847656 0.568359 0.851562 0.572266 0.851562 0.574219 0.853516 0.576172 0.855469 0.576172 0.857422 0.578125 0.861328 0.578125 0.865234 0.574219 0.865234 0.568359 0.857422 0.560547
1 0.439453 0.587891 0.435547 0.583984 0.431641 0.583984 0.427734 0.580078 0.419922 0.576172 0.414062 0.582031 0.414062 0.583984 0.410156 0.587891 0.406250 0.587891 0.402344 0.591797 0.402344 0.593750 0.406250 0.597656 0.408203 0.597656 0.416016 0.587891 0.419922 0.587891 0.421875 0.589844 0.425781 0.589844 0.427734 0.587891 0.433594 0.587891 0.437500 0.589844
0 0.330078 0.580078 0.328125 0.582031 0.330078 0.583984 0.332031 0.583984 0.333984 0.582031 0.332031 0.580078
0 0.390625 0.589844 0.384766 0.589844 0.378906 0.585938 0.375000 0.585938 0.369141 0.591797 0.369141 0.605469 0.361328 0.613281 0.367188 0.619141 0.371094 0.619141 0.380859 0.607422 0.386719 0.607422 0.390625 0.605469 0.394531 0.599609 0.394531 0.593750
0 0.775391 0.585938 0.769531 0.591797 0.771484 0.593750 0.771484 0.597656 0.775391 0.601562 0.783203 0.601562 0.787109 0.595703 0.787109 0.589844 0.781250 0.585938
0 0.962891 0.585938 0.960938 0.587891 0.958984 0.587891 0.955078 0.591797 0.955078 0.593750 0.953125 0.595703 0.953125 0.599609 0.960938 0.607422 0.966797 0.607422 0.972656 0.597656 0.970703 0.595703 0.972656 0.593750 0.972656 0.591797 0.966797 0.585938
0 0.357422 0.593750 0.353516 0.589844 0.351562 0.589844 0.347656 0.593750 0.347656 0.595703 0.349609 0.597656 0.353516 0.597656
0 0.753906 0.591797 0.750000 0.595703 0.750000 0.599609 0.753906 0.603516 0.755859 0.603516 0.759766 0.599609 0.759766 0.595703 0.755859 0.591797
0 0.664062 0.634766 0.667969 0.638672 0.675781 0.638672 0.683594 0.642578 0.701172 0.628906 0.710938 0.636719 0.722656 0.621094 0.703125 0.609375 0.679688 0.605469 0.667969 0.615234 0.667969 0.630859
1 0.525391 0.619141 0.521484 0.615234 0.515625 0.615234 0.509766 0.621094 0.503906 0.623047 0.498047 0.628906 0.498047 0.632812 0.503906 0.636719 0.507812 0.636719 0.515625 0.628906 0.517578 0.628906 0.525391 0.621094
0 0.650391 0.615234 0.644531 0.615234 0.640625 0.619141 0.638672 0.619141 0.634766 0.625000 0.640625 0.630859 0.648438 0.630859 0.652344 0.626953 0.652344 0.625000 0.654297 0.623047 0.654297 0.619141
0 0.388672 0.619141 0.384766 0.619141 0.380859 0.623047 0.380859 0.630859 0.382812 0.632812 0.386719 0.632812 0.390625 0.628906 0.390625 0.626953 0.392578 0.625000 0.392578 0.623047
0 0.470703 0.623047 0.468750 0.625000 0.470703 0.626953 0.472656 0.626953 0.474609 0.625000 0.472656 0.623047
0 0.605469 0.623047 0.603516 0.625000 0.603516 0.628906 0.605469 0.630859 0.609375 0.626953
1 0.406250 0.638672 0.392578 0.644531 0.384766 0.654297 0.384766 0.658203 0.375000 0.667969 0.376953 0.689453 0.380859 0.693359 0.386719 0.693359 0.392578 0.687500 0.390625 0.685547 0.396484 0.666016 0.402344 0.660156 0.406250 0.662109 0.410156 0.658203 0.410156 0.642578
0 0.464844 0.640625 0.462891 0.642578 0.464844 0.644531 0.466797 0.642578
1 0.654297 0.660156 0.638672 0.644531 0.621094 0.654297 0.617188 0.654297 0.609375 0.648438 0.601562 0.648438 0.595703 0.652344 0.593750 0.658203 0.599609 0.671875 0.609375 0.673828 0.617188 0.667969 0.621094 0.667969 0.628906 0.675781 0.646484 0.673828 0.652344 0.667969
0 0.507812 0.650391 0.505859 0.652344 0.507812 0.654297 0.509766 0.652344
0 0.335938 0.656250 0.332031 0.660156 0.335938 0.664062 0.337891 0.662109 0.337891 0.658203
0 0.562500 0.660156 0.560547 0.662109 0.562500 0.664062 0.564453 0.662109
0 0.697266 0.660156 0.691406 0.666016 0.691406 0.667969 0.697266 0.673828 0.701172 0.673828 0.705078 0.669922 0.705078 0.667969 0.707031 0.666016 0.701172 0.660156
0 0.859375 0.660156 0.851562 0.660156 0.845703 0.666016 0.845703 0.671875 0.851562 0.677734 0.855469 0.677734 0.857422 0.675781 0.859375 0.675781 0.863281 0.669922 0.863281 0.664062
0 0.941406 0.662109 0.937500 0.662109 0.935547 0.664062 0.935547 0.666016 0.939453 0.669922 0.943359 0.666016 0.943359 0.664062
0 0.341797 0.666016 0.347656 0.671875 0.349609 0.669922 0.351562 0.669922 0.353516 0.667969 0.349609 0.664062 0.343750 0.664062
0 0.732422 0.666016 0.722656 0.666016 0.716797 0.669922 0.716797 0.675781 0.718750 0.677734 0.718750 0.679688 0.722656 0.683594 0.726562 0.683594 0.728516 0.681641 0.728516 0.679688 0.736328 0.671875 0.736328 0.669922
0 0.478516 0.667969 0.474609 0.671875 0.474609 0.675781 0.480469 0.681641 0.482422 0.681641 0.484375 0.683594 0.490234 0.683594 0.494141 0.679688 0.494141 0.675781 0.486328 0.667969
0 0.535156 0.667969 0.531250 0.671875 0.535156 0.675781 0.537109 0.673828 0.537109 0.669922
0 0.822266 0.673828 0.820312 0.675781 0.822266 0.677734 0.824219 0.675781
0 0.318359 0.677734 0.314453 0.681641 0.318359 0.685547 0.322266 0.681641
0 0.802734 0.675781 0.800781 0.677734 0.800781 0.681641 0.802734 0.683594 0.804688 0.683594 0.806641 0.681641 0.806641 0.679688
0 0.683594 0.679688 0.679688 0.683594 0.679688 0.689453 0.683594 0.693359 0.689453 0.693359 0.691406 0.691406 0.691406 0.683594 0.687500 0.679688
0 0.417969 0.691406 0.416016 0.693359 0.416016 0.703125 0.419922 0.707031 0.421875 0.707031 0.425781 0.703125 0.425781 0.701172 0.423828 0.699219 0.423828 0.697266
0 0.460938 0.697266 0.455078 0.703125 0.455078 0.708984 0.458984 0.714844 0.458984 0.724609 0.464844 0.732422 0.474609 0.732422 0.484375 0.724609 0.476562 0.708984 0.468750 0.701172 0.464844 0.701172
1 0.734375 0.695312 0.730469 0.699219 0.730469 0.707031 0.738281 0.714844 0.740234 0.720703 0.742188 0.722656 0.746094 0.722656 0.750000 0.718750 0.742188 0.710938 0.742188 0.703125 0.740234 0.701172 0.740234 0.699219 0.736328 0.695312
0 0.578125 0.708984 0.576172 0.707031 0.574219 0.707031 0.570312 0.710938 0.572266 0.712891 0.574219 0.712891
0 0.324219 0.726562 0.318359 0.720703 0.318359 0.716797 0.316406 0.714844 0.308594 0.712891 0.296875 0.722656 0.294922 0.720703 0.291016 0.722656 0.287109 0.726562 0.287109 0.732422 0.291016 0.734375 0.298828 0.726562 0.300781 0.726562 0.308594 0.734375 0.312500 0.734375 0.314453 0.732422 0.320312 0.732422 0.324219 0.728516
0 0.562500 0.710938 0.558594 0.710938 0.554688 0.714844 0.560547 0.720703 0.562500 0.718750 0.564453 0.718750 0.566406 0.716797 0.566406 0.714844
0 0.673828 0.716797 0.677734 0.720703 0.681641 0.720703 0.683594 0.718750 0.685547 0.718750 0.687500 0.716797 0.689453 0.716797 0.693359 0.712891 0.691406 0.710938 0.687500 0.710938 0.685547 0.712891 0.683594 0.712891 0.681641 0.710938 0.679688 0.710938
1 0.712891 0.716797 0.710938 0.716797 0.708984 0.718750 0.708984 0.720703 0.705078 0.724609 0.701172 0.724609 0.695312 0.728516 0.695312 0.734375 0.699219 0.738281 0.705078 0.738281 0.708984 0.734375 0.708984 0.726562 0.714844 0.720703 0.714844 0.718750
0 0.910156 0.716797 0.908203 0.718750 0.908203 0.720703 0.910156 0.722656 0.912109 0.720703 0.912109 0.718750
0 0.541016 0.720703 0.537109 0.724609 0.541016 0.728516 0.544922 0.724609
0 0.505859 0.722656 0.503906 0.724609 0.503906 0.728516 0.507812 0.732422 0.511719 0.728516 0.511719 0.726562 0.509766 0.724609 0.507812 0.724609
1 0.769531 0.728516 0.765625 0.732422 0.769531 0.736328 0.769531 0.744141 0.773438 0.748047 0.777344 0.748047 0.779297 0.746094 0.779297 0.744141 0.771484 0.736328 0.771484 0.734375 0.775391 0.730469 0.773438 0.728516
0 0.759766 0.736328 0.755859 0.736328 0.753906 0.738281 0.757812 0.742188 0.761719 0.738281
1 0.800781 0.750000 0.796875 0.751953 0.792969 0.757812 0.792969 0.763672 0.789062 0.769531 0.789062 0.777344 0.794922 0.791016 0.798828 0.794922 0.804688 0.792969 0.814453 0.794922 0.816406 0.792969 0.812500 0.787109 0.810547 0.775391 0.808594 0.773438 0.800781 0.773438 0.796875 0.769531 0.796875 0.763672 0.804688 0.753906
0 0.544922 0.771484 0.537109 0.765625 0.527344 0.773438 0.521484 0.773438 0.505859 0.755859 0.498047 0.763672 0.496094 0.773438 0.482422 0.785156 0.482422 0.796875 0.488281 0.804688 0.498047 0.806641 0.515625 0.791016 0.521484 0.791016 0.529297 0.785156 0.539062 0.789062 0.546875 0.779297
0 0.765625 0.755859 0.763672 0.757812 0.759766 0.757812 0.755859 0.761719 0.755859 0.779297 0.757812 0.781250 0.759766 0.781250 0.763672 0.777344 0.763672 0.775391 0.767578 0.771484 0.767578 0.769531 0.769531 0.767578 0.769531 0.759766
0 0.576172 0.757812 0.568359 0.757812 0.562500 0.763672 0.562500 0.769531 0.564453 0.771484 0.564453 0.775391 0.570312 0.779297 0.576172 0.775391 0.576172 0.773438 0.580078 0.769531 0.580078 0.767578 0.582031 0.765625 0.582031 0.763672
0 0.810547 0.757812 0.808594 0.759766 0.808594 0.761719 0.810547 0.763672 0.812500 0.761719 0.812500 0.759766
0 0.718750 0.763672 0.714844 0.767578 0.714844 0.771484 0.716797 0.773438 0.720703 0.773438 0.722656 0.771484 0.722656 0.767578
0 0.619141 0.781250 0.619141 0.783203 0.625000 0.789062 0.626953 0.789062 0.628906 0.791016 0.636719 0.791016 0.640625 0.787109 0.640625 0.781250 0.634766 0.775391 0.630859 0.775391 0.628906 0.777344 0.623047 0.777344
0 0.701172 0.777344 0.699219 0.779297 0.699219 0.787109 0.697266 0.789062 0.697266 0.794922 0.701172 0.798828 0.707031 0.798828 0.710938 0.794922 0.710938 0.783203 0.707031 0.779297 0.705078 0.779297 0.703125 0.777344
0 0.994141 0.777344 0.992188 0.779297 0.992188 0.781250 0.996094 0.785156 0.998047 0.785156 0.998047 0.777344
0 0.775391 0.787109 0.773438 0.789062 0.775391 0.791016 0.777344 0.789062
0 0.544922 0.792969 0.542969 0.792969 0.539062 0.796875 0.539062 0.798828 0.541016 0.800781 0.542969 0.800781 0.546875 0.796875 0.546875 0.794922
0 0.955078 0.804688 0.955078 0.808594 0.960938 0.814453 0.962891 0.812500 0.966797 0.812500 0.974609 0.822266 0.982422 0.822266 0.986328 0.820312 0.992188 0.812500 0.990234 0.810547 0.992188 0.808594 0.990234 0.804688 0.984375 0.800781 0.976562 0.802734 0.970703 0.808594 0.960938 0.800781
1 0.582031 0.806641 0.576172 0.812500 0.593750 0.830078 0.591797 0.837891 0.595703 0.839844 0.599609 0.835938 0.593750 0.830078 0.599609 0.822266 0.597656 0.816406 0.587891 0.806641
0 0.814453 0.808594 0.812500 0.810547 0.814453 0.824219 0.810547 0.828125 0.796875 0.824219 0.785156 0.830078 0.785156 0.837891 0.789062 0.841797 0.796875 0.843750 0.798828 0.841797 0.818359 0.853516 0.824219 0.853516 0.828125 0.847656 0.824219 0.841797 0.828125 0.828125 0.822266 0.822266 0.824219 0.812500 0.820312 0.808594
0 0.689453 0.814453 0.687500 0.816406 0.687500 0.818359 0.689453 0.820312 0.689453 0.822266 0.691406 0.824219 0.697266 0.824219 0.699219 0.822266 0.699219 0.818359 0.695312 0.814453
1 0.431641 0.833984 0.433594 0.837891 0.462891 0.857422 0.470703 0.890625 0.480469 0.898438 0.494141 0.896484 0.501953 0.882812 0.501953 0.863281 0.496094 0.851562 0.482422 0.841797 0.470703 0.841797 0.462891 0.832031 0.451172 0.833984 0.439453 0.828125
0 0.544922 0.832031 0.541016 0.835938 0.541016 0.839844 0.544922 0.843750 0.546875 0.843750 0.550781 0.839844 0.550781 0.835938 0.546875 0.832031
0 0.644531 0.841797 0.642578 0.843750 0.644531 0.845703 0.646484 0.843750
1 0.765625 0.847656 0.757812 0.859375 0.751953 0.859375 0.748047 0.863281 0.751953 0.869141 0.761719 0.867188 0.767578 0.875000 0.771484 0.888672 0.781250 0.894531 0.785156 0.890625 0.785156 0.886719 0.777344 0.875000 0.779297 0.861328
1 0.873047 0.855469 0.873047 0.861328 0.878906 0.873047 0.886719 0.880859 0.902344 0.880859 0.910156 0.873047 0.917969 0.878906 0.923828 0.878906 0.935547 0.867188 0.935547 0.857422 0.929688 0.851562 0.914062 0.859375 0.904297 0.853516 0.892578 0.855469 0.876953 0.847656
0 0.533203 0.855469 0.531250 0.857422 0.533203 0.859375 0.535156 0.857422
0 0.357422 0.859375 0.355469 0.861328 0.355469 0.863281 0.357422 0.865234 0.359375 0.863281 0.359375 0.861328
0 0.582031 0.859375 0.572266 0.869141 0.572266 0.871094 0.570312 0.873047 0.570312 0.875000 0.572266 0.876953 0.572266 0.878906 0.578125 0.882812 0.582031 0.878906 0.582031 0.876953 0.585938 0.871094 0.585938 0.863281
0 0.730469 0.871094 0.728516 0.873047 0.728516 0.876953 0.730469 0.878906 0.732422 0.878906 0.736328 0.875000 0.732422 0.871094
0 0.843750 0.871094 0.841797 0.873047 0.841797 0.875000 0.843750 0.876953 0.845703 0.875000 0.845703 0.873047
0 0.816406 0.876953 0.812500 0.876953 0.808594 0.880859 0.808594 0.886719 0.812500 0.890625 0.814453 0.890625 0.818359 0.886719 0.818359 0.878906
0 0.917969 0.898438 0.912109 0.904297 0.912109 0.910156 0.914062 0.912109 0.914062 0.923828 0.916016 0.927734 0.921875 0.933594 0.925781 0.933594 0.927734 0.931641 0.935547 0.931641 0.941406 0.923828 0.941406 0.916016 0.939453 0.912109 0.925781 0.900391
0 0.826172 0.906250 0.824219 0.906250 0.818359 0.912109 0.822266 0.916016 0.826172 0.916016 0.830078 0.912109 0.830078 0.910156
0 0.802734 0.919922 0.800781 0.921875 0.800781 0.923828 0.798828 0.925781 0.800781 0.927734 0.800781 0.929688 0.802734 0.931641 0.808594 0.931641 0.810547 0.929688 0.810547 0.925781 0.804688 0.919922
0 0.888672 0.919922 0.884766 0.923828 0.884766 0.929688 0.888672 0.933594 0.892578 0.933594 0.896484 0.929688 0.896484 0.925781 0.894531 0.923828 0.894531 0.921875 0.892578 0.919922
0 0.968750 0.917969 0.966797 0.919922 0.966797 0.921875 0.968750 0.923828 0.970703 0.921875 0.970703 0.919922
0 0.484375 0.927734 0.482422 0.929688 0.482422 0.933594 0.484375 0.935547 0.488281 0.931641
0 0.734375 0.929688 0.730469 0.933594 0.730469 0.937500 0.732422 0.939453 0.734375 0.939453 0.736328 0.937500 0.736328 0.931641
1 0.791016 0.929688 0.779297 0.931641 0.765625 0.945312 0.767578 0.957031 0.783203 0.968750 0.781250 0.970703 0.781250 0.986328 0.783203 0.988281 0.787109 0.988281 0.794922 0.978516 0.794922 0.966797 0.791016 0.962891 0.785156 0.964844 0.781250 0.960938 0.781250 0.949219 0.792969 0.935547
0 0.986328 0.945312 0.990234 0.949219 0.998047 0.949219 0.998047 0.943359 0.996094 0.941406 0.990234 0.941406
0 0.492188 0.951172 0.488281 0.947266 0.484375 0.951172 0.486328 0.953125 0.490234 0.953125
0 0.751953 0.951172 0.746094 0.951172 0.742188 0.955078 0.746094 0.958984 0.748047 0.958984 0.753906 0.953125
0 0.613281 0.953125 0.611328 0.953125 0.605469 0.958984 0.605469 0.962891 0.607422 0.964844 0.609375 0.964844 0.611328 0.966797 0.617188 0.960938 0.617188 0.957031
0 0.835938 0.955078 0.832031 0.958984 0.832031 0.962891 0.835938 0.966797 0.839844 0.966797 0.843750 0.962891 0.843750 0.958984 0.839844 0.955078
1 0.873047 0.955078 0.871094 0.955078 0.867188 0.958984 0.867188 0.962891 0.869141 0.964844 0.869141 0.966797 0.863281 0.972656 0.863281 0.974609 0.865234 0.976562 0.869141 0.976562 0.871094 0.974609 0.871094 0.972656 0.869141 0.970703 0.869141 0.968750 0.875000 0.962891 0.875000 0.957031
0 0.906250 0.955078 0.900391 0.960938 0.900391 0.962891 0.902344 0.964844 0.902344 0.968750 0.910156 0.976562 0.912109 0.976562 0.917969 0.970703 0.917969 0.966797 0.916016 0.964844 0.916016 0.960938 0.912109 0.957031 0.910156 0.957031 0.908203 0.955078
0 0.814453 0.962891 0.812500 0.964844 0.814453 0.966797 0.816406 0.964844
0 0.933594 0.966797 0.929688 0.970703 0.931641 0.972656 0.933594 0.972656 0.935547 0.970703 0.935547 0.968750
0 0.880859 0.972656 0.873047 0.980469 0.878906 0.986328 0.880859 0.986328 0.882812 0.984375 0.884766 0.984375 0.886719 0.982422 0.886719 0.978516
0 0.740234 0.982422 0.738281 0.984375 0.738281 0.988281 0.740234 0.990234 0.742188 0.988281 0.742188 0.984375
0 0.767578 0.996094 0.767578 0.998047 0.777344 0.998047 0.773438 0.994141 0.769531 0.994141
