0 0.115234 0.005859 0.113281 0.005859 0.109375 0.009766 0.109375 0.013672 0.113281 0.017578 0.119141 0.011719 0.119141 0.009766
0 0.066406 0.019531 0.062500 0.023438 0.066406 0.027344 0.068359 0.027344 0.070312 0.025391 0.070312 0.023438
1 0.011719 0.109375 0.000000 0.166016 0.054688 0.128906 0.082031 0.152344 0.064453 0.197266 0.000000 0.212891 0.009766 0.591797 0.054688 0.558594 0.101562 0.673828 0.193359 0.658203 0.199219 0.810547 0.324219 0.828125 0.337891 0.943359 0.421875 0.951172 0.419922 0.998047 0.572266 0.972656 0.714844 0.998047 0.710938 0.960938 0.626953 0.943359 0.625000 0.892578 0.613281 0.964844 0.558594 0.916016 0.570312 0.867188 0.507812 0.792969 0.552734 0.767578 0.466797 0.736328 0.410156 0.796875 0.468750 0.707031 0.435547 0.527344 0.396484 0.546875 0.404297 0.605469 0.296875 0.554688 0.373047 0.542969 0.369141 0.503906 0.291016 0.531250 0.269531 0.494141 0.306641 0.478516 0.205078 0.498047 0.169922 0.423828 0.230469 0.435547 0.300781 0.375000 0.162109 0.404297 0.046875 0.371094 0.130859 0.199219 0.087891 0.130859
0 0.437500 0.117188 0.435547 0.119141 0.437500 0.121094 0.439453 0.119141
0 0.371094 0.148438 0.367188 0.144531 0.365234 0.144531 0.361328 0.148438 0.361328 0.150391 0.363281 0.152344 0.367188 0.152344
0 0.443359 0.146484 0.437500 0.152344 0.443359 0.158203 0.449219 0.152344
0 0.341797 0.154297 0.339844 0.156250 0.339844 0.162109 0.343750 0.166016 0.351562 0.166016 0.357422 0.160156 0.355469 0.158203 0.355469 0.156250 0.351562 0.152344 0.345703 0.152344 0.343750 0.154297
0 0.414062 0.156250 0.410156 0.160156 0.410156 0.164062 0.414062 0.167969 0.419922 0.167969 0.421875 0.166016 0.421875 0.164062 0.423828 0.162109 0.423828 0.160156 0.419922 0.156250
0 0.421875 0.175781 0.419922 0.177734 0.419922 0.179688 0.421875 0.181641 0.421875 0.183594 0.423828 0.185547 0.425781 0.185547 0.427734 0.187500 0.429688 0.185547 0.429688 0.183594 0.431641 0.181641 0.429688 0.179688 0.429688 0.177734 0.427734 0.175781
0 0.343750 0.179688 0.341797 0.181641 0.341797 0.187500 0.347656 0.193359 0.349609 0.193359 0.355469 0.187500 0.355469 0.185547 0.349609 0.179688
0 0.000000 0.201172 0.003906 0.201172 0.007812 0.197266 0.009766 0.199219 0.013672 0.195312 0.011719 0.193359 0.003906 0.193359 0.001953 0.191406 0.000000 0.191406
0 0.306641 0.199219 0.306641 0.201172 0.310547 0.205078 0.314453 0.205078 0.316406 0.203125 0.322266 0.203125 0.324219 0.201172 0.324219 0.199219 0.318359 0.193359 0.312500 0.193359
1 0.431641 0.193359 0.425781 0.199219 0.425781 0.205078 0.421875 0.208984 0.433594 0.220703 0.431641 0.226562 0.443359 0.242188 0.447266 0.242188 0.451172 0.238281 0.443359 0.228516 0.445312 0.222656 0.439453 0.214844 0.445312 0.207031 0.445312 0.201172 0.441406 0.195312
0 0.285156 0.197266 0.281250 0.197266 0.273438 0.205078 0.273438 0.208984 0.271484 0.210938 0.271484 0.216797 0.273438 0.218750 0.273438 0.222656 0.281250 0.228516 0.283203 0.228516 0.291016 0.220703 0.292969 0.216797 0.292969 0.210938 0.294922 0.208984 0.292969 0.207031 0.292969 0.203125
0 0.236328 0.199219 0.226562 0.199219 0.218750 0.207031 0.216797 0.210938 0.216797 0.216797 0.214844 0.218750 0.216797 0.222656 0.226562 0.230469 0.234375 0.228516 0.238281 0.224609 0.242188 0.216797 0.242188 0.208984 0.240234 0.207031 0.240234 0.203125
0 0.455078 0.199219 0.453125 0.201172 0.453125 0.207031 0.455078 0.208984 0.458984 0.208984 0.462891 0.205078 0.462891 0.203125 0.458984 0.199219
0 0.406250 0.210938 0.402344 0.214844 0.406250 0.218750 0.408203 0.218750 0.410156 0.216797 0.410156 0.212891 0.408203 0.210938
0 0.541016 0.230469 0.539062 0.232422 0.539062 0.234375 0.537109 0.236328 0.541016 0.240234 0.542969 0.240234 0.546875 0.236328 0.546875 0.234375 0.542969 0.230469
0 0.423828 0.238281 0.421875 0.238281 0.419922 0.240234 0.419922 0.242188 0.421875 0.244141 0.425781 0.240234
0 0.083984 0.253906 0.082031 0.255859 0.082031 0.257812 0.083984 0.259766 0.085938 0.257812 0.085938 0.255859
0 0.394531 0.253906 0.390625 0.257812 0.390625 0.259766 0.388672 0.261719 0.396484 0.269531 0.400391 0.269531 0.406250 0.263672 0.406250 0.261719 0.398438 0.253906
0 0.458984 0.261719 0.455078 0.265625 0.457031 0.267578 0.457031 0.269531 0.464844 0.277344 0.466797 0.277344 0.468750 0.275391 0.468750 0.273438 0.466797 0.271484 0.466797 0.265625 0.462891 0.261719
0 0.492188 0.273438 0.488281 0.277344 0.492188 0.281250 0.494141 0.281250 0.496094 0.279297 0.496094 0.277344
0 0.382812 0.285156 0.378906 0.289062 0.382812 0.292969 0.386719 0.289062
0 0.283203 0.312500 0.279297 0.316406 0.279297 0.318359 0.283203 0.322266 0.285156 0.322266 0.289062 0.318359 0.289062 0.316406 0.285156 0.312500
0 0.308594 0.316406 0.312500 0.320312 0.318359 0.320312 0.322266 0.316406 0.318359 0.312500 0.312500 0.312500
0 0.623047 0.314453 0.621094 0.316406 0.621094 0.318359 0.623047 0.320312 0.625000 0.320312 0.626953 0.318359
0 0.169922 0.316406 0.167969 0.318359 0.167969 0.320312 0.166016 0.322266 0.166016 0.324219 0.167969 0.326172 0.173828 0.326172 0.177734 0.322266 0.177734 0.318359 0.175781 0.316406
0 0.328125 0.328125 0.324219 0.332031 0.326172 0.333984 0.326172 0.335938 0.330078 0.339844 0.332031 0.339844 0.339844 0.349609 0.343750 0.349609 0.347656 0.345703 0.347656 0.337891 0.339844 0.330078 0.335938 0.330078 0.333984 0.328125
0 0.402344 0.373047 0.396484 0.378906 0.400391 0.382812 0.402344 0.382812 0.406250 0.378906 0.406250 0.376953
0 0.773438 0.412109 0.769531 0.416016 0.769531 0.417969 0.773438 0.421875 0.775391 0.421875 0.777344 0.419922 0.777344 0.416016
0 0.275391 0.433594 0.265625 0.437500 0.253906 0.431641 0.248047 0.437500 0.259766 0.447266 0.253906 0.451172 0.246094 0.460938 0.253906 0.464844 0.275391 0.447266 0.273438 0.445312 0.273438 0.441406 0.277344 0.437500
0 0.521484 0.431641 0.517578 0.435547 0.523438 0.441406 0.525391 0.441406 0.529297 0.437500 0.529297 0.435547 0.525391 0.431641
0 0.201172 0.437500 0.199219 0.439453 0.199219 0.441406 0.201172 0.443359 0.203125 0.441406 0.203125 0.439453
0 0.339844 0.451172 0.335938 0.455078 0.339844 0.458984 0.343750 0.458984 0.345703 0.457031 0.345703 0.455078 0.341797 0.451172
0 0.291016 0.457031 0.296875 0.462891 0.298828 0.462891 0.300781 0.460938 0.302734 0.460938 0.304688 0.458984 0.304688 0.457031 0.300781 0.453125 0.294922 0.453125
0 0.384766 0.458984 0.380859 0.462891 0.380859 0.466797 0.382812 0.468750 0.382812 0.470703 0.386719 0.474609 0.390625 0.474609 0.394531 0.470703 0.394531 0.464844 0.388672 0.458984
0 0.509766 0.470703 0.505859 0.474609 0.509766 0.478516 0.513672 0.474609
1 0.710938 0.468750 0.708984 0.470703 0.708984 0.480469 0.716797 0.488281 0.712891 0.494141 0.712891 0.501953 0.718750 0.509766 0.720703 0.507812 0.724609 0.507812 0.730469 0.501953 0.732422 0.496094 0.726562 0.490234 0.720703 0.480469 0.722656 0.478516 0.722656 0.474609 0.716797 0.468750
0 0.351562 0.474609 0.349609 0.476562 0.349609 0.484375 0.351562 0.486328 0.357422 0.486328 0.361328 0.482422 0.361328 0.478516 0.357422 0.474609
0 0.326172 0.486328 0.324219 0.488281 0.324219 0.490234 0.328125 0.494141 0.330078 0.492188 0.330078 0.488281 0.328125 0.486328
0 0.404297 0.486328 0.400391 0.490234 0.404297 0.494141 0.408203 0.490234
0 0.576172 0.484375 0.574219 0.486328 0.572266 0.486328 0.568359 0.490234 0.568359 0.496094 0.574219 0.501953 0.576172 0.501953 0.578125 0.500000 0.580078 0.500000 0.582031 0.498047 0.582031 0.490234
0 0.763672 0.488281 0.761719 0.490234 0.759766 0.490234 0.755859 0.494141 0.755859 0.498047 0.757812 0.500000 0.759766 0.500000 0.765625 0.505859 0.767578 0.505859 0.771484 0.501953 0.773438 0.501953 0.775391 0.500000 0.775391 0.496094 0.773438 0.494141 0.773438 0.492188 0.769531 0.488281
0 0.644531 0.494141 0.638672 0.500000 0.638672 0.505859 0.642578 0.509766 0.644531 0.509766 0.646484 0.511719 0.652344 0.511719 0.656250 0.507812 0.656250 0.503906 0.654297 0.501953 0.654297 0.500000 0.650391 0.496094 0.648438 0.496094 0.646484 0.494141
0 0.490234 0.507812 0.488281 0.519531 0.492188 0.527344 0.503906 0.535156 0.517578 0.531250 0.521484 0.535156 0.519531 0.546875 0.523438 0.550781 0.531250 0.550781 0.541016 0.542969 0.537109 0.533203 0.542969 0.525391 0.542969 0.519531 0.539062 0.515625 0.525391 0.519531 0.511719 0.505859 0.494141 0.503906
0 0.978516 0.509766 0.974609 0.505859 0.972656 0.507812 0.970703 0.507812 0.968750 0.509766 0.968750 0.511719 0.970703 0.513672 0.976562 0.513672 0.978516 0.511719
0 0.869141 0.509766 0.867188 0.511719 0.867188 0.515625 0.871094 0.519531 0.876953 0.519531 0.878906 0.517578 0.878906 0.515625 0.880859 0.513672 0.880859 0.511719 0.878906 0.509766 0.876953 0.509766 0.875000 0.507812 0.873047 0.507812 0.871094 0.509766
0 0.349609 0.513672 0.345703 0.517578 0.351562 0.523438 0.355469 0.519531 0.355469 0.517578 0.351562 0.513672
0 0.474609 0.511719 0.470703 0.515625 0.472656 0.517578 0.476562 0.513672
0 0.083984 0.521484 0.078125 0.527344 0.082031 0.531250 0.087891 0.525391
0 0.185547 0.529297 0.183594 0.531250 0.183594 0.533203 0.181641 0.535156 0.185547 0.539062 0.187500 0.539062 0.191406 0.535156 0.191406 0.533203 0.187500 0.529297
0 0.488281 0.531250 0.474609 0.533203 0.466797 0.529297 0.453125 0.535156 0.447266 0.542969 0.447266 0.552734 0.451172 0.560547 0.458984 0.564453 0.464844 0.564453 0.472656 0.560547 0.476562 0.552734 0.490234 0.541016 0.490234 0.533203
0 0.556641 0.531250 0.552734 0.531250 0.550781 0.533203 0.550781 0.535156 0.552734 0.537109 0.554688 0.537109 0.558594 0.533203
0 0.380859 0.548828 0.378906 0.550781 0.380859 0.552734 0.382812 0.550781
0 0.576172 0.548828 0.572266 0.552734 0.572266 0.556641 0.574219 0.558594 0.574219 0.560547 0.578125 0.564453 0.580078 0.564453 0.582031 0.562500 0.582031 0.560547 0.583984 0.558594 0.583984 0.556641 0.582031 0.554688 0.582031 0.552734 0.580078 0.550781 0.578125 0.550781
0 0.890625 0.552734 0.888672 0.554688 0.888672 0.558594 0.886719 0.560547 0.886719 0.562500 0.890625 0.566406 0.900391 0.566406 0.904297 0.562500 0.904297 0.558594 0.900391 0.554688 0.898438 0.554688 0.896484 0.552734
0 0.916016 0.550781 0.912109 0.554688 0.912109 0.556641 0.916016 0.560547 0.919922 0.556641 0.919922 0.554688
0 0.605469 0.580078 0.601562 0.583984 0.601562 0.585938 0.603516 0.587891 0.605469 0.587891 0.609375 0.583984
0 0.517578 0.595703 0.513672 0.599609 0.513672 0.603516 0.515625 0.605469 0.521484 0.605469 0.525391 0.601562 0.525391 0.599609 0.523438 0.597656 0.521484 0.597656 0.519531 0.595703
0 0.570312 0.605469 0.570312 0.599609 0.564453 0.593750 0.562500 0.595703 0.558594 0.595703 0.556641 0.597656 0.552734 0.597656 0.548828 0.601562 0.552734 0.605469 0.556641 0.605469 0.558594 0.607422 0.564453 0.607422 0.566406 0.609375
0 0.173828 0.597656 0.171875 0.599609 0.173828 0.601562 0.175781 0.601562 0.177734 0.599609 0.175781 0.597656
0 0.732422 0.601562 0.730469 0.603516 0.732422 0.605469 0.734375 0.603516
0 0.916016 0.603516 0.912109 0.607422 0.912109 0.613281 0.914062 0.615234 0.916016 0.615234 0.917969 0.613281 0.919922 0.613281 0.921875 0.611328 0.921875 0.609375
0 0.822266 0.605469 0.820312 0.607422 0.820312 0.609375 0.822266 0.611328 0.824219 0.611328 0.826172 0.609375 0.826172 0.607422 0.824219 0.605469
0 0.654297 0.626953 0.648438 0.632812 0.648438 0.638672 0.654297 0.644531 0.658203 0.644531 0.664062 0.638672 0.662109 0.636719 0.662109 0.634766 0.660156 0.632812 0.660156 0.630859 0.658203 0.628906 0.656250 0.628906
0 0.921875 0.628906 0.919922 0.630859 0.921875 0.632812 0.923828 0.632812 0.925781 0.630859 0.923828 0.628906
0 0.544922 0.640625 0.541016 0.644531 0.541016 0.646484 0.544922 0.650391 0.546875 0.650391 0.550781 0.646484 0.548828 0.644531 0.548828 0.642578 0.546875 0.640625
0 0.824219 0.644531 0.816406 0.652344 0.816406 0.666016 0.824219 0.675781 0.830078 0.677734 0.839844 0.667969 0.841797 0.664062 0.841797 0.652344 0.833984 0.644531
0 0.916016 0.644531 0.912109 0.644531 0.908203 0.648438 0.908203 0.654297 0.914062 0.660156 0.917969 0.656250 0.919922 0.656250 0.921875 0.654297 0.921875 0.648438 0.919922 0.646484 0.917969 0.646484
0 0.613281 0.652344 0.611328 0.654297 0.613281 0.656250 0.615234 0.654297
0 0.779297 0.660156 0.777344 0.660156 0.773438 0.664062 0.773438 0.667969 0.775391 0.669922 0.779297 0.669922 0.783203 0.666016 0.783203 0.664062
0 0.925781 0.669922 0.923828 0.671875 0.923828 0.673828 0.919922 0.677734 0.919922 0.679688 0.921875 0.681641 0.921875 0.685547 0.925781 0.689453 0.929688 0.689453 0.931641 0.691406 0.933594 0.691406 0.939453 0.685547 0.939453 0.679688 0.935547 0.673828 0.933594 0.673828 0.929688 0.669922
0 0.367188 0.675781 0.365234 0.677734 0.371094 0.683594 0.373047 0.681641 0.373047 0.677734 0.371094 0.675781
0 0.886719 0.675781 0.880859 0.681641 0.880859 0.685547 0.882812 0.687500 0.882812 0.691406 0.886719 0.695312 0.888672 0.695312 0.890625 0.697266 0.896484 0.697266 0.900391 0.693359 0.900391 0.691406 0.904297 0.687500 0.904297 0.685547 0.906250 0.683594 0.900391 0.677734 0.896484 0.677734 0.894531 0.675781
0 0.798828 0.699219 0.796875 0.701172 0.798828 0.703125 0.800781 0.701172
0 0.884766 0.708984 0.878906 0.705078 0.867188 0.716797 0.857422 0.714844 0.845703 0.724609 0.835938 0.708984 0.822266 0.710938 0.818359 0.730469 0.826172 0.732422 0.839844 0.726562 0.849609 0.753906 0.865234 0.761719 0.884766 0.744141
0 0.906250 0.705078 0.902344 0.708984 0.902344 0.710938 0.900391 0.712891 0.906250 0.718750 0.910156 0.718750 0.916016 0.712891 0.916016 0.710938 0.910156 0.705078
0 0.582031 0.710938 0.580078 0.712891 0.580078 0.714844 0.582031 0.716797 0.583984 0.714844 0.583984 0.712891
0 0.558594 0.718750 0.556641 0.720703 0.560547 0.724609 0.562500 0.722656 0.562500 0.720703 0.560547 0.718750
0 0.753906 0.720703 0.751953 0.720703 0.746094 0.726562 0.746094 0.728516 0.748047 0.730469 0.748047 0.732422 0.751953 0.736328 0.757812 0.730469 0.757812 0.726562 0.755859 0.724609 0.755859 0.722656
0 0.783203 0.730469 0.777344 0.736328 0.777344 0.738281 0.781250 0.742188 0.783203 0.742188 0.787109 0.738281 0.787109 0.734375
1 0.636719 0.744141 0.638672 0.748047 0.646484 0.748047 0.650391 0.744141 0.656250 0.750000 0.656250 0.759766 0.669922 0.777344 0.683594 0.765625 0.681641 0.757812 0.671875 0.753906 0.662109 0.740234 0.656250 0.742188 0.650391 0.736328 0.642578 0.736328
0 0.824219 0.740234 0.820312 0.744141 0.824219 0.748047 0.826172 0.748047 0.828125 0.746094 0.828125 0.742188 0.826172 0.740234
0 0.753906 0.744141 0.744141 0.744141 0.732422 0.755859 0.730469 0.759766 0.730469 0.767578 0.736328 0.773438 0.742188 0.773438 0.746094 0.775391 0.748047 0.773438 0.755859 0.771484 0.759766 0.767578 0.761719 0.759766
0 0.779297 0.755859 0.777344 0.757812 0.777344 0.759766 0.779297 0.761719 0.781250 0.759766 0.781250 0.757812
0 0.632812 0.777344 0.626953 0.783203 0.626953 0.785156 0.630859 0.789062 0.632812 0.789062 0.634766 0.791016 0.636719 0.791016 0.642578 0.785156 0.642578 0.783203 0.638672 0.779297 0.636719 0.779297 0.634766 0.777344
0 0.806641 0.779297 0.804688 0.781250 0.806641 0.783203 0.808594 0.783203 0.810547 0.781250 0.808594 0.779297
0 0.748047 0.783203 0.744141 0.787109 0.742188 0.787109 0.738281 0.792969 0.738281 0.808594 0.744141 0.818359 0.753906 0.818359 0.759766 0.812500 0.759766 0.798828 0.761719 0.796875 0.761719 0.792969 0.751953 0.783203
1 0.587891 0.794922 0.582031 0.800781 0.582031 0.808594 0.560547 0.828125 0.566406 0.835938 0.572266 0.835938 0.582031 0.826172 0.593750 0.820312 0.595703 0.816406 0.595703 0.800781
0 0.699219 0.792969 0.693359 0.798828 0.693359 0.804688 0.697266 0.808594 0.699219 0.808594 0.701172 0.810547 0.703125 0.808594 0.705078 0.808594 0.708984 0.804688 0.708984 0.800781 0.707031 0.798828 0.707031 0.796875 0.705078 0.794922 0.703125 0.794922 0.701172 0.792969
0 0.675781 0.796875 0.671875 0.800781 0.671875 0.806641 0.677734 0.812500 0.679688 0.812500 0.685547 0.806641 0.685547 0.802734 0.679688 0.796875
1 0.638672 0.802734 0.636719 0.802734 0.632812 0.806641 0.632812 0.808594 0.626953 0.814453 0.626953 0.818359 0.630859 0.822266 0.634766 0.818359 0.634766 0.816406 0.640625 0.810547 0.640625 0.804688
0 0.400391 0.822266 0.396484 0.826172 0.396484 0.830078 0.402344 0.835938 0.404297 0.835938 0.410156 0.830078 0.410156 0.828125 0.404297 0.822266
1 0.619141 0.822266 0.615234 0.826172 0.615234 0.830078 0.617188 0.832031 0.617188 0.833984 0.619141 0.835938 0.619141 0.837891 0.621094 0.839844 0.621094 0.841797 0.623047 0.843750 0.625000 0.843750 0.626953 0.841797 0.626953 0.835938 0.625000 0.833984 0.625000 0.824219 0.623047 0.822266
0 0.710938 0.822266 0.708984 0.822266 0.699219 0.828125 0.699219 0.830078 0.695312 0.833984 0.695312 0.835938 0.691406 0.841797 0.695312 0.845703 0.697266 0.845703 0.699219 0.847656 0.703125 0.847656 0.705078 0.845703 0.707031 0.845703 0.714844 0.837891 0.714844 0.835938 0.716797 0.833984 0.716797 0.828125
0 0.763672 0.820312 0.759766 0.824219 0.763672 0.828125 0.765625 0.828125 0.769531 0.824219 0.765625 0.820312
0 0.837891 0.820312 0.832031 0.826172 0.832031 0.830078 0.837891 0.835938 0.841797 0.835938 0.847656 0.830078 0.847656 0.828125 0.849609 0.826172 0.843750 0.820312
0 0.804688 0.826172 0.800781 0.826172 0.798828 0.828125 0.798828 0.830078 0.802734 0.833984 0.806641 0.830078 0.806641 0.828125
0 0.677734 0.841797 0.671875 0.841797 0.669922 0.843750 0.669922 0.845703 0.667969 0.847656 0.667969 0.849609 0.673828 0.855469 0.679688 0.849609 0.679688 0.843750
0 0.779297 0.853516 0.775391 0.853516 0.773438 0.855469 0.771484 0.855469 0.767578 0.859375 0.769531 0.861328 0.769531 0.863281 0.775391 0.869141 0.777344 0.869141 0.783203 0.863281 0.783203 0.857422
0 0.480469 0.861328 0.474609 0.867188 0.474609 0.875000 0.478516 0.878906 0.484375 0.878906 0.490234 0.873047 0.490234 0.865234 0.486328 0.861328
0 0.589844 0.865234 0.583984 0.869141 0.583984 0.871094 0.582031 0.873047 0.582031 0.876953 0.587891 0.882812 0.593750 0.882812 0.599609 0.878906 0.599609 0.876953 0.601562 0.875000 0.601562 0.871094 0.595703 0.865234
0 0.794922 0.869141 0.792969 0.871094 0.792969 0.873047 0.791016 0.875000 0.796875 0.880859 0.798828 0.880859 0.804688 0.875000 0.802734 0.873047 0.802734 0.871094 0.800781 0.869141
0 0.234375 0.886719 0.232422 0.888672 0.232422 0.890625 0.234375 0.892578 0.236328 0.892578 0.238281 0.890625 0.238281 0.888672 0.236328 0.886719
0 0.687500 0.886719 0.685547 0.888672 0.685547 0.890625 0.683594 0.892578 0.683594 0.894531 0.687500 0.898438 0.689453 0.898438 0.693359 0.894531 0.693359 0.890625 0.689453 0.886719
0 0.957031 0.892578 0.953125 0.896484 0.953125 0.902344 0.958984 0.908203 0.962891 0.908203 0.966797 0.904297 0.966797 0.896484 0.962891 0.892578
1 0.712891 0.896484 0.705078 0.906250 0.707031 0.916016 0.720703 0.925781 0.720703 0.935547 0.726562 0.941406 0.734375 0.941406 0.738281 0.945312 0.738281 0.957031 0.748047 0.964844 0.753906 0.962891 0.765625 0.951172 0.757812 0.931641 0.736328 0.916016 0.738281 0.902344 0.732422 0.896484
0 0.576172 0.900391 0.572266 0.906250 0.572266 0.914062 0.578125 0.917969 0.583984 0.917969 0.587891 0.914062 0.587891 0.912109 0.589844 0.910156 0.589844 0.904297 0.585938 0.900391
0 0.693359 0.906250 0.689453 0.906250 0.687500 0.908203 0.685547 0.908203 0.681641 0.912109 0.681641 0.914062 0.679688 0.916016 0.679688 0.919922 0.685547 0.925781 0.689453 0.925781 0.691406 0.923828 0.693359 0.923828 0.697266 0.919922 0.697266 0.917969 0.699219 0.916016 0.697266 0.910156
0 0.593750 0.919922 0.591797 0.919922 0.589844 0.921875 0.589844 0.923828 0.591797 0.925781 0.595703 0.921875
0 0.650391 0.939453 0.648438 0.941406 0.648438 0.943359 0.652344 0.947266 0.654297 0.945312 0.654297 0.941406 0.652344 0.939453
0 0.791016 0.958984 0.783203 0.966797 0.783203 0.974609 0.785156 0.978516 0.792969 0.986328 0.802734 0.986328 0.806641 0.984375 0.810547 0.978516 0.810547 0.968750 0.808594 0.964844 0.798828 0.958984
0 0.878906 0.960938 0.873047 0.968750 0.873047 0.972656 0.875000 0.974609 0.876953 0.982422 0.886719 0.990234 0.900391 0.992188 0.904297 0.988281 0.904297 0.974609 0.902344 0.970703 0.890625 0.960938 0.886719 0.960938 0.884766 0.958984
0 0.386719 0.964844 0.384766 0.966797 0.384766 0.970703 0.386719 0.972656 0.386719 0.974609 0.394531 0.982422 0.396484 0.980469 0.400391 0.980469 0.406250 0.974609 0.406250 0.970703 0.400391 0.964844 0.394531 0.964844 0.392578 0.962891
0 0.841797 0.990234 0.839844 0.988281 0.839844 0.986328 0.835938 0.982422 0.830078 0.980469 0.824219 0.984375 0.822266 0.990234 0.818359 0.994141 0.818359 0.998047 0.841797 0.998047
0 0.345703 0.986328 0.343750 0.988281 0.345703 0.990234 0.347656 0.988281
0 0.406250 0.986328 0.404297 0.988281 0.404297 0.992188 0.408203 0.996094 0.412109 0.992188 0.412109 0.990234 0.408203 0.986328
1 0.728516 0.998047 0.734375 0.998047 0.732422 0.996094 0.730469 0.996094
