0 0.285156 0.009766 0.283203 0.011719 0.283203 0.013672 0.287109 0.017578 0.289062 0.017578 0.291016 0.015625 0.291016 0.011719 0.289062 0.009766
0 0.232422 0.041016 0.230469 0.042969 0.232422 0.044922 0.234375 0.044922 0.236328 0.042969 0.234375 0.041016
1 0.369141 0.058594 0.363281 0.058594 0.357422 0.064453 0.353516 0.074219 0.361328 0.082031 0.355469 0.089844 0.355469 0.095703 0.359375 0.099609 0.361328 0.099609 0.365234 0.095703 0.365234 0.087891 0.373047 0.078125 0.373047 0.070312 0.371094 0.068359 0.371094 0.060547
0 0.250000 0.064453 0.248047 0.066406 0.250000 0.068359 0.251953 0.066406
1 0.013672 0.074219 0.000000 0.103516 0.066406 0.111328 0.000000 0.224609 0.083984 0.105469 0.146484 0.140625 0.109375 0.181641 0.158203 0.177734 0.083984 0.279297 0.000000 0.250000 0.015625 0.320312 0.085938 0.292969 0.033203 0.337891 0.060547 0.369141 0.000000 0.382812 0.009766 0.529297 0.085938 0.667969 0.166016 0.658203 0.156250 0.738281 0.201172 0.710938 0.240234 0.753906 0.218750 0.998047 0.267578 0.962891 0.386719 0.998047 0.349609 0.925781 0.273438 0.943359 0.251953 0.869141 0.431641 0.802734 0.523438 0.611328 0.478516 0.544922 0.369141 0.578125 0.410156 0.492188 0.353516 0.566406 0.285156 0.539062 0.308594 0.490234 0.359375 0.507812 0.349609 0.468750 0.150391 0.337891 0.220703 0.341797 0.257812 0.261719 0.330078 0.271484 0.238281 0.251953 0.113281 0.302734 0.164062 0.140625
0 0.353516 0.105469 0.349609 0.105469 0.347656 0.107422 0.347656 0.109375 0.351562 0.113281 0.355469 0.109375 0.355469 0.107422
0 0.300781 0.130859 0.294922 0.134766 0.294922 0.136719 0.292969 0.138672 0.292969 0.142578 0.294922 0.144531 0.296875 0.144531 0.300781 0.148438 0.306641 0.148438 0.312500 0.142578 0.312500 0.138672 0.308594 0.132812 0.306641 0.132812 0.304688 0.130859
1 0.005859 0.138672 0.001953 0.142578 0.000000 0.142578 0.000000 0.148438 0.001953 0.148438 0.005859 0.144531 0.005859 0.142578 0.007812 0.140625
0 0.326172 0.146484 0.324219 0.148438 0.322266 0.148438 0.320312 0.150391 0.320312 0.152344 0.322266 0.154297 0.324219 0.154297 0.328125 0.150391 0.328125 0.148438
0 0.216797 0.169922 0.214844 0.171875 0.214844 0.173828 0.216797 0.175781 0.218750 0.175781 0.220703 0.173828 0.220703 0.171875 0.218750 0.169922
0 0.230469 0.171875 0.228516 0.173828 0.228516 0.175781 0.230469 0.177734 0.232422 0.175781 0.232422 0.173828
0 0.089844 0.179688 0.087891 0.177734 0.085938 0.179688 0.083984 0.177734 0.082031 0.179688 0.080078 0.177734 0.076172 0.177734 0.072266 0.181641 0.070312 0.181641 0.064453 0.187500 0.064453 0.189453 0.066406 0.191406 0.074219 0.191406 0.076172 0.193359 0.078125 0.191406 0.082031 0.191406 0.087891 0.185547 0.087891 0.181641
0 0.281250 0.181641 0.281250 0.185547 0.283203 0.187500 0.285156 0.187500 0.287109 0.189453 0.289062 0.187500 0.291016 0.187500 0.292969 0.185547 0.291016 0.183594 0.291016 0.181641 0.289062 0.179688 0.283203 0.179688
0 0.220703 0.185547 0.218750 0.187500 0.218750 0.191406 0.222656 0.195312 0.226562 0.191406 0.226562 0.189453 0.222656 0.185547
1 0.179688 0.191406 0.177734 0.193359 0.177734 0.195312 0.183594 0.201172 0.183594 0.203125 0.189453 0.208984 0.193359 0.205078 0.191406 0.203125 0.191406 0.199219 0.187500 0.195312 0.185547 0.195312 0.181641 0.191406
0 0.681641 0.197266 0.679688 0.197266 0.675781 0.201172 0.679688 0.205078 0.683594 0.201172 0.683594 0.199219
0 0.257812 0.214844 0.253906 0.218750 0.253906 0.220703 0.255859 0.222656 0.255859 0.224609 0.257812 0.226562 0.261719 0.226562 0.265625 0.222656 0.265625 0.216797 0.263672 0.214844
0 0.019531 0.236328 0.017578 0.238281 0.017578 0.240234 0.019531 0.242188 0.021484 0.240234 0.021484 0.238281
0 0.070312 0.251953 0.068359 0.253906 0.070312 0.255859 0.072266 0.253906
0 0.251953 0.277344 0.250000 0.279297 0.250000 0.285156 0.253906 0.289062 0.255859 0.289062 0.261719 0.283203 0.261719 0.281250 0.257812 0.277344
1 0.337891 0.279297 0.335938 0.281250 0.335938 0.283203 0.343750 0.291016 0.345703 0.289062 0.345703 0.287109
1 0.296875 0.292969 0.292969 0.291016 0.287109 0.296875 0.275391 0.302734 0.273438 0.306641 0.261719 0.318359 0.253906 0.320312 0.250000 0.324219 0.248047 0.324219 0.242188 0.330078 0.240234 0.337891 0.242188 0.339844 0.246094 0.339844 0.259766 0.332031 0.269531 0.314453 0.277344 0.306641 0.281250 0.306641 0.285156 0.302734 0.289062 0.302734 0.292969 0.306641 0.292969 0.314453 0.296875 0.318359 0.298828 0.316406 0.298828 0.308594 0.294922 0.302734 0.296875 0.298828
1 0.000000 0.318359 0.000000 0.335938 0.003906 0.339844 0.005859 0.343750 0.005859 0.347656 0.007812 0.349609 0.013672 0.349609 0.015625 0.351562 0.017578 0.349609 0.017578 0.345703 0.015625 0.343750 0.017578 0.341797 0.007812 0.333984 0.005859 0.330078 0.007812 0.326172 0.005859 0.324219 0.007812 0.322266 0.003906 0.318359
0 0.373047 0.324219 0.369141 0.328125 0.373047 0.332031 0.376953 0.332031 0.378906 0.330078 0.378906 0.328125 0.375000 0.324219
0 0.968750 0.326172 0.964844 0.330078 0.964844 0.333984 0.966797 0.335938 0.968750 0.335938 0.972656 0.332031 0.972656 0.330078
0 0.304688 0.328125 0.302734 0.330078 0.304688 0.332031 0.304688 0.333984 0.306641 0.335938 0.308594 0.333984 0.308594 0.332031
0 0.724609 0.330078 0.722656 0.332031 0.724609 0.333984 0.726562 0.333984 0.728516 0.332031 0.726562 0.330078
1 0.312500 0.343750 0.310547 0.345703 0.310547 0.353516 0.314453 0.357422 0.314453 0.359375 0.316406 0.361328 0.316406 0.367188 0.320312 0.371094 0.322266 0.369141 0.322266 0.367188 0.320312 0.365234 0.320312 0.361328 0.318359 0.359375 0.318359 0.355469 0.320312 0.353516
0 0.542969 0.345703 0.541016 0.347656 0.542969 0.349609 0.544922 0.347656
0 0.445312 0.369141 0.445312 0.375000 0.449219 0.378906 0.451172 0.378906 0.453125 0.376953 0.455078 0.376953 0.458984 0.373047 0.458984 0.371094 0.457031 0.369141 0.455078 0.369141 0.453125 0.367188 0.447266 0.367188
0 0.490234 0.373047 0.488281 0.375000 0.488281 0.378906 0.490234 0.380859 0.494141 0.376953
0 0.693359 0.375000 0.689453 0.378906 0.689453 0.382812 0.693359 0.386719 0.697266 0.386719 0.701172 0.382812 0.701172 0.378906 0.697266 0.375000
0 0.320312 0.378906 0.318359 0.380859 0.318359 0.382812 0.320312 0.384766 0.322266 0.382812 0.322266 0.380859
1 0.369141 0.382812 0.367188 0.384766 0.367188 0.386719 0.376953 0.396484 0.378906 0.394531 0.378906 0.390625 0.373047 0.384766 0.371094 0.384766
0 0.316406 0.396484 0.314453 0.398438 0.314453 0.402344 0.316406 0.404297 0.318359 0.402344 0.318359 0.398438
0 0.423828 0.402344 0.421875 0.404297 0.414062 0.400391 0.408203 0.404297 0.408203 0.414062 0.400391 0.419922 0.388672 0.408203 0.380859 0.408203 0.378906 0.410156 0.384766 0.423828 0.382812 0.429688 0.378906 0.433594 0.378906 0.437500 0.388672 0.447266 0.384766 0.451172 0.382812 0.449219 0.378906 0.451172 0.378906 0.455078 0.382812 0.458984 0.388672 0.455078 0.386719 0.449219 0.392578 0.443359 0.390625 0.437500 0.392578 0.435547 0.390625 0.433594 0.396484 0.427734 0.400391 0.427734 0.406250 0.433594 0.414062 0.433594 0.416016 0.431641 0.416016 0.423828 0.417969 0.421875 0.412109 0.416016 0.414062 0.414062 0.412109 0.410156 0.416016 0.406250 0.421875 0.404297 0.423828 0.406250 0.425781 0.404297
0 0.560547 0.429688 0.556641 0.433594 0.556641 0.435547 0.560547 0.439453 0.564453 0.439453 0.566406 0.437500 0.566406 0.433594 0.562500 0.429688
1 0.447266 0.443359 0.439453 0.435547 0.435547 0.435547 0.425781 0.443359 0.425781 0.453125 0.421875 0.457031 0.417969 0.457031 0.408203 0.445312 0.406250 0.451172 0.412109 0.457031 0.410156 0.460938 0.414062 0.464844 0.419922 0.464844 0.427734 0.460938 0.433594 0.460938 0.447266 0.447266
0 0.648438 0.439453 0.646484 0.439453 0.644531 0.441406 0.644531 0.443359 0.646484 0.445312 0.650391 0.441406
0 0.472656 0.458984 0.472656 0.462891 0.474609 0.464844 0.474609 0.466797 0.482422 0.474609 0.494141 0.474609 0.500000 0.466797 0.500000 0.460938 0.498047 0.458984 0.498047 0.457031 0.492188 0.451172 0.484375 0.451172 0.482422 0.453125 0.476562 0.455078
0 0.371094 0.453125 0.365234 0.453125 0.361328 0.457031 0.359375 0.457031 0.357422 0.458984 0.357422 0.462891 0.359375 0.464844 0.359375 0.466797 0.361328 0.468750 0.365234 0.468750 0.367188 0.466797 0.367188 0.462891 0.371094 0.458984 0.371094 0.457031 0.373047 0.455078
0 0.406250 0.464844 0.404297 0.466797 0.406250 0.468750 0.408203 0.466797
0 0.525391 0.484375 0.523438 0.482422 0.519531 0.482422 0.517578 0.480469 0.513672 0.480469 0.511719 0.482422 0.509766 0.482422 0.505859 0.486328 0.505859 0.490234 0.507812 0.492188 0.511719 0.492188 0.513672 0.490234 0.517578 0.490234 0.519531 0.488281 0.521484 0.488281
0 0.425781 0.488281 0.423828 0.490234 0.427734 0.494141 0.429688 0.492188 0.429688 0.490234 0.427734 0.488281
0 0.625000 0.488281 0.623047 0.490234 0.626953 0.494141 0.628906 0.492188 0.628906 0.490234 0.626953 0.488281
0 0.470703 0.498047 0.468750 0.500000 0.468750 0.501953 0.472656 0.505859 0.474609 0.505859 0.478516 0.501953 0.474609 0.498047
0 0.341797 0.533203 0.339844 0.535156 0.339844 0.537109 0.341797 0.539062 0.343750 0.537109 0.343750 0.535156
0 0.535156 0.542969 0.533203 0.544922 0.533203 0.546875 0.535156 0.548828 0.537109 0.548828 0.539062 0.546875 0.539062 0.544922 0.537109 0.542969
1 0.523438 0.548828 0.521484 0.548828 0.517578 0.554688 0.519531 0.558594 0.507812 0.568359 0.507812 0.572266 0.509766 0.576172 0.515625 0.582031 0.517578 0.582031 0.521484 0.576172 0.521484 0.568359 0.523438 0.566406 0.523438 0.560547 0.527344 0.554688 0.527344 0.552734
0 0.205078 0.550781 0.203125 0.552734 0.205078 0.554688 0.207031 0.552734
0 0.568359 0.554688 0.564453 0.558594 0.564453 0.562500 0.570312 0.568359 0.572266 0.568359 0.576172 0.564453 0.576172 0.560547 0.570312 0.554688
0 0.626953 0.560547 0.623047 0.564453 0.623047 0.566406 0.626953 0.570312 0.630859 0.566406 0.630859 0.564453
0 0.726562 0.560547 0.722656 0.564453 0.722656 0.570312 0.724609 0.572266 0.724609 0.574219 0.728516 0.578125 0.728516 0.580078 0.732422 0.583984 0.736328 0.578125 0.736328 0.566406 0.730469 0.560547
0 0.552734 0.580078 0.550781 0.580078 0.546875 0.583984 0.546875 0.585938 0.548828 0.587891 0.550781 0.587891 0.552734 0.585938 0.552734 0.583984 0.554688 0.582031
0 0.607422 0.591797 0.605469 0.593750 0.607422 0.595703 0.609375 0.593750
0 0.552734 0.601562 0.548828 0.605469 0.548828 0.609375 0.550781 0.611328 0.552734 0.611328 0.554688 0.613281 0.556641 0.613281 0.560547 0.609375 0.560547 0.607422 0.554688 0.601562
0 0.433594 0.623047 0.431641 0.625000 0.435547 0.628906 0.437500 0.628906 0.439453 0.626953 0.439453 0.625000 0.437500 0.623047
0 0.902344 0.626953 0.900391 0.626953 0.898438 0.628906 0.898438 0.632812 0.900391 0.634766 0.904297 0.630859 0.904297 0.628906
0 0.283203 0.632812 0.279297 0.636719 0.281250 0.638672 0.283203 0.638672 0.285156 0.636719 0.285156 0.634766
0 0.861328 0.634766 0.859375 0.636719 0.859375 0.638672 0.863281 0.642578 0.863281 0.644531 0.867188 0.648438 0.869141 0.648438 0.875000 0.642578 0.873047 0.640625 0.869141 0.640625 0.863281 0.634766
0 0.740234 0.636719 0.738281 0.638672 0.738281 0.640625 0.740234 0.642578 0.742188 0.640625 0.742188 0.638672
0 0.806641 0.640625 0.802734 0.644531 0.802734 0.646484 0.808594 0.652344 0.810547 0.652344 0.812500 0.650391 0.812500 0.644531 0.808594 0.640625
0 0.845703 0.658203 0.843750 0.660156 0.845703 0.662109 0.847656 0.662109 0.849609 0.660156 0.847656 0.658203
0 0.759766 0.671875 0.755859 0.675781 0.755859 0.679688 0.759766 0.683594 0.761719 0.683594 0.765625 0.679688 0.765625 0.675781 0.761719 0.671875
0 0.853516 0.687500 0.849609 0.687500 0.845703 0.691406 0.845703 0.693359 0.849609 0.697266 0.851562 0.697266 0.857422 0.691406
0 0.712891 0.697266 0.707031 0.691406 0.701172 0.691406 0.699219 0.693359 0.695312 0.693359 0.691406 0.697266 0.691406 0.703125 0.695312 0.707031 0.699219 0.707031 0.701172 0.705078 0.707031 0.705078 0.712891 0.699219
0 0.824219 0.695312 0.818359 0.701172 0.818359 0.703125 0.816406 0.705078 0.816406 0.710938 0.822266 0.716797 0.832031 0.716797 0.843750 0.705078 0.843750 0.699219 0.837891 0.695312 0.833984 0.695312 0.832031 0.697266 0.828125 0.697266 0.826172 0.695312
1 0.896484 0.703125 0.894531 0.705078 0.896484 0.707031 0.896484 0.710938 0.902344 0.716797 0.904297 0.716797 0.906250 0.718750 0.908203 0.716797 0.908203 0.714844 0.910156 0.712891 0.900391 0.703125
0 0.789062 0.710938 0.789062 0.712891 0.800781 0.724609 0.806641 0.724609 0.812500 0.718750 0.812500 0.714844 0.806641 0.710938 0.802734 0.710938 0.800781 0.708984 0.796875 0.708984 0.794922 0.707031 0.792969 0.707031
0 0.861328 0.707031 0.857422 0.710938 0.857422 0.716797 0.865234 0.722656 0.867188 0.722656 0.869141 0.720703 0.873047 0.724609 0.873047 0.726562 0.876953 0.730469 0.878906 0.730469 0.880859 0.728516 0.875000 0.720703 0.875000 0.718750 0.876953 0.716797 0.875000 0.714844 0.875000 0.710938 0.871094 0.707031 0.869141 0.707031 0.867188 0.708984 0.865234 0.707031
0 0.953125 0.716797 0.951172 0.718750 0.951172 0.720703 0.953125 0.722656 0.955078 0.722656 0.957031 0.724609 0.958984 0.724609 0.960938 0.722656 0.960938 0.720703 0.957031 0.716797
0 0.925781 0.726562 0.921875 0.726562 0.919922 0.728516 0.919922 0.730469 0.921875 0.732422 0.923828 0.732422 0.927734 0.728516
1 0.388672 0.734375 0.384766 0.738281 0.386719 0.740234 0.386719 0.746094 0.382812 0.750000 0.382812 0.753906 0.388672 0.757812 0.392578 0.753906 0.392578 0.750000 0.388672 0.746094 0.390625 0.744141 0.390625 0.740234 0.392578 0.738281
1 0.804688 0.738281 0.742188 0.750000 0.714844 0.777344 0.697266 0.773438 0.693359 0.783203 0.718750 0.806641 0.679688 0.822266 0.667969 0.851562 0.638672 0.843750 0.626953 0.873047 0.611328 0.869141 0.591797 0.886719 0.560547 0.873047 0.539062 0.876953 0.537109 0.898438 0.576172 0.921875 0.554688 0.960938 0.542969 0.929688 0.498047 0.943359 0.505859 0.964844 0.531250 0.955078 0.533203 0.990234 0.523438 0.998047 0.666016 0.990234 0.664062 0.964844 0.636719 0.972656 0.630859 0.953125 0.599609 0.933594 0.617188 0.925781 0.609375 0.902344 0.679688 0.853516 0.687500 0.873047 0.701172 0.873047 0.697266 0.859375 0.722656 0.851562 0.734375 0.824219 0.732422 0.789062 0.753906 0.767578 0.753906 0.789062 0.781250 0.791016 0.781250 0.773438 0.804688 0.759766
0 0.953125 0.734375 0.951172 0.736328 0.951172 0.738281 0.953125 0.740234 0.955078 0.738281 0.955078 0.736328
0 0.994141 0.734375 0.992188 0.736328 0.992188 0.738281 0.996094 0.742188 0.998047 0.742188 0.998047 0.734375
0 0.564453 0.746094 0.562500 0.748047 0.564453 0.750000 0.566406 0.750000 0.568359 0.748047 0.566406 0.746094
0 0.695312 0.748047 0.693359 0.750000 0.693359 0.751953 0.695312 0.753906 0.697266 0.751953 0.697266 0.750000
0 0.892578 0.746094 0.888672 0.750000 0.892578 0.753906 0.894531 0.753906 0.898438 0.750000 0.894531 0.746094
0 0.490234 0.750000 0.486328 0.753906 0.486328 0.755859 0.490234 0.759766 0.494141 0.759766 0.496094 0.757812 0.496094 0.755859 0.494141 0.753906 0.494141 0.751953 0.492188 0.750000
1 0.835938 0.761719 0.841797 0.767578 0.851562 0.767578 0.855469 0.771484 0.855469 0.773438 0.861328 0.777344 0.867188 0.777344 0.871094 0.773438 0.867188 0.763672 0.863281 0.759766 0.857422 0.763672 0.853516 0.763672 0.847656 0.755859 0.841797 0.755859
0 0.677734 0.757812 0.671875 0.763672 0.671875 0.767578 0.675781 0.771484 0.677734 0.771484 0.679688 0.773438 0.685547 0.767578 0.685547 0.763672 0.679688 0.757812
0 0.566406 0.769531 0.564453 0.771484 0.564453 0.775391 0.566406 0.777344 0.570312 0.773438
0 0.662109 0.773438 0.660156 0.773438 0.658203 0.775391 0.658203 0.777344 0.660156 0.779297 0.664062 0.775391
0 0.925781 0.775391 0.921875 0.779297 0.921875 0.785156 0.925781 0.789062 0.929688 0.789062 0.933594 0.785156 0.933594 0.779297 0.931641 0.777344 0.929688 0.777344 0.927734 0.775391
0 0.966797 0.775391 0.962891 0.779297 0.962891 0.781250 0.966797 0.785156 0.972656 0.785156 0.974609 0.783203 0.974609 0.779297 0.970703 0.775391
0 0.984375 0.791016 0.984375 0.794922 0.988281 0.798828 0.998047 0.798828 0.998047 0.787109 0.988281 0.787109
0 0.621094 0.789062 0.615234 0.798828 0.615234 0.804688 0.621094 0.810547 0.626953 0.810547 0.634766 0.802734 0.634766 0.796875 0.632812 0.794922 0.632812 0.792969 0.628906 0.789062
0 0.783203 0.800781 0.781250 0.802734 0.781250 0.804688 0.783203 0.806641 0.785156 0.804688 0.785156 0.802734
0 0.896484 0.802734 0.892578 0.806641 0.892578 0.810547 0.896484 0.814453 0.898438 0.814453 0.902344 0.810547 0.902344 0.806641 0.898438 0.802734
0 0.958984 0.818359 0.958984 0.822266 0.964844 0.826172 0.968750 0.826172 0.970703 0.824219 0.978516 0.824219 0.982422 0.820312 0.974609 0.812500 0.968750 0.812500 0.966797 0.814453 0.962891 0.814453
0 0.753906 0.818359 0.751953 0.820312 0.753906 0.822266 0.755859 0.820312
0 0.837891 0.818359 0.835938 0.820312 0.837891 0.822266 0.839844 0.822266 0.841797 0.820312 0.839844 0.818359
0 0.511719 0.822266 0.507812 0.826172 0.507812 0.828125 0.511719 0.832031 0.513672 0.832031 0.517578 0.828125 0.517578 0.826172 0.513672 0.822266
0 0.878906 0.820312 0.875000 0.822266 0.867188 0.830078 0.867188 0.832031 0.880859 0.847656 0.888672 0.849609 0.900391 0.839844 0.902344 0.835938 0.902344 0.830078 0.894531 0.820312
1 0.980469 0.841797 0.958984 0.837891 0.945312 0.820312 0.937500 0.824219 0.929688 0.837891 0.937500 0.851562 0.931641 0.871094 0.943359 0.880859 0.937500 0.914062 0.917969 0.931641 0.892578 0.943359 0.890625 0.962891 0.894531 0.970703 0.876953 0.992188 0.865234 0.988281 0.857422 0.978516 0.849609 0.982422 0.857422 0.998047 0.882812 0.998047 0.910156 0.962891 0.910156 0.951172 0.916016 0.947266 0.925781 0.953125 0.925781 0.941406 0.958984 0.912109 0.960938 0.908203 0.947266 0.896484 0.947266 0.890625 0.958984 0.878906 0.951172 0.863281 0.968750 0.853516 0.980469 0.865234 0.984375 0.859375
0 0.873047 0.849609 0.869141 0.853516 0.873047 0.857422 0.875000 0.857422 0.876953 0.855469 0.876953 0.853516
0 0.576172 0.853516 0.572266 0.857422 0.572266 0.863281 0.574219 0.865234 0.574219 0.867188 0.580078 0.871094 0.587891 0.871094 0.591797 0.867188 0.591797 0.863281 0.589844 0.861328 0.589844 0.859375 0.582031 0.851562 0.580078 0.853516
0 0.322266 0.855469 0.318359 0.859375 0.318359 0.861328 0.322266 0.865234 0.326172 0.865234 0.328125 0.863281 0.328125 0.859375 0.324219 0.855469
0 0.527344 0.863281 0.525391 0.865234 0.523438 0.865234 0.521484 0.867188 0.523438 0.869141 0.525391 0.869141 0.527344 0.871094 0.531250 0.867188
0 0.445312 0.867188 0.439453 0.873047 0.439453 0.878906 0.443359 0.884766 0.449219 0.884766 0.455078 0.878906 0.455078 0.873047 0.451172 0.867188
0 0.164062 0.871094 0.160156 0.875000 0.162109 0.876953 0.162109 0.878906 0.164062 0.880859 0.167969 0.880859 0.169922 0.878906 0.169922 0.873047 0.167969 0.871094
0 0.425781 0.873047 0.423828 0.875000 0.423828 0.878906 0.425781 0.880859 0.427734 0.880859 0.429688 0.878906 0.429688 0.875000 0.427734 0.873047
0 0.669922 0.875000 0.666016 0.878906 0.666016 0.882812 0.669922 0.886719 0.673828 0.882812 0.673828 0.878906
0 0.705078 0.886719 0.703125 0.888672 0.703125 0.892578 0.705078 0.894531 0.708984 0.894531 0.710938 0.892578 0.710938 0.890625 0.707031 0.886719
0 0.777344 0.902344 0.771484 0.896484 0.763672 0.898438 0.759766 0.914062 0.736328 0.925781 0.726562 0.947266 0.689453 0.951172 0.681641 0.960938 0.683594 0.970703 0.693359 0.978516 0.708984 0.968750 0.728516 0.994141 0.744141 0.998047 0.740234 0.990234 0.744141 0.968750 0.771484 0.947266
0 0.466797 0.900391 0.462891 0.900391 0.458984 0.904297 0.458984 0.910156 0.460938 0.912109 0.460938 0.917969 0.458984 0.919922 0.458984 0.923828 0.462891 0.927734 0.464844 0.927734 0.468750 0.923828 0.468750 0.916016 0.472656 0.910156 0.472656 0.906250
0 0.708984 0.914062 0.705078 0.919922 0.705078 0.927734 0.708984 0.933594 0.716797 0.933594 0.718750 0.931641 0.718750 0.927734 0.716797 0.925781 0.716797 0.917969 0.712891 0.914062
0 0.214844 0.919922 0.207031 0.919922 0.201172 0.925781 0.201172 0.931641 0.205078 0.935547 0.207031 0.935547 0.208984 0.937500 0.210938 0.937500 0.212891 0.935547 0.214844 0.935547 0.218750 0.929688 0.218750 0.923828
0 0.822266 0.923828 0.818359 0.923828 0.816406 0.929688 0.808594 0.937500 0.800781 0.939453 0.792969 0.947266 0.792969 0.955078 0.796875 0.960938 0.808594 0.962891 0.810547 0.960938 0.818359 0.960938 0.828125 0.955078 0.830078 0.951172 0.830078 0.941406 0.822266 0.933594 0.822266 0.927734 0.824219 0.925781
0 0.408203 0.933594 0.408203 0.937500 0.410156 0.939453 0.410156 0.941406 0.416016 0.945312 0.421875 0.945312 0.423828 0.943359 0.425781 0.943359 0.429688 0.939453 0.427734 0.933594 0.423828 0.929688 0.421875 0.929688 0.419922 0.927734 0.414062 0.927734
0 0.681641 0.931641 0.677734 0.935547 0.677734 0.939453 0.683594 0.945312 0.685547 0.945312 0.687500 0.943359 0.687500 0.941406 0.689453 0.939453 0.689453 0.935547 0.685547 0.931641
0 0.457031 0.939453 0.451172 0.945312 0.451172 0.951172 0.455078 0.957031 0.460938 0.958984 0.462891 0.957031 0.464844 0.957031 0.470703 0.951172 0.470703 0.947266 0.466797 0.941406 0.464844 0.941406 0.462891 0.939453
0 0.970703 0.957031 0.970703 0.960938 0.976562 0.966797 0.978516 0.966797 0.980469 0.968750 0.982422 0.966797 0.984375 0.968750 0.986328 0.968750 0.994141 0.960938 0.996094 0.960938 0.998047 0.962891 0.998047 0.951172 0.996094 0.951172 0.992188 0.955078 0.986328 0.955078 0.982422 0.951172 0.974609 0.951172
0 0.476562 0.966797 0.472656 0.970703 0.474609 0.972656 0.474609 0.976562 0.478516 0.980469 0.482422 0.976562 0.482422 0.970703 0.478516 0.966797
1 0.492188 0.998047 0.474609 0.984375 0.470703 0.984375 0.462891 0.988281 0.457031 0.988281 0.453125 0.984375 0.445312 0.984375 0.439453 0.990234 0.435547 0.990234 0.433594 0.992188 0.410156 0.990234 0.396484 0.998047
1 0.765625 0.998047 0.787109 0.998047 0.781250 0.992188 0.773438 0.992188 0.771484 0.994141 0.769531 0.994141
1 0.935547 0.998047 0.947266 0.998047 0.943359 0.994141 0.939453 0.994141
