0 0.318359 0.125000 0.314453 0.128906 0.318359 0.132812 0.320312 0.132812 0.322266 0.130859 0.322266 0.128906
0 0.339844 0.138672 0.341797 0.140625 0.349609 0.140625 0.353516 0.136719 0.349609 0.132812 0.343750 0.132812 0.339844 0.136719
0 0.367188 0.140625 0.365234 0.140625 0.361328 0.144531 0.361328 0.148438 0.363281 0.150391 0.367188 0.150391 0.369141 0.148438 0.369141 0.142578
0 0.275391 0.144531 0.273438 0.146484 0.273438 0.148438 0.277344 0.152344 0.279297 0.152344 0.283203 0.148438 0.279297 0.144531
0 0.244141 0.152344 0.238281 0.158203 0.238281 0.162109 0.226562 0.173828 0.240234 0.189453 0.244141 0.189453 0.250000 0.185547 0.250000 0.179688 0.244141 0.171875 0.250000 0.162109 0.250000 0.156250
0 0.392578 0.158203 0.390625 0.160156 0.390625 0.164062 0.392578 0.166016 0.396484 0.166016 0.400391 0.162109 0.396484 0.158203
0 0.375000 0.166016 0.369141 0.166016 0.367188 0.167969 0.367188 0.169922 0.355469 0.181641 0.355469 0.185547 0.359375 0.191406 0.361328 0.191406 0.363281 0.193359 0.369141 0.193359 0.376953 0.187500 0.376953 0.175781 0.378906 0.173828 0.378906 0.171875
0 0.224609 0.199219 0.222656 0.199219 0.218750 0.203125 0.222656 0.207031 0.226562 0.203125 0.226562 0.201172
1 0.197266 0.214844 0.156250 0.267578 0.099609 0.253906 0.042969 0.296875 0.000000 0.279297 0.000000 0.386719 0.021484 0.359375 0.029297 0.382812 0.089844 0.308594 0.109375 0.322266 0.093750 0.371094 0.128906 0.357422 0.156250 0.308594 0.183594 0.332031 0.144531 0.496094 0.074219 0.486328 0.068359 0.443359 0.031250 0.451172 0.000000 0.412109 0.000000 0.488281 0.037109 0.552734 0.082031 0.566406 0.087891 0.638672 0.218750 0.611328 0.251953 0.636719 0.292969 0.582031 0.314453 0.599609 0.298828 0.568359 0.355469 0.548828 0.365234 0.562500 0.382812 0.523438 0.306641 0.554688 0.304688 0.515625 0.275391 0.488281 0.228516 0.490234 0.236328 0.433594 0.187500 0.447266 0.199219 0.322266 0.167969 0.269531
0 0.546875 0.214844 0.544922 0.216797 0.546875 0.218750 0.548828 0.216797
0 0.513672 0.222656 0.509766 0.226562 0.509766 0.230469 0.511719 0.232422 0.511719 0.234375 0.515625 0.238281 0.519531 0.238281 0.523438 0.234375 0.523438 0.228516 0.517578 0.222656
0 0.847656 0.324219 0.845703 0.326172 0.845703 0.330078 0.847656 0.332031 0.851562 0.332031 0.853516 0.330078 0.853516 0.328125 0.849609 0.324219
0 0.876953 0.357422 0.873047 0.357422 0.871094 0.359375 0.871094 0.363281 0.873047 0.365234 0.875000 0.365234 0.878906 0.361328 0.878906 0.359375
0 0.996094 0.361328 0.992188 0.365234 0.996094 0.369141 0.998047 0.369141 0.998047 0.361328
0 0.134766 0.367188 0.128906 0.367188 0.125000 0.371094 0.125000 0.373047 0.123047 0.375000 0.126953 0.378906 0.128906 0.378906 0.130859 0.380859 0.136719 0.375000 0.136719 0.369141
0 0.849609 0.367188 0.845703 0.371094 0.845703 0.373047 0.847656 0.375000 0.849609 0.375000 0.851562 0.373047 0.851562 0.369141
0 0.494141 0.375000 0.492188 0.376953 0.494141 0.378906 0.496094 0.376953
1 0.054688 0.384766 0.052734 0.382812 0.050781 0.382812 0.042969 0.390625 0.042969 0.392578 0.037109 0.398438 0.035156 0.398438 0.031250 0.402344 0.033203 0.404297 0.044922 0.404297 0.046875 0.402344 0.046875 0.396484 0.048828 0.394531 0.048828 0.392578 0.054688 0.386719
0 0.958984 0.388672 0.957031 0.390625 0.957031 0.394531 0.958984 0.396484 0.962891 0.392578
1 0.011719 0.400391 0.013672 0.402344 0.015625 0.400391 0.019531 0.404297 0.025391 0.404297 0.027344 0.402344 0.025391 0.400391 0.019531 0.400391 0.017578 0.402344 0.013672 0.398438
1 0.054688 0.408203 0.052734 0.410156 0.068359 0.425781 0.072266 0.421875 0.060547 0.410156 0.056641 0.410156
0 0.738281 0.412109 0.736328 0.414062 0.740234 0.417969 0.742188 0.416016
0 0.199219 0.416016 0.197266 0.417969 0.197266 0.421875 0.199219 0.423828 0.201172 0.423828 0.203125 0.421875 0.203125 0.419922
0 0.984375 0.431641 0.978516 0.437500 0.984375 0.443359 0.990234 0.443359 0.994141 0.439453 0.994141 0.435547 0.990234 0.431641
0 0.126953 0.455078 0.125000 0.457031 0.123047 0.455078 0.119141 0.458984 0.119141 0.460938 0.121094 0.462891 0.119141 0.464844 0.121094 0.466797 0.123047 0.466797 0.128906 0.460938 0.128906 0.457031
0 0.378906 0.457031 0.376953 0.458984 0.376953 0.460938 0.378906 0.462891 0.380859 0.462891 0.382812 0.460938 0.382812 0.458984 0.380859 0.457031
0 0.289062 0.462891 0.285156 0.466797 0.285156 0.468750 0.291016 0.474609 0.294922 0.470703 0.294922 0.466797 0.292969 0.464844 0.291016 0.464844
0 0.748047 0.472656 0.744141 0.472656 0.738281 0.478516 0.738281 0.482422 0.742188 0.486328 0.744141 0.486328 0.748047 0.482422 0.748047 0.478516 0.750000 0.476562 0.750000 0.474609
0 0.632812 0.478516 0.630859 0.478516 0.628906 0.480469 0.628906 0.482422 0.630859 0.484375 0.634766 0.480469
0 0.312500 0.490234 0.310547 0.490234 0.306641 0.494141 0.310547 0.498047 0.314453 0.494141 0.314453 0.492188
0 0.343750 0.515625 0.341797 0.517578 0.343750 0.519531 0.345703 0.517578
0 0.468750 0.515625 0.464844 0.519531 0.464844 0.525391 0.468750 0.529297 0.470703 0.529297 0.474609 0.525391 0.474609 0.523438 0.476562 0.521484 0.470703 0.515625
0 0.666016 0.521484 0.664062 0.523438 0.664062 0.525391 0.667969 0.529297 0.669922 0.529297 0.671875 0.527344 0.671875 0.523438 0.669922 0.521484
0 0.781250 0.519531 0.779297 0.521484 0.783203 0.525391 0.785156 0.523438
1 0.187500 0.533203 0.183594 0.529297 0.181641 0.531250 0.179688 0.531250 0.173828 0.537109 0.171875 0.535156 0.169922 0.535156 0.166016 0.539062 0.162109 0.539062 0.160156 0.541016 0.160156 0.542969 0.162109 0.544922 0.166016 0.544922 0.167969 0.542969 0.169922 0.544922 0.171875 0.544922 0.173828 0.542969 0.177734 0.542969
0 0.423828 0.531250 0.417969 0.531250 0.416016 0.533203 0.404297 0.531250 0.396484 0.541016 0.392578 0.541016 0.388672 0.537109 0.384766 0.539062 0.388672 0.542969 0.392578 0.542969 0.398438 0.548828 0.398438 0.558594 0.404297 0.566406 0.410156 0.562500 0.412109 0.548828 0.427734 0.535156
0 0.458984 0.537109 0.457031 0.539062 0.457031 0.541016 0.458984 0.542969 0.460938 0.541016 0.460938 0.539062
0 0.857422 0.535156 0.855469 0.537109 0.849609 0.537109 0.841797 0.541016 0.843750 0.542969 0.841797 0.544922 0.841797 0.554688 0.843750 0.558594 0.851562 0.566406 0.857422 0.566406 0.861328 0.564453 0.869141 0.556641 0.869141 0.544922 0.867188 0.541016 0.863281 0.537109 0.859375 0.537109
0 0.507812 0.539062 0.503906 0.542969 0.503906 0.546875 0.505859 0.548828 0.507812 0.548828 0.509766 0.550781 0.513672 0.550781 0.517578 0.546875 0.517578 0.544922 0.511719 0.539062
0 0.523438 0.541016 0.523438 0.542969 0.525391 0.544922 0.533203 0.544922 0.535156 0.542969 0.535156 0.541016 0.533203 0.539062 0.525391 0.539062
0 0.488281 0.542969 0.486328 0.544922 0.488281 0.546875 0.490234 0.544922
0 0.667969 0.546875 0.664062 0.550781 0.664062 0.556641 0.662109 0.558594 0.664062 0.562500 0.673828 0.572266 0.673828 0.576172 0.681641 0.583984 0.683594 0.582031 0.689453 0.585938 0.693359 0.583984 0.697266 0.572266 0.693359 0.568359 0.695312 0.562500 0.693359 0.556641 0.687500 0.548828 0.681641 0.544922
0 0.134766 0.546875 0.130859 0.550781 0.130859 0.552734 0.132812 0.554688 0.136719 0.550781 0.136719 0.548828
0 0.423828 0.558594 0.421875 0.558594 0.419922 0.560547 0.419922 0.564453 0.416016 0.568359 0.416016 0.574219 0.417969 0.576172 0.419922 0.576172 0.427734 0.568359 0.427734 0.562500
0 0.554688 0.560547 0.552734 0.562500 0.554688 0.564453 0.556641 0.562500
0 0.394531 0.578125 0.392578 0.580078 0.392578 0.585938 0.398438 0.591797 0.400391 0.591797 0.404297 0.587891 0.404297 0.585938 0.406250 0.583984 0.400391 0.578125
0 0.443359 0.578125 0.441406 0.580078 0.441406 0.582031 0.443359 0.583984 0.445312 0.583984 0.447266 0.582031 0.447266 0.580078 0.445312 0.578125
0 0.568359 0.583984 0.566406 0.585938 0.566406 0.589844 0.570312 0.593750 0.572266 0.591797 0.572266 0.587891
1 0.472656 0.585938 0.468750 0.589844 0.468750 0.591797 0.472656 0.595703 0.472656 0.605469 0.476562 0.609375 0.480469 0.609375 0.482422 0.611328 0.488281 0.607422 0.482422 0.601562 0.482422 0.599609 0.480469 0.597656 0.480469 0.587891 0.478516 0.585938
0 0.919922 0.591797 0.917969 0.593750 0.919922 0.595703 0.921875 0.593750
0 0.576172 0.605469 0.574219 0.607422 0.574219 0.611328 0.578125 0.615234 0.580078 0.615234 0.582031 0.613281 0.582031 0.607422 0.580078 0.605469
0 0.894531 0.617188 0.892578 0.615234 0.890625 0.615234 0.888672 0.613281 0.884766 0.613281 0.882812 0.615234 0.880859 0.615234 0.878906 0.617188 0.878906 0.623047 0.882812 0.626953 0.886719 0.626953 0.892578 0.621094 0.892578 0.619141
0 0.318359 0.619141 0.316406 0.621094 0.316406 0.623047 0.314453 0.625000 0.326172 0.636719 0.328125 0.636719 0.330078 0.634766 0.330078 0.623047 0.326172 0.619141
0 0.482422 0.619141 0.478516 0.623047 0.478516 0.625000 0.480469 0.626953 0.480469 0.628906 0.484375 0.632812 0.486328 0.632812 0.490234 0.628906 0.490234 0.623047 0.486328 0.619141
0 0.833984 0.617188 0.832031 0.619141 0.832031 0.621094 0.830078 0.623047 0.830078 0.625000 0.835938 0.630859 0.837891 0.630859 0.839844 0.628906 0.841797 0.628906 0.843750 0.626953 0.843750 0.623047 0.837891 0.617188
0 0.425781 0.621094 0.419922 0.621094 0.416016 0.625000 0.416016 0.628906 0.417969 0.630859 0.417969 0.632812 0.421875 0.636719 0.423828 0.634766 0.425781 0.634766 0.429688 0.630859 0.429688 0.625000
1 0.580078 0.630859 0.578125 0.630859 0.576172 0.632812 0.576172 0.644531 0.578125 0.646484 0.582031 0.642578 0.582031 0.638672 0.580078 0.636719 0.582031 0.634766 0.582031 0.632812
0 0.955078 0.628906 0.951172 0.632812 0.951172 0.640625 0.957031 0.646484 0.958984 0.646484 0.964844 0.640625 0.964844 0.634766 0.958984 0.628906
0 0.328125 0.642578 0.322266 0.648438 0.326172 0.652344 0.330078 0.652344 0.332031 0.650391 0.332031 0.646484
1 0.669922 0.640625 0.664062 0.644531 0.664062 0.650391 0.652344 0.656250 0.646484 0.664062 0.652344 0.701172 0.667969 0.714844 0.679688 0.712891 0.691406 0.716797 0.697266 0.710938 0.697266 0.703125 0.687500 0.691406 0.689453 0.677734 0.675781 0.660156 0.681641 0.648438 0.675781 0.640625
0 0.269531 0.646484 0.267578 0.648438 0.269531 0.650391 0.271484 0.650391 0.273438 0.648438 0.271484 0.646484
0 0.480469 0.654297 0.478516 0.652344 0.472656 0.652344 0.470703 0.654297 0.468750 0.654297 0.466797 0.656250 0.466797 0.660156 0.468750 0.662109 0.472656 0.662109 0.474609 0.660156 0.476562 0.660156 0.480469 0.656250
0 0.843750 0.656250 0.841797 0.658203 0.841797 0.664062 0.847656 0.669922 0.849609 0.669922 0.851562 0.667969 0.851562 0.660156 0.847656 0.656250
0 0.326172 0.662109 0.322266 0.666016 0.322266 0.667969 0.326172 0.671875 0.330078 0.667969 0.330078 0.666016
0 0.458984 0.662109 0.455078 0.666016 0.455078 0.667969 0.458984 0.671875 0.462891 0.667969 0.462891 0.666016
0 0.910156 0.675781 0.908203 0.677734 0.910156 0.679688 0.912109 0.679688 0.914062 0.677734 0.912109 0.675781
1 0.128906 0.755859 0.140625 0.785156 0.226562 0.781250 0.193359 0.871094 0.208984 0.923828 0.292969 0.759766 0.365234 0.759766 0.388672 0.716797 0.443359 0.787109 0.398438 0.779297 0.386719 0.740234 0.386719 0.792969 0.445312 0.800781 0.421875 0.812500 0.429688 0.841797 0.281250 0.916016 0.273438 0.968750 0.300781 0.976562 0.445312 0.857422 0.472656 0.908203 0.429688 0.998047 0.492188 0.998047 0.470703 0.966797 0.490234 0.941406 0.529297 0.964844 0.513672 0.998047 0.564453 0.968750 0.591797 0.998047 0.611328 0.906250 0.570312 0.869141 0.568359 0.916016 0.539062 0.914062 0.519531 0.871094 0.548828 0.833984 0.505859 0.882812 0.449219 0.835938 0.466797 0.800781 0.433594 0.728516 0.378906 0.681641 0.314453 0.683594 0.304688 0.718750 0.261719 0.734375 0.191406 0.722656
0 0.986328 0.681641 0.984375 0.681641 0.982422 0.683594 0.982422 0.685547 0.984375 0.687500 0.988281 0.683594
0 0.453125 0.687500 0.451172 0.689453 0.451172 0.691406 0.453125 0.693359 0.455078 0.693359 0.457031 0.691406
0 0.458984 0.701172 0.457031 0.703125 0.458984 0.705078 0.458984 0.708984 0.460938 0.710938 0.462891 0.710938 0.464844 0.708984 0.464844 0.705078 0.460938 0.701172
0 0.558594 0.701172 0.556641 0.703125 0.558594 0.705078 0.560547 0.703125
0 0.449219 0.703125 0.445312 0.703125 0.443359 0.705078 0.443359 0.708984 0.447266 0.712891 0.451172 0.708984 0.451172 0.705078
0 0.544922 0.718750 0.546875 0.720703 0.552734 0.720703 0.554688 0.718750 0.552734 0.716797 0.546875 0.716797
0 0.968750 0.722656 0.966797 0.724609 0.966797 0.726562 0.970703 0.730469 0.972656 0.728516 0.972656 0.726562
0 0.687500 0.726562 0.681641 0.732422 0.681641 0.736328 0.683594 0.738281 0.683594 0.740234 0.689453 0.746094 0.695312 0.746094 0.699219 0.742188 0.699219 0.736328 0.697266 0.734375 0.697266 0.732422 0.693359 0.728516 0.691406 0.728516 0.689453 0.726562
0 0.718750 0.728516 0.718750 0.738281 0.722656 0.744141 0.726562 0.744141 0.728516 0.742188 0.732422 0.742188 0.738281 0.736328 0.736328 0.730469 0.730469 0.726562 0.720703 0.726562
0 0.603516 0.736328 0.601562 0.738281 0.601562 0.740234 0.603516 0.742188 0.605469 0.742188 0.607422 0.740234
0 0.794922 0.740234 0.791016 0.744141 0.794922 0.748047 0.796875 0.748047 0.800781 0.744141 0.796875 0.740234
0 0.529297 0.742188 0.527344 0.744141 0.527344 0.746094 0.531250 0.750000 0.533203 0.748047 0.533203 0.746094
0 0.488281 0.746094 0.486328 0.748047 0.486328 0.750000 0.490234 0.753906 0.492188 0.751953 0.492188 0.748047 0.490234 0.746094
0 0.869141 0.750000 0.863281 0.755859 0.863281 0.759766 0.865234 0.761719 0.865234 0.763672 0.871094 0.769531 0.876953 0.763672 0.876953 0.761719 0.878906 0.759766 0.878906 0.757812 0.875000 0.751953 0.873047 0.751953 0.871094 0.750000
0 0.515625 0.755859 0.511719 0.759766 0.515625 0.763672 0.517578 0.763672 0.521484 0.759766 0.517578 0.755859
0 0.710938 0.755859 0.707031 0.755859 0.703125 0.759766 0.707031 0.763672 0.708984 0.763672 0.712891 0.759766 0.712891 0.757812
0 0.500000 0.759766 0.498047 0.761719 0.498047 0.763672 0.503906 0.769531 0.505859 0.767578 0.505859 0.765625
0 0.478516 0.771484 0.474609 0.775391 0.476562 0.777344 0.478516 0.777344 0.480469 0.775391 0.480469 0.773438
0 0.732422 0.777344 0.730469 0.779297 0.730469 0.781250 0.732422 0.783203 0.734375 0.783203 0.736328 0.781250
0 0.500000 0.785156 0.498047 0.787109 0.501953 0.791016 0.503906 0.791016 0.505859 0.789062 0.505859 0.787109 0.503906 0.785156
0 0.779297 0.785156 0.777344 0.787109 0.779297 0.789062 0.781250 0.789062 0.783203 0.787109 0.781250 0.785156
0 0.480469 0.789062 0.478516 0.789062 0.476562 0.791016 0.476562 0.792969 0.474609 0.794922 0.474609 0.800781 0.478516 0.804688 0.484375 0.798828 0.484375 0.794922 0.486328 0.792969 0.484375 0.791016 0.482422 0.791016
0 0.541016 0.791016 0.537109 0.794922 0.537109 0.800781 0.539062 0.802734 0.541016 0.802734 0.542969 0.804688 0.544922 0.804688 0.550781 0.798828 0.550781 0.794922 0.546875 0.791016
0 0.900391 0.802734 0.896484 0.806641 0.900391 0.810547 0.904297 0.806641
0 0.935547 0.800781 0.933594 0.800781 0.929688 0.804688 0.933594 0.808594 0.937500 0.804688 0.937500 0.802734
0 0.593750 0.806641 0.593750 0.808594 0.597656 0.812500 0.599609 0.810547 0.601562 0.810547 0.603516 0.808594 0.603516 0.806641 0.601562 0.804688 0.595703 0.804688
1 0.474609 0.824219 0.480469 0.830078 0.482422 0.830078 0.484375 0.832031 0.488281 0.832031 0.492188 0.828125 0.492188 0.824219 0.496094 0.820312 0.498047 0.820312 0.500000 0.822266 0.501953 0.822266 0.503906 0.820312 0.505859 0.822266 0.511719 0.822266 0.515625 0.826172 0.515625 0.828125 0.513672 0.830078 0.513672 0.832031 0.515625 0.833984 0.517578 0.832031 0.519531 0.832031 0.525391 0.826172 0.525391 0.824219 0.527344 0.822266 0.523438 0.818359 0.521484 0.818359 0.511719 0.812500 0.509766 0.814453 0.507812 0.814453 0.505859 0.812500 0.501953 0.812500 0.500000 0.810547 0.498047 0.810547 0.492188 0.816406 0.488281 0.816406 0.486328 0.814453 0.482422 0.814453 0.474609 0.822266
0 0.947266 0.818359 0.943359 0.822266 0.943359 0.824219 0.947266 0.828125 0.951172 0.824219 0.951172 0.822266
0 0.750000 0.835938 0.748047 0.837891 0.748047 0.839844 0.750000 0.841797 0.751953 0.839844 0.751953 0.837891
0 0.798828 0.841797 0.796875 0.843750 0.798828 0.845703 0.800781 0.843750
0 0.484375 0.845703 0.480469 0.849609 0.482422 0.851562 0.482422 0.855469 0.484375 0.857422 0.488281 0.857422 0.492188 0.853516 0.492188 0.849609 0.488281 0.845703
0 0.929688 0.845703 0.925781 0.849609 0.929688 0.853516 0.933594 0.849609
0 0.951172 0.847656 0.947266 0.851562 0.947266 0.853516 0.945312 0.855469 0.945312 0.857422 0.947266 0.859375 0.947266 0.861328 0.951172 0.865234 0.953125 0.865234 0.955078 0.863281 0.958984 0.863281 0.960938 0.861328 0.960938 0.853516 0.958984 0.851562 0.957031 0.851562 0.953125 0.847656
0 0.916016 0.851562 0.910156 0.857422 0.916016 0.863281 0.919922 0.859375 0.919922 0.855469
0 0.650391 0.869141 0.646484 0.869141 0.642578 0.873047 0.646484 0.876953 0.648438 0.876953 0.652344 0.873047 0.652344 0.871094
0 0.800781 0.867188 0.794922 0.871094 0.794922 0.873047 0.792969 0.875000 0.792969 0.878906 0.796875 0.884766 0.800781 0.884766 0.802734 0.886719 0.810547 0.878906 0.810547 0.873047 0.806641 0.869141 0.804688 0.869141 0.802734 0.867188
0 0.781250 0.904297 0.781250 0.916016 0.787109 0.921875 0.794922 0.921875 0.796875 0.923828 0.798828 0.921875 0.800781 0.923828 0.802734 0.921875 0.808594 0.921875 0.812500 0.917969 0.812500 0.914062 0.806641 0.906250 0.796875 0.904297 0.791016 0.900391 0.785156 0.900391
0 0.882812 0.898438 0.878906 0.902344 0.878906 0.904297 0.880859 0.906250 0.880859 0.908203 0.882812 0.910156 0.888672 0.910156 0.892578 0.906250 0.892578 0.902344 0.888672 0.898438
0 0.984375 0.919922 0.982422 0.921875 0.982422 0.923828 0.984375 0.925781 0.986328 0.925781 0.988281 0.923828 0.988281 0.921875 0.986328 0.919922
0 0.923828 0.935547 0.919922 0.941406 0.919922 0.949219 0.921875 0.951172 0.923828 0.957031 0.929688 0.962891 0.933594 0.962891 0.935547 0.964844 0.943359 0.958984 0.943359 0.951172 0.941406 0.949219 0.941406 0.945312 0.935547 0.937500 0.933594 0.937500 0.931641 0.935547
1 0.998047 0.935547 0.996094 0.937500 0.996094 0.939453 0.994141 0.941406 0.994141 0.951172 0.996094 0.953125 0.996094 0.962891 0.994141 0.964844 0.994141 0.970703 0.998047 0.974609
0 0.730469 0.966797 0.759766 0.994141 0.775391 0.988281 0.781250 0.970703 0.796875 0.984375 0.796875 0.990234 0.789062 0.998047 0.802734 0.998047 0.806641 0.988281 0.804688 0.968750 0.775391 0.937500 0.767578 0.941406 0.759766 0.960938 0.736328 0.958984
0 0.671875 0.955078 0.667969 0.960938 0.667969 0.968750 0.675781 0.980469 0.679688 0.982422 0.687500 0.982422 0.695312 0.988281 0.701172 0.988281 0.708984 0.980469 0.708984 0.966797 0.703125 0.958984 0.691406 0.958984 0.681641 0.953125
0 0.898438 0.953125 0.894531 0.953125 0.892578 0.955078 0.890625 0.955078 0.886719 0.960938 0.886719 0.966797 0.890625 0.970703 0.894531 0.970703 0.896484 0.968750 0.898438 0.968750 0.904297 0.962891 0.904297 0.958984
1 0.611328 0.998047 0.656250 0.998047 0.664062 0.988281 0.660156 0.984375 0.654297 0.984375 0.648438 0.980469 0.623047 0.978516 0.617188 0.984375
1 0.976562 0.996094 0.976562 0.998047 0.994141 0.998047 0.988281 0.992188 0.986328 0.992188 0.984375 0.990234 0.980469 0.990234 0.978516 0.992188 0.978516 0.994141
1 0.875000 0.998047 0.886719 0.998047 0.884766 0.996094 0.882812 0.996094 0.880859 0.994141 0.878906 0.994141
1 0.943359 0.998047 0.949219 0.998047 0.947266 0.996094 0.945312 0.996094
