0 0.863281 0.175781 0.859375 0.179688 0.863281 0.183594 0.865234 0.181641 0.865234 0.177734
1 0.000000 0.201172 0.000000 0.525391 0.083984 0.763672 0.146484 0.773438 0.160156 0.839844 0.207031 0.767578 0.298828 0.845703 0.259766 0.886719 0.265625 0.974609 0.328125 0.935547 0.433594 0.998047 0.414062 0.937500 0.507812 0.917969 0.382812 0.908203 0.261719 0.771484 0.179688 0.732422 0.373047 0.671875 0.423828 0.613281 0.478516 0.623047 0.353516 0.515625 0.404297 0.574219 0.375000 0.654297 0.115234 0.693359 0.111328 0.666016 0.279297 0.617188 0.230469 0.601562 0.271484 0.527344 0.267578 0.576172 0.326172 0.517578 0.218750 0.406250 0.138672 0.429688 0.138672 0.361328 0.097656 0.398438 0.128906 0.275391 0.064453 0.208984
0 0.847656 0.201172 0.845703 0.203125 0.847656 0.205078 0.849609 0.205078 0.851562 0.203125 0.849609 0.201172
0 0.966797 0.216797 0.964844 0.218750 0.964844 0.220703 0.966797 0.222656 0.968750 0.220703 0.968750 0.218750
0 0.689453 0.228516 0.683594 0.234375 0.683594 0.240234 0.689453 0.246094 0.693359 0.246094 0.697266 0.242188 0.697266 0.234375 0.691406 0.228516
0 0.427734 0.248047 0.425781 0.248047 0.419922 0.253906 0.419922 0.259766 0.423828 0.263672 0.427734 0.263672 0.431641 0.259766 0.431641 0.251953
0 0.519531 0.255859 0.515625 0.255859 0.511719 0.259766 0.517578 0.265625 0.523438 0.259766
1 0.488281 0.259766 0.492188 0.263672 0.494141 0.263672 0.500000 0.269531 0.501953 0.269531 0.503906 0.271484 0.505859 0.269531 0.505859 0.265625 0.501953 0.261719 0.500000 0.261719 0.496094 0.257812 0.490234 0.257812
0 0.755859 0.273438 0.751953 0.277344 0.751953 0.279297 0.755859 0.283203 0.759766 0.279297 0.759766 0.277344
0 0.287109 0.292969 0.281250 0.292969 0.267578 0.302734 0.269531 0.312500 0.273438 0.316406 0.283203 0.316406 0.285156 0.314453 0.289062 0.314453 0.292969 0.310547 0.292969 0.298828
0 0.072266 0.300781 0.068359 0.304688 0.068359 0.314453 0.074219 0.320312 0.078125 0.316406 0.078125 0.308594 0.076172 0.306641 0.076172 0.304688
0 0.500000 0.306641 0.505859 0.312500 0.507812 0.312500 0.509766 0.314453 0.515625 0.314453 0.517578 0.312500 0.517578 0.308594 0.513672 0.304688 0.509766 0.304688 0.507812 0.302734 0.503906 0.302734
0 0.628906 0.310547 0.625000 0.310547 0.623047 0.312500 0.623047 0.314453 0.625000 0.316406 0.626953 0.316406 0.630859 0.312500
0 0.357422 0.318359 0.353516 0.322266 0.353516 0.330078 0.355469 0.332031 0.355469 0.335938 0.359375 0.339844 0.363281 0.339844 0.365234 0.337891 0.365234 0.328125 0.363281 0.326172 0.363281 0.324219
0 0.375000 0.341797 0.371094 0.345703 0.371094 0.347656 0.375000 0.351562 0.376953 0.351562 0.380859 0.347656 0.380859 0.345703 0.376953 0.341797
0 0.775391 0.339844 0.773438 0.341797 0.771484 0.341797 0.767578 0.345703 0.767578 0.349609 0.769531 0.351562 0.769531 0.353516 0.771484 0.355469 0.773438 0.355469 0.779297 0.349609 0.779297 0.343750
0 0.326172 0.347656 0.324219 0.349609 0.326172 0.351562 0.328125 0.351562 0.330078 0.349609 0.328125 0.347656
0 0.175781 0.353516 0.171875 0.359375 0.171875 0.363281 0.177734 0.369141 0.181641 0.369141 0.183594 0.371094 0.189453 0.373047 0.193359 0.369141 0.193359 0.365234 0.191406 0.363281 0.191406 0.359375 0.189453 0.357422 0.189453 0.355469 0.185547 0.351562 0.179688 0.351562 0.177734 0.353516
0 0.390625 0.353516 0.388672 0.355469 0.388672 0.357422 0.390625 0.359375 0.392578 0.359375 0.394531 0.357422 0.394531 0.355469 0.392578 0.353516
0 0.511719 0.353516 0.507812 0.353516 0.505859 0.355469 0.503906 0.355469 0.498047 0.361328 0.498047 0.365234 0.500000 0.367188 0.501953 0.367188 0.505859 0.371094 0.509766 0.371094 0.515625 0.365234 0.515625 0.357422
0 0.341797 0.359375 0.337891 0.363281 0.339844 0.365234 0.341797 0.365234 0.343750 0.363281 0.343750 0.361328
0 0.423828 0.361328 0.421875 0.363281 0.427734 0.369141 0.429688 0.367188 0.429688 0.365234 0.425781 0.361328
0 0.382812 0.363281 0.380859 0.363281 0.376953 0.367188 0.376953 0.369141 0.380859 0.373047 0.386719 0.367188
0 0.281250 0.371094 0.279297 0.373047 0.281250 0.375000 0.283203 0.373047
0 0.404297 0.376953 0.394531 0.388672 0.392578 0.392578 0.392578 0.400391 0.396484 0.404297 0.408203 0.404297 0.410156 0.406250 0.414062 0.406250 0.417969 0.402344 0.417969 0.394531 0.410156 0.386719 0.410156 0.380859 0.406250 0.376953
0 0.876953 0.386719 0.869141 0.380859 0.865234 0.380859 0.863281 0.382812 0.861328 0.382812 0.853516 0.390625 0.853516 0.392578 0.851562 0.394531 0.851562 0.398438 0.853516 0.400391 0.853516 0.402344 0.855469 0.404297 0.865234 0.404297 0.867188 0.402344 0.869141 0.402344 0.873047 0.398438 0.873047 0.396484 0.876953 0.390625
0 0.458984 0.388672 0.457031 0.390625 0.457031 0.392578 0.455078 0.394531 0.458984 0.398438 0.462891 0.394531 0.462891 0.392578
0 0.470703 0.392578 0.468750 0.394531 0.470703 0.396484 0.472656 0.394531
0 0.500000 0.400391 0.498047 0.398438 0.496094 0.398438 0.490234 0.402344 0.484375 0.402344 0.480469 0.406250 0.480469 0.408203 0.482422 0.410156 0.488281 0.410156 0.494141 0.416016 0.496094 0.416016 0.498047 0.414062 0.498047 0.410156 0.500000 0.408203
0 0.347656 0.408203 0.345703 0.410156 0.345703 0.412109 0.349609 0.416016 0.351562 0.416016 0.355469 0.419922 0.359375 0.416016 0.359375 0.414062 0.357422 0.412109 0.355469 0.412109 0.351562 0.408203
0 0.458984 0.414062 0.457031 0.416016 0.458984 0.417969 0.460938 0.416016
0 0.671875 0.414062 0.669922 0.416016 0.669922 0.417969 0.671875 0.419922 0.673828 0.419922 0.675781 0.417969 0.675781 0.416016 0.673828 0.414062
0 0.591797 0.429688 0.589844 0.429688 0.583984 0.435547 0.583984 0.445312 0.587891 0.449219 0.589844 0.449219 0.591797 0.447266 0.593750 0.447266 0.597656 0.443359 0.597656 0.435547
0 0.472656 0.447266 0.468750 0.451172 0.468750 0.453125 0.472656 0.457031 0.476562 0.457031 0.478516 0.455078 0.478516 0.451172 0.474609 0.447266
0 0.519531 0.445312 0.515625 0.449219 0.515625 0.451172 0.519531 0.455078 0.523438 0.451172 0.523438 0.449219
0 0.349609 0.449219 0.347656 0.451172 0.349609 0.453125 0.351562 0.453125 0.353516 0.451172 0.351562 0.449219
1 0.552734 0.457031 0.558594 0.462891 0.564453 0.462891 0.566406 0.464844 0.568359 0.462891 0.572266 0.462891 0.578125 0.466797 0.582031 0.462891 0.580078 0.460938 0.574219 0.460938 0.568359 0.455078 0.554688 0.455078
0 0.322266 0.464844 0.330078 0.476562 0.343750 0.490234 0.357422 0.492188 0.361328 0.488281 0.359375 0.478516 0.343750 0.458984 0.326172 0.460938
0 0.486328 0.474609 0.482422 0.478516 0.482422 0.484375 0.484375 0.486328 0.486328 0.486328 0.488281 0.488281 0.494141 0.482422 0.494141 0.480469 0.488281 0.474609
0 0.562500 0.472656 0.560547 0.474609 0.566406 0.480469 0.570312 0.476562 0.566406 0.472656
0 0.623047 0.511719 0.623047 0.515625 0.626953 0.519531 0.628906 0.519531 0.630859 0.521484 0.632812 0.521484 0.634766 0.519531 0.636719 0.519531 0.638672 0.517578 0.638672 0.513672 0.632812 0.507812 0.626953 0.507812
0 0.582031 0.527344 0.580078 0.529297 0.582031 0.531250 0.583984 0.529297
0 0.419922 0.539062 0.417969 0.541016 0.417969 0.542969 0.419922 0.544922 0.421875 0.542969 0.421875 0.541016
0 0.626953 0.548828 0.623047 0.552734 0.623047 0.556641 0.626953 0.560547 0.632812 0.560547 0.636719 0.556641 0.636719 0.554688 0.630859 0.548828
0 0.339844 0.554688 0.335938 0.558594 0.335938 0.562500 0.337891 0.564453 0.339844 0.564453 0.341797 0.566406 0.345703 0.562500 0.345703 0.558594 0.341797 0.554688
0 0.318359 0.585938 0.314453 0.589844 0.314453 0.591797 0.318359 0.595703 0.322266 0.595703 0.324219 0.593750 0.324219 0.589844 0.320312 0.585938
1 0.277344 0.591797 0.281250 0.595703 0.285156 0.595703 0.287109 0.597656 0.294922 0.597656 0.296875 0.595703 0.296875 0.593750 0.292969 0.589844 0.279297 0.589844
0 0.150391 0.607422 0.148438 0.609375 0.148438 0.611328 0.152344 0.615234 0.154297 0.615234 0.158203 0.611328 0.154297 0.607422
0 0.302734 0.628906 0.300781 0.630859 0.300781 0.632812 0.302734 0.634766 0.304688 0.634766 0.306641 0.632812 0.306641 0.630859 0.304688 0.628906
0 0.593750 0.628906 0.591797 0.628906 0.589844 0.630859 0.587891 0.630859 0.585938 0.632812 0.585938 0.636719 0.589844 0.640625 0.593750 0.640625 0.595703 0.638672 0.595703 0.630859
0 0.867188 0.632812 0.865234 0.632812 0.863281 0.634766 0.863281 0.636719 0.865234 0.638672 0.869141 0.634766
0 0.484375 0.636719 0.476562 0.636719 0.470703 0.642578 0.470703 0.648438 0.482422 0.658203 0.482422 0.662109 0.470703 0.669922 0.470703 0.673828 0.474609 0.677734 0.478516 0.677734 0.488281 0.666016 0.494141 0.666016 0.498047 0.669922 0.503906 0.666016 0.503906 0.656250
0 0.644531 0.638672 0.642578 0.638672 0.638672 0.642578 0.638672 0.644531 0.640625 0.646484 0.642578 0.646484 0.646484 0.642578 0.646484 0.640625
0 0.664062 0.638672 0.662109 0.640625 0.660156 0.640625 0.658203 0.642578 0.664062 0.648438 0.667969 0.644531 0.667969 0.642578
0 0.703125 0.636719 0.701172 0.638672 0.701172 0.642578 0.703125 0.644531 0.705078 0.644531 0.707031 0.642578 0.707031 0.640625
0 0.824219 0.638672 0.818359 0.644531 0.818359 0.648438 0.824219 0.654297 0.830078 0.648438 0.830078 0.644531
1 0.191406 0.652344 0.191406 0.654297 0.197266 0.660156 0.199219 0.660156 0.201172 0.662109 0.203125 0.662109 0.205078 0.660156 0.208984 0.660156 0.212891 0.656250 0.212891 0.654297 0.208984 0.650391 0.205078 0.654297 0.199219 0.654297 0.195312 0.650391 0.193359 0.650391
0 0.603516 0.650391 0.601562 0.648438 0.599609 0.648438 0.595703 0.652344 0.597656 0.654297 0.601562 0.654297 0.603516 0.652344
0 0.783203 0.673828 0.781250 0.673828 0.777344 0.677734 0.777344 0.679688 0.775391 0.681641 0.775391 0.687500 0.777344 0.689453 0.781250 0.689453 0.785156 0.685547 0.785156 0.679688 0.787109 0.677734
0 0.480469 0.691406 0.476562 0.701172 0.482422 0.707031 0.482422 0.710938 0.484375 0.712891 0.490234 0.708984 0.498047 0.714844 0.498047 0.720703 0.505859 0.728516 0.509766 0.728516 0.517578 0.722656 0.515625 0.705078 0.521484 0.699219 0.525391 0.701172 0.529297 0.697266 0.525391 0.691406 0.519531 0.697266 0.515625 0.697266 0.509766 0.691406 0.500000 0.693359 0.486328 0.689453
0 0.890625 0.710938 0.888672 0.710938 0.886719 0.712891 0.886719 0.714844 0.888672 0.716797 0.892578 0.712891
0 0.578125 0.714844 0.574219 0.718750 0.578125 0.722656 0.582031 0.718750
0 0.431641 0.734375 0.435547 0.748047 0.443359 0.753906 0.451172 0.753906 0.458984 0.738281 0.468750 0.748047 0.482422 0.746094 0.480469 0.730469 0.476562 0.722656 0.470703 0.718750 0.464844 0.720703 0.455078 0.734375 0.447266 0.728516 0.441406 0.718750
0 0.402344 0.748047 0.398438 0.751953 0.400391 0.753906 0.404297 0.750000
0 0.511719 0.750000 0.509766 0.750000 0.505859 0.753906 0.505859 0.757812 0.507812 0.759766 0.511719 0.759766 0.515625 0.755859 0.513672 0.753906 0.513672 0.751953
0 0.369141 0.753906 0.365234 0.757812 0.365234 0.759766 0.371094 0.765625 0.375000 0.765625 0.376953 0.763672 0.376953 0.757812 0.373047 0.753906
1 0.457031 0.765625 0.457031 0.767578 0.462891 0.771484 0.464844 0.769531 0.468750 0.769531 0.474609 0.773438 0.478516 0.769531 0.476562 0.767578 0.472656 0.767578 0.470703 0.765625 0.468750 0.765625 0.462891 0.761719 0.460938 0.761719
0 0.578125 0.761719 0.574219 0.765625 0.574219 0.767578 0.578125 0.771484 0.583984 0.771484 0.585938 0.769531 0.585938 0.767578 0.587891 0.765625 0.583984 0.761719
0 0.568359 0.779297 0.564453 0.775391 0.542969 0.777344 0.539062 0.783203 0.539062 0.792969 0.529297 0.800781 0.527344 0.808594 0.529297 0.810547 0.535156 0.808594 0.544922 0.794922 0.552734 0.800781 0.548828 0.806641 0.554688 0.810547 0.558594 0.806641 0.556641 0.798828 0.568359 0.789062
0 0.865234 0.804688 0.843750 0.777344 0.832031 0.779297 0.824219 0.785156 0.802734 0.781250 0.789062 0.794922 0.789062 0.812500 0.796875 0.822266 0.810547 0.820312 0.824219 0.806641 0.835938 0.820312 0.847656 0.824219 0.855469 0.820312
0 0.484375 0.785156 0.482422 0.787109 0.482422 0.789062 0.484375 0.791016 0.486328 0.791016 0.488281 0.789062 0.488281 0.787109 0.486328 0.785156
0 0.628906 0.789062 0.626953 0.791016 0.625000 0.791016 0.623047 0.792969 0.623047 0.794922 0.621094 0.796875 0.625000 0.800781 0.628906 0.800781 0.634766 0.794922
0 0.718750 0.792969 0.714844 0.796875 0.714844 0.798828 0.718750 0.802734 0.720703 0.802734 0.722656 0.800781 0.722656 0.796875
0 0.771484 0.796875 0.769531 0.798828 0.769531 0.800781 0.771484 0.802734 0.773438 0.802734 0.775391 0.800781
0 0.568359 0.808594 0.562500 0.814453 0.562500 0.824219 0.568359 0.830078 0.570312 0.830078 0.578125 0.822266 0.578125 0.816406 0.574219 0.810547 0.572266 0.810547 0.570312 0.808594
1 0.595703 0.812500 0.595703 0.816406 0.599609 0.820312 0.607422 0.820312 0.613281 0.826172 0.615234 0.826172 0.617188 0.828125 0.621094 0.828125 0.625000 0.824219 0.623047 0.822266 0.623047 0.818359 0.619141 0.814453 0.613281 0.814453 0.611328 0.816406 0.609375 0.816406 0.601562 0.808594 0.599609 0.808594
0 0.958984 0.814453 0.955078 0.814453 0.953125 0.816406 0.957031 0.820312 0.960938 0.816406
1 0.685547 0.822266 0.683594 0.820312 0.681641 0.820312 0.679688 0.822266 0.677734 0.822266 0.673828 0.826172 0.666016 0.826172 0.664062 0.828125 0.664062 0.830078 0.666016 0.832031 0.669922 0.832031 0.675781 0.826172 0.677734 0.828125 0.683594 0.828125 0.685547 0.826172
0 0.521484 0.832031 0.521484 0.835938 0.525391 0.839844 0.531250 0.839844 0.533203 0.837891 0.535156 0.837891 0.537109 0.835938 0.537109 0.833984 0.533203 0.830078 0.531250 0.830078 0.529297 0.828125 0.525391 0.828125
0 0.416016 0.833984 0.414062 0.835938 0.414062 0.837891 0.416016 0.839844 0.417969 0.839844 0.419922 0.837891 0.419922 0.835938 0.417969 0.833984
1 0.548828 0.833984 0.546875 0.835938 0.546875 0.839844 0.552734 0.845703 0.556641 0.845703 0.558594 0.843750
0 0.593750 0.833984 0.591797 0.835938 0.591797 0.839844 0.593750 0.841797 0.595703 0.841797 0.599609 0.837891 0.595703 0.833984
0 0.644531 0.835938 0.634766 0.837891 0.619141 0.847656 0.619141 0.853516 0.623047 0.857422 0.623047 0.861328 0.630859 0.869141 0.634766 0.869141 0.636719 0.871094 0.642578 0.867188 0.646484 0.867188 0.656250 0.853516 0.650391 0.841797
0 0.806641 0.839844 0.802734 0.843750 0.802734 0.851562 0.806641 0.855469 0.810547 0.855469 0.814453 0.851562 0.814453 0.849609 0.816406 0.847656 0.816406 0.843750 0.812500 0.839844
0 0.574219 0.843750 0.572266 0.845703 0.572266 0.847656 0.576172 0.851562 0.578125 0.851562 0.580078 0.849609 0.580078 0.847656 0.576172 0.843750
0 0.595703 0.855469 0.593750 0.857422 0.593750 0.859375 0.595703 0.861328 0.597656 0.861328 0.599609 0.859375 0.599609 0.857422 0.597656 0.855469
0 0.822266 0.855469 0.814453 0.861328 0.812500 0.865234 0.812500 0.873047 0.814453 0.876953 0.824219 0.886719 0.830078 0.886719 0.835938 0.880859 0.835938 0.867188 0.832031 0.859375 0.828125 0.855469
0 0.496094 0.861328 0.494141 0.863281 0.494141 0.867188 0.498047 0.871094 0.503906 0.871094 0.505859 0.869141 0.505859 0.865234 0.501953 0.861328
0 0.531250 0.859375 0.529297 0.861328 0.529297 0.867188 0.531250 0.869141 0.535156 0.869141 0.539062 0.865234 0.539062 0.863281 0.535156 0.859375
1 0.474609 0.863281 0.470703 0.867188 0.470703 0.871094 0.468750 0.873047 0.474609 0.880859 0.474609 0.886719 0.472656 0.888672 0.472656 0.890625 0.476562 0.894531 0.478516 0.894531 0.482422 0.890625 0.482422 0.878906 0.484375 0.876953 0.484375 0.871094 0.478516 0.863281
0 0.572266 0.863281 0.570312 0.863281 0.564453 0.869141 0.564453 0.871094 0.562500 0.873047 0.562500 0.875000 0.558594 0.880859 0.562500 0.884766 0.568359 0.884766 0.574219 0.878906 0.574219 0.876953 0.576172 0.875000 0.576172 0.867188
1 0.781250 0.937500 0.763672 0.923828 0.746094 0.886719 0.753906 0.875000 0.746094 0.865234 0.716797 0.875000 0.708984 0.892578 0.693359 0.896484 0.705078 0.914062 0.693359 0.925781 0.605469 0.947266 0.578125 0.939453 0.576172 0.972656 0.537109 0.957031 0.531250 0.982422 0.539062 0.998047 0.658203 0.998047 0.660156 0.972656 0.650391 0.972656 0.646484 0.962891 0.666016 0.955078 0.685547 0.964844 0.677734 0.984375 0.683594 0.998047 0.748047 0.998047 0.750000 0.982422 0.707031 0.941406 0.714844 0.933594 0.730469 0.949219 0.746094 0.925781 0.748047 0.962891 0.763672 0.998047 0.773438 0.998047 0.779297 0.980469 0.771484 0.949219
0 0.667969 0.869141 0.664062 0.873047 0.664062 0.886719 0.660156 0.894531 0.667969 0.904297 0.673828 0.904297 0.679688 0.896484 0.679688 0.890625 0.675781 0.882812 0.675781 0.873047 0.671875 0.869141
0 0.333984 0.886719 0.328125 0.886719 0.326172 0.888672 0.324219 0.888672 0.320312 0.892578 0.320312 0.898438 0.324219 0.902344 0.326172 0.902344 0.333984 0.894531 0.333984 0.892578 0.335938 0.890625 0.335938 0.888672
0 0.423828 0.892578 0.421875 0.894531 0.421875 0.896484 0.423828 0.898438 0.425781 0.898438 0.427734 0.896484 0.427734 0.894531 0.425781 0.892578
0 0.574219 0.896484 0.570312 0.900391 0.570312 0.904297 0.574219 0.908203 0.578125 0.908203 0.580078 0.910156 0.583984 0.906250 0.583984 0.900391 0.580078 0.896484
0 0.818359 0.898438 0.816406 0.900391 0.816406 0.902344 0.812500 0.906250 0.812500 0.910156 0.814453 0.912109 0.814453 0.916016 0.820312 0.921875 0.826172 0.921875 0.832031 0.916016 0.832031 0.906250 0.824219 0.898438
0 0.984375 0.898438 0.980469 0.902344 0.984375 0.906250 0.988281 0.902344
1 0.593750 0.904297 0.589844 0.908203 0.591797 0.914062 0.593750 0.916016 0.595703 0.916016 0.601562 0.921875 0.601562 0.923828 0.603516 0.925781 0.605469 0.925781 0.607422 0.923828 0.607422 0.919922 0.603516 0.916016 0.603516 0.910156 0.597656 0.904297
0 0.888672 0.917969 0.882812 0.921875 0.882812 0.923828 0.880859 0.925781 0.880859 0.931641 0.886719 0.937500 0.892578 0.937500 0.896484 0.933594 0.896484 0.931641 0.898438 0.929688 0.898438 0.925781 0.894531 0.919922 0.892578 0.919922 0.890625 0.917969
0 0.511719 0.929688 0.505859 0.935547 0.505859 0.945312 0.507812 0.947266 0.507812 0.949219 0.513672 0.955078 0.523438 0.955078 0.529297 0.949219 0.529297 0.947266 0.531250 0.945312 0.531250 0.935547 0.523438 0.929688
0 0.544922 0.931641 0.542969 0.933594 0.541016 0.933594 0.539062 0.935547 0.539062 0.941406 0.541016 0.943359 0.541016 0.945312 0.542969 0.947266 0.548828 0.947266 0.550781 0.945312 0.550781 0.939453 0.548828 0.937500 0.548828 0.935547
0 0.849609 0.943359 0.847656 0.945312 0.849609 0.947266 0.851562 0.945312
0 0.466797 0.962891 0.464844 0.964844 0.464844 0.968750 0.468750 0.972656 0.472656 0.972656 0.476562 0.968750 0.476562 0.966797 0.472656 0.962891
0 0.835938 0.974609 0.833984 0.976562 0.832031 0.976562 0.828125 0.980469 0.828125 0.986328 0.832031 0.990234 0.837891 0.990234 0.841797 0.986328 0.841797 0.978516 0.839844 0.976562 0.837891 0.976562
