0 0.150391 0.025391 0.146484 0.029297 0.150391 0.033203 0.154297 0.033203 0.156250 0.031250 0.156250 0.029297 0.152344 0.025391
0 0.152344 0.048828 0.148438 0.052734 0.148438 0.056641 0.152344 0.060547 0.154297 0.060547 0.158203 0.056641 0.158203 0.052734 0.154297 0.048828
0 0.523438 0.056641 0.521484 0.058594 0.523438 0.060547 0.525391 0.058594
1 0.000000 0.064453 0.035156 0.191406 0.000000 0.222656 0.000000 0.525391 0.105469 0.664062 0.109375 0.775391 0.193359 0.695312 0.236328 0.730469 0.212891 0.855469 0.375000 0.833984 0.337891 0.998047 0.429688 0.962891 0.548828 0.998047 0.548828 0.949219 0.642578 0.964844 0.591797 0.998047 0.679688 0.998047 0.691406 0.912109 0.775391 0.937500 0.726562 0.869141 0.609375 0.882812 0.636719 0.941406 0.529297 0.894531 0.501953 0.962891 0.386719 0.929688 0.425781 0.722656 0.384766 0.785156 0.355469 0.705078 0.335938 0.783203 0.261719 0.785156 0.218750 0.685547 0.335938 0.628906 0.292969 0.546875 0.367188 0.578125 0.369141 0.544922 0.183594 0.523438 0.173828 0.322266 0.101562 0.343750 0.044922 0.285156 0.066406 0.230469 0.164062 0.207031 0.179688 0.125000 0.121094 0.066406
1 0.000000 0.150391 0.000000 0.166016 0.003906 0.162109 0.003906 0.158203 0.001953 0.156250 0.001953 0.152344
1 0.285156 0.177734 0.281250 0.173828 0.277344 0.173828 0.273438 0.177734 0.267578 0.177734 0.255859 0.189453 0.255859 0.195312 0.257812 0.197266 0.259766 0.197266 0.265625 0.191406 0.265625 0.189453 0.273438 0.183594 0.275391 0.183594 0.277344 0.185547 0.281250 0.185547 0.285156 0.181641
0 0.363281 0.171875 0.361328 0.173828 0.361328 0.177734 0.365234 0.181641 0.365234 0.183594 0.367188 0.185547 0.369141 0.185547 0.371094 0.183594 0.371094 0.179688 0.369141 0.177734 0.369141 0.175781 0.365234 0.171875
0 0.685547 0.179688 0.681641 0.183594 0.681641 0.185547 0.685547 0.189453 0.687500 0.189453 0.691406 0.185547 0.691406 0.183594 0.687500 0.179688
0 0.591797 0.187500 0.589844 0.189453 0.589844 0.193359 0.591797 0.195312 0.593750 0.195312 0.597656 0.191406 0.593750 0.187500
0 0.341797 0.195312 0.341797 0.199219 0.343750 0.201172 0.345703 0.201172 0.347656 0.199219 0.349609 0.199219 0.351562 0.197266 0.347656 0.193359 0.343750 0.193359
0 0.671875 0.201172 0.664062 0.201172 0.660156 0.205078 0.660156 0.208984 0.667969 0.216797 0.675781 0.208984 0.675781 0.207031 0.673828 0.205078 0.673828 0.203125
0 0.212891 0.205078 0.210938 0.205078 0.207031 0.208984 0.207031 0.212891 0.208984 0.214844 0.212891 0.214844 0.216797 0.210938 0.216797 0.208984
0 0.337891 0.203125 0.335938 0.203125 0.333984 0.205078 0.333984 0.207031 0.332031 0.208984 0.335938 0.212891 0.339844 0.208984 0.339844 0.205078
0 0.560547 0.208984 0.554688 0.214844 0.554688 0.216797 0.560547 0.222656 0.564453 0.222656 0.568359 0.218750 0.568359 0.214844 0.564453 0.210938 0.562500 0.210938
0 0.191406 0.212891 0.183594 0.212891 0.181641 0.214844 0.175781 0.214844 0.171875 0.218750 0.171875 0.224609 0.169922 0.226562 0.171875 0.228516 0.171875 0.232422 0.177734 0.238281 0.185547 0.238281 0.197266 0.232422 0.199219 0.228516 0.199219 0.222656 0.197266 0.218750
0 0.363281 0.220703 0.361328 0.222656 0.361328 0.226562 0.363281 0.228516 0.365234 0.228516 0.367188 0.230469 0.369141 0.230469 0.371094 0.228516 0.371094 0.224609 0.367188 0.220703
0 0.667969 0.220703 0.664062 0.224609 0.664062 0.230469 0.666016 0.232422 0.671875 0.232422 0.675781 0.228516 0.675781 0.226562 0.669922 0.220703
1 0.289062 0.226562 0.285156 0.232422 0.287109 0.234375 0.287109 0.236328 0.283203 0.242188 0.283203 0.246094 0.287109 0.250000 0.294922 0.242188 0.294922 0.240234 0.296875 0.238281 0.296875 0.230469 0.294922 0.228516 0.292969 0.230469
0 0.519531 0.226562 0.517578 0.226562 0.515625 0.228516 0.513672 0.228516 0.511719 0.230469 0.511719 0.232422 0.509766 0.234375 0.509766 0.238281 0.513672 0.242188 0.515625 0.242188 0.523438 0.234375 0.523438 0.232422 0.521484 0.230469 0.521484 0.228516
0 0.390625 0.234375 0.388672 0.236328 0.390625 0.238281 0.392578 0.238281 0.394531 0.236328 0.392578 0.234375
0 0.435547 0.242188 0.433594 0.244141 0.433594 0.250000 0.439453 0.255859 0.441406 0.255859 0.443359 0.253906 0.443359 0.246094 0.439453 0.242188
0 0.623047 0.248047 0.619141 0.251953 0.623047 0.255859 0.626953 0.251953
0 0.251953 0.253906 0.250000 0.255859 0.251953 0.257812 0.253906 0.255859
0 0.658203 0.253906 0.652344 0.259766 0.652344 0.269531 0.660156 0.279297 0.658203 0.287109 0.662109 0.291016 0.667969 0.291016 0.669922 0.289062 0.669922 0.285156 0.667969 0.283203 0.666016 0.275391 0.673828 0.267578 0.673828 0.259766 0.666016 0.253906
0 0.216797 0.259766 0.214844 0.261719 0.214844 0.267578 0.220703 0.273438 0.224609 0.269531 0.224609 0.267578 0.222656 0.265625 0.222656 0.263672 0.218750 0.259766
0 0.705078 0.259766 0.701172 0.263672 0.701172 0.265625 0.705078 0.269531 0.707031 0.269531 0.708984 0.267578 0.708984 0.261719 0.707031 0.259766
0 0.244141 0.263672 0.238281 0.263672 0.236328 0.265625 0.236328 0.271484 0.238281 0.273438 0.240234 0.271484 0.242188 0.271484 0.246094 0.267578 0.246094 0.265625
0 0.115234 0.271484 0.111328 0.275391 0.111328 0.281250 0.113281 0.283203 0.117188 0.279297 0.117188 0.273438
0 0.380859 0.269531 0.373047 0.271484 0.367188 0.277344 0.367188 0.300781 0.375000 0.310547 0.378906 0.310547 0.392578 0.296875 0.392578 0.292969 0.396484 0.285156 0.396484 0.281250 0.388672 0.273438 0.384766 0.273438
0 0.437500 0.269531 0.429688 0.275391 0.429688 0.287109 0.435547 0.294922 0.437500 0.294922 0.439453 0.296875 0.445312 0.296875 0.453125 0.289062 0.453125 0.279297 0.445312 0.271484 0.441406 0.271484 0.439453 0.269531
0 0.191406 0.281250 0.187500 0.285156 0.187500 0.291016 0.189453 0.292969 0.191406 0.292969 0.193359 0.294922 0.195312 0.294922 0.199219 0.291016 0.197266 0.289062 0.197266 0.285156 0.193359 0.281250
0 0.820312 0.283203 0.818359 0.285156 0.818359 0.287109 0.822266 0.291016 0.824219 0.291016 0.826172 0.289062 0.826172 0.285156 0.824219 0.283203
0 0.099609 0.291016 0.095703 0.294922 0.095703 0.296875 0.099609 0.300781 0.103516 0.296875 0.103516 0.294922
0 0.673828 0.292969 0.669922 0.296875 0.669922 0.300781 0.671875 0.302734 0.677734 0.302734 0.679688 0.300781 0.679688 0.298828 0.681641 0.296875 0.677734 0.292969
0 0.181641 0.310547 0.177734 0.310547 0.175781 0.312500 0.175781 0.316406 0.177734 0.318359 0.179688 0.318359 0.183594 0.314453 0.183594 0.312500
0 0.738281 0.308594 0.736328 0.310547 0.740234 0.314453 0.742188 0.312500 0.742188 0.310547 0.740234 0.308594
0 0.591797 0.318359 0.587891 0.318359 0.585938 0.320312 0.583984 0.320312 0.582031 0.322266 0.582031 0.324219 0.580078 0.326172 0.580078 0.330078 0.583984 0.333984 0.589844 0.333984 0.595703 0.328125 0.595703 0.322266
0 0.671875 0.316406 0.669922 0.318359 0.669922 0.320312 0.671875 0.322266 0.673828 0.322266 0.675781 0.320312 0.675781 0.318359 0.673828 0.316406
0 0.742188 0.324219 0.740234 0.326172 0.740234 0.330078 0.742188 0.332031 0.744141 0.332031 0.748047 0.328125 0.744141 0.324219
0 0.197266 0.330078 0.195312 0.330078 0.193359 0.332031 0.193359 0.333984 0.195312 0.335938 0.199219 0.332031
0 0.722656 0.332031 0.718750 0.328125 0.716797 0.330078 0.714844 0.330078 0.712891 0.332031 0.708984 0.332031 0.705078 0.335938 0.705078 0.339844 0.707031 0.341797 0.710938 0.341797 0.714844 0.337891 0.716797 0.337891
0 0.570312 0.341797 0.568359 0.343750 0.570312 0.345703 0.572266 0.345703 0.574219 0.343750 0.572266 0.341797
0 0.312500 0.355469 0.310547 0.357422 0.310547 0.359375 0.312500 0.361328 0.314453 0.361328 0.316406 0.359375
0 0.392578 0.357422 0.388672 0.361328 0.388672 0.363281 0.392578 0.367188 0.394531 0.367188 0.398438 0.363281 0.398438 0.361328 0.394531 0.357422
1 0.207031 0.361328 0.199219 0.371094 0.201172 0.382812 0.207031 0.388672 0.226562 0.390625 0.240234 0.408203 0.248047 0.412109 0.253906 0.404297 0.248047 0.384766 0.244141 0.380859 0.230469 0.382812 0.212891 0.361328
0 0.414062 0.359375 0.412109 0.361328 0.414062 0.363281 0.416016 0.361328
0 0.148438 0.375000 0.144531 0.378906 0.144531 0.380859 0.148438 0.384766 0.150391 0.384766 0.154297 0.380859 0.154297 0.378906 0.150391 0.375000
0 0.457031 0.384766 0.455078 0.386719 0.455078 0.392578 0.458984 0.396484 0.462891 0.396484 0.466797 0.392578 0.464844 0.390625 0.466797 0.388672 0.462891 0.384766
1 0.109375 0.390625 0.105469 0.394531 0.113281 0.400391 0.113281 0.408203 0.111328 0.410156 0.115234 0.414062 0.119141 0.414062 0.123047 0.417969 0.126953 0.417969 0.130859 0.414062 0.130859 0.412109 0.128906 0.410156 0.128906 0.408203 0.123047 0.402344 0.123047 0.398438 0.121094 0.396484 0.115234 0.396484
0 0.283203 0.396484 0.279297 0.400391 0.279297 0.406250 0.281250 0.408203 0.281250 0.412109 0.287109 0.417969 0.292969 0.412109 0.292969 0.402344 0.287109 0.396484
0 0.330078 0.396484 0.328125 0.398438 0.328125 0.400391 0.332031 0.404297 0.333984 0.404297 0.337891 0.400391 0.337891 0.398438 0.335938 0.396484
0 0.392578 0.396484 0.390625 0.398438 0.392578 0.400391 0.394531 0.400391 0.396484 0.398438 0.394531 0.396484
0 0.443359 0.402344 0.441406 0.402344 0.437500 0.406250 0.437500 0.410156 0.439453 0.412109 0.443359 0.412109 0.447266 0.408203 0.447266 0.406250
0 0.503906 0.423828 0.501953 0.425781 0.501953 0.429688 0.503906 0.431641 0.503906 0.433594 0.505859 0.435547 0.509766 0.435547 0.513672 0.431641 0.513672 0.427734 0.509766 0.423828
1 0.250000 0.429688 0.246094 0.429688 0.242188 0.433594 0.244141 0.439453 0.236328 0.447266 0.236328 0.449219 0.240234 0.453125 0.244141 0.449219 0.244141 0.447266 0.242188 0.445312 0.248047 0.439453 0.250000 0.439453 0.253906 0.435547 0.253906 0.433594
0 0.634766 0.457031 0.628906 0.462891 0.632812 0.466797 0.634766 0.466797 0.638672 0.462891 0.638672 0.460938
0 0.214844 0.464844 0.210938 0.468750 0.210938 0.476562 0.214844 0.480469 0.216797 0.480469 0.220703 0.476562 0.220703 0.468750 0.218750 0.466797 0.216797 0.466797
0 0.259766 0.468750 0.257812 0.470703 0.257812 0.472656 0.259766 0.474609 0.261719 0.472656 0.261719 0.470703
0 0.423828 0.474609 0.421875 0.474609 0.419922 0.476562 0.419922 0.478516 0.421875 0.480469 0.425781 0.476562
0 0.376953 0.480469 0.375000 0.480469 0.371094 0.484375 0.371094 0.486328 0.369141 0.488281 0.369141 0.496094 0.367188 0.498047 0.367188 0.503906 0.373047 0.509766 0.378906 0.507812 0.384766 0.498047 0.384766 0.488281 0.382812 0.486328 0.382812 0.484375
0 0.394531 0.480469 0.392578 0.482422 0.394531 0.484375 0.396484 0.482422
0 0.236328 0.494141 0.232422 0.494141 0.228516 0.498047 0.226562 0.498047 0.224609 0.500000 0.224609 0.505859 0.226562 0.507812 0.228516 0.507812 0.232422 0.503906 0.232422 0.501953 0.238281 0.496094
0 0.714844 0.496094 0.710938 0.500000 0.716797 0.505859 0.718750 0.505859 0.722656 0.501953 0.722656 0.500000 0.718750 0.496094
0 0.476562 0.500000 0.470703 0.505859 0.470703 0.509766 0.474609 0.513672 0.478516 0.513672 0.482422 0.509766 0.482422 0.505859
0 0.255859 0.503906 0.253906 0.505859 0.253906 0.509766 0.257812 0.513672 0.259766 0.513672 0.263672 0.509766 0.257812 0.503906
0 0.416016 0.517578 0.410156 0.523438 0.410156 0.531250 0.412109 0.533203 0.414062 0.541016 0.417969 0.544922 0.427734 0.544922 0.429688 0.546875 0.431641 0.544922 0.435547 0.544922 0.439453 0.541016 0.439453 0.537109 0.435547 0.529297 0.431641 0.525391
0 0.500000 0.523438 0.496094 0.527344 0.496094 0.529297 0.498047 0.531250 0.500000 0.531250 0.503906 0.527344
0 0.523438 0.525391 0.519531 0.529297 0.519531 0.533203 0.521484 0.535156 0.521484 0.537109 0.523438 0.539062 0.525391 0.539062 0.527344 0.541016 0.529297 0.541016 0.533203 0.537109 0.533203 0.531250 0.527344 0.525391
0 0.248047 0.531250 0.246094 0.533203 0.250000 0.537109 0.251953 0.535156 0.251953 0.533203 0.250000 0.531250
0 0.562500 0.552734 0.560547 0.552734 0.556641 0.556641 0.556641 0.560547 0.558594 0.562500 0.562500 0.562500 0.566406 0.558594 0.566406 0.556641
0 0.591797 0.552734 0.587891 0.552734 0.585938 0.554688 0.585938 0.556641 0.589844 0.560547 0.593750 0.556641 0.593750 0.554688
0 0.697266 0.560547 0.695312 0.562500 0.695312 0.564453 0.697266 0.566406 0.699219 0.566406 0.701172 0.564453 0.701172 0.562500 0.699219 0.560547
0 0.404297 0.564453 0.402344 0.564453 0.398438 0.568359 0.398438 0.574219 0.400391 0.576172 0.404297 0.576172 0.408203 0.572266 0.408203 0.568359
0 0.462891 0.570312 0.466797 0.580078 0.470703 0.583984 0.472656 0.583984 0.476562 0.580078 0.486328 0.580078 0.490234 0.576172 0.490234 0.574219 0.484375 0.568359 0.482422 0.568359 0.480469 0.570312 0.470703 0.564453 0.468750 0.564453
0 0.859375 0.562500 0.855469 0.566406 0.855469 0.572266 0.861328 0.578125 0.863281 0.578125 0.865234 0.580078 0.869141 0.580078 0.873047 0.576172 0.873047 0.572266 0.871094 0.570312 0.871094 0.568359 0.867188 0.564453 0.865234 0.564453 0.863281 0.562500
0 0.392578 0.576172 0.390625 0.578125 0.392578 0.580078 0.394531 0.578125
1 0.408203 0.597656 0.412109 0.601562 0.414062 0.601562 0.421875 0.593750 0.425781 0.593750 0.427734 0.595703 0.433594 0.595703 0.435547 0.593750 0.443359 0.593750 0.445312 0.589844 0.443359 0.587891 0.437500 0.587891 0.429688 0.582031 0.423828 0.582031 0.419922 0.585938 0.417969 0.585938 0.410156 0.593750
1 0.337891 0.593750 0.337891 0.595703 0.339844 0.597656 0.347656 0.597656 0.349609 0.599609 0.353516 0.599609 0.355469 0.601562 0.359375 0.601562 0.361328 0.599609 0.361328 0.597656 0.357422 0.593750 0.355469 0.593750 0.353516 0.595703 0.351562 0.593750 0.349609 0.595703 0.347656 0.595703 0.343750 0.591797 0.339844 0.591797
0 0.394531 0.591797 0.384766 0.591797 0.380859 0.589844 0.375000 0.595703 0.373047 0.599609 0.375000 0.609375 0.369141 0.619141 0.369141 0.623047 0.373047 0.626953 0.386719 0.611328 0.390625 0.611328 0.398438 0.605469 0.400391 0.597656
0 0.792969 0.591797 0.789062 0.591797 0.787109 0.589844 0.783203 0.589844 0.779297 0.593750 0.779297 0.595703 0.777344 0.597656 0.777344 0.599609 0.779297 0.601562 0.779297 0.603516 0.783203 0.607422 0.785156 0.605469 0.789062 0.605469 0.794922 0.599609 0.794922 0.593750
0 0.968750 0.589844 0.962891 0.595703 0.962891 0.597656 0.960938 0.599609 0.962891 0.601562 0.962891 0.605469 0.966797 0.609375 0.974609 0.609375 0.978516 0.605469 0.978516 0.603516 0.980469 0.601562 0.980469 0.595703 0.974609 0.589844 0.972656 0.591797 0.970703 0.589844
0 0.759766 0.593750 0.755859 0.597656 0.755859 0.599609 0.761719 0.605469 0.763672 0.605469 0.767578 0.601562 0.767578 0.599609 0.761719 0.593750
0 0.576172 0.607422 0.574219 0.609375 0.576172 0.611328 0.578125 0.609375
0 0.671875 0.638672 0.675781 0.642578 0.687500 0.644531 0.699219 0.640625 0.705078 0.632812 0.718750 0.638672 0.730469 0.625000 0.726562 0.621094 0.722656 0.623047 0.710938 0.613281 0.681641 0.611328 0.673828 0.621094 0.673828 0.636719
0 0.525391 0.615234 0.523438 0.615234 0.515625 0.623047 0.509766 0.625000 0.505859 0.628906 0.505859 0.634766 0.509766 0.638672 0.515625 0.636719 0.521484 0.630859 0.523438 0.630859 0.525391 0.628906 0.529297 0.628906 0.531250 0.626953 0.531250 0.621094
0 0.984375 0.615234 0.982422 0.617188 0.982422 0.619141 0.984375 0.621094 0.986328 0.619141 0.986328 0.617188
0 0.654297 0.617188 0.650391 0.617188 0.648438 0.619141 0.646484 0.619141 0.642578 0.625000 0.642578 0.630859 0.646484 0.634766 0.650391 0.634766 0.652344 0.632812 0.654297 0.632812 0.658203 0.628906 0.658203 0.626953 0.660156 0.625000 0.660156 0.623047
0 0.394531 0.621094 0.392578 0.621094 0.386719 0.626953 0.386719 0.632812 0.390625 0.636719 0.392578 0.634766 0.394531 0.634766 0.396484 0.632812 0.396484 0.630859 0.398438 0.628906 0.398438 0.625000
0 0.615234 0.626953 0.613281 0.628906 0.613281 0.630859 0.615234 0.632812 0.617188 0.630859 0.617188 0.628906
0 0.275391 0.630859 0.273438 0.632812 0.275391 0.634766 0.277344 0.632812
1 0.412109 0.642578 0.398438 0.648438 0.392578 0.654297 0.390625 0.662109 0.380859 0.671875 0.382812 0.681641 0.380859 0.693359 0.386719 0.699219 0.398438 0.689453 0.402344 0.667969 0.406250 0.664062 0.412109 0.666016 0.417969 0.660156
0 0.470703 0.644531 0.466797 0.648438 0.470703 0.652344 0.472656 0.650391 0.474609 0.650391 0.476562 0.648438 0.474609 0.646484 0.472656 0.646484
1 0.599609 0.664062 0.603516 0.673828 0.609375 0.677734 0.628906 0.673828 0.638672 0.681641 0.650391 0.679688 0.660156 0.669922 0.658203 0.658203 0.648438 0.650391 0.638672 0.650391 0.628906 0.658203 0.623047 0.658203 0.609375 0.650391
0 0.517578 0.654297 0.513672 0.654297 0.511719 0.656250 0.515625 0.660156 0.519531 0.656250
0 0.341797 0.660156 0.335938 0.666016 0.339844 0.669922 0.343750 0.666016 0.343750 0.662109
0 0.859375 0.660156 0.855469 0.664062 0.855469 0.666016 0.851562 0.669922 0.851562 0.671875 0.857422 0.677734 0.865234 0.677734 0.871094 0.671875 0.869141 0.669922 0.869141 0.666016 0.865234 0.662109 0.861328 0.662109
0 0.947266 0.662109 0.943359 0.662109 0.941406 0.664062 0.941406 0.666016 0.945312 0.669922 0.949219 0.666016 0.949219 0.664062
0 0.707031 0.664062 0.703125 0.667969 0.703125 0.669922 0.701172 0.671875 0.701172 0.673828 0.703125 0.675781 0.705078 0.675781 0.707031 0.677734 0.708984 0.677734 0.712891 0.673828 0.712891 0.667969 0.708984 0.664062
0 0.357422 0.671875 0.355469 0.669922 0.353516 0.669922 0.349609 0.673828 0.351562 0.675781 0.355469 0.675781 0.357422 0.673828
0 0.738281 0.669922 0.732422 0.669922 0.730469 0.667969 0.728516 0.669922 0.726562 0.669922 0.722656 0.673828 0.722656 0.677734 0.728516 0.683594 0.732422 0.683594 0.734375 0.681641 0.736328 0.681641 0.742188 0.675781
0 0.482422 0.677734 0.482422 0.681641 0.486328 0.685547 0.498047 0.685547 0.500000 0.683594 0.500000 0.679688 0.498047 0.677734 0.496094 0.677734 0.490234 0.671875 0.488281 0.673828 0.486328 0.673828
0 0.539062 0.671875 0.537109 0.673828 0.537109 0.677734 0.539062 0.679688 0.541016 0.679688 0.542969 0.677734 0.542969 0.675781
0 0.810547 0.677734 0.806641 0.681641 0.806641 0.683594 0.810547 0.687500 0.814453 0.683594 0.814453 0.681641
0 0.830078 0.675781 0.828125 0.677734 0.830078 0.679688 0.832031 0.679688 0.833984 0.677734 0.832031 0.675781
1 0.349609 0.681641 0.345703 0.683594 0.339844 0.693359 0.332031 0.701172 0.328125 0.701172 0.324219 0.697266 0.322266 0.697266 0.320312 0.701172 0.322266 0.703125 0.326172 0.701172 0.330078 0.705078 0.330078 0.708984 0.335938 0.712891 0.345703 0.701172 0.355469 0.699219 0.359375 0.695312 0.359375 0.691406
0 0.322266 0.685547 0.320312 0.687500 0.320312 0.689453 0.322266 0.691406 0.324219 0.691406 0.326172 0.689453 0.326172 0.687500 0.324219 0.685547
0 0.693359 0.683594 0.691406 0.685547 0.691406 0.687500 0.689453 0.689453 0.689453 0.693359 0.695312 0.699219 0.697266 0.699219 0.701172 0.695312 0.701172 0.687500 0.697266 0.683594
0 0.371094 0.687500 0.369141 0.689453 0.371094 0.691406 0.373047 0.689453
0 0.308594 0.697266 0.306641 0.699219 0.308594 0.701172 0.310547 0.701172 0.312500 0.699219 0.310547 0.697266
0 0.722656 0.697266 0.720703 0.699219 0.722656 0.701172 0.724609 0.699219
0 0.423828 0.699219 0.421875 0.701172 0.421875 0.705078 0.423828 0.707031 0.423828 0.708984 0.425781 0.710938 0.427734 0.710938 0.429688 0.708984 0.429688 0.703125 0.425781 0.699219
1 0.744141 0.701172 0.742188 0.703125 0.742188 0.710938 0.746094 0.714844 0.746094 0.716797 0.748047 0.718750 0.748047 0.724609 0.751953 0.728516 0.755859 0.724609 0.755859 0.720703 0.751953 0.714844 0.751953 0.705078 0.748047 0.701172
0 0.464844 0.703125 0.460938 0.707031 0.460938 0.710938 0.466797 0.720703 0.466797 0.732422 0.476562 0.740234 0.478516 0.738281 0.482422 0.738281 0.488281 0.730469 0.488281 0.726562 0.486328 0.724609 0.486328 0.716797 0.480469 0.708984 0.476562 0.708984 0.468750 0.703125
0 0.582031 0.712891 0.580078 0.714844 0.582031 0.716797 0.583984 0.716797 0.585938 0.714844 0.583984 0.712891
0 0.701172 0.712891 0.699219 0.714844 0.699219 0.716797 0.701172 0.718750 0.703125 0.716797 0.703125 0.714844
0 0.996094 0.710938 0.994141 0.712891 0.996094 0.714844 0.998047 0.714844 0.998047 0.710938
0 0.566406 0.714844 0.562500 0.718750 0.562500 0.720703 0.566406 0.724609 0.568359 0.724609 0.572266 0.720703 0.572266 0.718750 0.568359 0.714844
0 0.683594 0.714844 0.679688 0.718750 0.679688 0.720703 0.685547 0.726562 0.689453 0.722656 0.689453 0.718750 0.685547 0.714844
1 0.324219 0.724609 0.318359 0.718750 0.312500 0.718750 0.300781 0.730469 0.298828 0.728516 0.292969 0.734375 0.292969 0.742188 0.294922 0.744141 0.304688 0.732422 0.306641 0.732422 0.314453 0.738281 0.320312 0.736328 0.324219 0.732422
1 0.724609 0.720703 0.722656 0.720703 0.714844 0.730469 0.708984 0.730469 0.707031 0.732422 0.707031 0.738281 0.710938 0.742188 0.716797 0.742188 0.718750 0.740234 0.718750 0.738281 0.720703 0.736328 0.718750 0.734375 0.720703 0.732422 0.720703 0.730469 0.726562 0.724609 0.726562 0.722656
0 0.917969 0.720703 0.916016 0.722656 0.917969 0.724609 0.919922 0.724609 0.921875 0.722656 0.919922 0.720703
0 0.513672 0.728516 0.509766 0.732422 0.513672 0.736328 0.515625 0.736328 0.519531 0.732422 0.515625 0.728516
0 0.546875 0.726562 0.544922 0.728516 0.544922 0.730469 0.546875 0.732422 0.550781 0.732422 0.552734 0.730469 0.548828 0.726562
0 0.386719 0.732422 0.384766 0.734375 0.386719 0.736328 0.388672 0.736328 0.390625 0.734375 0.388672 0.732422
1 0.781250 0.732422 0.777344 0.736328 0.777344 0.738281 0.785156 0.746094 0.783203 0.748047 0.783203 0.751953 0.787109 0.755859 0.791016 0.755859 0.792969 0.753906 0.792969 0.750000 0.791016 0.748047 0.789062 0.748047 0.783203 0.742188 0.785156 0.740234 0.785156 0.734375 0.783203 0.732422
0 0.841797 0.738281 0.839844 0.740234 0.841797 0.742188 0.843750 0.740234
0 0.769531 0.742188 0.767578 0.744141 0.767578 0.746094 0.769531 0.748047 0.771484 0.746094 0.771484 0.744141
0 0.443359 0.750000 0.439453 0.753906 0.439453 0.757812 0.437500 0.759766 0.437500 0.761719 0.443359 0.765625 0.445312 0.763672 0.447266 0.765625 0.453125 0.765625 0.455078 0.763672 0.455078 0.757812 0.447266 0.750000
0 0.820312 0.761719 0.814453 0.755859 0.812500 0.755859 0.810547 0.757812 0.810547 0.759766 0.808594 0.761719 0.808594 0.763672 0.810547 0.765625 0.812500 0.765625 0.814453 0.763672 0.818359 0.763672
0 0.488281 0.791016 0.490234 0.804688 0.500000 0.812500 0.513672 0.808594 0.523438 0.796875 0.531250 0.798828 0.539062 0.792969 0.550781 0.806641 0.554688 0.802734 0.548828 0.792969 0.552734 0.787109 0.552734 0.777344 0.544922 0.771484 0.535156 0.779297 0.527344 0.779297 0.513672 0.761719 0.503906 0.769531 0.501953 0.779297
0 0.576172 0.761719 0.570312 0.765625 0.570312 0.775391 0.578125 0.783203 0.580078 0.783203 0.583984 0.779297 0.583984 0.777344 0.587891 0.771484 0.587891 0.767578 0.582031 0.761719
1 0.775391 0.761719 0.773438 0.761719 0.769531 0.765625 0.769531 0.767578 0.767578 0.769531 0.767578 0.775391 0.769531 0.777344 0.769531 0.787109 0.767578 0.789062 0.767578 0.791016 0.769531 0.792969 0.771484 0.792969 0.773438 0.791016 0.773438 0.785156 0.775391 0.783203 0.775391 0.781250 0.779297 0.777344 0.779297 0.765625
1 0.726562 0.767578 0.720703 0.771484 0.720703 0.777344 0.722656 0.779297 0.718750 0.783203 0.714844 0.783203 0.712891 0.785156 0.712891 0.791016 0.707031 0.796875 0.707031 0.800781 0.712891 0.806641 0.714844 0.804688 0.716797 0.806641 0.722656 0.800781 0.722656 0.791016 0.724609 0.789062 0.720703 0.783203 0.730469 0.773438
0 0.800781 0.779297 0.802734 0.783203 0.802734 0.787109 0.804688 0.789062 0.804688 0.792969 0.808594 0.796875 0.812500 0.798828 0.816406 0.796875 0.820312 0.796875 0.826172 0.800781 0.830078 0.798828 0.828125 0.794922 0.828125 0.789062 0.820312 0.781250 0.816406 0.781250 0.808594 0.775391 0.804688 0.775391
0 0.628906 0.787109 0.632812 0.792969 0.634766 0.792969 0.636719 0.794922 0.642578 0.794922 0.644531 0.796875 0.646484 0.794922 0.648438 0.794922 0.652344 0.791016 0.652344 0.787109 0.646484 0.781250 0.642578 0.781250 0.640625 0.783203 0.632812 0.783203
0 0.962891 0.808594 0.962891 0.810547 0.968750 0.816406 0.972656 0.816406 0.982422 0.826172 0.990234 0.824219 0.998047 0.814453 0.998047 0.812500 0.990234 0.804688 0.984375 0.804688 0.978516 0.808594 0.974609 0.808594 0.970703 0.804688 0.966797 0.804688
1 0.589844 0.812500 0.585938 0.816406 0.585938 0.818359 0.589844 0.822266 0.591797 0.822266 0.597656 0.828125 0.597656 0.830078 0.601562 0.833984 0.603516 0.833984 0.607422 0.830078 0.607422 0.826172 0.595703 0.812500
0 0.835938 0.814453 0.826172 0.816406 0.826172 0.822266 0.830078 0.826172 0.824219 0.832031 0.816406 0.835938 0.810547 0.832031 0.808594 0.833984 0.802734 0.832031 0.796875 0.837891 0.796875 0.843750 0.804688 0.849609 0.816406 0.849609 0.824219 0.857422 0.830078 0.857422 0.835938 0.851562 0.832031 0.843750 0.835938 0.839844 0.839844 0.843750 0.843750 0.839844 0.833984 0.826172 0.839844 0.820312
0 0.701172 0.818359 0.699219 0.820312 0.699219 0.824219 0.707031 0.832031 0.710938 0.832031 0.712891 0.830078 0.712891 0.826172 0.707031 0.820312 0.705078 0.820312 0.703125 0.818359
1 0.441406 0.835938 0.437500 0.841797 0.468750 0.863281 0.476562 0.896484 0.484375 0.904297 0.496094 0.904297 0.507812 0.892578 0.509766 0.882812 0.507812 0.867188 0.500000 0.853516 0.492188 0.847656 0.476562 0.847656 0.470703 0.835938 0.458984 0.839844
0 0.552734 0.837891 0.546875 0.843750 0.548828 0.845703 0.548828 0.847656 0.550781 0.849609 0.556641 0.849609 0.560547 0.845703 0.560547 0.841797 0.556641 0.837891
0 0.603516 0.839844 0.599609 0.843750 0.603516 0.847656 0.607422 0.843750
0 0.654297 0.843750 0.652344 0.845703 0.652344 0.849609 0.654297 0.851562 0.656250 0.849609 0.656250 0.845703
0 0.769531 0.849609 0.767578 0.851562 0.767578 0.853516 0.769531 0.855469 0.771484 0.855469 0.773438 0.853516 0.773438 0.851562 0.771484 0.849609
1 0.880859 0.857422 0.880859 0.865234 0.886719 0.876953 0.896484 0.884766 0.904297 0.884766 0.912109 0.878906 0.917969 0.878906 0.921875 0.882812 0.931641 0.882812 0.941406 0.873047 0.941406 0.861328 0.935547 0.855469 0.927734 0.857422 0.921875 0.863281 0.912109 0.857422 0.896484 0.857422 0.892578 0.853516 0.886719 0.853516
0 0.361328 0.867188 0.359375 0.869141 0.361328 0.871094 0.363281 0.871094 0.365234 0.869141 0.363281 0.867188
0 0.589844 0.869141 0.585938 0.873047 0.583984 0.873047 0.582031 0.875000 0.582031 0.876953 0.578125 0.880859 0.578125 0.884766 0.582031 0.888672 0.583984 0.888672 0.585938 0.890625 0.587891 0.890625 0.591797 0.886719 0.591797 0.882812 0.593750 0.880859 0.593750 0.873047
0 0.765625 0.867188 0.761719 0.873047 0.765625 0.876953 0.767578 0.875000 0.773438 0.876953 0.777344 0.880859 0.779297 0.892578 0.787109 0.900391 0.792969 0.902344 0.796875 0.898438 0.794922 0.896484 0.794922 0.890625 0.787109 0.882812 0.796875 0.875000 0.798828 0.871094 0.789062 0.867188 0.773438 0.867188 0.771484 0.869141
0 0.812500 0.878906 0.810547 0.880859 0.810547 0.888672 0.812500 0.890625 0.814453 0.890625 0.816406 0.892578 0.818359 0.892578 0.820312 0.894531 0.822266 0.894531 0.826172 0.890625 0.826172 0.884766 0.820312 0.878906 0.818359 0.880859 0.814453 0.880859
0 0.859375 0.878906 0.857422 0.880859 0.859375 0.882812 0.861328 0.880859
0 0.925781 0.902344 0.919922 0.908203 0.919922 0.914062 0.921875 0.916016 0.921875 0.931641 0.929688 0.937500 0.935547 0.937500 0.945312 0.931641 0.947266 0.927734 0.947266 0.917969 0.933594 0.904297
0 0.830078 0.910156 0.826172 0.914062 0.832031 0.919922 0.835938 0.916016 0.835938 0.914062 0.832031 0.910156
0 0.896484 0.923828 0.892578 0.927734 0.892578 0.935547 0.894531 0.937500 0.900391 0.937500 0.902344 0.935547 0.902344 0.927734 0.898438 0.923828
0 0.978516 0.921875 0.976562 0.923828 0.976562 0.925781 0.978516 0.927734 0.980469 0.925781 0.980469 0.923828
0 0.816406 0.927734 0.812500 0.931641 0.814453 0.933594 0.812500 0.935547 0.816406 0.939453 0.822266 0.939453 0.824219 0.937500 0.824219 0.935547 0.822266 0.933594 0.822266 0.931641 0.820312 0.929688 0.818359 0.929688
0 0.492188 0.937500 0.490234 0.939453 0.490234 0.941406 0.492188 0.943359 0.494141 0.941406 0.494141 0.939453
1 0.804688 0.941406 0.800781 0.937500 0.791016 0.941406 0.785156 0.947266 0.777344 0.945312 0.773438 0.949219 0.769531 0.957031 0.771484 0.960938 0.779297 0.966797 0.785156 0.966797 0.789062 0.962891 0.789062 0.955078 0.792969 0.951172 0.800781 0.949219
1 0.998047 0.943359 0.996094 0.945312 0.996094 0.949219 0.998047 0.951172
0 0.843750 0.958984 0.839844 0.962891 0.839844 0.968750 0.843750 0.972656 0.847656 0.972656 0.851562 0.968750 0.851562 0.964844 0.845703 0.958984
0 0.759766 0.960938 0.757812 0.962891 0.757812 0.964844 0.759766 0.966797 0.761719 0.966797 0.763672 0.964844 0.763672 0.962891 0.761719 0.960938
0 0.878906 0.960938 0.875000 0.964844 0.876953 0.966797 0.876953 0.970703 0.873047 0.974609 0.873047 0.978516 0.882812 0.988281 0.888672 0.990234 0.894531 0.984375 0.894531 0.982422 0.890625 0.978516 0.886719 0.978516 0.882812 0.980469 0.878906 0.976562 0.880859 0.970703 0.884766 0.966797 0.884766 0.964844 0.880859 0.960938
0 0.914062 0.960938 0.910156 0.964844 0.910156 0.968750 0.908203 0.970703 0.912109 0.974609 0.912109 0.976562 0.916016 0.980469 0.919922 0.980469 0.923828 0.976562 0.923828 0.968750 0.919922 0.962891 0.917969 0.962891 0.916016 0.960938
0 0.824219 0.964844 0.822266 0.966797 0.822266 0.968750 0.824219 0.970703 0.826172 0.968750 0.826172 0.966797
0 0.794922 0.968750 0.789062 0.976562 0.787109 0.986328 0.794922 0.998047 0.800781 0.998047 0.802734 0.996094 0.802734 0.982422 0.806641 0.976562 0.800781 0.968750
0 0.941406 0.972656 0.939453 0.974609 0.941406 0.976562 0.943359 0.976562 0.945312 0.974609 0.943359 0.972656
0 0.722656 0.982422 0.718750 0.978516 0.716797 0.978516 0.714844 0.980469 0.712891 0.980469 0.710938 0.982422 0.714844 0.986328 0.718750 0.986328
0 0.757812 0.996094 0.755859 0.994141 0.753906 0.994141 0.750000 0.998047 0.755859 0.998047
