0 0.990234 0.228516 0.986328 0.232422 0.990234 0.236328 0.994141 0.232422
0 0.802734 0.250000 0.800781 0.250000 0.794922 0.255859 0.794922 0.263672 0.796875 0.265625 0.798828 0.265625 0.800781 0.267578 0.806641 0.261719 0.806641 0.259766 0.808594 0.257812 0.808594 0.255859
0 0.589844 0.279297 0.585938 0.283203 0.585938 0.285156 0.591797 0.291016 0.595703 0.287109 0.595703 0.283203 0.591797 0.279297
1 0.000000 0.285156 0.000000 0.460938 0.029297 0.464844 0.000000 0.490234 0.093750 0.515625 0.095703 0.566406 0.041016 0.625000 0.107422 0.669922 0.140625 0.871094 0.207031 0.875000 0.244141 0.949219 0.251953 0.851562 0.306641 0.851562 0.246094 0.814453 0.339844 0.771484 0.394531 0.800781 0.460938 0.773438 0.283203 0.746094 0.333984 0.734375 0.308594 0.714844 0.330078 0.666016 0.466797 0.544922 0.341797 0.556641 0.380859 0.525391 0.341797 0.533203 0.332031 0.646484 0.306641 0.658203 0.283203 0.613281 0.263672 0.683594 0.199219 0.675781 0.173828 0.623047 0.214844 0.626953 0.199219 0.550781 0.294922 0.511719 0.224609 0.521484 0.201172 0.468750 0.164062 0.498047 0.119141 0.419922 0.224609 0.369141 0.181641 0.326172 0.179688 0.376953 0.105469 0.396484 0.121094 0.316406 0.083984 0.339844
0 0.564453 0.300781 0.558594 0.306641 0.558594 0.314453 0.562500 0.318359 0.564453 0.318359 0.570312 0.312500 0.570312 0.306641
0 0.666016 0.302734 0.664062 0.302734 0.662109 0.304688 0.662109 0.306641 0.664062 0.308594 0.667969 0.304688
0 0.882812 0.300781 0.880859 0.302734 0.880859 0.306641 0.884766 0.310547 0.888672 0.306641 0.888672 0.304688 0.884766 0.300781
0 0.679688 0.310547 0.675781 0.314453 0.679688 0.318359 0.681641 0.318359 0.685547 0.314453 0.681641 0.310547
0 0.720703 0.308594 0.718750 0.310547 0.720703 0.312500 0.722656 0.310547
0 0.646484 0.312500 0.642578 0.316406 0.642578 0.318359 0.646484 0.322266 0.650391 0.318359 0.650391 0.316406
0 0.478516 0.333984 0.472656 0.333984 0.470703 0.335938 0.470703 0.337891 0.468750 0.339844 0.468750 0.341797 0.466797 0.343750 0.466797 0.347656 0.470703 0.351562 0.472656 0.351562 0.478516 0.345703 0.478516 0.341797 0.480469 0.339844 0.480469 0.335938
0 0.712891 0.343750 0.710938 0.345703 0.712891 0.347656 0.714844 0.347656 0.716797 0.345703 0.714844 0.343750
0 0.458984 0.351562 0.455078 0.355469 0.457031 0.357422 0.458984 0.357422 0.460938 0.355469 0.460938 0.353516
0 0.371094 0.365234 0.365234 0.371094 0.365234 0.373047 0.363281 0.375000 0.363281 0.380859 0.365234 0.382812 0.365234 0.384766 0.373047 0.392578 0.378906 0.392578 0.386719 0.382812 0.386719 0.380859 0.388672 0.378906 0.388672 0.375000 0.386719 0.373047 0.380859 0.371094 0.376953 0.367188
0 0.421875 0.365234 0.417969 0.365234 0.414062 0.369141 0.419922 0.375000 0.423828 0.371094 0.423828 0.367188
0 0.697266 0.369141 0.693359 0.373047 0.697266 0.376953 0.699219 0.376953 0.703125 0.373047 0.699219 0.369141
0 0.451172 0.373047 0.449219 0.375000 0.449219 0.376953 0.453125 0.380859 0.457031 0.376953 0.453125 0.373047
0 0.519531 0.373047 0.517578 0.375000 0.519531 0.376953 0.521484 0.375000
0 0.869141 0.382812 0.863281 0.388672 0.869141 0.394531 0.873047 0.394531 0.878906 0.388672 0.878906 0.386719 0.875000 0.382812
0 0.419922 0.396484 0.416016 0.400391 0.419922 0.404297 0.421875 0.404297 0.425781 0.400391 0.421875 0.396484
0 0.458984 0.404297 0.457031 0.406250 0.458984 0.408203 0.460938 0.408203 0.462891 0.406250 0.460938 0.404297
0 0.509766 0.402344 0.503906 0.410156 0.503906 0.423828 0.505859 0.425781 0.505859 0.427734 0.507812 0.429688 0.513672 0.429688 0.515625 0.427734 0.523438 0.427734 0.527344 0.423828 0.517578 0.414062 0.517578 0.412109 0.515625 0.410156 0.515625 0.406250 0.511719 0.402344
0 0.326172 0.412109 0.324219 0.414062 0.326172 0.416016 0.328125 0.414062
0 0.591797 0.414062 0.589844 0.416016 0.589844 0.419922 0.591797 0.421875 0.595703 0.417969
0 0.978516 0.423828 0.972656 0.427734 0.972656 0.429688 0.970703 0.431641 0.970703 0.439453 0.978516 0.447266 0.984375 0.447266 0.986328 0.445312 0.988281 0.445312 0.992188 0.441406 0.992188 0.439453 0.994141 0.437500 0.994141 0.433594 0.992188 0.431641 0.992188 0.427734 0.990234 0.425781 0.988281 0.425781 0.986328 0.423828
0 0.607422 0.429688 0.603516 0.433594 0.603516 0.435547 0.605469 0.437500 0.611328 0.437500 0.615234 0.433594 0.611328 0.429688
0 0.681641 0.431641 0.675781 0.437500 0.675781 0.443359 0.679688 0.449219 0.683594 0.449219 0.685547 0.451172 0.689453 0.445312 0.689453 0.435547 0.685547 0.431641
0 0.625000 0.433594 0.621094 0.433594 0.619141 0.435547 0.623047 0.439453 0.626953 0.435547
0 0.244141 0.441406 0.242188 0.443359 0.240234 0.443359 0.238281 0.445312 0.238281 0.447266 0.236328 0.449219 0.236328 0.451172 0.240234 0.455078 0.242188 0.455078 0.244141 0.457031 0.248047 0.457031 0.253906 0.451172 0.253906 0.447266 0.251953 0.445312 0.251953 0.443359 0.250000 0.441406
0 0.564453 0.441406 0.562500 0.441406 0.560547 0.443359 0.560547 0.445312 0.562500 0.447266 0.566406 0.443359
0 0.214844 0.458984 0.212891 0.460938 0.212891 0.462891 0.214844 0.464844 0.216797 0.462891 0.216797 0.460938
0 0.171875 0.464844 0.167969 0.468750 0.167969 0.470703 0.166016 0.472656 0.166016 0.474609 0.171875 0.480469 0.175781 0.480469 0.179688 0.476562 0.179688 0.474609 0.181641 0.472656 0.179688 0.470703 0.179688 0.466797 0.177734 0.464844
0 0.255859 0.470703 0.251953 0.466797 0.250000 0.468750 0.246094 0.468750 0.240234 0.474609 0.242188 0.476562 0.251953 0.476562 0.255859 0.472656
0 0.460938 0.474609 0.458984 0.476562 0.458984 0.478516 0.460938 0.480469 0.462891 0.478516 0.462891 0.476562
0 0.476562 0.474609 0.474609 0.476562 0.476562 0.478516 0.478516 0.476562
0 0.693359 0.478516 0.687500 0.472656 0.683594 0.472656 0.673828 0.482422 0.671875 0.482422 0.667969 0.486328 0.667969 0.488281 0.671875 0.492188 0.683594 0.492188 0.685547 0.494141 0.689453 0.494141 0.693359 0.490234
0 0.630859 0.478516 0.628906 0.480469 0.628906 0.484375 0.630859 0.486328 0.632812 0.486328 0.634766 0.484375 0.634766 0.480469 0.632812 0.478516
0 0.431641 0.498047 0.429688 0.500000 0.429688 0.501953 0.431641 0.503906 0.433594 0.503906 0.435547 0.501953 0.435547 0.500000 0.433594 0.498047
0 0.646484 0.505859 0.644531 0.507812 0.644531 0.509766 0.648438 0.513672 0.650391 0.513672 0.654297 0.509766 0.650391 0.505859
0 0.306641 0.509766 0.306641 0.511719 0.308594 0.513672 0.316406 0.513672 0.318359 0.511719 0.314453 0.507812 0.308594 0.507812
0 0.759766 0.507812 0.755859 0.511719 0.759766 0.515625 0.761719 0.515625 0.763672 0.513672 0.763672 0.511719
0 0.732422 0.517578 0.728516 0.521484 0.732422 0.525391 0.734375 0.525391 0.738281 0.521484 0.734375 0.517578
0 0.330078 0.519531 0.326172 0.523438 0.326172 0.525391 0.330078 0.529297 0.332031 0.529297 0.333984 0.527344 0.333984 0.523438
0 0.570312 0.519531 0.566406 0.523438 0.566406 0.525391 0.572266 0.531250 0.574219 0.531250 0.578125 0.527344 0.578125 0.523438 0.576172 0.521484 0.574219 0.521484 0.572266 0.519531
0 0.281250 0.535156 0.283203 0.537109 0.283203 0.544922 0.285156 0.546875 0.287109 0.546875 0.289062 0.544922 0.291016 0.546875 0.298828 0.546875 0.306641 0.539062 0.306641 0.535156 0.304688 0.533203 0.296875 0.533203 0.292969 0.529297 0.289062 0.529297 0.287109 0.531250 0.285156 0.531250
0 0.470703 0.531250 0.468750 0.533203 0.470703 0.535156 0.472656 0.535156 0.474609 0.533203 0.472656 0.531250
0 0.638672 0.542969 0.634766 0.546875 0.634766 0.550781 0.638672 0.554688 0.642578 0.554688 0.646484 0.550781 0.646484 0.548828 0.640625 0.542969
0 0.751953 0.558594 0.750000 0.560547 0.751953 0.562500 0.753906 0.562500 0.755859 0.560547 0.753906 0.558594
0 0.498047 0.564453 0.496094 0.566406 0.498047 0.568359 0.500000 0.566406
0 0.722656 0.570312 0.718750 0.570312 0.716797 0.572266 0.714844 0.572266 0.710938 0.576172 0.710938 0.580078 0.714844 0.583984 0.716797 0.583984 0.718750 0.585938 0.724609 0.580078 0.724609 0.578125 0.726562 0.576172 0.726562 0.574219
0 0.318359 0.597656 0.316406 0.599609 0.318359 0.601562 0.320312 0.599609
0 0.466797 0.607422 0.460938 0.623047 0.466797 0.632812 0.482422 0.638672 0.476562 0.652344 0.480469 0.658203 0.472656 0.669922 0.496094 0.681641 0.476562 0.697266 0.478516 0.730469 0.492188 0.736328 0.511719 0.726562 0.513672 0.738281 0.519531 0.740234 0.542969 0.714844 0.541016 0.705078 0.554688 0.701172 0.570312 0.714844 0.578125 0.710938 0.583984 0.716797 0.582031 0.734375 0.593750 0.738281 0.601562 0.726562 0.601562 0.710938 0.595703 0.699219 0.580078 0.697266 0.582031 0.664062 0.570312 0.658203 0.546875 0.667969 0.550781 0.675781 0.564453 0.679688 0.558594 0.691406 0.548828 0.689453 0.537109 0.675781 0.529297 0.679688 0.521484 0.673828 0.511719 0.675781 0.507812 0.669922 0.521484 0.650391 0.521484 0.626953 0.494141 0.621094 0.478516 0.607422
0 0.720703 0.617188 0.714844 0.623047 0.714844 0.625000 0.716797 0.626953 0.716797 0.628906 0.718750 0.630859 0.724609 0.630859 0.728516 0.626953 0.728516 0.623047 0.722656 0.617188
0 0.425781 0.644531 0.423828 0.646484 0.423828 0.648438 0.425781 0.650391 0.427734 0.648438 0.427734 0.646484
1 0.162109 0.652344 0.160156 0.650391 0.158203 0.652344 0.156250 0.652344 0.154297 0.654297 0.152344 0.652344 0.150391 0.654297 0.148438 0.654297 0.142578 0.660156 0.144531 0.662109 0.148438 0.662109 0.150391 0.660156 0.152344 0.660156 0.154297 0.658203 0.158203 0.658203 0.162109 0.654297
0 0.359375 0.652344 0.355469 0.656250 0.355469 0.658203 0.359375 0.662109 0.361328 0.662109 0.363281 0.664062 0.365234 0.662109 0.365234 0.660156 0.367188 0.658203 0.361328 0.652344
0 0.595703 0.654297 0.593750 0.656250 0.593750 0.658203 0.595703 0.660156 0.597656 0.658203 0.597656 0.656250
0 0.714844 0.667969 0.708984 0.673828 0.712891 0.677734 0.714844 0.677734 0.718750 0.673828 0.718750 0.671875
0 0.734375 0.671875 0.730469 0.671875 0.728516 0.673828 0.728516 0.675781 0.726562 0.677734 0.726562 0.683594 0.730469 0.687500 0.732422 0.687500 0.738281 0.681641 0.738281 0.677734 0.736328 0.675781 0.736328 0.673828
0 0.820312 0.685547 0.816406 0.689453 0.816406 0.691406 0.820312 0.695312 0.822266 0.695312 0.826172 0.691406 0.826172 0.689453 0.822266 0.685547
1 0.167969 0.687500 0.160156 0.695312 0.160156 0.697266 0.162109 0.699219 0.166016 0.695312 0.166016 0.693359 0.169922 0.689453
0 0.800781 0.687500 0.798828 0.689453 0.798828 0.693359 0.800781 0.695312 0.802734 0.695312 0.804688 0.693359 0.804688 0.689453 0.802734 0.687500
0 0.876953 0.689453 0.873047 0.693359 0.876953 0.697266 0.878906 0.697266 0.880859 0.695312 0.880859 0.691406 0.878906 0.689453
0 0.384766 0.701172 0.382812 0.703125 0.382812 0.705078 0.384766 0.707031 0.386719 0.705078 0.386719 0.703125
0 0.451172 0.710938 0.449219 0.712891 0.449219 0.716797 0.451172 0.718750 0.455078 0.718750 0.457031 0.716797 0.457031 0.714844 0.453125 0.710938
0 0.953125 0.712891 0.949219 0.716797 0.949219 0.718750 0.947266 0.720703 0.947266 0.722656 0.953125 0.728516 0.955078 0.728516 0.960938 0.722656 0.960938 0.718750 0.957031 0.714844 0.955078 0.714844
0 0.371094 0.718750 0.369141 0.720703 0.371094 0.722656 0.373047 0.720703
0 0.646484 0.736328 0.644531 0.736328 0.642578 0.738281 0.642578 0.740234 0.640625 0.742188 0.642578 0.744141 0.646484 0.744141 0.648438 0.742188 0.648438 0.738281
0 0.589844 0.759766 0.585938 0.763672 0.585938 0.773438 0.591797 0.779297 0.605469 0.773438 0.611328 0.783203 0.609375 0.796875 0.615234 0.802734 0.623047 0.804688 0.630859 0.789062 0.628906 0.765625 0.613281 0.759766 0.605469 0.767578 0.595703 0.759766
0 0.544922 0.763672 0.541016 0.767578 0.544922 0.771484 0.546875 0.771484 0.548828 0.769531 0.548828 0.765625 0.546875 0.763672
0 0.716797 0.773438 0.714844 0.775391 0.716797 0.777344 0.718750 0.777344 0.720703 0.775391 0.718750 0.773438
0 0.443359 0.808594 0.439453 0.812500 0.439453 0.818359 0.443359 0.822266 0.447266 0.822266 0.451172 0.818359 0.451172 0.816406 0.449219 0.814453 0.449219 0.812500 0.447266 0.810547 0.445312 0.810547
1 0.591797 0.835938 0.583984 0.828125 0.582031 0.818359 0.574219 0.812500 0.570312 0.812500 0.558594 0.820312 0.554688 0.816406 0.546875 0.814453 0.537109 0.824219 0.537109 0.832031 0.544922 0.839844 0.552734 0.843750 0.562500 0.837891 0.568359 0.839844 0.583984 0.837891 0.587891 0.839844
0 0.707031 0.832031 0.703125 0.835938 0.703125 0.839844 0.708984 0.845703 0.710938 0.845703 0.714844 0.841797 0.714844 0.835938 0.710938 0.832031
0 0.402344 0.837891 0.400391 0.839844 0.402344 0.841797 0.404297 0.841797 0.406250 0.839844 0.404297 0.837891
0 0.613281 0.849609 0.611328 0.851562 0.615234 0.855469 0.617188 0.853516 0.617188 0.851562 0.615234 0.849609
0 0.646484 0.847656 0.644531 0.849609 0.642578 0.849609 0.640625 0.851562 0.640625 0.857422 0.642578 0.859375 0.646484 0.859375 0.650391 0.855469 0.650391 0.851562
1 0.318359 0.855469 0.314453 0.861328 0.314453 0.873047 0.318359 0.876953 0.335938 0.878906 0.361328 0.904297 0.367188 0.914062 0.373047 0.916016 0.380859 0.908203 0.378906 0.898438 0.355469 0.875000 0.351562 0.859375 0.345703 0.853516 0.332031 0.851562
0 0.541016 0.851562 0.539062 0.853516 0.541016 0.855469 0.542969 0.855469 0.544922 0.853516 0.542969 0.851562
0 0.945312 0.853516 0.943359 0.861328 0.947266 0.865234 0.951172 0.861328 0.955078 0.865234 0.953125 0.867188 0.957031 0.880859 0.955078 0.882812 0.960938 0.892578 0.968750 0.900391 0.982422 0.898438 0.990234 0.890625 0.992188 0.884766 0.990234 0.875000 0.982422 0.861328 0.976562 0.855469 0.968750 0.853516 0.960938 0.855469 0.955078 0.863281
0 0.683594 0.859375 0.679688 0.859375 0.667969 0.871094 0.662109 0.871094 0.656250 0.876953 0.658203 0.882812 0.664062 0.888672 0.669922 0.888672 0.673828 0.886719 0.679688 0.880859 0.683594 0.880859 0.689453 0.875000 0.689453 0.865234
0 0.875000 0.859375 0.873047 0.861328 0.873047 0.863281 0.876953 0.867188 0.878906 0.867188 0.880859 0.865234 0.880859 0.863281 0.876953 0.859375
0 0.919922 0.869141 0.912109 0.876953 0.910156 0.882812 0.912109 0.884766 0.912109 0.898438 0.910156 0.904297 0.916016 0.910156 0.925781 0.910156 0.929688 0.912109 0.935547 0.910156 0.941406 0.904297 0.945312 0.892578 0.945312 0.882812 0.935547 0.871094
0 0.779297 0.873047 0.777344 0.875000 0.777344 0.876953 0.775391 0.878906 0.775391 0.880859 0.781250 0.886719 0.783203 0.886719 0.789062 0.880859 0.789062 0.878906 0.783203 0.873047
0 0.642578 0.875000 0.640625 0.876953 0.640625 0.880859 0.646484 0.886719 0.648438 0.886719 0.650391 0.884766 0.650391 0.880859 0.652344 0.878906 0.650391 0.876953 0.648438 0.876953 0.646484 0.875000
0 0.822266 0.880859 0.820312 0.880859 0.816406 0.884766 0.820312 0.888672 0.822266 0.886719 0.824219 0.886719 0.826172 0.884766
0 0.693359 0.886719 0.689453 0.886719 0.685547 0.890625 0.685547 0.892578 0.691406 0.898438 0.695312 0.894531 0.695312 0.888672
0 0.662109 0.902344 0.660156 0.904297 0.660156 0.906250 0.662109 0.908203 0.664062 0.908203 0.666016 0.906250 0.666016 0.904297 0.664062 0.902344
0 0.748047 0.906250 0.744141 0.910156 0.746094 0.923828 0.732422 0.935547 0.732422 0.939453 0.738281 0.947266 0.736328 0.951172 0.740234 0.955078 0.742188 0.953125 0.759766 0.955078 0.769531 0.947266 0.771484 0.941406 0.769531 0.925781 0.775391 0.914062 0.771484 0.910156 0.759766 0.912109 0.751953 0.906250
0 0.849609 0.906250 0.847656 0.906250 0.841797 0.912109 0.841797 0.917969 0.837891 0.923828 0.837891 0.925781 0.839844 0.927734 0.843750 0.927734 0.847656 0.923828 0.849609 0.923828 0.855469 0.917969 0.855469 0.912109
0 0.681641 0.910156 0.675781 0.916016 0.675781 0.921875 0.681641 0.927734 0.681641 0.929688 0.683594 0.931641 0.691406 0.923828 0.691406 0.917969 0.687500 0.912109 0.685547 0.912109 0.683594 0.910156
0 0.513672 0.916016 0.509766 0.919922 0.513672 0.923828 0.517578 0.919922
0 0.648438 0.917969 0.646484 0.919922 0.646484 0.927734 0.648438 0.929688 0.648438 0.933594 0.654297 0.939453 0.660156 0.933594 0.660156 0.929688 0.656250 0.925781 0.656250 0.923828 0.652344 0.919922 0.650391 0.919922
1 0.466797 0.953125 0.453125 0.941406 0.421875 0.945312 0.410156 0.933594 0.410156 0.941406 0.406250 0.945312 0.384766 0.951172 0.367188 0.962891 0.347656 0.966797 0.332031 0.988281 0.330078 0.998047 0.378906 0.998047 0.375000 0.980469 0.382812 0.968750 0.394531 0.958984 0.406250 0.958984 0.416016 0.953125 0.421875 0.953125 0.427734 0.958984 0.441406 0.984375 0.451172 0.986328 0.460938 0.976562 0.460938 0.970703 0.466797 0.962891
0 0.703125 0.939453 0.701172 0.939453 0.697266 0.943359 0.697266 0.945312 0.699219 0.947266 0.703125 0.947266 0.705078 0.945312 0.705078 0.941406
0 0.830078 0.941406 0.826172 0.951172 0.828125 0.966797 0.818359 0.980469 0.820312 0.994141 0.816406 0.998047 0.890625 0.998047 0.892578 0.990234 0.884766 0.980469 0.880859 0.966797 0.847656 0.937500 0.835938 0.937500
0 0.951172 0.941406 0.943359 0.949219 0.943359 0.955078 0.945312 0.958984 0.953125 0.966797 0.957031 0.966797 0.958984 0.968750 0.962891 0.966797 0.970703 0.958984 0.970703 0.951172 0.966797 0.945312 0.962891 0.943359 0.957031 0.943359 0.955078 0.941406
0 0.566406 0.958984 0.560547 0.964844 0.562500 0.966797 0.562500 0.970703 0.568359 0.976562 0.572266 0.976562 0.576172 0.972656 0.576172 0.968750 0.574219 0.966797 0.574219 0.964844 0.570312 0.960938 0.568359 0.960938
0 0.597656 0.960938 0.593750 0.964844 0.593750 0.970703 0.597656 0.974609 0.599609 0.974609 0.603516 0.970703 0.603516 0.964844 0.601562 0.962891 0.599609 0.962891
0 0.681641 0.960938 0.677734 0.966797 0.677734 0.972656 0.679688 0.974609 0.679688 0.978516 0.681641 0.980469 0.683594 0.980469 0.685547 0.982422 0.687500 0.982422 0.691406 0.978516 0.691406 0.968750 0.689453 0.966797 0.689453 0.964844 0.685547 0.960938
0 0.773438 0.962891 0.767578 0.966797 0.767578 0.976562 0.771484 0.982422 0.777344 0.982422 0.783203 0.976562 0.783203 0.972656 0.785156 0.970703 0.785156 0.968750 0.779297 0.962891
0 0.796875 0.960938 0.789062 0.968750 0.789062 0.970703 0.791016 0.972656 0.791016 0.976562 0.792969 0.978516 0.794922 0.978516 0.796875 0.980469 0.802734 0.980469 0.808594 0.976562 0.808594 0.972656 0.810547 0.970703 0.808594 0.968750 0.808594 0.966797 0.804688 0.962891 0.802734 0.962891 0.800781 0.960938
0 0.640625 0.964844 0.636719 0.968750 0.636719 0.970703 0.640625 0.974609 0.644531 0.974609 0.648438 0.970703 0.642578 0.964844
0 0.972656 0.988281 0.972656 0.990234 0.976562 0.994141 0.986328 0.994141 0.990234 0.998047 0.994141 0.998047 0.998047 0.994141 0.998047 0.980469 0.996094 0.980469 0.994141 0.978516 0.988281 0.978516 0.984375 0.982422 0.982422 0.982422 0.980469 0.984375 0.976562 0.984375
0 0.587891 0.984375 0.583984 0.988281 0.583984 0.992188 0.587891 0.996094 0.591797 0.992188 0.591797 0.988281
0 0.906250 0.984375 0.904297 0.984375 0.896484 0.992188 0.898438 0.994141 0.898438 0.998047 0.910156 0.998047 0.910156 0.988281
1 0.947266 0.996094 0.947266 0.998047 0.964844 0.998047 0.962891 0.996094 0.962891 0.994141 0.960938 0.992188 0.958984 0.992188 0.957031 0.990234 0.955078 0.990234 0.953125 0.992188 0.951172 0.992188
0 0.681641 0.998047 0.691406 0.998047 0.687500 0.994141 0.685547 0.994141
