1 0.156250 0.095703 0.152344 0.101562 0.156250 0.107422 0.175781 0.109375 0.191406 0.125000 0.179688 0.134766 0.179688 0.154297 0.201172 0.177734 0.203125 0.173828 0.195312 0.166016 0.189453 0.148438 0.191406 0.138672 0.201172 0.132812 0.210938 0.142578 0.210938 0.148438 0.201172 0.156250 0.205078 0.160156 0.212891 0.152344 0.222656 0.162109 0.220703 0.169922 0.226562 0.179688 0.222656 0.185547 0.232422 0.191406 0.232422 0.179688 0.242188 0.169922 0.232422 0.160156 0.234375 0.140625 0.167969 0.095703
0 0.669922 0.105469 0.667969 0.107422 0.671875 0.111328 0.673828 0.109375 0.673828 0.107422 0.671875 0.105469
0 0.021484 0.113281 0.017578 0.117188 0.019531 0.119141 0.021484 0.119141 0.023438 0.117188 0.023438 0.115234
0 0.224609 0.113281 0.220703 0.117188 0.220703 0.119141 0.224609 0.123047 0.226562 0.123047 0.230469 0.119141 0.230469 0.117188 0.228516 0.115234 0.226562 0.115234
0 0.130859 0.125000 0.125000 0.126953 0.121094 0.130859 0.121094 0.134766 0.119141 0.136719 0.119141 0.140625 0.121094 0.142578 0.121094 0.148438 0.123047 0.150391 0.123047 0.152344 0.128906 0.158203 0.136719 0.152344 0.136719 0.140625 0.138672 0.138672 0.138672 0.130859
0 0.095703 0.130859 0.085938 0.130859 0.080078 0.134766 0.078125 0.138672 0.078125 0.144531 0.076172 0.146484 0.076172 0.152344 0.074219 0.154297 0.080078 0.162109 0.091797 0.162109 0.099609 0.156250 0.103516 0.148438 0.103516 0.140625
0 0.164062 0.146484 0.162109 0.146484 0.160156 0.148438 0.160156 0.152344 0.162109 0.154297 0.166016 0.150391 0.166016 0.148438
0 0.277344 0.173828 0.273438 0.177734 0.273438 0.181641 0.275391 0.183594 0.279297 0.183594 0.283203 0.179688
1 0.000000 0.208984 0.000000 0.357422 0.037109 0.312500 0.066406 0.337891 0.000000 0.388672 0.062500 0.380859 0.103516 0.316406 0.152344 0.345703 0.117188 0.425781 0.003906 0.402344 0.000000 0.480469 0.062500 0.494141 0.085938 0.623047 0.164062 0.609375 0.193359 0.552734 0.224609 0.580078 0.222656 0.626953 0.173828 0.646484 0.187500 0.750000 0.224609 0.783203 0.257812 0.761719 0.298828 0.949219 0.380859 0.896484 0.332031 0.878906 0.343750 0.830078 0.488281 0.875000 0.521484 0.935547 0.505859 0.740234 0.466797 0.746094 0.470703 0.808594 0.396484 0.779297 0.458984 0.675781 0.412109 0.644531 0.386719 0.671875 0.294922 0.583984 0.339844 0.679688 0.318359 0.718750 0.210938 0.677734 0.246094 0.613281 0.167969 0.441406 0.171875 0.302734 0.085938 0.292969 0.144531 0.250000 0.214844 0.261719 0.175781 0.250000 0.212891 0.185547 0.105469 0.255859 0.093750 0.222656 0.066406 0.275391
0 0.373047 0.193359 0.371094 0.195312 0.371094 0.197266 0.373047 0.199219 0.375000 0.197266 0.375000 0.195312
0 0.087891 0.201172 0.083984 0.205078 0.085938 0.207031 0.085938 0.208984 0.087891 0.210938 0.091797 0.210938 0.095703 0.207031 0.089844 0.201172
0 0.228516 0.203125 0.228516 0.205078 0.230469 0.207031 0.236328 0.207031 0.238281 0.205078 0.238281 0.203125 0.236328 0.201172 0.230469 0.201172
0 0.255859 0.212891 0.253906 0.210938 0.251953 0.210938 0.248047 0.214844 0.250000 0.216797 0.253906 0.216797 0.255859 0.214844
0 0.214844 0.277344 0.210938 0.277344 0.203125 0.285156 0.203125 0.287109 0.207031 0.291016 0.208984 0.291016 0.212891 0.287109 0.212891 0.285156 0.214844 0.283203 0.214844 0.281250 0.216797 0.279297
0 0.388672 0.283203 0.380859 0.291016 0.380859 0.292969 0.386719 0.298828 0.392578 0.292969 0.392578 0.287109
0 0.529297 0.312500 0.527344 0.314453 0.527344 0.316406 0.529297 0.318359 0.531250 0.318359 0.533203 0.316406 0.533203 0.314453 0.531250 0.312500
0 0.970703 0.312500 0.968750 0.314453 0.970703 0.316406 0.972656 0.314453
0 0.111328 0.324219 0.109375 0.326172 0.111328 0.328125 0.113281 0.326172
0 0.937500 0.328125 0.935547 0.330078 0.937500 0.332031 0.939453 0.332031 0.941406 0.330078 0.939453 0.328125
0 0.257812 0.349609 0.255859 0.349609 0.251953 0.353516 0.253906 0.355469 0.253906 0.357422 0.255859 0.359375 0.261719 0.353516
0 0.908203 0.349609 0.904297 0.349609 0.902344 0.351562 0.902344 0.355469 0.904297 0.357422 0.906250 0.357422 0.910156 0.353516 0.910156 0.351562
0 0.339844 0.375000 0.335938 0.378906 0.341797 0.384766 0.343750 0.384766 0.347656 0.380859 0.347656 0.378906 0.345703 0.376953 0.343750 0.376953 0.341797 0.375000
1 0.458984 0.382812 0.468750 0.392578 0.472656 0.392578 0.476562 0.396484 0.476562 0.400391 0.480469 0.406250 0.486328 0.402344 0.492188 0.404297 0.498047 0.410156 0.503906 0.406250 0.496094 0.396484 0.496094 0.390625 0.490234 0.384766 0.482422 0.384766 0.470703 0.375000 0.464844 0.375000
0 0.392578 0.384766 0.390625 0.382812 0.388672 0.382812 0.386719 0.380859 0.384766 0.380859 0.382812 0.382812 0.378906 0.382812 0.376953 0.384766 0.376953 0.386719 0.373047 0.390625 0.378906 0.396484 0.386719 0.396484 0.394531 0.388672 0.392578 0.386719
0 0.519531 0.380859 0.517578 0.382812 0.515625 0.382812 0.509766 0.388672 0.509766 0.396484 0.515625 0.402344 0.521484 0.400391 0.527344 0.394531 0.527344 0.386719 0.523438 0.382812 0.521484 0.382812
0 0.248047 0.382812 0.246094 0.384766 0.246094 0.392578 0.250000 0.400391 0.248047 0.404297 0.248047 0.410156 0.255859 0.417969 0.263672 0.417969 0.271484 0.408203 0.271484 0.404297 0.267578 0.398438 0.267578 0.394531 0.253906 0.382812
0 0.330078 0.386719 0.318359 0.398438 0.310547 0.400391 0.308594 0.404297 0.318359 0.412109 0.318359 0.416016 0.326172 0.423828 0.333984 0.425781 0.335938 0.423828 0.339844 0.423828 0.347656 0.414062 0.345703 0.412109 0.343750 0.402344 0.335938 0.396484 0.333984 0.388672
0 0.058594 0.390625 0.056641 0.392578 0.056641 0.394531 0.058594 0.396484 0.060547 0.394531 0.060547 0.392578
0 0.289062 0.398438 0.281250 0.406250 0.283203 0.410156 0.275391 0.427734 0.275391 0.435547 0.285156 0.447266 0.292969 0.447266 0.298828 0.443359 0.304688 0.445312 0.312500 0.437500 0.318359 0.435547 0.316406 0.433594 0.310547 0.435547 0.304688 0.429688 0.302734 0.419922 0.296875 0.412109 0.296875 0.402344
0 0.990234 0.400391 0.988281 0.400391 0.984375 0.404297 0.988281 0.408203 0.992188 0.404297 0.992188 0.402344
0 0.105469 0.412109 0.103516 0.414062 0.105469 0.416016 0.107422 0.414062
0 0.363281 0.416016 0.357422 0.421875 0.359375 0.423828 0.357422 0.425781 0.357422 0.431641 0.355469 0.433594 0.355469 0.437500 0.359375 0.441406 0.361328 0.441406 0.363281 0.443359 0.367188 0.443359 0.373047 0.437500 0.373047 0.435547 0.371094 0.433594 0.371094 0.421875 0.365234 0.416016
1 0.580078 0.417969 0.576172 0.421875 0.576172 0.425781 0.585938 0.435547 0.585938 0.445312 0.589844 0.449219 0.593750 0.449219 0.599609 0.443359 0.599609 0.439453 0.591797 0.429688 0.591797 0.421875 0.587891 0.417969
0 0.533203 0.423828 0.531250 0.425781 0.533203 0.427734 0.535156 0.425781
0 0.244141 0.425781 0.242188 0.425781 0.240234 0.427734 0.240234 0.429688 0.232422 0.437500 0.236328 0.441406 0.240234 0.441406 0.244141 0.437500 0.244141 0.431641 0.246094 0.429688 0.246094 0.427734
0 0.423828 0.439453 0.423828 0.441406 0.425781 0.443359 0.425781 0.447266 0.429688 0.451172 0.435547 0.451172 0.437500 0.449219 0.439453 0.449219 0.441406 0.447266 0.445312 0.447266 0.447266 0.445312 0.445312 0.443359 0.445312 0.439453 0.439453 0.433594 0.429688 0.433594
0 0.324219 0.443359 0.320312 0.447266 0.324219 0.451172 0.328125 0.447266
0 0.531250 0.443359 0.529297 0.445312 0.531250 0.447266 0.533203 0.447266 0.535156 0.445312 0.533203 0.443359
0 0.388672 0.445312 0.386719 0.447266 0.386719 0.451172 0.388672 0.453125 0.392578 0.449219
0 0.361328 0.451172 0.359375 0.451172 0.353516 0.457031 0.357422 0.460938 0.361328 0.460938 0.365234 0.457031 0.365234 0.455078
0 0.406250 0.449219 0.404297 0.451172 0.404297 0.455078 0.402344 0.457031 0.402344 0.464844 0.406250 0.468750 0.416016 0.468750 0.419922 0.462891 0.419922 0.457031 0.414062 0.451172 0.410156 0.451172 0.408203 0.449219
0 0.832031 0.449219 0.828125 0.449219 0.816406 0.462891 0.816406 0.468750 0.820312 0.472656 0.822266 0.472656 0.837891 0.457031 0.837891 0.455078
0 0.240234 0.466797 0.242188 0.468750 0.246094 0.468750 0.248047 0.466797 0.246094 0.464844 0.242188 0.464844
0 0.351562 0.474609 0.349609 0.476562 0.349609 0.478516 0.351562 0.480469 0.349609 0.482422 0.351562 0.484375 0.351562 0.486328 0.355469 0.490234 0.357422 0.490234 0.359375 0.492188 0.361328 0.490234 0.365234 0.490234 0.367188 0.488281 0.367188 0.484375 0.363281 0.480469 0.361328 0.480469 0.357422 0.476562 0.355469 0.476562 0.353516 0.474609
0 0.847656 0.476562 0.843750 0.480469 0.843750 0.484375 0.847656 0.488281 0.851562 0.488281 0.853516 0.486328 0.853516 0.484375 0.857422 0.480469 0.853516 0.476562
0 0.406250 0.486328 0.404297 0.488281 0.404297 0.490234 0.406250 0.492188 0.410156 0.492188 0.412109 0.490234 0.412109 0.488281 0.410156 0.486328
0 0.912109 0.484375 0.910156 0.486328 0.910156 0.490234 0.914062 0.494141 0.917969 0.490234 0.917969 0.488281 0.914062 0.484375
0 0.541016 0.496094 0.539062 0.498047 0.541016 0.500000 0.542969 0.498047
0 0.634766 0.496094 0.630859 0.496094 0.628906 0.498047 0.632812 0.501953 0.636719 0.498047
0 0.917969 0.498047 0.916016 0.500000 0.916016 0.501953 0.914062 0.503906 0.917969 0.507812 0.919922 0.507812 0.921875 0.505859 0.921875 0.500000 0.919922 0.498047
0 0.230469 0.503906 0.226562 0.507812 0.230469 0.511719 0.232422 0.511719 0.234375 0.509766 0.234375 0.507812
0 0.603516 0.503906 0.599609 0.507812 0.599609 0.513672 0.603516 0.517578 0.609375 0.517578 0.613281 0.513672 0.613281 0.509766 0.607422 0.503906
1 0.433594 0.507812 0.429688 0.507812 0.425781 0.511719 0.425781 0.513672 0.427734 0.515625 0.425781 0.517578 0.425781 0.519531 0.419922 0.525391 0.421875 0.527344 0.419922 0.529297 0.423828 0.533203 0.429688 0.533203 0.431641 0.531250 0.431641 0.529297 0.429688 0.527344 0.431641 0.525391 0.431641 0.523438 0.439453 0.515625 0.437500 0.513672 0.437500 0.511719
0 0.564453 0.513672 0.562500 0.515625 0.562500 0.519531 0.564453 0.521484 0.568359 0.521484 0.570312 0.519531 0.570312 0.515625 0.568359 0.513672
0 0.707031 0.513672 0.705078 0.515625 0.707031 0.517578 0.708984 0.515625
0 0.376953 0.517578 0.371094 0.517578 0.367188 0.521484 0.367188 0.523438 0.371094 0.527344 0.373047 0.527344 0.378906 0.521484 0.378906 0.519531
0 0.281250 0.527344 0.279297 0.525391 0.277344 0.525391 0.273438 0.529297 0.275391 0.531250 0.279297 0.531250 0.281250 0.529297
0 0.482422 0.525391 0.480469 0.527344 0.482422 0.529297 0.484375 0.527344
0 0.513672 0.523438 0.511719 0.525391 0.511719 0.529297 0.515625 0.533203 0.517578 0.533203 0.519531 0.535156 0.523438 0.531250 0.523438 0.529297 0.517578 0.523438
0 0.589844 0.531250 0.589844 0.542969 0.595703 0.550781 0.593750 0.560547 0.599609 0.568359 0.603516 0.568359 0.611328 0.562500 0.625000 0.564453 0.632812 0.558594 0.636719 0.546875 0.632812 0.539062 0.625000 0.533203 0.621094 0.533203 0.613281 0.539062 0.599609 0.527344
0 0.783203 0.527344 0.781250 0.529297 0.783203 0.531250 0.785156 0.529297
0 0.976562 0.533203 0.972656 0.533203 0.970703 0.535156 0.970703 0.537109 0.974609 0.541016 0.978516 0.537109 0.978516 0.535156
0 0.697266 0.537109 0.695312 0.539062 0.695312 0.541016 0.697266 0.542969 0.699219 0.541016 0.699219 0.539062
0 0.728516 0.535156 0.726562 0.537109 0.726562 0.541016 0.728516 0.542969 0.732422 0.542969 0.734375 0.541016 0.734375 0.537109 0.732422 0.535156
0 0.859375 0.535156 0.855469 0.539062 0.855469 0.550781 0.843750 0.560547 0.843750 0.566406 0.851562 0.574219 0.857422 0.572266 0.869141 0.572266 0.880859 0.562500 0.884766 0.556641 0.876953 0.546875 0.871094 0.544922
0 0.898438 0.542969 0.896484 0.544922 0.896484 0.546875 0.900391 0.550781 0.902344 0.548828 0.902344 0.546875
0 0.935547 0.542969 0.933594 0.544922 0.933594 0.548828 0.937500 0.552734 0.939453 0.552734 0.943359 0.548828 0.943359 0.546875 0.939453 0.542969
0 0.234375 0.552734 0.230469 0.556641 0.232422 0.558594 0.234375 0.558594 0.236328 0.560547 0.240234 0.556641 0.236328 0.552734
0 0.386719 0.556641 0.384766 0.558594 0.384766 0.566406 0.386719 0.568359 0.388672 0.568359 0.392578 0.564453 0.392578 0.560547 0.388672 0.556641
0 0.693359 0.564453 0.691406 0.566406 0.689453 0.566406 0.685547 0.570312 0.685547 0.576172 0.689453 0.580078 0.693359 0.580078 0.695312 0.578125 0.697266 0.578125 0.699219 0.576172 0.699219 0.574219 0.701172 0.572266 0.701172 0.570312 0.697266 0.566406 0.695312 0.566406
0 0.722656 0.568359 0.718750 0.572266 0.718750 0.574219 0.722656 0.578125 0.726562 0.574219 0.726562 0.572266
0 0.265625 0.570312 0.263672 0.572266 0.263672 0.574219 0.265625 0.576172 0.267578 0.574219 0.267578 0.572266
0 0.205078 0.580078 0.203125 0.582031 0.205078 0.583984 0.207031 0.582031
0 0.876953 0.578125 0.873047 0.578125 0.869141 0.582031 0.871094 0.583984 0.867188 0.587891 0.859375 0.587891 0.855469 0.589844 0.851562 0.595703 0.851562 0.601562 0.853516 0.605469 0.861328 0.613281 0.869141 0.613281 0.873047 0.609375 0.873047 0.595703 0.871094 0.593750 0.880859 0.583984
0 0.824219 0.583984 0.820312 0.587891 0.820312 0.591797 0.822266 0.593750 0.826172 0.593750 0.828125 0.591797 0.828125 0.589844 0.830078 0.587891 0.828125 0.585938 0.826172 0.585938
0 0.923828 0.583984 0.921875 0.585938 0.919922 0.585938 0.917969 0.587891 0.917969 0.593750 0.919922 0.595703 0.921875 0.595703 0.923828 0.597656 0.925781 0.597656 0.929688 0.593750 0.929688 0.589844
0 0.474609 0.597656 0.468750 0.603516 0.468750 0.609375 0.472656 0.613281 0.480469 0.613281 0.486328 0.607422 0.486328 0.605469 0.484375 0.603516 0.484375 0.601562 0.482422 0.599609 0.480469 0.599609 0.478516 0.597656
0 0.646484 0.601562 0.638672 0.609375 0.638672 0.619141 0.642578 0.626953 0.654297 0.636719 0.662109 0.638672 0.673828 0.625000 0.675781 0.609375 0.669922 0.603516 0.652344 0.603516 0.650391 0.601562
0 0.519531 0.609375 0.517578 0.611328 0.517578 0.613281 0.519531 0.615234 0.521484 0.613281 0.521484 0.611328
0 0.687500 0.615234 0.681641 0.621094 0.681641 0.628906 0.687500 0.634766 0.691406 0.634766 0.695312 0.630859 0.695312 0.628906 0.697266 0.626953 0.697266 0.621094 0.691406 0.615234
0 0.537109 0.619141 0.533203 0.623047 0.533203 0.625000 0.537109 0.628906 0.539062 0.628906 0.542969 0.625000 0.542969 0.623047 0.539062 0.619141
0 0.816406 0.619141 0.812500 0.623047 0.812500 0.625000 0.816406 0.628906 0.820312 0.628906 0.822266 0.626953 0.822266 0.621094 0.820312 0.619141
1 0.488281 0.632812 0.484375 0.628906 0.476562 0.626953 0.455078 0.642578 0.433594 0.640625 0.429688 0.644531 0.433594 0.650391 0.451172 0.650391 0.460938 0.656250 0.468750 0.652344 0.476562 0.642578 0.482422 0.638672 0.484375 0.640625
1 0.568359 0.626953 0.560547 0.628906 0.556641 0.632812 0.556641 0.638672 0.560547 0.642578 0.570312 0.642578 0.578125 0.650391 0.578125 0.654297 0.583984 0.664062 0.580078 0.667969 0.578125 0.666016 0.568359 0.666016 0.562500 0.673828 0.562500 0.685547 0.564453 0.689453 0.556641 0.699219 0.566406 0.710938 0.570312 0.707031 0.570312 0.701172 0.574219 0.697266 0.583984 0.695312 0.587891 0.689453 0.589844 0.679688 0.583984 0.667969 0.587891 0.664062 0.595703 0.671875 0.603516 0.658203 0.601562 0.646484 0.595703 0.638672 0.582031 0.634766 0.578125 0.630859 0.574219 0.630859
0 0.263672 0.630859 0.261719 0.632812 0.261719 0.638672 0.265625 0.642578 0.269531 0.638672 0.269531 0.634766 0.265625 0.630859
0 0.847656 0.628906 0.845703 0.630859 0.845703 0.632812 0.847656 0.634766 0.849609 0.632812 0.849609 0.630859
0 0.539062 0.636719 0.537109 0.638672 0.541016 0.642578 0.542969 0.640625 0.542969 0.638672 0.541016 0.636719
0 0.806641 0.640625 0.804688 0.642578 0.804688 0.644531 0.806641 0.646484 0.808594 0.646484 0.810547 0.644531
1 0.474609 0.658203 0.468750 0.675781 0.476562 0.687500 0.476562 0.705078 0.474609 0.710938 0.478516 0.714844 0.482422 0.714844 0.486328 0.710938 0.486328 0.701172 0.490234 0.695312 0.490234 0.691406 0.482422 0.681641 0.482422 0.673828 0.478516 0.666016 0.478516 0.660156
1 0.507812 0.669922 0.513672 0.673828 0.515625 0.671875 0.521484 0.671875 0.523438 0.673828 0.525391 0.671875 0.529297 0.671875 0.531250 0.673828 0.533203 0.671875 0.539062 0.671875 0.542969 0.667969 0.542969 0.664062 0.537109 0.660156 0.531250 0.660156 0.529297 0.658203 0.519531 0.656250 0.509766 0.666016
0 0.638672 0.667969 0.634766 0.671875 0.638672 0.675781 0.640625 0.675781 0.644531 0.671875 0.640625 0.667969
1 0.703125 0.673828 0.705078 0.681641 0.716797 0.687500 0.720703 0.683594 0.724609 0.683594 0.732422 0.689453 0.738281 0.689453 0.742188 0.685547 0.738281 0.677734 0.730469 0.677734 0.728516 0.679688 0.714844 0.667969 0.708984 0.667969
0 0.550781 0.671875 0.548828 0.673828 0.550781 0.675781 0.552734 0.673828
0 0.824219 0.675781 0.820312 0.675781 0.818359 0.677734 0.818359 0.681641 0.820312 0.683594 0.822266 0.683594 0.826172 0.679688 0.826172 0.677734
0 0.865234 0.677734 0.863281 0.679688 0.863281 0.683594 0.865234 0.685547 0.867188 0.685547 0.871094 0.681641 0.867188 0.677734
0 0.525391 0.683594 0.523438 0.685547 0.527344 0.689453 0.529297 0.687500 0.529297 0.685547 0.527344 0.683594
0 0.503906 0.687500 0.498047 0.693359 0.498047 0.701172 0.500000 0.703125 0.501953 0.708984 0.503906 0.710938 0.509766 0.712891 0.515625 0.708984 0.515625 0.707031 0.517578 0.705078 0.517578 0.699219 0.515625 0.697266 0.515625 0.695312 0.507812 0.687500
0 0.951172 0.693359 0.947266 0.697266 0.947266 0.699219 0.949219 0.701172 0.951172 0.701172 0.953125 0.699219 0.953125 0.695312
0 0.789062 0.701172 0.787109 0.703125 0.789062 0.705078 0.791016 0.705078 0.792969 0.703125 0.791016 0.701172
0 0.671875 0.703125 0.669922 0.703125 0.666016 0.707031 0.667969 0.708984 0.667969 0.710938 0.669922 0.712891 0.675781 0.707031
0 0.453125 0.707031 0.449219 0.707031 0.445312 0.710938 0.445312 0.712891 0.449219 0.716797 0.451172 0.716797 0.455078 0.712891 0.455078 0.708984
0 0.773438 0.707031 0.771484 0.708984 0.773438 0.710938 0.775391 0.710938 0.777344 0.708984 0.775391 0.707031
1 0.779297 0.720703 0.771484 0.728516 0.773438 0.730469 0.775391 0.730469 0.777344 0.728516 0.777344 0.726562 0.781250 0.722656
0 0.863281 0.726562 0.867188 0.730469 0.869141 0.728516 0.871094 0.728516 0.873047 0.726562 0.871094 0.724609 0.865234 0.724609
0 0.460938 0.728516 0.458984 0.730469 0.458984 0.734375 0.460938 0.736328 0.464844 0.736328 0.466797 0.738281 0.468750 0.736328 0.468750 0.732422 0.464844 0.728516
0 0.521484 0.730469 0.519531 0.732422 0.519531 0.734375 0.521484 0.736328 0.523438 0.736328 0.525391 0.734375 0.525391 0.732422 0.523438 0.730469
0 0.837891 0.736328 0.833984 0.736328 0.830078 0.740234 0.830078 0.742188 0.833984 0.746094 0.835938 0.746094 0.841797 0.740234
0 0.738281 0.748047 0.736328 0.750000 0.738281 0.751953 0.740234 0.751953 0.742188 0.750000 0.740234 0.748047
0 0.447266 0.761719 0.445312 0.763672 0.445312 0.765625 0.449219 0.769531 0.451172 0.769531 0.453125 0.767578 0.453125 0.763672 0.451172 0.761719
0 0.904297 0.771484 0.902344 0.773438 0.902344 0.779297 0.906250 0.783203 0.910156 0.779297 0.910156 0.775391 0.906250 0.771484
0 0.679688 0.773438 0.675781 0.777344 0.675781 0.781250 0.677734 0.783203 0.679688 0.783203 0.683594 0.779297 0.683594 0.777344
0 0.791016 0.777344 0.787109 0.781250 0.787109 0.785156 0.789062 0.787109 0.789062 0.789062 0.791016 0.791016 0.794922 0.791016 0.796875 0.792969 0.798828 0.791016 0.800781 0.791016 0.804688 0.787109 0.804688 0.785156 0.802734 0.783203 0.798828 0.783203 0.794922 0.779297 0.792969 0.779297
0 0.945312 0.785156 0.941406 0.781250 0.937500 0.785156 0.939453 0.787109 0.943359 0.787109
0 0.574219 0.804688 0.574219 0.812500 0.580078 0.820312 0.591797 0.826172 0.607422 0.826172 0.617188 0.818359 0.617188 0.810547 0.609375 0.802734 0.591797 0.794922 0.582031 0.794922
0 0.990234 0.794922 0.988281 0.794922 0.982422 0.800781 0.982422 0.802734 0.984375 0.804688 0.986328 0.804688 0.988281 0.806641 0.994141 0.800781 0.994141 0.798828
0 0.525391 0.804688 0.523438 0.804688 0.519531 0.808594 0.519531 0.814453 0.521484 0.816406 0.525391 0.816406 0.529297 0.812500 0.529297 0.810547 0.527344 0.808594 0.527344 0.806641
0 0.720703 0.812500 0.720703 0.816406 0.724609 0.822266 0.738281 0.822266 0.740234 0.820312 0.738281 0.818359 0.738281 0.816406 0.736328 0.814453 0.736328 0.812500 0.732422 0.808594 0.724609 0.808594
0 0.767578 0.820312 0.763672 0.824219 0.765625 0.826172 0.767578 0.826172 0.769531 0.824219 0.769531 0.822266
0 0.794922 0.820312 0.792969 0.820312 0.791016 0.822266 0.789062 0.822266 0.787109 0.824219 0.787109 0.828125 0.791016 0.832031 0.792969 0.832031 0.796875 0.828125 0.796875 0.826172 0.798828 0.824219
1 0.689453 0.892578 0.666016 0.849609 0.642578 0.855469 0.640625 0.833984 0.623047 0.828125 0.615234 0.849609 0.599609 0.859375 0.580078 0.910156 0.548828 0.921875 0.515625 0.955078 0.501953 0.960938 0.472656 0.953125 0.457031 0.966797 0.427734 0.960938 0.410156 0.970703 0.406250 0.949219 0.416016 0.931641 0.400391 0.923828 0.394531 0.935547 0.406250 0.970703 0.367188 0.998047 0.412109 0.998047 0.439453 0.980469 0.482422 0.998047 0.503906 0.970703 0.537109 0.958984 0.566406 0.929688 0.578125 0.933594 0.580078 0.917969 0.630859 0.859375 0.648438 0.878906
0 0.814453 0.832031 0.812500 0.833984 0.812500 0.837891 0.814453 0.839844 0.818359 0.839844 0.820312 0.837891 0.820312 0.835938 0.816406 0.832031
0 0.765625 0.847656 0.757812 0.853516 0.757812 0.861328 0.755859 0.865234 0.746094 0.873047 0.742188 0.869141 0.742188 0.865234 0.744141 0.863281 0.736328 0.855469 0.734375 0.857422 0.730469 0.855469 0.724609 0.861328 0.726562 0.865234 0.734375 0.865234 0.738281 0.869141 0.738281 0.871094 0.730469 0.880859 0.730469 0.884766 0.736328 0.892578 0.740234 0.892578 0.742188 0.894531 0.750000 0.886719 0.757812 0.882812 0.761719 0.875000 0.761719 0.871094 0.759766 0.869141 0.771484 0.857422 0.771484 0.853516
0 0.539062 0.873047 0.537109 0.875000 0.537109 0.880859 0.544922 0.888672 0.548828 0.888672 0.550781 0.886719 0.550781 0.882812 0.544922 0.876953 0.544922 0.875000 0.542969 0.873047
0 0.560547 0.882812 0.558594 0.884766 0.558594 0.890625 0.560547 0.892578 0.562500 0.892578 0.566406 0.888672 0.566406 0.886719 0.564453 0.884766 0.562500 0.884766
0 0.787109 0.894531 0.785156 0.896484 0.785156 0.898438 0.787109 0.900391 0.789062 0.898438 0.789062 0.896484
1 0.697266 0.904297 0.691406 0.902344 0.693359 0.912109 0.685547 0.923828 0.662109 0.943359 0.591797 0.958984 0.593750 0.974609 0.570312 0.994141 0.560547 0.996094 0.537109 0.986328 0.519531 0.986328 0.509766 0.998047 0.601562 0.998047 0.609375 0.984375 0.632812 0.986328 0.636719 0.982422 0.642578 0.988281 0.642578 0.998047 0.673828 0.998047 0.673828 0.988281 0.679688 0.982422 0.703125 0.974609 0.669922 0.953125 0.699219 0.923828
0 0.607422 0.906250 0.603516 0.910156 0.603516 0.919922 0.607422 0.923828 0.609375 0.929688 0.621094 0.941406 0.628906 0.941406 0.636719 0.933594 0.636719 0.925781 0.634766 0.921875 0.625000 0.912109 0.613281 0.906250
0 0.986328 0.916016 0.984375 0.917969 0.984375 0.919922 0.986328 0.921875 0.988281 0.919922 0.988281 0.917969
0 0.765625 0.933594 0.763672 0.931641 0.757812 0.931641 0.750000 0.939453 0.750000 0.943359 0.751953 0.945312 0.753906 0.945312 0.755859 0.943359 0.761719 0.943359 0.767578 0.937500 0.765625 0.935547
0 0.707031 0.947266 0.703125 0.951172 0.707031 0.955078 0.708984 0.955078 0.712891 0.951172 0.708984 0.947266
0 0.767578 0.951172 0.765625 0.953125 0.763672 0.953125 0.757812 0.958984 0.757812 0.962891 0.759766 0.964844 0.759766 0.966797 0.761719 0.968750 0.763672 0.968750 0.767578 0.972656 0.773438 0.972656 0.777344 0.968750 0.777344 0.966797 0.779297 0.964844 0.779297 0.955078 0.775391 0.951172
0 0.376953 0.953125 0.373047 0.957031 0.376953 0.960938 0.378906 0.958984 0.378906 0.955078
0 0.732422 0.960938 0.728516 0.964844 0.728516 0.968750 0.734375 0.974609 0.738281 0.974609 0.742188 0.970703 0.738281 0.966797 0.738281 0.964844 0.736328 0.962891 0.734375 0.962891
0 0.826172 0.966797 0.822266 0.966797 0.818359 0.970703 0.818359 0.974609 0.822266 0.978516 0.824219 0.978516 0.830078 0.972656 0.828125 0.970703 0.828125 0.968750
0 0.869141 0.968750 0.867188 0.970703 0.869141 0.972656 0.871094 0.972656 0.873047 0.970703 0.871094 0.968750
