1 0.000000 0.005859 0.003906 0.005859 0.005859 0.003906 0.007812 0.003906 0.011719 0.000000 0.013672 0.000000 0.015625 0.001953 0.017578 0.001953 0.021484 0.005859 0.027344 0.005859 0.033203 0.000000 0.000000 0.000000
0 0.041016 0.013672 0.037109 0.017578 0.041016 0.021484 0.042969 0.021484 0.044922 0.019531 0.044922 0.015625 0.042969 0.013672
1 0.041016 0.027344 0.000000 0.087891 0.000000 0.500000 0.064453 0.496094 0.052734 0.626953 0.191406 0.820312 0.281250 0.791016 0.259766 0.894531 0.339844 0.804688 0.501953 0.775391 0.582031 0.667969 0.591797 0.791016 0.500000 0.845703 0.572266 0.884766 0.441406 0.904297 0.324219 0.998047 0.519531 0.998047 0.474609 0.943359 0.509766 0.912109 0.628906 0.919922 0.580078 0.878906 0.652344 0.685547 0.542969 0.642578 0.531250 0.568359 0.494141 0.601562 0.531250 0.640625 0.429688 0.658203 0.404297 0.746094 0.251953 0.763672 0.134766 0.705078 0.101562 0.615234 0.251953 0.621094 0.302734 0.451172 0.187500 0.400391 0.269531 0.394531 0.207031 0.298828 0.054688 0.294922 0.085938 0.210938 0.013672 0.197266
0 0.099609 0.074219 0.095703 0.078125 0.095703 0.082031 0.107422 0.093750 0.113281 0.093750 0.115234 0.091797 0.117188 0.085938 0.103516 0.074219
0 0.623047 0.183594 0.621094 0.185547 0.621094 0.187500 0.625000 0.191406 0.628906 0.187500 0.625000 0.183594
0 0.677734 0.195312 0.675781 0.197266 0.675781 0.203125 0.679688 0.207031 0.681641 0.207031 0.687500 0.201172 0.687500 0.199219 0.683594 0.195312
0 0.716797 0.208984 0.714844 0.210938 0.714844 0.216797 0.716797 0.218750 0.720703 0.218750 0.724609 0.214844 0.724609 0.212891 0.720703 0.208984
0 0.558594 0.224609 0.554688 0.228516 0.558594 0.232422 0.560547 0.232422 0.562500 0.230469 0.562500 0.228516
0 0.763672 0.244141 0.761719 0.246094 0.761719 0.248047 0.763672 0.250000 0.765625 0.250000 0.767578 0.248047 0.767578 0.246094 0.765625 0.244141
0 0.730469 0.250000 0.728516 0.251953 0.728516 0.253906 0.730469 0.255859 0.732422 0.253906 0.732422 0.251953
0 0.326172 0.269531 0.322266 0.273438 0.322266 0.275391 0.320312 0.277344 0.320312 0.279297 0.322266 0.281250 0.322266 0.283203 0.328125 0.289062 0.330078 0.289062 0.335938 0.283203 0.335938 0.281250 0.333984 0.279297 0.333984 0.275391 0.328125 0.269531
0 0.720703 0.269531 0.716797 0.273438 0.716797 0.275391 0.722656 0.281250 0.724609 0.281250 0.728516 0.277344 0.728516 0.271484 0.726562 0.269531
0 0.435547 0.277344 0.431641 0.283203 0.431641 0.287109 0.433594 0.289062 0.433594 0.291016 0.435547 0.292969 0.437500 0.292969 0.441406 0.296875 0.451172 0.296875 0.455078 0.291016 0.455078 0.281250 0.451172 0.277344 0.447266 0.277344 0.445312 0.275391 0.439453 0.275391 0.437500 0.277344
0 0.705078 0.294922 0.699219 0.298828 0.699219 0.300781 0.697266 0.302734 0.697266 0.308594 0.705078 0.316406 0.710938 0.316406 0.712891 0.314453 0.714844 0.314453 0.718750 0.310547 0.718750 0.302734 0.712891 0.296875 0.710938 0.296875 0.708984 0.294922
0 0.259766 0.310547 0.255859 0.314453 0.257812 0.316406 0.259766 0.316406 0.261719 0.314453 0.261719 0.312500
0 0.125000 0.320312 0.126953 0.322266 0.128906 0.322266 0.130859 0.324219 0.132812 0.324219 0.136719 0.320312 0.134766 0.318359 0.130859 0.318359 0.128906 0.320312 0.126953 0.318359
0 0.257812 0.328125 0.253906 0.332031 0.253906 0.333984 0.255859 0.335938 0.257812 0.335938 0.261719 0.332031
0 0.429688 0.330078 0.425781 0.333984 0.429688 0.337891 0.433594 0.333984
0 0.511719 0.343750 0.509766 0.345703 0.507812 0.345703 0.505859 0.347656 0.505859 0.349609 0.501953 0.353516 0.501953 0.355469 0.503906 0.357422 0.503906 0.359375 0.505859 0.361328 0.507812 0.361328 0.509766 0.359375 0.511719 0.359375 0.513672 0.357422 0.513672 0.355469 0.515625 0.353516 0.513672 0.351562 0.513672 0.345703
0 0.484375 0.351562 0.482422 0.353516 0.484375 0.355469 0.486328 0.353516
0 0.976562 0.355469 0.974609 0.355469 0.972656 0.357422 0.970703 0.357422 0.966797 0.361328 0.966797 0.367188 0.970703 0.373047 0.978516 0.373047 0.984375 0.367188 0.984375 0.363281 0.982422 0.361328 0.982422 0.359375
0 0.257812 0.363281 0.255859 0.365234 0.255859 0.367188 0.253906 0.369141 0.257812 0.373047 0.259766 0.373047 0.261719 0.371094 0.261719 0.367188
0 0.300781 0.390625 0.298828 0.388672 0.294922 0.388672 0.291016 0.392578 0.292969 0.394531 0.296875 0.394531
0 0.515625 0.392578 0.511719 0.388672 0.509766 0.388672 0.507812 0.386719 0.505859 0.388672 0.503906 0.388672 0.501953 0.390625 0.501953 0.392578 0.498047 0.396484 0.498047 0.398438 0.500000 0.400391 0.503906 0.400391 0.505859 0.402344 0.509766 0.402344 0.515625 0.396484
0 0.316406 0.390625 0.312500 0.394531 0.314453 0.402344 0.310547 0.408203 0.310547 0.416016 0.316406 0.421875 0.328125 0.423828 0.332031 0.419922 0.332031 0.412109 0.324219 0.402344 0.326172 0.394531 0.322266 0.390625
0 0.736328 0.455078 0.734375 0.457031 0.736328 0.458984 0.738281 0.457031
0 0.638672 0.460938 0.634766 0.464844 0.634766 0.466797 0.636719 0.468750 0.638672 0.468750 0.640625 0.466797 0.640625 0.462891
0 0.478516 0.484375 0.476562 0.486328 0.478516 0.488281 0.480469 0.488281 0.482422 0.486328 0.480469 0.484375
0 0.839844 0.490234 0.837891 0.492188 0.839844 0.494141 0.841797 0.494141 0.843750 0.492188 0.841797 0.490234
0 0.566406 0.513672 0.564453 0.515625 0.566406 0.517578 0.568359 0.515625
0 0.468750 0.517578 0.462891 0.517578 0.460938 0.519531 0.458984 0.519531 0.453125 0.525391 0.453125 0.527344 0.451172 0.529297 0.451172 0.535156 0.460938 0.544922 0.462891 0.542969 0.464844 0.537109 0.470703 0.531250 0.470703 0.527344 0.472656 0.525391 0.472656 0.523438
0 0.353516 0.537109 0.351562 0.539062 0.351562 0.541016 0.353516 0.542969 0.355469 0.542969 0.357422 0.541016
0 0.306641 0.542969 0.302734 0.546875 0.302734 0.548828 0.306641 0.552734 0.308594 0.552734 0.312500 0.548828
0 0.740234 0.546875 0.738281 0.548828 0.740234 0.550781 0.742188 0.548828
0 0.320312 0.568359 0.318359 0.570312 0.318359 0.572266 0.322266 0.576172 0.324219 0.576172 0.326172 0.574219 0.326172 0.572266 0.322266 0.568359
0 0.462891 0.568359 0.460938 0.570312 0.462891 0.572266 0.464844 0.570312
0 0.675781 0.566406 0.673828 0.568359 0.673828 0.570312 0.675781 0.572266 0.677734 0.570312 0.677734 0.568359
0 0.695312 0.580078 0.691406 0.583984 0.691406 0.589844 0.695312 0.593750 0.699219 0.593750 0.701172 0.591797 0.701172 0.589844 0.703125 0.587891 0.701172 0.585938 0.701172 0.583984 0.697266 0.580078
0 0.480469 0.582031 0.478516 0.582031 0.474609 0.585938 0.474609 0.587891 0.476562 0.589844 0.478516 0.587891 0.480469 0.587891 0.482422 0.585938 0.482422 0.583984
0 0.570312 0.591797 0.568359 0.593750 0.570312 0.595703 0.570312 0.597656 0.572266 0.599609 0.574219 0.597656 0.576172 0.599609 0.578125 0.597656 0.576172 0.595703 0.576172 0.593750 0.574219 0.591797
0 0.152344 0.597656 0.152344 0.601562 0.154297 0.603516 0.156250 0.603516 0.158203 0.605469 0.160156 0.605469 0.162109 0.607422 0.164062 0.607422 0.169922 0.601562 0.164062 0.595703 0.154297 0.595703
0 0.267578 0.593750 0.263672 0.593750 0.259766 0.597656 0.259766 0.599609 0.261719 0.601562 0.261719 0.603516 0.263672 0.605469 0.265625 0.605469 0.271484 0.599609 0.271484 0.597656
1 0.480469 0.601562 0.478516 0.601562 0.474609 0.605469 0.474609 0.607422 0.472656 0.609375 0.472656 0.615234 0.474609 0.617188 0.478516 0.613281 0.478516 0.611328 0.480469 0.609375 0.480469 0.605469 0.482422 0.603516
1 0.558594 0.613281 0.562500 0.617188 0.564453 0.617188 0.568359 0.621094 0.572266 0.621094 0.574219 0.619141 0.574219 0.617188 0.570312 0.613281 0.568359 0.613281 0.566406 0.611328 0.564453 0.611328 0.562500 0.609375
0 0.453125 0.617188 0.451172 0.619141 0.453125 0.621094 0.455078 0.619141
0 0.402344 0.623047 0.396484 0.628906 0.396484 0.634766 0.400391 0.638672 0.402344 0.638672 0.406250 0.634766 0.406250 0.632812 0.408203 0.630859 0.406250 0.628906 0.406250 0.626953
0 0.626953 0.625000 0.625000 0.626953 0.626953 0.628906 0.625000 0.630859 0.625000 0.632812 0.628906 0.636719 0.632812 0.632812 0.628906 0.628906 0.628906 0.626953
0 0.794922 0.626953 0.792969 0.628906 0.792969 0.632812 0.798828 0.638672 0.800781 0.638672 0.804688 0.634766 0.804688 0.632812 0.798828 0.626953
0 0.156250 0.632812 0.154297 0.634766 0.154297 0.636719 0.156250 0.638672 0.158203 0.636719 0.158203 0.634766
0 0.357422 0.632812 0.351562 0.638672 0.351562 0.642578 0.353516 0.646484 0.365234 0.660156 0.369141 0.662109 0.373047 0.662109 0.380859 0.646484 0.367188 0.634766
0 0.416016 0.632812 0.414062 0.634766 0.414062 0.640625 0.417969 0.644531 0.421875 0.644531 0.423828 0.642578 0.423828 0.636719 0.419922 0.632812
0 0.439453 0.632812 0.437500 0.634766 0.439453 0.636719 0.441406 0.634766
0 0.693359 0.638672 0.691406 0.638672 0.687500 0.642578 0.687500 0.644531 0.691406 0.648438 0.695312 0.644531 0.695312 0.640625
1 0.439453 0.648438 0.447266 0.656250 0.449219 0.654297 0.457031 0.654297 0.458984 0.652344 0.462891 0.652344 0.464844 0.650391 0.464844 0.648438 0.462891 0.646484 0.457031 0.646484 0.455078 0.648438 0.447266 0.648438 0.443359 0.644531
0 0.394531 0.652344 0.392578 0.652344 0.390625 0.654297 0.390625 0.656250 0.392578 0.658203 0.396484 0.654297
0 0.261719 0.658203 0.257812 0.658203 0.253906 0.662109 0.253906 0.664062 0.255859 0.666016 0.255859 0.667969 0.257812 0.669922 0.259766 0.669922 0.261719 0.667969 0.263672 0.667969 0.265625 0.666016 0.265625 0.662109
0 0.619141 0.656250 0.617188 0.658203 0.619141 0.660156 0.621094 0.658203
0 0.392578 0.664062 0.388672 0.667969 0.388672 0.671875 0.390625 0.673828 0.390625 0.675781 0.396484 0.681641 0.400391 0.677734 0.398438 0.675781 0.398438 0.671875 0.400391 0.669922 0.400391 0.666016 0.398438 0.664062
0 0.275391 0.667969 0.271484 0.671875 0.271484 0.673828 0.269531 0.675781 0.269531 0.677734 0.271484 0.679688 0.271484 0.681641 0.275391 0.685547 0.277344 0.685547 0.283203 0.679688 0.283203 0.673828 0.277344 0.667969
0 0.867188 0.673828 0.865234 0.675781 0.867188 0.677734 0.869141 0.675781
0 0.324219 0.677734 0.320312 0.681641 0.320312 0.687500 0.324219 0.691406 0.326172 0.691406 0.332031 0.685547 0.330078 0.683594 0.330078 0.681641 0.326172 0.677734
0 0.845703 0.679688 0.841797 0.683594 0.845703 0.687500 0.847656 0.687500 0.849609 0.685547 0.849609 0.683594
0 0.392578 0.693359 0.388672 0.689453 0.380859 0.689453 0.375000 0.695312 0.376953 0.697266 0.376953 0.701172 0.378906 0.703125 0.380859 0.703125 0.384766 0.699219 0.388672 0.699219 0.392578 0.695312
0 0.576172 0.689453 0.574219 0.691406 0.574219 0.693359 0.576172 0.695312 0.578125 0.693359 0.578125 0.691406
0 0.220703 0.693359 0.216797 0.697266 0.216797 0.701172 0.218750 0.703125 0.222656 0.703125 0.226562 0.699219
0 0.349609 0.691406 0.345703 0.695312 0.345703 0.697266 0.349609 0.701172 0.351562 0.701172 0.353516 0.699219 0.353516 0.695312
0 0.712891 0.699219 0.708984 0.703125 0.708984 0.705078 0.714844 0.710938 0.716797 0.710938 0.718750 0.712891 0.720703 0.712891 0.722656 0.714844 0.724609 0.712891 0.724609 0.707031 0.716797 0.699219
0 0.746094 0.708984 0.744141 0.708984 0.740234 0.712891 0.740234 0.716797 0.736328 0.720703 0.736328 0.726562 0.738281 0.728516 0.744141 0.728516 0.750000 0.722656 0.750000 0.716797 0.748047 0.714844 0.748047 0.710938
0 0.976562 0.710938 0.972656 0.714844 0.972656 0.722656 0.970703 0.724609 0.974609 0.730469 0.972656 0.732422 0.974609 0.740234 0.986328 0.751953 0.990234 0.753906 0.996094 0.750000 0.998047 0.751953 0.998047 0.712891 0.992188 0.708984 0.990234 0.710938 0.986328 0.708984 0.984375 0.710938 0.982422 0.708984
0 0.271484 0.716797 0.273438 0.718750 0.277344 0.718750 0.279297 0.716797 0.277344 0.714844 0.273438 0.714844
1 0.351562 0.724609 0.351562 0.728516 0.357422 0.734375 0.363281 0.730469 0.367188 0.730469 0.369141 0.732422 0.378906 0.732422 0.382812 0.728516 0.382812 0.726562 0.376953 0.720703 0.371094 0.720703 0.369141 0.722656 0.365234 0.722656 0.363281 0.724609 0.357422 0.718750
0 0.693359 0.724609 0.687500 0.730469 0.687500 0.734375 0.689453 0.736328 0.689453 0.740234 0.691406 0.742188 0.693359 0.742188 0.695312 0.744141 0.697266 0.742188 0.697266 0.738281 0.699219 0.736328 0.699219 0.730469
0 0.755859 0.734375 0.751953 0.738281 0.751953 0.740234 0.757812 0.746094 0.759766 0.746094 0.761719 0.744141 0.761719 0.740234
0 0.646484 0.757812 0.642578 0.757812 0.640625 0.759766 0.640625 0.763672 0.644531 0.767578 0.648438 0.763672 0.648438 0.759766
0 0.720703 0.761719 0.718750 0.763672 0.720703 0.765625 0.722656 0.765625 0.724609 0.763672 0.722656 0.761719
1 0.515625 0.771484 0.515625 0.773438 0.517578 0.775391 0.533203 0.775391 0.541016 0.781250 0.548828 0.775391 0.548828 0.773438 0.544922 0.769531 0.517578 0.769531
0 0.755859 0.775391 0.753906 0.777344 0.753906 0.779297 0.755859 0.781250 0.757812 0.781250 0.759766 0.779297
0 0.861328 0.773438 0.859375 0.775391 0.859375 0.777344 0.861328 0.779297 0.863281 0.779297 0.865234 0.777344 0.865234 0.775391 0.863281 0.773438
0 0.867188 0.792969 0.865234 0.794922 0.863281 0.794922 0.861328 0.796875 0.861328 0.800781 0.863281 0.802734 0.865234 0.802734 0.871094 0.796875
0 0.822266 0.804688 0.820312 0.806641 0.820312 0.808594 0.822266 0.810547 0.824219 0.808594 0.824219 0.806641
0 0.968750 0.806641 0.962891 0.812500 0.962891 0.816406 0.964844 0.818359 0.966797 0.818359 0.968750 0.820312 0.972656 0.820312 0.978516 0.814453 0.978516 0.810547 0.974609 0.806641
0 0.773438 0.814453 0.769531 0.810547 0.767578 0.810547 0.765625 0.812500 0.763672 0.812500 0.759766 0.816406 0.763672 0.820312 0.765625 0.820312 0.767578 0.818359 0.769531 0.818359
0 0.849609 0.810547 0.845703 0.814453 0.845703 0.818359 0.847656 0.820312 0.847656 0.822266 0.851562 0.826172 0.855469 0.822266 0.855469 0.816406
0 0.732422 0.816406 0.730469 0.816406 0.728516 0.814453 0.726562 0.814453 0.720703 0.820312 0.720703 0.828125 0.722656 0.830078 0.728516 0.830078 0.730469 0.828125 0.732422 0.828125 0.734375 0.826172 0.734375 0.818359
0 0.888672 0.818359 0.886719 0.818359 0.882812 0.822266 0.882812 0.824219 0.886719 0.828125 0.892578 0.822266
0 0.447266 0.822266 0.441406 0.830078 0.441406 0.835938 0.443359 0.837891 0.443359 0.841797 0.449219 0.847656 0.457031 0.847656 0.462891 0.843750 0.462891 0.841797 0.464844 0.839844 0.464844 0.832031 0.460938 0.826172 0.458984 0.826172 0.453125 0.822266
0 0.949219 0.851562 0.943359 0.859375 0.943359 0.875000 0.953125 0.890625 0.960938 0.894531 0.972656 0.890625 0.980469 0.890625 0.988281 0.896484 0.998047 0.894531 0.998047 0.880859 0.990234 0.878906 0.984375 0.873047 0.984375 0.863281 0.980469 0.855469 0.966797 0.845703 0.962891 0.847656 0.957031 0.845703
0 0.757812 0.851562 0.755859 0.853516 0.753906 0.853516 0.751953 0.855469 0.751953 0.859375 0.753906 0.861328 0.757812 0.861328 0.761719 0.857422 0.759766 0.855469 0.759766 0.853516
0 0.867188 0.855469 0.865234 0.857422 0.865234 0.861328 0.867188 0.863281 0.869141 0.863281 0.871094 0.861328 0.871094 0.859375
0 0.804688 0.863281 0.802734 0.865234 0.802734 0.867188 0.804688 0.869141 0.806641 0.867188 0.806641 0.865234
0 0.675781 0.873047 0.673828 0.875000 0.669922 0.875000 0.666016 0.878906 0.667969 0.888672 0.662109 0.896484 0.667969 0.902344 0.669922 0.902344 0.685547 0.890625 0.685547 0.880859 0.679688 0.875000 0.677734 0.875000
0 0.734375 0.875000 0.732422 0.876953 0.732422 0.878906 0.734375 0.880859 0.736328 0.880859 0.738281 0.878906
0 0.814453 0.876953 0.812500 0.878906 0.812500 0.880859 0.814453 0.882812 0.816406 0.882812 0.818359 0.880859 0.818359 0.878906 0.816406 0.876953
0 0.712891 0.880859 0.707031 0.886719 0.707031 0.890625 0.710938 0.894531 0.720703 0.894531 0.722656 0.892578 0.722656 0.884766 0.718750 0.880859
0 0.652344 0.886719 0.650391 0.886719 0.646484 0.890625 0.646484 0.892578 0.644531 0.894531 0.648438 0.898438 0.650391 0.898438 0.652344 0.896484 0.652344 0.894531 0.654297 0.892578 0.654297 0.888672
0 0.748047 0.888672 0.744141 0.892578 0.738281 0.904297 0.738281 0.912109 0.744141 0.916016 0.748047 0.916016 0.750000 0.914062 0.759766 0.914062 0.763672 0.912109 0.769531 0.904297 0.765625 0.900391 0.757812 0.904297 0.751953 0.898438 0.753906 0.890625 0.751953 0.888672
0 0.628906 0.890625 0.625000 0.894531 0.625000 0.896484 0.628906 0.900391 0.634766 0.900391 0.636719 0.898438 0.636719 0.894531 0.634766 0.892578 0.632812 0.892578 0.630859 0.890625
0 0.708984 0.914062 0.705078 0.910156 0.697266 0.916016 0.695312 0.916016 0.693359 0.914062 0.687500 0.914062 0.681641 0.917969 0.683594 0.919922 0.681641 0.921875 0.685547 0.927734 0.689453 0.927734 0.693359 0.931641 0.701172 0.931641 0.703125 0.929688 0.701172 0.927734 0.707031 0.919922
0 0.816406 0.914062 0.812500 0.917969 0.816406 0.921875 0.818359 0.921875 0.820312 0.919922 0.820312 0.916016 0.818359 0.914062
0 0.972656 0.919922 0.968750 0.923828 0.968750 0.933594 0.974609 0.937500 0.980469 0.937500 0.986328 0.931641 0.986328 0.927734 0.982422 0.921875 0.980469 0.921875 0.978516 0.919922
1 0.638672 0.927734 0.634766 0.931641 0.636719 0.933594 0.638672 0.939453 0.646484 0.949219 0.646484 0.951172 0.650391 0.955078 0.652344 0.955078 0.654297 0.953125 0.654297 0.939453 0.656250 0.937500 0.656250 0.935547 0.652344 0.931641 0.646484 0.931641 0.644531 0.929688
0 0.755859 0.931641 0.753906 0.933594 0.753906 0.935547 0.755859 0.937500 0.757812 0.937500 0.759766 0.935547 0.759766 0.933594 0.757812 0.931641
0 0.820312 0.935547 0.818359 0.937500 0.820312 0.939453 0.822266 0.939453 0.824219 0.937500 0.822266 0.935547
0 0.775391 0.939453 0.771484 0.943359 0.771484 0.947266 0.775391 0.951172 0.779297 0.951172 0.783203 0.947266 0.783203 0.945312 0.777344 0.939453
0 0.593750 0.947266 0.585938 0.943359 0.570312 0.958984 0.546875 0.947266 0.537109 0.949219 0.527344 0.960938 0.529297 0.988281 0.537109 0.996094 0.544922 0.994141 0.548828 0.998047 0.558594 0.998047 0.558594 0.992188 0.572266 0.978516 0.583984 0.976562 0.591797 0.968750 0.595703 0.957031
0 0.691406 0.947266 0.691406 0.949219 0.695312 0.953125 0.697266 0.951172 0.707031 0.960938 0.712891 0.958984 0.716797 0.953125 0.716797 0.949219 0.712891 0.943359 0.705078 0.943359 0.703125 0.945312 0.699219 0.945312 0.697266 0.943359 0.695312 0.943359
0 0.871094 0.945312 0.869141 0.945312 0.859375 0.955078 0.861328 0.957031 0.861328 0.958984 0.863281 0.960938 0.867188 0.960938 0.871094 0.957031 0.871094 0.955078 0.873047 0.953125 0.873047 0.947266
0 0.818359 0.949219 0.814453 0.953125 0.814453 0.962891 0.816406 0.964844 0.818359 0.964844 0.820312 0.966797 0.824219 0.962891 0.824219 0.953125 0.820312 0.949219
0 0.742188 0.996094 0.734375 0.986328 0.734375 0.982422 0.728516 0.976562 0.726562 0.976562 0.714844 0.988281 0.714844 0.990234 0.705078 0.998047 0.742188 0.998047
0 0.660156 0.980469 0.656250 0.984375 0.656250 0.988281 0.658203 0.990234 0.658203 0.992188 0.662109 0.996094 0.660156 0.998047 0.667969 0.998047 0.671875 0.994141 0.671875 0.992188 0.673828 0.990234 0.673828 0.988281 0.667969 0.982422 0.666016 0.982422 0.664062 0.980469
0 0.794922 0.996094 0.794922 0.998047 0.812500 0.998047 0.812500 0.996094 0.806641 0.990234 0.800781 0.990234
1 0.890625 0.992188 0.890625 0.998047 0.916016 0.998047 0.916016 0.996094 0.912109 0.992188 0.910156 0.994141 0.906250 0.994141 0.904297 0.996094 0.896484 0.988281 0.894531 0.988281
1 0.591797 0.998047 0.597656 0.998047 0.595703 0.996094 0.593750 0.996094
