0 0.562500 0.035156 0.560547 0.037109 0.560547 0.039062 0.562500 0.041016 0.564453 0.039062 0.564453 0.037109
0 0.169922 0.044922 0.167969 0.046875 0.167969 0.048828 0.171875 0.052734 0.173828 0.052734 0.177734 0.048828 0.173828 0.044922
0 0.199219 0.042969 0.197266 0.044922 0.199219 0.046875 0.201172 0.044922
1 0.013672 0.103516 0.000000 0.138672 0.052734 0.117188 0.001953 0.173828 0.048828 0.142578 0.000000 0.253906 0.070312 0.125000 0.101562 0.160156 0.066406 0.289062 0.000000 0.300781 0.070312 0.402344 0.000000 0.406250 0.000000 0.517578 0.154297 0.722656 0.148438 0.845703 0.273438 0.750000 0.298828 0.791016 0.259766 0.923828 0.312500 0.882812 0.384766 0.945312 0.445312 0.878906 0.423828 0.994141 0.455078 0.998047 0.503906 0.855469 0.460938 0.818359 0.457031 0.867188 0.439453 0.835938 0.410156 0.873047 0.322266 0.873047 0.285156 0.746094 0.408203 0.722656 0.343750 0.607422 0.421875 0.603516 0.253906 0.607422 0.197266 0.515625 0.236328 0.404297 0.208984 0.378906 0.142578 0.457031 0.095703 0.328125 0.164062 0.283203 0.119141 0.142578 0.177734 0.062500
0 0.464844 0.152344 0.462891 0.154297 0.460938 0.152344 0.457031 0.156250 0.457031 0.160156 0.458984 0.162109 0.458984 0.166016 0.462891 0.169922 0.466797 0.166016 0.466797 0.154297
0 0.378906 0.181641 0.376953 0.179688 0.375000 0.179688 0.371094 0.183594 0.373047 0.185547 0.376953 0.185547 0.378906 0.183594
1 0.429688 0.181641 0.425781 0.187500 0.431641 0.193359 0.431641 0.197266 0.427734 0.201172 0.427734 0.205078 0.429688 0.207031 0.431641 0.207031 0.435547 0.203125 0.435547 0.185547 0.431641 0.181641
0 0.787109 0.193359 0.785156 0.195312 0.785156 0.201172 0.787109 0.203125 0.791016 0.203125 0.792969 0.201172 0.792969 0.197266 0.789062 0.193359
0 0.375000 0.195312 0.373047 0.195312 0.369141 0.199219 0.373047 0.203125 0.376953 0.199219 0.376953 0.197266
0 0.349609 0.203125 0.345703 0.203125 0.341797 0.207031 0.341797 0.212891 0.339844 0.214844 0.339844 0.216797 0.343750 0.220703 0.347656 0.220703 0.349609 0.218750 0.349609 0.208984 0.351562 0.207031 0.351562 0.205078
0 0.697266 0.207031 0.693359 0.203125 0.691406 0.203125 0.687500 0.207031 0.687500 0.208984 0.689453 0.210938 0.693359 0.210938
0 0.164062 0.216797 0.160156 0.220703 0.160156 0.224609 0.164062 0.228516 0.166016 0.228516 0.169922 0.224609 0.169922 0.222656
0 0.771484 0.218750 0.767578 0.222656 0.767578 0.226562 0.769531 0.228516 0.769531 0.230469 0.773438 0.234375 0.775391 0.234375 0.777344 0.232422 0.779297 0.232422 0.781250 0.230469 0.781250 0.228516 0.783203 0.226562 0.781250 0.224609 0.781250 0.222656 0.777344 0.218750
0 0.652344 0.230469 0.646484 0.236328 0.646484 0.238281 0.652344 0.244141 0.656250 0.244141 0.660156 0.240234 0.660156 0.234375 0.656250 0.230469
0 0.281250 0.238281 0.277344 0.242188 0.277344 0.246094 0.281250 0.250000 0.285156 0.250000 0.287109 0.248047 0.287109 0.242188 0.283203 0.238281
0 0.775391 0.238281 0.769531 0.244141 0.769531 0.248047 0.773438 0.251953 0.777344 0.251953 0.781250 0.248047 0.781250 0.244141
0 0.376953 0.242188 0.375000 0.242188 0.373047 0.244141 0.371094 0.244141 0.365234 0.250000 0.365234 0.251953 0.363281 0.253906 0.363281 0.255859 0.367188 0.259766 0.369141 0.257812 0.371094 0.257812 0.373047 0.255859 0.375000 0.255859 0.380859 0.250000 0.380859 0.246094
0 0.185547 0.246094 0.181641 0.250000 0.181641 0.251953 0.185547 0.255859 0.189453 0.255859 0.191406 0.253906 0.191406 0.250000 0.187500 0.246094
0 0.582031 0.246094 0.576172 0.251953 0.576172 0.255859 0.582031 0.261719 0.583984 0.261719 0.587891 0.257812 0.587891 0.250000 0.583984 0.246094
0 0.712891 0.248047 0.710938 0.250000 0.712891 0.251953 0.714844 0.251953 0.716797 0.250000 0.714844 0.248047
0 0.255859 0.251953 0.248047 0.251953 0.242188 0.257812 0.242188 0.275391 0.246094 0.279297 0.251953 0.279297 0.253906 0.277344 0.255859 0.277344 0.265625 0.267578 0.265625 0.261719 0.263672 0.259766 0.263672 0.257812
1 0.023438 0.257812 0.021484 0.255859 0.017578 0.255859 0.015625 0.257812 0.015625 0.259766 0.009766 0.265625 0.011719 0.267578 0.013672 0.265625 0.015625 0.265625 0.017578 0.263672 0.019531 0.263672 0.023438 0.259766
0 0.033203 0.253906 0.031250 0.255859 0.033203 0.257812 0.035156 0.255859
0 0.480469 0.263672 0.482422 0.265625 0.482422 0.269531 0.486328 0.273438 0.488281 0.273438 0.490234 0.275391 0.492188 0.275391 0.494141 0.273438 0.496094 0.273438 0.498047 0.271484 0.496094 0.269531 0.496094 0.267578 0.488281 0.259766 0.486328 0.259766 0.484375 0.261719 0.482422 0.261719
0 0.710938 0.263672 0.708984 0.263672 0.707031 0.265625 0.707031 0.267578 0.708984 0.269531 0.712891 0.265625
0 0.039062 0.269531 0.037109 0.271484 0.041016 0.275391 0.042969 0.275391 0.044922 0.273438 0.044922 0.271484 0.042969 0.269531
0 0.193359 0.269531 0.189453 0.273438 0.193359 0.277344 0.195312 0.277344 0.197266 0.275391 0.197266 0.271484 0.195312 0.269531
1 0.753906 0.275391 0.748047 0.283203 0.750000 0.294922 0.753906 0.298828 0.746094 0.312500 0.750000 0.316406 0.755859 0.316406 0.767578 0.328125 0.773438 0.320312 0.759766 0.312500 0.759766 0.304688 0.769531 0.294922 0.769531 0.285156 0.761719 0.275391
0 0.804688 0.283203 0.798828 0.289062 0.804688 0.294922 0.806641 0.294922 0.810547 0.291016 0.810547 0.287109 0.806641 0.283203
0 0.533203 0.285156 0.529297 0.289062 0.531250 0.291016 0.533203 0.291016 0.535156 0.289062 0.535156 0.287109
0 0.304688 0.289062 0.300781 0.292969 0.306641 0.298828 0.310547 0.294922 0.310547 0.292969 0.306641 0.289062
0 0.203125 0.292969 0.199219 0.296875 0.199219 0.298828 0.201172 0.300781 0.207031 0.300781 0.210938 0.296875 0.210938 0.294922 0.208984 0.292969
0 0.281250 0.292969 0.277344 0.296875 0.277344 0.298828 0.279297 0.300781 0.279297 0.302734 0.281250 0.304688 0.285156 0.300781 0.285156 0.296875
0 0.441406 0.292969 0.431641 0.300781 0.431641 0.312500 0.429688 0.314453 0.431641 0.316406 0.431641 0.320312 0.437500 0.326172 0.441406 0.328125 0.449219 0.328125 0.458984 0.316406 0.458984 0.300781 0.449219 0.292969
0 0.259766 0.298828 0.257812 0.300781 0.257812 0.302734 0.259766 0.304688 0.261719 0.302734 0.261719 0.300781
1 0.511719 0.296875 0.500000 0.298828 0.494141 0.306641 0.498047 0.326172 0.486328 0.339844 0.480469 0.341797 0.488281 0.355469 0.505859 0.337891 0.505859 0.326172 0.521484 0.316406 0.521484 0.308594 0.517578 0.300781
0 0.791016 0.302734 0.789062 0.304688 0.789062 0.306641 0.791016 0.308594 0.792969 0.308594 0.794922 0.306641 0.794922 0.304688 0.792969 0.302734
0 0.935547 0.300781 0.933594 0.302734 0.933594 0.304688 0.931641 0.306641 0.935547 0.310547 0.937500 0.310547 0.941406 0.306641 0.941406 0.304688 0.937500 0.300781
0 0.244141 0.316406 0.240234 0.320312 0.240234 0.324219 0.244141 0.328125 0.248047 0.328125 0.250000 0.326172 0.250000 0.320312 0.246094 0.316406
0 0.205078 0.337891 0.203125 0.339844 0.203125 0.341797 0.207031 0.345703 0.210938 0.341797 0.207031 0.337891
0 0.843750 0.341797 0.841797 0.343750 0.841797 0.345703 0.845703 0.349609 0.847656 0.349609 0.849609 0.347656 0.849609 0.343750 0.847656 0.341797
0 0.667969 0.343750 0.664062 0.343750 0.658203 0.349609 0.658203 0.353516 0.664062 0.359375 0.666016 0.359375 0.667969 0.357422 0.669922 0.357422 0.671875 0.355469 0.671875 0.353516 0.673828 0.351562 0.671875 0.349609 0.671875 0.347656
0 0.779297 0.349609 0.777344 0.351562 0.777344 0.355469 0.779297 0.357422 0.783203 0.357422 0.785156 0.355469 0.785156 0.351562 0.783203 0.349609
0 0.824219 0.347656 0.822266 0.347656 0.820312 0.349609 0.820312 0.351562 0.822266 0.353516 0.826172 0.349609
0 0.185547 0.351562 0.181641 0.355469 0.181641 0.357422 0.179688 0.359375 0.179688 0.363281 0.181641 0.365234 0.181641 0.369141 0.185547 0.373047 0.189453 0.369141 0.187500 0.367188 0.187500 0.365234 0.195312 0.357422 0.195312 0.355469 0.193359 0.353516 0.187500 0.353516
0 0.650391 0.355469 0.648438 0.357422 0.648438 0.359375 0.650391 0.361328 0.652344 0.361328 0.654297 0.359375
0 0.808594 0.359375 0.804688 0.363281 0.804688 0.365234 0.808594 0.369141 0.812500 0.369141 0.816406 0.365234 0.816406 0.363281 0.812500 0.359375
1 0.000000 0.365234 0.000000 0.371094 0.001953 0.369141 0.001953 0.367188
0 0.232422 0.371094 0.228516 0.367188 0.224609 0.371094 0.226562 0.373047 0.230469 0.373047
0 0.445312 0.373047 0.441406 0.373047 0.439453 0.375000 0.439453 0.378906 0.441406 0.380859 0.443359 0.380859 0.447266 0.376953 0.447266 0.375000
0 0.535156 0.373047 0.533203 0.375000 0.533203 0.376953 0.537109 0.380859 0.539062 0.380859 0.541016 0.378906 0.541016 0.375000 0.539062 0.373047
0 0.275391 0.404297 0.271484 0.408203 0.271484 0.412109 0.273438 0.414062 0.279297 0.414062 0.283203 0.410156 0.283203 0.406250 0.281250 0.404297
0 0.513672 0.402344 0.507812 0.408203 0.507812 0.410156 0.509766 0.412109 0.509766 0.416016 0.511719 0.417969 0.515625 0.417969 0.519531 0.414062 0.519531 0.408203
1 0.289062 0.417969 0.275391 0.429688 0.275391 0.439453 0.283203 0.447266 0.294922 0.445312 0.300781 0.451172 0.302734 0.468750 0.310547 0.472656 0.316406 0.464844 0.318359 0.451172 0.300781 0.431641 0.298828 0.423828
0 0.498047 0.437500 0.494141 0.441406 0.494141 0.445312 0.498047 0.449219 0.500000 0.449219 0.505859 0.443359 0.500000 0.437500
0 0.412109 0.457031 0.414062 0.458984 0.416016 0.458984 0.417969 0.460938 0.419922 0.460938 0.423828 0.457031 0.421875 0.455078 0.414062 0.455078
0 0.574219 0.457031 0.570312 0.460938 0.570312 0.462891 0.572266 0.464844 0.572266 0.466797 0.574219 0.468750 0.576172 0.468750 0.578125 0.470703 0.583984 0.464844 0.583984 0.462891 0.580078 0.458984 0.578125 0.458984 0.576172 0.457031
0 0.466797 0.464844 0.464844 0.466797 0.466797 0.468750 0.468750 0.466797
0 0.435547 0.472656 0.429688 0.478516 0.433594 0.482422 0.435547 0.482422 0.439453 0.478516 0.439453 0.476562
0 0.554688 0.474609 0.552734 0.476562 0.552734 0.478516 0.554688 0.480469 0.556641 0.478516 0.556641 0.476562
0 0.367188 0.478516 0.363281 0.482422 0.363281 0.488281 0.365234 0.490234 0.365234 0.494141 0.367188 0.496094 0.373047 0.496094 0.376953 0.492188 0.376953 0.486328 0.375000 0.484375 0.375000 0.482422 0.371094 0.478516
0 0.519531 0.480469 0.517578 0.482422 0.517578 0.484375 0.519531 0.486328 0.521484 0.486328 0.523438 0.484375
0 0.328125 0.486328 0.326172 0.488281 0.326172 0.490234 0.328125 0.492188 0.330078 0.490234 0.330078 0.488281
0 0.496094 0.490234 0.494141 0.492188 0.498047 0.496094 0.500000 0.494141 0.500000 0.492188 0.498047 0.490234
0 0.740234 0.492188 0.736328 0.492188 0.734375 0.494141 0.734375 0.498047 0.738281 0.501953 0.742188 0.498047 0.742188 0.494141
0 0.330078 0.498047 0.326172 0.501953 0.326172 0.503906 0.330078 0.507812 0.332031 0.507812 0.333984 0.509766 0.335938 0.509766 0.339844 0.505859 0.339844 0.503906 0.333984 0.498047
0 0.322266 0.513672 0.318359 0.517578 0.318359 0.521484 0.322266 0.525391 0.326172 0.525391 0.328125 0.523438 0.328125 0.517578 0.324219 0.513672
0 0.417969 0.519531 0.410156 0.527344 0.410156 0.529297 0.412109 0.531250 0.412109 0.533203 0.417969 0.539062 0.419922 0.539062 0.421875 0.541016 0.427734 0.541016 0.433594 0.535156 0.433594 0.529297 0.431641 0.527344 0.431641 0.525391 0.427734 0.521484 0.425781 0.521484 0.423828 0.519531
0 0.802734 0.519531 0.796875 0.525391 0.796875 0.527344 0.798828 0.529297 0.802734 0.529297 0.806641 0.525391 0.806641 0.523438
0 0.544922 0.533203 0.541016 0.537109 0.541016 0.539062 0.542969 0.541016 0.546875 0.541016 0.548828 0.539062 0.548828 0.537109
0 0.337891 0.541016 0.332031 0.546875 0.332031 0.550781 0.333984 0.552734 0.337891 0.552734 0.339844 0.550781 0.339844 0.548828 0.341797 0.546875 0.341797 0.544922
0 0.580078 0.541016 0.578125 0.542969 0.580078 0.544922 0.582031 0.542969
0 0.556641 0.544922 0.552734 0.548828 0.552734 0.552734 0.556641 0.556641 0.560547 0.556641 0.564453 0.552734 0.564453 0.548828 0.560547 0.544922
0 0.269531 0.550781 0.271484 0.552734 0.271484 0.554688 0.281250 0.564453 0.283203 0.562500 0.285156 0.562500 0.289062 0.558594 0.289062 0.556641 0.285156 0.552734 0.279297 0.552734 0.275391 0.548828 0.271484 0.548828
0 0.376953 0.548828 0.373047 0.552734 0.375000 0.554688 0.376953 0.554688 0.378906 0.552734 0.378906 0.550781
0 0.585938 0.552734 0.583984 0.554688 0.583984 0.556641 0.582031 0.558594 0.582031 0.562500 0.583984 0.564453 0.583984 0.566406 0.585938 0.568359 0.591797 0.568359 0.595703 0.564453 0.595703 0.556641 0.591797 0.552734
0 0.511719 0.554688 0.509766 0.554688 0.507812 0.556641 0.507812 0.558594 0.509766 0.560547 0.513672 0.556641
0 0.320312 0.564453 0.318359 0.566406 0.318359 0.572266 0.320312 0.574219 0.324219 0.574219 0.326172 0.572266 0.326172 0.566406 0.324219 0.564453
0 0.478516 0.564453 0.476562 0.566406 0.478516 0.568359 0.480469 0.568359 0.482422 0.566406 0.480469 0.564453
0 0.687500 0.572266 0.685547 0.574219 0.685547 0.576172 0.687500 0.578125 0.689453 0.578125 0.691406 0.576172
0 0.462891 0.589844 0.462891 0.597656 0.468750 0.603516 0.474609 0.603516 0.476562 0.601562 0.494141 0.601562 0.500000 0.593750 0.500000 0.587891 0.494141 0.582031 0.472656 0.582031
0 0.296875 0.587891 0.294922 0.589844 0.296875 0.591797 0.298828 0.589844
0 0.953125 0.587891 0.947266 0.593750 0.947266 0.601562 0.953125 0.607422 0.957031 0.607422 0.962891 0.601562 0.962891 0.597656 0.960938 0.595703 0.960938 0.593750 0.957031 0.589844 0.955078 0.589844
0 0.656250 0.589844 0.652344 0.593750 0.652344 0.597656 0.656250 0.601562 0.658203 0.601562 0.660156 0.599609 0.662109 0.599609 0.664062 0.597656 0.664062 0.595703 0.658203 0.589844
0 0.779297 0.593750 0.775391 0.597656 0.779297 0.601562 0.781250 0.601562 0.783203 0.599609 0.783203 0.597656
0 0.292969 0.597656 0.289062 0.601562 0.289062 0.603516 0.292969 0.607422 0.294922 0.607422 0.298828 0.603516
0 0.525391 0.599609 0.523438 0.599609 0.517578 0.605469 0.519531 0.607422 0.519531 0.609375 0.517578 0.611328 0.517578 0.615234 0.519531 0.617188 0.521484 0.617188 0.523438 0.615234 0.525391 0.615234 0.529297 0.611328 0.529297 0.603516
0 0.435547 0.607422 0.433594 0.609375 0.435547 0.611328 0.437500 0.611328 0.439453 0.609375 0.437500 0.607422
0 0.732422 0.611328 0.730469 0.613281 0.730469 0.615234 0.732422 0.617188 0.734375 0.615234 0.734375 0.613281
0 0.847656 0.611328 0.845703 0.611328 0.841797 0.615234 0.841797 0.619141 0.843750 0.621094 0.847656 0.621094 0.851562 0.617188 0.851562 0.615234
0 0.568359 0.613281 0.562500 0.619141 0.562500 0.623047 0.566406 0.626953 0.566406 0.628906 0.568359 0.630859 0.568359 0.632812 0.566406 0.634766 0.568359 0.636719 0.570312 0.634766 0.568359 0.632812 0.568359 0.630859 0.576172 0.623047 0.576172 0.621094
0 0.431641 0.619141 0.429688 0.621094 0.429688 0.623047 0.431641 0.625000 0.433594 0.623047 0.433594 0.621094
1 0.486328 0.619141 0.480469 0.625000 0.480469 0.628906 0.482422 0.630859 0.482422 0.636719 0.480469 0.638672 0.480469 0.644531 0.482422 0.646484 0.486328 0.646484 0.490234 0.642578 0.490234 0.640625 0.488281 0.638672 0.488281 0.632812 0.490234 0.630859 0.490234 0.626953 0.492188 0.625000
0 0.593750 0.623047 0.589844 0.623047 0.585938 0.626953 0.585938 0.632812 0.589844 0.636719 0.591797 0.636719 0.595703 0.632812 0.595703 0.625000
0 0.421875 0.630859 0.419922 0.630859 0.412109 0.638672 0.412109 0.640625 0.410156 0.642578 0.414062 0.646484 0.417969 0.646484 0.419922 0.644531 0.419922 0.642578 0.421875 0.640625 0.421875 0.634766 0.423828 0.632812
0 0.437500 0.628906 0.433594 0.634766 0.433594 0.640625 0.437500 0.644531 0.437500 0.646484 0.447266 0.656250 0.453125 0.656250 0.458984 0.650391 0.458984 0.644531 0.457031 0.642578 0.457031 0.638672 0.451172 0.632812 0.447266 0.632812 0.441406 0.628906
0 0.873047 0.630859 0.867188 0.636719 0.867188 0.640625 0.869141 0.642578 0.869141 0.644531 0.871094 0.646484 0.876953 0.646484 0.884766 0.638672 0.882812 0.636719 0.882812 0.634766 0.880859 0.632812 0.878906 0.632812 0.876953 0.630859
0 0.501953 0.640625 0.498047 0.646484 0.505859 0.654297 0.511719 0.654297 0.513672 0.656250 0.517578 0.652344 0.517578 0.648438 0.515625 0.646484 0.515625 0.644531 0.511719 0.640625 0.507812 0.640625 0.505859 0.638672 0.503906 0.640625
0 0.537109 0.640625 0.535156 0.642578 0.535156 0.644531 0.539062 0.648438 0.542969 0.648438 0.544922 0.646484 0.541016 0.642578 0.539062 0.642578
0 0.591797 0.642578 0.589844 0.642578 0.585938 0.646484 0.585938 0.650391 0.583984 0.652344 0.583984 0.654297 0.587891 0.658203 0.589844 0.658203 0.591797 0.656250 0.593750 0.656250 0.597656 0.652344 0.597656 0.648438
0 0.324219 0.646484 0.322266 0.648438 0.324219 0.650391 0.326172 0.648438
0 0.777344 0.644531 0.773438 0.646484 0.767578 0.654297 0.761719 0.654297 0.750000 0.664062 0.748047 0.673828 0.751953 0.679688 0.761719 0.687500 0.769531 0.687500 0.781250 0.677734 0.779297 0.675781 0.787109 0.660156 0.783203 0.648438
0 0.699219 0.650391 0.693359 0.656250 0.693359 0.660156 0.699219 0.666016 0.705078 0.666016 0.708984 0.662109 0.708984 0.656250 0.703125 0.650391
0 0.474609 0.658203 0.470703 0.658203 0.468750 0.660156 0.466797 0.660156 0.464844 0.662109 0.462891 0.662109 0.458984 0.666016 0.458984 0.673828 0.462891 0.677734 0.464844 0.677734 0.466797 0.675781 0.468750 0.675781 0.470703 0.673828 0.470703 0.671875 0.474609 0.667969 0.474609 0.666016 0.476562 0.664062 0.476562 0.660156
1 0.802734 0.656250 0.800781 0.656250 0.798828 0.658203 0.798828 0.662109 0.792969 0.667969 0.791016 0.667969 0.789062 0.669922 0.789062 0.671875 0.792969 0.675781 0.796875 0.675781 0.800781 0.671875 0.798828 0.669922 0.798828 0.667969 0.804688 0.662109 0.804688 0.658203
0 0.330078 0.667969 0.328125 0.669922 0.328125 0.671875 0.330078 0.673828 0.333984 0.673828 0.335938 0.671875 0.335938 0.669922 0.333984 0.667969
0 0.722656 0.669922 0.722656 0.673828 0.726562 0.677734 0.732422 0.677734 0.736328 0.673828 0.736328 0.671875 0.732422 0.667969 0.724609 0.667969
0 0.419922 0.673828 0.416016 0.677734 0.416016 0.679688 0.419922 0.683594 0.421875 0.683594 0.423828 0.685547 0.425781 0.683594 0.425781 0.677734 0.421875 0.673828
0 0.435547 0.673828 0.433594 0.675781 0.433594 0.681641 0.435547 0.683594 0.437500 0.683594 0.439453 0.685547 0.443359 0.681641 0.443359 0.677734 0.439453 0.673828
0 0.863281 0.677734 0.861328 0.679688 0.863281 0.681641 0.865234 0.679688
0 0.949219 0.675781 0.943359 0.679688 0.943359 0.681641 0.941406 0.683594 0.941406 0.685547 0.949219 0.693359 0.953125 0.693359 0.958984 0.687500 0.958984 0.681641 0.953125 0.675781
0 0.349609 0.685547 0.345703 0.689453 0.349609 0.693359 0.351562 0.693359 0.353516 0.691406 0.353516 0.687500 0.351562 0.685547
0 0.472656 0.687500 0.470703 0.689453 0.470703 0.691406 0.472656 0.693359 0.474609 0.693359 0.476562 0.691406 0.476562 0.689453 0.474609 0.687500
0 0.789062 0.691406 0.787109 0.693359 0.789062 0.695312 0.791016 0.693359
0 0.734375 0.707031 0.728516 0.699219 0.720703 0.695312 0.712891 0.695312 0.697266 0.707031 0.691406 0.703125 0.685547 0.703125 0.677734 0.710938 0.673828 0.724609 0.687500 0.730469 0.693359 0.730469 0.699219 0.726562 0.718750 0.730469 0.724609 0.728516 0.734375 0.718750
0 0.843750 0.695312 0.841797 0.695312 0.837891 0.699219 0.837891 0.705078 0.839844 0.707031 0.841797 0.707031 0.843750 0.705078 0.843750 0.703125 0.845703 0.701172 0.845703 0.697266
1 0.468750 0.701172 0.457031 0.705078 0.455078 0.708984 0.455078 0.716797 0.445312 0.728516 0.447266 0.738281 0.455078 0.744141 0.457031 0.744141 0.470703 0.728516 0.472656 0.718750 0.482422 0.710938 0.480469 0.707031
1 0.800781 0.699219 0.796875 0.703125 0.796875 0.708984 0.800781 0.714844 0.798828 0.724609 0.804688 0.730469 0.806641 0.730469 0.812500 0.726562 0.814453 0.720703 0.810547 0.714844 0.810547 0.703125 0.806641 0.699219
1 0.560547 0.707031 0.556641 0.710938 0.558594 0.712891 0.558594 0.716797 0.562500 0.722656 0.562500 0.730469 0.568359 0.736328 0.578125 0.736328 0.580078 0.734375 0.580078 0.728516 0.578125 0.726562 0.578125 0.724609 0.570312 0.716797 0.568359 0.716797 0.564453 0.712891 0.564453 0.708984 0.562500 0.707031
0 0.919922 0.710938 0.917969 0.712891 0.919922 0.714844 0.921875 0.714844 0.923828 0.712891 0.921875 0.710938
0 0.595703 0.718750 0.593750 0.720703 0.593750 0.722656 0.595703 0.724609 0.597656 0.724609 0.599609 0.722656 0.599609 0.720703 0.597656 0.718750
0 0.896484 0.718750 0.892578 0.722656 0.896484 0.726562 0.898438 0.726562 0.900391 0.724609 0.900391 0.720703 0.898438 0.718750
1 0.425781 0.730469 0.423828 0.732422 0.423828 0.734375 0.431641 0.742188 0.433594 0.742188 0.435547 0.740234 0.435547 0.738281 0.429688 0.732422 0.427734 0.732422
0 0.888672 0.734375 0.886719 0.734375 0.880859 0.740234 0.880859 0.742188 0.884766 0.746094 0.888672 0.746094 0.890625 0.744141 0.890625 0.742188 0.892578 0.740234 0.892578 0.738281
1 0.812500 0.738281 0.808594 0.744141 0.808594 0.750000 0.810547 0.751953 0.816406 0.751953 0.826172 0.763672 0.828125 0.761719 0.828125 0.757812 0.826172 0.755859 0.824219 0.755859 0.820312 0.751953 0.820312 0.748047 0.822266 0.746094 0.822266 0.742188 0.818359 0.738281
1 0.541016 0.748047 0.537109 0.751953 0.537109 0.759766 0.542969 0.765625 0.542969 0.777344 0.546875 0.781250 0.541016 0.796875 0.548828 0.804688 0.556641 0.806641 0.568359 0.794922 0.554688 0.779297 0.558594 0.769531 0.556641 0.765625 0.544922 0.757812 0.544922 0.751953
0 0.431641 0.757812 0.425781 0.751953 0.421875 0.751953 0.419922 0.750000 0.416016 0.750000 0.406250 0.759766 0.406250 0.765625 0.408203 0.767578 0.412109 0.767578 0.416016 0.763672 0.419922 0.763672 0.421875 0.761719 0.423828 0.763672 0.427734 0.763672 0.431641 0.759766
0 0.466797 0.751953 0.460938 0.757812 0.468750 0.765625 0.468750 0.777344 0.464844 0.781250 0.462891 0.781250 0.458984 0.777344 0.455078 0.779297 0.457031 0.781250 0.460938 0.779297 0.464844 0.783203 0.462891 0.785156 0.462891 0.789062 0.458984 0.792969 0.460938 0.794922 0.458984 0.796875 0.458984 0.802734 0.462891 0.806641 0.464844 0.804688 0.466797 0.806641 0.478516 0.806641 0.486328 0.800781 0.490234 0.791016 0.488281 0.787109 0.474609 0.773438 0.474609 0.769531 0.480469 0.761719 0.484375 0.761719 0.488281 0.757812 0.484375 0.753906
0 0.970703 0.751953 0.968750 0.753906 0.970703 0.755859 0.972656 0.753906
0 0.388672 0.755859 0.384766 0.759766 0.386719 0.761719 0.386719 0.763672 0.388672 0.765625 0.390625 0.763672 0.390625 0.761719 0.392578 0.759766
0 0.880859 0.753906 0.876953 0.757812 0.876953 0.765625 0.880859 0.769531 0.882812 0.769531 0.886719 0.765625 0.886719 0.757812 0.884766 0.755859 0.882812 0.755859
0 0.755859 0.761719 0.751953 0.765625 0.751953 0.769531 0.755859 0.773438 0.757812 0.773438 0.761719 0.769531 0.761719 0.765625 0.757812 0.761719
0 0.835938 0.763672 0.833984 0.765625 0.833984 0.767578 0.832031 0.769531 0.832031 0.771484 0.835938 0.775391 0.839844 0.775391 0.843750 0.771484 0.843750 0.769531 0.837891 0.763672
0 0.968750 0.763672 0.966797 0.765625 0.966797 0.767578 0.968750 0.769531 0.970703 0.769531 0.972656 0.767578 0.972656 0.765625 0.970703 0.763672
0 0.585938 0.765625 0.578125 0.773438 0.578125 0.777344 0.583984 0.783203 0.589844 0.783203 0.593750 0.779297 0.593750 0.777344 0.595703 0.775391 0.595703 0.773438 0.591797 0.767578 0.589844 0.767578 0.587891 0.765625
0 0.652344 0.767578 0.650391 0.769531 0.648438 0.769531 0.646484 0.771484 0.646484 0.773438 0.650391 0.777344 0.654297 0.777344 0.658203 0.773438
0 0.505859 0.769531 0.503906 0.771484 0.503906 0.773438 0.505859 0.775391 0.507812 0.775391 0.509766 0.773438
0 0.369141 0.773438 0.361328 0.781250 0.361328 0.785156 0.369141 0.792969 0.375000 0.792969 0.382812 0.785156 0.382812 0.783203 0.378906 0.777344 0.380859 0.775391 0.378906 0.773438
0 0.412109 0.773438 0.410156 0.775391 0.408203 0.775391 0.406250 0.777344 0.406250 0.781250 0.412109 0.787109 0.417969 0.781250 0.417969 0.779297
1 0.431641 0.783203 0.431641 0.787109 0.433594 0.789062 0.435547 0.789062 0.437500 0.791016 0.439453 0.791016 0.445312 0.794922 0.453125 0.794922 0.455078 0.792969 0.453125 0.791016 0.453125 0.787109 0.451172 0.785156 0.447266 0.785156 0.441406 0.781250 0.433594 0.781250
0 0.613281 0.781250 0.609375 0.785156 0.609375 0.789062 0.611328 0.791016 0.613281 0.791016 0.617188 0.787109 0.617188 0.785156
0 0.640625 0.781250 0.636719 0.781250 0.634766 0.783203 0.638672 0.787109 0.642578 0.783203
0 0.837891 0.791016 0.839844 0.792969 0.845703 0.792969 0.847656 0.791016 0.849609 0.791016 0.853516 0.787109 0.853516 0.783203 0.851562 0.781250 0.841797 0.781250 0.837891 0.785156
0 0.980469 0.808594 0.978516 0.810547 0.978516 0.812500 0.980469 0.814453 0.982422 0.814453 0.984375 0.812500 0.984375 0.810547 0.982422 0.808594
0 0.671875 0.812500 0.667969 0.812500 0.666016 0.814453 0.662109 0.814453 0.656250 0.820312 0.658203 0.822266 0.658203 0.824219 0.662109 0.828125 0.667969 0.828125 0.669922 0.830078 0.671875 0.828125 0.673828 0.828125 0.677734 0.824219 0.677734 0.818359
0 0.443359 0.816406 0.439453 0.816406 0.435547 0.820312 0.435547 0.822266 0.439453 0.826172 0.441406 0.826172 0.447266 0.820312
0 0.531250 0.824219 0.537109 0.830078 0.542969 0.830078 0.544922 0.828125 0.546875 0.828125 0.548828 0.826172 0.548828 0.818359 0.546875 0.816406 0.537109 0.816406 0.533203 0.820312 0.533203 0.822266
0 0.914062 0.820312 0.916016 0.822266 0.921875 0.822266 0.923828 0.820312 0.921875 0.818359 0.916016 0.818359
0 0.937500 0.816406 0.933594 0.820312 0.937500 0.824219 0.939453 0.824219 0.941406 0.822266 0.941406 0.820312
0 0.804688 0.820312 0.800781 0.820312 0.796875 0.824219 0.802734 0.830078 0.806641 0.826172 0.806641 0.822266
1 0.384766 0.828125 0.382812 0.826172 0.378906 0.826172 0.375000 0.830078 0.367188 0.833984 0.359375 0.828125 0.357422 0.828125 0.351562 0.833984 0.351562 0.837891 0.355469 0.843750 0.363281 0.843750 0.375000 0.837891 0.382812 0.837891 0.384766 0.835938
0 0.599609 0.832031 0.585938 0.832031 0.580078 0.839844 0.572266 0.841797 0.568359 0.845703 0.564453 0.859375 0.566406 0.865234 0.576172 0.875000 0.587891 0.869141 0.591797 0.863281 0.591797 0.859375 0.607422 0.847656 0.607422 0.839844
0 0.900391 0.835938 0.896484 0.841797 0.896484 0.845703 0.900391 0.851562 0.902344 0.851562 0.904297 0.853516 0.906250 0.853516 0.908203 0.851562 0.914062 0.851562 0.919922 0.845703 0.919922 0.841797 0.912109 0.833984 0.904297 0.833984 0.902344 0.835938
0 0.642578 0.843750 0.634766 0.837891 0.628906 0.837891 0.623047 0.843750 0.625000 0.845703 0.613281 0.855469 0.613281 0.859375 0.617188 0.863281 0.619141 0.863281 0.626953 0.855469 0.630859 0.857422 0.640625 0.857422 0.644531 0.851562
0 0.484375 0.839844 0.482422 0.841797 0.482422 0.843750 0.484375 0.845703 0.486328 0.843750 0.486328 0.841797
0 0.744141 0.841797 0.742188 0.843750 0.742188 0.845703 0.744141 0.847656 0.746094 0.847656 0.748047 0.845703 0.748047 0.843750 0.746094 0.841797
0 0.880859 0.845703 0.878906 0.847656 0.878906 0.853516 0.880859 0.855469 0.882812 0.855469 0.884766 0.857422 0.886719 0.857422 0.888672 0.855469 0.888672 0.849609 0.886719 0.847656 0.884766 0.847656 0.882812 0.845703
0 0.958984 0.843750 0.957031 0.843750 0.953125 0.847656 0.953125 0.849609 0.951172 0.851562 0.951172 0.855469 0.949219 0.857422 0.949219 0.861328 0.953125 0.865234 0.957031 0.865234 0.958984 0.863281 0.960938 0.863281 0.962891 0.861328 0.966797 0.861328 0.968750 0.859375 0.968750 0.853516
0 0.775391 0.849609 0.773438 0.851562 0.771484 0.851562 0.767578 0.857422 0.767578 0.867188 0.763672 0.871094 0.763672 0.873047 0.765625 0.875000 0.767578 0.875000 0.769531 0.873047 0.777344 0.873047 0.781250 0.867188 0.781250 0.853516
0 0.988281 0.863281 0.982422 0.863281 0.978516 0.867188 0.978516 0.871094 0.982422 0.875000 0.984375 0.875000 0.990234 0.869141 0.990234 0.865234
0 0.705078 0.871094 0.703125 0.873047 0.701172 0.873047 0.699219 0.875000 0.699219 0.876953 0.701172 0.878906 0.701172 0.880859 0.703125 0.882812 0.707031 0.882812 0.710938 0.878906 0.710938 0.876953
0 0.835938 0.871094 0.832031 0.875000 0.832031 0.880859 0.833984 0.882812 0.833984 0.884766 0.841797 0.892578 0.843750 0.892578 0.845703 0.890625 0.845703 0.884766 0.847656 0.882812 0.847656 0.878906 0.839844 0.871094
0 0.550781 0.886719 0.548828 0.888672 0.548828 0.890625 0.550781 0.892578 0.554688 0.892578 0.556641 0.890625 0.556641 0.888672 0.554688 0.886719
0 0.898438 0.888672 0.894531 0.892578 0.896484 0.894531 0.896484 0.896484 0.900391 0.900391 0.902344 0.900391 0.904297 0.902344 0.910156 0.896484 0.910156 0.894531 0.904297 0.888672
0 0.998047 0.906250 0.994141 0.906250 0.982422 0.894531 0.972656 0.900391 0.966797 0.900391 0.962891 0.906250 0.962891 0.914062 0.958984 0.917969 0.951172 0.917969 0.943359 0.925781 0.949219 0.933594 0.957031 0.935547 0.962891 0.941406 0.970703 0.935547 0.974609 0.935547 0.984375 0.923828 0.998047 0.921875
0 0.648438 0.900391 0.646484 0.902344 0.644531 0.902344 0.642578 0.904297 0.642578 0.906250 0.640625 0.908203 0.640625 0.910156 0.642578 0.912109 0.642578 0.914062 0.644531 0.916016 0.650391 0.916016 0.654297 0.912109 0.654297 0.906250
0 0.507812 0.902344 0.505859 0.904297 0.505859 0.908203 0.509766 0.912109 0.511719 0.912109 0.515625 0.908203 0.515625 0.906250 0.511719 0.902344
0 0.599609 0.904297 0.595703 0.904297 0.591797 0.908203 0.591797 0.910156 0.595703 0.914062 0.597656 0.914062 0.599609 0.912109 0.601562 0.912109 0.603516 0.910156 0.603516 0.908203
0 0.867188 0.902344 0.865234 0.904297 0.865234 0.906250 0.871094 0.912109 0.873047 0.910156 0.873047 0.904297 0.871094 0.902344
0 0.720703 0.910156 0.718750 0.908203 0.712891 0.908203 0.710938 0.910156 0.708984 0.910156 0.707031 0.912109 0.707031 0.914062 0.710938 0.917969 0.714844 0.917969 0.720703 0.912109
0 0.537109 0.912109 0.531250 0.917969 0.531250 0.923828 0.544922 0.947266 0.546875 0.966797 0.550781 0.972656 0.564453 0.974609 0.574219 0.968750 0.580078 0.960938 0.578125 0.929688 0.566406 0.916016 0.560547 0.914062 0.550781 0.916016 0.546875 0.912109
0 0.900391 0.921875 0.898438 0.921875 0.894531 0.925781 0.894531 0.927734 0.890625 0.931641 0.890625 0.933594 0.888672 0.935547 0.892578 0.939453 0.894531 0.939453 0.896484 0.937500 0.900391 0.937500 0.904297 0.933594 0.904297 0.931641 0.906250 0.929688 0.904297 0.927734 0.904297 0.925781
0 0.429688 0.927734 0.425781 0.933594 0.433594 0.941406 0.435547 0.941406 0.437500 0.943359 0.443359 0.943359 0.447266 0.939453 0.447266 0.937500 0.445312 0.935547 0.445312 0.933594 0.439453 0.927734 0.437500 0.927734 0.435547 0.925781 0.433594 0.925781 0.431641 0.927734
0 0.675781 0.984375 0.675781 0.988281 0.683594 0.998047 0.701172 0.998047 0.712891 0.982422 0.718750 0.988281 0.718750 0.998047 0.767578 0.998047 0.765625 0.976562 0.755859 0.968750 0.744141 0.966797 0.738281 0.960938 0.740234 0.953125 0.736328 0.943359 0.728516 0.935547 0.720703 0.933594 0.710938 0.925781 0.707031 0.929688 0.707031 0.937500 0.697266 0.949219 0.697266 0.968750 0.705078 0.980469 0.693359 0.996094 0.687500 0.990234 0.689453 0.970703 0.683594 0.966797 0.677734 0.978516 0.679688 0.980469
1 0.814453 0.941406 0.824219 0.974609 0.832031 0.980469 0.841797 0.980469 0.849609 0.994141 0.857422 0.992188 0.880859 0.998047 0.890625 0.988281 0.890625 0.982422 0.882812 0.976562 0.865234 0.970703 0.853516 0.972656 0.839844 0.953125 0.839844 0.945312 0.833984 0.935547
0 0.419922 0.937500 0.417969 0.939453 0.417969 0.941406 0.419922 0.943359 0.419922 0.945312 0.423828 0.949219 0.425781 0.947266 0.425781 0.941406 0.421875 0.937500
0 0.779297 0.949219 0.775391 0.953125 0.775391 0.957031 0.771484 0.962891 0.775391 0.976562 0.781250 0.980469 0.787109 0.980469 0.789062 0.978516 0.800781 0.980469 0.806641 0.974609 0.800781 0.962891 0.798828 0.953125 0.791016 0.947266
0 0.986328 0.947266 0.982422 0.951172 0.984375 0.953125 0.984375 0.955078 0.988281 0.958984 0.990234 0.958984 0.992188 0.960938 0.998047 0.955078 0.990234 0.947266
0 0.914062 0.953125 0.910156 0.957031 0.914062 0.964844 0.906250 0.972656 0.906250 0.974609 0.908203 0.976562 0.917969 0.976562 0.923828 0.980469 0.931641 0.980469 0.933594 0.978516 0.933594 0.972656 0.931641 0.968750 0.925781 0.962891 0.923828 0.962891 0.916016 0.953125
0 0.607422 0.976562 0.607422 0.980469 0.605469 0.982422 0.609375 0.988281 0.609375 0.998047 0.644531 0.998047 0.646484 0.996094 0.638672 0.992188 0.636719 0.994141 0.632812 0.994141 0.623047 0.984375 0.623047 0.978516 0.619141 0.974609 0.613281 0.972656
0 0.990234 0.974609 0.986328 0.974609 0.982422 0.978516 0.982422 0.984375 0.984375 0.986328 0.984375 0.988281 0.986328 0.990234 0.988281 0.990234 0.990234 0.988281 0.992188 0.988281 0.994141 0.986328 0.994141 0.980469 0.996094 0.978516 0.994141 0.976562 0.992188 0.976562
0 0.945312 0.982422 0.943359 0.984375 0.943359 0.986328 0.945312 0.988281 0.947266 0.988281 0.949219 0.986328
1 0.916016 0.990234 0.912109 0.986328 0.910156 0.986328 0.908203 0.988281 0.906250 0.988281 0.902344 0.992188 0.898438 0.992188 0.892578 0.998047 0.916016 0.998047 0.914062 0.996094
0 0.498047 0.998047 0.507812 0.998047 0.503906 0.994141 0.501953 0.994141
0 0.792969 0.996094 0.792969 0.998047 0.798828 0.998047 0.798828 0.996094 0.796875 0.994141 0.794922 0.994141
0 0.822266 0.996094 0.822266 0.998047 0.828125 0.998047 0.828125 0.996094 0.826172 0.994141 0.824219 0.994141
0 0.929688 0.994141 0.929688 0.998047 0.939453 0.998047 0.939453 0.996094 0.935547 0.992188 0.931641 0.992188
