1 0.000000 0.000000 0.000000 0.003906 0.005859 0.003906 0.009766 0.001953 0.011719 0.003906 0.017578 0.003906 0.023438 0.007812 0.035156 0.007812 0.046875 0.017578 0.046875 0.023438 0.048828 0.025391 0.056641 0.023438 0.060547 0.027344 0.058594 0.029297 0.058594 0.037109 0.062500 0.041016 0.064453 0.039062 0.068359 0.039062 0.076172 0.029297 0.074219 0.023438 0.068359 0.017578 0.068359 0.015625 0.060547 0.007812 0.058594 0.007812 0.054688 0.003906 0.050781 0.003906 0.046875 0.000000
0 0.037109 0.035156 0.042969 0.041016 0.048828 0.041016 0.050781 0.039062 0.050781 0.037109 0.048828 0.035156 0.048828 0.033203 0.046875 0.031250 0.041016 0.031250
0 0.197266 0.048828 0.195312 0.050781 0.197266 0.052734 0.199219 0.050781
0 0.060547 0.050781 0.058594 0.052734 0.060547 0.054688 0.062500 0.052734
0 0.048828 0.082031 0.046875 0.083984 0.048828 0.085938 0.050781 0.085938 0.052734 0.083984 0.050781 0.082031
0 0.042969 0.089844 0.041016 0.091797 0.042969 0.093750 0.044922 0.091797
1 0.037109 0.099609 0.000000 0.246094 0.089844 0.224609 0.111328 0.259766 0.000000 0.253906 0.062500 0.304688 0.031250 0.349609 0.000000 0.328125 0.000000 0.451172 0.074219 0.634766 0.142578 0.660156 0.121094 0.724609 0.238281 0.677734 0.271484 0.759766 0.146484 0.794922 0.169922 0.845703 0.224609 0.828125 0.160156 0.955078 0.287109 0.832031 0.365234 0.876953 0.384766 0.941406 0.355469 0.998047 0.384766 0.998047 0.390625 0.853516 0.298828 0.820312 0.435547 0.769531 0.472656 0.722656 0.460938 0.634766 0.335938 0.558594 0.167969 0.644531 0.134766 0.623047 0.230469 0.574219 0.208984 0.537109 0.246094 0.488281 0.332031 0.482422 0.314453 0.369141 0.314453 0.441406 0.267578 0.466797 0.255859 0.373047 0.130859 0.332031 0.183594 0.281250 0.185547 0.195312 0.150391 0.154297 0.025391 0.187500
0 0.146484 0.246094 0.144531 0.248047 0.146484 0.250000 0.144531 0.251953 0.144531 0.253906 0.150391 0.259766 0.152344 0.257812 0.152344 0.253906 0.154297 0.251953 0.152344 0.250000 0.154297 0.248047 0.152344 0.246094 0.150391 0.246094 0.148438 0.248047
0 0.400391 0.279297 0.398438 0.281250 0.398438 0.283203 0.400391 0.285156 0.402344 0.285156 0.404297 0.283203 0.404297 0.281250 0.402344 0.279297
0 0.238281 0.281250 0.236328 0.283203 0.236328 0.285156 0.238281 0.287109 0.240234 0.285156 0.240234 0.283203
1 0.511719 0.289062 0.509766 0.287109 0.507812 0.287109 0.505859 0.289062 0.496094 0.289062 0.494141 0.291016 0.494141 0.292969 0.496094 0.294922 0.501953 0.294922 0.503906 0.292969 0.509766 0.292969 0.511719 0.291016
0 0.208984 0.291016 0.207031 0.292969 0.207031 0.294922 0.205078 0.296875 0.205078 0.302734 0.208984 0.306641 0.216797 0.306641 0.220703 0.302734 0.220703 0.296875 0.218750 0.294922 0.218750 0.292969 0.216797 0.291016
0 0.480469 0.304688 0.476562 0.304688 0.472656 0.308594 0.472656 0.310547 0.476562 0.314453 0.478516 0.312500 0.480469 0.312500 0.482422 0.310547 0.482422 0.306641
0 0.031250 0.310547 0.029297 0.312500 0.031250 0.314453 0.033203 0.312500
0 0.039062 0.316406 0.037109 0.318359 0.039062 0.320312 0.041016 0.318359
0 0.513672 0.324219 0.509766 0.328125 0.509766 0.330078 0.511719 0.332031 0.515625 0.332031 0.517578 0.330078 0.517578 0.328125
0 0.542969 0.333984 0.541016 0.335938 0.541016 0.337891 0.539062 0.339844 0.539062 0.341797 0.544922 0.347656 0.546875 0.347656 0.548828 0.349609 0.552734 0.349609 0.554688 0.347656 0.554688 0.343750 0.552734 0.341797 0.552734 0.339844 0.548828 0.335938 0.546875 0.335938 0.544922 0.333984
0 0.283203 0.341797 0.281250 0.343750 0.279297 0.343750 0.275391 0.347656 0.275391 0.355469 0.277344 0.357422 0.277344 0.359375 0.283203 0.365234 0.287109 0.365234 0.289062 0.363281 0.292969 0.363281 0.298828 0.357422 0.298828 0.349609 0.292969 0.343750 0.291016 0.343750 0.289062 0.341797
0 0.748047 0.361328 0.742188 0.361328 0.736328 0.367188 0.736328 0.369141 0.738281 0.371094 0.738281 0.373047 0.740234 0.375000 0.742188 0.375000 0.744141 0.376953 0.746094 0.375000 0.748047 0.375000 0.751953 0.371094 0.751953 0.365234
1 0.429688 0.373047 0.417969 0.384766 0.414062 0.382812 0.412109 0.384766 0.412109 0.392578 0.414062 0.394531 0.412109 0.396484 0.414062 0.400391 0.419922 0.406250 0.421875 0.406250 0.431641 0.417969 0.429688 0.419922 0.431641 0.421875 0.429688 0.423828 0.431641 0.425781 0.427734 0.431641 0.427734 0.439453 0.433594 0.445312 0.443359 0.441406 0.451172 0.431641 0.458984 0.431641 0.462891 0.425781 0.458984 0.421875 0.455078 0.421875 0.447266 0.427734 0.439453 0.421875 0.437500 0.417969 0.439453 0.414062 0.437500 0.410156 0.437500 0.398438 0.431641 0.392578 0.431641 0.386719 0.435547 0.378906
1 0.468750 0.371094 0.466797 0.373047 0.468750 0.375000 0.460938 0.382812 0.464844 0.386719 0.466797 0.386719 0.468750 0.384766 0.468750 0.378906 0.466797 0.376953 0.470703 0.373047
0 0.359375 0.388672 0.357422 0.390625 0.357422 0.392578 0.355469 0.394531 0.355469 0.400391 0.357422 0.402344 0.357422 0.404297 0.359375 0.406250 0.363281 0.406250 0.367188 0.402344 0.367188 0.400391 0.365234 0.398438 0.365234 0.396484 0.363281 0.394531 0.363281 0.392578
1 0.390625 0.390625 0.390625 0.392578 0.392578 0.394531 0.398438 0.394531 0.400391 0.396484 0.402344 0.396484 0.404297 0.398438 0.406250 0.396484 0.406250 0.394531 0.402344 0.390625 0.398438 0.390625 0.396484 0.388672 0.392578 0.388672
0 0.601562 0.390625 0.597656 0.394531 0.601562 0.398438 0.603516 0.398438 0.607422 0.394531 0.603516 0.390625
0 0.410156 0.414062 0.406250 0.414062 0.404297 0.416016 0.404297 0.417969 0.406250 0.419922 0.408203 0.419922 0.412109 0.416016
0 0.191406 0.421875 0.189453 0.423828 0.191406 0.425781 0.193359 0.423828
0 0.873047 0.423828 0.871094 0.425781 0.875000 0.429688 0.876953 0.427734 0.876953 0.425781 0.875000 0.423828
1 0.451172 0.457031 0.451172 0.464844 0.457031 0.470703 0.468750 0.470703 0.474609 0.466797 0.480469 0.472656 0.486328 0.472656 0.490234 0.468750 0.490234 0.466797 0.486328 0.462891 0.480469 0.462891 0.470703 0.453125 0.457031 0.453125
0 0.107422 0.480469 0.105469 0.480469 0.103516 0.482422 0.103516 0.484375 0.099609 0.488281 0.101562 0.490234 0.105469 0.490234 0.107422 0.488281 0.107422 0.484375 0.109375 0.482422
0 0.593750 0.484375 0.591797 0.486328 0.591797 0.488281 0.593750 0.490234 0.595703 0.490234 0.597656 0.488281 0.597656 0.486328 0.595703 0.484375
0 0.404297 0.488281 0.402344 0.490234 0.402344 0.492188 0.404297 0.494141 0.406250 0.494141 0.408203 0.492188
0 0.601562 0.496094 0.599609 0.498047 0.597656 0.498047 0.595703 0.500000 0.595703 0.501953 0.593750 0.503906 0.599609 0.509766 0.601562 0.509766 0.607422 0.503906 0.607422 0.500000 0.605469 0.498047 0.603516 0.498047
0 0.486328 0.500000 0.484375 0.500000 0.482422 0.501953 0.482422 0.503906 0.484375 0.505859 0.488281 0.501953
0 0.433594 0.509766 0.431641 0.509766 0.427734 0.513672 0.431641 0.517578 0.435547 0.513672 0.435547 0.511719
0 0.503906 0.507812 0.500000 0.511719 0.500000 0.513672 0.503906 0.517578 0.505859 0.517578 0.509766 0.513672 0.509766 0.511719 0.505859 0.507812
0 0.554688 0.519531 0.550781 0.523438 0.554688 0.527344 0.556641 0.525391 0.556641 0.521484
0 0.751953 0.537109 0.746094 0.542969 0.746094 0.554688 0.751953 0.562500 0.753906 0.562500 0.755859 0.564453 0.759766 0.564453 0.761719 0.562500 0.767578 0.560547 0.771484 0.556641 0.771484 0.552734 0.769531 0.550781 0.769531 0.546875 0.767578 0.544922 0.767578 0.542969 0.761719 0.537109
0 0.591797 0.542969 0.589844 0.544922 0.591797 0.546875 0.593750 0.544922
0 0.726562 0.544922 0.722656 0.548828 0.722656 0.550781 0.726562 0.554688 0.732422 0.548828 0.730469 0.546875 0.728516 0.546875
0 0.468750 0.548828 0.466797 0.550781 0.468750 0.552734 0.468750 0.554688 0.470703 0.556641 0.470703 0.558594 0.474609 0.562500 0.480469 0.562500 0.484375 0.558594 0.484375 0.556641 0.476562 0.548828 0.474609 0.548828 0.472656 0.546875 0.470703 0.548828
0 0.423828 0.576172 0.421875 0.578125 0.423828 0.580078 0.425781 0.580078 0.427734 0.578125 0.425781 0.576172
0 0.529297 0.593750 0.525391 0.597656 0.529297 0.601562 0.533203 0.597656
0 0.660156 0.599609 0.658203 0.601562 0.656250 0.601562 0.654297 0.603516 0.658203 0.607422 0.662109 0.607422 0.664062 0.605469 0.664062 0.603516
0 0.962891 0.597656 0.960938 0.599609 0.958984 0.599609 0.957031 0.601562 0.957031 0.609375 0.958984 0.611328 0.960938 0.611328 0.962891 0.613281 0.968750 0.607422 0.968750 0.601562 0.966797 0.599609 0.964844 0.599609
0 0.601562 0.607422 0.599609 0.609375 0.599609 0.615234 0.601562 0.617188 0.603516 0.617188 0.605469 0.615234 0.605469 0.611328
0 0.160156 0.611328 0.156250 0.615234 0.158203 0.617188 0.160156 0.617188 0.162109 0.615234 0.162109 0.613281
0 0.976562 0.611328 0.972656 0.617188 0.972656 0.621094 0.978516 0.626953 0.986328 0.626953 0.992188 0.621094 0.992188 0.619141 0.990234 0.617188 0.990234 0.615234 0.984375 0.611328
0 0.921875 0.626953 0.919922 0.628906 0.919922 0.630859 0.921875 0.632812 0.923828 0.630859 0.923828 0.628906
0 0.566406 0.640625 0.562500 0.644531 0.566406 0.648438 0.568359 0.646484 0.568359 0.642578
0 0.585938 0.648438 0.582031 0.652344 0.582031 0.656250 0.585938 0.660156 0.587891 0.660156 0.589844 0.658203 0.589844 0.652344
0 0.925781 0.648438 0.921875 0.652344 0.921875 0.654297 0.919922 0.656250 0.923828 0.660156 0.929688 0.660156 0.931641 0.658203 0.931641 0.656250 0.933594 0.654297 0.933594 0.652344 0.929688 0.648438
0 0.949219 0.662109 0.943359 0.667969 0.943359 0.671875 0.949219 0.677734 0.957031 0.677734 0.964844 0.669922 0.962891 0.667969 0.962891 0.666016 0.958984 0.662109
0 0.826172 0.669922 0.822266 0.673828 0.822266 0.675781 0.826172 0.679688 0.828125 0.679688 0.832031 0.675781 0.830078 0.673828 0.830078 0.671875 0.828125 0.669922
0 0.660156 0.714844 0.656250 0.718750 0.660156 0.722656 0.662109 0.722656 0.664062 0.720703 0.664062 0.718750
0 0.775391 0.716797 0.773438 0.718750 0.773438 0.720703 0.775391 0.722656 0.777344 0.722656 0.779297 0.720703
0 0.242188 0.730469 0.240234 0.732422 0.240234 0.734375 0.242188 0.736328 0.244141 0.734375 0.244141 0.732422
0 0.558594 0.734375 0.558594 0.736328 0.562500 0.740234 0.570312 0.740234 0.572266 0.738281 0.572266 0.734375 0.570312 0.732422 0.560547 0.732422
0 0.689453 0.748047 0.687500 0.750000 0.689453 0.751953 0.691406 0.750000
0 0.923828 0.746094 0.921875 0.748047 0.921875 0.753906 0.923828 0.755859 0.925781 0.755859 0.927734 0.757812 0.929688 0.757812 0.933594 0.753906 0.933594 0.750000 0.929688 0.746094
0 0.759766 0.763672 0.757812 0.765625 0.757812 0.767578 0.759766 0.769531 0.761719 0.769531 0.763672 0.767578
0 0.601562 0.765625 0.597656 0.769531 0.597656 0.775391 0.595703 0.777344 0.599609 0.781250 0.603516 0.781250 0.605469 0.779297 0.603516 0.777344 0.603516 0.767578
0 0.460938 0.779297 0.457031 0.779297 0.453125 0.783203 0.453125 0.787109 0.451172 0.789062 0.451172 0.791016 0.447266 0.794922 0.447266 0.798828 0.449219 0.800781 0.455078 0.800781 0.462891 0.791016 0.462891 0.789062 0.464844 0.787109 0.464844 0.783203
0 0.789062 0.779297 0.785156 0.783203 0.785156 0.785156 0.783203 0.787109 0.783203 0.794922 0.791016 0.802734 0.796875 0.802734 0.804688 0.794922 0.804688 0.789062 0.802734 0.787109 0.802734 0.785156 0.796875 0.779297
0 0.841797 0.783203 0.837891 0.787109 0.841797 0.791016 0.843750 0.791016 0.847656 0.787109 0.843750 0.783203
1 0.740234 0.789062 0.738281 0.791016 0.736328 0.791016 0.732422 0.794922 0.732422 0.796875 0.728516 0.800781 0.730469 0.802734 0.730469 0.804688 0.732422 0.806641 0.738281 0.800781 0.738281 0.798828 0.742188 0.794922 0.742188 0.791016
0 0.630859 0.804688 0.628906 0.806641 0.628906 0.808594 0.626953 0.810547 0.626953 0.814453 0.630859 0.818359 0.638672 0.818359 0.640625 0.816406 0.640625 0.814453 0.642578 0.812500 0.642578 0.810547 0.640625 0.808594 0.640625 0.806641 0.638672 0.804688
0 0.855469 0.810547 0.853516 0.812500 0.853516 0.814453 0.857422 0.818359 0.859375 0.816406 0.859375 0.812500 0.857422 0.810547
0 0.664062 0.812500 0.662109 0.814453 0.662109 0.816406 0.664062 0.818359 0.666016 0.816406 0.666016 0.814453
0 0.455078 0.818359 0.453125 0.820312 0.453125 0.822266 0.455078 0.824219 0.455078 0.826172 0.458984 0.830078 0.458984 0.833984 0.457031 0.835938 0.457031 0.839844 0.458984 0.841797 0.460938 0.841797 0.462891 0.839844 0.462891 0.835938 0.466797 0.832031 0.468750 0.832031 0.472656 0.828125 0.472656 0.826172 0.468750 0.822266 0.466797 0.822266 0.464844 0.820312 0.460938 0.820312 0.458984 0.818359
0 0.496094 0.818359 0.488281 0.826172 0.488281 0.835938 0.490234 0.837891 0.490234 0.841797 0.501953 0.851562 0.513672 0.851562 0.521484 0.843750 0.525391 0.835938 0.523438 0.830078 0.515625 0.824219 0.505859 0.824219
0 0.367188 0.826172 0.365234 0.828125 0.367188 0.830078 0.369141 0.828125
0 0.714844 0.830078 0.710938 0.826172 0.708984 0.826172 0.705078 0.830078 0.705078 0.832031 0.707031 0.833984 0.710938 0.833984
0 0.658203 0.832031 0.656250 0.833984 0.656250 0.839844 0.662109 0.845703 0.667969 0.845703 0.669922 0.843750 0.667969 0.841797 0.667969 0.839844 0.666016 0.837891 0.666016 0.835938 0.662109 0.832031
1 0.835938 0.837891 0.835938 0.839844 0.837891 0.841797 0.851562 0.841797 0.853516 0.839844 0.849609 0.835938 0.847656 0.835938 0.845703 0.833984 0.839844 0.833984
0 0.888672 0.833984 0.884766 0.837891 0.884766 0.839844 0.890625 0.845703 0.892578 0.845703 0.896484 0.841797 0.896484 0.837891 0.892578 0.833984
0 0.972656 0.839844 0.972656 0.845703 0.974609 0.847656 0.978516 0.847656 0.980469 0.845703 0.986328 0.845703 0.988281 0.847656 0.992188 0.843750 0.992188 0.841797 0.988281 0.837891 0.978516 0.837891 0.976562 0.835938
0 0.408203 0.845703 0.404297 0.849609 0.404297 0.855469 0.406250 0.857422 0.406250 0.859375 0.408203 0.861328 0.410156 0.861328 0.414062 0.865234 0.416016 0.863281 0.417969 0.863281 0.421875 0.859375 0.421875 0.853516 0.416016 0.847656 0.414062 0.847656 0.412109 0.845703
0 0.740234 0.851562 0.742188 0.857422 0.746094 0.861328 0.761719 0.861328 0.767578 0.855469 0.767578 0.853516 0.761719 0.847656 0.759766 0.847656 0.757812 0.845703 0.753906 0.845703 0.751953 0.843750 0.748047 0.843750
0 0.933594 0.845703 0.929688 0.845703 0.923828 0.851562 0.923828 0.855469 0.929688 0.861328 0.931641 0.861328 0.933594 0.859375 0.935547 0.859375 0.937500 0.857422 0.937500 0.855469 0.939453 0.853516 0.937500 0.851562 0.937500 0.849609
0 0.474609 0.853516 0.470703 0.849609 0.466797 0.853516 0.468750 0.855469 0.472656 0.855469
0 0.693359 0.849609 0.689453 0.853516 0.689453 0.855469 0.691406 0.857422 0.695312 0.853516 0.695312 0.851562
0 0.958984 0.853516 0.955078 0.857422 0.955078 0.861328 0.958984 0.865234 0.960938 0.865234 0.964844 0.861328 0.964844 0.857422 0.962891 0.855469 0.960938 0.855469
0 0.705078 0.861328 0.697266 0.867188 0.693359 0.884766 0.705078 0.894531 0.710938 0.894531 0.716797 0.900391 0.714844 0.906250 0.716797 0.910156 0.724609 0.916016 0.732422 0.908203 0.730469 0.900391 0.722656 0.892578 0.726562 0.884766 0.726562 0.873047 0.718750 0.863281
0 0.843750 0.869141 0.833984 0.859375 0.824219 0.859375 0.820312 0.861328 0.812500 0.871094 0.806641 0.869141 0.802734 0.873047 0.802734 0.876953 0.806641 0.878906 0.814453 0.875000 0.824219 0.884766 0.828125 0.884766 0.833984 0.880859 0.837891 0.880859 0.843750 0.875000
0 0.484375 0.865234 0.480469 0.865234 0.478516 0.867188 0.478516 0.869141 0.482422 0.873047 0.486328 0.869141 0.486328 0.867188
0 0.785156 0.867188 0.783203 0.869141 0.781250 0.869141 0.779297 0.871094 0.779297 0.875000 0.785156 0.880859 0.789062 0.880859 0.792969 0.876953 0.792969 0.873047 0.787109 0.867188
1 0.873047 0.878906 0.871094 0.888672 0.890625 0.904297 0.900391 0.921875 0.906250 0.923828 0.910156 0.919922 0.925781 0.937500 0.935547 0.937500 0.943359 0.931641 0.949219 0.910156 0.943359 0.898438 0.919922 0.902344 0.908203 0.886719 0.896484 0.882812 0.902344 0.873047 0.900391 0.869141 0.886719 0.876953 0.878906 0.875000
0 0.343750 0.871094 0.341797 0.871094 0.339844 0.873047 0.339844 0.876953 0.341797 0.878906 0.343750 0.876953 0.343750 0.875000 0.345703 0.873047
1 0.681641 0.878906 0.675781 0.873047 0.667969 0.873047 0.656250 0.882812 0.646484 0.882812 0.642578 0.886719 0.642578 0.888672 0.646484 0.892578 0.662109 0.890625 0.666016 0.894531 0.671875 0.894531 0.679688 0.886719
0 0.433594 0.876953 0.429688 0.876953 0.427734 0.878906 0.431641 0.882812 0.435547 0.878906
1 0.615234 0.882812 0.613281 0.884766 0.611328 0.884766 0.607422 0.890625 0.607422 0.900391 0.609375 0.902344 0.609375 0.904297 0.613281 0.908203 0.617188 0.904297 0.617188 0.902344 0.619141 0.900391 0.619141 0.886719
0 0.558594 0.894531 0.558594 0.896484 0.562500 0.900391 0.566406 0.900391 0.578125 0.914062 0.583984 0.914062 0.591797 0.906250 0.591797 0.898438 0.583984 0.890625 0.580078 0.890625 0.574219 0.894531 0.568359 0.894531 0.562500 0.890625
0 0.777344 0.894531 0.769531 0.904297 0.767578 0.914062 0.769531 0.921875 0.763672 0.929688 0.761719 0.937500 0.773438 0.947266 0.787109 0.949219 0.794922 0.943359 0.792969 0.931641 0.796875 0.925781 0.796875 0.912109 0.785156 0.894531
0 0.404297 0.908203 0.402344 0.910156 0.402344 0.916016 0.406250 0.919922 0.410156 0.916016 0.410156 0.912109 0.406250 0.908203
0 0.521484 0.908203 0.517578 0.908203 0.515625 0.910156 0.519531 0.914062 0.523438 0.910156
0 0.673828 0.908203 0.669922 0.912109 0.669922 0.914062 0.667969 0.916016 0.667969 0.917969 0.671875 0.921875 0.673828 0.921875 0.675781 0.923828 0.677734 0.921875 0.677734 0.919922 0.681641 0.916016 0.679688 0.914062 0.679688 0.912109 0.675781 0.908203
1 0.998047 0.906250 0.994141 0.910156 0.996094 0.912109 0.996094 0.914062 0.998047 0.916016
1 0.431641 0.914062 0.427734 0.919922 0.433594 0.929688 0.431641 0.937500 0.435547 0.941406 0.441406 0.937500 0.447266 0.943359 0.451172 0.953125 0.449219 0.964844 0.457031 0.970703 0.466797 0.960938 0.466797 0.945312 0.451172 0.929688 0.449219 0.919922 0.445312 0.916016 0.441406 0.917969
1 0.837891 0.919922 0.835938 0.921875 0.839844 0.925781 0.837891 0.927734 0.837891 0.933594 0.835938 0.935547 0.841797 0.941406 0.843750 0.941406 0.845703 0.939453 0.845703 0.933594 0.841797 0.929688 0.841797 0.927734 0.839844 0.925781 0.839844 0.923828 0.841797 0.921875 0.839844 0.919922
0 0.720703 0.923828 0.716797 0.927734 0.716797 0.929688 0.720703 0.933594 0.722656 0.933594 0.726562 0.929688 0.726562 0.927734 0.722656 0.923828
0 0.955078 0.929688 0.955078 0.935547 0.957031 0.937500 0.957031 0.939453 0.960938 0.943359 0.962891 0.943359 0.964844 0.945312 0.972656 0.945312 0.974609 0.943359 0.976562 0.943359 0.980469 0.937500 0.980469 0.931641 0.974609 0.925781 0.972656 0.925781 0.970703 0.923828 0.962891 0.923828 0.960938 0.925781 0.958984 0.925781
0 0.634766 0.931641 0.632812 0.931641 0.630859 0.933594 0.628906 0.933594 0.626953 0.935547 0.626953 0.939453 0.630859 0.943359 0.632812 0.943359 0.634766 0.941406 0.636719 0.941406 0.638672 0.939453 0.638672 0.935547
0 0.554688 0.937500 0.544922 0.947266 0.546875 0.957031 0.550781 0.960938 0.548828 0.962891 0.550781 0.964844 0.550781 0.976562 0.554688 0.980469 0.560547 0.980469 0.564453 0.984375 0.572266 0.986328 0.589844 0.970703 0.585938 0.951172 0.582031 0.943359 0.572266 0.935547
1 0.802734 0.947266 0.800781 0.962891 0.824219 0.990234 0.830078 0.990234 0.841797 0.978516 0.849609 0.984375 0.855469 0.982422 0.859375 0.972656 0.855469 0.966797 0.843750 0.964844 0.833984 0.974609 0.824219 0.964844 0.820312 0.951172 0.812500 0.943359
0 0.951172 0.953125 0.949219 0.955078 0.949219 0.962891 0.953125 0.966797 0.958984 0.966797 0.960938 0.964844 0.960938 0.962891 0.962891 0.960938 0.962891 0.958984 0.957031 0.953125
1 0.648438 0.960938 0.648438 0.962891 0.652344 0.966797 0.656250 0.966797 0.658203 0.968750 0.660156 0.968750 0.662109 0.970703 0.664062 0.970703 0.667969 0.966797 0.667969 0.964844 0.664062 0.960938 0.656250 0.960938 0.654297 0.958984 0.650391 0.958984
1 0.771484 0.958984 0.767578 0.962891 0.767578 0.964844 0.777344 0.974609 0.777344 0.980469 0.781250 0.984375 0.785156 0.984375 0.789062 0.980469 0.789062 0.976562 0.779297 0.968750 0.781250 0.966797 0.779297 0.964844 0.779297 0.962891 0.777344 0.960938
0 0.492188 0.960938 0.488281 0.964844 0.488281 0.972656 0.490234 0.974609 0.490234 0.976562 0.496094 0.982422 0.498047 0.982422 0.503906 0.976562 0.503906 0.974609 0.505859 0.972656 0.505859 0.964844 0.501953 0.960938
0 0.748047 0.962891 0.742188 0.968750 0.748047 0.974609 0.750000 0.974609 0.753906 0.970703 0.753906 0.968750 0.755859 0.966797 0.753906 0.964844 0.751953 0.964844 0.750000 0.962891
0 0.636719 0.966797 0.632812 0.970703 0.632812 0.974609 0.630859 0.976562 0.632812 0.978516 0.632812 0.982422 0.634766 0.984375 0.640625 0.984375 0.646484 0.978516 0.646484 0.976562
0 0.472656 0.972656 0.468750 0.976562 0.472656 0.980469 0.476562 0.976562
0 0.664062 0.978516 0.662109 0.980469 0.662109 0.984375 0.664062 0.986328 0.667969 0.982422
0 0.343750 0.982422 0.341797 0.982422 0.337891 0.986328 0.337891 0.988281 0.341797 0.992188 0.345703 0.988281 0.345703 0.984375
1 0.894531 0.984375 0.890625 0.980469 0.886719 0.980469 0.880859 0.984375 0.869141 0.984375 0.863281 0.988281 0.861328 0.992188 0.861328 0.998047 0.880859 0.998047 0.880859 0.996094 0.886719 0.990234 0.890625 0.990234
1 0.408203 0.998047 0.478516 0.998047 0.474609 0.994141 0.472656 0.994141 0.470703 0.992188 0.466797 0.992188 0.464844 0.990234 0.460938 0.990234 0.458984 0.988281 0.453125 0.988281 0.447266 0.992188 0.435547 0.992188 0.425781 0.986328 0.419922 0.986328 0.417969 0.988281 0.416016 0.988281 0.410156 0.994141 0.410156 0.996094
0 0.710938 0.998047 0.707031 0.994141 0.703125 0.998047
1 0.767578 0.996094 0.767578 0.998047 0.798828 0.998047 0.796875 0.996094 0.794922 0.996094 0.792969 0.994141 0.787109 0.994141 0.785156 0.996094 0.775391 0.996094 0.773438 0.994141 0.769531 0.994141
0 0.957031 0.996094 0.957031 0.998047 0.966797 0.998047 0.966797 0.996094 0.964844 0.994141 0.962891 0.994141 0.960938 0.992188
