0 0.798828 0.119141 0.794922 0.119141 0.792969 0.121094 0.792969 0.125000 0.794922 0.126953 0.796875 0.126953 0.800781 0.123047 0.800781 0.121094
0 0.662109 0.175781 0.658203 0.179688 0.662109 0.183594 0.664062 0.183594 0.666016 0.181641 0.666016 0.177734 0.664062 0.175781
0 0.761719 0.181641 0.759766 0.183594 0.759766 0.185547 0.757812 0.187500 0.761719 0.191406 0.763672 0.191406 0.767578 0.187500 0.767578 0.185547 0.763672 0.181641
0 0.701172 0.187500 0.699219 0.189453 0.699219 0.191406 0.701172 0.193359 0.705078 0.193359 0.707031 0.191406 0.705078 0.189453 0.703125 0.189453
0 0.835938 0.195312 0.832031 0.191406 0.830078 0.193359 0.828125 0.193359 0.826172 0.195312 0.826172 0.197266 0.828125 0.199219 0.832031 0.199219
0 0.685547 0.205078 0.681641 0.205078 0.679688 0.207031 0.679688 0.208984 0.683594 0.212891 0.687500 0.208984 0.687500 0.207031
0 0.787109 0.205078 0.785156 0.207031 0.787109 0.208984 0.789062 0.207031
0 0.933594 0.214844 0.931641 0.216797 0.935547 0.220703 0.937500 0.218750 0.937500 0.216797 0.935547 0.214844
0 0.539062 0.240234 0.537109 0.242188 0.537109 0.244141 0.539062 0.246094 0.541016 0.246094 0.542969 0.244141 0.542969 0.242188 0.541016 0.240234
0 0.580078 0.238281 0.576172 0.242188 0.576172 0.246094 0.580078 0.250000 0.582031 0.250000 0.585938 0.246094 0.585938 0.242188 0.582031 0.238281
0 0.652344 0.244141 0.650391 0.246094 0.650391 0.248047 0.652344 0.250000 0.654297 0.248047 0.654297 0.246094
0 0.025391 0.250000 0.023438 0.251953 0.025391 0.253906 0.027344 0.253906 0.029297 0.251953 0.027344 0.250000
1 0.000000 0.255859 0.000000 0.341797 0.027344 0.347656 0.023438 0.416016 0.000000 0.427734 0.033203 0.421875 0.044922 0.462891 0.000000 0.464844 0.000000 0.527344 0.039062 0.574219 0.000000 0.728516 0.107422 0.687500 0.216797 0.771484 0.228516 0.851562 0.259766 0.792969 0.296875 0.789062 0.246094 0.773438 0.392578 0.671875 0.478516 0.705078 0.492188 0.634766 0.466797 0.648438 0.445312 0.617188 0.361328 0.671875 0.369141 0.605469 0.339844 0.578125 0.349609 0.673828 0.236328 0.753906 0.125000 0.650391 0.207031 0.599609 0.226562 0.623047 0.251953 0.546875 0.218750 0.556641 0.220703 0.593750 0.175781 0.587891 0.205078 0.537109 0.187500 0.527344 0.138672 0.609375 0.107422 0.542969 0.121094 0.496094 0.080078 0.472656 0.107422 0.376953
0 0.894531 0.261719 0.892578 0.263672 0.894531 0.265625 0.896484 0.265625 0.898438 0.263672 0.896484 0.261719
0 0.664062 0.298828 0.660156 0.302734 0.664062 0.306641 0.667969 0.302734
1 0.564453 0.322266 0.556641 0.330078 0.558594 0.343750 0.564453 0.349609 0.572266 0.353516 0.578125 0.353516 0.587891 0.365234 0.593750 0.365234 0.599609 0.359375 0.599609 0.355469 0.585938 0.345703 0.585938 0.335938 0.578125 0.326172 0.570312 0.322266
0 0.625000 0.355469 0.625000 0.363281 0.628906 0.367188 0.636719 0.367188 0.640625 0.371094 0.642578 0.376953 0.648438 0.380859 0.654297 0.380859 0.658203 0.378906 0.666016 0.371094 0.669922 0.373047 0.677734 0.373047 0.683594 0.367188 0.683594 0.363281 0.677734 0.357422 0.669922 0.357422 0.662109 0.365234 0.646484 0.363281 0.642578 0.359375 0.642578 0.353516 0.640625 0.351562 0.652344 0.341797 0.652344 0.339844 0.646484 0.333984 0.638672 0.333984 0.634766 0.337891 0.636719 0.343750 0.630859 0.349609 0.628906 0.349609
0 0.707031 0.332031 0.705078 0.333984 0.705078 0.335938 0.707031 0.337891 0.708984 0.335938 0.708984 0.333984
0 0.183594 0.337891 0.177734 0.343750 0.181641 0.347656 0.183594 0.347656 0.187500 0.343750 0.187500 0.341797
0 0.414062 0.357422 0.412109 0.359375 0.410156 0.359375 0.404297 0.365234 0.404297 0.376953 0.410156 0.382812 0.414062 0.382812 0.416016 0.380859 0.417969 0.380859 0.421875 0.376953 0.421875 0.375000 0.423828 0.373047 0.423828 0.365234 0.417969 0.359375 0.416016 0.359375
0 0.548828 0.363281 0.546875 0.363281 0.542969 0.367188 0.542969 0.369141 0.546875 0.373047 0.548828 0.371094 0.550781 0.371094 0.552734 0.369141 0.550781 0.367188 0.550781 0.365234
0 0.007812 0.369141 0.005859 0.371094 0.009766 0.375000 0.011719 0.373047
0 0.732422 0.376953 0.726562 0.382812 0.726562 0.384766 0.728516 0.386719 0.730469 0.386719 0.732422 0.388672 0.736328 0.388672 0.742188 0.382812 0.742188 0.380859 0.738281 0.376953
0 0.587891 0.396484 0.583984 0.396484 0.580078 0.400391 0.583984 0.404297 0.585938 0.404297 0.589844 0.400391 0.589844 0.398438
0 0.517578 0.404297 0.513672 0.408203 0.513672 0.410156 0.517578 0.414062 0.521484 0.410156 0.521484 0.408203
0 0.679688 0.402344 0.675781 0.402344 0.671875 0.406250 0.671875 0.412109 0.675781 0.416016 0.677734 0.416016 0.683594 0.410156 0.683594 0.406250
0 0.560547 0.417969 0.558594 0.421875 0.560547 0.431641 0.568359 0.437500 0.574219 0.437500 0.576172 0.435547 0.583984 0.435547 0.589844 0.429688 0.589844 0.419922 0.576172 0.412109 0.568359 0.412109
0 0.996094 0.421875 0.994141 0.423828 0.998047 0.427734 0.998047 0.421875
0 0.531250 0.431641 0.525391 0.437500 0.525391 0.443359 0.531250 0.449219 0.539062 0.449219 0.542969 0.443359 0.542969 0.439453 0.539062 0.433594 0.537109 0.433594 0.535156 0.431641
0 0.304688 0.437500 0.302734 0.437500 0.296875 0.443359 0.296875 0.449219 0.302734 0.455078 0.308594 0.449219 0.308594 0.441406
0 0.351562 0.437500 0.347656 0.437500 0.345703 0.439453 0.345703 0.441406 0.347656 0.443359 0.349609 0.443359 0.353516 0.439453
0 0.826172 0.437500 0.824219 0.439453 0.824219 0.443359 0.828125 0.447266 0.830078 0.447266 0.833984 0.443359 0.833984 0.441406 0.830078 0.437500
0 0.382812 0.443359 0.378906 0.443359 0.373047 0.449219 0.373047 0.458984 0.376953 0.462891 0.380859 0.462891 0.386719 0.457031 0.386719 0.447266
1 0.000000 0.445312 0.000000 0.457031 0.003906 0.453125 0.003906 0.449219
0 0.765625 0.449219 0.763672 0.451172 0.765625 0.453125 0.767578 0.451172
0 0.791016 0.460938 0.789062 0.462891 0.789062 0.464844 0.791016 0.466797 0.792969 0.466797 0.794922 0.464844
0 0.242188 0.468750 0.238281 0.468750 0.232422 0.474609 0.232422 0.476562 0.230469 0.478516 0.230469 0.482422 0.228516 0.484375 0.228516 0.488281 0.234375 0.494141 0.242188 0.494141 0.248047 0.484375 0.248047 0.474609
0 0.792969 0.476562 0.791016 0.478516 0.791016 0.480469 0.792969 0.482422 0.794922 0.482422 0.796875 0.480469 0.796875 0.478516 0.794922 0.476562
0 0.923828 0.478516 0.919922 0.482422 0.919922 0.484375 0.921875 0.486328 0.923828 0.486328 0.927734 0.482422
0 0.287109 0.486328 0.283203 0.482422 0.281250 0.482422 0.277344 0.486328 0.277344 0.488281 0.279297 0.490234 0.283203 0.490234
0 0.552734 0.482422 0.550781 0.482422 0.548828 0.484375 0.546875 0.484375 0.544922 0.486328 0.544922 0.494141 0.546875 0.496094 0.554688 0.496094 0.556641 0.494141 0.556641 0.492188 0.558594 0.490234 0.558594 0.488281
0 0.277344 0.500000 0.275391 0.501953 0.275391 0.503906 0.273438 0.505859 0.279297 0.511719 0.285156 0.511719 0.287109 0.509766 0.287109 0.503906 0.283203 0.500000
0 0.798828 0.500000 0.794922 0.503906 0.794922 0.505859 0.796875 0.507812 0.800781 0.507812 0.802734 0.505859 0.802734 0.503906
0 0.738281 0.503906 0.734375 0.507812 0.734375 0.509766 0.738281 0.513672 0.740234 0.513672 0.744141 0.509766 0.744141 0.507812 0.740234 0.503906
0 0.859375 0.513672 0.855469 0.517578 0.855469 0.519531 0.859375 0.523438 0.861328 0.523438 0.865234 0.519531 0.865234 0.517578 0.861328 0.513672
0 0.914062 0.513672 0.912109 0.515625 0.914062 0.517578 0.916016 0.515625
0 0.667969 0.523438 0.666016 0.525391 0.664062 0.525391 0.662109 0.527344 0.662109 0.533203 0.666016 0.537109 0.671875 0.537109 0.675781 0.533203 0.675781 0.529297 0.669922 0.523438
0 0.828125 0.525391 0.824219 0.531250 0.826172 0.533203 0.826172 0.535156 0.828125 0.537109 0.828125 0.539062 0.832031 0.542969 0.833984 0.542969 0.843750 0.533203 0.843750 0.529297 0.841797 0.527344 0.837891 0.527344 0.835938 0.525391
0 0.951172 0.525391 0.947266 0.529297 0.953125 0.535156 0.955078 0.533203 0.955078 0.529297
0 0.255859 0.537109 0.253906 0.539062 0.255859 0.541016 0.257812 0.539062
0 0.273438 0.537109 0.271484 0.537109 0.265625 0.542969 0.269531 0.546875 0.271484 0.546875 0.275391 0.542969 0.275391 0.539062
0 0.707031 0.537109 0.703125 0.541016 0.705078 0.542969 0.707031 0.542969 0.708984 0.541016 0.708984 0.539062
0 0.466797 0.550781 0.468750 0.552734 0.472656 0.552734 0.478516 0.558594 0.480469 0.558594 0.482422 0.560547 0.484375 0.560547 0.488281 0.554688 0.488281 0.552734 0.486328 0.550781 0.486328 0.548828 0.480469 0.544922 0.476562 0.544922 0.474609 0.546875 0.472656 0.546875
0 0.500000 0.544922 0.496094 0.548828 0.496094 0.550781 0.500000 0.554688 0.501953 0.554688 0.505859 0.550781 0.503906 0.548828 0.503906 0.546875 0.501953 0.544922
0 0.607422 0.544922 0.603516 0.548828 0.603516 0.550781 0.607422 0.554688 0.609375 0.554688 0.613281 0.550781 0.611328 0.548828 0.611328 0.546875 0.609375 0.544922
1 0.302734 0.550781 0.296875 0.556641 0.296875 0.560547 0.302734 0.568359 0.302734 0.572266 0.306641 0.576172 0.316406 0.580078 0.320312 0.583984 0.324219 0.580078 0.318359 0.574219 0.310547 0.558594 0.310547 0.554688 0.306641 0.550781
0 0.546875 0.560547 0.544922 0.562500 0.546875 0.564453 0.548828 0.562500
0 0.582031 0.560547 0.580078 0.562500 0.580078 0.578125 0.585938 0.583984 0.589844 0.583984 0.591797 0.585938 0.595703 0.582031 0.595703 0.574219 0.593750 0.572266 0.593750 0.570312 0.591797 0.568359 0.589844 0.568359
0 0.623047 0.558594 0.617188 0.564453 0.617188 0.566406 0.623047 0.574219 0.623047 0.582031 0.628906 0.587891 0.632812 0.587891 0.638672 0.583984 0.638672 0.576172 0.636719 0.574219 0.636719 0.572266 0.628906 0.564453 0.628906 0.562500 0.625000 0.558594
0 0.685547 0.560547 0.683594 0.562500 0.685547 0.564453 0.687500 0.564453 0.689453 0.562500 0.687500 0.560547
0 0.714844 0.572266 0.712891 0.574219 0.712891 0.576172 0.714844 0.578125 0.716797 0.578125 0.718750 0.576172 0.718750 0.574219 0.716797 0.572266
0 0.550781 0.578125 0.544922 0.582031 0.544922 0.583984 0.542969 0.585938 0.542969 0.593750 0.550781 0.601562 0.558594 0.601562 0.562500 0.595703 0.562500 0.583984 0.556641 0.578125
0 0.732422 0.582031 0.728516 0.582031 0.724609 0.585938 0.730469 0.591797 0.734375 0.587891 0.734375 0.583984
0 0.283203 0.587891 0.277344 0.587891 0.275391 0.589844 0.275391 0.591797 0.273438 0.593750 0.273438 0.601562 0.275391 0.603516 0.277344 0.603516 0.281250 0.599609 0.281250 0.597656 0.283203 0.595703 0.283203 0.593750 0.285156 0.591797 0.285156 0.589844
0 0.796875 0.587891 0.792969 0.591797 0.796875 0.595703 0.800781 0.591797
0 0.507812 0.593750 0.507812 0.601562 0.511719 0.605469 0.513672 0.605469 0.515625 0.607422 0.525391 0.607422 0.531250 0.603516 0.531250 0.593750 0.527344 0.589844 0.511719 0.589844
0 0.412109 0.595703 0.408203 0.599609 0.408203 0.603516 0.410156 0.605469 0.410156 0.607422 0.412109 0.609375 0.414062 0.609375 0.417969 0.605469 0.417969 0.599609 0.414062 0.595703
0 0.298828 0.599609 0.296875 0.599609 0.292969 0.603516 0.292969 0.613281 0.294922 0.615234 0.296875 0.613281 0.298828 0.613281 0.300781 0.611328 0.300781 0.601562
0 0.607422 0.597656 0.603516 0.601562 0.603516 0.605469 0.607422 0.609375 0.611328 0.605469 0.611328 0.601562
0 0.814453 0.597656 0.812500 0.597656 0.808594 0.601562 0.808594 0.603516 0.810547 0.605469 0.808594 0.607422 0.810547 0.609375 0.812500 0.607422 0.818359 0.607422 0.820312 0.605469 0.820312 0.603516
0 0.435547 0.605469 0.431641 0.605469 0.429688 0.607422 0.427734 0.607422 0.425781 0.609375 0.427734 0.611328 0.427734 0.613281 0.431641 0.617188 0.433594 0.615234 0.435547 0.615234 0.437500 0.613281 0.437500 0.607422
0 0.511719 0.615234 0.507812 0.619141 0.507812 0.630859 0.503906 0.636719 0.507812 0.652344 0.501953 0.658203 0.498047 0.656250 0.494141 0.662109 0.496094 0.664062 0.509766 0.664062 0.515625 0.673828 0.527344 0.660156 0.527344 0.656250 0.517578 0.642578 0.515625 0.636719 0.515625 0.625000 0.517578 0.623047
0 0.742188 0.634766 0.742188 0.642578 0.753906 0.660156 0.767578 0.664062 0.785156 0.654297 0.796875 0.671875 0.814453 0.646484 0.812500 0.623047 0.806641 0.617188 0.794922 0.619141 0.781250 0.615234 0.777344 0.621094 0.787109 0.630859 0.777344 0.646484 0.761719 0.626953 0.751953 0.625000
0 0.304688 0.623047 0.302734 0.625000 0.306641 0.628906 0.308594 0.626953 0.308594 0.625000 0.306641 0.623047
1 0.292969 0.625000 0.289062 0.628906 0.289062 0.630859 0.287109 0.632812 0.287109 0.634766 0.285156 0.636719 0.285156 0.638672 0.287109 0.640625 0.289062 0.640625 0.291016 0.638672 0.291016 0.636719 0.294922 0.632812 0.294922 0.630859 0.296875 0.628906
0 0.599609 0.628906 0.599609 0.632812 0.601562 0.634766 0.601562 0.640625 0.605469 0.644531 0.611328 0.644531 0.613281 0.642578 0.615234 0.642578 0.619141 0.638672 0.619141 0.636719 0.617188 0.634766 0.615234 0.634766 0.613281 0.632812 0.609375 0.632812 0.603516 0.626953 0.601562 0.626953
0 0.632812 0.625000 0.628906 0.628906 0.628906 0.630859 0.632812 0.634766 0.634766 0.634766 0.636719 0.632812 0.642578 0.638672 0.640625 0.640625 0.644531 0.644531 0.648438 0.640625 0.642578 0.634766 0.642578 0.630859 0.644531 0.628906 0.644531 0.626953 0.642578 0.625000
0 0.257812 0.630859 0.255859 0.630859 0.250000 0.636719 0.250000 0.638672 0.253906 0.642578 0.255859 0.642578 0.259766 0.638672 0.259766 0.632812
0 0.675781 0.628906 0.673828 0.630859 0.675781 0.632812 0.677734 0.632812 0.679688 0.630859 0.677734 0.628906
0 0.708984 0.634766 0.703125 0.634766 0.697266 0.640625 0.697266 0.646484 0.699219 0.648438 0.701172 0.648438 0.703125 0.646484 0.708984 0.646484 0.712891 0.642578 0.712891 0.640625 0.710938 0.638672 0.710938 0.636719
0 0.582031 0.638672 0.578125 0.638672 0.574219 0.642578 0.574219 0.646484 0.576172 0.648438 0.578125 0.648438 0.580078 0.650391 0.582031 0.648438 0.583984 0.648438 0.585938 0.646484 0.585938 0.642578
0 0.302734 0.644531 0.298828 0.648438 0.300781 0.650391 0.300781 0.652344 0.304688 0.656250 0.310547 0.656250 0.312500 0.654297 0.312500 0.650391 0.308594 0.646484 0.306641 0.646484 0.304688 0.644531
0 0.912109 0.654297 0.910156 0.654297 0.906250 0.658203 0.906250 0.660156 0.908203 0.662109 0.912109 0.662109 0.914062 0.660156 0.914062 0.656250
0 0.712891 0.656250 0.708984 0.660156 0.708984 0.662109 0.714844 0.667969 0.718750 0.664062 0.718750 0.660156 0.714844 0.656250
0 0.878906 0.658203 0.875000 0.662109 0.875000 0.666016 0.878906 0.669922 0.882812 0.669922 0.886719 0.666016 0.886719 0.662109 0.882812 0.658203
0 0.574219 0.667969 0.572266 0.669922 0.576172 0.673828 0.578125 0.673828 0.580078 0.671875 0.580078 0.669922 0.578125 0.667969
0 0.619141 0.667969 0.615234 0.671875 0.615234 0.677734 0.619141 0.681641 0.621094 0.681641 0.623047 0.683594 0.625000 0.681641 0.625000 0.679688 0.626953 0.677734 0.626953 0.671875 0.623047 0.667969
0 0.537109 0.671875 0.533203 0.675781 0.533203 0.679688 0.535156 0.681641 0.539062 0.681641 0.541016 0.679688 0.541016 0.675781
0 0.812500 0.671875 0.810547 0.673828 0.810547 0.675781 0.808594 0.677734 0.812500 0.681641 0.816406 0.677734 0.816406 0.675781
0 0.250000 0.687500 0.248047 0.689453 0.250000 0.691406 0.251953 0.689453
0 0.505859 0.687500 0.503906 0.689453 0.505859 0.691406 0.507812 0.689453
0 0.601562 0.687500 0.599609 0.689453 0.599609 0.693359 0.601562 0.695312 0.605469 0.691406
0 0.712891 0.689453 0.710938 0.691406 0.710938 0.693359 0.707031 0.697266 0.707031 0.701172 0.710938 0.705078 0.712891 0.705078 0.716797 0.701172 0.716797 0.697266 0.712891 0.693359 0.714844 0.691406
0 0.511719 0.695312 0.507812 0.699219 0.507812 0.701172 0.513672 0.707031 0.517578 0.703125 0.517578 0.701172
0 0.582031 0.695312 0.580078 0.697266 0.582031 0.699219 0.583984 0.697266
0 0.677734 0.695312 0.671875 0.701172 0.671875 0.705078 0.675781 0.708984 0.681641 0.708984 0.689453 0.701172 0.689453 0.699219 0.687500 0.697266 0.685547 0.697266 0.683594 0.695312
0 0.548828 0.705078 0.544922 0.708984 0.544922 0.712891 0.546875 0.714844 0.548828 0.714844 0.550781 0.712891 0.550781 0.707031
0 0.597656 0.703125 0.585938 0.716797 0.587891 0.720703 0.605469 0.738281 0.613281 0.740234 0.617188 0.738281 0.621094 0.732422 0.621094 0.718750 0.609375 0.705078
0 0.966797 0.718750 0.966797 0.724609 0.970703 0.730469 0.978516 0.730469 0.982422 0.726562 0.986328 0.726562 0.988281 0.724609 0.992188 0.724609 0.994141 0.722656 0.990234 0.718750 0.986328 0.718750 0.982422 0.714844 0.978516 0.714844 0.976562 0.712891 0.972656 0.712891
0 0.369141 0.718750 0.367188 0.720703 0.367188 0.722656 0.369141 0.724609 0.371094 0.724609 0.373047 0.722656 0.373047 0.720703 0.371094 0.718750
0 0.560547 0.718750 0.558594 0.720703 0.558594 0.722656 0.560547 0.724609 0.562500 0.722656 0.562500 0.720703
0 0.812500 0.720703 0.806641 0.726562 0.808594 0.728516 0.808594 0.730469 0.810547 0.732422 0.812500 0.732422 0.814453 0.730469 0.814453 0.728516 0.816406 0.726562 0.816406 0.724609
0 0.500000 0.724609 0.498047 0.726562 0.500000 0.728516 0.501953 0.728516 0.503906 0.726562 0.501953 0.724609
1 0.691406 0.724609 0.687500 0.728516 0.687500 0.732422 0.689453 0.734375 0.689453 0.736328 0.693359 0.740234 0.693359 0.746094 0.697266 0.750000 0.701172 0.750000 0.705078 0.746094 0.705078 0.744141 0.703125 0.742188 0.703125 0.738281 0.701172 0.736328 0.701172 0.732422 0.695312 0.726562 0.693359 0.726562
0 0.914062 0.722656 0.910156 0.722656 0.908203 0.724609 0.906250 0.724609 0.900391 0.730469 0.906250 0.736328 0.910156 0.736328 0.912109 0.734375 0.914062 0.734375 0.916016 0.732422 0.916016 0.730469 0.917969 0.728516 0.917969 0.726562
0 0.582031 0.732422 0.580078 0.734375 0.580078 0.736328 0.583984 0.740234 0.585938 0.740234 0.587891 0.738281 0.587891 0.734375 0.585938 0.732422
0 0.816406 0.736328 0.812500 0.740234 0.816406 0.744141 0.818359 0.744141 0.820312 0.742188 0.820312 0.740234
0 0.855469 0.736328 0.853516 0.738281 0.855469 0.740234 0.857422 0.738281
0 0.962891 0.736328 0.953125 0.738281 0.947266 0.744141 0.941406 0.755859 0.945312 0.757812 0.955078 0.769531 0.958984 0.769531 0.968750 0.763672 0.974609 0.755859 0.974609 0.746094
1 0.775391 0.744141 0.773438 0.742188 0.771484 0.744141 0.773438 0.748047 0.765625 0.753906 0.757812 0.750000 0.750000 0.750000 0.746094 0.753906 0.746094 0.755859 0.751953 0.761719 0.755859 0.761719 0.757812 0.759766 0.761719 0.759766 0.763672 0.761719 0.769531 0.761719 0.773438 0.757812 0.771484 0.753906 0.773438 0.751953 0.771484 0.750000 0.775391 0.746094
0 0.648438 0.751953 0.648438 0.753906 0.650391 0.755859 0.652344 0.755859 0.656250 0.759766 0.660156 0.759766 0.662109 0.761719 0.664062 0.761719 0.667969 0.757812 0.667969 0.751953 0.662109 0.746094 0.656250 0.746094 0.652344 0.750000 0.650391 0.750000
0 0.617188 0.751953 0.615234 0.753906 0.615234 0.755859 0.617188 0.757812 0.619141 0.755859 0.619141 0.753906
0 0.496094 0.755859 0.492188 0.759766 0.496094 0.763672 0.498047 0.763672 0.500000 0.761719 0.500000 0.757812 0.498047 0.755859
0 0.443359 0.763672 0.441406 0.761719 0.439453 0.763672 0.437500 0.763672 0.433594 0.767578 0.435547 0.769531 0.437500 0.769531 0.439453 0.767578 0.441406 0.767578 0.443359 0.765625
0 0.724609 0.765625 0.716797 0.773438 0.716797 0.779297 0.730469 0.792969 0.722656 0.800781 0.724609 0.812500 0.720703 0.820312 0.724609 0.824219 0.724609 0.835938 0.736328 0.837891 0.744141 0.818359 0.761719 0.822266 0.773438 0.814453 0.777344 0.806641 0.757812 0.794922 0.740234 0.802734 0.736328 0.796875 0.746094 0.787109 0.746094 0.779297 0.734375 0.767578
0 0.804688 0.777344 0.800781 0.779297 0.800781 0.787109 0.785156 0.800781 0.787109 0.806641 0.800781 0.818359 0.808594 0.814453 0.816406 0.806641 0.814453 0.798828 0.806641 0.791016 0.808594 0.781250
0 0.849609 0.779297 0.851562 0.787109 0.855469 0.791016 0.853516 0.794922 0.863281 0.806641 0.873047 0.804688 0.880859 0.808594 0.886719 0.802734 0.886719 0.789062 0.884766 0.787109 0.878906 0.787109 0.869141 0.779297 0.867188 0.781250 0.861328 0.781250 0.853516 0.777344
0 0.359375 0.781250 0.357422 0.781250 0.351562 0.787109 0.351562 0.794922 0.355469 0.798828 0.359375 0.798828 0.363281 0.794922 0.363281 0.792969 0.365234 0.791016 0.365234 0.787109
0 0.691406 0.781250 0.689453 0.783203 0.689453 0.785156 0.691406 0.787109 0.693359 0.785156 0.693359 0.783203
0 0.843750 0.787109 0.839844 0.791016 0.839844 0.792969 0.841797 0.794922 0.841797 0.796875 0.843750 0.798828 0.845703 0.796875 0.847656 0.796875 0.849609 0.794922 0.849609 0.792969
0 0.900391 0.791016 0.896484 0.794922 0.896484 0.796875 0.902344 0.802734 0.904297 0.802734 0.908203 0.798828 0.908203 0.794922 0.904297 0.791016
1 0.375000 0.796875 0.373047 0.798828 0.382812 0.808594 0.382812 0.810547 0.384766 0.812500 0.386719 0.812500 0.392578 0.816406 0.394531 0.814453 0.394531 0.806641 0.388672 0.800781 0.380859 0.800781 0.376953 0.796875
0 0.849609 0.806641 0.845703 0.810547 0.845703 0.812500 0.849609 0.816406 0.851562 0.816406 0.855469 0.812500 0.855469 0.810547 0.851562 0.806641
0 0.646484 0.808594 0.644531 0.810547 0.644531 0.812500 0.646484 0.814453 0.648438 0.812500 0.648438 0.810547
0 0.689453 0.814453 0.685547 0.818359 0.685547 0.822266 0.687500 0.824219 0.695312 0.824219 0.699219 0.820312 0.699219 0.818359 0.697266 0.816406 0.695312 0.816406 0.693359 0.814453
1 0.951172 0.812500 0.949219 0.814453 0.949219 0.818359 0.951172 0.820312 0.953125 0.820312 0.955078 0.822266 0.957031 0.822266 0.962891 0.828125 0.964844 0.828125 0.966797 0.826172 0.964844 0.824219 0.964844 0.822266 0.960938 0.818359 0.958984 0.818359 0.955078 0.814453 0.953125 0.814453
0 0.863281 0.816406 0.861328 0.818359 0.863281 0.820312 0.865234 0.820312 0.867188 0.818359 0.865234 0.816406
1 0.400391 0.820312 0.408203 0.892578 0.388672 0.916016 0.390625 0.935547 0.371094 0.953125 0.339844 0.943359 0.310547 0.951172 0.300781 0.962891 0.300781 0.990234 0.304688 0.998047 0.404297 0.998047 0.392578 0.982422 0.378906 0.978516 0.371094 0.970703 0.410156 0.923828 0.419922 0.886719 0.412109 0.839844
0 0.667969 0.820312 0.662109 0.826172 0.662109 0.833984 0.671875 0.843750 0.673828 0.843750 0.675781 0.845703 0.679688 0.845703 0.683594 0.841797 0.683594 0.830078 0.681641 0.828125 0.681641 0.826172 0.677734 0.822266 0.675781 0.822266 0.673828 0.820312
0 0.644531 0.826172 0.640625 0.830078 0.640625 0.837891 0.644531 0.841797 0.648438 0.841797 0.650391 0.839844 0.650391 0.837891 0.654297 0.833984 0.652344 0.832031 0.652344 0.830078 0.648438 0.826172
0 0.794922 0.826172 0.792969 0.828125 0.792969 0.832031 0.796875 0.835938 0.798828 0.835938 0.802734 0.832031 0.802734 0.830078 0.798828 0.826172
0 0.892578 0.824219 0.890625 0.824219 0.886719 0.828125 0.886719 0.832031 0.890625 0.835938 0.896484 0.830078 0.896484 0.828125
0 0.978516 0.824219 0.976562 0.826172 0.976562 0.830078 0.980469 0.833984 0.982422 0.832031 0.982422 0.830078 0.984375 0.828125 0.980469 0.824219
0 0.554688 0.835938 0.552734 0.837891 0.554688 0.839844 0.556641 0.839844 0.558594 0.837891 0.556641 0.835938
0 0.603516 0.841797 0.599609 0.845703 0.599609 0.851562 0.603516 0.855469 0.609375 0.855469 0.611328 0.853516 0.611328 0.845703 0.607422 0.841797
1 0.902344 0.845703 0.898438 0.849609 0.900391 0.857422 0.912109 0.867188 0.914062 0.875000 0.917969 0.878906 0.919922 0.878906 0.927734 0.869141 0.925781 0.867188 0.925781 0.863281 0.912109 0.849609 0.910156 0.845703
0 0.755859 0.847656 0.748047 0.855469 0.748047 0.861328 0.753906 0.865234 0.757812 0.865234 0.761719 0.869141 0.765625 0.869141 0.767578 0.867188 0.765625 0.865234 0.765625 0.851562 0.761719 0.847656
0 0.500000 0.871094 0.500000 0.876953 0.523438 0.896484 0.535156 0.896484 0.544922 0.888672 0.556641 0.894531 0.564453 0.894531 0.574219 0.882812 0.574219 0.875000 0.566406 0.867188 0.554688 0.865234 0.542969 0.853516 0.513672 0.853516
0 0.707031 0.857422 0.707031 0.865234 0.710938 0.869141 0.710938 0.873047 0.705078 0.880859 0.705078 0.890625 0.710938 0.896484 0.730469 0.896484 0.732422 0.894531 0.742188 0.896484 0.751953 0.890625 0.750000 0.882812 0.751953 0.880859 0.748047 0.873047 0.730469 0.855469 0.716797 0.851562
0 0.482422 0.859375 0.480469 0.859375 0.478516 0.861328 0.478516 0.863281 0.480469 0.865234 0.484375 0.861328
0 0.853516 0.861328 0.849609 0.865234 0.849609 0.875000 0.851562 0.876953 0.851562 0.878906 0.855469 0.882812 0.863281 0.882812 0.867188 0.878906 0.867188 0.869141 0.859375 0.861328
0 0.968750 0.865234 0.966797 0.867188 0.968750 0.869141 0.970703 0.867188
0 0.394531 0.871094 0.390625 0.875000 0.390625 0.876953 0.394531 0.880859 0.398438 0.876953 0.398438 0.875000
0 0.789062 0.882812 0.787109 0.884766 0.787109 0.886719 0.789062 0.888672 0.791016 0.886719 0.791016 0.884766
0 0.667969 0.894531 0.666016 0.892578 0.664062 0.892578 0.658203 0.888672 0.656250 0.890625 0.654297 0.890625 0.646484 0.898438 0.646484 0.902344 0.648438 0.904297 0.652344 0.904297 0.654297 0.902344 0.662109 0.902344 0.667969 0.896484
0 0.492188 0.902344 0.488281 0.902344 0.484375 0.906250 0.484375 0.910156 0.490234 0.916016 0.496094 0.910156 0.496094 0.906250
1 0.605469 0.906250 0.589844 0.904297 0.583984 0.910156 0.585938 0.921875 0.574219 0.933594 0.574219 0.937500 0.578125 0.941406 0.583984 0.941406 0.585938 0.943359 0.593750 0.935547 0.595703 0.929688 0.609375 0.917969 0.609375 0.910156
0 0.736328 0.902344 0.734375 0.902344 0.730469 0.906250 0.730469 0.910156 0.732422 0.912109 0.736328 0.912109 0.740234 0.908203 0.740234 0.906250
1 0.794922 0.912109 0.794922 0.917969 0.800781 0.923828 0.810547 0.923828 0.824219 0.933594 0.832031 0.929688 0.832031 0.923828 0.824219 0.916016 0.820312 0.916016 0.810547 0.906250 0.802734 0.906250
0 0.871094 0.906250 0.865234 0.912109 0.871094 0.917969 0.875000 0.917969 0.876953 0.916016 0.876953 0.914062 0.878906 0.912109 0.873047 0.906250
1 0.998047 0.921875 0.996094 0.923828 0.994141 0.923828 0.992188 0.925781 0.992188 0.929688 0.998047 0.935547
0 0.642578 0.931641 0.640625 0.933594 0.640625 0.935547 0.642578 0.937500 0.644531 0.937500 0.646484 0.935547 0.646484 0.933594 0.644531 0.931641
0 0.964844 0.929688 0.960938 0.933594 0.960938 0.939453 0.962891 0.941406 0.962891 0.943359 0.966797 0.947266 0.976562 0.947266 0.980469 0.943359 0.978516 0.941406 0.978516 0.937500 0.970703 0.929688
0 0.544922 0.933594 0.542969 0.935547 0.542969 0.939453 0.546875 0.943359 0.548828 0.941406 0.548828 0.935547 0.546875 0.933594
0 0.722656 0.937500 0.718750 0.966797 0.728516 0.976562 0.734375 0.998047 0.787109 0.998047 0.796875 0.984375 0.810547 0.988281 0.816406 0.984375 0.810547 0.964844 0.820312 0.955078 0.814453 0.949219 0.800781 0.947266 0.785156 0.953125 0.763672 0.937500 0.755859 0.941406 0.742188 0.933594
0 0.916016 0.937500 0.908203 0.945312 0.910156 0.951172 0.916016 0.957031 0.927734 0.957031 0.929688 0.955078 0.929688 0.945312 0.921875 0.937500
0 0.658203 0.941406 0.656250 0.943359 0.656250 0.945312 0.658203 0.947266 0.660156 0.945312 0.660156 0.943359
0 0.523438 0.957031 0.515625 0.951172 0.507812 0.951172 0.501953 0.957031 0.478516 0.960938 0.462891 0.976562 0.455078 0.998047 0.521484 0.998047 0.517578 0.988281 0.525391 0.976562
0 0.404297 0.955078 0.400391 0.958984 0.404297 0.962891 0.408203 0.958984
0 0.679688 0.957031 0.677734 0.958984 0.677734 0.960938 0.679688 0.962891 0.681641 0.962891 0.683594 0.960938
0 0.435547 0.960938 0.433594 0.962891 0.433594 0.966797 0.435547 0.968750 0.437500 0.968750 0.439453 0.966797 0.439453 0.962891 0.437500 0.960938
0 0.455078 0.964844 0.453125 0.966797 0.455078 0.968750 0.457031 0.968750 0.458984 0.966797 0.457031 0.964844
0 0.591797 0.964844 0.587891 0.968750 0.585938 0.968750 0.578125 0.976562 0.578125 0.978516 0.582031 0.982422 0.587891 0.982422 0.593750 0.986328 0.597656 0.986328 0.603516 0.980469 0.603516 0.978516 0.605469 0.976562 0.603516 0.974609 0.603516 0.972656 0.595703 0.964844
0 0.822266 0.964844 0.820312 0.966797 0.822266 0.968750 0.824219 0.966797
0 0.998047 0.966797 0.996094 0.966797 0.992188 0.970703 0.992188 0.974609 0.994141 0.976562 0.998047 0.976562
0 0.843750 0.970703 0.841797 0.972656 0.843750 0.974609 0.845703 0.972656
0 0.650391 0.986328 0.646484 0.990234 0.646484 0.998047 0.656250 0.998047 0.658203 0.996094 0.658203 0.990234 0.654297 0.986328
1 0.667969 0.994141 0.667969 0.998047 0.708984 0.998047 0.697266 0.992188 0.687500 0.990234 0.681641 0.986328 0.673828 0.986328
0 0.542969 0.996094 0.542969 0.998047 0.560547 0.998047 0.560547 0.994141 0.554688 0.988281 0.548828 0.988281 0.544922 0.992188 0.544922 0.994141
0 0.892578 0.996094 0.886719 0.990234 0.884766 0.990234 0.882812 0.992188 0.880859 0.992188 0.876953 0.996094 0.876953 0.998047 0.892578 0.998047
1 0.847656 0.998047 0.861328 0.998047 0.857422 0.994141 0.851562 0.994141
1 0.615234 0.998047 0.630859 0.998047 0.628906 0.996094 0.617188 0.996094
