0 0.919922 0.023438 0.917969 0.025391 0.917969 0.027344 0.919922 0.029297 0.921875 0.027344 0.921875 0.025391
0 0.259766 0.093750 0.257812 0.093750 0.253906 0.097656 0.257812 0.101562 0.261719 0.097656 0.261719 0.095703
0 0.275391 0.099609 0.271484 0.103516 0.271484 0.107422 0.275391 0.111328 0.279297 0.107422 0.279297 0.103516
0 0.210938 0.109375 0.208984 0.111328 0.208984 0.115234 0.212891 0.119141 0.218750 0.119141 0.220703 0.117188 0.216797 0.113281 0.216797 0.111328 0.214844 0.109375
1 0.000000 0.125000 0.011719 0.509766 0.095703 0.654297 0.052734 0.740234 0.142578 0.707031 0.228516 0.792969 0.128906 0.927734 0.140625 0.996094 0.173828 0.998047 0.166016 0.943359 0.214844 0.886719 0.308594 0.919922 0.531250 0.871094 0.570312 0.947266 0.589844 0.898438 0.550781 0.857422 0.623047 0.767578 0.564453 0.726562 0.550781 0.750000 0.453125 0.640625 0.505859 0.646484 0.355469 0.583984 0.339844 0.552734 0.380859 0.517578 0.343750 0.515625 0.345703 0.460938 0.308594 0.511719 0.246094 0.484375 0.199219 0.509766 0.248047 0.345703 0.332031 0.406250 0.291016 0.289062 0.240234 0.261719 0.093750 0.314453 0.111328 0.210938 0.173828 0.173828 0.199219 0.197266 0.214844 0.146484 0.101562 0.193359 0.072266 0.257812
0 0.335938 0.156250 0.333984 0.158203 0.333984 0.164062 0.335938 0.166016 0.339844 0.166016 0.341797 0.167969 0.343750 0.167969 0.347656 0.164062 0.347656 0.162109 0.345703 0.160156 0.345703 0.158203 0.343750 0.156250
0 0.419922 0.156250 0.416016 0.160156 0.416016 0.166016 0.419922 0.169922 0.423828 0.169922 0.425781 0.167969 0.425781 0.160156 0.421875 0.156250
1 0.070312 0.160156 0.064453 0.160156 0.058594 0.167969 0.060547 0.189453 0.056641 0.201172 0.056641 0.214844 0.058594 0.216797 0.056641 0.218750 0.060547 0.224609 0.066406 0.222656 0.064453 0.216797 0.074219 0.173828 0.074219 0.166016
0 0.322266 0.171875 0.320312 0.173828 0.320312 0.177734 0.322266 0.179688 0.326172 0.175781
0 0.304688 0.183594 0.300781 0.187500 0.300781 0.193359 0.304688 0.197266 0.310547 0.197266 0.314453 0.193359 0.314453 0.187500 0.310547 0.183594
0 0.578125 0.187500 0.574219 0.191406 0.574219 0.193359 0.578125 0.197266 0.582031 0.197266 0.583984 0.195312 0.583984 0.193359
0 0.806641 0.216797 0.802734 0.216797 0.800781 0.218750 0.804688 0.222656 0.808594 0.218750
1 0.294922 0.226562 0.287109 0.224609 0.275391 0.238281 0.271484 0.255859 0.267578 0.259766 0.271484 0.263672 0.275391 0.259766 0.273438 0.257812 0.285156 0.246094 0.292969 0.244141 0.298828 0.238281 0.298828 0.232422
0 0.484375 0.250000 0.482422 0.251953 0.482422 0.255859 0.484375 0.257812 0.486328 0.257812 0.488281 0.255859 0.488281 0.253906
0 0.455078 0.267578 0.453125 0.269531 0.453125 0.275391 0.455078 0.277344 0.457031 0.277344 0.460938 0.273438 0.460938 0.271484 0.457031 0.267578
0 0.316406 0.273438 0.314453 0.275391 0.316406 0.277344 0.318359 0.275391
0 0.445312 0.283203 0.443359 0.285156 0.443359 0.287109 0.445312 0.289062 0.447266 0.287109 0.447266 0.285156
0 0.322266 0.291016 0.320312 0.292969 0.320312 0.294922 0.322266 0.296875 0.324219 0.294922 0.324219 0.292969
0 0.564453 0.304688 0.562500 0.304688 0.560547 0.306641 0.560547 0.308594 0.562500 0.310547 0.566406 0.306641
0 0.638672 0.310547 0.636719 0.312500 0.636719 0.314453 0.638672 0.316406 0.640625 0.314453 0.640625 0.312500
0 0.333984 0.333984 0.332031 0.335938 0.332031 0.337891 0.335938 0.341797 0.339844 0.337891 0.337891 0.335938 0.335938 0.335938
0 0.537109 0.339844 0.535156 0.341797 0.535156 0.343750 0.537109 0.345703 0.539062 0.343750 0.539062 0.341797
0 0.357422 0.361328 0.355469 0.363281 0.357422 0.365234 0.359375 0.363281
0 0.599609 0.378906 0.597656 0.380859 0.597656 0.382812 0.599609 0.384766 0.601562 0.384766 0.603516 0.382812
0 0.335938 0.416016 0.333984 0.417969 0.332031 0.417969 0.328125 0.421875 0.328125 0.425781 0.330078 0.427734 0.333984 0.427734 0.335938 0.425781 0.337891 0.425781 0.339844 0.423828 0.339844 0.419922
0 0.376953 0.419922 0.375000 0.421875 0.376953 0.423828 0.378906 0.423828 0.380859 0.421875 0.378906 0.419922
0 0.234375 0.427734 0.238281 0.431641 0.240234 0.431641 0.242188 0.433594 0.246094 0.429688 0.242188 0.425781 0.236328 0.425781
0 0.390625 0.425781 0.388672 0.427734 0.388672 0.429688 0.390625 0.431641 0.394531 0.431641 0.396484 0.429688 0.396484 0.427734 0.394531 0.425781
0 0.310547 0.433594 0.306641 0.437500 0.310547 0.441406 0.312500 0.441406 0.314453 0.439453 0.314453 0.437500
1 0.343750 0.439453 0.339844 0.443359 0.339844 0.449219 0.343750 0.453125 0.349609 0.453125 0.355469 0.458984 0.357422 0.458984 0.359375 0.460938 0.361328 0.458984 0.361328 0.455078 0.355469 0.449219 0.355469 0.447266 0.347656 0.439453
0 0.394531 0.453125 0.392578 0.453125 0.390625 0.455078 0.390625 0.457031 0.392578 0.458984 0.396484 0.455078
0 0.507812 0.460938 0.503906 0.464844 0.503906 0.466797 0.505859 0.468750 0.509766 0.468750 0.511719 0.466797 0.511719 0.464844
0 0.546875 0.460938 0.544922 0.462891 0.544922 0.464844 0.546875 0.466797 0.548828 0.466797 0.550781 0.464844 0.550781 0.462891 0.548828 0.460938
0 0.640625 0.462891 0.636719 0.466797 0.640625 0.470703 0.642578 0.470703 0.644531 0.468750 0.644531 0.464844 0.642578 0.462891
0 0.273438 0.466797 0.271484 0.468750 0.273438 0.470703 0.275391 0.468750
0 0.814453 0.470703 0.810547 0.474609 0.814453 0.478516 0.816406 0.478516 0.818359 0.476562 0.818359 0.472656 0.816406 0.470703
0 0.425781 0.474609 0.423828 0.476562 0.423828 0.478516 0.421875 0.480469 0.421875 0.484375 0.423828 0.486328 0.427734 0.486328 0.431641 0.482422 0.429688 0.480469 0.429688 0.478516
0 0.406250 0.476562 0.402344 0.476562 0.400391 0.478516 0.400391 0.482422 0.404297 0.486328 0.408203 0.482422 0.408203 0.478516
0 0.570312 0.480469 0.568359 0.482422 0.572266 0.486328 0.574219 0.484375 0.574219 0.482422 0.572266 0.480469
0 0.619141 0.482422 0.615234 0.486328 0.615234 0.488281 0.621094 0.494141 0.623047 0.494141 0.626953 0.490234 0.625000 0.488281 0.625000 0.486328 0.621094 0.482422
0 0.669922 0.484375 0.667969 0.484375 0.666016 0.486328 0.666016 0.490234 0.667969 0.492188 0.669922 0.490234 0.669922 0.488281 0.671875 0.486328
0 0.574219 0.498047 0.572266 0.500000 0.572266 0.501953 0.574219 0.503906 0.578125 0.503906 0.580078 0.501953 0.580078 0.500000 0.578125 0.498047
0 0.169922 0.503906 0.167969 0.505859 0.171875 0.509766 0.173828 0.507812 0.173828 0.505859 0.171875 0.503906
0 0.417969 0.517578 0.414062 0.521484 0.414062 0.525391 0.416016 0.527344 0.417969 0.527344 0.419922 0.525391 0.419922 0.519531
1 0.552734 0.517578 0.550781 0.519531 0.554688 0.523438 0.556641 0.523438 0.558594 0.525391 0.560547 0.523438 0.560547 0.521484 0.558594 0.519531 0.554688 0.519531
0 0.607422 0.535156 0.605469 0.537109 0.605469 0.541016 0.607422 0.542969 0.611328 0.539062
1 0.439453 0.539062 0.437500 0.541016 0.439453 0.542969 0.439453 0.544922 0.443359 0.548828 0.443359 0.552734 0.445312 0.554688 0.449219 0.554688 0.451172 0.552734 0.451172 0.548828 0.443359 0.541016 0.441406 0.541016
0 0.587891 0.544922 0.583984 0.548828 0.583984 0.550781 0.582031 0.552734 0.582031 0.556641 0.585938 0.562500 0.587891 0.562500 0.589844 0.564453 0.595703 0.564453 0.599609 0.558594 0.599609 0.552734 0.597656 0.550781 0.597656 0.548828 0.593750 0.544922
0 0.716797 0.546875 0.712891 0.550781 0.716797 0.554688 0.720703 0.554688 0.722656 0.552734 0.722656 0.548828 0.720703 0.546875
0 0.458984 0.578125 0.455078 0.583984 0.455078 0.591797 0.458984 0.597656 0.460938 0.597656 0.462891 0.599609 0.466797 0.599609 0.470703 0.595703 0.470703 0.591797 0.468750 0.589844 0.468750 0.585938 0.460938 0.578125
0 0.500000 0.582031 0.498047 0.583984 0.498047 0.587891 0.501953 0.591797 0.505859 0.587891 0.505859 0.585938 0.501953 0.582031
0 0.601562 0.595703 0.597656 0.599609 0.597656 0.601562 0.599609 0.603516 0.605469 0.603516 0.609375 0.599609 0.609375 0.597656 0.607422 0.595703
0 0.765625 0.595703 0.761719 0.599609 0.761719 0.605469 0.759766 0.607422 0.765625 0.613281 0.769531 0.613281 0.775391 0.607422 0.775391 0.599609 0.771484 0.595703
0 0.632812 0.599609 0.630859 0.601562 0.632812 0.603516 0.634766 0.603516 0.636719 0.601562 0.634766 0.599609
0 0.476562 0.603516 0.470703 0.609375 0.470703 0.613281 0.472656 0.615234 0.472656 0.617188 0.476562 0.621094 0.482422 0.621094 0.484375 0.619141 0.486328 0.619141 0.490234 0.615234 0.490234 0.611328 0.482422 0.603516
0 0.529297 0.605469 0.527344 0.607422 0.529297 0.609375 0.531250 0.607422
1 0.552734 0.607422 0.546875 0.613281 0.546875 0.619141 0.539062 0.626953 0.544922 0.632812 0.546875 0.632812 0.550781 0.628906 0.548828 0.626953 0.548828 0.623047 0.556641 0.615234 0.556641 0.611328
0 0.623047 0.609375 0.617188 0.609375 0.615234 0.611328 0.613281 0.611328 0.607422 0.617188 0.607422 0.619141 0.605469 0.621094 0.605469 0.626953 0.609375 0.630859 0.611328 0.630859 0.613281 0.628906 0.615234 0.628906 0.617188 0.626953 0.623047 0.625000 0.626953 0.621094 0.626953 0.619141 0.628906 0.617188 0.626953 0.615234 0.626953 0.613281
0 0.376953 0.630859 0.375000 0.632812 0.375000 0.636719 0.376953 0.638672 0.380859 0.638672 0.382812 0.636719 0.382812 0.632812 0.380859 0.630859
0 0.347656 0.636719 0.345703 0.638672 0.345703 0.640625 0.347656 0.642578 0.347656 0.646484 0.351562 0.650391 0.357422 0.644531 0.357422 0.640625 0.353516 0.636719
0 0.632812 0.636719 0.630859 0.638672 0.630859 0.640625 0.632812 0.642578 0.634766 0.642578 0.636719 0.640625
1 0.398438 0.640625 0.394531 0.644531 0.396484 0.646484 0.396484 0.650391 0.398438 0.652344 0.398438 0.658203 0.400391 0.660156 0.398438 0.662109 0.398438 0.667969 0.406250 0.673828 0.408203 0.673828 0.414062 0.667969 0.414062 0.652344 0.406250 0.642578 0.404297 0.644531 0.400391 0.640625
1 0.384766 0.646484 0.373047 0.654297 0.373047 0.656250 0.369141 0.662109 0.369141 0.664062 0.373047 0.667969 0.378906 0.662109 0.378906 0.660156 0.382812 0.656250 0.384766 0.658203 0.386719 0.656250 0.388672 0.650391
0 0.443359 0.662109 0.437500 0.667969 0.437500 0.669922 0.433594 0.673828 0.433594 0.675781 0.441406 0.683594 0.447266 0.685547 0.451172 0.681641 0.451172 0.679688 0.453125 0.677734 0.453125 0.669922 0.451172 0.667969 0.451172 0.666016 0.447266 0.662109
0 0.541016 0.662109 0.539062 0.664062 0.542969 0.667969 0.544922 0.666016 0.544922 0.664062 0.542969 0.662109
0 0.619141 0.660156 0.617188 0.662109 0.617188 0.664062 0.615234 0.666016 0.615234 0.673828 0.617188 0.675781 0.619141 0.675781 0.621094 0.677734 0.623047 0.677734 0.625000 0.675781 0.626953 0.675781 0.628906 0.673828 0.628906 0.666016 0.626953 0.664062 0.626953 0.662109 0.625000 0.660156
0 0.527344 0.664062 0.525391 0.666016 0.523438 0.666016 0.517578 0.671875 0.521484 0.675781 0.523438 0.675781 0.525391 0.673828 0.525391 0.671875 0.529297 0.667969 0.529297 0.666016
0 0.658203 0.673828 0.652344 0.673828 0.648438 0.677734 0.648438 0.681641 0.652344 0.685547 0.654297 0.683594 0.656250 0.683594 0.658203 0.681641 0.658203 0.679688 0.660156 0.677734 0.660156 0.675781
0 0.298828 0.681641 0.296875 0.683594 0.298828 0.685547 0.300781 0.683594
0 0.402344 0.681641 0.398438 0.681641 0.396484 0.683594 0.396484 0.685547 0.400391 0.689453 0.404297 0.685547 0.404297 0.683594
0 0.533203 0.679688 0.527344 0.685547 0.527344 0.687500 0.533203 0.693359 0.535156 0.693359 0.537109 0.695312 0.539062 0.695312 0.541016 0.693359 0.541016 0.685547 0.539062 0.683594 0.539062 0.681641 0.537109 0.679688
0 0.408203 0.693359 0.406250 0.695312 0.406250 0.699219 0.408203 0.701172 0.412109 0.701172 0.414062 0.703125 0.416016 0.701172 0.414062 0.699219 0.414062 0.697266 0.410156 0.693359
0 0.630859 0.703125 0.628906 0.703125 0.625000 0.707031 0.628906 0.710938 0.632812 0.707031 0.632812 0.705078
0 0.437500 0.707031 0.433594 0.710938 0.435547 0.712891 0.435547 0.714844 0.437500 0.716797 0.441406 0.716797 0.445312 0.712891 0.445312 0.710938 0.443359 0.708984 0.441406 0.708984 0.439453 0.707031
0 0.404297 0.710938 0.402344 0.712891 0.400391 0.712891 0.398438 0.714844 0.398438 0.716797 0.402344 0.720703 0.404297 0.720703 0.408203 0.716797 0.408203 0.714844
0 0.658203 0.714844 0.656250 0.716797 0.656250 0.722656 0.658203 0.724609 0.664062 0.724609 0.667969 0.720703 0.667969 0.718750 0.664062 0.714844
0 0.492188 0.718750 0.490234 0.720703 0.490234 0.724609 0.492188 0.726562 0.498047 0.726562 0.500000 0.724609 0.500000 0.722656 0.498047 0.720703 0.496094 0.720703 0.494141 0.718750
0 0.693359 0.722656 0.689453 0.726562 0.689453 0.728516 0.693359 0.732422 0.695312 0.732422 0.697266 0.730469 0.697266 0.724609 0.695312 0.722656
0 0.447266 0.732422 0.443359 0.732422 0.437500 0.738281 0.441406 0.742188 0.445312 0.742188 0.449219 0.738281 0.449219 0.734375
0 0.408203 0.746094 0.408203 0.748047 0.410156 0.750000 0.414062 0.750000 0.421875 0.757812 0.425781 0.757812 0.427734 0.759766 0.431641 0.759766 0.435547 0.753906 0.427734 0.742188 0.421875 0.742188 0.419922 0.744141 0.414062 0.744141 0.412109 0.742188
0 0.707031 0.755859 0.705078 0.757812 0.705078 0.759766 0.707031 0.761719 0.708984 0.761719 0.710938 0.759766 0.710938 0.757812 0.708984 0.755859
0 0.457031 0.757812 0.453125 0.761719 0.455078 0.763672 0.458984 0.759766
0 0.265625 0.761719 0.263672 0.761719 0.259766 0.765625 0.259766 0.767578 0.261719 0.769531 0.263672 0.769531 0.267578 0.765625 0.267578 0.763672
0 0.648438 0.783203 0.642578 0.779297 0.638672 0.779297 0.636719 0.781250 0.634766 0.781250 0.630859 0.787109 0.630859 0.789062 0.632812 0.791016 0.632812 0.792969 0.630859 0.794922 0.632812 0.796875 0.634766 0.794922 0.642578 0.794922 0.648438 0.789062
0 0.695312 0.787109 0.691406 0.787109 0.689453 0.789062 0.681641 0.789062 0.679688 0.791016 0.679688 0.792969 0.685547 0.798828 0.685547 0.802734 0.681641 0.806641 0.681641 0.810547 0.685547 0.814453 0.693359 0.814453 0.697266 0.810547 0.697266 0.804688 0.695312 0.800781 0.701172 0.792969
1 0.806641 0.810547 0.804688 0.812500 0.804688 0.814453 0.800781 0.818359 0.802734 0.820312 0.804688 0.820312 0.806641 0.818359 0.806641 0.814453 0.808594 0.812500
0 0.615234 0.818359 0.613281 0.820312 0.615234 0.822266 0.617188 0.822266 0.619141 0.820312 0.617188 0.818359
0 0.630859 0.830078 0.626953 0.833984 0.628906 0.835938 0.628906 0.837891 0.630859 0.839844 0.632812 0.839844 0.636719 0.835938 0.636719 0.833984 0.632812 0.830078
0 0.615234 0.832031 0.613281 0.833984 0.613281 0.835938 0.615234 0.837891 0.619141 0.837891 0.621094 0.835938 0.621094 0.833984 0.619141 0.832031
0 0.714844 0.837891 0.710938 0.841797 0.710938 0.845703 0.716797 0.851562 0.718750 0.851562 0.722656 0.847656 0.722656 0.843750 0.716797 0.837891
1 0.568359 0.845703 0.564453 0.851562 0.564453 0.855469 0.574219 0.869141 0.580078 0.863281 0.585938 0.869141 0.583984 0.875000 0.587891 0.878906 0.593750 0.875000 0.591797 0.871094 0.591797 0.861328 0.582031 0.853516 0.582031 0.847656 0.578125 0.843750 0.572266 0.843750
0 0.728516 0.869141 0.724609 0.873047 0.724609 0.875000 0.728516 0.878906 0.732422 0.878906 0.734375 0.876953 0.734375 0.873047 0.732422 0.871094 0.730469 0.871094
0 0.748047 0.871094 0.746094 0.873047 0.748047 0.875000 0.750000 0.873047
0 0.666016 0.882812 0.662109 0.886719 0.664062 0.888672 0.664062 0.890625 0.667969 0.894531 0.669922 0.894531 0.671875 0.896484 0.673828 0.896484 0.679688 0.890625 0.679688 0.888672 0.673828 0.882812
0 0.714844 0.884766 0.710938 0.888672 0.710938 0.896484 0.712891 0.898438 0.712891 0.900391 0.716797 0.904297 0.718750 0.904297 0.722656 0.900391 0.722656 0.890625 0.716797 0.884766
0 0.500000 0.892578 0.496094 0.896484 0.496094 0.906250 0.500000 0.912109 0.505859 0.914062 0.509766 0.910156 0.509766 0.908203 0.513672 0.902344 0.513672 0.898438 0.507812 0.892578
0 0.605469 0.892578 0.603516 0.894531 0.603516 0.898438 0.605469 0.900391 0.605469 0.902344 0.609375 0.906250 0.609375 0.908203 0.611328 0.910156 0.615234 0.910156 0.619141 0.906250 0.619141 0.904297 0.617188 0.902344 0.617188 0.900391 0.609375 0.892578
0 0.689453 0.894531 0.687500 0.896484 0.687500 0.898438 0.691406 0.902344 0.693359 0.902344 0.695312 0.900391 0.695312 0.896484 0.693359 0.894531
0 0.960938 0.896484 0.957031 0.900391 0.957031 0.902344 0.955078 0.904297 0.955078 0.910156 0.958984 0.916016 0.960938 0.916016 0.962891 0.917969 0.966797 0.917969 0.974609 0.910156 0.974609 0.904297 0.966797 0.896484
1 0.714844 0.916016 0.708984 0.912109 0.691406 0.923828 0.683594 0.919922 0.681641 0.921875 0.677734 0.921875 0.671875 0.927734 0.669922 0.933594 0.662109 0.943359 0.662109 0.949219 0.650391 0.958984 0.644531 0.958984 0.638672 0.966797 0.644531 0.974609 0.648438 0.974609 0.654297 0.970703 0.664062 0.972656 0.669922 0.966797 0.669922 0.958984 0.683594 0.943359 0.687500 0.943359 0.693359 0.937500 0.693359 0.933594 0.697266 0.929688 0.708984 0.931641 0.710938 0.933594 0.714844 0.929688
1 0.363281 0.939453 0.367188 0.962891 0.373047 0.970703 0.396484 0.970703 0.423828 0.951172 0.460938 0.951172 0.468750 0.955078 0.482422 0.972656 0.474609 0.998047 0.521484 0.998047 0.517578 0.976562 0.503906 0.962891 0.501953 0.953125 0.513672 0.945312 0.542969 0.951172 0.541016 0.941406 0.531250 0.933594 0.505859 0.933594 0.486328 0.925781 0.468750 0.925781 0.457031 0.941406 0.437500 0.941406 0.431641 0.921875 0.421875 0.925781 0.419922 0.937500 0.423828 0.943359 0.416016 0.947266 0.404297 0.921875 0.388672 0.914062 0.375000 0.914062
0 0.605469 0.917969 0.601562 0.917969 0.597656 0.921875 0.601562 0.925781 0.603516 0.925781 0.607422 0.921875 0.607422 0.919922
0 0.621094 0.937500 0.619141 0.939453 0.623047 0.943359 0.625000 0.941406 0.625000 0.939453 0.623047 0.937500
0 0.603516 0.941406 0.599609 0.947266 0.601562 0.955078 0.585938 0.966797 0.582031 0.990234 0.589844 0.998047 0.603516 0.998047 0.603516 0.992188 0.607422 0.988281 0.617188 0.998047 0.640625 0.998047 0.642578 0.986328 0.632812 0.974609 0.626953 0.957031 0.617188 0.953125 0.609375 0.941406
0 0.703125 0.945312 0.699219 0.949219 0.703125 0.953125 0.705078 0.953125 0.707031 0.951172 0.707031 0.947266 0.705078 0.945312
0 0.792969 0.947266 0.789062 0.951172 0.789062 0.955078 0.791016 0.957031 0.791016 0.958984 0.792969 0.960938 0.800781 0.960938 0.804688 0.957031 0.804688 0.953125 0.798828 0.947266
1 0.572266 0.958984 0.566406 0.953125 0.562500 0.953125 0.552734 0.960938 0.544922 0.960938 0.535156 0.972656 0.535156 0.976562 0.539062 0.978516 0.542969 0.974609 0.548828 0.980469 0.554688 0.980469 0.560547 0.972656 0.568359 0.970703 0.572266 0.966797
0 0.976562 0.953125 0.968750 0.953125 0.962891 0.958984 0.962891 0.970703 0.968750 0.976562 0.972656 0.976562 0.974609 0.974609 0.978516 0.974609 0.982422 0.970703 0.982422 0.968750 0.984375 0.966797 0.982422 0.964844 0.982422 0.958984
0 0.904297 0.960938 0.902344 0.962891 0.904297 0.964844 0.906250 0.964844 0.908203 0.962891 0.906250 0.960938
0 0.416016 0.984375 0.414062 0.986328 0.414062 0.988281 0.416016 0.990234 0.417969 0.990234 0.419922 0.988281 0.419922 0.986328 0.417969 0.984375
