1 0.005859 0.070312 0.000000 0.070312 0.000000 0.099609 0.003906 0.095703 0.005859 0.095703 0.007812 0.093750 0.007812 0.091797 0.011719 0.087891 0.011719 0.076172
0 0.439453 0.087891 0.435547 0.091797 0.435547 0.093750 0.437500 0.095703 0.439453 0.095703 0.443359 0.091797
0 0.458984 0.103516 0.455078 0.103516 0.453125 0.105469 0.457031 0.109375 0.460938 0.105469
0 0.375000 0.117188 0.373047 0.117188 0.369141 0.121094 0.369141 0.125000 0.371094 0.126953 0.375000 0.126953 0.376953 0.125000 0.376953 0.119141
1 0.000000 0.146484 0.066406 0.191406 0.005859 0.232422 0.107422 0.242188 0.000000 0.373047 0.000000 0.447266 0.208984 0.783203 0.128906 0.894531 0.218750 0.814453 0.337891 0.851562 0.382812 0.941406 0.265625 0.982422 0.337891 0.998047 0.396484 0.927734 0.312500 0.804688 0.412109 0.759766 0.398438 0.869141 0.644531 0.994141 0.628906 0.894531 0.593750 0.943359 0.484375 0.880859 0.468750 0.818359 0.562500 0.798828 0.484375 0.761719 0.441406 0.800781 0.392578 0.746094 0.564453 0.746094 0.468750 0.685547 0.466797 0.613281 0.357422 0.628906 0.332031 0.681641 0.169922 0.644531 0.183594 0.589844 0.240234 0.593750 0.279297 0.380859 0.220703 0.458984 0.248047 0.486328 0.160156 0.507812 0.181641 0.291016 0.087891 0.169922
0 0.517578 0.171875 0.513672 0.175781 0.519531 0.181641 0.521484 0.181641 0.523438 0.179688 0.523438 0.173828 0.521484 0.171875
0 0.367188 0.189453 0.359375 0.189453 0.353516 0.195312 0.353516 0.203125 0.347656 0.208984 0.343750 0.207031 0.324219 0.208984 0.318359 0.212891 0.316406 0.220703 0.312500 0.224609 0.304688 0.224609 0.300781 0.228516 0.304688 0.232422 0.310547 0.232422 0.318359 0.226562 0.330078 0.230469 0.333984 0.234375 0.333984 0.248047 0.341797 0.257812 0.347656 0.257812 0.357422 0.246094 0.357422 0.232422 0.351562 0.226562 0.349609 0.218750 0.353516 0.214844 0.363281 0.218750 0.371094 0.218750 0.376953 0.212891 0.376953 0.203125 0.378906 0.201172 0.376953 0.197266
0 0.455078 0.208984 0.453125 0.210938 0.455078 0.212891 0.457031 0.210938
0 0.894531 0.224609 0.892578 0.226562 0.896484 0.230469 0.898438 0.230469 0.900391 0.228516 0.900391 0.226562 0.898438 0.224609
0 0.291016 0.228516 0.287109 0.228516 0.283203 0.232422 0.283203 0.234375 0.287109 0.238281 0.289062 0.238281 0.291016 0.236328 0.292969 0.236328 0.294922 0.234375 0.294922 0.232422
0 0.482422 0.228516 0.480469 0.230469 0.480469 0.232422 0.478516 0.234375 0.478516 0.238281 0.480469 0.240234 0.480469 0.242188 0.482422 0.244141 0.488281 0.244141 0.490234 0.242188 0.490234 0.240234 0.492188 0.238281 0.492188 0.234375 0.488281 0.230469 0.486328 0.230469 0.484375 0.228516
0 0.601562 0.228516 0.597656 0.232422 0.601562 0.236328 0.605469 0.232422
0 0.281250 0.242188 0.279297 0.244141 0.273438 0.246094 0.265625 0.253906 0.265625 0.255859 0.263672 0.257812 0.263672 0.261719 0.271484 0.269531 0.273438 0.269531 0.275391 0.271484 0.279297 0.271484 0.281250 0.269531 0.283203 0.269531 0.287109 0.263672 0.287109 0.248047
0 0.568359 0.259766 0.566406 0.261719 0.566406 0.265625 0.568359 0.267578 0.570312 0.267578 0.572266 0.265625 0.572266 0.261719 0.570312 0.259766
1 0.013672 0.265625 0.007812 0.271484 0.003906 0.271484 0.001953 0.273438 0.000000 0.273438 0.000000 0.289062 0.001953 0.289062 0.003906 0.287109 0.003906 0.285156 0.007812 0.281250 0.007812 0.279297 0.015625 0.271484 0.015625 0.267578
0 0.486328 0.267578 0.484375 0.269531 0.486328 0.271484 0.488281 0.269531
0 0.560547 0.279297 0.558594 0.281250 0.560547 0.283203 0.562500 0.283203 0.564453 0.281250 0.562500 0.279297
0 0.662109 0.283203 0.660156 0.285156 0.662109 0.287109 0.664062 0.287109 0.666016 0.285156 0.664062 0.283203
0 0.261719 0.310547 0.263672 0.314453 0.275391 0.316406 0.287109 0.324219 0.306641 0.322266 0.310547 0.318359 0.308594 0.316406 0.302734 0.316406 0.298828 0.312500 0.302734 0.304688 0.289062 0.292969 0.275391 0.308594 0.267578 0.308594 0.265625 0.306641
0 0.351562 0.294922 0.345703 0.300781 0.345703 0.304688 0.343750 0.306641 0.345703 0.308594 0.345703 0.314453 0.349609 0.318359 0.357422 0.318359 0.361328 0.312500 0.361328 0.306641 0.359375 0.304688 0.359375 0.302734
0 0.453125 0.298828 0.445312 0.306641 0.445312 0.312500 0.447266 0.314453 0.447266 0.316406 0.453125 0.322266 0.455078 0.320312 0.462891 0.320312 0.466797 0.314453 0.466797 0.304688 0.462891 0.300781 0.460938 0.300781 0.458984 0.298828
0 0.322266 0.302734 0.320312 0.304688 0.322266 0.306641 0.324219 0.304688
0 0.376953 0.300781 0.371094 0.300781 0.369141 0.302734 0.369141 0.306641 0.373047 0.310547 0.378906 0.304688 0.378906 0.302734
0 0.027344 0.314453 0.025391 0.316406 0.025391 0.318359 0.023438 0.320312 0.025391 0.322266 0.027344 0.322266 0.029297 0.320312 0.029297 0.316406
0 0.070312 0.312500 0.068359 0.314453 0.068359 0.316406 0.066406 0.318359 0.066406 0.320312 0.068359 0.322266 0.072266 0.318359 0.070312 0.316406 0.072266 0.314453
0 0.009766 0.318359 0.007812 0.320312 0.011719 0.324219 0.013672 0.322266
0 0.281250 0.332031 0.279297 0.330078 0.277344 0.330078 0.271484 0.335938 0.273438 0.337891 0.275391 0.337891
1 0.378906 0.347656 0.380859 0.357422 0.388672 0.363281 0.400391 0.361328 0.408203 0.349609 0.414062 0.355469 0.416016 0.373047 0.421875 0.378906 0.425781 0.378906 0.429688 0.371094 0.441406 0.363281 0.439453 0.359375 0.429688 0.361328 0.419922 0.347656 0.410156 0.345703 0.390625 0.330078
0 0.103516 0.332031 0.101562 0.333984 0.105469 0.337891 0.107422 0.337891 0.109375 0.335938 0.105469 0.332031
0 0.226562 0.333984 0.222656 0.337891 0.226562 0.341797 0.230469 0.337891
0 0.330078 0.335938 0.328125 0.337891 0.330078 0.339844 0.328125 0.341797 0.328125 0.343750 0.330078 0.345703 0.332031 0.345703 0.333984 0.347656 0.335938 0.347656 0.337891 0.345703 0.335938 0.343750 0.335938 0.339844 0.332031 0.335938
1 0.271484 0.343750 0.269531 0.343750 0.261719 0.351562 0.257812 0.351562 0.255859 0.353516 0.255859 0.357422 0.259766 0.361328 0.261719 0.359375 0.263672 0.359375 0.267578 0.355469 0.269531 0.355469 0.275391 0.351562 0.275391 0.347656
0 0.240234 0.353516 0.238281 0.355469 0.238281 0.357422 0.240234 0.359375 0.242188 0.357422 0.242188 0.355469
0 0.214844 0.355469 0.212891 0.357422 0.212891 0.359375 0.216797 0.363281 0.220703 0.359375 0.216797 0.355469
0 0.333984 0.357422 0.330078 0.361328 0.333984 0.365234 0.335938 0.363281 0.335938 0.359375
0 0.316406 0.365234 0.314453 0.367188 0.316406 0.369141 0.316406 0.373047 0.318359 0.375000 0.312500 0.380859 0.308594 0.380859 0.306641 0.382812 0.308594 0.384766 0.310547 0.384766 0.314453 0.380859 0.316406 0.382812 0.326172 0.384766 0.328125 0.382812 0.326172 0.380859 0.326172 0.376953 0.324219 0.375000 0.324219 0.373047 0.320312 0.369141 0.320312 0.367188 0.318359 0.365234
0 0.601562 0.384766 0.597656 0.388672 0.599609 0.390625 0.601562 0.390625 0.603516 0.388672 0.603516 0.386719
0 0.234375 0.394531 0.232422 0.394531 0.228516 0.398438 0.228516 0.400391 0.226562 0.402344 0.226562 0.404297 0.230469 0.408203 0.232422 0.408203 0.238281 0.402344 0.238281 0.398438
0 0.302734 0.394531 0.298828 0.398438 0.298828 0.402344 0.300781 0.404297 0.302734 0.404297 0.306641 0.400391 0.306641 0.398438
0 0.783203 0.400391 0.781250 0.402344 0.783203 0.404297 0.785156 0.404297 0.787109 0.402344 0.785156 0.400391
1 0.427734 0.404297 0.423828 0.404297 0.416016 0.410156 0.417969 0.421875 0.406250 0.431641 0.406250 0.439453 0.410156 0.447266 0.419922 0.457031 0.425781 0.457031 0.433594 0.451172 0.433594 0.439453 0.429688 0.431641 0.437500 0.419922 0.437500 0.412109
1 0.296875 0.414062 0.294922 0.412109 0.289062 0.412109 0.287109 0.414062 0.287109 0.419922 0.283203 0.423828 0.281250 0.423828 0.279297 0.425781 0.281250 0.427734 0.285156 0.427734 0.291016 0.421875 0.292969 0.421875 0.296875 0.417969
0 0.755859 0.414062 0.753906 0.416016 0.755859 0.417969 0.757812 0.416016
0 0.542969 0.439453 0.541016 0.441406 0.541016 0.445312 0.542969 0.447266 0.546875 0.443359
0 0.269531 0.441406 0.265625 0.445312 0.267578 0.447266 0.269531 0.447266 0.275391 0.453125 0.271484 0.457031 0.271484 0.458984 0.273438 0.460938 0.273438 0.462891 0.269531 0.466797 0.271484 0.468750 0.277344 0.464844 0.281250 0.464844 0.285156 0.460938 0.285156 0.458984 0.283203 0.457031 0.283203 0.455078 0.273438 0.447266 0.273438 0.443359 0.271484 0.441406
0 0.306641 0.445312 0.302734 0.449219 0.302734 0.451172 0.300781 0.453125 0.300781 0.458984 0.298828 0.460938 0.298828 0.462891 0.302734 0.468750 0.306641 0.468750 0.310547 0.464844 0.310547 0.449219
0 0.472656 0.451172 0.468750 0.451172 0.466797 0.453125 0.466797 0.455078 0.464844 0.457031 0.464844 0.458984 0.468750 0.462891 0.474609 0.457031 0.474609 0.453125
0 0.492188 0.484375 0.490234 0.486328 0.492188 0.488281 0.494141 0.488281 0.496094 0.486328 0.494141 0.484375
0 0.271484 0.496094 0.269531 0.498047 0.267578 0.498047 0.265625 0.500000 0.265625 0.503906 0.269531 0.507812 0.273438 0.503906 0.273438 0.501953 0.275391 0.500000
0 0.507812 0.511719 0.505859 0.513672 0.505859 0.515625 0.509766 0.519531 0.513672 0.515625 0.509766 0.511719
0 0.832031 0.513672 0.830078 0.515625 0.830078 0.517578 0.832031 0.519531 0.833984 0.519531 0.835938 0.517578
0 0.443359 0.515625 0.441406 0.515625 0.439453 0.517578 0.439453 0.521484 0.441406 0.523438 0.445312 0.519531 0.445312 0.517578
0 0.818359 0.531250 0.816406 0.531250 0.812500 0.535156 0.812500 0.537109 0.816406 0.541016 0.820312 0.537109 0.820312 0.533203
0 0.955078 0.533203 0.953125 0.533203 0.949219 0.537109 0.949219 0.539062 0.951172 0.541016 0.955078 0.541016 0.957031 0.539062 0.957031 0.535156
0 0.439453 0.566406 0.441406 0.568359 0.439453 0.585938 0.445312 0.589844 0.458984 0.580078 0.470703 0.595703 0.478516 0.597656 0.484375 0.593750 0.492188 0.603516 0.496094 0.597656 0.486328 0.583984 0.492188 0.578125 0.500000 0.576172 0.505859 0.582031 0.503906 0.585938 0.509766 0.593750 0.507812 0.603516 0.509766 0.605469 0.519531 0.599609 0.513672 0.591797 0.515625 0.585938 0.513672 0.576172 0.500000 0.566406 0.496094 0.558594 0.500000 0.548828 0.490234 0.537109 0.484375 0.539062 0.472656 0.552734 0.476562 0.572266 0.470703 0.578125 0.464844 0.580078 0.460938 0.576172 0.460938 0.570312 0.453125 0.562500 0.443359 0.562500
0 0.798828 0.548828 0.804688 0.554688 0.806641 0.554688 0.810547 0.550781 0.806641 0.546875 0.800781 0.546875
0 0.585938 0.554688 0.583984 0.556641 0.583984 0.558594 0.585938 0.560547 0.587891 0.560547 0.589844 0.558594 0.589844 0.556641 0.587891 0.554688
0 0.628906 0.564453 0.625000 0.568359 0.628906 0.572266 0.632812 0.568359
0 0.548828 0.607422 0.546875 0.609375 0.548828 0.611328 0.550781 0.609375
0 0.376953 0.611328 0.375000 0.613281 0.376953 0.615234 0.378906 0.613281
0 0.644531 0.611328 0.642578 0.609375 0.640625 0.609375 0.636719 0.613281 0.638672 0.615234 0.642578 0.615234 0.644531 0.613281
0 0.750000 0.621094 0.744141 0.623047 0.740234 0.628906 0.740234 0.638672 0.746094 0.644531 0.750000 0.644531 0.755859 0.638672 0.755859 0.626953
1 0.511719 0.628906 0.505859 0.634766 0.509766 0.638672 0.511719 0.644531 0.525391 0.656250 0.529297 0.656250 0.531250 0.654297 0.529297 0.650391 0.517578 0.640625 0.517578 0.638672 0.523438 0.632812 0.517578 0.626953 0.515625 0.628906
0 0.644531 0.642578 0.640625 0.646484 0.644531 0.650391 0.646484 0.650391 0.648438 0.648438 0.648438 0.646484
0 0.833984 0.656250 0.832031 0.658203 0.833984 0.660156 0.835938 0.658203
0 0.318359 0.666016 0.316406 0.667969 0.316406 0.669922 0.318359 0.671875 0.320312 0.669922 0.320312 0.667969
0 0.763672 0.667969 0.759766 0.664062 0.755859 0.667969 0.757812 0.669922 0.761719 0.669922
0 0.898438 0.669922 0.892578 0.675781 0.892578 0.681641 0.896484 0.687500 0.904297 0.687500 0.910156 0.681641 0.910156 0.675781 0.906250 0.671875 0.904297 0.671875 0.902344 0.669922
0 0.542969 0.675781 0.539062 0.679688 0.544922 0.685547 0.546875 0.685547 0.548828 0.683594 0.548828 0.681641 0.550781 0.679688 0.546875 0.675781
0 0.671875 0.691406 0.669922 0.693359 0.667969 0.693359 0.666016 0.695312 0.664062 0.695312 0.660156 0.699219 0.660156 0.705078 0.666016 0.708984 0.671875 0.708984 0.673828 0.707031 0.675781 0.707031 0.679688 0.701172 0.679688 0.699219
0 0.830078 0.693359 0.828125 0.695312 0.830078 0.697266 0.832031 0.697266 0.833984 0.695312 0.832031 0.693359
0 0.599609 0.697266 0.595703 0.701172 0.599609 0.705078 0.601562 0.705078 0.605469 0.701172 0.601562 0.697266
0 0.621094 0.697266 0.617188 0.701172 0.617188 0.703125 0.621094 0.707031 0.623047 0.707031 0.626953 0.703125 0.626953 0.701172 0.623047 0.697266
0 0.863281 0.695312 0.861328 0.697266 0.861328 0.699219 0.865234 0.703125 0.867188 0.701172 0.867188 0.697266 0.865234 0.695312
0 0.802734 0.699219 0.800781 0.701172 0.802734 0.703125 0.804688 0.703125 0.806641 0.701172 0.804688 0.699219
0 0.693359 0.705078 0.691406 0.707031 0.691406 0.710938 0.693359 0.712891 0.695312 0.710938 0.695312 0.707031
0 0.783203 0.703125 0.777344 0.708984 0.771484 0.708984 0.769531 0.707031 0.767578 0.707031 0.765625 0.708984 0.767578 0.710938 0.767578 0.714844 0.769531 0.716797 0.769531 0.722656 0.775391 0.730469 0.779297 0.730469 0.783203 0.726562 0.785156 0.726562 0.789062 0.720703 0.789062 0.716797 0.787109 0.714844 0.787109 0.707031
0 0.591797 0.710938 0.583984 0.710938 0.578125 0.716797 0.578125 0.722656 0.583984 0.728516 0.585938 0.728516 0.589844 0.724609 0.591797 0.724609 0.595703 0.718750 0.595703 0.714844
0 0.720703 0.718750 0.718750 0.718750 0.714844 0.722656 0.714844 0.724609 0.718750 0.728516 0.722656 0.724609 0.722656 0.720703
0 0.863281 0.732422 0.861328 0.734375 0.863281 0.736328 0.865234 0.736328 0.867188 0.734375 0.865234 0.732422
0 0.597656 0.736328 0.595703 0.736328 0.589844 0.742188 0.589844 0.748047 0.591797 0.750000 0.591797 0.751953 0.593750 0.753906 0.595703 0.751953 0.599609 0.751953 0.603516 0.748047 0.601562 0.746094 0.601562 0.740234
0 0.611328 0.750000 0.609375 0.751953 0.609375 0.755859 0.613281 0.759766 0.617188 0.755859 0.617188 0.753906 0.613281 0.750000
0 0.634766 0.750000 0.630859 0.753906 0.632812 0.755859 0.634766 0.755859 0.636719 0.753906 0.636719 0.751953
1 0.666016 0.750000 0.662109 0.753906 0.662109 0.757812 0.664062 0.759766 0.664062 0.761719 0.666016 0.763672 0.667969 0.763672 0.671875 0.767578 0.671875 0.773438 0.673828 0.775391 0.677734 0.775391 0.679688 0.773438 0.679688 0.769531 0.673828 0.763672 0.673828 0.755859 0.667969 0.750000
0 0.689453 0.750000 0.687500 0.751953 0.689453 0.753906 0.691406 0.753906 0.693359 0.751953 0.691406 0.750000
0 0.642578 0.761719 0.638672 0.765625 0.638672 0.767578 0.636719 0.769531 0.640625 0.773438 0.646484 0.773438 0.650391 0.769531 0.650391 0.765625 0.646484 0.761719
0 0.697266 0.763672 0.691406 0.769531 0.691406 0.771484 0.693359 0.773438 0.693359 0.775391 0.695312 0.777344 0.695312 0.779297 0.699219 0.783203 0.701172 0.783203 0.708984 0.775391 0.708984 0.769531 0.705078 0.765625 0.703125 0.765625 0.701172 0.763672
0 0.503906 0.765625 0.501953 0.767578 0.503906 0.769531 0.505859 0.767578
0 0.789062 0.765625 0.783203 0.765625 0.773438 0.775391 0.773438 0.777344 0.769531 0.781250 0.769531 0.785156 0.773438 0.789062 0.775391 0.789062 0.777344 0.787109 0.781250 0.787109 0.785156 0.783203 0.787109 0.783203 0.792969 0.779297 0.792969 0.777344 0.794922 0.775391 0.794922 0.771484
0 0.755859 0.781250 0.751953 0.785156 0.755859 0.789062 0.759766 0.785156
0 0.804688 0.789062 0.802734 0.791016 0.804688 0.792969 0.806641 0.792969 0.808594 0.791016 0.806641 0.789062
0 0.652344 0.794922 0.648438 0.798828 0.650391 0.800781 0.652344 0.800781 0.654297 0.798828 0.654297 0.796875
0 0.845703 0.796875 0.843750 0.798828 0.843750 0.802734 0.845703 0.804688 0.847656 0.804688 0.849609 0.802734 0.849609 0.800781
0 0.916016 0.798828 0.914062 0.800781 0.916016 0.802734 0.917969 0.802734 0.919922 0.800781 0.917969 0.798828
0 0.832031 0.806641 0.828125 0.810547 0.828125 0.812500 0.832031 0.816406 0.833984 0.816406 0.837891 0.812500 0.837891 0.810547 0.833984 0.806641
0 0.640625 0.808594 0.634766 0.814453 0.634766 0.818359 0.640625 0.824219 0.642578 0.824219 0.648438 0.818359 0.648438 0.814453 0.644531 0.810547 0.642578 0.810547
0 0.804688 0.820312 0.800781 0.824219 0.800781 0.826172 0.802734 0.828125 0.806641 0.828125 0.808594 0.826172 0.808594 0.824219
1 0.492188 0.824219 0.488281 0.828125 0.492188 0.832031 0.496094 0.832031 0.501953 0.837891 0.505859 0.833984 0.505859 0.830078 0.503906 0.828125 0.501953 0.828125 0.498047 0.824219 0.496094 0.826172 0.494141 0.824219
0 0.529297 0.828125 0.527344 0.826172 0.523438 0.826172 0.515625 0.833984 0.515625 0.835938 0.517578 0.837891 0.523438 0.837891 0.527344 0.833984 0.527344 0.832031 0.529297 0.830078
0 0.566406 0.828125 0.564453 0.830078 0.566406 0.832031 0.568359 0.832031 0.570312 0.830078 0.568359 0.828125
0 0.750000 0.828125 0.748047 0.828125 0.742188 0.833984 0.742188 0.837891 0.744141 0.839844 0.744141 0.841797 0.746094 0.843750 0.750000 0.843750 0.753906 0.839844 0.753906 0.832031
0 0.847656 0.830078 0.843750 0.833984 0.843750 0.837891 0.847656 0.841797 0.849609 0.841797 0.851562 0.839844 0.851562 0.837891 0.853516 0.835938 0.853516 0.833984 0.849609 0.830078
0 0.638672 0.832031 0.634766 0.835938 0.634766 0.837891 0.638672 0.841797 0.640625 0.841797 0.644531 0.837891 0.644531 0.835938 0.640625 0.832031
0 0.835938 0.843750 0.832031 0.843750 0.830078 0.845703 0.830078 0.847656 0.828125 0.849609 0.828125 0.855469 0.833984 0.861328 0.835938 0.859375 0.837891 0.859375 0.841797 0.855469 0.841797 0.851562 0.839844 0.849609 0.839844 0.847656
0 0.693359 0.849609 0.691406 0.851562 0.691406 0.853516 0.693359 0.855469 0.695312 0.853516 0.695312 0.851562
1 0.503906 0.859375 0.501953 0.861328 0.501953 0.865234 0.509766 0.873047 0.511719 0.871094 0.511719 0.869141 0.509766 0.867188 0.509766 0.865234
0 0.628906 0.865234 0.625000 0.865234 0.623047 0.867188 0.623047 0.869141 0.626953 0.873047 0.630859 0.869141 0.630859 0.867188
0 0.703125 0.869141 0.697266 0.875000 0.697266 0.876953 0.701172 0.880859 0.703125 0.880859 0.707031 0.876953 0.707031 0.875000 0.705078 0.873047 0.705078 0.871094
1 0.568359 0.871094 0.566406 0.871094 0.558594 0.878906 0.556641 0.876953 0.554688 0.878906 0.554688 0.880859 0.552734 0.882812 0.556641 0.888672 0.558594 0.888672 0.560547 0.886719 0.560547 0.882812 0.564453 0.878906 0.566406 0.878906 0.570312 0.875000 0.570312 0.873047
0 0.857422 0.871094 0.853516 0.871094 0.849609 0.875000 0.849609 0.876953 0.845703 0.880859 0.847656 0.882812 0.849609 0.882812 0.851562 0.884766 0.853516 0.884766 0.855469 0.882812 0.857422 0.882812 0.859375 0.880859 0.859375 0.878906 0.861328 0.876953 0.861328 0.875000
0 0.810547 0.880859 0.798828 0.888672 0.798828 0.896484 0.794922 0.900391 0.777344 0.890625 0.767578 0.894531 0.765625 0.904297 0.769531 0.912109 0.785156 0.925781 0.798828 0.927734 0.804688 0.923828 0.806641 0.914062 0.800781 0.904297 0.804688 0.900391 0.812500 0.900391 0.818359 0.892578 0.818359 0.888672
0 0.976562 0.878906 0.974609 0.880859 0.978516 0.884766 0.980469 0.882812 0.980469 0.880859 0.978516 0.878906
0 0.746094 0.888672 0.742188 0.892578 0.742188 0.896484 0.744141 0.898438 0.744141 0.900391 0.746094 0.902344 0.750000 0.902344 0.753906 0.898438 0.753906 0.894531 0.748047 0.888672
0 0.449219 0.898438 0.455078 0.904297 0.460938 0.904297 0.462891 0.902344 0.457031 0.896484 0.455078 0.896484 0.453125 0.894531
0 0.654297 0.894531 0.646484 0.894531 0.644531 0.896484 0.644531 0.900391 0.642578 0.902344 0.642578 0.908203 0.644531 0.910156 0.648438 0.910156 0.652344 0.906250 0.654297 0.906250 0.656250 0.904297 0.656250 0.896484
0 0.710938 0.904297 0.708984 0.906250 0.708984 0.908203 0.710938 0.910156 0.712891 0.908203 0.712891 0.906250
0 0.427734 0.908203 0.425781 0.910156 0.425781 0.914062 0.429688 0.917969 0.431641 0.917969 0.435547 0.914062 0.435547 0.910156 0.433594 0.908203
0 0.896484 0.908203 0.894531 0.910156 0.888672 0.912109 0.884766 0.916016 0.886719 0.917969 0.886719 0.919922 0.892578 0.925781 0.892578 0.933594 0.896484 0.937500 0.898438 0.937500 0.900391 0.935547 0.902344 0.935547 0.908203 0.929688 0.908203 0.917969 0.898438 0.908203
0 0.587891 0.912109 0.591797 0.916016 0.593750 0.916016 0.597656 0.912109 0.595703 0.910156 0.589844 0.910156
0 0.478516 0.914062 0.474609 0.917969 0.474609 0.921875 0.476562 0.923828 0.476562 0.925781 0.478516 0.927734 0.480469 0.927734 0.486328 0.921875 0.486328 0.919922 0.480469 0.914062
1 0.675781 0.927734 0.677734 0.929688 0.683594 0.929688 0.685547 0.927734 0.689453 0.927734 0.691406 0.925781 0.693359 0.925781 0.697266 0.921875 0.699219 0.921875 0.703125 0.925781 0.708984 0.925781 0.710938 0.923828 0.710938 0.919922 0.708984 0.917969 0.707031 0.919922 0.705078 0.919922 0.701172 0.923828 0.695312 0.917969 0.693359 0.917969 0.691406 0.916016 0.685547 0.921875 0.683594 0.921875 0.681641 0.923828 0.679688 0.923828
1 0.490234 0.925781 0.490234 0.929688 0.494141 0.933594 0.498047 0.933594 0.507812 0.939453 0.519531 0.931641 0.521484 0.933594 0.525391 0.929688 0.523438 0.927734 0.521484 0.929688 0.509766 0.921875 0.503906 0.921875 0.500000 0.925781 0.494141 0.925781 0.492188 0.923828
0 0.822266 0.923828 0.820312 0.925781 0.820312 0.931641 0.822266 0.933594 0.824219 0.933594 0.828125 0.929688 0.828125 0.927734 0.824219 0.923828
0 0.748047 0.927734 0.744141 0.931641 0.748047 0.935547 0.751953 0.931641
0 0.722656 0.935547 0.705078 0.939453 0.697266 0.937500 0.695312 0.939453 0.693359 0.937500 0.687500 0.943359 0.707031 0.968750 0.710938 0.968750 0.718750 0.962891 0.712891 0.960938 0.703125 0.951172 0.707031 0.947266 0.716797 0.951172 0.722656 0.949219 0.726562 0.943359
0 0.771484 0.935547 0.769531 0.937500 0.771484 0.939453 0.773438 0.937500
0 0.828125 0.937500 0.826172 0.939453 0.826172 0.941406 0.828125 0.943359 0.830078 0.941406 0.830078 0.939453
0 0.533203 0.943359 0.531250 0.945312 0.533203 0.947266 0.535156 0.945312
1 0.748047 0.943359 0.744141 0.947266 0.744141 0.951172 0.746094 0.953125 0.746094 0.955078 0.753906 0.962891 0.751953 0.964844 0.751953 0.966797 0.759766 0.974609 0.761719 0.972656 0.759766 0.970703 0.759766 0.964844 0.761719 0.962891 0.761719 0.960938 0.753906 0.953125 0.753906 0.949219 0.751953 0.947266 0.751953 0.945312 0.750000 0.943359
0 0.902344 0.945312 0.898438 0.949219 0.898438 0.951172 0.902344 0.955078 0.904297 0.955078 0.908203 0.951172 0.908203 0.949219 0.904297 0.945312
0 0.482422 0.953125 0.480469 0.955078 0.478516 0.955078 0.474609 0.960938 0.474609 0.970703 0.478516 0.974609 0.490234 0.974609 0.496094 0.968750 0.496094 0.958984 0.490234 0.953125
0 0.937500 0.953125 0.933594 0.957031 0.933594 0.958984 0.939453 0.964844 0.941406 0.964844 0.945312 0.960938 0.945312 0.957031 0.941406 0.953125
0 0.539062 0.958984 0.537109 0.960938 0.537109 0.970703 0.541016 0.974609 0.548828 0.974609 0.552734 0.970703 0.552734 0.964844 0.546875 0.958984
0 0.742188 0.960938 0.738281 0.958984 0.728516 0.964844 0.726562 0.970703 0.718750 0.978516 0.718750 0.984375 0.714844 0.988281 0.701172 0.990234 0.695312 0.998047 0.708984 0.998047 0.714844 0.992188 0.722656 0.992188 0.726562 0.998047 0.750000 0.998047 0.751953 0.988281 0.750000 0.980469 0.740234 0.970703
0 0.830078 0.962891 0.826172 0.962891 0.824219 0.964844 0.822266 0.964844 0.820312 0.966797 0.820312 0.968750 0.814453 0.974609 0.814453 0.978516 0.820312 0.984375 0.824219 0.984375 0.828125 0.980469 0.828125 0.976562 0.830078 0.974609 0.830078 0.970703 0.832031 0.968750 0.832031 0.964844
0 0.679688 0.974609 0.679688 0.976562 0.683594 0.980469 0.685547 0.980469 0.687500 0.982422 0.697266 0.982422 0.701172 0.976562 0.701172 0.972656 0.695312 0.968750 0.691406 0.968750 0.689453 0.970703 0.687500 0.968750 0.685547 0.970703 0.683594 0.970703
0 0.779297 0.970703 0.775391 0.974609 0.775391 0.976562 0.773438 0.978516 0.773438 0.980469 0.775391 0.982422 0.781250 0.982422 0.783203 0.980469 0.783203 0.974609
0 0.466797 0.972656 0.464844 0.974609 0.466797 0.976562 0.468750 0.976562 0.470703 0.974609 0.468750 0.972656
0 0.792969 0.982422 0.789062 0.986328 0.789062 0.988281 0.787109 0.990234 0.787109 0.998047 0.794922 0.998047 0.796875 0.996094 0.796875 0.992188 0.798828 0.990234 0.796875 0.988281 0.796875 0.986328
0 0.503906 0.986328 0.501953 0.988281 0.503906 0.990234 0.505859 0.988281
0 0.484375 0.998047 0.494141 0.998047 0.490234 0.994141 0.488281 0.994141
0 0.677734 0.998047 0.687500 0.998047 0.685547 0.996094 0.685547 0.994141 0.683594 0.992188 0.681641 0.992188 0.679688 0.994141 0.679688 0.996094
0 0.769531 0.996094 0.771484 0.998047 0.779297 0.998047 0.777344 0.996094 0.777344 0.994141 0.775391 0.992188 0.773438 0.992188
1 0.650391 0.998047 0.656250 0.998047 0.654297 0.996094 0.652344 0.996094
