1 0.003906 0.052734 0.060547 0.164062 0.000000 0.191406 0.000000 0.472656 0.123047 0.601562 0.068359 0.728516 0.265625 0.669922 0.330078 0.769531 0.281250 0.826172 0.363281 0.855469 0.300781 0.904297 0.267578 0.849609 0.291016 0.910156 0.187500 0.925781 0.142578 0.998047 0.246094 0.964844 0.333984 0.998047 0.271484 0.945312 0.519531 0.833984 0.384766 0.857422 0.335938 0.705078 0.460938 0.761719 0.419922 0.697266 0.406250 0.728516 0.384766 0.619141 0.527344 0.626953 0.347656 0.583984 0.138672 0.646484 0.125000 0.525391 0.201172 0.509766 0.250000 0.400391 0.298828 0.433594 0.386719 0.371094 0.273438 0.394531 0.191406 0.339844 0.220703 0.386719 0.119141 0.472656 0.078125 0.410156 0.125000 0.283203 0.066406 0.335938 0.007812 0.304688 0.126953 0.269531 0.212891 0.177734 0.146484 0.080078
0 0.005859 0.083984 0.001953 0.087891 0.000000 0.087891 0.000000 0.095703 0.003906 0.095703 0.005859 0.093750 0.005859 0.091797 0.007812 0.089844 0.007812 0.085938
0 0.011719 0.126953 0.009766 0.125000 0.007812 0.125000 0.005859 0.123047 0.003906 0.123047 0.001953 0.125000 0.000000 0.125000 0.000000 0.132812 0.003906 0.128906 0.009766 0.128906
0 0.000000 0.152344 0.000000 0.179688 0.001953 0.179688 0.003906 0.181641 0.005859 0.179688 0.007812 0.179688 0.017578 0.169922 0.021484 0.173828 0.021484 0.175781 0.023438 0.177734 0.017578 0.183594 0.019531 0.185547 0.023438 0.181641 0.021484 0.179688 0.025391 0.175781 0.027344 0.177734 0.029297 0.175781 0.029297 0.173828 0.023438 0.169922 0.019531 0.169922 0.015625 0.166016 0.011719 0.169922 0.007812 0.166016 0.007812 0.162109 0.005859 0.160156 0.007812 0.158203 0.007812 0.156250 0.003906 0.152344
0 0.085938 0.208984 0.083984 0.210938 0.085938 0.212891 0.087891 0.210938
0 0.656250 0.263672 0.654297 0.265625 0.656250 0.267578 0.658203 0.267578 0.660156 0.265625 0.658203 0.263672
0 0.351562 0.304688 0.347656 0.308594 0.351562 0.312500 0.355469 0.308594
0 0.162109 0.316406 0.154297 0.322266 0.152344 0.326172 0.152344 0.333984 0.158203 0.341797 0.162109 0.343750 0.169922 0.343750 0.177734 0.339844 0.183594 0.333984 0.183594 0.328125 0.177734 0.318359 0.173828 0.316406
0 0.312500 0.339844 0.310547 0.341797 0.312500 0.343750 0.314453 0.341797
0 0.507812 0.349609 0.505859 0.349609 0.503906 0.351562 0.503906 0.355469 0.505859 0.357422 0.509766 0.353516 0.509766 0.351562
0 0.400391 0.363281 0.394531 0.369141 0.394531 0.373047 0.400391 0.378906 0.408203 0.378906 0.414062 0.373047 0.414062 0.369141 0.408203 0.363281
0 0.468750 0.375000 0.464844 0.375000 0.460938 0.378906 0.464844 0.382812 0.466797 0.382812 0.470703 0.378906 0.470703 0.376953
0 0.490234 0.417969 0.486328 0.417969 0.484375 0.419922 0.482422 0.419922 0.478516 0.423828 0.478516 0.425781 0.484375 0.431641 0.488281 0.431641 0.492188 0.427734 0.492188 0.423828 0.494141 0.421875
0 0.503906 0.433594 0.500000 0.437500 0.500000 0.441406 0.505859 0.447266 0.507812 0.447266 0.509766 0.445312 0.509766 0.443359 0.511719 0.441406 0.511719 0.437500 0.507812 0.433594
0 0.435547 0.437500 0.433594 0.437500 0.431641 0.439453 0.431641 0.441406 0.433594 0.443359 0.437500 0.439453
0 0.341797 0.443359 0.337891 0.443359 0.333984 0.447266 0.333984 0.449219 0.339844 0.455078 0.345703 0.449219 0.345703 0.447266
1 0.552734 0.447266 0.548828 0.449219 0.537109 0.462891 0.529297 0.466797 0.527344 0.470703 0.531250 0.474609 0.539062 0.474609 0.544922 0.470703 0.546875 0.464844 0.552734 0.458984 0.556641 0.451172
0 0.396484 0.462891 0.394531 0.464844 0.396484 0.466797 0.398438 0.464844
0 0.400391 0.476562 0.398438 0.478516 0.400391 0.480469 0.402344 0.478516
0 0.460938 0.476562 0.455078 0.482422 0.455078 0.488281 0.460938 0.494141 0.462891 0.494141 0.466797 0.490234 0.466797 0.480469 0.462891 0.476562
0 0.482422 0.482422 0.478516 0.486328 0.480469 0.488281 0.484375 0.484375
0 0.458984 0.501953 0.457031 0.503906 0.458984 0.505859 0.460938 0.505859 0.462891 0.503906 0.460938 0.501953
0 0.507812 0.505859 0.503906 0.513672 0.509766 0.525391 0.521484 0.533203 0.523438 0.531250 0.527344 0.533203 0.531250 0.531250 0.541016 0.519531 0.541016 0.515625 0.537109 0.511719 0.525391 0.509766 0.513672 0.501953
0 0.876953 0.501953 0.875000 0.503906 0.876953 0.505859 0.878906 0.505859 0.880859 0.503906 0.878906 0.501953
0 0.314453 0.505859 0.312500 0.507812 0.312500 0.509766 0.314453 0.511719 0.316406 0.511719 0.318359 0.509766 0.318359 0.507812 0.316406 0.505859
0 0.439453 0.505859 0.437500 0.507812 0.437500 0.509766 0.439453 0.511719 0.439453 0.513672 0.441406 0.515625 0.443359 0.513672 0.443359 0.507812 0.441406 0.505859
0 0.416016 0.509766 0.414062 0.511719 0.416016 0.513672 0.417969 0.513672 0.419922 0.511719 0.417969 0.509766
0 0.488281 0.525391 0.486328 0.527344 0.488281 0.529297 0.490234 0.529297 0.492188 0.527344 0.490234 0.525391
0 0.464844 0.529297 0.462891 0.529297 0.460938 0.531250 0.460938 0.533203 0.462891 0.535156 0.466797 0.531250
0 0.550781 0.535156 0.550781 0.539062 0.552734 0.541016 0.554688 0.541016 0.560547 0.546875 0.562500 0.544922 0.566406 0.544922 0.570312 0.541016 0.570312 0.539062 0.564453 0.533203 0.552734 0.533203
0 0.281250 0.537109 0.277344 0.541016 0.279297 0.542969 0.281250 0.542969 0.283203 0.541016 0.283203 0.539062
0 0.339844 0.539062 0.333984 0.544922 0.328125 0.546875 0.324219 0.550781 0.330078 0.558594 0.328125 0.560547 0.330078 0.568359 0.337891 0.574219 0.345703 0.574219 0.353516 0.568359 0.357422 0.560547 0.357422 0.554688 0.355469 0.552734 0.355469 0.546875 0.349609 0.541016 0.345703 0.539062
0 0.492188 0.542969 0.490234 0.544922 0.492188 0.546875 0.494141 0.546875 0.496094 0.544922 0.494141 0.542969
0 0.533203 0.544922 0.531250 0.546875 0.531250 0.548828 0.533203 0.550781 0.533203 0.556641 0.535156 0.558594 0.535156 0.560547 0.533203 0.562500 0.533203 0.568359 0.535156 0.570312 0.537109 0.570312 0.544922 0.562500 0.544922 0.560547 0.546875 0.558594 0.546875 0.552734 0.542969 0.548828 0.541016 0.548828 0.539062 0.546875
0 0.472656 0.558594 0.468750 0.554688 0.466797 0.554688 0.462891 0.558594 0.462891 0.560547 0.464844 0.562500 0.468750 0.562500
0 0.628906 0.554688 0.626953 0.556641 0.626953 0.558594 0.628906 0.560547 0.630859 0.558594 0.630859 0.556641
0 0.376953 0.560547 0.373047 0.560547 0.371094 0.562500 0.371094 0.564453 0.375000 0.568359 0.378906 0.564453 0.378906 0.562500
0 0.523438 0.570312 0.519531 0.574219 0.519531 0.576172 0.515625 0.580078 0.509766 0.582031 0.505859 0.587891 0.505859 0.593750 0.509766 0.597656 0.517578 0.601562 0.521484 0.601562 0.525391 0.597656 0.525391 0.589844 0.521484 0.585938 0.521484 0.582031 0.527344 0.576172 0.527344 0.574219
0 0.320312 0.574219 0.316406 0.578125 0.320312 0.582031 0.322266 0.582031 0.324219 0.580078 0.324219 0.578125
0 0.875000 0.583984 0.873047 0.585938 0.873047 0.591797 0.875000 0.593750 0.876953 0.593750 0.878906 0.595703 0.884766 0.589844 0.884766 0.587891 0.880859 0.583984
0 0.539062 0.585938 0.537109 0.587891 0.537109 0.591797 0.539062 0.593750 0.541016 0.593750 0.544922 0.589844 0.541016 0.585938
0 0.626953 0.587891 0.625000 0.589844 0.625000 0.595703 0.628906 0.599609 0.628906 0.601562 0.632812 0.605469 0.636719 0.605469 0.638672 0.607422 0.642578 0.607422 0.644531 0.605469 0.644531 0.601562 0.646484 0.599609 0.644531 0.593750 0.642578 0.591797 0.636719 0.591797 0.630859 0.587891
0 0.607422 0.599609 0.603516 0.603516 0.607422 0.607422 0.609375 0.605469 0.609375 0.601562
0 0.546875 0.605469 0.544922 0.607422 0.542969 0.607422 0.541016 0.609375 0.541016 0.611328 0.548828 0.619141 0.550781 0.619141 0.552734 0.617188 0.552734 0.613281 0.550781 0.611328 0.550781 0.609375
0 0.710938 0.605469 0.707031 0.605469 0.699219 0.613281 0.699219 0.615234 0.701172 0.617188 0.701172 0.619141 0.703125 0.621094 0.710938 0.621094 0.716797 0.615234 0.716797 0.611328
0 0.908203 0.609375 0.902344 0.615234 0.902344 0.621094 0.904297 0.623047 0.910156 0.623047 0.912109 0.625000 0.916016 0.625000 0.919922 0.621094 0.919922 0.617188 0.916016 0.611328 0.914062 0.611328 0.912109 0.609375
0 0.775391 0.615234 0.771484 0.615234 0.769531 0.617188 0.767578 0.617188 0.763672 0.621094 0.763672 0.623047 0.761719 0.625000 0.761719 0.628906 0.767578 0.634766 0.773438 0.634766 0.781250 0.626953 0.779297 0.625000 0.779297 0.619141
1 0.576172 0.619141 0.572266 0.623047 0.572266 0.625000 0.576172 0.628906 0.574219 0.630859 0.574219 0.634766 0.572266 0.636719 0.576172 0.640625 0.578125 0.640625 0.580078 0.638672 0.580078 0.632812 0.576172 0.628906 0.582031 0.623047 0.578125 0.619141
0 0.607422 0.623047 0.605469 0.625000 0.605469 0.626953 0.607422 0.628906 0.611328 0.628906 0.613281 0.626953 0.613281 0.625000 0.611328 0.623047
0 0.675781 0.621094 0.673828 0.623047 0.675781 0.625000 0.677734 0.625000 0.679688 0.623047 0.677734 0.621094
0 0.589844 0.626953 0.587891 0.628906 0.589844 0.630859 0.591797 0.630859 0.593750 0.628906 0.591797 0.626953
0 0.697266 0.625000 0.693359 0.625000 0.691406 0.626953 0.691406 0.628906 0.689453 0.630859 0.689453 0.638672 0.693359 0.642578 0.695312 0.640625 0.697266 0.640625 0.699219 0.638672 0.699219 0.636719 0.701172 0.634766 0.701172 0.628906
0 0.945312 0.628906 0.943359 0.630859 0.945312 0.632812 0.947266 0.632812 0.949219 0.630859 0.947266 0.628906
0 0.154297 0.634766 0.152344 0.636719 0.152344 0.638672 0.154297 0.640625 0.156250 0.640625 0.158203 0.638672 0.158203 0.636719 0.156250 0.634766
0 0.607422 0.646484 0.609375 0.648438 0.613281 0.648438 0.615234 0.646484 0.613281 0.644531 0.609375 0.644531
0 0.660156 0.648438 0.658203 0.648438 0.654297 0.652344 0.656250 0.654297 0.656250 0.658203 0.658203 0.660156 0.662109 0.656250 0.662109 0.650391
0 0.921875 0.648438 0.917969 0.652344 0.917969 0.656250 0.921875 0.660156 0.923828 0.660156 0.927734 0.656250 0.927734 0.652344 0.923828 0.648438
0 0.527344 0.654297 0.527344 0.658203 0.533203 0.664062 0.535156 0.664062 0.537109 0.666016 0.542969 0.666016 0.548828 0.660156 0.548828 0.658203 0.542969 0.652344 0.529297 0.652344
0 0.630859 0.652344 0.626953 0.656250 0.630859 0.660156 0.634766 0.656250
0 0.748047 0.652344 0.742188 0.658203 0.742188 0.660156 0.746094 0.664062 0.750000 0.660156 0.750000 0.654297
1 0.480469 0.662109 0.474609 0.667969 0.476562 0.673828 0.480469 0.677734 0.480469 0.681641 0.476562 0.687500 0.482422 0.691406 0.486328 0.691406 0.488281 0.689453 0.488281 0.683594 0.484375 0.679688 0.484375 0.671875 0.486328 0.669922 0.486328 0.667969 0.484375 0.666016 0.484375 0.664062 0.482422 0.662109
0 0.638672 0.675781 0.632812 0.669922 0.621094 0.667969 0.615234 0.662109 0.611328 0.662109 0.605469 0.667969 0.609375 0.673828 0.609375 0.677734 0.601562 0.685547 0.601562 0.691406 0.603516 0.693359 0.609375 0.693359 0.613281 0.691406 0.621094 0.681641 0.630859 0.685547 0.638672 0.677734
0 0.806641 0.660156 0.802734 0.664062 0.802734 0.667969 0.806641 0.671875 0.810547 0.671875 0.812500 0.669922 0.812500 0.667969 0.814453 0.666016 0.812500 0.664062 0.812500 0.662109 0.810547 0.660156
1 0.554688 0.679688 0.550781 0.679688 0.542969 0.687500 0.550781 0.730469 0.544922 0.753906 0.523438 0.785156 0.521484 0.794922 0.531250 0.804688 0.521484 0.822266 0.523438 0.826172 0.539062 0.824219 0.544922 0.818359 0.544922 0.812500 0.535156 0.804688 0.539062 0.792969 0.539062 0.779297 0.544922 0.773438 0.552734 0.773438 0.548828 0.763672 0.564453 0.746094 0.572266 0.748047 0.576172 0.744141 0.566406 0.736328 0.562500 0.720703 0.564453 0.716797 0.552734 0.699219 0.558594 0.689453 0.558594 0.683594
0 0.796875 0.683594 0.792969 0.683594 0.791016 0.685547 0.789062 0.685547 0.787109 0.687500 0.787109 0.689453 0.785156 0.691406 0.785156 0.695312 0.791016 0.701172 0.792969 0.699219 0.796875 0.699219 0.798828 0.697266 0.798828 0.695312 0.800781 0.693359 0.800781 0.687500
0 0.447266 0.689453 0.445312 0.691406 0.445312 0.693359 0.447266 0.695312 0.449219 0.693359 0.449219 0.691406
1 0.681641 0.687500 0.677734 0.691406 0.677734 0.699219 0.687500 0.708984 0.685547 0.718750 0.695312 0.732422 0.710938 0.740234 0.707031 0.753906 0.712891 0.757812 0.720703 0.751953 0.716797 0.742188 0.732422 0.720703 0.724609 0.707031 0.708984 0.695312 0.697266 0.699219 0.687500 0.687500
0 0.750000 0.691406 0.746094 0.697266 0.746094 0.705078 0.751953 0.710938 0.753906 0.710938 0.755859 0.708984 0.757812 0.708984 0.761719 0.705078 0.761719 0.699219 0.757812 0.693359 0.755859 0.693359 0.753906 0.691406 0.751953 0.693359
0 0.988281 0.697266 0.986328 0.699219 0.986328 0.701172 0.988281 0.703125 0.990234 0.701172 0.990234 0.699219
1 0.476562 0.708984 0.478516 0.730469 0.486328 0.730469 0.492188 0.726562 0.501953 0.742188 0.507812 0.740234 0.525391 0.751953 0.533203 0.748047 0.525391 0.730469 0.521484 0.728516 0.513672 0.730469 0.503906 0.718750 0.490234 0.718750 0.486328 0.714844 0.488281 0.708984 0.484375 0.703125
0 0.810547 0.703125 0.806641 0.707031 0.808594 0.708984 0.810547 0.708984 0.812500 0.707031 0.812500 0.705078
0 0.632812 0.708984 0.628906 0.712891 0.628906 0.722656 0.632812 0.726562 0.636719 0.722656 0.638672 0.722656 0.640625 0.720703 0.640625 0.718750 0.642578 0.716797 0.640625 0.714844 0.638672 0.714844
0 0.601562 0.716797 0.597656 0.712891 0.591797 0.712891 0.589844 0.714844 0.585938 0.714844 0.582031 0.718750 0.578125 0.718750 0.576172 0.720703 0.578125 0.722656 0.582031 0.722656 0.587891 0.728516 0.589844 0.726562 0.591797 0.728516 0.595703 0.724609 0.597656 0.724609 0.599609 0.722656
0 0.156250 0.714844 0.154297 0.716797 0.154297 0.718750 0.156250 0.720703 0.158203 0.720703 0.160156 0.718750
0 0.972656 0.732422 0.968750 0.732422 0.966797 0.734375 0.966797 0.736328 0.970703 0.740234 0.974609 0.736328 0.974609 0.734375
0 0.998047 0.744141 0.994141 0.748047 0.986328 0.748047 0.982422 0.751953 0.982422 0.753906 0.988281 0.759766 0.990234 0.759766 0.994141 0.755859 0.994141 0.753906 0.998047 0.750000
0 0.962891 0.755859 0.960938 0.757812 0.962891 0.759766 0.964844 0.757812
0 0.523438 0.759766 0.519531 0.763672 0.519531 0.767578 0.521484 0.769531 0.523438 0.769531 0.527344 0.765625 0.527344 0.763672
1 0.466797 0.771484 0.458984 0.779297 0.462891 0.787109 0.458984 0.791016 0.455078 0.792969 0.453125 0.791016 0.451172 0.792969 0.449219 0.800781 0.453125 0.804688 0.458984 0.804688 0.462891 0.800781 0.470703 0.796875 0.468750 0.794922 0.466797 0.787109 0.472656 0.781250 0.472656 0.779297
0 0.273438 0.775391 0.271484 0.777344 0.273438 0.779297 0.275391 0.777344
0 0.619141 0.775391 0.617188 0.777344 0.619141 0.779297 0.621094 0.777344
0 0.726562 0.775391 0.722656 0.779297 0.722656 0.783203 0.724609 0.785156 0.726562 0.785156 0.730469 0.781250 0.730469 0.779297
1 0.869141 0.777344 0.863281 0.777344 0.861328 0.779297 0.861328 0.785156 0.859375 0.787109 0.859375 0.789062 0.855469 0.794922 0.861328 0.800781 0.863281 0.800781 0.867188 0.796875 0.867188 0.789062 0.873047 0.783203 0.873047 0.781250
0 0.417969 0.783203 0.414062 0.783203 0.410156 0.787109 0.410156 0.789062 0.412109 0.791016 0.412109 0.792969 0.414062 0.794922 0.416016 0.794922 0.419922 0.791016 0.419922 0.789062 0.421875 0.787109
0 0.640625 0.781250 0.634766 0.787109 0.634766 0.789062 0.632812 0.791016 0.636719 0.794922 0.642578 0.794922 0.648438 0.789062 0.648438 0.787109 0.644531 0.783203 0.642578 0.783203
0 0.667969 0.781250 0.666016 0.783203 0.666016 0.787109 0.669922 0.791016 0.671875 0.791016 0.675781 0.787109 0.675781 0.785156 0.671875 0.781250
0 0.566406 0.791016 0.562500 0.794922 0.562500 0.800781 0.564453 0.802734 0.564453 0.806641 0.562500 0.808594 0.564453 0.810547 0.562500 0.812500 0.570312 0.820312 0.578125 0.820312 0.582031 0.816406 0.582031 0.810547 0.580078 0.808594 0.576172 0.798828 0.570312 0.792969 0.568359 0.792969
0 0.671875 0.812500 0.677734 0.818359 0.681641 0.818359 0.685547 0.814453 0.685547 0.812500 0.683594 0.810547 0.681641 0.810547 0.679688 0.808594 0.677734 0.808594 0.675781 0.810547 0.673828 0.810547
0 0.964844 0.808594 0.960938 0.808594 0.955078 0.814453 0.955078 0.816406 0.960938 0.822266 0.962891 0.822266 0.968750 0.816406 0.968750 0.812500
0 0.927734 0.822266 0.921875 0.826172 0.921875 0.828125 0.919922 0.830078 0.919922 0.837891 0.925781 0.847656 0.927734 0.847656 0.929688 0.849609 0.935547 0.849609 0.941406 0.843750 0.941406 0.832031 0.939453 0.830078 0.939453 0.828125 0.933594 0.822266
0 0.316406 0.832031 0.314453 0.833984 0.314453 0.835938 0.312500 0.837891 0.312500 0.841797 0.316406 0.845703 0.320312 0.845703 0.326172 0.839844 0.326172 0.835938 0.322266 0.832031
0 0.960938 0.841797 0.958984 0.843750 0.958984 0.847656 0.960938 0.849609 0.960938 0.851562 0.962891 0.853516 0.964844 0.853516 0.966797 0.855469 0.970703 0.855469 0.974609 0.851562 0.974609 0.847656 0.972656 0.845703 0.972656 0.843750 0.970703 0.841797 0.968750 0.841797 0.966797 0.839844 0.964844 0.839844 0.962891 0.841797
0 0.792969 0.843750 0.791016 0.845703 0.794922 0.849609 0.796875 0.847656 0.796875 0.845703 0.794922 0.843750
1 0.998047 0.845703 0.996094 0.847656 0.996094 0.849609 0.998047 0.851562
0 0.304688 0.865234 0.300781 0.869141 0.300781 0.873047 0.302734 0.875000 0.302734 0.876953 0.304688 0.878906 0.306641 0.878906 0.308594 0.880859 0.310547 0.880859 0.312500 0.878906 0.312500 0.876953 0.314453 0.875000 0.314453 0.873047 0.312500 0.871094 0.312500 0.869141 0.310547 0.867188 0.308594 0.867188 0.306641 0.865234
0 0.326172 0.865234 0.322266 0.869141 0.322266 0.871094 0.320312 0.873047 0.326172 0.878906 0.328125 0.878906 0.333984 0.873047 0.333984 0.871094 0.328125 0.865234
0 0.521484 0.876953 0.519531 0.878906 0.521484 0.880859 0.523438 0.880859 0.525391 0.878906 0.523438 0.876953
0 0.937500 0.875000 0.933594 0.878906 0.933594 0.882812 0.935547 0.884766 0.941406 0.878906
0 0.486328 0.896484 0.484375 0.896484 0.478516 0.902344 0.478516 0.904297 0.482422 0.908203 0.488281 0.902344 0.488281 0.898438
0 0.982422 0.908203 0.980469 0.910156 0.976562 0.910156 0.970703 0.917969 0.970703 0.925781 0.972656 0.927734 0.972656 0.929688 0.978516 0.933594 0.986328 0.933594 0.992188 0.927734 0.992188 0.925781 0.994141 0.923828 0.992188 0.921875 0.994141 0.919922 0.992188 0.917969 0.992188 0.914062
1 0.791016 0.933594 0.794922 0.937500 0.808594 0.935547 0.820312 0.921875 0.826172 0.927734 0.845703 0.929688 0.851562 0.923828 0.851562 0.919922 0.845703 0.914062 0.833984 0.916016 0.830078 0.912109 0.824219 0.912109 0.816406 0.917969 0.810547 0.912109 0.800781 0.910156 0.792969 0.917969
0 0.958984 0.912109 0.957031 0.914062 0.957031 0.916016 0.958984 0.917969 0.960938 0.916016 0.960938 0.914062
0 0.880859 0.927734 0.882812 0.935547 0.890625 0.941406 0.902344 0.941406 0.908203 0.937500 0.916016 0.935547 0.921875 0.929688 0.917969 0.923828 0.910156 0.921875 0.902344 0.916016 0.890625 0.916016
0 0.941406 0.917969 0.937500 0.921875 0.937500 0.923828 0.939453 0.925781 0.939453 0.927734 0.941406 0.929688 0.947266 0.929688 0.949219 0.927734 0.947266 0.925781 0.947266 0.923828
0 0.617188 0.933594 0.613281 0.933594 0.609375 0.937500 0.609375 0.939453 0.613281 0.943359 0.615234 0.943359 0.619141 0.939453 0.619141 0.935547
0 0.855469 0.937500 0.851562 0.941406 0.851562 0.943359 0.855469 0.947266 0.859375 0.947266 0.863281 0.943359 0.863281 0.941406 0.859375 0.937500
0 0.316406 0.941406 0.314453 0.943359 0.314453 0.945312 0.316406 0.947266 0.318359 0.947266 0.320312 0.945312 0.320312 0.943359 0.318359 0.941406
0 0.710938 0.945312 0.705078 0.949219 0.701172 0.958984 0.701172 0.982422 0.697266 0.998047 0.726562 0.998047 0.730469 0.988281 0.728516 0.978516 0.730469 0.955078 0.722656 0.945312
0 0.970703 0.949219 0.968750 0.951172 0.970703 0.953125 0.972656 0.953125 0.974609 0.951172 0.972656 0.949219
0 0.931641 0.960938 0.929688 0.962891 0.929688 0.966797 0.931641 0.968750 0.933594 0.968750 0.935547 0.966797 0.935547 0.962891 0.933594 0.960938
0 0.531250 0.974609 0.525391 0.980469 0.525391 0.984375 0.527344 0.986328 0.529297 0.986328 0.531250 0.988281 0.535156 0.984375 0.535156 0.978516
0 0.845703 0.972656 0.841797 0.972656 0.837891 0.976562 0.837891 0.978516 0.841797 0.982422 0.843750 0.982422 0.847656 0.978516 0.847656 0.974609
0 0.966797 0.992188 0.960938 0.986328 0.955078 0.992188 0.953125 0.992188 0.947266 0.998047 0.964844 0.998047 0.966797 0.996094
