0 0.111328 0.001953 0.105469 0.007812 0.105469 0.009766 0.109375 0.013672 0.111328 0.013672 0.115234 0.009766 0.115234 0.005859
0 0.060547 0.017578 0.058594 0.019531 0.058594 0.021484 0.062500 0.025391 0.064453 0.025391 0.066406 0.023438 0.066406 0.019531 0.064453 0.017578
1 0.000000 0.101562 0.000000 0.148438 0.064453 0.138672 0.000000 0.205078 0.003906 0.580078 0.046875 0.548828 0.091797 0.660156 0.187500 0.652344 0.191406 0.798828 0.312500 0.814453 0.324219 0.925781 0.410156 0.939453 0.414062 0.998047 0.564453 0.960938 0.720703 0.998047 0.697266 0.953125 0.626953 0.947266 0.611328 0.878906 0.560547 0.888672 0.583984 0.947266 0.496094 0.781250 0.544922 0.763672 0.466797 0.726562 0.382812 0.818359 0.441406 0.771484 0.505859 0.820312 0.515625 0.900391 0.363281 0.892578 0.345703 0.802734 0.417969 0.748047 0.435547 0.585938 0.353516 0.500000 0.291016 0.515625 0.314453 0.474609 0.271484 0.498047 0.265625 0.429688 0.222656 0.513672 0.164062 0.416016 0.218750 0.429688 0.291016 0.363281 0.136719 0.406250 0.039062 0.359375 0.113281 0.189453
0 0.355469 0.142578 0.351562 0.142578 0.347656 0.146484 0.351562 0.150391 0.353516 0.150391 0.357422 0.146484 0.357422 0.144531
0 0.017578 0.144531 0.013672 0.148438 0.013672 0.150391 0.015625 0.152344 0.019531 0.152344 0.021484 0.150391 0.021484 0.148438
0 0.429688 0.144531 0.427734 0.144531 0.421875 0.150391 0.425781 0.154297 0.429688 0.154297 0.431641 0.152344 0.431641 0.146484
0 0.333984 0.148438 0.328125 0.154297 0.328125 0.158203 0.332031 0.162109 0.337891 0.162109 0.341797 0.158203 0.341797 0.154297 0.339844 0.152344 0.339844 0.150391 0.337891 0.148438
0 0.398438 0.154297 0.394531 0.158203 0.394531 0.162109 0.398438 0.166016 0.402344 0.166016 0.408203 0.160156 0.406250 0.158203 0.406250 0.156250 0.404297 0.154297
1 0.408203 0.171875 0.404297 0.175781 0.404297 0.179688 0.414062 0.187500 0.410156 0.195312 0.410156 0.207031 0.417969 0.214844 0.417969 0.222656 0.423828 0.230469 0.423828 0.234375 0.427734 0.238281 0.431641 0.238281 0.435547 0.234375 0.435547 0.232422 0.429688 0.224609 0.431641 0.218750 0.427734 0.212891 0.427734 0.207031 0.431641 0.203125 0.437500 0.203125 0.441406 0.205078 0.445312 0.201172 0.445312 0.199219 0.441406 0.195312 0.433594 0.197266 0.423828 0.187500 0.419922 0.187500 0.416016 0.183594 0.416016 0.175781
0 0.335938 0.175781 0.332031 0.179688 0.332031 0.185547 0.335938 0.189453 0.337891 0.189453 0.341797 0.185547 0.341797 0.179688 0.337891 0.175781
0 0.302734 0.189453 0.298828 0.193359 0.298828 0.197266 0.300781 0.199219 0.302734 0.199219 0.304688 0.201172 0.310547 0.201172 0.314453 0.197266 0.312500 0.195312 0.312500 0.193359 0.310547 0.191406 0.308594 0.191406 0.306641 0.189453
0 0.220703 0.193359 0.212891 0.197266 0.207031 0.205078 0.207031 0.218750 0.212891 0.224609 0.222656 0.224609 0.230469 0.216797 0.230469 0.205078 0.228516 0.201172
0 0.275391 0.191406 0.271484 0.191406 0.263672 0.199219 0.263672 0.205078 0.261719 0.207031 0.263672 0.208984 0.263672 0.216797 0.269531 0.222656 0.273438 0.222656 0.275391 0.220703 0.277344 0.220703 0.283203 0.210938 0.283203 0.197266
0 0.392578 0.208984 0.388672 0.212891 0.392578 0.216797 0.396484 0.212891
0 0.523438 0.228516 0.519531 0.232422 0.523438 0.236328 0.525391 0.236328 0.529297 0.232422 0.525391 0.228516
0 0.406250 0.230469 0.404297 0.232422 0.404297 0.236328 0.406250 0.238281 0.408203 0.238281 0.410156 0.236328 0.410156 0.232422 0.408203 0.230469
0 0.380859 0.250000 0.376953 0.253906 0.376953 0.255859 0.378906 0.257812 0.378906 0.259766 0.380859 0.261719 0.382812 0.261719 0.384766 0.263672 0.386719 0.263672 0.390625 0.259766 0.390625 0.257812 0.388672 0.255859 0.388672 0.253906 0.384766 0.250000
0 0.443359 0.255859 0.439453 0.259766 0.439453 0.261719 0.443359 0.265625 0.443359 0.267578 0.449219 0.273438 0.451172 0.271484 0.451172 0.265625 0.449219 0.263672 0.449219 0.259766 0.445312 0.255859
0 0.476562 0.269531 0.472656 0.273438 0.472656 0.275391 0.474609 0.277344 0.476562 0.277344 0.480469 0.273438
0 0.369141 0.281250 0.367188 0.283203 0.367188 0.285156 0.369141 0.287109 0.371094 0.287109 0.373047 0.285156
0 0.304688 0.304688 0.300781 0.308594 0.300781 0.312500 0.304688 0.316406 0.306641 0.316406 0.312500 0.310547 0.306641 0.304688
0 0.275391 0.310547 0.273438 0.312500 0.273438 0.316406 0.275391 0.318359 0.279297 0.318359 0.281250 0.316406 0.281250 0.312500 0.279297 0.310547
0 0.166016 0.312500 0.164062 0.314453 0.164062 0.320312 0.166016 0.322266 0.169922 0.322266 0.173828 0.318359 0.173828 0.314453 0.171875 0.312500
0 0.617188 0.314453 0.615234 0.316406 0.615234 0.318359 0.617188 0.320312 0.619141 0.320312 0.621094 0.318359
0 0.320312 0.324219 0.316406 0.328125 0.318359 0.330078 0.318359 0.332031 0.326172 0.339844 0.328125 0.339844 0.330078 0.341797 0.335938 0.335938 0.335938 0.332031 0.333984 0.330078 0.333984 0.328125 0.328125 0.324219
0 0.386719 0.367188 0.382812 0.371094 0.382812 0.373047 0.386719 0.376953 0.388672 0.376953 0.392578 0.373047
0 0.753906 0.412109 0.750000 0.416016 0.753906 0.419922 0.755859 0.419922 0.757812 0.417969 0.757812 0.414062 0.755859 0.412109
0 0.513672 0.427734 0.509766 0.427734 0.505859 0.431641 0.505859 0.435547 0.507812 0.437500 0.511719 0.437500 0.515625 0.433594 0.515625 0.429688
0 0.326172 0.443359 0.322266 0.447266 0.326172 0.451172 0.330078 0.451172 0.332031 0.449219 0.332031 0.447266 0.330078 0.445312 0.328125 0.445312
0 0.283203 0.445312 0.281250 0.447266 0.281250 0.449219 0.285156 0.453125 0.289062 0.453125 0.291016 0.451172 0.291016 0.447266 0.289062 0.445312
0 0.376953 0.455078 0.371094 0.460938 0.371094 0.464844 0.375000 0.468750 0.382812 0.468750 0.384766 0.466797 0.384766 0.464844 0.386719 0.462891 0.386719 0.460938 0.380859 0.455078
1 0.695312 0.462891 0.691406 0.466797 0.691406 0.472656 0.697266 0.480469 0.697266 0.492188 0.695312 0.494141 0.701172 0.501953 0.707031 0.501953 0.712891 0.498047 0.714844 0.490234 0.710938 0.482422 0.705078 0.476562 0.705078 0.464844 0.703125 0.462891
0 0.496094 0.464844 0.494141 0.466797 0.494141 0.468750 0.498047 0.472656 0.501953 0.468750 0.498047 0.464844
0 0.345703 0.468750 0.341797 0.472656 0.341797 0.474609 0.347656 0.480469 0.349609 0.480469 0.353516 0.476562 0.353516 0.472656 0.349609 0.468750
0 0.556641 0.478516 0.554688 0.480469 0.554688 0.488281 0.560547 0.494141 0.564453 0.494141 0.570312 0.488281 0.570312 0.482422 0.566406 0.478516
0 0.748047 0.478516 0.744141 0.482422 0.742188 0.482422 0.740234 0.484375 0.740234 0.492188 0.746094 0.498047 0.753906 0.498047 0.757812 0.494141 0.759766 0.488281 0.757812 0.486328 0.757812 0.484375 0.753906 0.480469 0.750000 0.480469
0 0.398438 0.482422 0.394531 0.486328 0.394531 0.488281 0.392578 0.490234 0.392578 0.494141 0.394531 0.496094 0.402344 0.488281 0.402344 0.486328
0 0.628906 0.490234 0.625000 0.496094 0.625000 0.500000 0.626953 0.501953 0.626953 0.503906 0.630859 0.507812 0.638672 0.507812 0.640625 0.505859 0.640625 0.498047 0.638672 0.496094 0.638672 0.494141 0.632812 0.490234
1 0.478516 0.501953 0.478516 0.515625 0.486328 0.525391 0.498047 0.527344 0.509766 0.519531 0.515625 0.527344 0.511719 0.541016 0.515625 0.544922 0.525391 0.544922 0.531250 0.541016 0.533203 0.533203 0.527344 0.527344 0.527344 0.509766 0.519531 0.509766 0.513672 0.515625 0.494141 0.496094 0.486328 0.496094
0 0.853516 0.500000 0.847656 0.505859 0.847656 0.511719 0.851562 0.515625 0.857422 0.515625 0.861328 0.511719 0.861328 0.507812 0.859375 0.505859 0.859375 0.503906 0.857422 0.501953 0.855469 0.501953
0 0.101562 0.505859 0.099609 0.505859 0.097656 0.507812 0.099609 0.509766 0.097656 0.511719 0.099609 0.513672 0.103516 0.509766 0.103516 0.507812
0 0.460938 0.503906 0.458984 0.505859 0.462891 0.509766 0.464844 0.507812 0.464844 0.505859 0.462891 0.503906
0 0.962891 0.503906 0.958984 0.507812 0.962891 0.511719 0.964844 0.511719 0.968750 0.507812 0.964844 0.503906
0 0.078125 0.513672 0.076172 0.513672 0.074219 0.515625 0.072266 0.515625 0.070312 0.517578 0.074219 0.521484 0.076172 0.521484 0.078125 0.519531 0.078125 0.517578 0.080078 0.515625
0 0.414062 0.515625 0.408203 0.521484 0.408203 0.523438 0.406250 0.525391 0.406250 0.529297 0.408203 0.531250 0.410156 0.537109 0.414062 0.541016 0.421875 0.541016 0.425781 0.537109 0.425781 0.535156 0.427734 0.533203 0.427734 0.525391 0.425781 0.523438 0.425781 0.521484 0.419922 0.515625
0 0.472656 0.523438 0.462891 0.525391 0.455078 0.519531 0.451172 0.519531 0.435547 0.533203 0.433594 0.539062 0.435547 0.542969 0.433594 0.544922 0.437500 0.550781 0.443359 0.554688 0.449219 0.554688 0.451172 0.556641 0.457031 0.554688 0.462891 0.548828 0.464844 0.542969 0.476562 0.533203 0.476562 0.527344
0 0.542969 0.523438 0.541016 0.525391 0.541016 0.529297 0.542969 0.531250 0.544922 0.531250 0.546875 0.529297 0.546875 0.525391 0.544922 0.523438
0 0.767578 0.533203 0.765625 0.535156 0.767578 0.537109 0.769531 0.535156
0 0.166016 0.541016 0.162109 0.544922 0.164062 0.546875 0.166016 0.546875 0.167969 0.548828 0.169922 0.548828 0.171875 0.546875 0.171875 0.544922 0.167969 0.541016
0 0.568359 0.546875 0.564453 0.546875 0.560547 0.550781 0.560547 0.554688 0.562500 0.556641 0.564453 0.556641 0.566406 0.558594 0.572266 0.552734 0.572266 0.550781
0 0.873047 0.546875 0.869141 0.550781 0.869141 0.556641 0.873047 0.560547 0.876953 0.560547 0.878906 0.558594 0.878906 0.552734
0 0.900391 0.552734 0.896484 0.556641 0.900391 0.560547 0.904297 0.560547 0.908203 0.556641 0.904297 0.552734
0 0.693359 0.566406 0.691406 0.568359 0.691406 0.570312 0.693359 0.572266 0.695312 0.570312 0.695312 0.568359
0 0.591797 0.574219 0.587891 0.578125 0.591797 0.582031 0.595703 0.578125
0 0.505859 0.587891 0.501953 0.591797 0.501953 0.593750 0.507812 0.599609 0.511719 0.595703 0.511719 0.591797 0.507812 0.587891
0 0.605469 0.585938 0.603516 0.587891 0.605469 0.589844 0.607422 0.587891
0 0.535156 0.591797 0.535156 0.593750 0.539062 0.597656 0.544922 0.597656 0.546875 0.599609 0.548828 0.599609 0.552734 0.603516 0.556641 0.603516 0.560547 0.599609 0.560547 0.595703 0.554688 0.589844 0.537109 0.589844
0 0.800781 0.595703 0.798828 0.597656 0.798828 0.599609 0.800781 0.601562 0.802734 0.601562 0.804688 0.599609 0.804688 0.597656 0.802734 0.595703
0 0.890625 0.595703 0.886719 0.599609 0.886719 0.603516 0.888672 0.605469 0.888672 0.607422 0.890625 0.609375 0.892578 0.609375 0.896484 0.605469 0.896484 0.601562
0 0.906250 0.621094 0.904297 0.623047 0.904297 0.625000 0.908203 0.628906 0.910156 0.626953 0.910156 0.625000
0 0.644531 0.625000 0.642578 0.626953 0.640625 0.626953 0.636719 0.630859 0.636719 0.640625 0.640625 0.644531 0.642578 0.642578 0.644531 0.642578 0.650391 0.636719 0.650391 0.630859
0 0.265625 0.632812 0.263672 0.634766 0.255859 0.636719 0.251953 0.640625 0.253906 0.644531 0.248047 0.652344 0.265625 0.666016 0.269531 0.662109 0.271484 0.662109 0.277344 0.654297 0.267578 0.644531 0.273438 0.638672
0 0.535156 0.632812 0.531250 0.632812 0.527344 0.636719 0.527344 0.638672 0.531250 0.642578 0.533203 0.642578 0.539062 0.636719
0 0.890625 0.634766 0.884766 0.640625 0.884766 0.642578 0.890625 0.648438 0.896484 0.648438 0.898438 0.646484 0.898438 0.644531 0.900391 0.642578 0.900391 0.640625 0.894531 0.634766
0 0.810547 0.636719 0.802734 0.644531 0.802734 0.660156 0.808594 0.667969 0.818359 0.667969 0.826172 0.660156 0.826172 0.656250 0.828125 0.654297 0.826172 0.652344 0.828125 0.650391 0.828125 0.646484 0.822266 0.638672 0.818359 0.636719
0 0.761719 0.656250 0.757812 0.660156 0.757812 0.664062 0.765625 0.671875 0.767578 0.671875 0.771484 0.667969 0.771484 0.664062 0.765625 0.658203 0.763672 0.658203
0 0.900391 0.664062 0.900391 0.669922 0.904297 0.673828 0.904297 0.677734 0.906250 0.679688 0.908203 0.679688 0.910156 0.681641 0.917969 0.681641 0.923828 0.675781 0.923828 0.671875 0.925781 0.669922 0.921875 0.666016 0.914062 0.666016 0.912109 0.664062 0.908203 0.664062 0.906250 0.662109 0.902344 0.662109
0 0.867188 0.664062 0.859375 0.675781 0.861328 0.681641 0.863281 0.683594 0.865234 0.683594 0.867188 0.685547 0.871094 0.685547 0.873047 0.687500 0.875000 0.685547 0.878906 0.685547 0.884766 0.679688 0.880859 0.673828 0.880859 0.669922 0.875000 0.664062
0 0.449219 0.689453 0.447266 0.689453 0.443359 0.693359 0.447266 0.697266 0.451172 0.693359 0.451172 0.691406
0 0.884766 0.695312 0.880859 0.699219 0.880859 0.703125 0.884766 0.707031 0.890625 0.707031 0.894531 0.703125 0.894531 0.701172 0.888672 0.695312
0 0.568359 0.701172 0.566406 0.703125 0.568359 0.705078 0.570312 0.703125
0 0.867188 0.699219 0.861328 0.699219 0.853516 0.707031 0.833984 0.710938 0.826172 0.703125 0.820312 0.703125 0.814453 0.707031 0.812500 0.718750 0.818359 0.724609 0.826172 0.724609 0.830078 0.728516 0.832031 0.738281 0.839844 0.750000 0.857422 0.751953 0.871094 0.732422 0.871094 0.722656 0.867188 0.714844 0.871094 0.703125
0 0.988281 0.705078 0.982422 0.708984 0.982422 0.710938 0.980469 0.712891 0.980469 0.718750 0.982422 0.720703 0.982422 0.722656 0.988281 0.728516 0.990234 0.728516 0.998047 0.720703 0.998047 0.708984 0.996094 0.708984 0.994141 0.707031
0 0.546875 0.707031 0.544922 0.708984 0.544922 0.710938 0.546875 0.712891 0.550781 0.712891 0.552734 0.710938 0.550781 0.708984 0.548828 0.708984
0 0.736328 0.716797 0.734375 0.718750 0.734375 0.724609 0.738281 0.728516 0.740234 0.728516 0.744141 0.724609 0.744141 0.720703 0.740234 0.716797
0 0.763672 0.716797 0.761719 0.718750 0.759766 0.718750 0.757812 0.720703 0.757812 0.722656 0.763672 0.728516 0.765625 0.728516 0.769531 0.724609 0.769531 0.722656
1 0.625000 0.734375 0.628906 0.740234 0.636719 0.740234 0.642578 0.746094 0.640625 0.748047 0.644531 0.755859 0.650391 0.761719 0.658203 0.765625 0.664062 0.763672 0.667969 0.759766 0.667969 0.753906 0.654297 0.742188 0.654297 0.736328 0.650391 0.732422 0.642578 0.732422 0.636719 0.728516 0.632812 0.728516
0 0.736328 0.736328 0.734375 0.736328 0.720703 0.750000 0.720703 0.755859 0.718750 0.757812 0.724609 0.765625 0.732422 0.769531 0.736328 0.765625 0.740234 0.765625 0.748047 0.759766 0.748047 0.748047 0.746094 0.744141
0 0.812500 0.736328 0.808594 0.740234 0.808594 0.742188 0.812500 0.746094 0.814453 0.746094 0.818359 0.742188 0.818359 0.740234 0.814453 0.736328
0 0.759766 0.751953 0.757812 0.753906 0.759766 0.755859 0.761719 0.755859 0.763672 0.753906 0.761719 0.751953
0 0.787109 0.767578 0.783203 0.771484 0.785156 0.773438 0.787109 0.773438 0.789062 0.771484 0.789062 0.769531
0 0.623047 0.769531 0.621094 0.771484 0.619141 0.771484 0.615234 0.775391 0.615234 0.779297 0.617188 0.781250 0.619141 0.781250 0.621094 0.783203 0.626953 0.783203 0.628906 0.781250 0.628906 0.775391
0 0.679688 0.769531 0.677734 0.771484 0.677734 0.773438 0.679688 0.775391 0.681641 0.773438 0.681641 0.771484
1 0.736328 0.775391 0.732422 0.777344 0.726562 0.785156 0.726562 0.802734 0.730469 0.808594 0.740234 0.810547 0.748047 0.820312 0.751953 0.820312 0.755859 0.816406 0.746094 0.806641 0.748047 0.785156 0.742188 0.777344
1 0.580078 0.785156 0.574219 0.785156 0.568359 0.791016 0.568359 0.796875 0.558594 0.804688 0.548828 0.816406 0.548828 0.824219 0.552734 0.828125 0.556641 0.828125 0.568359 0.816406 0.576172 0.814453 0.582031 0.808594 0.583984 0.789062
0 0.607422 0.785156 0.605469 0.787109 0.609375 0.791016 0.611328 0.789062 0.611328 0.787109 0.609375 0.785156
0 0.683594 0.787109 0.677734 0.792969 0.677734 0.796875 0.683594 0.802734 0.687500 0.802734 0.693359 0.796875 0.693359 0.791016 0.689453 0.787109
0 0.662109 0.789062 0.658203 0.792969 0.658203 0.798828 0.662109 0.802734 0.666016 0.802734 0.669922 0.798828 0.669922 0.792969 0.666016 0.789062
1 0.625000 0.794922 0.621094 0.796875 0.611328 0.806641 0.611328 0.808594 0.601562 0.816406 0.601562 0.822266 0.607422 0.833984 0.609375 0.833984 0.613281 0.830078 0.611328 0.828125 0.611328 0.816406 0.628906 0.802734 0.628906 0.798828
0 0.822266 0.806641 0.820312 0.808594 0.818359 0.808594 0.814453 0.812500 0.814453 0.818359 0.818359 0.822266 0.822266 0.822266 0.824219 0.820312 0.826172 0.820312 0.828125 0.818359 0.828125 0.812500
0 0.703125 0.816406 0.701172 0.816406 0.699219 0.814453 0.691406 0.814453 0.683594 0.822266 0.683594 0.824219 0.681641 0.826172 0.681641 0.833984 0.685547 0.837891 0.691406 0.837891 0.701172 0.828125 0.701172 0.826172 0.705078 0.820312 0.705078 0.818359
0 0.785156 0.818359 0.783203 0.820312 0.783203 0.822266 0.785156 0.824219 0.787109 0.824219 0.789062 0.822266 0.789062 0.820312 0.787109 0.818359
0 0.656250 0.833984 0.654297 0.835938 0.654297 0.841797 0.656250 0.843750 0.658203 0.843750 0.660156 0.845703 0.666016 0.845703 0.667969 0.843750 0.667969 0.841797 0.669922 0.839844 0.664062 0.833984
0 0.759766 0.839844 0.755859 0.839844 0.750000 0.845703 0.750000 0.849609 0.757812 0.857422 0.759766 0.855469 0.761719 0.855469 0.765625 0.851562 0.765625 0.849609 0.767578 0.847656 0.765625 0.845703 0.765625 0.843750
0 0.474609 0.847656 0.472656 0.847656 0.470703 0.849609 0.468750 0.849609 0.466797 0.851562 0.466797 0.855469 0.464844 0.857422 0.464844 0.861328 0.470703 0.867188 0.474609 0.867188 0.482422 0.859375 0.482422 0.855469 0.480469 0.853516 0.480469 0.851562
0 0.582031 0.853516 0.574219 0.853516 0.570312 0.857422 0.570312 0.859375 0.568359 0.861328 0.568359 0.863281 0.572266 0.869141 0.576172 0.869141 0.578125 0.871094 0.580078 0.869141 0.582031 0.869141 0.587891 0.863281 0.587891 0.859375
0 0.781250 0.853516 0.779297 0.855469 0.777344 0.855469 0.773438 0.859375 0.773438 0.863281 0.775391 0.865234 0.777344 0.865234 0.779297 0.867188 0.781250 0.867188 0.785156 0.863281 0.785156 0.857422
0 0.228516 0.867188 0.226562 0.869141 0.226562 0.871094 0.228516 0.873047 0.230469 0.871094 0.230469 0.869141
0 0.669922 0.875000 0.667969 0.876953 0.667969 0.882812 0.671875 0.886719 0.673828 0.886719 0.677734 0.882812 0.673828 0.878906 0.673828 0.876953 0.671875 0.875000
1 0.699219 0.884766 0.691406 0.894531 0.691406 0.902344 0.705078 0.914062 0.705078 0.927734 0.714844 0.931641 0.722656 0.925781 0.726562 0.929688 0.724609 0.943359 0.734375 0.955078 0.748047 0.951172 0.751953 0.935547 0.742188 0.916016 0.726562 0.916016 0.718750 0.906250 0.722656 0.892578 0.712891 0.884766
0 0.947266 0.888672 0.941406 0.888672 0.937500 0.892578 0.937500 0.898438 0.939453 0.900391 0.941406 0.900391 0.943359 0.902344 0.945312 0.900391 0.947266 0.900391 0.949219 0.898438 0.949219 0.894531 0.951172 0.892578
0 0.673828 0.894531 0.667969 0.898438 0.667969 0.900391 0.666016 0.902344 0.666016 0.906250 0.667969 0.908203 0.667969 0.910156 0.673828 0.916016 0.679688 0.916016 0.683594 0.912109 0.683594 0.908203 0.685547 0.906250 0.685547 0.904297 0.683594 0.902344 0.683594 0.900391 0.677734 0.894531
0 0.636719 0.921875 0.632812 0.925781 0.632812 0.929688 0.634766 0.931641 0.636719 0.929688 0.636719 0.927734 0.638672 0.925781 0.638672 0.923828
1 0.380859 0.951172 0.376953 0.955078 0.376953 0.962891 0.380859 0.966797 0.386719 0.968750 0.392578 0.974609 0.392578 0.978516 0.396484 0.982422 0.400391 0.978516 0.400391 0.974609 0.396484 0.970703 0.396484 0.958984 0.390625 0.953125 0.386719 0.951172
0 0.781250 0.949219 0.771484 0.957031 0.771484 0.964844 0.775391 0.972656 0.779297 0.976562 0.783203 0.978516 0.789062 0.978516 0.798828 0.970703 0.798828 0.958984 0.791016 0.951172 0.787109 0.949219 0.783203 0.951172
0 0.845703 0.955078 0.843750 0.957031 0.845703 0.958984 0.847656 0.958984 0.849609 0.957031 0.847656 0.955078
0 0.861328 0.955078 0.855469 0.964844 0.855469 0.972656 0.873047 0.984375 0.880859 0.984375 0.884766 0.986328 0.888672 0.982422 0.888672 0.974609 0.890625 0.972656 0.888672 0.964844 0.880859 0.957031 0.873047 0.953125 0.865234 0.953125
0 0.800781 0.984375 0.800781 0.990234 0.804688 0.998047 0.830078 0.998047 0.828125 0.994141 0.828125 0.982422 0.822266 0.976562 0.814453 0.972656 0.810547 0.972656
0 0.333984 0.976562 0.332031 0.978516 0.333984 0.980469 0.335938 0.978516
0 0.765625 0.988281 0.763672 0.990234 0.763672 0.992188 0.761719 0.994141 0.761719 0.996094 0.763672 0.998047 0.769531 0.998047 0.771484 0.996094 0.771484 0.992188 0.769531 0.990234 0.767578 0.990234
