0 0.039062 0.000000 0.037109 0.001953 0.037109 0.003906 0.035156 0.005859 0.035156 0.009766 0.041016 0.015625 0.046875 0.015625 0.048828 0.013672 0.048828 0.011719 0.050781 0.009766 0.050781 0.007812 0.048828 0.005859 0.048828 0.003906 0.046875 0.001953 0.046875 0.000000
0 0.003906 0.013672 0.005859 0.015625 0.005859 0.017578 0.009766 0.021484 0.011719 0.021484 0.013672 0.023438 0.015625 0.023438 0.017578 0.021484 0.019531 0.021484 0.021484 0.019531 0.021484 0.015625 0.023438 0.013672 0.017578 0.007812 0.009766 0.007812
0 0.066406 0.025391 0.062500 0.025391 0.060547 0.027344 0.060547 0.029297 0.064453 0.033203 0.068359 0.029297 0.068359 0.027344
1 0.058594 0.041016 0.000000 0.107422 0.000000 0.523438 0.080078 0.505859 0.068359 0.654297 0.208984 0.845703 0.304688 0.810547 0.267578 0.880859 0.287109 0.917969 0.355469 0.822266 0.457031 0.826172 0.570312 0.744141 0.589844 0.572266 0.519531 0.603516 0.566406 0.646484 0.484375 0.681641 0.482422 0.726562 0.460938 0.683594 0.396484 0.714844 0.429688 0.722656 0.414062 0.775391 0.263672 0.787109 0.154297 0.734375 0.115234 0.646484 0.152344 0.613281 0.285156 0.625000 0.339844 0.511719 0.263672 0.390625 0.103516 0.345703 0.164062 0.298828 0.228516 0.306641 0.078125 0.314453 0.101562 0.224609 0.060547 0.255859 0.027344 0.236328
0 0.117188 0.083984 0.113281 0.087891 0.113281 0.089844 0.111328 0.091797 0.113281 0.093750 0.111328 0.095703 0.113281 0.097656 0.113281 0.099609 0.111328 0.101562 0.117188 0.107422 0.119141 0.107422 0.123047 0.103516 0.123047 0.095703 0.125000 0.093750 0.125000 0.089844 0.121094 0.085938 0.119141 0.085938
0 0.654297 0.189453 0.652344 0.191406 0.652344 0.193359 0.654297 0.195312 0.656250 0.193359 0.656250 0.191406
0 0.712891 0.199219 0.708984 0.203125 0.708984 0.208984 0.712891 0.212891 0.714844 0.212891 0.718750 0.208984 0.718750 0.203125 0.714844 0.199219
0 0.753906 0.214844 0.751953 0.214844 0.748047 0.218750 0.748047 0.222656 0.750000 0.224609 0.753906 0.224609 0.757812 0.220703 0.757812 0.218750
0 0.589844 0.232422 0.585938 0.232422 0.583984 0.234375 0.583984 0.238281 0.585938 0.240234 0.587891 0.240234 0.591797 0.236328 0.591797 0.234375
0 0.804688 0.253906 0.800781 0.250000 0.796875 0.253906 0.798828 0.255859 0.802734 0.255859
0 0.833984 0.251953 0.832031 0.253906 0.833984 0.255859 0.835938 0.255859 0.837891 0.253906 0.835938 0.251953
0 0.337891 0.269531 0.333984 0.273438 0.333984 0.279297 0.337891 0.283203 0.339844 0.283203 0.341797 0.285156 0.347656 0.285156 0.351562 0.281250 0.351562 0.273438 0.345703 0.269531
0 0.755859 0.277344 0.751953 0.281250 0.751953 0.287109 0.753906 0.289062 0.759766 0.289062 0.761719 0.287109 0.761719 0.285156 0.763672 0.283203 0.757812 0.277344
0 0.472656 0.287109 0.470703 0.287109 0.468750 0.285156 0.466797 0.285156 0.464844 0.287109 0.458984 0.287109 0.453125 0.292969 0.453125 0.294922 0.451172 0.296875 0.453125 0.302734 0.458984 0.306641 0.466797 0.306641 0.468750 0.304688 0.470703 0.304688 0.474609 0.300781 0.474609 0.298828 0.476562 0.296875 0.476562 0.291016
0 0.177734 0.306641 0.175781 0.308594 0.177734 0.310547 0.179688 0.308594
0 0.734375 0.306641 0.730469 0.312500 0.730469 0.318359 0.732422 0.320312 0.732422 0.322266 0.736328 0.326172 0.740234 0.326172 0.742188 0.328125 0.744141 0.326172 0.746094 0.326172 0.750000 0.322266 0.750000 0.314453 0.748047 0.312500 0.748047 0.310547 0.744141 0.306641
0 0.236328 0.314453 0.238281 0.316406 0.240234 0.316406 0.242188 0.318359 0.244141 0.318359 0.246094 0.316406 0.242188 0.312500 0.238281 0.312500
0 0.271484 0.316406 0.269531 0.318359 0.269531 0.320312 0.271484 0.322266 0.273438 0.320312 0.273438 0.318359
1 0.253906 0.322266 0.251953 0.324219 0.259766 0.332031 0.259766 0.333984 0.263672 0.337891 0.263672 0.339844 0.269531 0.343750 0.273438 0.339844 0.271484 0.337891 0.271484 0.335938 0.263672 0.328125 0.261719 0.328125 0.255859 0.322266
0 0.451172 0.341797 0.447266 0.345703 0.447266 0.347656 0.449219 0.349609 0.453125 0.349609 0.455078 0.347656 0.455078 0.345703
0 0.548828 0.345703 0.546875 0.345703 0.542969 0.349609 0.541016 0.349609 0.535156 0.355469 0.535156 0.361328 0.539062 0.365234 0.542969 0.365234 0.548828 0.359375 0.548828 0.353516 0.550781 0.351562 0.550781 0.347656
0 0.519531 0.355469 0.517578 0.357422 0.519531 0.359375 0.521484 0.357422
0 0.281250 0.367188 0.279297 0.369141 0.281250 0.371094 0.283203 0.369141
0 0.267578 0.373047 0.265625 0.375000 0.265625 0.376953 0.267578 0.378906 0.269531 0.378906 0.271484 0.380859 0.273438 0.380859 0.275391 0.378906 0.269531 0.373047
0 0.542969 0.392578 0.541016 0.392578 0.535156 0.398438 0.535156 0.404297 0.539062 0.408203 0.542969 0.408203 0.548828 0.402344 0.548828 0.398438
0 0.328125 0.406250 0.322266 0.412109 0.324219 0.416016 0.324219 0.421875 0.318359 0.427734 0.318359 0.431641 0.324219 0.437500 0.328125 0.439453 0.332031 0.439453 0.333984 0.437500 0.337891 0.441406 0.347656 0.433594 0.347656 0.429688 0.339844 0.417969 0.339844 0.410156 0.335938 0.406250
0 0.685547 0.427734 0.683594 0.429688 0.683594 0.431641 0.685547 0.433594 0.687500 0.431641 0.687500 0.429688
0 0.693359 0.466797 0.691406 0.468750 0.695312 0.472656 0.697266 0.470703 0.697266 0.468750 0.695312 0.466797
0 0.513672 0.496094 0.511719 0.496094 0.509766 0.498047 0.509766 0.500000 0.511719 0.501953 0.515625 0.498047
0 0.488281 0.531250 0.482422 0.537109 0.482422 0.542969 0.480469 0.544922 0.482422 0.546875 0.482422 0.548828 0.488281 0.554688 0.492188 0.554688 0.500000 0.546875 0.500000 0.541016 0.498047 0.539062 0.498047 0.537109 0.494141 0.533203
0 0.375000 0.546875 0.371094 0.550781 0.373047 0.552734 0.375000 0.552734 0.376953 0.550781 0.376953 0.548828
0 0.734375 0.576172 0.730469 0.580078 0.730469 0.583984 0.732422 0.585938 0.736328 0.582031 0.736328 0.578125
0 0.718750 0.585938 0.716797 0.587891 0.716797 0.589844 0.714844 0.591797 0.714844 0.595703 0.718750 0.599609 0.720703 0.599609 0.726562 0.593750 0.726562 0.591797 0.720703 0.585938
0 0.496094 0.593750 0.494141 0.591797 0.492188 0.591797 0.486328 0.597656 0.488281 0.599609 0.494141 0.599609 0.496094 0.597656
0 0.339844 0.595703 0.337891 0.597656 0.337891 0.601562 0.341797 0.605469 0.343750 0.605469 0.347656 0.601562 0.347656 0.599609 0.343750 0.595703
0 0.500000 0.607422 0.498047 0.609375 0.500000 0.611328 0.501953 0.609375
1 0.615234 0.611328 0.615234 0.613281 0.617188 0.615234 0.619141 0.615234 0.621094 0.613281 0.623047 0.613281 0.625000 0.615234 0.626953 0.613281 0.623047 0.609375 0.617188 0.609375
0 0.488281 0.615234 0.486328 0.617188 0.486328 0.623047 0.488281 0.625000 0.490234 0.625000 0.492188 0.623047 0.490234 0.621094 0.490234 0.617188
0 0.591797 0.625000 0.589844 0.626953 0.593750 0.630859 0.595703 0.628906 0.595703 0.626953 0.593750 0.625000
0 0.275391 0.630859 0.271484 0.634766 0.271484 0.636719 0.275391 0.640625 0.277344 0.640625 0.281250 0.636719 0.281250 0.634766 0.277344 0.630859
0 0.529297 0.628906 0.527344 0.630859 0.527344 0.632812 0.529297 0.634766 0.531250 0.632812 0.531250 0.630859
0 0.824219 0.634766 0.820312 0.638672 0.820312 0.642578 0.822266 0.644531 0.822266 0.646484 0.824219 0.648438 0.826172 0.648438 0.830078 0.644531 0.830078 0.642578 0.832031 0.640625 0.832031 0.638672 0.830078 0.636719 0.828125 0.636719 0.826172 0.634766
0 0.652344 0.638672 0.648438 0.642578 0.648438 0.644531 0.650391 0.646484 0.652344 0.646484 0.656250 0.642578
0 0.427734 0.646484 0.421875 0.652344 0.421875 0.658203 0.425781 0.662109 0.427734 0.660156 0.429688 0.660156 0.431641 0.658203 0.431641 0.650391
0 0.734375 0.644531 0.728516 0.650391 0.728516 0.654297 0.730469 0.656250 0.734375 0.656250 0.736328 0.654297 0.736328 0.652344 0.738281 0.650391 0.736328 0.648438 0.736328 0.646484
0 0.611328 0.648438 0.609375 0.650391 0.611328 0.652344 0.613281 0.652344 0.615234 0.650391 0.613281 0.648438
0 0.382812 0.652344 0.375000 0.658203 0.373047 0.666016 0.386719 0.679688 0.390625 0.681641 0.398438 0.671875 0.404297 0.671875 0.406250 0.669922 0.406250 0.666016 0.404297 0.664062 0.398438 0.664062 0.388672 0.652344
1 0.439453 0.656250 0.439453 0.658203 0.443359 0.662109 0.447266 0.662109 0.449219 0.664062 0.451172 0.662109 0.458984 0.662109 0.464844 0.658203 0.464844 0.654297 0.462891 0.652344 0.460938 0.654297 0.453125 0.654297 0.451172 0.652344 0.443359 0.652344
0 0.177734 0.658203 0.175781 0.660156 0.177734 0.662109 0.179688 0.662109 0.181641 0.660156 0.179688 0.658203
0 0.480469 0.658203 0.476562 0.662109 0.480469 0.666016 0.482422 0.666016 0.484375 0.664062 0.484375 0.662109
0 0.425781 0.669922 0.421875 0.669922 0.419922 0.671875 0.419922 0.673828 0.421875 0.675781 0.423828 0.675781 0.427734 0.671875
1 0.628906 0.681641 0.607422 0.671875 0.621094 0.687500 0.619141 0.722656 0.632812 0.716797 0.648438 0.742188 0.628906 0.773438 0.625000 0.826172 0.615234 0.835938 0.599609 0.826172 0.603516 0.839844 0.587891 0.849609 0.570312 0.833984 0.564453 0.853516 0.531250 0.861328 0.531250 0.894531 0.507812 0.931641 0.458984 0.923828 0.435547 0.980469 0.380859 0.998047 0.464844 0.998047 0.480469 0.964844 0.492188 0.974609 0.486328 0.998047 0.521484 0.998047 0.498047 0.947266 0.550781 0.916016 0.542969 0.904297 0.552734 0.896484 0.564453 0.908203 0.570312 0.875000 0.583984 0.876953 0.580078 0.867188 0.603516 0.863281 0.589844 0.878906 0.599609 0.898438 0.642578 0.900391 0.630859 0.880859 0.671875 0.824219 0.664062 0.800781 0.640625 0.792969 0.658203 0.726562
0 0.738281 0.669922 0.736328 0.671875 0.738281 0.673828 0.740234 0.671875
0 0.275391 0.671875 0.273438 0.673828 0.271484 0.673828 0.269531 0.675781 0.269531 0.681641 0.273438 0.685547 0.275391 0.685547 0.281250 0.679688 0.281250 0.677734
0 0.416016 0.685547 0.414062 0.687500 0.414062 0.691406 0.416016 0.693359 0.419922 0.693359 0.421875 0.691406 0.421875 0.689453 0.417969 0.685547
0 0.291016 0.687500 0.287109 0.691406 0.287109 0.697266 0.291016 0.701172 0.294922 0.701172 0.298828 0.697266 0.296875 0.695312 0.298828 0.693359 0.292969 0.687500
0 0.880859 0.693359 0.878906 0.695312 0.878906 0.697266 0.880859 0.699219 0.882812 0.699219 0.884766 0.697266 0.884766 0.695312 0.882812 0.693359
0 0.345703 0.699219 0.341797 0.703125 0.341797 0.708984 0.345703 0.712891 0.349609 0.712891 0.355469 0.707031 0.355469 0.703125 0.353516 0.701172 0.351562 0.701172 0.349609 0.699219
0 0.664062 0.703125 0.664062 0.707031 0.669922 0.712891 0.673828 0.712891 0.677734 0.708984 0.679688 0.708984 0.681641 0.707031 0.681641 0.705078 0.677734 0.701172 0.675781 0.701172 0.673828 0.699219 0.667969 0.699219
0 0.734375 0.701172 0.732422 0.703125 0.734375 0.705078 0.736328 0.703125
0 0.232422 0.710938 0.228516 0.714844 0.228516 0.718750 0.232422 0.722656 0.234375 0.722656 0.238281 0.718750 0.238281 0.714844 0.234375 0.710938
0 0.744141 0.712891 0.740234 0.716797 0.740234 0.722656 0.746094 0.728516 0.750000 0.728516 0.753906 0.724609 0.753906 0.722656
0 0.371094 0.714844 0.369141 0.716797 0.367188 0.716797 0.365234 0.718750 0.371094 0.724609 0.375000 0.720703 0.375000 0.718750
0 0.855469 0.716797 0.853516 0.718750 0.855469 0.720703 0.857422 0.718750
0 0.775391 0.726562 0.773438 0.728516 0.773438 0.730469 0.769531 0.734375 0.769531 0.740234 0.773438 0.744141 0.775391 0.744141 0.781250 0.738281 0.781250 0.734375 0.779297 0.732422 0.779297 0.730469
0 0.294922 0.736328 0.292969 0.738281 0.294922 0.740234 0.296875 0.738281
0 0.730469 0.738281 0.726562 0.742188 0.726562 0.748047 0.730469 0.751953 0.734375 0.751953 0.738281 0.748047 0.738281 0.744141 0.732422 0.738281
0 0.376953 0.746094 0.373047 0.750000 0.373047 0.755859 0.375000 0.757812 0.376953 0.757812 0.378906 0.759766 0.380859 0.759766 0.384766 0.755859 0.384766 0.750000 0.380859 0.746094
0 0.398438 0.746094 0.394531 0.750000 0.394531 0.751953 0.400391 0.757812 0.406250 0.757812 0.408203 0.755859 0.408203 0.750000 0.404297 0.746094
0 0.785156 0.757812 0.785156 0.759766 0.789062 0.763672 0.798828 0.763672 0.800781 0.761719 0.800781 0.759766 0.798828 0.757812 0.794922 0.757812 0.792969 0.755859 0.791016 0.755859 0.789062 0.753906
0 0.673828 0.775391 0.669922 0.775391 0.666016 0.779297 0.666016 0.783203 0.669922 0.787109 0.673828 0.783203 0.675781 0.783203 0.677734 0.781250 0.677734 0.779297
0 0.580078 0.791016 0.580078 0.787109 0.578125 0.785156 0.578125 0.783203 0.574219 0.779297 0.570312 0.783203 0.560547 0.783203 0.558594 0.781250 0.554688 0.787109 0.554688 0.789062 0.556641 0.791016 0.568359 0.791016 0.574219 0.796875
0 0.755859 0.779297 0.753906 0.779297 0.750000 0.783203 0.750000 0.785156 0.751953 0.787109 0.753906 0.787109 0.757812 0.783203 0.757812 0.781250
0 0.787109 0.777344 0.785156 0.779297 0.787109 0.781250 0.789062 0.781250 0.791016 0.779297 0.789062 0.777344
0 0.898438 0.785156 0.894531 0.789062 0.894531 0.791016 0.898438 0.794922 0.902344 0.791016 0.902344 0.789062
0 0.902344 0.812500 0.898438 0.816406 0.898438 0.818359 0.902344 0.822266 0.904297 0.822266 0.908203 0.818359 0.908203 0.816406 0.904297 0.812500
1 0.998047 0.822266 0.994141 0.826172 0.994141 0.832031 0.998047 0.835938
0 0.761719 0.837891 0.761719 0.843750 0.765625 0.847656 0.769531 0.847656 0.771484 0.845703 0.775391 0.845703 0.777344 0.843750 0.777344 0.839844 0.773438 0.835938 0.771484 0.835938 0.769531 0.833984 0.765625 0.833984
0 0.794922 0.833984 0.791016 0.837891 0.794922 0.841797 0.796875 0.841797 0.798828 0.839844 0.798828 0.835938 0.796875 0.833984
0 0.884766 0.832031 0.882812 0.833984 0.882812 0.837891 0.884766 0.839844 0.884766 0.841797 0.886719 0.843750 0.888672 0.843750 0.890625 0.845703 0.894531 0.841797 0.894531 0.837891 0.888672 0.832031
0 0.816406 0.835938 0.814453 0.837891 0.814453 0.839844 0.816406 0.841797 0.818359 0.839844 0.818359 0.837891
0 0.925781 0.837891 0.923828 0.839844 0.923828 0.841797 0.927734 0.845703 0.931641 0.841797 0.927734 0.837891
0 0.472656 0.839844 0.470703 0.841797 0.468750 0.841797 0.462891 0.849609 0.462891 0.861328 0.470703 0.867188 0.480469 0.867188 0.482422 0.865234 0.484375 0.865234 0.488281 0.859375 0.486328 0.857422 0.486328 0.851562 0.476562 0.841797 0.474609 0.841797
0 0.671875 0.845703 0.669922 0.847656 0.671875 0.849609 0.673828 0.847656
0 0.984375 0.859375 0.972656 0.873047 0.970703 0.894531 0.980469 0.908203 0.988281 0.912109 0.998047 0.912109 0.998047 0.863281 0.994141 0.859375 0.986328 0.861328
0 0.800781 0.871094 0.798828 0.873047 0.796875 0.873047 0.794922 0.875000 0.794922 0.876953 0.798828 0.880859 0.802734 0.880859 0.806641 0.876953
0 0.908203 0.876953 0.906250 0.878906 0.906250 0.880859 0.908203 0.882812 0.910156 0.882812 0.912109 0.880859 0.912109 0.878906 0.910156 0.876953
0 0.759766 0.882812 0.757812 0.884766 0.761719 0.888672 0.763672 0.886719 0.763672 0.884766 0.761719 0.882812
0 0.845703 0.884766 0.843750 0.886719 0.843750 0.894531 0.845703 0.896484 0.847656 0.896484 0.849609 0.898438 0.851562 0.898438 0.853516 0.896484 0.851562 0.894531 0.851562 0.890625 0.849609 0.888672 0.849609 0.886719 0.847656 0.884766
0 0.480469 0.886719 0.478516 0.888672 0.480469 0.890625 0.482422 0.888672
0 0.697266 0.894531 0.697266 0.908203 0.703125 0.914062 0.708984 0.914062 0.718750 0.904297 0.728516 0.904297 0.730469 0.902344 0.742188 0.910156 0.742188 0.914062 0.728516 0.925781 0.728516 0.931641 0.732422 0.935547 0.738281 0.929688 0.742188 0.931641 0.748047 0.925781 0.748047 0.914062 0.751953 0.910156 0.753906 0.912109 0.757812 0.912109 0.759766 0.910156 0.757812 0.904297 0.750000 0.896484 0.744141 0.896484 0.740234 0.900391 0.734375 0.900391 0.726562 0.896484 0.722656 0.896484 0.720703 0.898438 0.716797 0.896484 0.708984 0.886719 0.705078 0.886719
0 0.585938 0.894531 0.583984 0.896484 0.583984 0.898438 0.585938 0.900391 0.587891 0.900391 0.589844 0.898438
0 0.671875 0.894531 0.667969 0.898438 0.667969 0.900391 0.671875 0.904297 0.675781 0.904297 0.679688 0.900391 0.679688 0.896484 0.677734 0.894531
0 0.591797 0.914062 0.593750 0.921875 0.605469 0.931641 0.613281 0.931641 0.621094 0.927734 0.626953 0.921875 0.626953 0.919922 0.623047 0.916016 0.621094 0.916016 0.613281 0.908203 0.609375 0.906250 0.599609 0.906250 0.595703 0.908203
1 0.648438 0.912109 0.648438 0.914062 0.654297 0.919922 0.660156 0.919922 0.662109 0.921875 0.664062 0.921875 0.666016 0.923828 0.669922 0.923828 0.671875 0.925781 0.673828 0.925781 0.677734 0.921875 0.677734 0.919922 0.673828 0.914062 0.669922 0.914062 0.664062 0.908203 0.662109 0.908203 0.660156 0.906250 0.654297 0.906250
0 0.792969 0.908203 0.781250 0.916016 0.773438 0.916016 0.769531 0.919922 0.771484 0.925781 0.777344 0.931641 0.781250 0.931641 0.787109 0.923828 0.789062 0.923828 0.796875 0.931641 0.800781 0.927734 0.796875 0.919922 0.796875 0.912109
0 0.849609 0.921875 0.847656 0.923828 0.845703 0.923828 0.843750 0.925781 0.843750 0.929688 0.847656 0.933594 0.849609 0.933594 0.853516 0.929688 0.853516 0.925781
1 0.689453 0.931641 0.687500 0.933594 0.687500 0.935547 0.695312 0.943359 0.695312 0.945312 0.697266 0.947266 0.697266 0.951172 0.701172 0.955078 0.701172 0.957031 0.703125 0.958984 0.707031 0.958984 0.708984 0.957031 0.708984 0.955078 0.707031 0.953125 0.708984 0.951172 0.693359 0.935547 0.693359 0.933594 0.691406 0.931641
0 0.748047 0.945312 0.744141 0.941406 0.740234 0.945312 0.742188 0.947266 0.746094 0.947266
0 0.781250 0.941406 0.777344 0.945312 0.779297 0.947266 0.779297 0.949219 0.781250 0.951172 0.783203 0.951172 0.787109 0.947266 0.787109 0.945312 0.783203 0.941406
0 0.525391 0.949219 0.523438 0.949219 0.521484 0.951172 0.521484 0.955078 0.523438 0.957031 0.525391 0.955078 0.525391 0.953125 0.527344 0.951172
0 0.681641 0.953125 0.677734 0.957031 0.677734 0.960938 0.681641 0.964844 0.685547 0.964844 0.689453 0.960938 0.689453 0.958984 0.683594 0.953125
0 0.722656 0.958984 0.720703 0.960938 0.722656 0.962891 0.724609 0.960938
1 0.857422 0.957031 0.855469 0.958984 0.855469 0.966797 0.853516 0.968750 0.853516 0.972656 0.851562 0.974609 0.851562 0.976562 0.853516 0.978516 0.853516 0.982422 0.857422 0.986328 0.859375 0.986328 0.863281 0.982422 0.863281 0.970703 0.859375 0.964844 0.861328 0.962891 0.861328 0.958984 0.859375 0.957031
0 0.810547 0.962891 0.808594 0.962891 0.802734 0.968750 0.806641 0.972656 0.810547 0.972656 0.812500 0.970703 0.812500 0.968750 0.814453 0.966797
0 0.896484 0.960938 0.894531 0.962891 0.894531 0.968750 0.896484 0.970703 0.902344 0.970703 0.904297 0.968750 0.904297 0.966797 0.898438 0.960938
0 0.750000 0.966797 0.746094 0.970703 0.744141 0.970703 0.742188 0.972656 0.742188 0.974609 0.740234 0.976562 0.748047 0.984375 0.750000 0.982422 0.751953 0.982422 0.755859 0.978516 0.755859 0.972656
1 0.619141 0.976562 0.613281 0.970703 0.605469 0.968750 0.589844 0.984375 0.585938 0.984375 0.566406 0.972656 0.560547 0.972656 0.548828 0.980469 0.546875 0.990234 0.548828 0.998047 0.609375 0.998047 0.607422 0.996094 0.619141 0.982422
0 0.916016 0.982422 0.914062 0.984375 0.914062 0.986328 0.917969 0.990234 0.919922 0.988281 0.919922 0.984375 0.917969 0.982422
1 0.720703 0.998047 0.728516 0.998047 0.726562 0.996094 0.722656 0.996094
1 0.884766 0.998047 0.890625 0.998047 0.888672 0.996094 0.886719 0.996094
