1 0.001953 0.019531 0.000000 0.111328 0.011719 0.095703 0.015625 0.072266 0.015625 0.046875
0 0.197266 0.082031 0.195312 0.083984 0.197266 0.085938 0.199219 0.083984
1 0.000000 0.154297 0.000000 0.212891 0.078125 0.238281 0.000000 0.232422 0.029297 0.277344 0.000000 0.306641 0.000000 0.437500 0.054688 0.601562 0.111328 0.626953 0.105469 0.695312 0.212891 0.656250 0.240234 0.726562 0.125000 0.765625 0.142578 0.808594 0.207031 0.792969 0.144531 0.931641 0.228516 0.814453 0.328125 0.837891 0.355469 0.906250 0.304688 0.998047 0.412109 0.968750 0.490234 0.998047 0.408203 0.958984 0.367188 0.988281 0.357422 0.824219 0.250000 0.791016 0.386719 0.703125 0.347656 0.560547 0.312500 0.533203 0.316406 0.564453 0.166016 0.589844 0.222656 0.546875 0.205078 0.480469 0.300781 0.468750 0.322266 0.419922 0.277344 0.369141 0.296875 0.419922 0.226562 0.451172 0.169922 0.339844 0.128906 0.312500 0.076172 0.339844 0.142578 0.187500 0.101562 0.148438
1 0.093750 0.195312 0.087891 0.199219 0.089844 0.201172 0.087891 0.205078 0.097656 0.214844 0.097656 0.218750 0.099609 0.220703 0.099609 0.226562 0.097656 0.228516 0.103516 0.236328 0.105469 0.234375 0.109375 0.234375 0.113281 0.230469 0.111328 0.224609 0.115234 0.220703 0.101562 0.205078 0.103516 0.201172 0.101562 0.199219 0.099609 0.201172
0 0.220703 0.267578 0.216797 0.271484 0.216797 0.273438 0.218750 0.275391 0.220703 0.275391 0.224609 0.271484
0 0.388672 0.275391 0.386719 0.277344 0.386719 0.279297 0.388672 0.281250 0.390625 0.281250 0.392578 0.279297
0 0.183594 0.281250 0.183594 0.287109 0.189453 0.291016 0.197266 0.291016 0.203125 0.285156 0.203125 0.283203 0.199219 0.277344 0.191406 0.277344 0.189453 0.279297 0.185547 0.279297
1 0.468750 0.287109 0.466797 0.285156 0.464844 0.285156 0.462891 0.287109 0.453125 0.287109 0.451172 0.289062 0.451172 0.291016 0.453125 0.292969 0.464844 0.292969 0.468750 0.289062
0 0.439453 0.300781 0.435547 0.300781 0.431641 0.304688 0.437500 0.310547 0.443359 0.304688
0 0.253906 0.320312 0.246094 0.326172 0.246094 0.339844 0.251953 0.345703 0.253906 0.345703 0.255859 0.347656 0.259766 0.347656 0.265625 0.341797 0.265625 0.339844 0.267578 0.337891 0.267578 0.328125 0.261719 0.322266 0.259766 0.322266 0.257812 0.320312
0 0.472656 0.320312 0.468750 0.320312 0.466797 0.322266 0.470703 0.326172 0.474609 0.322266
0 0.492188 0.328125 0.490234 0.330078 0.490234 0.333984 0.500000 0.343750 0.505859 0.337891 0.505859 0.333984 0.500000 0.328125
0 0.316406 0.332031 0.314453 0.332031 0.312500 0.333984 0.312500 0.335938 0.314453 0.337891 0.318359 0.333984
0 0.279297 0.349609 0.277344 0.351562 0.277344 0.357422 0.283203 0.363281 0.285156 0.363281 0.289062 0.367188 0.294922 0.367188 0.296875 0.365234 0.296875 0.363281 0.292969 0.359375 0.291016 0.353516 0.289062 0.351562 0.287109 0.351562 0.283203 0.347656 0.281250 0.349609
1 0.429688 0.355469 0.425781 0.359375 0.425781 0.361328 0.423828 0.363281 0.423828 0.367188 0.425781 0.369141 0.427734 0.369141 0.429688 0.367188 0.429688 0.363281 0.431641 0.361328 0.431641 0.357422
1 0.349609 0.365234 0.347656 0.367188 0.347656 0.369141 0.351562 0.373047 0.353516 0.373047 0.355469 0.375000 0.357422 0.375000 0.359375 0.373047 0.353516 0.367188 0.351562 0.367188
0 0.707031 0.363281 0.703125 0.367188 0.703125 0.371094 0.701172 0.373047 0.703125 0.375000 0.703125 0.376953 0.707031 0.380859 0.710938 0.380859 0.716797 0.375000 0.716797 0.369141 0.710938 0.363281
0 0.398438 0.367188 0.388672 0.367188 0.376953 0.375000 0.375000 0.380859 0.378906 0.388672 0.371094 0.394531 0.371094 0.398438 0.375000 0.402344 0.384766 0.394531 0.394531 0.402344 0.398438 0.398438 0.400391 0.375000 0.402344 0.373047
0 0.173828 0.375000 0.171875 0.373047 0.169922 0.373047 0.167969 0.375000 0.164062 0.375000 0.162109 0.376953 0.160156 0.375000 0.156250 0.375000 0.154297 0.376953 0.156250 0.378906 0.154297 0.380859 0.154297 0.386719 0.156250 0.388672 0.160156 0.388672 0.162109 0.390625 0.167969 0.388672 0.171875 0.382812 0.171875 0.378906 0.173828 0.376953
0 0.337891 0.380859 0.333984 0.376953 0.330078 0.376953 0.324219 0.382812 0.324219 0.384766 0.322266 0.386719 0.324219 0.388672 0.333984 0.388672 0.337891 0.384766
0 0.583984 0.382812 0.582031 0.384766 0.582031 0.386719 0.583984 0.388672 0.585938 0.388672 0.587891 0.386719 0.587891 0.384766 0.585938 0.382812
0 0.394531 0.406250 0.386719 0.414062 0.388672 0.416016 0.388672 0.419922 0.392578 0.423828 0.392578 0.425781 0.394531 0.427734 0.402344 0.427734 0.406250 0.421875 0.406250 0.414062 0.400391 0.408203
0 0.417969 0.410156 0.414062 0.414062 0.414062 0.416016 0.417969 0.419922 0.419922 0.419922 0.423828 0.416016 0.423828 0.414062 0.419922 0.410156
0 0.826172 0.421875 0.822266 0.425781 0.826172 0.429688 0.830078 0.425781
0 0.435547 0.437500 0.431641 0.441406 0.431641 0.451172 0.437500 0.455078 0.447266 0.455078 0.453125 0.449219 0.453125 0.441406 0.451172 0.439453 0.451172 0.437500 0.449219 0.435547 0.439453 0.435547 0.437500 0.437500
0 0.388672 0.453125 0.386719 0.453125 0.384766 0.455078 0.384766 0.457031 0.386719 0.458984 0.390625 0.455078
0 0.537109 0.457031 0.535156 0.458984 0.537109 0.460938 0.539062 0.460938 0.541016 0.458984 0.539062 0.457031
0 0.365234 0.472656 0.363281 0.474609 0.363281 0.478516 0.365234 0.480469 0.369141 0.476562
0 0.396484 0.478516 0.394531 0.480469 0.394531 0.482422 0.398438 0.486328 0.402344 0.482422 0.398438 0.478516
0 0.460938 0.484375 0.458984 0.484375 0.453125 0.490234 0.453125 0.492188 0.455078 0.494141 0.455078 0.496094 0.457031 0.498047 0.462891 0.492188 0.462891 0.486328
0 0.500000 0.486328 0.498047 0.488281 0.498047 0.490234 0.500000 0.492188 0.501953 0.492188 0.503906 0.490234
0 0.568359 0.492188 0.564453 0.496094 0.564453 0.500000 0.568359 0.503906 0.570312 0.503906 0.576172 0.498047 0.576172 0.496094 0.574219 0.494141 0.572266 0.494141 0.570312 0.492188
0 0.716797 0.517578 0.710938 0.521484 0.710938 0.523438 0.708984 0.525391 0.708984 0.531250 0.710938 0.533203 0.710938 0.535156 0.718750 0.542969 0.726562 0.542969 0.734375 0.535156 0.734375 0.527344 0.724609 0.517578
0 0.890625 0.521484 0.888672 0.523438 0.888672 0.525391 0.890625 0.527344 0.892578 0.525391 0.892578 0.523438
0 0.429688 0.525391 0.425781 0.529297 0.425781 0.531250 0.431641 0.537109 0.433594 0.537109 0.435547 0.539062 0.439453 0.535156 0.439453 0.533203 0.437500 0.531250 0.437500 0.529297 0.435547 0.527344 0.433594 0.527344 0.431641 0.525391
0 0.384766 0.537109 0.382812 0.539062 0.384766 0.541016 0.386719 0.541016 0.388672 0.539062 0.386719 0.537109
0 0.685547 0.539062 0.681641 0.542969 0.681641 0.544922 0.683594 0.546875 0.685547 0.546875 0.689453 0.542969
0 0.992188 0.542969 0.988281 0.546875 0.994141 0.552734 0.998047 0.552734 0.998047 0.544922 0.994141 0.544922
0 0.912109 0.578125 0.908203 0.582031 0.908203 0.585938 0.912109 0.589844 0.919922 0.589844 0.923828 0.585938 0.923828 0.582031 0.921875 0.580078 0.919922 0.580078 0.917969 0.578125
0 0.507812 0.585938 0.505859 0.585938 0.501953 0.589844 0.501953 0.591797 0.505859 0.595703 0.511719 0.589844
0 0.406250 0.589844 0.404297 0.591797 0.406250 0.593750 0.406250 0.595703 0.408203 0.597656 0.410156 0.597656 0.414062 0.593750 0.410156 0.589844
0 0.615234 0.595703 0.615234 0.597656 0.617188 0.599609 0.623047 0.599609 0.625000 0.597656 0.621094 0.593750 0.617188 0.593750
0 0.945312 0.595703 0.939453 0.595703 0.937500 0.597656 0.935547 0.597656 0.931641 0.603516 0.931641 0.607422 0.937500 0.613281 0.941406 0.613281 0.943359 0.611328 0.945312 0.611328 0.949219 0.605469 0.949219 0.599609
0 0.570312 0.597656 0.566406 0.601562 0.570312 0.605469 0.574219 0.601562
0 0.880859 0.623047 0.878906 0.625000 0.880859 0.626953 0.880859 0.630859 0.878906 0.632812 0.878906 0.638672 0.882812 0.642578 0.886719 0.642578 0.892578 0.636719 0.890625 0.634766 0.890625 0.632812 0.886719 0.628906 0.886719 0.626953 0.882812 0.623047
0 0.398438 0.626953 0.396484 0.626953 0.392578 0.630859 0.392578 0.634766 0.394531 0.636719 0.398438 0.636719 0.400391 0.634766 0.400391 0.628906
0 0.535156 0.626953 0.531250 0.630859 0.535156 0.634766 0.539062 0.630859
0 0.556641 0.640625 0.552734 0.644531 0.556641 0.648438 0.558594 0.648438 0.562500 0.644531 0.558594 0.640625
0 0.931641 0.646484 0.927734 0.646484 0.925781 0.648438 0.921875 0.648438 0.916016 0.654297 0.916016 0.660156 0.919922 0.664062 0.923828 0.664062 0.925781 0.662109 0.927734 0.662109 0.929688 0.660156 0.931641 0.660156 0.935547 0.656250 0.935547 0.650391
0 0.783203 0.656250 0.781250 0.658203 0.781250 0.660156 0.785156 0.664062 0.787109 0.664062 0.789062 0.662109 0.789062 0.660156 0.785156 0.656250
0 0.433594 0.683594 0.431641 0.685547 0.429688 0.685547 0.423828 0.691406 0.423828 0.693359 0.421875 0.695312 0.421875 0.705078 0.427734 0.710938 0.435547 0.710938 0.441406 0.705078 0.441406 0.703125 0.439453 0.701172 0.439453 0.695312 0.437500 0.693359 0.437500 0.691406 0.435547 0.689453 0.435547 0.685547
0 0.220703 0.703125 0.218750 0.705078 0.220703 0.707031 0.222656 0.705078
0 0.521484 0.708984 0.519531 0.710938 0.519531 0.716797 0.521484 0.718750 0.525391 0.718750 0.527344 0.716797 0.527344 0.710938 0.525391 0.708984
0 0.628906 0.708984 0.626953 0.710938 0.626953 0.714844 0.628906 0.716797 0.630859 0.716797 0.634766 0.712891 0.630859 0.708984
0 0.732422 0.712891 0.730469 0.714844 0.732422 0.716797 0.734375 0.714844
0 0.666016 0.726562 0.662109 0.722656 0.658203 0.726562 0.660156 0.728516 0.664062 0.728516
0 0.894531 0.726562 0.892578 0.728516 0.890625 0.728516 0.886719 0.732422 0.888672 0.734375 0.888672 0.738281 0.892578 0.742188 0.896484 0.742188 0.900391 0.738281 0.900391 0.730469 0.898438 0.728516 0.896484 0.728516
1 0.550781 0.738281 0.548828 0.740234 0.548828 0.742188 0.550781 0.744141 0.550781 0.750000 0.548828 0.751953 0.548828 0.753906 0.552734 0.757812 0.556641 0.757812 0.560547 0.753906 0.558594 0.751953 0.558594 0.750000 0.556641 0.748047 0.556641 0.744141 0.554688 0.742188 0.554688 0.740234 0.552734 0.738281
0 0.650391 0.744141 0.646484 0.748047 0.648438 0.750000 0.650391 0.750000 0.652344 0.748047 0.652344 0.746094
0 0.369141 0.750000 0.367188 0.751953 0.367188 0.753906 0.365234 0.755859 0.365234 0.761719 0.369141 0.765625 0.371094 0.765625 0.375000 0.761719 0.375000 0.753906 0.371094 0.750000
0 0.427734 0.750000 0.423828 0.753906 0.423828 0.755859 0.427734 0.759766 0.431641 0.759766 0.435547 0.755859 0.435547 0.753906 0.431641 0.750000
0 0.716797 0.753906 0.714844 0.755859 0.714844 0.757812 0.716797 0.759766 0.718750 0.757812 0.718750 0.755859
0 0.761719 0.757812 0.753906 0.765625 0.753906 0.775391 0.757812 0.781250 0.759766 0.781250 0.761719 0.783203 0.767578 0.783203 0.773438 0.779297 0.773438 0.777344 0.775391 0.775391 0.775391 0.767578 0.773438 0.765625 0.773438 0.763672 0.767578 0.757812
0 0.794922 0.765625 0.792969 0.767578 0.796875 0.771484 0.798828 0.771484 0.800781 0.769531 0.800781 0.767578 0.798828 0.765625
0 0.423828 0.773438 0.419922 0.773438 0.416016 0.777344 0.416016 0.781250 0.419922 0.785156 0.421875 0.785156 0.429688 0.777344 0.427734 0.775391 0.425781 0.775391
0 0.582031 0.775391 0.576172 0.781250 0.576172 0.787109 0.580078 0.791016 0.585938 0.791016 0.587891 0.792969 0.593750 0.792969 0.595703 0.791016 0.591797 0.785156 0.591797 0.781250 0.587891 0.777344 0.585938 0.777344 0.583984 0.775391
0 0.703125 0.779297 0.701172 0.779297 0.695312 0.785156 0.695312 0.787109 0.693359 0.789062 0.693359 0.791016 0.695312 0.792969 0.699219 0.792969 0.703125 0.789062 0.703125 0.783203 0.705078 0.781250
0 0.603516 0.785156 0.601562 0.787109 0.601562 0.789062 0.603516 0.791016 0.605469 0.789062 0.605469 0.787109
0 0.433594 0.791016 0.431641 0.792969 0.431641 0.800781 0.435547 0.804688 0.441406 0.804688 0.443359 0.802734 0.443359 0.794922 0.439453 0.791016
0 0.468750 0.798828 0.466797 0.814453 0.474609 0.824219 0.480469 0.826172 0.496094 0.826172 0.500000 0.822266 0.509766 0.818359 0.509766 0.814453 0.503906 0.808594 0.503906 0.804688 0.498047 0.796875 0.492188 0.800781 0.482422 0.792969 0.476562 0.791016
0 0.822266 0.798828 0.820312 0.800781 0.820312 0.802734 0.822266 0.804688 0.824219 0.804688 0.826172 0.802734
0 0.605469 0.804688 0.601562 0.808594 0.601562 0.810547 0.603516 0.812500 0.603516 0.814453 0.605469 0.816406 0.609375 0.816406 0.613281 0.812500 0.613281 0.810547 0.607422 0.804688
0 0.671875 0.806641 0.669922 0.806641 0.666016 0.810547 0.667969 0.812500 0.667969 0.814453 0.669922 0.816406 0.671875 0.814453 0.673828 0.814453 0.675781 0.812500 0.675781 0.810547
1 0.421875 0.812500 0.419922 0.814453 0.419922 0.818359 0.427734 0.826172 0.427734 0.828125 0.431641 0.832031 0.435547 0.828125 0.431641 0.824219 0.429688 0.824219 0.425781 0.820312 0.425781 0.816406
0 0.832031 0.814453 0.828125 0.818359 0.828125 0.820312 0.832031 0.824219 0.837891 0.824219 0.839844 0.822266 0.839844 0.818359 0.835938 0.814453
0 0.796875 0.816406 0.794922 0.818359 0.792969 0.818359 0.791016 0.820312 0.791016 0.822266 0.789062 0.824219 0.789062 0.826172 0.792969 0.830078 0.794922 0.830078 0.798828 0.826172 0.798828 0.824219 0.800781 0.822266 0.800781 0.820312
0 0.390625 0.822266 0.384766 0.828125 0.384766 0.832031 0.392578 0.839844 0.394531 0.837891 0.396484 0.837891 0.398438 0.839844 0.404297 0.833984 0.404297 0.830078 0.400391 0.824219 0.398438 0.824219 0.396484 0.822266
0 0.703125 0.824219 0.699219 0.828125 0.699219 0.830078 0.710938 0.841797 0.712891 0.841797 0.714844 0.843750 0.718750 0.843750 0.722656 0.839844 0.722656 0.833984 0.720703 0.832031 0.720703 0.830078 0.714844 0.824219 0.710938 0.824219 0.708984 0.822266
0 0.931641 0.826172 0.933594 0.828125 0.933594 0.830078 0.937500 0.833984 0.939453 0.833984 0.945312 0.837891 0.949219 0.837891 0.951172 0.835938 0.951172 0.833984 0.947266 0.830078 0.947266 0.828125 0.945312 0.826172 0.943359 0.826172 0.939453 0.822266 0.935547 0.822266
0 0.660156 0.828125 0.656250 0.832031 0.660156 0.839844 0.660156 0.853516 0.669922 0.863281 0.673828 0.865234 0.681641 0.865234 0.691406 0.857422 0.691406 0.841797 0.681641 0.832031 0.666016 0.832031
0 0.892578 0.828125 0.888672 0.832031 0.888672 0.837891 0.892578 0.841797 0.898438 0.841797 0.902344 0.837891 0.902344 0.833984 0.896484 0.828125
0 0.455078 0.841797 0.451172 0.845703 0.451172 0.847656 0.455078 0.851562 0.458984 0.847656 0.458984 0.845703
0 0.792969 0.839844 0.787109 0.845703 0.787109 0.851562 0.792969 0.857422 0.794922 0.857422 0.804688 0.863281 0.808594 0.863281 0.812500 0.859375 0.812500 0.849609 0.810547 0.847656 0.810547 0.845703 0.802734 0.839844
0 0.916016 0.841797 0.914062 0.843750 0.914062 0.847656 0.917969 0.851562 0.919922 0.851562 0.923828 0.847656 0.921875 0.845703 0.921875 0.843750 0.919922 0.841797
0 0.740234 0.845703 0.738281 0.847656 0.736328 0.847656 0.734375 0.849609 0.734375 0.853516 0.738281 0.857422 0.742188 0.857422 0.744141 0.855469 0.744141 0.849609
0 0.757812 0.845703 0.755859 0.845703 0.753906 0.847656 0.753906 0.849609 0.751953 0.851562 0.751953 0.853516 0.753906 0.855469 0.757812 0.855469 0.761719 0.851562 0.761719 0.849609
0 0.398438 0.849609 0.396484 0.851562 0.396484 0.855469 0.398438 0.857422 0.400391 0.857422 0.404297 0.853516 0.400391 0.849609
0 0.644531 0.853516 0.638672 0.847656 0.628906 0.847656 0.625000 0.849609 0.617188 0.859375 0.613281 0.859375 0.609375 0.863281 0.609375 0.865234 0.613281 0.869141 0.617188 0.869141 0.619141 0.867188 0.626953 0.867188 0.628906 0.869141 0.634766 0.869141 0.642578 0.863281
1 0.835938 0.851562 0.843750 0.861328 0.841797 0.873047 0.859375 0.880859 0.857422 0.888672 0.871094 0.906250 0.876953 0.904297 0.888672 0.910156 0.898438 0.910156 0.914062 0.888672 0.910156 0.876953 0.900391 0.875000 0.896484 0.878906 0.884766 0.878906 0.876953 0.871094 0.865234 0.869141 0.855469 0.855469 0.849609 0.855469 0.839844 0.847656
0 0.521484 0.855469 0.517578 0.859375 0.521484 0.863281 0.523438 0.863281 0.527344 0.859375 0.523438 0.855469
0 0.541016 0.861328 0.537109 0.865234 0.537109 0.875000 0.539062 0.876953 0.539062 0.878906 0.544922 0.884766 0.548828 0.884766 0.550781 0.886719 0.556641 0.882812 0.556641 0.880859 0.558594 0.878906 0.558594 0.871094 0.554688 0.865234 0.552734 0.865234 0.546875 0.861328
0 0.574219 0.861328 0.570312 0.865234 0.570312 0.873047 0.576172 0.878906 0.578125 0.878906 0.580078 0.880859 0.585938 0.882812 0.591797 0.873047 0.589844 0.871094 0.589844 0.867188 0.583984 0.861328
0 0.974609 0.859375 0.968750 0.865234 0.968750 0.869141 0.970703 0.871094 0.972656 0.871094 0.974609 0.873047 0.978516 0.873047 0.984375 0.867188 0.984375 0.863281 0.980469 0.859375
0 0.730469 0.869141 0.724609 0.873047 0.724609 0.878906 0.732422 0.890625 0.724609 0.900391 0.726562 0.902344 0.724609 0.904297 0.728516 0.914062 0.740234 0.921875 0.755859 0.908203 0.767578 0.904297 0.773438 0.896484 0.773438 0.888672 0.765625 0.878906 0.757812 0.875000 0.742188 0.875000
0 0.634766 0.880859 0.630859 0.884766 0.630859 0.888672 0.632812 0.890625 0.632812 0.892578 0.634766 0.894531 0.638672 0.894531 0.642578 0.890625 0.642578 0.884766 0.638672 0.880859
1 0.388672 0.882812 0.384766 0.888672 0.392578 0.892578 0.402344 0.904297 0.414062 0.912109 0.412109 0.927734 0.416016 0.931641 0.421875 0.931641 0.433594 0.937500 0.441406 0.927734 0.441406 0.923828 0.425781 0.902344 0.410156 0.888672
0 0.488281 0.882812 0.486328 0.884766 0.486328 0.886719 0.488281 0.888672 0.490234 0.888672 0.492188 0.886719 0.492188 0.884766 0.490234 0.882812
0 0.691406 0.882812 0.685547 0.888672 0.685547 0.892578 0.691406 0.898438 0.697266 0.898438 0.703125 0.892578 0.703125 0.886719 0.699219 0.882812
0 0.582031 0.890625 0.576172 0.896484 0.578125 0.898438 0.578125 0.900391 0.580078 0.902344 0.582031 0.902344 0.583984 0.904297 0.585938 0.904297 0.589844 0.900391 0.589844 0.898438 0.587891 0.896484 0.587891 0.894531 0.583984 0.890625
0 0.957031 0.890625 0.953125 0.894531 0.957031 0.898438 0.958984 0.898438 0.960938 0.896484 0.960938 0.892578 0.958984 0.890625
0 0.677734 0.896484 0.675781 0.896484 0.671875 0.900391 0.671875 0.904297 0.673828 0.906250 0.677734 0.906250 0.679688 0.904297 0.679688 0.898438
0 0.783203 0.896484 0.781250 0.898438 0.785156 0.902344 0.785156 0.904297 0.787109 0.906250 0.787109 0.908203 0.789062 0.910156 0.789062 0.912109 0.791016 0.914062 0.792969 0.914062 0.794922 0.912109 0.796875 0.912109 0.798828 0.910156 0.798828 0.902344 0.796875 0.900391 0.794922 0.900391 0.792969 0.902344 0.789062 0.898438 0.787109 0.898438 0.785156 0.896484
0 0.527344 0.904297 0.521484 0.912109 0.521484 0.917969 0.515625 0.923828 0.509766 0.923828 0.507812 0.929688 0.519531 0.943359 0.521484 0.941406 0.535156 0.953125 0.541016 0.955078 0.552734 0.945312 0.552734 0.941406 0.556641 0.937500 0.556641 0.923828 0.562500 0.916016 0.544922 0.906250
0 0.933594 0.906250 0.931641 0.908203 0.927734 0.908203 0.921875 0.914062 0.921875 0.919922 0.923828 0.921875 0.923828 0.923828 0.933594 0.931641 0.935547 0.929688 0.941406 0.929688 0.947266 0.923828 0.947266 0.917969 0.939453 0.910156 0.937500 0.910156
0 0.994141 0.910156 0.988281 0.910156 0.980469 0.917969 0.982422 0.919922 0.982422 0.921875 0.984375 0.923828 0.986328 0.923828 0.988281 0.925781 0.990234 0.925781 0.992188 0.923828 0.994141 0.923828 0.998047 0.919922 0.998047 0.914062
0 0.460938 0.917969 0.455078 0.923828 0.453125 0.929688 0.455078 0.931641 0.455078 0.935547 0.460938 0.941406 0.468750 0.941406 0.472656 0.937500 0.472656 0.927734 0.462891 0.917969
0 0.771484 0.919922 0.761719 0.919922 0.751953 0.927734 0.753906 0.935547 0.761719 0.943359 0.763672 0.955078 0.769531 0.960938 0.765625 0.964844 0.759766 0.964844 0.748047 0.951172 0.738281 0.962891 0.722656 0.964844 0.720703 0.966797 0.726562 0.974609 0.726562 0.980469 0.716797 0.990234 0.712891 0.998047 0.765625 0.998047 0.773438 0.990234 0.777344 0.982422 0.775391 0.974609 0.767578 0.964844 0.771484 0.960938 0.775391 0.960938 0.783203 0.951172 0.777344 0.941406 0.777344 0.927734
0 0.892578 0.923828 0.890625 0.925781 0.892578 0.927734 0.894531 0.925781
0 0.734375 0.927734 0.732422 0.929688 0.730469 0.929688 0.726562 0.933594 0.726562 0.935547 0.730469 0.939453 0.734375 0.939453 0.738281 0.935547 0.738281 0.933594 0.736328 0.931641 0.736328 0.929688
0 0.623047 0.929688 0.619141 0.931641 0.615234 0.929688 0.609375 0.929688 0.605469 0.933594 0.605469 0.937500 0.599609 0.945312 0.603516 0.953125 0.607422 0.955078 0.611328 0.951172 0.611328 0.943359 0.609375 0.941406 0.613281 0.937500 0.617188 0.937500 0.619141 0.939453 0.625000 0.939453 0.626953 0.937500 0.626953 0.933594
0 0.701172 0.933594 0.703125 0.935547 0.705078 0.933594 0.707031 0.933594 0.708984 0.931641 0.707031 0.929688 0.703125 0.929688 0.701172 0.931641
0 0.800781 0.931641 0.798828 0.933594 0.796875 0.933594 0.794922 0.935547 0.794922 0.941406 0.796875 0.943359 0.798828 0.943359 0.800781 0.945312 0.802734 0.945312 0.806641 0.941406 0.806641 0.935547 0.804688 0.933594 0.802734 0.933594
0 0.917969 0.931641 0.916016 0.933594 0.914062 0.933594 0.908203 0.939453 0.910156 0.941406 0.910156 0.943359 0.916016 0.949219 0.917969 0.947266 0.919922 0.949219 0.923828 0.945312 0.923828 0.943359 0.925781 0.941406 0.925781 0.937500 0.921875 0.933594 0.919922 0.933594
0 0.814453 0.943359 0.808594 0.947266 0.808594 0.953125 0.812500 0.958984 0.814453 0.958984 0.816406 0.960938 0.820312 0.960938 0.822266 0.958984 0.824219 0.958984 0.828125 0.955078 0.828125 0.949219 0.822266 0.943359
0 0.626953 0.947266 0.623047 0.951172 0.623047 0.953125 0.625000 0.955078 0.628906 0.955078 0.630859 0.953125 0.630859 0.951172
0 0.701172 0.947266 0.697266 0.951172 0.697266 0.953125 0.701172 0.957031 0.705078 0.957031 0.708984 0.953125 0.708984 0.951172 0.705078 0.947266
0 0.791016 0.955078 0.789062 0.957031 0.789062 0.960938 0.791016 0.962891 0.794922 0.958984
1 0.853516 0.955078 0.835938 0.964844 0.832031 0.972656 0.824219 0.980469 0.820312 0.980469 0.816406 0.984375 0.816406 0.990234 0.822266 0.996094 0.832031 0.990234 0.839844 0.992188 0.847656 0.986328 0.851562 0.976562 0.849609 0.972656 0.857422 0.962891 0.857422 0.958984
0 0.660156 0.966797 0.658203 0.968750 0.660156 0.970703 0.662109 0.970703 0.664062 0.968750 0.662109 0.966797
0 0.873047 0.968750 0.871094 0.970703 0.873047 0.972656 0.875000 0.970703
0 0.634766 0.972656 0.630859 0.976562 0.630859 0.978516 0.628906 0.980469 0.630859 0.982422 0.630859 0.984375 0.634766 0.988281 0.636719 0.988281 0.638672 0.990234 0.644531 0.984375 0.644531 0.978516 0.642578 0.976562 0.642578 0.974609 0.640625 0.972656
0 0.921875 0.974609 0.919922 0.976562 0.919922 0.980469 0.921875 0.982422 0.925781 0.982422 0.929688 0.978516 0.925781 0.974609
