1 0.000000 0.052734 0.064453 0.144531 0.000000 0.210938 0.000000 0.429688 0.048828 0.431641 0.166016 0.773438 0.210938 0.746094 0.250000 0.785156 0.218750 0.871094 0.416016 0.753906 0.441406 0.783203 0.349609 0.833984 0.380859 0.876953 0.462891 0.847656 0.484375 0.884766 0.437500 0.910156 0.507812 0.947266 0.435547 0.953125 0.531250 0.998047 0.496094 0.763672 0.455078 0.751953 0.554688 0.640625 0.496094 0.666016 0.431641 0.626953 0.443359 0.716797 0.269531 0.804688 0.201172 0.716797 0.251953 0.689453 0.322266 0.726562 0.287109 0.587891 0.333984 0.613281 0.464844 0.544922 0.429688 0.523438 0.347656 0.585938 0.306641 0.476562 0.322266 0.533203 0.273438 0.529297 0.316406 0.431641 0.255859 0.449219 0.187500 0.300781 0.294922 0.281250 0.103516 0.261719 0.041016 0.333984 0.072266 0.123047
0 0.093750 0.150391 0.089844 0.154297 0.089844 0.156250 0.091797 0.158203 0.093750 0.158203 0.097656 0.154297
1 0.000000 0.154297 0.000000 0.166016 0.003906 0.166016 0.005859 0.164062 0.003906 0.162109 0.003906 0.160156 0.001953 0.158203 0.001953 0.156250
0 0.025391 0.152344 0.023438 0.154297 0.025391 0.156250 0.027344 0.156250 0.029297 0.154297 0.027344 0.152344
0 0.119141 0.164062 0.115234 0.167969 0.115234 0.169922 0.117188 0.171875 0.117188 0.173828 0.119141 0.175781 0.121094 0.175781 0.123047 0.177734 0.125000 0.177734 0.130859 0.171875 0.128906 0.169922 0.128906 0.167969 0.125000 0.164062
1 0.000000 0.195312 0.000000 0.203125 0.001953 0.201172 0.001953 0.197266
0 0.078125 0.246094 0.076172 0.248047 0.078125 0.250000 0.080078 0.248047
0 0.142578 0.250000 0.140625 0.251953 0.142578 0.253906 0.144531 0.253906 0.146484 0.251953 0.144531 0.250000
0 0.322266 0.292969 0.316406 0.287109 0.294922 0.302734 0.285156 0.312500 0.277344 0.312500 0.273438 0.316406 0.273438 0.320312 0.263672 0.328125 0.269531 0.330078 0.273438 0.326172 0.281250 0.324219 0.291016 0.312500 0.302734 0.308594 0.306641 0.312500 0.304688 0.316406 0.306641 0.318359 0.306641 0.332031 0.310547 0.335938 0.310547 0.345703 0.314453 0.349609 0.318359 0.347656 0.322266 0.341797 0.320312 0.339844 0.328125 0.333984 0.326172 0.332031 0.328125 0.330078 0.314453 0.306641 0.322266 0.298828
0 0.443359 0.285156 0.441406 0.287109 0.441406 0.289062 0.443359 0.291016 0.445312 0.289062 0.445312 0.287109
1 0.083984 0.289062 0.082031 0.289062 0.074219 0.296875 0.074219 0.298828 0.076172 0.300781 0.080078 0.300781 0.083984 0.296875 0.083984 0.294922 0.085938 0.292969 0.085938 0.291016
0 0.453125 0.292969 0.451172 0.294922 0.451172 0.298828 0.453125 0.300781 0.455078 0.300781 0.457031 0.298828 0.457031 0.296875
0 0.710938 0.294922 0.707031 0.298828 0.708984 0.300781 0.710938 0.300781 0.712891 0.298828 0.712891 0.296875
0 0.039062 0.298828 0.037109 0.300781 0.037109 0.302734 0.039062 0.304688 0.042969 0.304688 0.044922 0.302734 0.041016 0.298828
1 0.353516 0.302734 0.357422 0.306641 0.363281 0.306641 0.369141 0.312500 0.371094 0.310547 0.361328 0.300781 0.355469 0.300781
1 0.427734 0.302734 0.431641 0.306641 0.437500 0.308594 0.443359 0.314453 0.447266 0.314453 0.451172 0.318359 0.460938 0.318359 0.462891 0.316406 0.462891 0.312500 0.458984 0.308594 0.457031 0.308594 0.453125 0.312500 0.443359 0.302734 0.439453 0.304688 0.433594 0.300781 0.429688 0.300781
0 0.689453 0.300781 0.687500 0.300781 0.685547 0.302734 0.685547 0.306641 0.687500 0.308594 0.691406 0.304688 0.691406 0.302734
0 0.474609 0.308594 0.472656 0.310547 0.472656 0.316406 0.476562 0.320312 0.480469 0.320312 0.484375 0.316406 0.482422 0.314453 0.482422 0.312500 0.480469 0.310547 0.478516 0.310547 0.476562 0.308594
0 0.417969 0.320312 0.417969 0.322266 0.421875 0.326172 0.423828 0.326172 0.425781 0.324219 0.429688 0.324219 0.431641 0.322266 0.431641 0.320312 0.427734 0.316406 0.421875 0.316406
0 0.660156 0.324219 0.656250 0.328125 0.660156 0.332031 0.664062 0.332031 0.666016 0.330078 0.666016 0.326172 0.664062 0.324219
0 0.371094 0.339844 0.371094 0.343750 0.373047 0.345703 0.378906 0.345703 0.380859 0.343750 0.382812 0.343750 0.384766 0.341797 0.380859 0.337891 0.373047 0.337891
0 0.916016 0.343750 0.914062 0.345703 0.912109 0.345703 0.910156 0.347656 0.910156 0.349609 0.908203 0.351562 0.910156 0.353516 0.910156 0.357422 0.914062 0.361328 0.916016 0.361328 0.917969 0.359375 0.919922 0.359375 0.923828 0.355469 0.923828 0.349609 0.919922 0.345703 0.917969 0.345703
0 0.316406 0.357422 0.308594 0.363281 0.296875 0.365234 0.289062 0.376953 0.292969 0.382812 0.304688 0.378906 0.310547 0.373047 0.314453 0.376953 0.308594 0.388672 0.314453 0.400391 0.310547 0.406250 0.318359 0.412109 0.324219 0.406250 0.330078 0.390625 0.322266 0.378906 0.326172 0.363281
0 0.718750 0.355469 0.714844 0.359375 0.714844 0.361328 0.718750 0.365234 0.722656 0.361328 0.722656 0.359375
0 0.138672 0.369141 0.136719 0.369141 0.134766 0.371094 0.134766 0.373047 0.136719 0.375000 0.140625 0.371094
0 0.765625 0.375000 0.761719 0.378906 0.761719 0.380859 0.763672 0.382812 0.763672 0.384766 0.765625 0.386719 0.767578 0.386719 0.771484 0.390625 0.775391 0.390625 0.779297 0.386719 0.779297 0.384766 0.771484 0.376953 0.769531 0.376953 0.767578 0.375000
0 0.593750 0.404297 0.589844 0.408203 0.589844 0.410156 0.593750 0.414062 0.597656 0.414062 0.601562 0.410156 0.601562 0.408203 0.597656 0.404297
0 0.281250 0.408203 0.279297 0.410156 0.279297 0.412109 0.281250 0.414062 0.283203 0.412109 0.283203 0.410156
0 0.171875 0.419922 0.171875 0.421875 0.175781 0.425781 0.181641 0.419922 0.189453 0.427734 0.189453 0.429688 0.195312 0.433594 0.201172 0.427734 0.201172 0.421875 0.193359 0.414062 0.187500 0.412109 0.185547 0.416016 0.179688 0.421875 0.175781 0.417969
0 0.425781 0.423828 0.416016 0.435547 0.416016 0.439453 0.421875 0.449219 0.423828 0.449219 0.425781 0.451172 0.433594 0.451172 0.441406 0.443359 0.441406 0.429688 0.435547 0.423828
0 0.691406 0.423828 0.687500 0.427734 0.691406 0.431641 0.693359 0.431641 0.695312 0.429688 0.695312 0.425781 0.693359 0.423828
0 0.279297 0.425781 0.277344 0.427734 0.279297 0.429688 0.281250 0.427734
0 0.494141 0.433594 0.492188 0.433594 0.490234 0.435547 0.490234 0.437500 0.492188 0.439453 0.496094 0.435547
1 0.326172 0.451172 0.322266 0.455078 0.322266 0.468750 0.326172 0.472656 0.328125 0.472656 0.330078 0.470703 0.330078 0.464844 0.332031 0.462891 0.332031 0.455078 0.328125 0.451172
0 0.595703 0.451172 0.593750 0.470703 0.615234 0.486328 0.611328 0.490234 0.611328 0.500000 0.607422 0.507812 0.615234 0.515625 0.625000 0.515625 0.630859 0.507812 0.630859 0.501953 0.642578 0.490234 0.638672 0.480469 0.632812 0.476562 0.625000 0.478516 0.599609 0.451172
0 0.470703 0.453125 0.466797 0.457031 0.466797 0.458984 0.464844 0.460938 0.472656 0.468750 0.478516 0.468750 0.482422 0.464844 0.482422 0.460938 0.476562 0.455078 0.472656 0.455078
0 0.654297 0.453125 0.652344 0.455078 0.652344 0.458984 0.654297 0.460938 0.658203 0.460938 0.662109 0.457031 0.658203 0.453125
0 0.457031 0.476562 0.451172 0.478516 0.443359 0.488281 0.443359 0.513672 0.453125 0.525391 0.464844 0.527344 0.474609 0.519531 0.478516 0.505859 0.478516 0.492188 0.468750 0.478516
0 0.498047 0.480469 0.494141 0.484375 0.492188 0.484375 0.488281 0.488281 0.488281 0.496094 0.490234 0.498047 0.496094 0.498047 0.498047 0.496094 0.500000 0.496094 0.501953 0.494141 0.501953 0.492188 0.500000 0.490234 0.500000 0.486328 0.501953 0.484375
0 0.568359 0.496094 0.572266 0.500000 0.578125 0.500000 0.580078 0.498047 0.582031 0.498047 0.583984 0.496094 0.583984 0.494141 0.582031 0.492188 0.572266 0.492188
0 0.550781 0.523438 0.544922 0.529297 0.544922 0.535156 0.546875 0.537109 0.546875 0.539062 0.552734 0.542969 0.558594 0.542969 0.560547 0.541016 0.562500 0.541016 0.566406 0.535156 0.566406 0.529297 0.560547 0.523438
0 0.763672 0.523438 0.759766 0.527344 0.759766 0.531250 0.765625 0.537109 0.767578 0.537109 0.775391 0.529297 0.775391 0.527344 0.773438 0.525391 0.769531 0.525391 0.767578 0.523438
1 0.646484 0.542969 0.644531 0.544922 0.644531 0.554688 0.646484 0.556641 0.648438 0.556641 0.654297 0.562500 0.656250 0.562500 0.658203 0.560547 0.658203 0.558594 0.656250 0.556641 0.654297 0.556641 0.648438 0.550781 0.648438 0.544922
0 0.632812 0.548828 0.628906 0.548828 0.625000 0.552734 0.625000 0.554688 0.628906 0.558594 0.630859 0.558594 0.634766 0.554688 0.634766 0.550781
0 0.388672 0.554688 0.386719 0.556641 0.388672 0.558594 0.390625 0.556641
0 0.589844 0.564453 0.591797 0.566406 0.595703 0.562500 0.597656 0.562500 0.599609 0.564453 0.603516 0.564453 0.609375 0.570312 0.613281 0.566406 0.611328 0.564453 0.611328 0.562500 0.603516 0.554688 0.601562 0.554688 0.593750 0.562500 0.591797 0.562500
0 0.701172 0.568359 0.697266 0.572266 0.697266 0.578125 0.701172 0.582031 0.705078 0.582031 0.708984 0.578125 0.708984 0.574219 0.705078 0.570312 0.703125 0.570312
1 0.542969 0.570312 0.531250 0.580078 0.531250 0.582031 0.527344 0.587891 0.527344 0.595703 0.533203 0.601562 0.537109 0.601562 0.539062 0.599609 0.541016 0.599609 0.544922 0.593750 0.542969 0.591797 0.542969 0.587891 0.541016 0.585938 0.546875 0.578125 0.546875 0.574219
0 0.939453 0.582031 0.935547 0.578125 0.933594 0.578125 0.929688 0.582031 0.929688 0.583984 0.931641 0.585938 0.935547 0.585938
0 0.556641 0.582031 0.554688 0.583984 0.554688 0.585938 0.556641 0.587891 0.552734 0.591797 0.554688 0.593750 0.554688 0.595703 0.552734 0.597656 0.560547 0.605469 0.566406 0.599609 0.560547 0.593750 0.560547 0.591797 0.558594 0.589844 0.558594 0.587891 0.560547 0.585938
1 0.716797 0.593750 0.714844 0.595703 0.714844 0.601562 0.718750 0.605469 0.720703 0.603516 0.724609 0.607422 0.724609 0.609375 0.722656 0.611328 0.722656 0.613281 0.718750 0.617188 0.718750 0.619141 0.726562 0.626953 0.728516 0.625000 0.728516 0.617188 0.726562 0.615234 0.734375 0.607422 0.734375 0.603516 0.732422 0.601562 0.728516 0.601562 0.724609 0.605469 0.720703 0.601562 0.720703 0.595703 0.718750 0.593750
0 0.511719 0.601562 0.507812 0.601562 0.503906 0.605469 0.501953 0.605469 0.500000 0.607422 0.500000 0.611328 0.503906 0.615234 0.507812 0.615234 0.511719 0.611328 0.511719 0.609375 0.513672 0.607422 0.513672 0.603516
0 0.867188 0.615234 0.863281 0.611328 0.859375 0.615234 0.861328 0.617188 0.865234 0.617188
0 0.322266 0.623047 0.320312 0.623047 0.316406 0.626953 0.320312 0.630859 0.324219 0.626953 0.324219 0.625000
0 0.642578 0.626953 0.640625 0.628906 0.640625 0.630859 0.638672 0.632812 0.640625 0.634766 0.642578 0.634766 0.644531 0.636719 0.646484 0.636719 0.648438 0.634766 0.648438 0.632812
0 0.921875 0.626953 0.914062 0.632812 0.914062 0.634766 0.912109 0.636719 0.912109 0.644531 0.917969 0.652344 0.919922 0.652344 0.921875 0.654297 0.929688 0.654297 0.935547 0.648438 0.935547 0.636719 0.929688 0.628906 0.927734 0.628906 0.925781 0.626953
1 0.853516 0.636719 0.851562 0.638672 0.853516 0.640625 0.853516 0.642578 0.867188 0.656250 0.869141 0.656250 0.873047 0.652344 0.873047 0.650391 0.871094 0.648438 0.871094 0.646484 0.867188 0.642578 0.867188 0.640625 0.861328 0.636719
0 0.687500 0.642578 0.683594 0.646484 0.683594 0.648438 0.687500 0.652344 0.689453 0.652344 0.691406 0.650391 0.691406 0.648438 0.693359 0.646484 0.689453 0.642578
0 0.812500 0.640625 0.806641 0.640625 0.798828 0.648438 0.804688 0.654297 0.808594 0.654297 0.816406 0.646484 0.814453 0.644531 0.814453 0.642578
0 0.671875 0.650391 0.667969 0.654297 0.669922 0.656250 0.671875 0.656250 0.673828 0.654297 0.673828 0.652344
0 0.746094 0.648438 0.744141 0.648438 0.742188 0.650391 0.742188 0.652344 0.744141 0.654297 0.748047 0.650391
0 0.841797 0.648438 0.833984 0.648438 0.826172 0.656250 0.826172 0.658203 0.824219 0.660156 0.824219 0.664062 0.828125 0.667969 0.833984 0.666016 0.843750 0.656250 0.843750 0.650391
0 0.593750 0.652344 0.591797 0.652344 0.587891 0.656250 0.587891 0.660156 0.591797 0.664062 0.595703 0.660156 0.595703 0.658203 0.597656 0.656250
0 0.687500 0.658203 0.681641 0.664062 0.681641 0.667969 0.685547 0.671875 0.687500 0.671875 0.689453 0.673828 0.691406 0.671875 0.691406 0.667969 0.693359 0.666016 0.693359 0.664062
0 0.708984 0.658203 0.707031 0.660156 0.708984 0.662109 0.710938 0.660156
1 0.554688 0.667969 0.552734 0.666016 0.550781 0.666016 0.541016 0.675781 0.539062 0.675781 0.535156 0.671875 0.533203 0.671875 0.527344 0.677734 0.527344 0.679688 0.525391 0.681641 0.529297 0.685547 0.531250 0.685547 0.542969 0.673828 0.544922 0.675781 0.546875 0.675781 0.548828 0.677734 0.552734 0.673828 0.552734 0.671875 0.554688 0.669922
0 0.806641 0.664062 0.802734 0.667969 0.804688 0.669922 0.804688 0.677734 0.808594 0.681641 0.810547 0.681641 0.816406 0.675781 0.816406 0.671875 0.808594 0.664062
0 0.792969 0.667969 0.791016 0.669922 0.792969 0.671875 0.794922 0.669922
0 0.861328 0.667969 0.859375 0.669922 0.861328 0.671875 0.863281 0.669922
0 0.722656 0.677734 0.720703 0.679688 0.722656 0.681641 0.724609 0.679688
0 0.828125 0.677734 0.824219 0.681641 0.828125 0.685547 0.830078 0.683594 0.830078 0.679688
0 0.875000 0.695312 0.873047 0.697266 0.873047 0.699219 0.875000 0.701172 0.876953 0.701172 0.878906 0.699219 0.878906 0.697266 0.876953 0.695312
0 0.726562 0.707031 0.720703 0.701172 0.718750 0.701172 0.716797 0.699219 0.712891 0.699219 0.708984 0.703125 0.708984 0.705078 0.701172 0.712891 0.703125 0.714844 0.705078 0.712891 0.707031 0.712891 0.710938 0.708984 0.714844 0.708984 0.716797 0.710938 0.722656 0.710938
0 0.876953 0.716797 0.871094 0.716797 0.869141 0.718750 0.869141 0.720703 0.871094 0.722656 0.871094 0.724609 0.873047 0.726562 0.878906 0.720703 0.878906 0.718750
0 0.527344 0.726562 0.521484 0.732422 0.521484 0.734375 0.527344 0.740234 0.533203 0.740234 0.535156 0.738281 0.535156 0.736328 0.537109 0.734375 0.537109 0.730469 0.533203 0.726562
0 0.816406 0.740234 0.812500 0.744141 0.814453 0.746094 0.816406 0.744141 0.820312 0.748047 0.822266 0.746094 0.820312 0.744141 0.820312 0.742188 0.818359 0.740234
0 0.607422 0.748047 0.603516 0.751953 0.603516 0.755859 0.605469 0.757812 0.607422 0.757812 0.609375 0.755859 0.609375 0.750000
0 0.892578 0.767578 0.890625 0.767578 0.888672 0.769531 0.888672 0.771484 0.890625 0.773438 0.894531 0.769531
0 0.562500 0.773438 0.560547 0.773438 0.554688 0.779297 0.560547 0.785156 0.566406 0.779297 0.566406 0.777344
0 0.765625 0.775391 0.759766 0.781250 0.763672 0.785156 0.767578 0.785156 0.771484 0.781250 0.771484 0.779297 0.769531 0.777344 0.767578 0.777344
0 0.910156 0.779297 0.904297 0.785156 0.904297 0.787109 0.906250 0.789062 0.908203 0.789062 0.912109 0.785156 0.912109 0.781250
0 0.888672 0.781250 0.886719 0.783203 0.886719 0.787109 0.890625 0.791016 0.894531 0.787109 0.894531 0.785156 0.890625 0.781250
0 0.734375 0.791016 0.730469 0.794922 0.730469 0.800781 0.732422 0.802734 0.736328 0.802734 0.738281 0.800781 0.738281 0.798828 0.740234 0.796875
1 0.765625 0.810547 0.761719 0.810547 0.757812 0.814453 0.757812 0.820312 0.755859 0.822266 0.757812 0.824219 0.755859 0.826172 0.757812 0.828125 0.755859 0.830078 0.755859 0.833984 0.753906 0.837891 0.759766 0.843750 0.761719 0.843750 0.765625 0.837891 0.761719 0.830078 0.761719 0.826172 0.763672 0.822266 0.769531 0.816406 0.769531 0.814453
0 0.576172 0.816406 0.578125 0.820312 0.578125 0.830078 0.585938 0.835938 0.595703 0.835938 0.599609 0.833984 0.605469 0.826172 0.605469 0.820312 0.597656 0.812500 0.593750 0.812500 0.587891 0.816406 0.580078 0.812500
0 0.812500 0.812500 0.810547 0.812500 0.808594 0.814453 0.808594 0.816406 0.810547 0.818359 0.814453 0.814453
0 0.982422 0.812500 0.980469 0.814453 0.980469 0.816406 0.982422 0.818359 0.984375 0.816406 0.984375 0.814453
0 0.847656 0.828125 0.845703 0.828125 0.841797 0.832031 0.841797 0.835938 0.843750 0.837891 0.845703 0.837891 0.849609 0.833984 0.849609 0.830078
0 0.562500 0.849609 0.560547 0.851562 0.560547 0.853516 0.562500 0.855469 0.564453 0.853516 0.564453 0.851562
1 0.554688 0.867188 0.550781 0.863281 0.546875 0.863281 0.537109 0.873047 0.535156 0.873047 0.533203 0.875000 0.533203 0.880859 0.535156 0.882812 0.537109 0.880859 0.542969 0.878906 0.546875 0.875000 0.548828 0.875000 0.554688 0.869141
0 0.601562 0.867188 0.599609 0.869141 0.601562 0.871094 0.601562 0.876953 0.605469 0.880859 0.611328 0.875000 0.611328 0.873047 0.609375 0.871094 0.609375 0.869141 0.607422 0.867188
0 0.757812 0.873047 0.755859 0.875000 0.757812 0.876953 0.759766 0.875000
0 0.929688 0.871094 0.927734 0.873047 0.925781 0.873047 0.921875 0.876953 0.921875 0.888672 0.929688 0.896484 0.937500 0.896484 0.941406 0.892578 0.941406 0.890625 0.943359 0.888672 0.943359 0.878906 0.935547 0.871094
0 0.832031 0.876953 0.830078 0.876953 0.828125 0.878906 0.826172 0.878906 0.820312 0.884766 0.820312 0.888672 0.822266 0.890625 0.826172 0.890625 0.833984 0.882812 0.833984 0.878906
0 0.619141 0.892578 0.615234 0.896484 0.615234 0.898438 0.617188 0.900391 0.617188 0.902344 0.619141 0.904297 0.626953 0.904297 0.630859 0.900391 0.628906 0.898438 0.628906 0.896484 0.626953 0.894531 0.625000 0.894531 0.623047 0.892578
0 0.703125 0.896484 0.701172 0.898438 0.701172 0.906250 0.707031 0.912109 0.708984 0.910156 0.708984 0.900391 0.705078 0.896484
0 0.562500 0.904297 0.558594 0.904297 0.556641 0.906250 0.556641 0.908203 0.558594 0.910156 0.560547 0.910156 0.564453 0.906250
1 0.427734 0.912109 0.423828 0.908203 0.414062 0.912109 0.410156 0.927734 0.416016 0.939453 0.408203 0.947266 0.390625 0.939453 0.400391 0.927734 0.398438 0.921875 0.347656 0.929688 0.326172 0.921875 0.248047 0.929688 0.240234 0.943359 0.246094 0.984375 0.257812 0.998047 0.279297 0.990234 0.292969 0.972656 0.291016 0.957031 0.302734 0.947266 0.318359 0.953125 0.302734 0.998047 0.330078 0.998047 0.347656 0.957031 0.388672 0.955078 0.414062 0.966797 0.419922 0.960938 0.417969 0.947266
0 0.687500 0.908203 0.685547 0.910156 0.685547 0.912109 0.687500 0.914062 0.689453 0.912109 0.689453 0.910156
0 0.541016 0.912109 0.539062 0.914062 0.539062 0.917969 0.542969 0.921875 0.544922 0.921875 0.546875 0.919922 0.546875 0.917969 0.548828 0.916016 0.544922 0.912109
1 0.605469 0.916016 0.599609 0.923828 0.601562 0.935547 0.597656 0.941406 0.593750 0.957031 0.607422 0.974609 0.615234 0.970703 0.625000 0.972656 0.628906 0.966797 0.621094 0.960938 0.619141 0.939453 0.611328 0.933594 0.609375 0.929688 0.611328 0.923828
0 0.691406 0.919922 0.687500 0.923828 0.691406 0.927734 0.695312 0.923828
0 0.896484 0.917969 0.892578 0.921875 0.896484 0.925781 0.900391 0.925781 0.902344 0.923828 0.902344 0.919922 0.900391 0.917969
0 0.550781 0.923828 0.548828 0.925781 0.548828 0.931641 0.550781 0.933594 0.552734 0.933594 0.556641 0.929688 0.556641 0.927734 0.552734 0.923828
0 0.867188 0.927734 0.865234 0.929688 0.865234 0.931641 0.863281 0.933594 0.863281 0.939453 0.867188 0.943359 0.873047 0.943359 0.875000 0.941406 0.875000 0.939453 0.876953 0.937500 0.876953 0.931641 0.873047 0.927734
0 0.642578 0.935547 0.640625 0.937500 0.644531 0.941406 0.646484 0.941406 0.648438 0.939453 0.644531 0.935547
1 0.949219 0.937500 0.943359 0.949219 0.943359 0.958984 0.958984 0.974609 0.964844 0.972656 0.976562 0.976562 0.998047 0.976562 0.998047 0.962891 0.986328 0.964844 0.974609 0.958984 0.962891 0.949219 0.962891 0.943359 0.953125 0.933594
0 0.863281 0.955078 0.859375 0.955078 0.857422 0.957031 0.857422 0.958984 0.861328 0.962891 0.865234 0.958984 0.865234 0.957031
0 0.916016 0.955078 0.912109 0.958984 0.912109 0.962891 0.916016 0.966797 0.917969 0.966797 0.921875 0.962891 0.921875 0.958984 0.917969 0.955078
0 0.671875 0.962891 0.669922 0.964844 0.671875 0.966797 0.673828 0.964844
0 0.865234 0.970703 0.861328 0.974609 0.861328 0.976562 0.859375 0.978516 0.859375 0.982422 0.865234 0.988281 0.873047 0.988281 0.876953 0.984375 0.876953 0.976562 0.871094 0.970703
0 0.812500 0.988281 0.810547 0.990234 0.810547 0.998047 0.820312 0.998047 0.820312 0.992188 0.816406 0.988281
1 0.828125 0.998047 0.849609 0.998047 0.849609 0.992188 0.845703 0.988281 0.837891 0.988281 0.835938 0.990234 0.833984 0.990234 0.830078 0.994141 0.830078 0.996094
1 0.558594 0.998047 0.568359 0.998047 0.566406 0.996094 0.564453 0.996094 0.562500 0.994141
1 0.867188 0.998047 0.876953 0.998047 0.875000 0.996094 0.873047 0.998047 0.871094 0.996094 0.869141 0.996094
