0 0.382812 0.017578 0.380859 0.019531 0.382812 0.021484 0.384766 0.019531
0 0.539062 0.083984 0.535156 0.083984 0.533203 0.085938 0.533203 0.087891 0.531250 0.089844 0.535156 0.093750 0.537109 0.093750 0.541016 0.089844 0.541016 0.085938
1 0.000000 0.095703 0.021484 0.591797 0.089844 0.625000 0.019531 0.738281 0.220703 0.669922 0.250000 0.718750 0.187500 0.886719 0.302734 0.912109 0.292969 0.998047 0.353516 0.966797 0.443359 0.998047 0.306641 0.892578 0.417969 0.853516 0.447266 0.884766 0.484375 0.832031 0.591797 0.906250 0.703125 0.884766 0.671875 0.847656 0.589844 0.878906 0.589844 0.810547 0.457031 0.699219 0.402344 0.748047 0.466797 0.718750 0.539062 0.810547 0.228516 0.853516 0.257812 0.681641 0.214844 0.646484 0.322266 0.574219 0.292969 0.494141 0.281250 0.535156 0.166016 0.505859 0.121094 0.419922 0.208984 0.326172 0.273438 0.337891 0.312500 0.238281 0.277344 0.199219 0.275391 0.267578 0.082031 0.404297 0.003906 0.271484 0.070312 0.134766
0 0.199219 0.126953 0.197266 0.128906 0.199219 0.130859 0.201172 0.130859 0.203125 0.128906 0.201172 0.126953
0 0.976562 0.150391 0.974609 0.150391 0.972656 0.152344 0.970703 0.152344 0.968750 0.154297 0.968750 0.158203 0.972656 0.162109 0.976562 0.162109 0.980469 0.158203 0.980469 0.154297
0 0.232422 0.152344 0.230469 0.154297 0.230469 0.156250 0.232422 0.158203 0.232422 0.160156 0.236328 0.164062 0.240234 0.160156 0.238281 0.158203 0.238281 0.156250 0.234375 0.152344
0 0.265625 0.164062 0.261719 0.167969 0.261719 0.169922 0.265625 0.173828 0.269531 0.173828 0.273438 0.169922 0.273438 0.167969 0.269531 0.164062
0 0.312500 0.173828 0.310547 0.175781 0.312500 0.177734 0.314453 0.175781
0 0.242188 0.185547 0.240234 0.187500 0.242188 0.189453 0.244141 0.187500
0 0.291016 0.197266 0.294922 0.201172 0.302734 0.201172 0.306641 0.197266 0.302734 0.193359 0.300781 0.193359 0.298828 0.195312 0.296875 0.193359 0.294922 0.193359
0 0.623047 0.210938 0.621094 0.212891 0.621094 0.214844 0.619141 0.216797 0.623047 0.220703 0.628906 0.220703 0.630859 0.218750 0.630859 0.214844 0.626953 0.210938
1 0.250000 0.216797 0.250000 0.220703 0.253906 0.224609 0.255859 0.224609 0.257812 0.226562 0.259766 0.226562 0.261719 0.228516 0.265625 0.228516 0.269531 0.224609 0.265625 0.220703 0.263672 0.220703 0.259766 0.216797 0.257812 0.216797 0.255859 0.214844 0.251953 0.214844
0 0.369141 0.222656 0.367188 0.224609 0.367188 0.226562 0.369141 0.228516 0.371094 0.226562 0.371094 0.224609
0 0.955078 0.224609 0.953125 0.226562 0.953125 0.228516 0.955078 0.230469 0.957031 0.230469 0.958984 0.228516 0.958984 0.226562 0.957031 0.224609
0 0.236328 0.228516 0.230469 0.232422 0.230469 0.234375 0.228516 0.236328 0.228516 0.238281 0.234375 0.244141 0.236328 0.244141 0.238281 0.246094 0.242188 0.246094 0.248047 0.240234 0.248047 0.234375 0.244141 0.230469 0.242188 0.230469 0.240234 0.228516
1 0.382812 0.234375 0.382812 0.238281 0.388672 0.244141 0.388672 0.246094 0.386719 0.248047 0.386719 0.251953 0.388672 0.253906 0.390625 0.253906 0.392578 0.251953 0.392578 0.248047 0.390625 0.246094 0.396484 0.240234 0.398438 0.240234 0.400391 0.238281 0.408203 0.238281 0.414062 0.244141 0.414062 0.246094 0.416016 0.248047 0.423828 0.248047 0.427734 0.244141 0.427734 0.240234 0.423828 0.236328 0.417969 0.236328 0.416016 0.238281 0.414062 0.238281 0.408203 0.232422 0.408203 0.230469 0.406250 0.228516 0.400391 0.228516 0.398438 0.230469 0.388672 0.230469
0 0.601562 0.242188 0.597656 0.246094 0.597656 0.250000 0.599609 0.251953 0.599609 0.253906 0.601562 0.255859 0.607422 0.255859 0.613281 0.250000 0.613281 0.248047 0.607422 0.242188
0 0.406250 0.255859 0.404297 0.257812 0.404297 0.259766 0.406250 0.261719 0.408203 0.259766 0.408203 0.257812
0 0.550781 0.257812 0.546875 0.261719 0.546875 0.263672 0.550781 0.267578 0.552734 0.267578 0.556641 0.263672 0.556641 0.261719 0.552734 0.257812
0 0.615234 0.257812 0.609375 0.263672 0.609375 0.265625 0.607422 0.267578 0.607422 0.273438 0.615234 0.281250 0.623047 0.281250 0.632812 0.271484 0.632812 0.265625 0.630859 0.263672 0.630859 0.261719 0.625000 0.257812
1 0.998047 0.261719 0.996094 0.263672 0.996094 0.267578 0.998047 0.269531
0 0.302734 0.302734 0.300781 0.302734 0.298828 0.304688 0.298828 0.306641 0.300781 0.308594 0.304688 0.304688
0 0.427734 0.300781 0.421875 0.306641 0.417969 0.314453 0.417969 0.318359 0.416016 0.320312 0.416016 0.328125 0.421875 0.332031 0.427734 0.332031 0.435547 0.328125 0.443359 0.320312 0.441406 0.318359 0.441406 0.312500 0.431641 0.302734
0 0.943359 0.318359 0.939453 0.314453 0.935547 0.318359 0.937500 0.320312 0.941406 0.320312
0 0.306641 0.326172 0.302734 0.330078 0.304688 0.332031 0.304688 0.333984 0.306641 0.335938 0.308594 0.335938 0.310547 0.337891 0.314453 0.337891 0.316406 0.335938 0.316406 0.333984 0.308594 0.326172
0 0.929688 0.332031 0.923828 0.337891 0.923828 0.343750 0.929688 0.349609 0.933594 0.349609 0.935547 0.347656 0.935547 0.345703 0.937500 0.343750 0.937500 0.339844 0.935547 0.337891 0.935547 0.335938 0.931641 0.332031
0 0.355469 0.341797 0.353516 0.343750 0.353516 0.351562 0.357422 0.355469 0.359375 0.355469 0.365234 0.349609 0.365234 0.345703 0.361328 0.341797
0 0.332031 0.343750 0.328125 0.347656 0.328125 0.351562 0.332031 0.355469 0.335938 0.351562 0.335938 0.347656
0 0.421875 0.345703 0.419922 0.347656 0.419922 0.353516 0.421875 0.355469 0.423828 0.355469 0.425781 0.353516 0.425781 0.347656 0.423828 0.345703
0 0.636719 0.345703 0.634766 0.347656 0.634766 0.349609 0.638672 0.353516 0.640625 0.351562 0.640625 0.349609
0 0.580078 0.355469 0.580078 0.359375 0.582031 0.361328 0.582031 0.363281 0.589844 0.369141 0.593750 0.369141 0.595703 0.367188 0.599609 0.367188 0.601562 0.365234 0.603516 0.365234 0.607422 0.359375 0.605469 0.353516 0.599609 0.347656 0.587891 0.347656
0 0.664062 0.347656 0.658203 0.353516 0.658203 0.361328 0.662109 0.367188 0.667969 0.367188 0.669922 0.369141 0.677734 0.361328 0.677734 0.355469 0.675781 0.353516 0.675781 0.351562 0.671875 0.347656
0 0.255859 0.357422 0.253906 0.359375 0.253906 0.361328 0.259766 0.367188 0.261719 0.367188 0.263672 0.365234 0.263672 0.359375 0.261719 0.357422
1 0.291016 0.373047 0.294922 0.376953 0.298828 0.375000 0.310547 0.375000 0.312500 0.373047 0.322266 0.376953 0.332031 0.371094 0.333984 0.373047 0.335938 0.367188 0.328125 0.361328 0.326172 0.367188 0.320312 0.371094 0.308594 0.357422 0.296875 0.355469 0.292969 0.361328 0.294922 0.363281 0.294922 0.369141
0 0.373047 0.355469 0.371094 0.357422 0.371094 0.359375 0.375000 0.363281 0.378906 0.359375 0.375000 0.355469
0 0.876953 0.355469 0.875000 0.357422 0.875000 0.359375 0.876953 0.361328 0.878906 0.361328 0.880859 0.359375
0 0.978516 0.359375 0.976562 0.361328 0.976562 0.367188 0.982422 0.373047 0.984375 0.373047 0.988281 0.369141 0.988281 0.363281 0.984375 0.359375
0 0.412109 0.365234 0.410156 0.367188 0.412109 0.369141 0.414062 0.369141 0.416016 0.367188 0.414062 0.365234
0 0.789062 0.367188 0.785156 0.371094 0.785156 0.376953 0.789062 0.380859 0.794922 0.380859 0.796875 0.378906 0.796875 0.375000 0.794922 0.373047 0.794922 0.371094 0.792969 0.369141 0.791016 0.369141
0 0.263672 0.375000 0.259766 0.378906 0.261719 0.380859 0.263672 0.380859 0.265625 0.378906 0.265625 0.376953
0 0.865234 0.376953 0.861328 0.380859 0.861328 0.382812 0.865234 0.386719 0.867188 0.386719 0.871094 0.382812 0.871094 0.380859 0.867188 0.376953
1 0.261719 0.400391 0.261719 0.410156 0.267578 0.417969 0.283203 0.412109 0.296875 0.425781 0.291016 0.435547 0.294922 0.443359 0.302734 0.439453 0.314453 0.441406 0.320312 0.435547 0.318359 0.425781 0.306641 0.419922 0.292969 0.404297 0.289062 0.404297 0.281250 0.396484 0.285156 0.388672 0.283203 0.384766
0 0.429688 0.388672 0.425781 0.392578 0.425781 0.394531 0.427734 0.396484 0.427734 0.398438 0.429688 0.400391 0.433594 0.400391 0.435547 0.398438 0.435547 0.390625 0.433594 0.388672
0 0.623047 0.386719 0.617188 0.392578 0.617188 0.396484 0.621094 0.400391 0.626953 0.400391 0.630859 0.396484 0.630859 0.392578 0.626953 0.388672 0.625000 0.388672
1 0.314453 0.398438 0.328125 0.414062 0.333984 0.414062 0.339844 0.408203 0.343750 0.408203 0.355469 0.421875 0.367188 0.423828 0.375000 0.417969 0.375000 0.414062 0.367188 0.406250 0.361328 0.404297 0.355469 0.396484 0.351562 0.396484 0.343750 0.404297 0.332031 0.400391 0.326172 0.392578 0.320312 0.392578
0 0.578125 0.394531 0.570312 0.404297 0.570312 0.408203 0.568359 0.410156 0.568359 0.417969 0.576172 0.427734 0.587891 0.427734 0.597656 0.419922 0.601562 0.410156 0.599609 0.408203 0.599609 0.404297 0.591797 0.394531
0 0.742188 0.414062 0.738281 0.417969 0.738281 0.421875 0.742188 0.425781 0.744141 0.425781 0.746094 0.423828 0.746094 0.421875 0.748047 0.419922 0.748047 0.417969 0.744141 0.414062
0 0.507812 0.423828 0.503906 0.427734 0.505859 0.429688 0.505859 0.431641 0.509766 0.435547 0.513672 0.435547 0.517578 0.431641 0.517578 0.429688 0.511719 0.423828
0 0.775391 0.421875 0.771484 0.425781 0.773438 0.427734 0.775391 0.427734 0.777344 0.425781 0.777344 0.423828
0 0.833984 0.423828 0.830078 0.427734 0.830078 0.429688 0.833984 0.433594 0.835938 0.433594 0.837891 0.431641 0.837891 0.425781 0.835938 0.423828
1 0.632812 0.425781 0.630859 0.425781 0.626953 0.429688 0.626953 0.433594 0.625000 0.435547 0.625000 0.441406 0.623047 0.443359 0.623047 0.449219 0.625000 0.451172 0.628906 0.451172 0.630859 0.449219 0.630859 0.447266 0.632812 0.445312 0.632812 0.439453 0.638672 0.433594 0.638672 0.431641
0 0.583984 0.439453 0.582031 0.437500 0.580078 0.437500 0.578125 0.439453 0.576172 0.439453 0.572266 0.443359 0.574219 0.445312 0.582031 0.445312 0.583984 0.443359
0 0.761719 0.439453 0.755859 0.445312 0.755859 0.451172 0.759766 0.455078 0.761719 0.455078 0.763672 0.457031 0.767578 0.457031 0.773438 0.451172 0.773438 0.445312 0.767578 0.439453
1 0.341797 0.443359 0.335938 0.447266 0.333984 0.453125 0.347656 0.466797 0.349609 0.472656 0.353516 0.476562 0.357422 0.472656 0.357422 0.468750 0.355469 0.466797 0.357422 0.462891 0.355469 0.460938 0.355469 0.457031 0.349609 0.449219 0.349609 0.447266
0 0.527344 0.443359 0.525391 0.443359 0.521484 0.447266 0.525391 0.451172 0.529297 0.447266 0.529297 0.445312
0 0.722656 0.441406 0.720703 0.443359 0.720703 0.445312 0.722656 0.447266 0.724609 0.445312 0.724609 0.443359
0 0.462891 0.445312 0.460938 0.447266 0.462891 0.449219 0.464844 0.447266
0 0.605469 0.445312 0.599609 0.451172 0.599609 0.453125 0.601562 0.455078 0.601562 0.457031 0.603516 0.458984 0.611328 0.458984 0.615234 0.455078 0.615234 0.451172 0.609375 0.445312
0 0.828125 0.445312 0.816406 0.449219 0.810547 0.455078 0.810547 0.462891 0.808594 0.464844 0.812500 0.472656 0.820312 0.480469 0.824219 0.480469 0.826172 0.482422 0.833984 0.478516 0.839844 0.472656 0.839844 0.468750 0.843750 0.462891 0.839844 0.455078
0 0.279297 0.449219 0.275391 0.453125 0.275391 0.455078 0.277344 0.457031 0.281250 0.457031 0.283203 0.455078 0.283203 0.453125
0 0.572266 0.455078 0.552734 0.466797 0.558594 0.451172 0.550781 0.449219 0.531250 0.468750 0.529297 0.482422 0.539062 0.496094 0.511719 0.529297 0.468750 0.500000 0.447266 0.511719 0.441406 0.494141 0.431641 0.498047 0.435547 0.525391 0.449219 0.542969 0.437500 0.552734 0.453125 0.558594 0.455078 0.570312 0.443359 0.580078 0.447266 0.589844 0.458984 0.582031 0.482422 0.537109 0.492188 0.550781 0.503906 0.552734 0.507812 0.529297 0.531250 0.542969 0.521484 0.560547 0.527344 0.580078 0.513672 0.595703 0.513672 0.611328 0.521484 0.615234 0.544922 0.591797 0.562500 0.597656 0.550781 0.583984 0.564453 0.572266 0.537109 0.570312 0.554688 0.556641 0.552734 0.542969 0.539062 0.533203 0.574219 0.525391 0.582031 0.515625 0.544922 0.488281 0.570312 0.476562
0 0.902344 0.451172 0.896484 0.457031 0.896484 0.466797 0.902344 0.472656 0.904297 0.472656 0.906250 0.474609 0.908203 0.472656 0.916016 0.472656 0.919922 0.468750 0.919922 0.458984 0.912109 0.451172
0 0.750000 0.462891 0.748047 0.462891 0.744141 0.466797 0.744141 0.472656 0.742188 0.474609 0.744141 0.476562 0.748047 0.476562 0.751953 0.472656 0.751953 0.470703 0.753906 0.468750 0.753906 0.466797
0 0.437500 0.464844 0.433594 0.468750 0.433594 0.472656 0.435547 0.474609 0.441406 0.474609 0.445312 0.470703 0.445312 0.468750 0.443359 0.466797 0.441406 0.466797 0.439453 0.464844
0 0.478516 0.466797 0.476562 0.468750 0.476562 0.472656 0.478516 0.474609 0.482422 0.470703
0 0.662109 0.466797 0.658203 0.472656 0.660156 0.474609 0.660156 0.482422 0.664062 0.490234 0.671875 0.498047 0.683594 0.503906 0.689453 0.498047 0.689453 0.488281 0.691406 0.486328 0.689453 0.472656 0.683594 0.466797 0.675781 0.466797 0.673828 0.464844
0 0.408203 0.470703 0.404297 0.472656 0.408203 0.478516 0.408203 0.492188 0.404297 0.496094 0.398438 0.498047 0.400391 0.503906 0.388672 0.513672 0.384766 0.513672 0.378906 0.507812 0.376953 0.498047 0.367188 0.490234 0.361328 0.496094 0.359375 0.503906 0.365234 0.513672 0.361328 0.519531 0.363281 0.525391 0.376953 0.523438 0.378906 0.521484 0.386719 0.521484 0.388672 0.519531 0.392578 0.519531 0.402344 0.525391 0.408203 0.521484 0.410156 0.513672 0.417969 0.503906 0.416016 0.484375 0.412109 0.478516 0.412109 0.474609
0 0.578125 0.476562 0.580078 0.478516 0.580078 0.480469 0.582031 0.482422 0.591797 0.482422 0.593750 0.480469 0.585938 0.472656 0.582031 0.472656
0 0.494141 0.480469 0.492188 0.480469 0.486328 0.486328 0.486328 0.490234 0.488281 0.492188 0.488281 0.494141 0.490234 0.496094 0.496094 0.490234 0.496094 0.482422
0 0.513672 0.492188 0.511719 0.494141 0.509766 0.494141 0.501953 0.503906 0.500000 0.503906 0.498047 0.501953 0.496094 0.503906 0.492188 0.500000 0.490234 0.501953 0.490234 0.503906 0.498047 0.513672 0.507812 0.513672 0.513672 0.507812 0.513672 0.501953 0.515625 0.500000 0.515625 0.494141
0 0.605469 0.496094 0.603516 0.498047 0.603516 0.500000 0.605469 0.501953 0.607422 0.501953 0.609375 0.500000 0.609375 0.498047 0.607422 0.496094
0 0.869141 0.515625 0.861328 0.515625 0.857422 0.519531 0.857422 0.521484 0.863281 0.527344 0.865234 0.525391 0.867188 0.525391 0.871094 0.521484 0.871094 0.517578
0 0.333984 0.529297 0.337891 0.533203 0.339844 0.533203 0.341797 0.531250 0.343750 0.531250 0.345703 0.529297 0.341797 0.525391 0.337891 0.525391
1 0.599609 0.541016 0.597656 0.542969 0.597656 0.544922 0.601562 0.548828 0.601562 0.562500 0.603516 0.564453 0.607422 0.564453 0.609375 0.562500 0.609375 0.550781
0 0.412109 0.544922 0.408203 0.548828 0.410156 0.550781 0.410156 0.552734 0.412109 0.554688 0.416016 0.550781 0.416016 0.548828
1 0.375000 0.548828 0.371094 0.552734 0.371094 0.562500 0.369141 0.566406 0.355469 0.580078 0.335938 0.587891 0.333984 0.585938 0.330078 0.585938 0.316406 0.599609 0.316406 0.601562 0.306641 0.609375 0.306641 0.617188 0.312500 0.623047 0.316406 0.619141 0.316406 0.611328 0.326172 0.603516 0.335938 0.601562 0.341797 0.597656 0.347656 0.601562 0.351562 0.601562 0.355469 0.597656 0.355469 0.587891 0.373047 0.574219 0.373047 0.566406 0.380859 0.556641
0 0.480469 0.552734 0.478516 0.554688 0.478516 0.558594 0.476562 0.560547 0.478516 0.562500 0.480469 0.562500 0.482422 0.564453 0.486328 0.560547 0.486328 0.556641 0.482422 0.552734
0 0.814453 0.554688 0.812500 0.554688 0.810547 0.556641 0.810547 0.558594 0.812500 0.560547 0.816406 0.556641
0 0.658203 0.560547 0.652344 0.566406 0.652344 0.570312 0.654297 0.572266 0.654297 0.574219 0.662109 0.582031 0.666016 0.582031 0.667969 0.583984 0.669922 0.582031 0.673828 0.582031 0.679688 0.576172 0.679688 0.570312 0.677734 0.568359 0.677734 0.566406 0.673828 0.562500 0.669922 0.562500 0.664062 0.558594
0 0.630859 0.562500 0.628906 0.564453 0.628906 0.570312 0.632812 0.574219 0.636719 0.574219 0.640625 0.570312 0.640625 0.568359 0.634766 0.562500
0 0.470703 0.574219 0.468750 0.576172 0.470703 0.578125 0.472656 0.576172
0 0.568359 0.582031 0.566406 0.583984 0.568359 0.585938 0.570312 0.583984
0 0.742188 0.583984 0.738281 0.587891 0.744141 0.593750 0.740234 0.605469 0.748047 0.613281 0.751953 0.613281 0.755859 0.611328 0.769531 0.597656 0.769531 0.591797 0.763672 0.587891 0.759766 0.587891 0.755859 0.591797 0.750000 0.593750
0 0.841797 0.582031 0.837891 0.582031 0.835938 0.583984 0.835938 0.585938 0.839844 0.589844 0.843750 0.585938 0.843750 0.583984
0 0.576172 0.601562 0.572266 0.605469 0.572266 0.609375 0.578125 0.615234 0.580078 0.615234 0.582031 0.617188 0.585938 0.617188 0.589844 0.613281 0.589844 0.609375 0.582031 0.601562
0 0.503906 0.609375 0.496094 0.609375 0.494141 0.611328 0.494141 0.613281 0.492188 0.615234 0.492188 0.619141 0.494141 0.621094 0.494141 0.623047 0.496094 0.625000 0.498047 0.625000 0.507812 0.615234 0.507812 0.613281
0 0.449219 0.617188 0.447266 0.619141 0.449219 0.621094 0.451172 0.621094 0.453125 0.619141 0.451172 0.617188
0 0.658203 0.623047 0.656250 0.625000 0.656250 0.626953 0.660156 0.630859 0.664062 0.626953 0.660156 0.623047
1 0.494141 0.634766 0.484375 0.626953 0.474609 0.626953 0.464844 0.640625 0.455078 0.638672 0.441406 0.644531 0.431641 0.658203 0.433594 0.681641 0.441406 0.687500 0.455078 0.687500 0.462891 0.679688 0.462891 0.652344 0.468750 0.646484 0.482422 0.646484 0.490234 0.642578
0 0.363281 0.632812 0.359375 0.628906 0.357422 0.630859 0.353516 0.630859 0.351562 0.632812 0.349609 0.632812 0.347656 0.634766 0.347656 0.640625 0.349609 0.642578 0.357422 0.642578 0.363281 0.636719
0 0.687500 0.632812 0.683594 0.636719 0.683594 0.638672 0.687500 0.642578 0.689453 0.642578 0.691406 0.640625 0.691406 0.636719
1 0.710938 0.632812 0.705078 0.636719 0.703125 0.640625 0.703125 0.646484 0.710938 0.654297 0.716797 0.654297 0.720703 0.658203 0.720703 0.662109 0.724609 0.666016 0.730469 0.658203 0.722656 0.654297 0.718750 0.650391 0.722656 0.644531 0.720703 0.636719 0.716797 0.632812
0 0.851562 0.632812 0.847656 0.636719 0.847656 0.640625 0.851562 0.644531 0.853516 0.644531 0.857422 0.640625 0.857422 0.638672
0 0.984375 0.640625 0.984375 0.642578 0.982422 0.644531 0.984375 0.646484 0.984375 0.648438 0.988281 0.652344 0.994141 0.652344 0.996094 0.650391 0.998047 0.650391 0.998047 0.644531 0.996094 0.642578 0.994141 0.642578 0.990234 0.638672 0.986328 0.638672
0 0.277344 0.640625 0.273438 0.644531 0.273438 0.648438 0.277344 0.652344 0.279297 0.652344 0.283203 0.648438 0.283203 0.644531 0.279297 0.640625
0 0.605469 0.640625 0.601562 0.644531 0.605469 0.648438 0.609375 0.648438 0.613281 0.644531 0.609375 0.640625
0 0.576172 0.646484 0.572266 0.650391 0.572266 0.652344 0.578125 0.658203 0.580078 0.658203 0.583984 0.654297 0.583984 0.650391 0.580078 0.646484
0 0.648438 0.648438 0.642578 0.654297 0.642578 0.658203 0.646484 0.662109 0.652344 0.662109 0.656250 0.658203 0.656250 0.652344 0.652344 0.648438
0 0.509766 0.660156 0.505859 0.660156 0.496094 0.669922 0.496094 0.679688 0.500000 0.683594 0.505859 0.683594 0.511719 0.677734 0.511719 0.662109
0 0.693359 0.673828 0.689453 0.677734 0.689453 0.685547 0.691406 0.687500 0.689453 0.689453 0.695312 0.695312 0.701172 0.695312 0.703125 0.697266 0.708984 0.697266 0.712891 0.693359 0.712891 0.689453 0.710938 0.687500 0.710938 0.685547 0.708984 0.683594 0.705078 0.683594 0.697266 0.675781 0.695312 0.675781
0 0.748047 0.671875 0.746094 0.673828 0.746094 0.675781 0.748047 0.677734 0.750000 0.675781 0.750000 0.673828
0 0.875000 0.671875 0.873047 0.673828 0.873047 0.675781 0.875000 0.677734 0.876953 0.675781 0.876953 0.673828
0 0.664062 0.679688 0.662109 0.681641 0.662109 0.685547 0.666016 0.689453 0.667969 0.689453 0.669922 0.687500 0.669922 0.685547 0.667969 0.683594 0.667969 0.681641 0.666016 0.679688
0 0.775391 0.683594 0.771484 0.683594 0.769531 0.685547 0.773438 0.689453 0.777344 0.685547
0 0.759766 0.701172 0.755859 0.705078 0.757812 0.707031 0.757812 0.708984 0.759766 0.710938 0.759766 0.712891 0.763672 0.716797 0.765625 0.714844 0.765625 0.712891 0.767578 0.710938 0.767578 0.708984 0.765625 0.707031 0.765625 0.705078 0.763672 0.703125 0.761719 0.703125
0 0.697266 0.712891 0.691406 0.718750 0.691406 0.724609 0.689453 0.726562 0.689453 0.738281 0.703125 0.750000 0.707031 0.750000 0.712891 0.744141 0.712891 0.740234 0.705078 0.732422 0.705078 0.722656 0.707031 0.720703 0.705078 0.716797 0.701172 0.712891
0 0.753906 0.726562 0.740234 0.726562 0.738281 0.728516 0.740234 0.732422 0.734375 0.740234 0.736328 0.742188 0.738281 0.751953 0.750000 0.761719 0.746094 0.765625 0.738281 0.765625 0.734375 0.767578 0.724609 0.759766 0.718750 0.765625 0.730469 0.775391 0.730469 0.779297 0.732422 0.781250 0.730469 0.783203 0.738281 0.792969 0.746094 0.792969 0.751953 0.787109 0.753906 0.783203 0.753906 0.773438 0.748047 0.763672 0.751953 0.759766 0.759766 0.757812 0.767578 0.746094 0.767578 0.738281 0.765625 0.734375
0 0.587891 0.746094 0.583984 0.750000 0.583984 0.753906 0.589844 0.759766 0.595703 0.759766 0.601562 0.753906 0.599609 0.751953 0.599609 0.750000 0.595703 0.746094
0 0.833984 0.763672 0.832031 0.765625 0.833984 0.767578 0.835938 0.767578 0.837891 0.765625 0.835938 0.763672
0 0.568359 0.773438 0.572266 0.777344 0.574219 0.777344 0.583984 0.787109 0.589844 0.787109 0.593750 0.783203 0.593750 0.779297 0.585938 0.771484 0.580078 0.771484 0.576172 0.767578 0.574219 0.767578
0 0.419922 0.771484 0.416016 0.775391 0.417969 0.777344 0.419922 0.777344 0.421875 0.779297 0.423828 0.777344 0.423828 0.773438 0.421875 0.771484
0 0.625000 0.775391 0.623047 0.773438 0.619141 0.773438 0.617188 0.775391 0.609375 0.775391 0.605469 0.779297 0.605469 0.783203 0.609375 0.787109 0.611328 0.787109 0.613281 0.785156 0.615234 0.785156 0.617188 0.783203 0.619141 0.783203 0.623047 0.779297 0.623047 0.777344
0 0.906250 0.775391 0.904297 0.775391 0.898438 0.781250 0.900391 0.783203 0.900391 0.785156 0.902344 0.787109 0.904297 0.787109 0.910156 0.781250 0.910156 0.779297
0 0.828125 0.777344 0.824219 0.781250 0.826172 0.783203 0.826172 0.785156 0.828125 0.787109 0.830078 0.787109 0.832031 0.785156 0.832031 0.781250
0 0.943359 0.794922 0.941406 0.796875 0.943359 0.798828 0.945312 0.796875
0 0.859375 0.835938 0.863281 0.855469 0.888672 0.867188 0.908203 0.841797 0.916016 0.845703 0.914062 0.853516 0.927734 0.865234 0.929688 0.875000 0.923828 0.880859 0.904297 0.875000 0.890625 0.884766 0.896484 0.894531 0.914062 0.886719 0.935547 0.902344 0.945312 0.902344 0.951172 0.896484 0.949219 0.884766 0.933594 0.880859 0.939453 0.873047 0.939453 0.847656 0.923828 0.837891 0.935547 0.832031 0.949219 0.847656 0.966797 0.847656 0.968750 0.843750 0.957031 0.824219 0.937500 0.822266 0.927734 0.810547 0.935547 0.802734 0.931641 0.796875 0.921875 0.808594 0.912109 0.812500 0.900391 0.808594 0.894531 0.814453 0.898438 0.826172 0.916016 0.822266 0.919922 0.828125 0.890625 0.839844 0.880859 0.853516 0.871094 0.845703 0.873047 0.837891 0.867188 0.832031
1 0.851562 0.800781 0.847656 0.804688 0.851562 0.808594 0.855469 0.808594 0.859375 0.812500 0.861328 0.810547
0 0.640625 0.816406 0.644531 0.820312 0.650391 0.820312 0.654297 0.816406 0.650391 0.812500 0.644531 0.812500
0 0.632812 0.826172 0.630859 0.828125 0.634766 0.832031 0.636719 0.830078 0.636719 0.828125 0.634766 0.826172
1 0.757812 0.832031 0.761719 0.837891 0.765625 0.837891 0.771484 0.841797 0.775391 0.841797 0.777344 0.839844 0.783203 0.839844 0.785156 0.841797 0.789062 0.841797 0.794922 0.837891 0.794922 0.833984 0.792969 0.832031 0.781250 0.832031 0.773438 0.828125 0.761719 0.828125
0 0.808594 0.830078 0.804688 0.833984 0.804688 0.837891 0.808594 0.841797 0.814453 0.841797 0.820312 0.835938 0.816406 0.832031 0.814453 0.832031 0.812500 0.830078
0 0.599609 0.839844 0.605469 0.845703 0.603516 0.847656 0.611328 0.855469 0.617188 0.855469 0.621094 0.851562 0.621094 0.849609 0.619141 0.847656 0.619141 0.843750 0.617188 0.841797 0.611328 0.841797 0.609375 0.843750 0.607422 0.841797 0.605469 0.841797 0.601562 0.837891
0 0.716797 0.847656 0.712891 0.851562 0.712891 0.857422 0.716797 0.861328 0.720703 0.861328 0.722656 0.859375 0.724609 0.859375 0.726562 0.857422 0.726562 0.855469 0.720703 0.849609 0.718750 0.849609
0 0.769531 0.847656 0.763672 0.847656 0.761719 0.849609 0.757812 0.849609 0.753906 0.853516 0.759766 0.859375 0.751953 0.867188 0.751953 0.871094 0.750000 0.875000 0.744141 0.880859 0.742188 0.880859 0.734375 0.871094 0.730469 0.873047 0.730469 0.875000 0.738281 0.882812 0.738281 0.890625 0.742188 0.894531 0.746094 0.894531 0.753906 0.886719 0.763672 0.886719 0.767578 0.880859 0.767578 0.869141 0.761719 0.863281 0.773438 0.853516 0.773438 0.851562
0 0.802734 0.849609 0.798828 0.853516 0.802734 0.857422 0.804688 0.857422 0.808594 0.853516 0.804688 0.849609
1 0.982422 0.855469 0.980469 0.857422 0.980469 0.861328 0.982422 0.863281 0.982422 0.865234 0.986328 0.869141 0.988281 0.869141 0.990234 0.871094 0.992188 0.871094 0.994141 0.869141 0.994141 0.865234 0.986328 0.857422 0.984375 0.857422
1 0.835938 0.871094 0.835938 0.880859 0.843750 0.890625 0.849609 0.890625 0.855469 0.884766 0.863281 0.880859 0.875000 0.880859 0.878906 0.882812 0.884766 0.876953 0.880859 0.871094 0.871094 0.876953 0.867188 0.876953 0.851562 0.863281 0.843750 0.863281
0 0.798828 0.871094 0.796875 0.873047 0.796875 0.875000 0.800781 0.878906 0.804688 0.875000 0.800781 0.871094
0 0.515625 0.878906 0.511719 0.882812 0.511719 0.884766 0.515625 0.888672 0.519531 0.888672 0.523438 0.884766 0.523438 0.882812 0.519531 0.878906
0 0.990234 0.880859 0.988281 0.882812 0.986328 0.882812 0.984375 0.884766 0.984375 0.890625 0.986328 0.892578 0.990234 0.892578 0.992188 0.890625 0.994141 0.890625 0.996094 0.888672 0.996094 0.886719
0 0.537109 0.884766 0.533203 0.888672 0.533203 0.894531 0.541016 0.902344 0.541016 0.904297 0.546875 0.908203 0.550781 0.904297 0.548828 0.902344 0.548828 0.896484 0.546875 0.894531 0.546875 0.892578 0.542969 0.888672 0.542969 0.886719 0.541016 0.884766
0 0.775391 0.882812 0.773438 0.884766 0.773438 0.888672 0.775391 0.890625 0.779297 0.890625 0.781250 0.888672 0.781250 0.884766 0.779297 0.882812
0 0.699219 0.892578 0.697266 0.894531 0.699219 0.896484 0.701172 0.894531
0 0.617188 0.910156 0.619141 0.935547 0.603516 0.966797 0.615234 0.998047 0.669922 0.998047 0.671875 0.988281 0.656250 0.968750 0.673828 0.957031 0.675781 0.943359 0.707031 0.958984 0.707031 0.976562 0.724609 0.974609 0.734375 0.960938 0.726562 0.949219 0.736328 0.937500 0.681641 0.906250 0.660156 0.910156 0.636719 0.894531
0 0.904297 0.904297 0.902344 0.906250 0.900391 0.906250 0.896484 0.910156 0.896484 0.919922 0.900391 0.923828 0.902344 0.923828 0.904297 0.925781 0.908203 0.925781 0.914062 0.919922 0.914062 0.912109 0.912109 0.910156 0.912109 0.906250 0.910156 0.904297
0 0.777344 0.908203 0.771484 0.914062 0.777344 0.919922 0.783203 0.914062
0 0.722656 0.916016 0.724609 0.917969 0.724609 0.919922 0.726562 0.921875 0.734375 0.921875 0.736328 0.919922 0.738281 0.919922 0.740234 0.917969 0.740234 0.916016 0.742188 0.914062 0.740234 0.912109 0.738281 0.912109 0.736328 0.910156 0.726562 0.910156 0.722656 0.914062
0 0.810547 0.917969 0.810547 0.921875 0.812500 0.925781 0.820312 0.933594 0.824219 0.933594 0.826172 0.935547 0.832031 0.935547 0.833984 0.933594 0.837891 0.933594 0.841797 0.927734 0.841797 0.919922 0.833984 0.912109 0.830078 0.910156 0.820312 0.910156
0 0.486328 0.917969 0.484375 0.919922 0.486328 0.921875 0.488281 0.919922
1 0.607422 0.935547 0.603516 0.931641 0.595703 0.931641 0.593750 0.933594 0.582031 0.933594 0.574219 0.943359 0.566406 0.943359 0.564453 0.945312 0.568359 0.949219 0.574219 0.945312 0.578125 0.945312 0.585938 0.949219 0.595703 0.943359 0.601562 0.943359
0 0.806641 0.941406 0.798828 0.947266 0.796875 0.951172 0.796875 0.955078 0.794922 0.957031 0.794922 0.960938 0.800781 0.966797 0.806641 0.966797 0.808594 0.968750 0.816406 0.968750 0.822266 0.964844 0.822266 0.955078 0.818359 0.947266 0.812500 0.941406
0 0.535156 0.951172 0.537109 0.953125 0.537109 0.955078 0.541016 0.958984 0.542969 0.958984 0.544922 0.960938 0.550781 0.957031 0.558594 0.957031 0.562500 0.953125 0.562500 0.951172 0.556641 0.947266 0.539062 0.947266
0 0.748047 0.949219 0.748047 0.951172 0.750000 0.953125 0.751953 0.953125 0.755859 0.957031 0.761719 0.951172 0.757812 0.947266 0.750000 0.947266
1 0.451172 0.949219 0.445312 0.955078 0.445312 0.960938 0.457031 0.970703 0.468750 0.988281 0.474609 0.988281 0.480469 0.982422 0.470703 0.974609 0.470703 0.966797 0.460938 0.957031 0.460938 0.955078 0.455078 0.949219
0 0.781250 0.949219 0.777344 0.953125 0.779297 0.955078 0.779297 0.957031 0.781250 0.958984 0.787109 0.958984 0.789062 0.957031 0.789062 0.953125 0.785156 0.949219
0 0.691406 0.962891 0.687500 0.962891 0.685547 0.964844 0.683594 0.964844 0.681641 0.966797 0.681641 0.968750 0.679688 0.970703 0.679688 0.974609 0.683594 0.978516 0.685547 0.978516 0.687500 0.976562 0.689453 0.976562 0.691406 0.974609 0.693359 0.974609 0.695312 0.972656 0.695312 0.966797
0 0.583984 0.964844 0.580078 0.966797 0.576172 0.972656 0.580078 0.998047 0.593750 0.998047 0.593750 0.970703 0.589844 0.966797
1 0.742188 0.964844 0.740234 0.966797 0.740234 0.970703 0.738281 0.972656 0.738281 0.974609 0.736328 0.976562 0.736328 0.980469 0.740234 0.984375 0.742188 0.982422 0.742188 0.972656 0.744141 0.970703 0.744141 0.966797
0 0.525391 0.980469 0.527344 0.984375 0.527344 0.992188 0.523438 0.998047 0.564453 0.998047 0.564453 0.988281 0.554688 0.974609 0.546875 0.970703 0.541016 0.970703 0.539062 0.972656 0.531250 0.972656
0 0.884766 0.982422 0.871094 0.972656 0.865234 0.972656 0.861328 0.974609 0.859375 0.978516 0.845703 0.990234 0.845703 0.996094 0.847656 0.998047 0.865234 0.998047 0.865234 0.996094 0.871094 0.990234 0.876953 0.990234 0.880859 0.992188 0.884766 0.988281
0 0.503906 0.984375 0.500000 0.988281 0.505859 0.994141 0.507812 0.994141 0.509766 0.992188 0.509766 0.986328 0.507812 0.984375
0 0.707031 0.984375 0.701172 0.990234 0.701172 0.992188 0.703125 0.994141 0.703125 0.998047 0.710938 0.998047 0.712891 0.996094 0.712891 0.990234
0 0.906250 0.988281 0.906250 0.998047 0.923828 0.998047 0.923828 0.990234 0.919922 0.986328 0.908203 0.986328
0 0.939453 0.996094 0.939453 0.998047 0.953125 0.998047 0.953125 0.994141 0.949219 0.990234 0.945312 0.990234
0 0.761719 0.998047 0.757812 0.994141 0.753906 0.998047
