1 0.000000 0.076172 0.000000 0.115234 0.001953 0.113281 0.001953 0.109375 0.003906 0.107422 0.003906 0.083984 0.001953 0.082031 0.001953 0.078125
0 0.441406 0.113281 0.439453 0.115234 0.439453 0.117188 0.441406 0.119141 0.443359 0.117188 0.443359 0.115234
1 0.003906 0.123047 0.001953 0.125000 0.000000 0.123047 0.000000 0.181641 0.009766 0.173828 0.007812 0.142578 0.011719 0.136719 0.011719 0.130859
0 0.441406 0.125000 0.439453 0.126953 0.439453 0.130859 0.441406 0.132812 0.443359 0.130859 0.443359 0.126953
0 0.357422 0.160156 0.355469 0.162109 0.355469 0.166016 0.357422 0.167969 0.357422 0.169922 0.359375 0.171875 0.363281 0.171875 0.365234 0.173828 0.367188 0.173828 0.371094 0.169922 0.371094 0.162109 0.369141 0.160156 0.367188 0.160156 0.365234 0.158203 0.361328 0.158203 0.359375 0.160156
1 0.000000 0.193359 0.000000 0.238281 0.031250 0.238281 0.000000 0.255859 0.050781 0.273438 0.041016 0.326172 0.000000 0.322266 0.000000 0.484375 0.041016 0.537109 0.035156 0.599609 0.078125 0.597656 0.193359 0.802734 0.246094 0.810547 0.332031 0.765625 0.349609 0.792969 0.392578 0.791016 0.427734 0.855469 0.359375 0.830078 0.373047 0.855469 0.201172 0.970703 0.199219 0.998047 0.398438 0.917969 0.431641 0.878906 0.425781 0.910156 0.458984 0.908203 0.470703 0.873047 0.435547 0.787109 0.462891 0.777344 0.384766 0.744141 0.417969 0.662109 0.304688 0.619141 0.316406 0.535156 0.253906 0.441406 0.201172 0.421875 0.177734 0.363281 0.072266 0.316406 0.060547 0.185547 0.042969 0.216797
0 0.287109 0.179688 0.283203 0.183594 0.283203 0.185547 0.289062 0.191406 0.292969 0.187500 0.292969 0.183594 0.289062 0.179688
0 0.375000 0.181641 0.373047 0.183594 0.378906 0.189453 0.382812 0.185547 0.382812 0.183594 0.380859 0.181641
0 0.367188 0.195312 0.365234 0.197266 0.365234 0.201172 0.367188 0.203125 0.369141 0.203125 0.371094 0.201172 0.371094 0.197266 0.369141 0.195312
0 0.449219 0.207031 0.447266 0.207031 0.443359 0.210938 0.443359 0.218750 0.445312 0.220703 0.447266 0.220703 0.453125 0.214844 0.453125 0.210938
0 0.214844 0.234375 0.210938 0.238281 0.214844 0.242188 0.218750 0.242188 0.220703 0.240234 0.220703 0.236328 0.218750 0.234375
0 0.457031 0.250000 0.462891 0.255859 0.478516 0.255859 0.488281 0.250000 0.488281 0.248047 0.490234 0.246094 0.490234 0.242188 0.486328 0.238281 0.468750 0.238281 0.466797 0.240234 0.464844 0.240234 0.457031 0.248047
0 0.265625 0.255859 0.263672 0.255859 0.259766 0.259766 0.263672 0.263672 0.267578 0.259766 0.267578 0.257812
0 0.158203 0.263672 0.156250 0.265625 0.156250 0.271484 0.160156 0.275391 0.162109 0.273438 0.162109 0.271484 0.164062 0.269531 0.164062 0.267578 0.160156 0.263672
0 0.007812 0.271484 0.003906 0.271484 0.000000 0.275391 0.000000 0.285156 0.001953 0.285156 0.007812 0.279297 0.007812 0.277344 0.009766 0.275391 0.009766 0.273438
0 0.298828 0.275391 0.298828 0.281250 0.310547 0.292969 0.314453 0.292969 0.316406 0.291016 0.326172 0.287109 0.330078 0.283203 0.326172 0.279297 0.324219 0.279297 0.322266 0.281250 0.320312 0.279297 0.318359 0.279297 0.310547 0.271484 0.302734 0.271484
0 0.136719 0.275391 0.132812 0.275391 0.130859 0.277344 0.130859 0.279297 0.134766 0.283203 0.138672 0.279297 0.138672 0.277344
0 0.357422 0.296875 0.353516 0.296875 0.351562 0.298828 0.349609 0.298828 0.347656 0.300781 0.345703 0.300781 0.343750 0.302734 0.343750 0.304688 0.341797 0.306641 0.341797 0.308594 0.345703 0.312500 0.347656 0.312500 0.349609 0.310547 0.351562 0.310547 0.359375 0.302734 0.359375 0.298828
1 0.251953 0.320312 0.246094 0.314453 0.242188 0.314453 0.234375 0.322266 0.232422 0.320312 0.230469 0.320312 0.226562 0.324219 0.226562 0.326172 0.230469 0.330078 0.232422 0.330078 0.234375 0.328125 0.234375 0.324219 0.238281 0.320312 0.242188 0.324219 0.248047 0.324219
0 0.339844 0.320312 0.333984 0.314453 0.332031 0.314453 0.330078 0.316406 0.328125 0.316406 0.326172 0.318359 0.326172 0.324219 0.328125 0.326172 0.333984 0.326172
0 0.210938 0.339844 0.208984 0.341797 0.208984 0.343750 0.212891 0.347656 0.216797 0.343750 0.214844 0.341797 0.212891 0.341797
0 0.955078 0.365234 0.953125 0.367188 0.955078 0.369141 0.957031 0.367188
0 0.746094 0.371094 0.744141 0.373047 0.744141 0.375000 0.746094 0.376953 0.748047 0.376953 0.750000 0.375000 0.750000 0.373047 0.748047 0.371094
0 0.281250 0.386719 0.279297 0.388672 0.279297 0.390625 0.281250 0.392578 0.283203 0.390625 0.283203 0.388672
0 0.847656 0.396484 0.843750 0.400391 0.843750 0.402344 0.847656 0.406250 0.849609 0.406250 0.853516 0.402344 0.853516 0.400391 0.849609 0.396484
0 0.304688 0.406250 0.302734 0.408203 0.302734 0.412109 0.306641 0.416016 0.310547 0.412109
0 0.757812 0.429688 0.753906 0.425781 0.751953 0.425781 0.748047 0.429688 0.748047 0.431641 0.750000 0.433594 0.753906 0.433594
0 0.738281 0.447266 0.734375 0.451172 0.738281 0.455078 0.742188 0.455078 0.744141 0.453125 0.744141 0.451172 0.740234 0.447266
0 0.748047 0.460938 0.744141 0.464844 0.744141 0.466797 0.748047 0.470703 0.750000 0.470703 0.753906 0.466797 0.753906 0.464844 0.750000 0.460938
0 0.666016 0.464844 0.662109 0.468750 0.662109 0.470703 0.666016 0.474609 0.667969 0.474609 0.671875 0.470703 0.671875 0.468750 0.667969 0.464844
1 0.408203 0.472656 0.402344 0.480469 0.402344 0.535156 0.404297 0.544922 0.410156 0.550781 0.423828 0.554688 0.429688 0.550781 0.423828 0.525391 0.423828 0.511719 0.429688 0.500000 0.429688 0.488281 0.417969 0.472656
1 0.289062 0.476562 0.287109 0.478516 0.289062 0.480469 0.289062 0.482422 0.287109 0.484375 0.287109 0.486328 0.289062 0.488281 0.291016 0.486328 0.291016 0.484375 0.289062 0.482422 0.289062 0.480469 0.291016 0.478516
0 0.691406 0.513672 0.689453 0.515625 0.689453 0.519531 0.691406 0.521484 0.695312 0.521484 0.697266 0.519531 0.697266 0.515625 0.695312 0.513672
0 0.644531 0.548828 0.642578 0.550781 0.642578 0.554688 0.646484 0.558594 0.650391 0.554688 0.650391 0.552734 0.648438 0.550781 0.646484 0.550781
0 0.335938 0.552734 0.332031 0.556641 0.335938 0.560547 0.339844 0.556641
0 0.396484 0.568359 0.392578 0.572266 0.392578 0.587891 0.394531 0.589844 0.394531 0.591797 0.398438 0.595703 0.408203 0.595703 0.410156 0.593750 0.412109 0.593750 0.416016 0.587891 0.416016 0.582031 0.404297 0.570312 0.402344 0.570312 0.400391 0.568359
0 0.177734 0.580078 0.185547 0.585938 0.183594 0.587891 0.183594 0.591797 0.187500 0.595703 0.191406 0.597656 0.193359 0.595703 0.197266 0.597656 0.201172 0.595703 0.197266 0.593750 0.191406 0.587891 0.191406 0.585938 0.195312 0.582031 0.193359 0.578125 0.195312 0.576172 0.193359 0.574219 0.191406 0.576172 0.185547 0.576172
1 0.171875 0.580078 0.169922 0.578125 0.162109 0.578125 0.160156 0.580078 0.158203 0.580078 0.154297 0.583984 0.154297 0.585938 0.156250 0.587891 0.162109 0.587891 0.167969 0.582031 0.169922 0.582031
0 0.357422 0.595703 0.353516 0.599609 0.353516 0.603516 0.361328 0.611328 0.363281 0.609375 0.365234 0.609375 0.367188 0.607422 0.367188 0.601562 0.361328 0.595703
0 0.429688 0.593750 0.425781 0.597656 0.425781 0.601562 0.431641 0.607422 0.435547 0.607422 0.439453 0.603516 0.439453 0.597656 0.435547 0.593750
0 0.708984 0.599609 0.707031 0.601562 0.707031 0.603516 0.708984 0.605469 0.710938 0.603516 0.710938 0.601562
0 0.537109 0.609375 0.531250 0.615234 0.531250 0.617188 0.537109 0.623047 0.541016 0.623047 0.544922 0.619141 0.544922 0.615234 0.539062 0.609375
0 0.558594 0.613281 0.556641 0.615234 0.556641 0.617188 0.560547 0.621094 0.564453 0.617188 0.560547 0.613281
0 0.224609 0.646484 0.222656 0.648438 0.222656 0.652344 0.226562 0.656250 0.228516 0.656250 0.230469 0.654297 0.230469 0.648438 0.228516 0.646484
0 0.496094 0.650391 0.492188 0.646484 0.488281 0.646484 0.486328 0.644531 0.484375 0.646484 0.482422 0.646484 0.480469 0.648438 0.480469 0.652344 0.478516 0.654297 0.482422 0.658203 0.490234 0.658203 0.492188 0.656250 0.494141 0.656250 0.496094 0.654297
0 0.556641 0.650391 0.552734 0.654297 0.556641 0.658203 0.560547 0.658203 0.562500 0.656250 0.562500 0.652344 0.560547 0.650391
0 0.888672 0.662109 0.882812 0.667969 0.882812 0.679688 0.886719 0.683594 0.886719 0.685547 0.892578 0.689453 0.894531 0.687500 0.898438 0.687500 0.900391 0.685547 0.904297 0.675781 0.902344 0.673828 0.900391 0.667969 0.894531 0.662109
0 0.648438 0.695312 0.644531 0.695312 0.642578 0.697266 0.640625 0.697266 0.638672 0.699219 0.638672 0.705078 0.642578 0.708984 0.646484 0.708984 0.648438 0.707031 0.650391 0.707031 0.652344 0.705078 0.652344 0.699219
0 0.576172 0.720703 0.572266 0.724609 0.572266 0.726562 0.570312 0.728516 0.570312 0.732422 0.576172 0.738281 0.582031 0.738281 0.587891 0.732422 0.587891 0.730469 0.585938 0.728516 0.585938 0.726562 0.582031 0.722656 0.578125 0.722656
1 0.794922 0.728516 0.792969 0.730469 0.792969 0.732422 0.791016 0.734375 0.791016 0.738281 0.792969 0.740234 0.794922 0.738281 0.794922 0.732422 0.796875 0.730469
0 0.771484 0.730469 0.767578 0.734375 0.767578 0.736328 0.771484 0.740234 0.775391 0.736328 0.775391 0.734375
0 0.634766 0.753906 0.630859 0.757812 0.630859 0.763672 0.632812 0.765625 0.634766 0.765625 0.636719 0.767578 0.640625 0.767578 0.644531 0.763672 0.644531 0.759766 0.642578 0.757812 0.642578 0.755859 0.640625 0.753906
0 0.492188 0.775391 0.488281 0.779297 0.492188 0.783203 0.494141 0.783203 0.496094 0.781250 0.496094 0.779297
0 0.658203 0.775391 0.654297 0.779297 0.654297 0.781250 0.656250 0.783203 0.658203 0.783203 0.662109 0.779297
0 0.708984 0.810547 0.705078 0.814453 0.705078 0.818359 0.707031 0.820312 0.710938 0.820312 0.712891 0.818359 0.712891 0.814453
1 0.865234 0.841797 0.851562 0.830078 0.849609 0.832031 0.843750 0.832031 0.837891 0.839844 0.824219 0.837891 0.820312 0.841797 0.820312 0.845703 0.822266 0.849609 0.828125 0.853516 0.833984 0.851562 0.839844 0.845703 0.853516 0.853516 0.859375 0.853516 0.865234 0.845703
0 0.541016 0.833984 0.539062 0.833984 0.527344 0.845703 0.527344 0.853516 0.525391 0.855469 0.525391 0.861328 0.527344 0.863281 0.535156 0.857422 0.537109 0.857422 0.544922 0.849609 0.544922 0.843750 0.542969 0.841797 0.542969 0.835938
0 0.322266 0.835938 0.320312 0.837891 0.320312 0.841797 0.322266 0.843750 0.326172 0.839844
0 0.470703 0.835938 0.468750 0.837891 0.468750 0.841797 0.470703 0.843750 0.472656 0.843750 0.474609 0.841797 0.474609 0.837891 0.472656 0.835938
0 0.974609 0.841797 0.970703 0.841797 0.968750 0.843750 0.966797 0.843750 0.964844 0.845703 0.964844 0.847656 0.966797 0.849609 0.966797 0.851562 0.968750 0.853516 0.970703 0.851562 0.972656 0.851562 0.976562 0.847656 0.976562 0.843750
0 0.564453 0.873047 0.552734 0.865234 0.539062 0.876953 0.484375 0.845703 0.482422 0.855469 0.496094 0.867188 0.490234 0.898438 0.498047 0.906250 0.511719 0.906250 0.507812 0.923828 0.486328 0.931641 0.505859 0.953125 0.500000 0.974609 0.492188 0.982422 0.414062 0.984375 0.400391 0.974609 0.386719 0.974609 0.376953 0.982422 0.376953 0.998047 0.529297 0.998047 0.537109 0.986328 0.552734 0.988281 0.554688 0.982422 0.529297 0.974609 0.523438 0.964844 0.533203 0.908203 0.521484 0.886719 0.537109 0.876953 0.541016 0.892578 0.548828 0.894531 0.560547 0.886719
0 0.634766 0.845703 0.632812 0.847656 0.634766 0.849609 0.636719 0.847656
0 0.796875 0.845703 0.794922 0.845703 0.787109 0.853516 0.787109 0.857422 0.791016 0.861328 0.796875 0.861328 0.800781 0.857422 0.800781 0.849609
0 0.929688 0.845703 0.925781 0.849609 0.929688 0.853516 0.931641 0.853516 0.935547 0.849609 0.931641 0.845703
1 0.587891 0.849609 0.583984 0.849609 0.582031 0.851562 0.582031 0.855469 0.576172 0.861328 0.574219 0.859375 0.568359 0.863281 0.568359 0.869141 0.574219 0.875000 0.578125 0.875000 0.580078 0.873047 0.580078 0.863281 0.583984 0.859375 0.587891 0.859375 0.591797 0.855469 0.591797 0.853516
0 0.679688 0.853516 0.677734 0.855469 0.677734 0.859375 0.681641 0.863281 0.685547 0.859375 0.685547 0.857422 0.681641 0.853516
0 0.623047 0.863281 0.619141 0.867188 0.619141 0.869141 0.623047 0.873047 0.626953 0.869141 0.626953 0.867188
0 0.679688 0.869141 0.675781 0.873047 0.675781 0.876953 0.679688 0.880859 0.681641 0.880859 0.685547 0.876953 0.685547 0.875000 0.683594 0.873047 0.683594 0.871094 0.681641 0.869141
0 0.845703 0.873047 0.839844 0.878906 0.839844 0.882812 0.845703 0.888672 0.849609 0.888672 0.853516 0.884766 0.853516 0.878906 0.847656 0.873047
0 0.910156 0.873047 0.906250 0.876953 0.906250 0.878906 0.910156 0.882812 0.912109 0.882812 0.916016 0.878906 0.916016 0.876953 0.912109 0.873047
0 0.576172 0.896484 0.552734 0.921875 0.552734 0.935547 0.570312 0.945312 0.580078 0.978516 0.564453 0.998047 0.632812 0.998047 0.628906 0.988281 0.615234 0.982422 0.628906 0.966797 0.628906 0.949219 0.603516 0.945312 0.580078 0.925781 0.587891 0.916016 0.587891 0.902344
0 0.615234 0.898438 0.613281 0.900391 0.605469 0.902344 0.599609 0.908203 0.599609 0.917969 0.611328 0.929688 0.619141 0.931641 0.623047 0.927734 0.623047 0.919922 0.621094 0.917969 0.621094 0.908203 0.623047 0.904297 0.617188 0.898438
0 0.886719 0.900391 0.880859 0.906250 0.880859 0.908203 0.884766 0.912109 0.888672 0.912109 0.892578 0.908203 0.892578 0.906250
0 0.648438 0.908203 0.646484 0.910156 0.646484 0.914062 0.648438 0.916016 0.654297 0.916016 0.656250 0.914062 0.650391 0.908203
0 0.685547 0.906250 0.683594 0.908203 0.681641 0.908203 0.677734 0.912109 0.677734 0.917969 0.683594 0.923828 0.685547 0.923828 0.691406 0.917969 0.691406 0.912109
0 0.996094 0.906250 0.990234 0.912109 0.990234 0.914062 0.988281 0.916016 0.992188 0.919922 0.996094 0.919922 0.998047 0.921875 0.998047 0.906250
0 0.796875 0.974609 0.802734 0.976562 0.810547 0.968750 0.824219 0.968750 0.835938 0.976562 0.839844 0.972656 0.835938 0.966797 0.839844 0.962891 0.853516 0.960938 0.865234 0.966797 0.871094 0.958984 0.865234 0.951172 0.833984 0.941406 0.826172 0.933594 0.830078 0.921875 0.822266 0.916016 0.814453 0.923828 0.816406 0.929688 0.800781 0.943359 0.798828 0.958984 0.804688 0.964844
0 0.734375 0.923828 0.730469 0.923828 0.728516 0.925781 0.732422 0.929688 0.736328 0.925781
0 0.720703 0.931641 0.718750 0.933594 0.718750 0.935547 0.720703 0.937500 0.722656 0.937500 0.724609 0.935547 0.724609 0.933594 0.722656 0.931641
0 0.974609 0.931641 0.972656 0.933594 0.972656 0.935547 0.976562 0.939453 0.980469 0.935547 0.976562 0.931641
0 0.433594 0.933594 0.429688 0.937500 0.433594 0.941406 0.437500 0.941406 0.439453 0.939453 0.439453 0.937500 0.435547 0.933594
0 0.351562 0.943359 0.347656 0.947266 0.351562 0.951172 0.353516 0.951172 0.357422 0.947266 0.353516 0.943359
0 0.875000 0.943359 0.873047 0.945312 0.873047 0.947266 0.876953 0.951172 0.878906 0.951172 0.882812 0.947266 0.878906 0.943359
0 0.650391 0.949219 0.648438 0.951172 0.648438 0.958984 0.650391 0.960938 0.650391 0.962891 0.654297 0.966797 0.660156 0.966797 0.662109 0.968750 0.664062 0.968750 0.667969 0.964844 0.667969 0.955078 0.666016 0.953125 0.666016 0.951172 0.660156 0.947266 0.654297 0.947266 0.652344 0.949219
0 0.722656 0.953125 0.718750 0.957031 0.718750 0.958984 0.716797 0.960938 0.720703 0.964844 0.724609 0.964844 0.726562 0.962891 0.726562 0.957031
0 0.564453 0.962891 0.560547 0.962891 0.558594 0.964844 0.558594 0.968750 0.562500 0.972656 0.566406 0.968750 0.566406 0.964844
0 0.875000 0.980469 0.875000 0.990234 0.878906 0.998047 0.935547 0.998047 0.921875 0.980469 0.906250 0.970703 0.902344 0.970703 0.894531 0.962891 0.884766 0.966797
0 0.699219 0.984375 0.697266 0.986328 0.697266 0.992188 0.699219 0.994141 0.699219 0.998047 0.710938 0.998047 0.710938 0.994141 0.712891 0.992188 0.712891 0.990234 0.705078 0.982422 0.703125 0.982422 0.701172 0.984375
0 0.755859 0.996094 0.755859 0.998047 0.781250 0.998047 0.779297 0.996094 0.777344 0.990234 0.773438 0.986328 0.771484 0.986328 0.769531 0.984375 0.765625 0.984375 0.763672 0.986328 0.761719 0.986328
0 0.972656 0.990234 0.972656 0.996094 0.974609 0.998047 0.998047 0.998047 0.998047 0.990234 0.996094 0.990234 0.992188 0.986328 0.990234 0.986328 0.988281 0.984375 0.976562 0.984375
0 0.953125 0.998047 0.949219 0.994141 0.945312 0.998047
1 0.666016 0.998047 0.671875 0.998047 0.669922 0.996094 0.667969 0.996094
