0 0.830078 0.056641 0.824219 0.062500 0.824219 0.064453 0.826172 0.066406 0.826172 0.068359 0.828125 0.070312 0.833984 0.070312 0.839844 0.064453 0.837891 0.062500 0.837891 0.060547 0.835938 0.058594 0.833984 0.058594 0.832031 0.056641
1 0.169922 0.093750 0.171875 0.097656 0.177734 0.097656 0.199219 0.111328 0.195312 0.125000 0.203125 0.132812 0.212891 0.132812 0.218750 0.128906 0.220703 0.125000 0.218750 0.119141 0.195312 0.095703 0.183594 0.095703 0.177734 0.091797
1 0.150391 0.095703 0.064453 0.193359 0.050781 0.148438 0.035156 0.210938 0.000000 0.175781 0.000000 0.236328 0.105469 0.304688 0.041016 0.375000 0.000000 0.326172 0.000000 0.488281 0.150391 0.533203 0.113281 0.613281 0.052734 0.621094 0.117188 0.646484 0.105469 0.771484 0.187500 0.634766 0.283203 0.671875 0.246094 0.675781 0.275391 0.718750 0.253906 0.767578 0.183594 0.814453 0.205078 0.851562 0.330078 0.791016 0.255859 0.935547 0.253906 0.998047 0.291016 0.998047 0.316406 0.923828 0.431641 0.919922 0.390625 0.859375 0.322266 0.896484 0.369141 0.824219 0.431641 0.886719 0.474609 0.857422 0.414062 0.765625 0.300781 0.750000 0.291016 0.667969 0.398438 0.621094 0.431641 0.548828 0.335938 0.431641 0.166016 0.455078 0.144531 0.361328 0.177734 0.345703 0.142578 0.332031 0.201172 0.312500 0.138672 0.324219 0.082031 0.226562
1 0.240234 0.115234 0.238281 0.113281 0.236328 0.115234 0.234375 0.113281 0.230469 0.117188 0.230469 0.119141 0.232422 0.121094 0.236328 0.117188 0.238281 0.117188
0 0.298828 0.156250 0.292969 0.162109 0.292969 0.166016 0.296875 0.169922 0.304688 0.169922 0.308594 0.166016 0.308594 0.160156 0.304688 0.156250
0 0.974609 0.197266 0.970703 0.201172 0.970703 0.203125 0.974609 0.207031 0.976562 0.207031 0.978516 0.205078 0.978516 0.199219 0.976562 0.197266
0 0.886719 0.232422 0.882812 0.232422 0.880859 0.234375 0.878906 0.234375 0.876953 0.236328 0.876953 0.244141 0.880859 0.248047 0.882812 0.248047 0.888672 0.242188 0.888672 0.240234 0.890625 0.238281 0.890625 0.236328
1 0.109375 0.275391 0.105469 0.279297 0.105469 0.281250 0.119141 0.294922 0.121094 0.294922 0.126953 0.289062 0.123047 0.285156 0.119141 0.285156
1 0.718750 0.302734 0.716797 0.300781 0.708984 0.300781 0.705078 0.304688 0.695312 0.304688 0.693359 0.306641 0.693359 0.308594 0.695312 0.310547 0.703125 0.310547 0.705078 0.312500 0.712891 0.312500 0.716797 0.308594
0 0.929688 0.304688 0.927734 0.306641 0.927734 0.308594 0.933594 0.314453 0.935547 0.314453 0.939453 0.310547 0.939453 0.308594 0.935547 0.304688
0 0.810547 0.308594 0.808594 0.310547 0.808594 0.314453 0.810547 0.316406 0.812500 0.316406 0.814453 0.314453 0.814453 0.312500
0 0.357422 0.314453 0.355469 0.316406 0.357422 0.318359 0.359375 0.316406
0 0.691406 0.320312 0.687500 0.320312 0.685547 0.322266 0.689453 0.326172 0.693359 0.322266
0 0.833984 0.320312 0.832031 0.322266 0.832031 0.324219 0.833984 0.326172 0.835938 0.326172 0.837891 0.324219 0.837891 0.322266 0.835938 0.320312
0 0.978516 0.349609 0.974609 0.349609 0.970703 0.353516 0.976562 0.359375 0.980469 0.355469 0.980469 0.351562
0 0.773438 0.351562 0.771484 0.351562 0.769531 0.353516 0.769531 0.355469 0.771484 0.357422 0.775391 0.353516
0 0.039062 0.355469 0.037109 0.357422 0.039062 0.359375 0.041016 0.357422
0 0.179688 0.359375 0.179688 0.361328 0.183594 0.365234 0.185547 0.365234 0.187500 0.363281 0.191406 0.367188 0.183594 0.375000 0.183594 0.376953 0.185547 0.378906 0.187500 0.378906 0.191406 0.375000 0.195312 0.375000 0.203125 0.367188 0.203125 0.363281 0.201172 0.361328 0.193359 0.361328 0.189453 0.357422 0.181641 0.357422
1 0.212891 0.378906 0.216797 0.382812 0.222656 0.382812 0.226562 0.378906 0.228516 0.378906 0.230469 0.376953 0.236328 0.376953 0.238281 0.375000 0.234375 0.371094 0.222656 0.371094 0.220703 0.369141 0.218750 0.369141 0.212891 0.375000
0 0.595703 0.378906 0.593750 0.380859 0.593750 0.382812 0.591797 0.384766 0.591797 0.388672 0.593750 0.390625 0.597656 0.390625 0.599609 0.388672 0.599609 0.386719 0.601562 0.384766
0 0.804688 0.380859 0.800781 0.384766 0.800781 0.388672 0.802734 0.390625 0.804688 0.390625 0.808594 0.386719 0.808594 0.384766
0 0.244141 0.382812 0.240234 0.386719 0.240234 0.388672 0.238281 0.390625 0.240234 0.392578 0.240234 0.394531 0.242188 0.396484 0.244141 0.396484 0.246094 0.398438 0.248047 0.398438 0.251953 0.394531 0.251953 0.390625 0.250000 0.388672 0.250000 0.386719 0.248047 0.384766 0.246094 0.384766
0 0.179688 0.386719 0.177734 0.388672 0.179688 0.390625 0.181641 0.390625 0.183594 0.388672 0.181641 0.386719
0 0.318359 0.394531 0.316406 0.396484 0.316406 0.400391 0.320312 0.404297 0.324219 0.400391 0.324219 0.398438 0.320312 0.394531
0 0.777344 0.398438 0.773438 0.398438 0.769531 0.402344 0.771484 0.404297 0.771484 0.406250 0.773438 0.408203 0.775391 0.408203 0.781250 0.402344
0 0.208984 0.402344 0.205078 0.406250 0.208984 0.410156 0.210938 0.410156 0.212891 0.408203 0.212891 0.404297 0.210938 0.402344
0 0.250000 0.404297 0.248047 0.406250 0.248047 0.408203 0.251953 0.412109 0.255859 0.408203 0.253906 0.406250 0.251953 0.406250
0 0.941406 0.412109 0.941406 0.414062 0.945312 0.417969 0.949219 0.417969 0.951172 0.416016 0.953125 0.416016 0.955078 0.414062 0.955078 0.410156 0.953125 0.408203 0.945312 0.408203
0 0.970703 0.410156 0.966797 0.414062 0.966797 0.416016 0.964844 0.417969 0.964844 0.421875 0.966797 0.423828 0.966797 0.425781 0.970703 0.429688 0.972656 0.429688 0.974609 0.431641 0.982422 0.431641 0.984375 0.429688 0.984375 0.427734 0.988281 0.423828 0.988281 0.419922 0.986328 0.417969 0.986328 0.416016 0.976562 0.408203 0.974609 0.410156
0 0.232422 0.412109 0.230469 0.414062 0.230469 0.416016 0.236328 0.421875 0.238281 0.421875 0.240234 0.419922 0.238281 0.417969 0.238281 0.416016 0.234375 0.412109
0 0.626953 0.433594 0.623047 0.429688 0.621094 0.429688 0.615234 0.435547 0.615234 0.437500 0.617188 0.439453 0.623047 0.439453 0.626953 0.435547
0 0.431641 0.439453 0.429688 0.441406 0.429688 0.443359 0.431641 0.445312 0.433594 0.443359 0.433594 0.441406
0 0.685547 0.453125 0.681641 0.457031 0.677734 0.466797 0.679688 0.468750 0.679688 0.472656 0.683594 0.476562 0.689453 0.476562 0.691406 0.478516 0.695312 0.474609 0.699219 0.474609 0.701172 0.472656 0.701172 0.468750 0.703125 0.466797 0.703125 0.464844 0.701172 0.462891 0.701172 0.458984 0.695312 0.453125
0 0.535156 0.466797 0.527344 0.472656 0.523438 0.478516 0.523438 0.494141 0.531250 0.505859 0.537109 0.509766 0.544922 0.509766 0.556641 0.500000 0.556641 0.484375 0.544922 0.468750 0.539062 0.466797 0.537109 0.468750
0 0.904297 0.464844 0.902344 0.466797 0.902344 0.468750 0.904297 0.470703 0.906250 0.470703 0.908203 0.468750
0 0.927734 0.466797 0.925781 0.466797 0.923828 0.468750 0.923828 0.472656 0.925781 0.474609 0.927734 0.472656 0.927734 0.470703 0.929688 0.468750
0 0.500000 0.468750 0.498047 0.470703 0.503906 0.476562 0.505859 0.474609 0.505859 0.470703 0.503906 0.468750
0 0.341797 0.519531 0.339844 0.521484 0.343750 0.525391 0.345703 0.523438
0 0.673828 0.541016 0.667969 0.546875 0.667969 0.548828 0.671875 0.552734 0.677734 0.552734 0.681641 0.548828 0.681641 0.544922 0.677734 0.541016
0 0.699219 0.541016 0.695312 0.544922 0.695312 0.550781 0.701172 0.556641 0.705078 0.556641 0.708984 0.552734 0.708984 0.546875 0.703125 0.541016
0 0.779297 0.542969 0.775391 0.548828 0.775391 0.552734 0.781250 0.558594 0.783203 0.558594 0.785156 0.556641 0.789062 0.556641 0.792969 0.552734 0.792969 0.546875 0.789062 0.542969
0 0.347656 0.550781 0.343750 0.550781 0.341797 0.552734 0.341797 0.560547 0.343750 0.562500 0.345703 0.562500 0.349609 0.558594 0.349609 0.552734
0 0.564453 0.554688 0.562500 0.556641 0.560547 0.554688 0.558594 0.554688 0.556641 0.556641 0.556641 0.558594 0.554688 0.560547 0.556641 0.562500 0.556641 0.564453 0.558594 0.566406 0.560547 0.566406 0.564453 0.562500 0.566406 0.562500 0.568359 0.560547 0.568359 0.558594
0 0.541016 0.558594 0.537109 0.558594 0.533203 0.562500 0.531250 0.570312 0.513672 0.587891 0.507812 0.597656 0.509766 0.599609 0.507812 0.601562 0.519531 0.613281 0.531250 0.615234 0.550781 0.597656 0.554688 0.589844 0.552734 0.587891 0.554688 0.583984 0.546875 0.574219 0.546875 0.564453
1 0.361328 0.583984 0.359375 0.585938 0.359375 0.593750 0.361328 0.595703 0.363281 0.593750 0.363281 0.585938
0 0.652344 0.583984 0.650391 0.585938 0.650391 0.589844 0.654297 0.593750 0.656250 0.593750 0.658203 0.591797 0.658203 0.589844 0.660156 0.587891 0.656250 0.583984
0 0.558594 0.605469 0.554688 0.605469 0.552734 0.607422 0.550781 0.607422 0.546875 0.613281 0.546875 0.619141 0.550781 0.625000 0.554688 0.625000 0.556641 0.623047 0.558594 0.623047 0.560547 0.621094 0.560547 0.619141 0.564453 0.613281 0.562500 0.611328 0.562500 0.609375
0 0.736328 0.617188 0.734375 0.619141 0.736328 0.621094 0.738281 0.619141
0 0.529297 0.623047 0.527344 0.625000 0.531250 0.628906 0.533203 0.626953 0.533203 0.625000 0.531250 0.623047
0 0.900391 0.625000 0.894531 0.625000 0.892578 0.626953 0.892578 0.630859 0.894531 0.632812 0.896484 0.632812 0.902344 0.626953
0 0.775391 0.632812 0.773438 0.630859 0.771484 0.630859 0.769531 0.632812 0.765625 0.632812 0.763672 0.634766 0.759766 0.634766 0.755859 0.638672 0.753906 0.638672 0.751953 0.640625 0.751953 0.644531 0.755859 0.648438 0.757812 0.648438 0.759766 0.646484 0.767578 0.646484 0.771484 0.642578 0.771484 0.640625 0.773438 0.638672 0.773438 0.634766
0 0.562500 0.632812 0.558594 0.636719 0.558594 0.648438 0.568359 0.658203 0.568359 0.660156 0.570312 0.662109 0.572266 0.660156 0.576172 0.660156 0.580078 0.656250 0.580078 0.650391 0.578125 0.648438 0.576172 0.642578 0.572266 0.638672 0.572266 0.636719 0.566406 0.632812
0 0.613281 0.650391 0.609375 0.650391 0.605469 0.654297 0.605469 0.658203 0.609375 0.662109 0.611328 0.660156 0.613281 0.660156 0.615234 0.658203 0.615234 0.652344
0 0.720703 0.648438 0.718750 0.650391 0.718750 0.652344 0.720703 0.654297 0.722656 0.654297 0.724609 0.652344 0.724609 0.650391 0.722656 0.648438
0 0.701172 0.654297 0.697266 0.654297 0.695312 0.652344 0.693359 0.654297 0.689453 0.654297 0.687500 0.656250 0.687500 0.658203 0.685547 0.660156 0.685547 0.666016 0.691406 0.671875 0.697266 0.671875 0.701172 0.667969 0.701172 0.666016 0.703125 0.664062 0.703125 0.656250
0 0.806641 0.658203 0.802734 0.658203 0.800781 0.660156 0.804688 0.664062 0.808594 0.660156
0 0.531250 0.673828 0.537109 0.679688 0.539062 0.677734 0.542969 0.677734 0.544922 0.675781 0.544922 0.673828 0.541016 0.669922 0.535156 0.669922
0 0.601562 0.673828 0.597656 0.677734 0.597656 0.681641 0.601562 0.685547 0.605469 0.685547 0.607422 0.683594 0.607422 0.679688 0.605469 0.677734 0.605469 0.675781 0.603516 0.673828
0 0.623047 0.675781 0.621094 0.677734 0.621094 0.679688 0.623047 0.681641 0.625000 0.679688 0.625000 0.677734
0 0.412109 0.679688 0.410156 0.681641 0.410156 0.685547 0.412109 0.687500 0.412109 0.693359 0.417969 0.697266 0.421875 0.697266 0.425781 0.691406 0.425781 0.687500 0.419922 0.681641 0.417969 0.681641 0.416016 0.679688
0 0.601562 0.710938 0.599609 0.712891 0.599609 0.714844 0.597656 0.716797 0.599609 0.718750 0.599609 0.720703 0.601562 0.722656 0.605469 0.722656 0.607422 0.720703 0.607422 0.714844 0.605469 0.712891 0.603516 0.712891
0 0.740234 0.712891 0.738281 0.714844 0.738281 0.716797 0.736328 0.718750 0.736328 0.720703 0.738281 0.722656 0.744141 0.722656 0.746094 0.720703 0.746094 0.718750 0.748047 0.716797 0.748047 0.714844 0.746094 0.712891
0 0.371094 0.716797 0.367188 0.720703 0.367188 0.726562 0.371094 0.730469 0.375000 0.730469 0.380859 0.724609 0.380859 0.722656 0.378906 0.720703 0.378906 0.718750 0.376953 0.716797
0 0.582031 0.716797 0.576172 0.716797 0.570312 0.722656 0.572266 0.724609 0.574219 0.724609 0.578125 0.728516 0.583984 0.722656 0.582031 0.720703 0.583984 0.718750
0 0.845703 0.722656 0.843750 0.724609 0.843750 0.726562 0.847656 0.730469 0.849609 0.730469 0.853516 0.726562 0.849609 0.722656
0 0.609375 0.728516 0.607422 0.730469 0.607422 0.736328 0.609375 0.738281 0.611328 0.738281 0.613281 0.736328 0.613281 0.734375 0.611328 0.732422 0.611328 0.730469
1 0.753906 0.726562 0.750000 0.730469 0.750000 0.736328 0.753906 0.742188 0.753906 0.744141 0.750000 0.750000 0.753906 0.755859 0.755859 0.755859 0.757812 0.757812 0.761719 0.757812 0.765625 0.753906 0.765625 0.751953 0.767578 0.750000 0.767578 0.746094 0.765625 0.744141 0.765625 0.742188 0.759766 0.736328 0.761719 0.734375 0.759766 0.732422 0.759766 0.730469 0.755859 0.726562
0 0.789062 0.728516 0.785156 0.732422 0.787109 0.734375 0.789062 0.734375 0.791016 0.736328 0.792969 0.734375 0.792969 0.730469 0.791016 0.728516
0 0.804688 0.736328 0.802734 0.738281 0.804688 0.740234 0.806641 0.740234 0.808594 0.738281 0.806641 0.736328
0 0.802734 0.751953 0.800781 0.753906 0.800781 0.755859 0.802734 0.757812 0.804688 0.755859 0.804688 0.753906
0 0.496094 0.753906 0.492188 0.753906 0.488281 0.757812 0.488281 0.763672 0.492188 0.767578 0.494141 0.765625 0.498047 0.765625 0.500000 0.763672 0.500000 0.757812
0 0.445312 0.765625 0.443359 0.775391 0.449219 0.781250 0.457031 0.779297 0.460938 0.783203 0.457031 0.792969 0.457031 0.800781 0.460938 0.808594 0.470703 0.816406 0.478516 0.816406 0.486328 0.812500 0.492188 0.802734 0.488281 0.785156 0.480469 0.777344 0.462891 0.779297 0.453125 0.765625
1 0.892578 0.765625 0.886719 0.773438 0.888672 0.792969 0.884766 0.818359 0.896484 0.832031 0.906250 0.835938 0.914062 0.830078 0.916016 0.820312 0.910156 0.802734 0.910156 0.792969 0.916016 0.785156 0.916016 0.779297 0.906250 0.765625
0 0.830078 0.777344 0.828125 0.779297 0.830078 0.781250 0.832031 0.781250 0.833984 0.779297 0.832031 0.777344
0 0.701172 0.783203 0.695312 0.789062 0.695312 0.791016 0.699219 0.794922 0.703125 0.794922 0.707031 0.791016 0.707031 0.789062
0 0.632812 0.785156 0.626953 0.791016 0.626953 0.800781 0.632812 0.806641 0.636719 0.806641 0.638672 0.804688 0.640625 0.804688 0.644531 0.800781 0.644531 0.791016 0.638672 0.785156
0 0.777344 0.787109 0.773438 0.791016 0.773438 0.792969 0.779297 0.798828 0.783203 0.794922 0.783203 0.791016 0.779297 0.787109
0 0.662109 0.804688 0.658203 0.804688 0.654297 0.808594 0.654297 0.818359 0.658203 0.822266 0.660156 0.822266 0.666016 0.816406 0.666016 0.810547 0.664062 0.808594 0.664062 0.806641
0 0.623047 0.818359 0.621094 0.820312 0.621094 0.822266 0.625000 0.826172 0.626953 0.826172 0.630859 0.822266 0.626953 0.818359
0 0.671875 0.830078 0.667969 0.833984 0.667969 0.843750 0.666016 0.845703 0.667969 0.847656 0.669922 0.847656 0.673828 0.851562 0.681641 0.851562 0.683594 0.849609 0.681641 0.847656 0.681641 0.837891 0.677734 0.832031
0 0.869141 0.839844 0.851562 0.853516 0.843750 0.869141 0.847656 0.875000 0.859375 0.876953 0.861328 0.875000 0.859375 0.869141 0.863281 0.865234 0.869141 0.875000 0.875000 0.873047 0.888672 0.886719 0.892578 0.878906 0.886719 0.871094 0.896484 0.857422 0.890625 0.849609
0 0.789062 0.849609 0.785156 0.853516 0.789062 0.857422 0.792969 0.853516
0 0.820312 0.849609 0.810547 0.855469 0.806641 0.865234 0.806641 0.873047 0.812500 0.880859 0.820312 0.880859 0.822266 0.878906 0.826172 0.884766 0.832031 0.888672 0.837891 0.884766 0.837891 0.880859 0.828125 0.873047 0.828125 0.859375 0.826172 0.857422 0.826172 0.853516
1 0.580078 0.857422 0.568359 0.853516 0.560547 0.861328 0.550781 0.861328 0.546875 0.865234 0.550781 0.876953 0.544922 0.882812 0.496094 0.886719 0.484375 0.875000 0.476562 0.888672 0.486328 0.890625 0.503906 0.916016 0.535156 0.910156 0.576172 0.880859
0 0.664062 0.861328 0.656250 0.855469 0.648438 0.861328 0.634766 0.863281 0.623047 0.873047 0.613281 0.875000 0.609375 0.878906 0.605469 0.894531 0.607422 0.904297 0.619141 0.910156 0.630859 0.902344 0.654297 0.900391 0.656250 0.898438 0.654297 0.878906 0.662109 0.871094
0 0.755859 0.878906 0.753906 0.880859 0.751953 0.880859 0.750000 0.882812 0.750000 0.884766 0.751953 0.886719 0.751953 0.890625 0.755859 0.894531 0.757812 0.894531 0.759766 0.896484 0.761719 0.896484 0.767578 0.890625 0.767578 0.888672 0.765625 0.886719 0.765625 0.884766 0.761719 0.880859 0.759766 0.880859 0.757812 0.878906
0 0.935547 0.886719 0.933594 0.888672 0.931641 0.888672 0.925781 0.894531 0.925781 0.896484 0.927734 0.898438 0.927734 0.900391 0.931641 0.904297 0.935547 0.904297 0.937500 0.906250 0.941406 0.906250 0.947266 0.902344 0.947266 0.900391 0.949219 0.898438 0.949219 0.894531 0.945312 0.888672 0.943359 0.888672 0.941406 0.886719
0 0.585938 0.896484 0.582031 0.900391 0.583984 0.902344 0.583984 0.906250 0.585938 0.908203 0.589844 0.908203 0.591797 0.910156 0.593750 0.908203 0.593750 0.906250 0.595703 0.904297 0.595703 0.900391 0.593750 0.898438 0.587891 0.898438
0 0.830078 0.902344 0.824219 0.896484 0.820312 0.896484 0.816406 0.900391 0.812500 0.900391 0.810547 0.902344 0.808594 0.902344 0.802734 0.908203 0.802734 0.912109 0.808594 0.917969 0.816406 0.917969 0.818359 0.916016 0.822266 0.916016 0.828125 0.908203
0 0.744141 0.902344 0.742188 0.904297 0.744141 0.906250 0.746094 0.904297
0 0.623047 0.916016 0.619141 0.919922 0.623047 0.923828 0.625000 0.923828 0.626953 0.921875 0.626953 0.917969 0.625000 0.916016
0 0.718750 0.925781 0.714844 0.947266 0.722656 0.958984 0.746094 0.958984 0.750000 0.955078 0.748047 0.947266 0.751953 0.943359 0.759766 0.949219 0.773438 0.947266 0.781250 0.955078 0.781250 0.958984 0.769531 0.964844 0.765625 0.972656 0.765625 0.982422 0.777344 0.994141 0.789062 0.998047 0.810547 0.980469 0.816406 0.964844 0.812500 0.960938 0.808594 0.968750 0.800781 0.972656 0.783203 0.958984 0.783203 0.955078 0.796875 0.947266 0.802734 0.937500 0.798828 0.923828 0.781250 0.917969 0.757812 0.916016 0.751953 0.921875 0.750000 0.931641 0.744141 0.935547 0.740234 0.931641 0.744141 0.921875 0.734375 0.914062
0 0.453125 0.923828 0.449219 0.927734 0.449219 0.931641 0.455078 0.937500 0.457031 0.937500 0.462891 0.931641 0.462891 0.929688 0.460938 0.927734 0.460938 0.925781 0.458984 0.923828
0 0.941406 0.925781 0.933594 0.927734 0.927734 0.933594 0.923828 0.933594 0.921875 0.931641 0.917969 0.935547 0.917969 0.937500 0.921875 0.941406 0.923828 0.939453 0.927734 0.939453 0.937500 0.951172 0.939453 0.949219 0.943359 0.949219 0.949219 0.941406 0.949219 0.933594 0.947266 0.929688
0 0.611328 0.933594 0.609375 0.935547 0.607422 0.935547 0.603516 0.941406 0.603516 0.947266 0.609375 0.953125 0.613281 0.953125 0.615234 0.951172 0.617188 0.951172 0.621094 0.945312 0.621094 0.941406 0.619141 0.939453 0.619141 0.937500 0.617188 0.935547 0.613281 0.935547
0 0.630859 0.953125 0.636719 0.958984 0.640625 0.958984 0.642578 0.957031 0.644531 0.957031 0.654297 0.947266 0.650391 0.943359 0.644531 0.943359 0.642578 0.945312 0.640625 0.943359 0.636719 0.943359 0.632812 0.947266 0.632812 0.951172
0 0.968750 0.947266 0.968750 0.951172 0.974609 0.957031 0.978516 0.957031 0.980469 0.958984 0.984375 0.958984 0.986328 0.960938 0.988281 0.960938 0.994141 0.955078 0.994141 0.953125 0.988281 0.947266 0.986328 0.947266 0.984375 0.945312 0.980469 0.945312 0.978516 0.943359 0.972656 0.943359
1 0.589844 0.947266 0.583984 0.953125 0.585938 0.957031 0.585938 0.970703 0.583984 0.972656 0.587891 0.980469 0.595703 0.984375 0.601562 0.980469 0.603516 0.976562 0.603516 0.970703 0.595703 0.958984 0.595703 0.951172 0.591797 0.947266
0 0.882812 0.951172 0.876953 0.951172 0.871094 0.957031 0.871094 0.958984 0.869141 0.960938 0.869141 0.966797 0.873047 0.970703 0.876953 0.970703 0.878906 0.968750 0.880859 0.968750 0.884766 0.964844 0.884766 0.962891 0.886719 0.960938 0.886719 0.955078
1 0.724609 0.972656 0.708984 0.958984 0.695312 0.962891 0.681641 0.957031 0.662109 0.957031 0.648438 0.962891 0.619141 0.992188 0.615234 0.994141 0.601562 0.992188 0.595703 0.998047 0.654297 0.998047 0.667969 0.982422 0.675781 0.982422 0.683594 0.978516 0.685547 0.980469 0.693359 0.974609 0.703125 0.984375 0.710938 0.986328 0.724609 0.976562
1 0.951172 0.968750 0.945312 0.972656 0.945312 0.976562 0.941406 0.980469 0.943359 0.982422 0.939453 0.988281 0.939453 0.992188 0.943359 0.996094 0.943359 0.998047 0.953125 0.998047 0.953125 0.994141 0.955078 0.992188 0.955078 0.984375 0.953125 0.982422 0.953125 0.974609 0.951172 0.972656 0.953125 0.970703
0 0.882812 0.978516 0.880859 0.980469 0.880859 0.982422 0.882812 0.984375 0.884766 0.984375 0.886719 0.982422
0 0.894531 0.984375 0.896484 0.986328 0.898438 0.992188 0.904297 0.998047 0.917969 0.998047 0.917969 0.992188 0.914062 0.988281 0.914062 0.980469 0.912109 0.978516 0.900391 0.978516
0 0.962891 0.994141 0.962891 0.998047 0.974609 0.998047 0.974609 0.996094 0.970703 0.992188 0.968750 0.992188 0.966797 0.990234
