1 0.000000 0.027344 0.000000 0.486328 0.126953 0.636719 0.136719 0.912109 0.191406 0.830078 0.251953 0.886719 0.236328 0.962891 0.294922 0.900391 0.382812 0.933594 0.322266 0.998047 0.470703 0.998047 0.472656 0.949219 0.527344 0.964844 0.488281 0.992188 0.724609 0.998047 0.789062 0.935547 0.671875 0.937500 0.767578 0.806641 0.703125 0.667969 0.632812 0.683594 0.708984 0.697266 0.744141 0.800781 0.628906 0.910156 0.466797 0.816406 0.578125 0.763672 0.623047 0.644531 0.482422 0.777344 0.427734 0.757812 0.435547 0.701172 0.414062 0.800781 0.179688 0.779297 0.179688 0.708984 0.283203 0.697266 0.392578 0.570312 0.246094 0.402344 0.087891 0.498047 0.212891 0.337891 0.068359 0.250000 0.148438 0.060547
0 0.166016 0.052734 0.164062 0.054688 0.171875 0.062500 0.167969 0.066406 0.167969 0.068359 0.169922 0.070312 0.177734 0.062500 0.179688 0.062500 0.181641 0.060547 0.181641 0.058594 0.179688 0.056641 0.173828 0.056641 0.169922 0.052734
1 0.169922 0.082031 0.167969 0.082031 0.160156 0.089844 0.160156 0.091797 0.162109 0.093750 0.164062 0.093750 0.171875 0.085938 0.171875 0.083984
1 0.136719 0.142578 0.134766 0.142578 0.132812 0.144531 0.132812 0.152344 0.125000 0.160156 0.126953 0.162109 0.130859 0.162109 0.134766 0.158203 0.134766 0.154297 0.138672 0.150391 0.138672 0.144531
0 0.996094 0.197266 0.994141 0.199219 0.994141 0.201172 0.996094 0.203125 0.998047 0.203125 0.998047 0.197266
0 0.566406 0.210938 0.564453 0.212891 0.566406 0.214844 0.568359 0.212891
0 0.208984 0.214844 0.207031 0.216797 0.205078 0.216797 0.201172 0.220703 0.201172 0.224609 0.205078 0.228516 0.208984 0.228516 0.214844 0.222656 0.214844 0.220703
0 0.998047 0.222656 0.992188 0.228516 0.996094 0.232422 0.998047 0.230469
0 0.773438 0.287109 0.769531 0.291016 0.769531 0.292969 0.773438 0.296875 0.777344 0.292969 0.777344 0.291016
0 0.341797 0.306641 0.337891 0.310547 0.337891 0.312500 0.341797 0.316406 0.343750 0.316406 0.347656 0.312500 0.347656 0.310547 0.343750 0.306641
0 0.617188 0.308594 0.615234 0.310547 0.617188 0.312500 0.619141 0.310547
0 0.603516 0.333984 0.599609 0.333984 0.593750 0.339844 0.599609 0.345703 0.601562 0.345703 0.607422 0.339844 0.607422 0.337891
0 0.394531 0.335938 0.392578 0.337891 0.394531 0.339844 0.396484 0.337891
0 0.289062 0.351562 0.283203 0.357422 0.283203 0.363281 0.287109 0.367188 0.289062 0.367188 0.291016 0.369141 0.296875 0.369141 0.300781 0.365234 0.300781 0.359375 0.294922 0.353516 0.292969 0.353516 0.291016 0.351562
0 0.408203 0.359375 0.406250 0.361328 0.408203 0.363281 0.410156 0.361328
0 0.355469 0.365234 0.347656 0.375000 0.347656 0.378906 0.351562 0.386719 0.359375 0.392578 0.369141 0.392578 0.375000 0.388672 0.375000 0.382812 0.376953 0.380859 0.375000 0.378906 0.375000 0.375000 0.373047 0.371094 0.367188 0.367188 0.363281 0.367188 0.361328 0.365234
0 0.320312 0.371094 0.316406 0.375000 0.320312 0.378906 0.322266 0.378906 0.326172 0.375000 0.322266 0.371094
0 0.080078 0.378906 0.078125 0.380859 0.080078 0.382812 0.082031 0.382812 0.083984 0.380859 0.082031 0.378906
1 0.484375 0.398438 0.482422 0.400391 0.482422 0.402344 0.488281 0.408203 0.488281 0.410156 0.492188 0.414062 0.494141 0.414062 0.498047 0.410156 0.486328 0.398438
0 0.333984 0.408203 0.326172 0.414062 0.316406 0.414062 0.310547 0.417969 0.308594 0.423828 0.310547 0.425781 0.310547 0.429688 0.316406 0.435547 0.320312 0.437500 0.330078 0.437500 0.337891 0.431641 0.339844 0.427734 0.339844 0.421875 0.337891 0.419922 0.339844 0.416016
0 0.371094 0.414062 0.369141 0.416016 0.367188 0.416016 0.365234 0.417969 0.365234 0.421875 0.371094 0.427734 0.375000 0.427734 0.378906 0.423828 0.378906 0.416016 0.376953 0.414062
0 0.496094 0.423828 0.494141 0.425781 0.494141 0.427734 0.496094 0.429688 0.498047 0.429688 0.500000 0.427734
0 0.964844 0.425781 0.960938 0.429688 0.960938 0.431641 0.962891 0.433594 0.962891 0.435547 0.964844 0.437500 0.970703 0.437500 0.974609 0.433594 0.974609 0.429688 0.970703 0.425781
1 0.998047 0.435547 0.994141 0.439453 0.994141 0.445312 0.998047 0.449219
0 0.367188 0.447266 0.365234 0.447266 0.361328 0.451172 0.361328 0.455078 0.365234 0.458984 0.369141 0.455078 0.369141 0.449219
0 0.376953 0.470703 0.375000 0.472656 0.378906 0.476562 0.380859 0.474609 0.380859 0.472656 0.378906 0.470703
0 0.394531 0.470703 0.392578 0.470703 0.390625 0.472656 0.390625 0.474609 0.392578 0.476562 0.396484 0.472656
0 0.347656 0.474609 0.345703 0.476562 0.345703 0.478516 0.347656 0.480469 0.349609 0.478516 0.349609 0.476562
1 0.359375 0.484375 0.353516 0.490234 0.351562 0.490234 0.349609 0.492188 0.349609 0.496094 0.351562 0.498047 0.353516 0.496094 0.355469 0.496094 0.357422 0.494141 0.359375 0.494141 0.361328 0.492188 0.361328 0.490234 0.363281 0.488281
0 0.582031 0.488281 0.580078 0.488281 0.578125 0.490234 0.576172 0.490234 0.572266 0.494141 0.572266 0.500000 0.576172 0.503906 0.578125 0.503906 0.580078 0.501953 0.582031 0.501953 0.585938 0.498047 0.585938 0.492188
0 0.476562 0.496094 0.480469 0.500000 0.488281 0.500000 0.490234 0.498047 0.490234 0.496094 0.486328 0.492188 0.480469 0.492188
0 0.904297 0.550781 0.900391 0.546875 0.894531 0.546875 0.886719 0.552734 0.878906 0.552734 0.871094 0.560547 0.871094 0.564453 0.876953 0.570312 0.882812 0.570312 0.888672 0.566406 0.898438 0.566406 0.902344 0.562500 0.902344 0.556641 0.904297 0.554688
0 0.628906 0.568359 0.625000 0.572266 0.630859 0.578125 0.632812 0.576172 0.632812 0.574219 0.634766 0.572266 0.630859 0.568359
0 0.658203 0.597656 0.656250 0.595703 0.654297 0.595703 0.650391 0.599609 0.652344 0.601562 0.656250 0.601562 0.658203 0.599609
0 0.742188 0.603516 0.738281 0.603516 0.736328 0.605469 0.736328 0.607422 0.738281 0.609375 0.740234 0.609375 0.744141 0.605469
0 0.869141 0.601562 0.865234 0.601562 0.861328 0.605469 0.861328 0.613281 0.867188 0.619141 0.869141 0.617188 0.871094 0.617188 0.873047 0.615234 0.873047 0.605469
0 0.693359 0.615234 0.691406 0.617188 0.693359 0.619141 0.695312 0.619141 0.697266 0.617188 0.695312 0.615234
0 0.628906 0.623047 0.625000 0.626953 0.625000 0.628906 0.628906 0.632812 0.632812 0.632812 0.636719 0.628906 0.636719 0.626953 0.632812 0.623047
0 0.580078 0.628906 0.582031 0.634766 0.585938 0.638672 0.601562 0.638672 0.605469 0.634766 0.605469 0.628906 0.603516 0.626953 0.601562 0.626953 0.599609 0.628906 0.595703 0.628906 0.593750 0.626953 0.589844 0.626953 0.587891 0.625000 0.583984 0.625000
0 0.820312 0.628906 0.816406 0.632812 0.816406 0.636719 0.818359 0.638672 0.820312 0.638672 0.822266 0.640625 0.826172 0.640625 0.830078 0.636719 0.830078 0.634766 0.824219 0.628906
0 0.906250 0.632812 0.902344 0.636719 0.902344 0.638672 0.906250 0.642578 0.908203 0.642578 0.912109 0.638672 0.912109 0.636719 0.908203 0.632812
1 0.669922 0.656250 0.671875 0.660156 0.677734 0.664062 0.695312 0.654297 0.707031 0.656250 0.708984 0.654297 0.708984 0.648438 0.707031 0.646484 0.703125 0.646484 0.699219 0.650391 0.689453 0.642578 0.677734 0.640625 0.671875 0.646484 0.671875 0.654297
0 0.535156 0.644531 0.533203 0.646484 0.533203 0.648438 0.535156 0.650391 0.537109 0.650391 0.539062 0.648438 0.539062 0.646484 0.537109 0.644531
1 0.550781 0.648438 0.546875 0.652344 0.544922 0.658203 0.556641 0.669922 0.556641 0.679688 0.558594 0.681641 0.558594 0.685547 0.562500 0.689453 0.568359 0.689453 0.572266 0.683594 0.572266 0.677734 0.560547 0.664062 0.556641 0.656250 0.556641 0.652344
0 0.462891 0.654297 0.458984 0.658203 0.458984 0.671875 0.464844 0.677734 0.470703 0.677734 0.476562 0.671875 0.476562 0.666016 0.474609 0.664062 0.474609 0.662109 0.466797 0.654297
0 0.828125 0.666016 0.824219 0.669922 0.824219 0.671875 0.828125 0.675781 0.830078 0.675781 0.832031 0.673828 0.832031 0.669922
0 0.904297 0.677734 0.902344 0.679688 0.902344 0.683594 0.904297 0.685547 0.906250 0.685547 0.910156 0.681641 0.906250 0.677734
0 0.876953 0.697266 0.875000 0.699219 0.878906 0.703125 0.880859 0.701172 0.880859 0.699219 0.878906 0.697266
0 0.941406 0.703125 0.937500 0.707031 0.937500 0.708984 0.935547 0.710938 0.941406 0.716797 0.951172 0.716797 0.955078 0.712891 0.955078 0.708984 0.951172 0.705078 0.949219 0.705078 0.947266 0.703125
0 0.964844 0.716797 0.960938 0.720703 0.960938 0.724609 0.962891 0.726562 0.964844 0.726562 0.966797 0.728516 0.970703 0.724609 0.970703 0.722656
0 0.394531 0.720703 0.390625 0.724609 0.394531 0.728516 0.396484 0.728516 0.398438 0.726562 0.398438 0.722656 0.396484 0.720703
0 0.664062 0.724609 0.662109 0.722656 0.660156 0.724609 0.658203 0.724609 0.656250 0.726562 0.658203 0.728516 0.662109 0.728516 0.664062 0.726562
0 0.875000 0.722656 0.871094 0.726562 0.871094 0.734375 0.873047 0.736328 0.873047 0.738281 0.875000 0.740234 0.880859 0.740234 0.884766 0.736328 0.884766 0.728516 0.878906 0.722656
1 0.998047 0.722656 0.994141 0.722656 0.986328 0.726562 0.980469 0.736328 0.980469 0.751953 0.990234 0.763672 0.998047 0.763672
0 0.779297 0.730469 0.777344 0.732422 0.777344 0.736328 0.781250 0.740234 0.783203 0.740234 0.787109 0.736328 0.787109 0.732422 0.785156 0.730469
0 0.238281 0.736328 0.236328 0.738281 0.236328 0.744141 0.238281 0.746094 0.240234 0.746094 0.244141 0.742188 0.244141 0.740234 0.240234 0.736328
0 0.861328 0.740234 0.859375 0.742188 0.861328 0.744141 0.863281 0.744141 0.865234 0.742188 0.863281 0.740234
0 0.609375 0.744141 0.607422 0.746094 0.611328 0.750000 0.613281 0.748047
0 0.646484 0.748047 0.648438 0.750000 0.654297 0.750000 0.656250 0.748047 0.656250 0.746094 0.654297 0.744141 0.650391 0.744141
0 0.708984 0.742188 0.707031 0.744141 0.707031 0.748047 0.710938 0.751953 0.716797 0.746094 0.714844 0.744141 0.712891 0.744141 0.710938 0.742188
0 0.347656 0.746094 0.345703 0.748047 0.343750 0.748047 0.339844 0.751953 0.339844 0.757812 0.345703 0.763672 0.349609 0.763672 0.353516 0.759766 0.353516 0.751953
0 0.625000 0.751953 0.623047 0.753906 0.623047 0.755859 0.625000 0.757812 0.626953 0.757812 0.628906 0.755859 0.628906 0.753906 0.626953 0.751953
0 0.384766 0.761719 0.382812 0.763672 0.382812 0.767578 0.384766 0.769531 0.388672 0.765625
0 0.105469 0.769531 0.101562 0.773438 0.105469 0.777344 0.107422 0.777344 0.111328 0.773438 0.107422 0.769531
0 0.792969 0.775391 0.789062 0.777344 0.789062 0.783203 0.781250 0.796875 0.781250 0.806641 0.783203 0.808594 0.785156 0.806641 0.792969 0.808594 0.800781 0.800781 0.804688 0.792969 0.804688 0.785156 0.802734 0.781250
0 0.312500 0.779297 0.310547 0.781250 0.312500 0.783203 0.314453 0.783203 0.316406 0.781250 0.314453 0.779297
0 0.826172 0.779297 0.824219 0.781250 0.824219 0.787109 0.826172 0.789062 0.826172 0.791016 0.822266 0.794922 0.820312 0.794922 0.818359 0.796875 0.818359 0.802734 0.820312 0.804688 0.824219 0.800781 0.832031 0.800781 0.835938 0.796875 0.835938 0.792969 0.833984 0.791016 0.833984 0.789062
0 0.978516 0.777344 0.974609 0.781250 0.980469 0.787109 0.984375 0.787109 0.986328 0.785156 0.986328 0.781250 0.982422 0.777344
0 0.544922 0.787109 0.541016 0.791016 0.544922 0.794922 0.548828 0.791016
0 0.712891 0.789062 0.708984 0.792969 0.708984 0.794922 0.712891 0.798828 0.716797 0.794922 0.716797 0.792969
0 0.599609 0.792969 0.587891 0.802734 0.587891 0.814453 0.583984 0.818359 0.578125 0.814453 0.574219 0.820312 0.578125 0.824219 0.587891 0.820312 0.599609 0.833984 0.607422 0.837891 0.615234 0.837891 0.623047 0.830078 0.623047 0.806641 0.607422 0.794922
0 0.966797 0.802734 0.960938 0.808594 0.960938 0.814453 0.966797 0.820312 0.972656 0.820312 0.978516 0.814453 0.978516 0.810547 0.976562 0.808594 0.976562 0.806641 0.972656 0.802734
0 0.939453 0.818359 0.933594 0.824219 0.933594 0.828125 0.941406 0.835938 0.943359 0.835938 0.945312 0.833984 0.947266 0.833984 0.951172 0.830078 0.951172 0.828125 0.953125 0.826172 0.949219 0.820312 0.947266 0.820312 0.945312 0.818359
0 0.345703 0.822266 0.341797 0.826172 0.341797 0.830078 0.343750 0.832031 0.345703 0.832031 0.347656 0.833984 0.351562 0.830078 0.351562 0.826172 0.347656 0.822266
0 0.898438 0.822266 0.894531 0.822266 0.890625 0.826172 0.890625 0.828125 0.896484 0.833984 0.898438 0.832031 0.900391 0.832031 0.902344 0.830078 0.902344 0.826172
0 0.576172 0.832031 0.574219 0.833984 0.574219 0.837891 0.576172 0.839844 0.578125 0.839844 0.580078 0.837891 0.580078 0.835938
0 0.791016 0.832031 0.787109 0.835938 0.787109 0.837891 0.791016 0.841797 0.794922 0.837891 0.794922 0.835938
0 0.974609 0.833984 0.972656 0.833984 0.968750 0.837891 0.968750 0.839844 0.972656 0.843750 0.976562 0.839844 0.976562 0.835938
0 0.917969 0.837891 0.914062 0.841797 0.914062 0.843750 0.912109 0.845703 0.912109 0.849609 0.916016 0.853516 0.917969 0.853516 0.919922 0.855469 0.921875 0.855469 0.923828 0.853516 0.925781 0.853516 0.929688 0.849609 0.929688 0.843750 0.923828 0.837891
0 0.277344 0.843750 0.275391 0.845703 0.273438 0.845703 0.271484 0.847656 0.271484 0.849609 0.275391 0.853516 0.279297 0.853516 0.281250 0.851562 0.281250 0.847656
1 0.781250 0.843750 0.773438 0.843750 0.765625 0.851562 0.765625 0.859375 0.767578 0.861328 0.769531 0.859375 0.771484 0.859375 0.783203 0.847656 0.783203 0.845703
0 0.535156 0.847656 0.533203 0.849609 0.533203 0.853516 0.537109 0.857422 0.541016 0.857422 0.544922 0.853516 0.542969 0.851562 0.542969 0.849609 0.541016 0.847656
0 0.890625 0.853516 0.886719 0.849609 0.884766 0.851562 0.882812 0.851562 0.880859 0.853516 0.880859 0.855469 0.882812 0.857422 0.886719 0.857422
0 0.994141 0.849609 0.988281 0.855469 0.988281 0.857422 0.994141 0.863281 0.996094 0.863281 0.998047 0.861328 0.998047 0.851562 0.996094 0.849609
1 0.619141 0.861328 0.615234 0.865234 0.615234 0.876953 0.619141 0.880859 0.623047 0.876953 0.623047 0.875000 0.621094 0.873047 0.621094 0.863281
0 0.785156 0.861328 0.781250 0.867188 0.781250 0.880859 0.785156 0.884766 0.794922 0.884766 0.798828 0.878906 0.798828 0.869141 0.794922 0.863281 0.792969 0.863281 0.791016 0.861328
0 0.873047 0.861328 0.867188 0.869141 0.867188 0.884766 0.873047 0.892578 0.876953 0.892578 0.882812 0.888672 0.882812 0.886719 0.886719 0.880859 0.886719 0.875000 0.884766 0.873047 0.884766 0.871094 0.875000 0.861328
1 0.904297 0.865234 0.900391 0.869141 0.900391 0.875000 0.904297 0.878906 0.906250 0.878906 0.914062 0.886719 0.917969 0.886719 0.919922 0.884766 0.917969 0.878906 0.910156 0.871094 0.910156 0.869141 0.906250 0.865234
0 0.927734 0.865234 0.925781 0.865234 0.923828 0.867188 0.923828 0.869141 0.925781 0.871094 0.929688 0.867188
0 0.822266 0.873047 0.818359 0.876953 0.822266 0.880859 0.824219 0.878906 0.824219 0.875000
0 0.982422 0.873047 0.980469 0.875000 0.982422 0.876953 0.984375 0.875000
0 0.650391 0.875000 0.648438 0.875000 0.644531 0.878906 0.644531 0.880859 0.642578 0.882812 0.642578 0.884766 0.644531 0.886719 0.646484 0.886719 0.652344 0.880859 0.652344 0.876953
0 0.732422 0.880859 0.730469 0.882812 0.730469 0.884766 0.732422 0.886719 0.734375 0.884766 0.734375 0.882812
0 0.816406 0.890625 0.814453 0.892578 0.816406 0.894531 0.818359 0.894531 0.820312 0.892578 0.818359 0.890625
0 0.761719 0.896484 0.755859 0.902344 0.755859 0.904297 0.757812 0.906250 0.757812 0.908203 0.759766 0.910156 0.761719 0.916016 0.763672 0.917969 0.767578 0.917969 0.769531 0.916016 0.771484 0.916016 0.775391 0.912109 0.769531 0.906250 0.767578 0.900391 0.763672 0.896484
0 0.919922 0.900391 0.916016 0.904297 0.916016 0.910156 0.919922 0.914062 0.923828 0.914062 0.927734 0.910156 0.927734 0.904297 0.923828 0.900391
0 0.966797 0.908203 0.962891 0.912109 0.966797 0.916016 0.970703 0.912109
0 0.882812 0.917969 0.878906 0.916016 0.873047 0.917969 0.867188 0.923828 0.867188 0.925781 0.859375 0.935547 0.859375 0.941406 0.865234 0.947266 0.869141 0.947266 0.873047 0.945312 0.875000 0.941406 0.884766 0.931641 0.886719 0.927734 0.886719 0.921875
0 0.951172 0.917969 0.949219 0.919922 0.949219 0.921875 0.947266 0.923828 0.953125 0.929688 0.957031 0.925781 0.957031 0.921875 0.953125 0.917969
0 0.925781 0.923828 0.923828 0.925781 0.925781 0.927734 0.927734 0.925781
0 0.796875 0.931641 0.794922 0.933594 0.796875 0.935547 0.798828 0.933594
0 0.705078 0.933594 0.703125 0.935547 0.705078 0.937500 0.707031 0.937500 0.708984 0.935547 0.707031 0.933594
0 0.724609 0.935547 0.720703 0.939453 0.724609 0.943359 0.724609 0.945312 0.728516 0.949219 0.732422 0.949219 0.736328 0.945312 0.736328 0.939453 0.732422 0.935547
0 0.898438 0.935547 0.894531 0.935547 0.886719 0.943359 0.886719 0.945312 0.884766 0.947266 0.884766 0.951172 0.882812 0.953125 0.884766 0.955078 0.884766 0.958984 0.890625 0.962891 0.892578 0.960938 0.894531 0.960938 0.902344 0.953125 0.902344 0.951172 0.904297 0.949219 0.904297 0.945312
1 0.673828 0.980469 0.671875 0.978516 0.669922 0.980469 0.667969 0.980469 0.666016 0.982422 0.664062 0.982422 0.662109 0.984375 0.664062 0.986328 0.667969 0.986328 0.669922 0.984375 0.671875 0.984375 0.673828 0.982422
1 0.921875 0.998047 0.933594 0.998047 0.929688 0.994141 0.925781 0.994141
