1 0.218750 0.003906 0.218750 0.005859 0.224609 0.009766 0.238281 0.009766 0.240234 0.011719 0.242188 0.011719 0.246094 0.007812 0.246094 0.005859 0.240234 0.000000 0.220703 0.000000 0.220703 0.001953
0 0.277344 0.009766 0.273438 0.013672 0.273438 0.015625 0.277344 0.019531 0.279297 0.019531 0.283203 0.015625 0.283203 0.013672 0.279297 0.009766
0 0.292969 0.035156 0.291016 0.037109 0.292969 0.039062 0.294922 0.037109
0 0.222656 0.041016 0.218750 0.044922 0.218750 0.048828 0.222656 0.052734 0.226562 0.052734 0.228516 0.050781 0.226562 0.048828 0.226562 0.044922
0 0.189453 0.046875 0.187500 0.048828 0.187500 0.052734 0.189453 0.054688 0.193359 0.054688 0.195312 0.052734
0 0.246094 0.048828 0.242188 0.048828 0.238281 0.052734 0.238281 0.056641 0.236328 0.058594 0.236328 0.060547 0.234375 0.062500 0.238281 0.066406 0.240234 0.066406 0.242188 0.064453 0.244141 0.064453 0.246094 0.062500 0.248047 0.062500 0.250000 0.060547 0.250000 0.052734
1 0.167969 0.062500 0.164062 0.058594 0.162109 0.058594 0.160156 0.060547 0.154297 0.060547 0.152344 0.062500 0.150391 0.062500 0.146484 0.066406 0.150391 0.070312 0.156250 0.070312 0.158203 0.068359 0.160156 0.068359 0.162109 0.066406 0.166016 0.066406 0.167969 0.064453
1 0.000000 0.080078 0.000000 0.525391 0.130859 0.552734 0.148438 0.666016 0.214844 0.636719 0.095703 0.728516 0.207031 0.708984 0.208984 0.822266 0.267578 0.851562 0.326172 0.830078 0.382812 0.886719 0.242188 0.998047 0.464844 0.875000 0.453125 0.839844 0.400391 0.880859 0.330078 0.814453 0.423828 0.792969 0.527344 0.878906 0.607422 0.867188 0.685547 0.914062 0.681641 0.882812 0.529297 0.826172 0.541016 0.787109 0.441406 0.792969 0.498047 0.707031 0.439453 0.685547 0.347656 0.558594 0.320312 0.578125 0.333984 0.521484 0.298828 0.539062 0.232422 0.482422 0.121094 0.509766 0.068359 0.466797 0.117188 0.353516 0.074219 0.351562 0.134766 0.326172 0.132812 0.351562 0.142578 0.285156 0.035156 0.224609
0 0.457031 0.078125 0.455078 0.080078 0.458984 0.083984 0.460938 0.082031 0.460938 0.080078 0.458984 0.078125
0 0.083984 0.099609 0.082031 0.101562 0.080078 0.101562 0.078125 0.103516 0.078125 0.105469 0.082031 0.109375 0.083984 0.109375 0.087891 0.105469 0.085938 0.103516 0.085938 0.101562
0 0.361328 0.097656 0.359375 0.097656 0.355469 0.101562 0.355469 0.103516 0.359375 0.107422 0.363281 0.103516 0.363281 0.099609
0 0.255859 0.105469 0.251953 0.109375 0.251953 0.111328 0.255859 0.115234 0.259766 0.115234 0.263672 0.111328 0.257812 0.105469
0 0.306641 0.105469 0.302734 0.109375 0.306641 0.113281 0.310547 0.109375
0 0.064453 0.113281 0.062500 0.113281 0.060547 0.115234 0.060547 0.117188 0.062500 0.119141 0.066406 0.115234
0 0.330078 0.117188 0.326172 0.121094 0.324219 0.121094 0.322266 0.123047 0.326172 0.126953 0.326172 0.128906 0.328125 0.130859 0.333984 0.130859 0.339844 0.125000 0.339844 0.123047 0.337891 0.121094 0.337891 0.119141 0.335938 0.117188
0 0.585938 0.117188 0.582031 0.117188 0.578125 0.121094 0.578125 0.123047 0.576172 0.125000 0.578125 0.126953 0.580078 0.126953 0.582031 0.128906 0.583984 0.128906 0.589844 0.123047 0.589844 0.121094
0 0.273438 0.125000 0.269531 0.128906 0.269531 0.130859 0.271484 0.132812 0.271484 0.134766 0.275391 0.138672 0.275391 0.140625 0.277344 0.142578 0.281250 0.142578 0.285156 0.138672 0.285156 0.134766 0.287109 0.132812 0.287109 0.128906 0.281250 0.125000
1 0.123047 0.128906 0.115234 0.128906 0.111328 0.130859 0.107422 0.136719 0.107422 0.140625 0.105469 0.142578 0.107422 0.144531 0.107422 0.148438 0.105469 0.150391 0.105469 0.156250 0.103516 0.158203 0.107422 0.162109 0.113281 0.156250 0.113281 0.154297 0.125000 0.144531 0.126953 0.140625 0.126953 0.132812
0 0.638672 0.136719 0.636719 0.134766 0.630859 0.134766 0.628906 0.136719 0.626953 0.136719 0.625000 0.138672 0.625000 0.142578 0.626953 0.144531 0.628906 0.142578 0.632812 0.142578
0 0.224609 0.142578 0.218750 0.148438 0.218750 0.154297 0.222656 0.158203 0.224609 0.158203 0.226562 0.160156 0.230469 0.160156 0.232422 0.158203 0.234375 0.158203 0.238281 0.154297 0.238281 0.148438 0.234375 0.144531 0.232422 0.144531 0.230469 0.142578
0 0.646484 0.142578 0.644531 0.144531 0.644531 0.146484 0.646484 0.148438 0.648438 0.146484 0.648438 0.144531
0 0.267578 0.148438 0.263672 0.152344 0.263672 0.154297 0.267578 0.158203 0.271484 0.158203 0.273438 0.156250 0.273438 0.152344 0.269531 0.148438
0 0.306641 0.154297 0.304688 0.156250 0.304688 0.160156 0.306641 0.162109 0.306641 0.164062 0.310547 0.167969 0.312500 0.167969 0.314453 0.166016 0.314453 0.160156 0.308594 0.154297
0 0.035156 0.158203 0.031250 0.162109 0.037109 0.167969 0.041016 0.167969 0.042969 0.166016
0 0.048828 0.179688 0.056641 0.187500 0.056641 0.193359 0.066406 0.203125 0.070312 0.203125 0.082031 0.185547 0.093750 0.185547 0.105469 0.177734 0.107422 0.173828 0.105469 0.171875 0.078125 0.173828 0.066406 0.162109 0.062500 0.162109
0 0.240234 0.166016 0.234375 0.171875 0.234375 0.173828 0.236328 0.175781 0.238281 0.175781 0.240234 0.173828 0.240234 0.171875 0.242188 0.169922 0.242188 0.167969
0 0.273438 0.166016 0.269531 0.166016 0.267578 0.167969 0.267578 0.171875 0.269531 0.173828 0.271484 0.173828 0.275391 0.169922 0.275391 0.167969
0 0.412109 0.164062 0.408203 0.164062 0.406250 0.166016 0.404297 0.166016 0.400391 0.169922 0.400391 0.171875 0.398438 0.173828 0.398438 0.181641 0.404297 0.187500 0.408203 0.187500 0.416016 0.179688 0.416016 0.177734 0.419922 0.173828 0.417969 0.171875 0.417969 0.167969
0 0.554688 0.164062 0.552734 0.164062 0.550781 0.166016 0.548828 0.166016 0.546875 0.167969 0.546875 0.171875 0.544922 0.173828 0.550781 0.179688 0.554688 0.179688 0.560547 0.173828 0.560547 0.167969 0.558594 0.166016 0.556641 0.166016
0 0.134766 0.167969 0.132812 0.169922 0.130859 0.169922 0.128906 0.171875 0.130859 0.173828 0.132812 0.173828 0.134766 0.175781 0.138672 0.171875
0 0.189453 0.171875 0.187500 0.173828 0.189453 0.175781 0.191406 0.173828
0 0.214844 0.197266 0.208984 0.191406 0.207031 0.193359 0.203125 0.193359 0.201172 0.195312 0.193359 0.195312 0.189453 0.199219 0.189453 0.201172 0.195312 0.207031 0.201172 0.207031 0.203125 0.205078 0.207031 0.205078
0 0.097656 0.201172 0.093750 0.205078 0.093750 0.207031 0.095703 0.208984 0.099609 0.208984 0.101562 0.207031 0.101562 0.205078
0 0.308594 0.203125 0.306641 0.203125 0.300781 0.208984 0.300781 0.210938 0.304688 0.214844 0.310547 0.208984 0.310547 0.205078
0 0.166016 0.208984 0.160156 0.214844 0.162109 0.216797 0.162109 0.218750 0.164062 0.220703 0.169922 0.220703 0.173828 0.216797 0.173828 0.212891 0.171875 0.210938 0.167969 0.210938
0 0.232422 0.208984 0.230469 0.208984 0.224609 0.214844 0.228516 0.218750 0.232422 0.218750 0.234375 0.216797 0.234375 0.210938
1 0.148438 0.218750 0.146484 0.216797 0.144531 0.218750 0.134766 0.218750 0.132812 0.220703 0.126953 0.222656 0.117188 0.232422 0.111328 0.234375 0.103516 0.242188 0.103516 0.248047 0.105469 0.250000 0.111328 0.251953 0.113281 0.250000 0.113281 0.244141 0.123047 0.234375 0.134766 0.230469 0.142578 0.222656 0.144531 0.222656
0 0.656250 0.246094 0.654297 0.248047 0.656250 0.250000 0.658203 0.248047
0 0.171875 0.267578 0.169922 0.267578 0.164062 0.273438 0.164062 0.281250 0.167969 0.285156 0.171875 0.285156 0.177734 0.279297 0.175781 0.277344 0.177734 0.275391 0.173828 0.271484 0.173828 0.269531
0 0.185547 0.271484 0.181641 0.275391 0.183594 0.277344 0.181641 0.279297 0.187500 0.285156 0.189453 0.285156 0.191406 0.287109 0.195312 0.287109 0.201172 0.281250 0.201172 0.279297 0.199219 0.277344 0.199219 0.275391 0.193359 0.271484
0 0.246094 0.341797 0.244141 0.343750 0.248047 0.347656 0.250000 0.345703 0.250000 0.343750 0.248047 0.341797
0 0.638672 0.357422 0.636719 0.359375 0.638672 0.361328 0.640625 0.359375
0 0.779297 0.359375 0.777344 0.361328 0.777344 0.363281 0.779297 0.365234 0.781250 0.363281 0.781250 0.361328
0 0.269531 0.363281 0.265625 0.367188 0.265625 0.369141 0.269531 0.373047 0.269531 0.375000 0.275391 0.380859 0.281250 0.380859 0.285156 0.376953 0.285156 0.375000 0.281250 0.371094 0.279297 0.371094 0.271484 0.363281
0 0.207031 0.367188 0.205078 0.369141 0.205078 0.375000 0.207031 0.376953 0.207031 0.378906 0.210938 0.382812 0.216797 0.376953 0.216797 0.375000 0.214844 0.373047 0.214844 0.371094 0.210938 0.367188
0 0.769531 0.378906 0.767578 0.380859 0.769531 0.382812 0.771484 0.380859
0 0.304688 0.384766 0.302734 0.386719 0.302734 0.388672 0.304688 0.390625 0.306641 0.388672 0.306641 0.386719
0 0.693359 0.402344 0.689453 0.406250 0.691406 0.408203 0.691406 0.412109 0.693359 0.414062 0.695312 0.414062 0.697266 0.412109 0.697266 0.410156 0.695312 0.408203 0.695312 0.404297
0 0.130859 0.412109 0.126953 0.416016 0.126953 0.417969 0.128906 0.419922 0.132812 0.419922 0.134766 0.417969 0.134766 0.416016
0 0.378906 0.417969 0.373047 0.419922 0.369141 0.423828 0.365234 0.431641 0.365234 0.445312 0.371094 0.451172 0.376953 0.449219 0.384766 0.441406 0.386719 0.437500 0.386719 0.431641 0.388672 0.429688 0.386719 0.427734 0.386719 0.423828
0 0.716797 0.423828 0.708984 0.431641 0.708984 0.435547 0.714844 0.441406 0.722656 0.441406 0.728516 0.437500 0.728516 0.435547 0.730469 0.433594 0.730469 0.429688 0.726562 0.423828
0 0.871094 0.427734 0.867188 0.431641 0.867188 0.433594 0.869141 0.435547 0.875000 0.435547 0.876953 0.433594 0.876953 0.431641 0.873047 0.427734
0 0.115234 0.429688 0.111328 0.433594 0.111328 0.437500 0.115234 0.441406 0.117188 0.441406 0.121094 0.437500 0.121094 0.433594 0.117188 0.429688
0 0.630859 0.433594 0.626953 0.437500 0.626953 0.441406 0.636719 0.451172 0.642578 0.451172 0.646484 0.447266 0.646484 0.443359 0.644531 0.441406 0.644531 0.439453 0.638672 0.433594
0 0.791016 0.490234 0.789062 0.492188 0.789062 0.494141 0.791016 0.496094 0.792969 0.494141 0.792969 0.492188
0 0.408203 0.505859 0.398438 0.519531 0.398438 0.527344 0.390625 0.541016 0.390625 0.544922 0.392578 0.546875 0.398438 0.546875 0.400391 0.544922 0.414062 0.552734 0.421875 0.542969 0.421875 0.537109 0.419922 0.535156 0.421875 0.509766 0.417969 0.505859
0 0.634766 0.527344 0.638672 0.533203 0.642578 0.529297 0.646484 0.529297 0.650391 0.535156 0.660156 0.542969 0.667969 0.541016 0.673828 0.535156 0.673828 0.529297 0.667969 0.521484 0.658203 0.517578 0.652344 0.519531 0.642578 0.527344 0.638672 0.523438
0 0.298828 0.521484 0.296875 0.523438 0.298828 0.525391 0.300781 0.523438
0 0.375000 0.523438 0.373047 0.523438 0.369141 0.527344 0.367188 0.527344 0.365234 0.529297 0.365234 0.531250 0.371094 0.537109 0.375000 0.537109 0.380859 0.531250 0.380859 0.529297
1 0.441406 0.529297 0.437500 0.542969 0.425781 0.558594 0.435547 0.578125 0.443359 0.582031 0.453125 0.576172 0.457031 0.580078 0.449219 0.591797 0.453125 0.603516 0.457031 0.605469 0.462891 0.587891 0.460938 0.574219 0.466797 0.566406 0.466797 0.558594 0.458984 0.552734 0.451172 0.552734 0.443359 0.544922 0.445312 0.533203
0 0.480469 0.562500 0.482422 0.578125 0.498047 0.589844 0.494141 0.593750 0.496094 0.597656 0.500000 0.593750 0.498047 0.589844 0.509766 0.578125 0.517578 0.583984 0.533203 0.580078 0.539062 0.585938 0.546875 0.585938 0.552734 0.578125 0.544922 0.564453 0.544922 0.556641 0.537109 0.554688 0.529297 0.541016 0.515625 0.533203 0.503906 0.535156 0.498047 0.542969 0.500000 0.552734
0 0.902344 0.539062 0.900391 0.541016 0.900391 0.546875 0.904297 0.550781 0.910156 0.550781 0.912109 0.548828 0.912109 0.542969 0.908203 0.539062
0 0.373047 0.550781 0.369141 0.546875 0.365234 0.550781 0.367188 0.552734 0.371094 0.552734
0 0.937500 0.548828 0.935547 0.550781 0.935547 0.558594 0.937500 0.560547 0.943359 0.560547 0.945312 0.558594 0.945312 0.556641 0.947266 0.554688 0.947266 0.552734 0.943359 0.548828
0 0.371094 0.580078 0.371094 0.582031 0.373047 0.583984 0.376953 0.583984 0.380859 0.587891 0.380859 0.589844 0.382812 0.591797 0.388672 0.591797 0.396484 0.583984 0.390625 0.578125 0.373047 0.578125
0 0.402344 0.589844 0.400391 0.591797 0.400391 0.599609 0.402344 0.601562 0.404297 0.601562 0.406250 0.603516 0.410156 0.599609 0.410156 0.593750 0.406250 0.589844
0 0.623047 0.589844 0.621094 0.591797 0.621094 0.593750 0.623047 0.595703 0.625000 0.595703 0.626953 0.593750 0.626953 0.591797 0.625000 0.589844
0 0.591797 0.595703 0.589844 0.597656 0.587891 0.597656 0.585938 0.599609 0.585938 0.601562 0.583984 0.603516 0.587891 0.607422 0.591797 0.607422 0.595703 0.603516 0.595703 0.599609
0 0.984375 0.597656 0.978516 0.603516 0.978516 0.607422 0.982422 0.611328 0.988281 0.611328 0.992188 0.607422 0.992188 0.605469 0.994141 0.603516 0.994141 0.601562 0.990234 0.597656
0 0.742188 0.605469 0.740234 0.607422 0.742188 0.609375 0.744141 0.609375 0.746094 0.607422 0.744141 0.605469
0 0.693359 0.611328 0.691406 0.613281 0.693359 0.615234 0.695312 0.613281
0 0.789062 0.615234 0.785156 0.619141 0.789062 0.623047 0.792969 0.619141
0 0.441406 0.623047 0.437500 0.626953 0.437500 0.628906 0.439453 0.630859 0.443359 0.626953 0.443359 0.625000
0 0.623047 0.621094 0.619141 0.621094 0.615234 0.625000 0.615234 0.628906 0.619141 0.632812 0.621094 0.632812 0.626953 0.626953 0.626953 0.625000
0 0.906250 0.625000 0.904297 0.626953 0.906250 0.628906 0.908203 0.628906 0.910156 0.626953 0.908203 0.625000
0 0.849609 0.628906 0.847656 0.630859 0.845703 0.630859 0.843750 0.632812 0.843750 0.636719 0.845703 0.638672 0.845703 0.640625 0.847656 0.642578 0.851562 0.642578 0.853516 0.644531 0.859375 0.638672 0.859375 0.636719 0.857422 0.634766 0.857422 0.632812 0.855469 0.630859 0.853516 0.630859 0.851562 0.628906
0 0.568359 0.636719 0.566406 0.638672 0.566406 0.640625 0.568359 0.642578 0.570312 0.642578 0.572266 0.640625 0.572266 0.638672 0.570312 0.636719
0 0.482422 0.644531 0.478516 0.648438 0.480469 0.650391 0.482422 0.650391 0.484375 0.648438 0.484375 0.646484
0 0.562500 0.675781 0.566406 0.681641 0.570312 0.677734 0.574219 0.679688 0.576172 0.677734 0.582031 0.683594 0.595703 0.683594 0.599609 0.679688 0.599609 0.675781 0.595703 0.669922 0.593750 0.662109 0.585938 0.654297 0.580078 0.654297 0.574219 0.660156 0.574219 0.664062 0.568359 0.669922 0.566406 0.669922
0 0.798828 0.656250 0.796875 0.658203 0.796875 0.662109 0.800781 0.666016 0.804688 0.662109 0.804688 0.660156 0.800781 0.656250
0 0.468750 0.660156 0.466797 0.662109 0.466797 0.664062 0.464844 0.666016 0.470703 0.671875 0.472656 0.671875 0.476562 0.667969 0.476562 0.662109 0.474609 0.660156
0 0.882812 0.664062 0.880859 0.666016 0.880859 0.667969 0.882812 0.669922 0.882812 0.671875 0.886719 0.675781 0.890625 0.675781 0.894531 0.671875 0.894531 0.669922 0.888672 0.664062
0 0.767578 0.667969 0.763672 0.671875 0.763672 0.673828 0.767578 0.677734 0.769531 0.677734 0.773438 0.673828 0.773438 0.671875 0.769531 0.667969
0 0.925781 0.671875 0.917969 0.681641 0.917969 0.691406 0.919922 0.693359 0.921875 0.701172 0.927734 0.707031 0.935547 0.707031 0.939453 0.705078 0.945312 0.697266 0.945312 0.685547 0.943359 0.683594 0.943359 0.679688 0.935547 0.671875 0.931641 0.673828
0 0.738281 0.687500 0.732422 0.681641 0.730469 0.681641 0.726562 0.677734 0.724609 0.677734 0.722656 0.679688 0.718750 0.679688 0.707031 0.689453 0.710938 0.695312 0.720703 0.695312 0.722656 0.697266 0.732422 0.697266 0.738281 0.691406
0 0.681641 0.693359 0.677734 0.697266 0.677734 0.699219 0.685547 0.707031 0.687500 0.707031 0.689453 0.708984 0.691406 0.708984 0.695312 0.705078 0.695312 0.701172 0.691406 0.697266 0.689453 0.697266 0.687500 0.695312 0.683594 0.695312
0 0.753906 0.691406 0.750000 0.691406 0.748047 0.693359 0.748047 0.695312 0.750000 0.697266 0.751953 0.697266 0.755859 0.693359
0 0.833984 0.693359 0.832031 0.695312 0.832031 0.697266 0.833984 0.699219 0.835938 0.697266 0.835938 0.695312
0 0.974609 0.699219 0.968750 0.699219 0.964844 0.703125 0.964844 0.705078 0.970703 0.710938 0.972656 0.708984 0.974609 0.708984 0.976562 0.707031 0.976562 0.701172
0 0.738281 0.710938 0.736328 0.712891 0.736328 0.714844 0.738281 0.716797 0.742188 0.716797 0.744141 0.714844 0.744141 0.712891 0.742188 0.710938
1 0.998047 0.714844 0.996094 0.716797 0.996094 0.722656 0.994141 0.724609 0.994141 0.728516 0.998047 0.732422
1 0.708984 0.720703 0.703125 0.726562 0.703125 0.732422 0.705078 0.734375 0.705078 0.740234 0.703125 0.742188 0.703125 0.751953 0.708984 0.757812 0.710938 0.757812 0.720703 0.750000 0.720703 0.742188 0.716797 0.736328 0.716797 0.732422 0.714844 0.730469 0.714844 0.724609 0.710938 0.720703
0 0.933594 0.720703 0.931641 0.722656 0.933594 0.724609 0.935547 0.722656
1 0.781250 0.722656 0.771484 0.732422 0.767578 0.740234 0.769531 0.742188 0.769531 0.748047 0.787109 0.763672 0.791016 0.757812 0.781250 0.750000 0.781250 0.740234 0.787109 0.732422 0.787109 0.726562
0 0.968750 0.722656 0.966797 0.724609 0.966797 0.726562 0.968750 0.728516 0.970703 0.726562 0.970703 0.724609
0 0.615234 0.730469 0.611328 0.730469 0.607422 0.734375 0.607422 0.746094 0.611328 0.750000 0.613281 0.750000 0.619141 0.744141 0.619141 0.742188 0.621094 0.740234 0.621094 0.736328
0 0.824219 0.750000 0.820312 0.753906 0.824219 0.757812 0.828125 0.753906
0 0.761719 0.755859 0.757812 0.759766 0.757812 0.761719 0.751953 0.767578 0.755859 0.771484 0.761719 0.771484 0.763672 0.769531 0.763672 0.765625 0.765625 0.763672 0.765625 0.759766
0 0.896484 0.759766 0.892578 0.763672 0.896484 0.767578 0.898438 0.767578 0.902344 0.763672 0.898438 0.759766
1 0.998047 0.765625 0.994141 0.769531 0.994141 0.775391 0.998047 0.779297
0 0.564453 0.771484 0.562500 0.771484 0.554688 0.779297 0.560547 0.785156 0.564453 0.785156 0.570312 0.779297 0.570312 0.777344
0 0.675781 0.775391 0.671875 0.775391 0.667969 0.779297 0.667969 0.785156 0.669922 0.787109 0.669922 0.789062 0.671875 0.791016 0.673828 0.791016 0.679688 0.785156 0.679688 0.779297
0 0.970703 0.775391 0.966797 0.779297 0.966797 0.783203 0.968750 0.785156 0.970703 0.785156 0.972656 0.787109 0.976562 0.783203 0.976562 0.779297 0.974609 0.777344 0.972656 0.777344
0 0.595703 0.802734 0.595703 0.812500 0.603516 0.820312 0.617188 0.820312 0.626953 0.816406 0.634766 0.822266 0.644531 0.822266 0.654297 0.814453 0.650391 0.806641 0.638672 0.806641 0.630859 0.800781 0.628906 0.791016 0.632812 0.783203 0.628906 0.779297 0.617188 0.779297 0.599609 0.794922
0 0.962891 0.806641 0.960938 0.808594 0.960938 0.810547 0.962891 0.812500 0.964844 0.812500 0.966797 0.810547 0.966797 0.808594 0.964844 0.806641
0 0.978516 0.820312 0.972656 0.820312 0.970703 0.822266 0.968750 0.822266 0.964844 0.826172 0.964844 0.832031 0.962891 0.833984 0.964844 0.835938 0.966797 0.841797 0.972656 0.847656 0.984375 0.835938 0.984375 0.833984 0.986328 0.832031 0.986328 0.828125 0.984375 0.826172 0.984375 0.824219
0 0.882812 0.841797 0.882812 0.845703 0.884766 0.847656 0.886719 0.853516 0.892578 0.857422 0.900391 0.857422 0.910156 0.847656 0.910156 0.843750 0.906250 0.839844 0.904297 0.839844 0.902344 0.837891 0.898438 0.837891 0.896484 0.835938 0.886719 0.835938
0 0.644531 0.841797 0.640625 0.845703 0.644531 0.849609 0.648438 0.845703
0 0.906250 0.867188 0.904297 0.869141 0.904297 0.871094 0.906250 0.873047 0.908203 0.873047 0.910156 0.871094
0 0.984375 0.873047 0.978516 0.878906 0.978516 0.884766 0.982422 0.888672 0.988281 0.888672 0.994141 0.882812 0.994141 0.880859 0.992188 0.878906 0.990234 0.878906
0 0.755859 0.882812 0.753906 0.884766 0.753906 0.886719 0.755859 0.888672 0.757812 0.886719 0.757812 0.884766
0 0.958984 0.900391 0.955078 0.900391 0.951172 0.904297 0.951172 0.908203 0.945312 0.917969 0.945312 0.919922 0.949219 0.923828 0.953125 0.923828 0.964844 0.910156 0.964844 0.906250
0 0.521484 0.937500 0.523438 0.947266 0.535156 0.955078 0.556641 0.955078 0.558594 0.953125 0.566406 0.955078 0.568359 0.953125 0.564453 0.949219 0.568359 0.939453 0.568359 0.929688 0.554688 0.916016 0.546875 0.916016 0.533203 0.929688 0.527344 0.931641
0 0.984375 0.917969 0.978516 0.917969 0.972656 0.923828 0.972656 0.929688 0.976562 0.933594 0.978516 0.933594 0.980469 0.935547 0.982422 0.933594 0.984375 0.933594 0.986328 0.931641 0.986328 0.929688 0.988281 0.927734 0.988281 0.921875
0 0.691406 0.921875 0.685547 0.927734 0.685547 0.935547 0.689453 0.941406 0.687500 0.958984 0.695312 0.966797 0.710938 0.966797 0.716797 0.960938 0.716797 0.955078 0.730469 0.943359 0.730469 0.939453 0.726562 0.935547 0.718750 0.935547 0.708984 0.943359 0.703125 0.937500 0.705078 0.935547 0.703125 0.927734 0.697266 0.921875
0 0.630859 0.945312 0.632812 0.947266 0.632812 0.953125 0.636719 0.957031 0.638672 0.957031 0.640625 0.958984 0.650391 0.958984 0.654297 0.955078 0.654297 0.947266 0.648438 0.941406 0.636719 0.941406
0 0.607422 0.945312 0.601562 0.951172 0.603516 0.960938 0.599609 0.964844 0.593750 0.964844 0.587891 0.972656 0.587891 0.982422 0.591797 0.990234 0.589844 0.998047 0.636719 0.998047 0.632812 0.994141 0.630859 0.984375 0.609375 0.966797 0.609375 0.962891 0.623047 0.953125 0.623047 0.947266
0 0.792969 0.949219 0.791016 0.951172 0.789062 0.951172 0.787109 0.953125 0.787109 0.957031 0.789062 0.958984 0.789062 0.960938 0.791016 0.962891 0.792969 0.962891 0.794922 0.964844 0.796875 0.964844 0.802734 0.958984 0.802734 0.955078 0.796875 0.949219
0 0.763672 0.958984 0.759766 0.962891 0.763672 0.966797 0.767578 0.966797 0.769531 0.964844 0.769531 0.960938 0.767578 0.958984
0 0.818359 0.957031 0.812500 0.962891 0.812500 0.966797 0.818359 0.972656 0.822266 0.972656 0.828125 0.966797 0.828125 0.962891 0.822266 0.957031
0 0.755859 0.996094 0.755859 0.998047 0.769531 0.998047 0.769531 0.996094 0.763672 0.990234 0.761719 0.990234
0 0.857422 0.994141 0.853516 0.990234 0.851562 0.990234 0.849609 0.992188 0.847656 0.992188 0.845703 0.994141 0.845703 0.996094 0.843750 0.998047 0.857422 0.998047
0 0.359375 0.996094 0.355469 0.992188 0.351562 0.996094 0.351562 0.998047 0.359375 0.998047
