0 0.839844 0.173828 0.835938 0.173828 0.833984 0.175781 0.837891 0.179688 0.841797 0.175781
1 0.000000 0.191406 0.000000 0.509766 0.072266 0.742188 0.142578 0.761719 0.146484 0.822266 0.197266 0.755859 0.285156 0.832031 0.246094 0.873047 0.255859 0.958984 0.314453 0.917969 0.425781 0.998047 0.404297 0.914062 0.531250 0.916016 0.367188 0.888672 0.291016 0.835938 0.253906 0.757812 0.169922 0.726562 0.224609 0.677734 0.404297 0.632812 0.404297 0.597656 0.462891 0.605469 0.324219 0.500000 0.396484 0.560547 0.361328 0.636719 0.240234 0.656250 0.212891 0.630859 0.201172 0.667969 0.117188 0.681641 0.107422 0.644531 0.300781 0.556641 0.275391 0.548828 0.310547 0.501953 0.236328 0.400391 0.125000 0.416016 0.140625 0.351562 0.085938 0.367188 0.121094 0.285156 0.103516 0.238281
0 0.939453 0.214844 0.937500 0.216797 0.939453 0.218750 0.941406 0.218750 0.943359 0.216797 0.941406 0.214844
0 0.667969 0.226562 0.664062 0.230469 0.664062 0.236328 0.667969 0.240234 0.669922 0.240234 0.671875 0.242188 0.675781 0.242188 0.679688 0.238281 0.679688 0.234375 0.677734 0.232422 0.677734 0.230469 0.675781 0.228516 0.673828 0.228516 0.671875 0.226562
0 0.400391 0.238281 0.394531 0.242188 0.394531 0.244141 0.392578 0.246094 0.392578 0.250000 0.398438 0.253906 0.404297 0.253906 0.410156 0.248047 0.410156 0.242188 0.404297 0.238281
0 0.458984 0.248047 0.457031 0.250000 0.460938 0.253906 0.462891 0.253906 0.464844 0.251953 0.464844 0.250000 0.462891 0.248047
0 0.501953 0.251953 0.500000 0.253906 0.500000 0.257812 0.501953 0.259766 0.505859 0.259766 0.509766 0.255859 0.505859 0.251953
0 0.476562 0.259766 0.472656 0.255859 0.468750 0.259766 0.470703 0.261719 0.474609 0.261719
0 0.732422 0.269531 0.728516 0.273438 0.732422 0.277344 0.734375 0.277344 0.738281 0.273438 0.734375 0.269531
0 0.251953 0.291016 0.251953 0.292969 0.255859 0.298828 0.257812 0.298828 0.259766 0.300781 0.263672 0.300781 0.265625 0.302734 0.271484 0.302734 0.275391 0.298828 0.275391 0.296875 0.277344 0.294922 0.277344 0.287109 0.273438 0.283203 0.261719 0.283203 0.259766 0.285156 0.257812 0.285156
0 0.074219 0.294922 0.072266 0.296875 0.070312 0.296875 0.068359 0.298828 0.068359 0.300781 0.066406 0.302734 0.066406 0.304688 0.068359 0.306641 0.072266 0.306641 0.074219 0.304688 0.076172 0.304688 0.078125 0.302734 0.078125 0.298828
0 0.484375 0.296875 0.480469 0.296875 0.476562 0.300781 0.476562 0.302734 0.474609 0.304688 0.478516 0.308594 0.480469 0.308594 0.482422 0.310547 0.484375 0.308594 0.484375 0.306641 0.486328 0.304688 0.486328 0.298828
0 0.611328 0.304688 0.609375 0.306641 0.609375 0.308594 0.611328 0.310547 0.613281 0.310547 0.615234 0.308594 0.615234 0.306641 0.613281 0.304688
0 0.310547 0.322266 0.308594 0.324219 0.310547 0.326172 0.312500 0.324219
0 0.333984 0.320312 0.332031 0.322266 0.332031 0.326172 0.341797 0.335938 0.345703 0.335938 0.349609 0.332031 0.347656 0.330078 0.347656 0.328125 0.339844 0.320312
0 0.162109 0.339844 0.162109 0.349609 0.166016 0.353516 0.181641 0.353516 0.183594 0.351562 0.183594 0.347656 0.181641 0.345703 0.181641 0.343750 0.175781 0.337891 0.173828 0.337891 0.171875 0.335938 0.166016 0.335938
0 0.365234 0.337891 0.363281 0.339844 0.363281 0.343750 0.367188 0.347656 0.369141 0.347656 0.373047 0.343750 0.373047 0.341797 0.369141 0.337891
0 0.753906 0.335938 0.750000 0.339844 0.750000 0.341797 0.753906 0.345703 0.759766 0.345703 0.763672 0.341797 0.763672 0.339844 0.759766 0.335938
0 0.318359 0.341797 0.316406 0.341797 0.314453 0.343750 0.314453 0.345703 0.316406 0.347656 0.320312 0.343750
0 0.482422 0.339844 0.478516 0.339844 0.474609 0.343750 0.474609 0.345703 0.472656 0.347656 0.472656 0.351562 0.478516 0.357422 0.480469 0.357422 0.482422 0.355469 0.482422 0.353516 0.484375 0.351562 0.484375 0.349609 0.486328 0.347656 0.486328 0.345703 0.484375 0.343750 0.484375 0.341797
0 0.328125 0.351562 0.324219 0.355469 0.324219 0.357422 0.326172 0.359375 0.328125 0.359375 0.330078 0.357422 0.330078 0.353516
0 0.380859 0.353516 0.378906 0.353516 0.376953 0.355469 0.376953 0.357422 0.378906 0.359375 0.382812 0.355469
0 0.269531 0.361328 0.265625 0.365234 0.271484 0.371094 0.273438 0.371094 0.275391 0.369141 0.275391 0.367188 0.273438 0.365234 0.273438 0.363281 0.271484 0.361328
0 0.367188 0.361328 0.365234 0.363281 0.365234 0.365234 0.369141 0.369141 0.371094 0.369141 0.373047 0.367188 0.373047 0.365234 0.369141 0.361328
0 0.412109 0.363281 0.410156 0.365234 0.412109 0.367188 0.414062 0.365234
0 0.384766 0.369141 0.375000 0.380859 0.373047 0.388672 0.380859 0.398438 0.386719 0.400391 0.396484 0.408203 0.400391 0.402344 0.400391 0.398438 0.386719 0.382812 0.386719 0.378906 0.392578 0.373047 0.388672 0.369141
0 0.851562 0.373047 0.843750 0.373047 0.841797 0.375000 0.839844 0.375000 0.833984 0.380859 0.833984 0.382812 0.832031 0.384766 0.832031 0.392578 0.835938 0.396484 0.843750 0.396484 0.845703 0.394531 0.847656 0.394531 0.855469 0.386719 0.855469 0.378906
0 0.566406 0.378906 0.564453 0.380859 0.568359 0.384766 0.570312 0.382812 0.570312 0.380859 0.568359 0.378906
0 0.447266 0.384766 0.443359 0.388672 0.443359 0.390625 0.445312 0.392578 0.449219 0.392578 0.451172 0.390625 0.451172 0.388672
0 0.464844 0.384766 0.462891 0.386719 0.462891 0.388672 0.464844 0.390625 0.468750 0.390625 0.470703 0.388672 0.466797 0.384766
0 0.332031 0.396484 0.330078 0.398438 0.330078 0.404297 0.333984 0.408203 0.335938 0.408203 0.337891 0.406250 0.337891 0.402344
0 0.462891 0.398438 0.458984 0.402344 0.458984 0.404297 0.460938 0.406250 0.462891 0.406250 0.466797 0.402344
0 0.441406 0.408203 0.439453 0.410156 0.439453 0.412109 0.441406 0.414062 0.443359 0.412109 0.443359 0.410156
0 0.472656 0.406250 0.470703 0.408203 0.474609 0.412109 0.476562 0.410156 0.476562 0.408203 0.474609 0.406250
0 0.644531 0.412109 0.646484 0.414062 0.650391 0.414062 0.654297 0.410156 0.652344 0.408203 0.646484 0.408203 0.644531 0.410156
0 0.572266 0.421875 0.568359 0.425781 0.568359 0.437500 0.572266 0.441406 0.574219 0.441406 0.576172 0.443359 0.578125 0.441406 0.578125 0.439453 0.582031 0.435547 0.582031 0.427734 0.576172 0.421875
0 0.445312 0.427734 0.443359 0.429688 0.441406 0.429688 0.439453 0.431641 0.439453 0.435547 0.443359 0.439453 0.447266 0.439453 0.451172 0.435547 0.451172 0.431641 0.449219 0.429688 0.447266 0.429688
0 0.330078 0.435547 0.328125 0.437500 0.330078 0.439453 0.332031 0.437500
0 0.500000 0.439453 0.496094 0.443359 0.496094 0.445312 0.500000 0.449219 0.501953 0.449219 0.503906 0.447266 0.503906 0.443359
0 0.318359 0.445312 0.304688 0.458984 0.308594 0.462891 0.316406 0.464844 0.335938 0.482422 0.343750 0.476562 0.343750 0.470703 0.339844 0.466797 0.333984 0.453125 0.326172 0.443359
0 0.525391 0.445312 0.523438 0.447266 0.525391 0.449219 0.525391 0.451172 0.527344 0.453125 0.529297 0.453125 0.531250 0.451172 0.529297 0.449219 0.529297 0.447266 0.527344 0.445312
0 0.552734 0.445312 0.550781 0.445312 0.544922 0.451172 0.546875 0.453125 0.544922 0.455078 0.548828 0.458984 0.550781 0.457031 0.552734 0.457031 0.554688 0.455078 0.554688 0.453125 0.556641 0.451172 0.556641 0.449219
0 0.535156 0.460938 0.531250 0.464844 0.533203 0.466797 0.533203 0.468750 0.537109 0.472656 0.539062 0.472656 0.541016 0.470703 0.541016 0.466797
0 0.474609 0.468750 0.470703 0.468750 0.466797 0.472656 0.466797 0.474609 0.472656 0.480469 0.474609 0.478516 0.476562 0.478516 0.478516 0.476562 0.478516 0.472656
0 0.546875 0.488281 0.544922 0.490234 0.546875 0.492188 0.548828 0.490234
0 0.613281 0.496094 0.611328 0.498047 0.611328 0.503906 0.609375 0.505859 0.615234 0.511719 0.617188 0.511719 0.621094 0.507812 0.621094 0.501953 0.619141 0.500000 0.619141 0.498047 0.617188 0.496094
0 0.552734 0.517578 0.550781 0.519531 0.552734 0.521484 0.554688 0.519531
0 0.316406 0.535156 0.312500 0.539062 0.312500 0.541016 0.316406 0.544922 0.318359 0.544922 0.322266 0.541016 0.322266 0.539062 0.320312 0.537109 0.318359 0.537109
0 0.613281 0.535156 0.607422 0.541016 0.607422 0.544922 0.613281 0.550781 0.615234 0.550781 0.621094 0.544922 0.621094 0.541016 0.615234 0.535156
0 0.298828 0.562500 0.292969 0.568359 0.292969 0.570312 0.294922 0.572266 0.298828 0.572266 0.300781 0.570312 0.300781 0.564453
0 0.281250 0.603516 0.277344 0.607422 0.281250 0.611328 0.283203 0.611328 0.285156 0.609375 0.285156 0.605469 0.283203 0.603516
0 0.566406 0.619141 0.560547 0.625000 0.560547 0.628906 0.566406 0.634766 0.568359 0.634766 0.574219 0.628906 0.574219 0.625000 0.568359 0.619141
0 0.833984 0.623047 0.832031 0.623047 0.828125 0.626953 0.828125 0.628906 0.830078 0.630859 0.832031 0.630859 0.833984 0.628906 0.833984 0.626953 0.835938 0.625000
1 0.177734 0.628906 0.177734 0.630859 0.183594 0.634766 0.187500 0.634766 0.189453 0.632812 0.191406 0.634766 0.197266 0.634766 0.199219 0.632812 0.199219 0.628906 0.195312 0.625000 0.191406 0.628906 0.187500 0.628906 0.181641 0.625000
0 0.457031 0.625000 0.451172 0.630859 0.451172 0.634766 0.458984 0.642578 0.460938 0.642578 0.474609 0.658203 0.478516 0.658203 0.480469 0.660156 0.486328 0.654297 0.480469 0.634766 0.468750 0.625000
0 0.675781 0.626953 0.671875 0.630859 0.671875 0.632812 0.673828 0.634766 0.675781 0.634766 0.679688 0.630859
0 0.619141 0.630859 0.615234 0.630859 0.613281 0.632812 0.613281 0.634766 0.617188 0.638672 0.621094 0.634766 0.621094 0.632812
0 0.636719 0.630859 0.632812 0.634766 0.632812 0.636719 0.636719 0.640625 0.638672 0.640625 0.640625 0.638672 0.640625 0.636719 0.642578 0.634766 0.638672 0.630859
0 0.792969 0.632812 0.791016 0.632812 0.785156 0.638672 0.785156 0.640625 0.789062 0.644531 0.791016 0.644531 0.794922 0.640625 0.794922 0.634766
0 0.582031 0.642578 0.578125 0.646484 0.578125 0.648438 0.582031 0.652344 0.585938 0.648438 0.585938 0.646484
0 0.457031 0.654297 0.453125 0.658203 0.453125 0.664062 0.455078 0.666016 0.457031 0.666016 0.458984 0.667969 0.462891 0.664062 0.462891 0.662109 0.464844 0.660156 0.458984 0.654297
0 0.748047 0.667969 0.742188 0.673828 0.744141 0.675781 0.744141 0.677734 0.746094 0.679688 0.748047 0.679688 0.750000 0.681641 0.751953 0.681641 0.755859 0.677734 0.755859 0.673828 0.753906 0.671875 0.753906 0.669922 0.751953 0.667969
0 0.486328 0.675781 0.478516 0.675781 0.472656 0.679688 0.462891 0.679688 0.457031 0.685547 0.460938 0.695312 0.457031 0.701172 0.458984 0.703125 0.455078 0.707031 0.453125 0.705078 0.449219 0.705078 0.443359 0.710938 0.445312 0.726562 0.453125 0.732422 0.460938 0.732422 0.464844 0.728516 0.464844 0.714844 0.457031 0.707031 0.464844 0.697266 0.468750 0.697266 0.472656 0.693359 0.480469 0.701172 0.480469 0.708984 0.482422 0.712891 0.488281 0.716797 0.496094 0.710938 0.496094 0.695312 0.498047 0.693359 0.496094 0.691406 0.498047 0.689453
0 0.505859 0.683594 0.501953 0.687500 0.501953 0.689453 0.505859 0.693359 0.509766 0.689453 0.509766 0.687500
0 0.855469 0.705078 0.851562 0.701172 0.847656 0.705078 0.849609 0.707031 0.853516 0.707031
0 0.554688 0.707031 0.552734 0.708984 0.554688 0.710938 0.556641 0.710938 0.558594 0.708984 0.556641 0.707031
0 0.421875 0.710938 0.416016 0.716797 0.416016 0.728516 0.417969 0.730469 0.417969 0.732422 0.423828 0.738281 0.431641 0.738281 0.437500 0.732422 0.437500 0.724609 0.435547 0.722656 0.433594 0.716797 0.427734 0.710938
0 0.486328 0.732422 0.480469 0.738281 0.484375 0.742188 0.490234 0.742188 0.492188 0.740234 0.492188 0.736328 0.488281 0.732422
0 0.359375 0.742188 0.355469 0.746094 0.355469 0.751953 0.359375 0.755859 0.361328 0.753906 0.363281 0.753906 0.365234 0.751953 0.365234 0.748047
0 0.443359 0.751953 0.443359 0.753906 0.447266 0.757812 0.451172 0.757812 0.453125 0.759766 0.458984 0.759766 0.460938 0.757812 0.453125 0.750000 0.451172 0.750000 0.449219 0.748047 0.447266 0.748047
0 0.560547 0.746094 0.558594 0.746094 0.554688 0.750000 0.554688 0.751953 0.552734 0.753906 0.552734 0.755859 0.554688 0.757812 0.554688 0.759766 0.556641 0.761719 0.558594 0.759766 0.560547 0.759766 0.562500 0.757812 0.562500 0.748047
0 0.546875 0.765625 0.539062 0.759766 0.529297 0.759766 0.521484 0.763672 0.517578 0.769531 0.519531 0.777344 0.507812 0.791016 0.509766 0.792969 0.525391 0.792969 0.529297 0.796875 0.533203 0.796875 0.535156 0.789062 0.529297 0.783203 0.533203 0.779297 0.542969 0.781250 0.548828 0.771484
0 0.767578 0.781250 0.767578 0.794922 0.779297 0.808594 0.789062 0.804688 0.800781 0.791016 0.816406 0.810547 0.830078 0.806641 0.833984 0.800781 0.830078 0.773438 0.820312 0.765625 0.808594 0.765625 0.800781 0.769531 0.783203 0.763672
0 0.601562 0.773438 0.595703 0.779297 0.601562 0.785156 0.603516 0.785156 0.607422 0.781250 0.607422 0.779297
0 0.464844 0.777344 0.462891 0.779297 0.464844 0.781250 0.466797 0.779297
0 0.691406 0.781250 0.689453 0.783203 0.687500 0.783203 0.685547 0.785156 0.685547 0.789062 0.689453 0.792969 0.695312 0.787109 0.695312 0.785156
0 0.746094 0.785156 0.742188 0.785156 0.740234 0.787109 0.740234 0.791016 0.742188 0.792969 0.744141 0.792969 0.748047 0.789062 0.748047 0.787109
0 0.306641 0.791016 0.302734 0.791016 0.300781 0.792969 0.304688 0.796875 0.308594 0.792969
1 0.570312 0.792969 0.570312 0.800781 0.572266 0.802734 0.574219 0.802734 0.576172 0.804688 0.582031 0.804688 0.589844 0.812500 0.593750 0.812500 0.595703 0.810547 0.595703 0.808594 0.597656 0.806641 0.597656 0.800781 0.591797 0.794922 0.587891 0.794922 0.585938 0.796875 0.583984 0.794922 0.582031 0.794922 0.576172 0.789062
0 0.558594 0.792969 0.548828 0.792969 0.542969 0.798828 0.542969 0.800781 0.544922 0.802734 0.544922 0.806641 0.546875 0.808594 0.548828 0.808594 0.550781 0.810547 0.552734 0.810547 0.558594 0.804688 0.558594 0.796875 0.560547 0.794922
0 0.917969 0.800781 0.914062 0.804688 0.917969 0.808594 0.921875 0.804688
0 0.998047 0.800781 0.994141 0.804688 0.994141 0.806641 0.998047 0.810547
0 0.500000 0.812500 0.500000 0.820312 0.501953 0.822266 0.515625 0.822266 0.519531 0.818359 0.515625 0.814453 0.513672 0.814453 0.511719 0.812500 0.507812 0.812500 0.505859 0.810547 0.501953 0.810547
0 0.634766 0.810547 0.632812 0.812500 0.632812 0.814453 0.634766 0.816406 0.638672 0.816406 0.640625 0.814453 0.640625 0.812500 0.638672 0.810547
0 0.662109 0.810547 0.658203 0.810547 0.656250 0.812500 0.656250 0.816406 0.658203 0.818359 0.660156 0.818359 0.664062 0.814453 0.664062 0.812500
0 0.400391 0.818359 0.398438 0.820312 0.398438 0.822266 0.400391 0.824219 0.402344 0.824219 0.404297 0.822266 0.404297 0.820312 0.402344 0.818359
0 0.570312 0.816406 0.566406 0.820312 0.570312 0.824219 0.574219 0.820312
0 0.529297 0.822266 0.527344 0.824219 0.527344 0.828125 0.529297 0.830078 0.533203 0.830078 0.535156 0.828125 0.535156 0.826172 0.531250 0.822266
0 0.623047 0.820312 0.619141 0.820312 0.611328 0.824219 0.605469 0.830078 0.599609 0.830078 0.595703 0.833984 0.595703 0.835938 0.601562 0.841797 0.605469 0.851562 0.611328 0.855469 0.621094 0.855469 0.625000 0.853516 0.632812 0.841797 0.632812 0.832031
0 0.556641 0.826172 0.554688 0.826172 0.550781 0.830078 0.550781 0.832031 0.554688 0.835938 0.558594 0.832031 0.558594 0.828125
1 0.791016 0.828125 0.783203 0.833984 0.783203 0.837891 0.791016 0.849609 0.791016 0.859375 0.796875 0.869141 0.800781 0.871094 0.808594 0.871094 0.814453 0.865234 0.814453 0.857422 0.806641 0.843750 0.796875 0.833984 0.798828 0.832031 0.794922 0.828125
0 0.515625 0.839844 0.513672 0.841797 0.511719 0.841797 0.509766 0.843750 0.509766 0.845703 0.513672 0.849609 0.517578 0.849609 0.521484 0.845703
0 0.572266 0.839844 0.570312 0.841797 0.572266 0.843750 0.574219 0.843750 0.576172 0.841797 0.574219 0.839844
0 0.482422 0.843750 0.478516 0.847656 0.478516 0.849609 0.482422 0.853516 0.484375 0.853516 0.488281 0.849609 0.488281 0.847656 0.484375 0.843750
1 0.462891 0.847656 0.460938 0.847656 0.457031 0.851562 0.457031 0.859375 0.458984 0.861328 0.458984 0.863281 0.457031 0.865234 0.455078 0.871094 0.458984 0.875000 0.460938 0.875000 0.464844 0.871094 0.464844 0.869141 0.462891 0.867188 0.462891 0.863281 0.466797 0.859375 0.466797 0.851562
0 0.556641 0.847656 0.548828 0.847656 0.541016 0.855469 0.541016 0.857422 0.539062 0.859375 0.539062 0.861328 0.542969 0.865234 0.546875 0.865234 0.548828 0.863281 0.550781 0.863281 0.552734 0.861328 0.554688 0.861328 0.558594 0.857422 0.558594 0.849609
1 0.734375 0.861328 0.718750 0.865234 0.701172 0.857422 0.689453 0.878906 0.666016 0.880859 0.652344 0.859375 0.640625 0.882812 0.656250 0.892578 0.667969 0.884766 0.683594 0.898438 0.632812 0.927734 0.597656 0.927734 0.583984 0.935547 0.562500 0.925781 0.556641 0.951172 0.546875 0.945312 0.515625 0.949219 0.525391 0.990234 0.519531 0.998047 0.574219 0.998047 0.583984 0.990234 0.599609 0.998047 0.708984 0.998047 0.712891 0.986328 0.730469 0.980469 0.705078 0.941406 0.707031 0.927734 0.722656 0.914062 0.728516 0.921875 0.722656 0.947266 0.740234 0.962891 0.744141 0.984375 0.757812 0.986328 0.757812 0.964844 0.746094 0.953125 0.757812 0.925781 0.740234 0.906250
0 0.412109 0.873047 0.410156 0.875000 0.410156 0.876953 0.412109 0.878906 0.414062 0.878906 0.416016 0.876953 0.416016 0.875000 0.414062 0.873047
0 0.558594 0.871094 0.556641 0.873047 0.554688 0.873047 0.552734 0.875000 0.552734 0.882812 0.558594 0.888672 0.564453 0.882812 0.564453 0.876953
0 0.576172 0.880859 0.568359 0.888672 0.570312 0.890625 0.570312 0.892578 0.576172 0.898438 0.576172 0.900391 0.580078 0.904297 0.582031 0.902344 0.582031 0.896484 0.580078 0.894531 0.580078 0.892578 0.582031 0.890625 0.582031 0.884766 0.578125 0.880859
0 0.792969 0.882812 0.787109 0.888672 0.787109 0.892578 0.789062 0.894531 0.789062 0.896484 0.794922 0.902344 0.796875 0.902344 0.798828 0.904297 0.802734 0.904297 0.804688 0.902344 0.806641 0.902344 0.808594 0.900391 0.808594 0.890625 0.802734 0.884766 0.800781 0.884766 0.798828 0.882812
0 0.945312 0.882812 0.943359 0.884766 0.943359 0.886719 0.947266 0.890625 0.949219 0.888672 0.949219 0.886719
0 0.871094 0.908203 0.865234 0.912109 0.865234 0.914062 0.863281 0.916016 0.863281 0.921875 0.867188 0.925781 0.869141 0.925781 0.871094 0.927734 0.875000 0.927734 0.878906 0.923828 0.878906 0.921875 0.880859 0.919922 0.880859 0.916016 0.876953 0.910156 0.875000 0.910156 0.873047 0.908203
0 0.826172 0.935547 0.824219 0.937500 0.824219 0.939453 0.826172 0.941406 0.828125 0.941406 0.830078 0.939453 0.830078 0.937500 0.828125 0.935547
0 0.451172 0.939453 0.449219 0.941406 0.449219 0.947266 0.451172 0.949219 0.455078 0.949219 0.458984 0.945312 0.458984 0.943359 0.455078 0.939453
0 0.808594 0.957031 0.804688 0.960938 0.804688 0.964844 0.806641 0.966797 0.806641 0.968750 0.808594 0.970703 0.814453 0.970703 0.820312 0.964844 0.818359 0.962891 0.818359 0.960938 0.814453 0.957031
