0 0.400391 0.001953 0.402344 0.003906 0.404297 0.003906 0.408203 0.000000 0.400391 0.000000
1 0.373047 0.044922 0.371094 0.046875 0.371094 0.048828 0.373047 0.050781 0.371094 0.052734 0.371094 0.054688 0.373047 0.056641 0.375000 0.056641 0.376953 0.054688 0.376953 0.052734 0.375000 0.050781 0.375000 0.046875
0 0.931641 0.125000 0.927734 0.128906 0.933594 0.134766 0.935547 0.134766 0.939453 0.130859 0.939453 0.128906 0.935547 0.125000
0 0.373047 0.132812 0.371094 0.134766 0.371094 0.136719 0.373047 0.138672 0.375000 0.136719 0.375000 0.134766
0 0.373047 0.164062 0.371094 0.166016 0.371094 0.167969 0.373047 0.169922 0.375000 0.169922 0.376953 0.167969 0.376953 0.166016 0.375000 0.164062
0 0.929688 0.177734 0.925781 0.181641 0.929688 0.185547 0.931641 0.183594 0.931641 0.179688
1 0.000000 0.179688 0.000000 0.382812 0.064453 0.378906 0.031250 0.472656 0.000000 0.425781 0.000000 0.582031 0.060547 0.599609 0.064453 0.685547 0.150391 0.708984 0.158203 0.833984 0.326172 0.695312 0.326172 0.751953 0.406250 0.830078 0.304688 0.900391 0.314453 0.966797 0.417969 0.851562 0.445312 0.958984 0.449219 0.910156 0.500000 0.929688 0.560547 0.894531 0.611328 0.808594 0.644531 0.810547 0.619141 0.767578 0.646484 0.763672 0.603516 0.744141 0.599609 0.814453 0.513672 0.712891 0.455078 0.707031 0.453125 0.640625 0.406250 0.589844 0.326172 0.628906 0.310547 0.574219 0.347656 0.560547 0.310547 0.539062 0.320312 0.470703 0.238281 0.435547 0.205078 0.369141 0.148438 0.421875 0.115234 0.378906 0.181641 0.292969 0.205078 0.322266 0.203125 0.291016 0.150391 0.257812 0.156250 0.296875 0.103516 0.345703 0.033203 0.343750 0.060547 0.257812 0.037109 0.185547
0 0.912109 0.238281 0.910156 0.240234 0.910156 0.244141 0.912109 0.246094 0.914062 0.246094 0.916016 0.244141 0.916016 0.240234 0.914062 0.238281
0 0.197266 0.251953 0.195312 0.253906 0.199219 0.257812 0.201172 0.255859 0.201172 0.253906 0.199219 0.251953
0 0.587891 0.253906 0.583984 0.257812 0.583984 0.259766 0.585938 0.261719 0.589844 0.261719 0.591797 0.259766 0.591797 0.257812
1 0.660156 0.255859 0.656250 0.255859 0.654297 0.257812 0.654297 0.263672 0.656250 0.265625 0.656250 0.267578 0.650391 0.273438 0.650391 0.275391 0.654297 0.279297 0.656250 0.279297 0.660156 0.275391 0.658203 0.273438 0.658203 0.269531 0.662109 0.265625 0.662109 0.263672 0.664062 0.261719
0 0.679688 0.269531 0.677734 0.271484 0.677734 0.273438 0.681641 0.277344 0.685547 0.273438 0.681641 0.269531
0 0.355469 0.273438 0.351562 0.277344 0.351562 0.279297 0.355469 0.283203 0.359375 0.283203 0.361328 0.281250 0.361328 0.277344 0.357422 0.273438
0 0.521484 0.283203 0.517578 0.287109 0.517578 0.289062 0.521484 0.292969 0.525391 0.289062 0.525391 0.287109
0 0.384766 0.291016 0.380859 0.294922 0.382812 0.306641 0.373047 0.316406 0.373047 0.324219 0.380859 0.330078 0.394531 0.330078 0.404297 0.337891 0.406250 0.335938 0.404297 0.330078 0.406250 0.312500 0.402344 0.304688 0.388672 0.291016
0 0.445312 0.289062 0.441406 0.292969 0.441406 0.294922 0.445312 0.298828 0.447266 0.298828 0.449219 0.296875 0.449219 0.294922 0.451172 0.292969 0.447266 0.289062
0 0.576172 0.300781 0.574219 0.300781 0.568359 0.306641 0.568359 0.312500 0.570312 0.314453 0.574219 0.314453 0.578125 0.310547 0.578125 0.308594 0.580078 0.306641 0.580078 0.304688
1 0.664062 0.304688 0.662109 0.302734 0.658203 0.302734 0.656250 0.304688 0.650391 0.304688 0.646484 0.308594 0.646484 0.310547 0.644531 0.312500 0.646484 0.314453 0.650391 0.314453 0.652344 0.312500 0.660156 0.312500 0.664062 0.308594
0 0.613281 0.304688 0.611328 0.306641 0.611328 0.310547 0.613281 0.312500 0.617188 0.312500 0.619141 0.310547 0.619141 0.306641 0.617188 0.304688
0 0.691406 0.306641 0.687500 0.306641 0.681641 0.312500 0.681641 0.314453 0.679688 0.316406 0.679688 0.322266 0.683594 0.326172 0.687500 0.326172 0.693359 0.320312 0.693359 0.318359 0.695312 0.316406 0.695312 0.310547
0 0.642578 0.318359 0.638672 0.318359 0.636719 0.320312 0.636719 0.322266 0.640625 0.326172 0.644531 0.322266 0.644531 0.320312
0 0.492188 0.324219 0.488281 0.324219 0.486328 0.326172 0.486328 0.328125 0.490234 0.332031 0.494141 0.328125 0.494141 0.326172
0 0.853516 0.326172 0.845703 0.335938 0.845703 0.347656 0.855469 0.359375 0.863281 0.361328 0.873047 0.355469 0.876953 0.347656 0.875000 0.345703 0.876953 0.341797 0.867188 0.328125 0.863281 0.326172
0 0.429688 0.332031 0.425781 0.335938 0.425781 0.337891 0.429688 0.341797 0.435547 0.341797 0.439453 0.337891 0.439453 0.335938 0.435547 0.332031
0 0.343750 0.337891 0.341797 0.339844 0.343750 0.341797 0.345703 0.341797 0.347656 0.339844 0.345703 0.337891
0 0.669922 0.335938 0.667969 0.337891 0.669922 0.339844 0.671875 0.339844 0.673828 0.337891 0.671875 0.335938
0 0.283203 0.339844 0.281250 0.339844 0.279297 0.341797 0.279297 0.343750 0.281250 0.345703 0.285156 0.341797
0 0.523438 0.339844 0.519531 0.345703 0.519531 0.349609 0.517578 0.351562 0.517578 0.353516 0.525391 0.361328 0.531250 0.361328 0.533203 0.363281 0.537109 0.363281 0.539062 0.365234 0.542969 0.361328 0.542969 0.355469 0.541016 0.353516 0.541016 0.351562 0.529297 0.339844
0 0.699219 0.343750 0.693359 0.349609 0.697266 0.353516 0.703125 0.353516 0.707031 0.349609 0.707031 0.347656 0.703125 0.343750
0 0.333984 0.347656 0.330078 0.351562 0.333984 0.355469 0.335938 0.355469 0.339844 0.351562 0.335938 0.347656
0 0.554688 0.349609 0.552734 0.351562 0.552734 0.357422 0.554688 0.359375 0.558594 0.359375 0.562500 0.355469 0.560547 0.353516 0.560547 0.351562 0.558594 0.349609
0 0.578125 0.355469 0.574219 0.359375 0.574219 0.361328 0.572266 0.363281 0.574219 0.365234 0.576172 0.371094 0.580078 0.375000 0.585938 0.376953 0.591797 0.371094 0.591797 0.365234 0.589844 0.363281 0.589844 0.361328 0.585938 0.357422 0.583984 0.357422 0.582031 0.355469
0 0.408203 0.373047 0.408203 0.384766 0.412109 0.388672 0.414062 0.388672 0.421875 0.380859 0.425781 0.380859 0.429688 0.384766 0.433594 0.384766 0.439453 0.378906 0.439453 0.375000 0.433594 0.369141 0.427734 0.369141 0.425781 0.371094 0.417969 0.371094 0.416016 0.369141 0.412109 0.369141
0 0.751953 0.376953 0.748047 0.380859 0.748047 0.384766 0.753906 0.390625 0.757812 0.390625 0.759766 0.388672 0.759766 0.386719 0.761719 0.384766 0.759766 0.382812 0.759766 0.380859 0.757812 0.378906 0.755859 0.378906 0.753906 0.376953
0 0.722656 0.378906 0.716797 0.382812 0.716797 0.384766 0.714844 0.386719 0.714844 0.390625 0.720703 0.400391 0.730469 0.400391 0.736328 0.394531 0.736328 0.388672 0.734375 0.386719 0.734375 0.384766 0.730469 0.380859 0.728516 0.380859 0.726562 0.378906
0 0.806641 0.378906 0.796875 0.382812 0.791016 0.394531 0.791016 0.400391 0.794922 0.408203 0.800781 0.412109 0.806641 0.412109 0.818359 0.404297 0.818359 0.388672
0 0.365234 0.394531 0.361328 0.390625 0.359375 0.392578 0.355469 0.392578 0.353516 0.394531 0.347656 0.394531 0.345703 0.396484 0.345703 0.400391 0.347656 0.402344 0.351562 0.402344 0.353516 0.400391 0.355469 0.400391 0.357422 0.402344 0.361328 0.402344 0.365234 0.398438
0 0.593750 0.390625 0.587891 0.396484 0.587891 0.402344 0.593750 0.408203 0.597656 0.408203 0.603516 0.402344 0.601562 0.400391 0.601562 0.396484 0.595703 0.390625
0 0.613281 0.402344 0.609375 0.402344 0.607422 0.404297 0.611328 0.408203 0.615234 0.404297
0 0.683594 0.410156 0.681641 0.410156 0.677734 0.414062 0.677734 0.416016 0.675781 0.417969 0.679688 0.421875 0.683594 0.421875 0.685547 0.419922 0.685547 0.412109
1 0.414062 0.414062 0.406250 0.421875 0.406250 0.427734 0.408203 0.433594 0.419922 0.449219 0.414062 0.458984 0.417969 0.462891 0.421875 0.462891 0.425781 0.455078 0.427734 0.443359 0.433594 0.433594 0.431641 0.429688 0.433594 0.427734 0.423828 0.416016
0 0.921875 0.414062 0.917969 0.417969 0.919922 0.419922 0.921875 0.419922 0.923828 0.417969 0.923828 0.416016
0 0.539062 0.421875 0.535156 0.425781 0.539062 0.429688 0.542969 0.425781
1 0.611328 0.429688 0.605469 0.423828 0.599609 0.421875 0.595703 0.425781 0.595703 0.433594 0.587891 0.441406 0.583984 0.441406 0.576172 0.447266 0.564453 0.445312 0.562500 0.447266 0.564453 0.453125 0.570312 0.458984 0.578125 0.455078 0.599609 0.453125 0.607422 0.447266 0.607422 0.437500
0 0.796875 0.427734 0.794922 0.427734 0.792969 0.429688 0.791016 0.429688 0.789062 0.431641 0.789062 0.445312 0.791016 0.447266 0.794922 0.447266 0.798828 0.443359 0.798828 0.439453 0.800781 0.437500 0.800781 0.431641
0 0.337891 0.439453 0.335938 0.441406 0.337891 0.443359 0.339844 0.443359 0.341797 0.441406 0.339844 0.439453
0 0.310547 0.445312 0.302734 0.445312 0.298828 0.449219 0.298828 0.451172 0.300781 0.453125 0.300781 0.455078 0.302734 0.457031 0.304688 0.457031 0.306641 0.455078 0.308594 0.455078 0.312500 0.451172 0.312500 0.447266
0 0.445312 0.447266 0.443359 0.449219 0.445312 0.451172 0.447266 0.449219
0 0.601562 0.458984 0.595703 0.466797 0.605469 0.476562 0.601562 0.480469 0.597656 0.492188 0.603516 0.501953 0.613281 0.503906 0.623047 0.496094 0.625000 0.488281 0.621094 0.478516 0.609375 0.470703 0.617188 0.460938 0.615234 0.458984 0.611328 0.460938
0 0.441406 0.476562 0.443359 0.478516 0.451172 0.478516 0.453125 0.476562 0.455078 0.476562 0.458984 0.472656 0.458984 0.470703 0.457031 0.468750 0.449219 0.468750 0.447266 0.466797 0.445312 0.466797 0.441406 0.470703
0 0.474609 0.470703 0.470703 0.474609 0.474609 0.478516 0.478516 0.474609
0 0.853516 0.474609 0.853516 0.476562 0.855469 0.478516 0.855469 0.480469 0.861328 0.484375 0.869141 0.484375 0.873047 0.478516 0.873047 0.474609 0.869141 0.470703 0.867188 0.470703 0.865234 0.468750 0.863281 0.468750 0.861328 0.470703 0.857422 0.470703
0 0.722656 0.474609 0.718750 0.474609 0.716797 0.476562 0.716797 0.478516 0.718750 0.480469 0.720703 0.480469 0.724609 0.476562
0 0.820312 0.478516 0.816406 0.482422 0.816406 0.486328 0.820312 0.490234 0.822266 0.490234 0.826172 0.486328 0.826172 0.482422 0.822266 0.478516
0 0.250000 0.484375 0.248047 0.486328 0.248047 0.488281 0.250000 0.490234 0.251953 0.490234 0.253906 0.488281
0 0.363281 0.488281 0.363281 0.494141 0.365234 0.496094 0.367188 0.501953 0.371094 0.505859 0.373047 0.505859 0.378906 0.501953 0.382812 0.501953 0.384766 0.503906 0.388672 0.500000 0.388672 0.498047 0.384766 0.494141 0.378906 0.492188 0.373047 0.486328 0.365234 0.486328
0 0.453125 0.486328 0.449219 0.490234 0.453125 0.494141 0.457031 0.490234
0 0.476562 0.486328 0.472656 0.486328 0.470703 0.488281 0.470703 0.496094 0.472656 0.498047 0.474609 0.498047 0.480469 0.492188 0.480469 0.490234
0 0.210938 0.496094 0.208984 0.498047 0.208984 0.500000 0.212891 0.503906 0.216797 0.500000 0.212891 0.496094
0 0.408203 0.501953 0.406250 0.503906 0.408203 0.505859 0.410156 0.505859 0.412109 0.503906 0.410156 0.501953
0 0.968750 0.501953 0.958984 0.507812 0.957031 0.517578 0.962891 0.525391 0.972656 0.527344 0.980469 0.521484 0.978516 0.519531 0.978516 0.517578 0.980469 0.515625 0.978516 0.513672 0.978516 0.509766 0.972656 0.503906 0.970703 0.503906
0 0.552734 0.505859 0.541016 0.517578 0.541016 0.525391 0.537109 0.529297 0.537109 0.533203 0.535156 0.535156 0.535156 0.539062 0.548828 0.548828 0.554688 0.548828 0.556641 0.546875 0.556641 0.527344 0.558594 0.525391 0.558594 0.515625 0.556641 0.513672 0.556641 0.509766
0 0.332031 0.507812 0.328125 0.511719 0.328125 0.515625 0.326172 0.517578 0.326172 0.521484 0.330078 0.525391 0.332031 0.525391 0.333984 0.523438 0.333984 0.521484 0.335938 0.519531 0.335938 0.515625 0.337891 0.513672
0 0.451172 0.511719 0.449219 0.513672 0.449219 0.515625 0.451172 0.517578 0.453125 0.515625 0.453125 0.513672
0 0.212891 0.533203 0.214844 0.535156 0.214844 0.537109 0.216797 0.539062 0.218750 0.537109 0.222656 0.537109 0.226562 0.533203 0.222656 0.529297 0.216797 0.529297
1 0.445312 0.535156 0.435547 0.546875 0.437500 0.564453 0.447266 0.574219 0.460938 0.576172 0.480469 0.593750 0.486328 0.585938 0.484375 0.568359 0.470703 0.558594 0.468750 0.548828 0.458984 0.535156 0.455078 0.533203
0 0.507812 0.533203 0.503906 0.539062 0.503906 0.542969 0.500000 0.546875 0.500000 0.550781 0.505859 0.556641 0.513672 0.556641 0.517578 0.552734 0.517578 0.546875 0.515625 0.544922 0.515625 0.537109 0.511719 0.533203
0 0.810547 0.548828 0.814453 0.554688 0.814453 0.558594 0.818359 0.566406 0.824219 0.572266 0.828125 0.574219 0.837891 0.574219 0.843750 0.570312 0.847656 0.560547 0.841797 0.548828 0.833984 0.544922 0.832031 0.546875 0.828125 0.544922 0.818359 0.544922
1 0.402344 0.546875 0.396484 0.552734 0.394531 0.566406 0.408203 0.580078 0.410156 0.585938 0.416016 0.591797 0.427734 0.595703 0.435547 0.593750 0.439453 0.589844 0.439453 0.580078 0.414062 0.556641 0.408203 0.546875
0 0.615234 0.548828 0.613281 0.550781 0.613281 0.552734 0.615234 0.554688 0.617188 0.554688 0.619141 0.552734
0 0.757812 0.546875 0.755859 0.548828 0.755859 0.552734 0.757812 0.554688 0.759766 0.554688 0.761719 0.552734 0.761719 0.550781
1 0.199219 0.550781 0.197266 0.552734 0.201172 0.556641 0.201172 0.558594 0.203125 0.560547 0.205078 0.558594 0.205078 0.556641 0.203125 0.554688 0.203125 0.552734 0.201172 0.550781
0 0.628906 0.552734 0.626953 0.554688 0.630859 0.558594 0.632812 0.556641 0.632812 0.554688 0.630859 0.552734
0 0.750000 0.554688 0.746094 0.550781 0.742188 0.554688 0.744141 0.556641 0.748047 0.556641
0 0.587891 0.556641 0.585938 0.558594 0.587891 0.560547 0.589844 0.560547 0.591797 0.558594 0.589844 0.556641
0 0.552734 0.566406 0.558594 0.572266 0.564453 0.572266 0.568359 0.568359 0.568359 0.566406 0.564453 0.562500 0.556641 0.562500
0 0.359375 0.580078 0.355469 0.583984 0.355469 0.587891 0.357422 0.589844 0.359375 0.589844 0.363281 0.585938 0.363281 0.583984
0 0.546875 0.578125 0.539062 0.578125 0.535156 0.580078 0.531250 0.585938 0.531250 0.589844 0.529297 0.591797 0.531250 0.593750 0.531250 0.603516 0.535156 0.607422 0.537109 0.607422 0.539062 0.603516 0.546875 0.595703 0.550781 0.593750 0.556641 0.593750 0.558594 0.591797 0.558594 0.587891 0.550781 0.580078
0 0.589844 0.578125 0.587891 0.580078 0.589844 0.582031 0.587891 0.583984 0.591797 0.587891 0.595703 0.587891 0.597656 0.585938 0.597656 0.580078 0.595703 0.578125
0 0.511719 0.583984 0.503906 0.583984 0.500000 0.587891 0.500000 0.603516 0.505859 0.609375 0.511719 0.603516 0.515625 0.603516 0.519531 0.599609 0.519531 0.595703 0.517578 0.593750 0.515625 0.587891
0 0.580078 0.589844 0.578125 0.591797 0.578125 0.595703 0.582031 0.599609 0.583984 0.599609 0.587891 0.595703 0.587891 0.591797 0.585938 0.589844
0 0.328125 0.601562 0.326172 0.603516 0.326172 0.605469 0.328125 0.607422 0.330078 0.605469 0.330078 0.603516
0 0.814453 0.609375 0.814453 0.613281 0.818359 0.617188 0.826172 0.617188 0.828125 0.615234 0.828125 0.611328 0.826172 0.609375 0.824219 0.609375 0.822266 0.607422 0.816406 0.607422
0 0.853516 0.609375 0.849609 0.609375 0.843750 0.615234 0.843750 0.623047 0.845703 0.625000 0.845703 0.626953 0.849609 0.630859 0.855469 0.628906 0.859375 0.625000 0.859375 0.621094 0.861328 0.619141 0.859375 0.617188 0.859375 0.613281
0 0.509766 0.613281 0.507812 0.615234 0.507812 0.617188 0.513672 0.623047 0.517578 0.619141 0.517578 0.615234 0.515625 0.613281
1 0.535156 0.621094 0.535156 0.623047 0.539062 0.626953 0.544922 0.625000 0.550781 0.628906 0.554688 0.628906 0.558594 0.625000 0.558594 0.623047 0.554688 0.619141 0.550781 0.619141 0.548828 0.621094 0.546875 0.619141 0.542969 0.619141 0.541016 0.617188 0.539062 0.617188
0 0.503906 0.628906 0.501953 0.630859 0.501953 0.632812 0.500000 0.634766 0.500000 0.638672 0.501953 0.640625 0.503906 0.640625 0.505859 0.642578 0.507812 0.642578 0.509766 0.640625 0.509766 0.638672 0.507812 0.636719 0.507812 0.630859 0.505859 0.628906
0 0.664062 0.630859 0.662109 0.632812 0.664062 0.634766 0.666016 0.632812
0 0.515625 0.636719 0.513672 0.638672 0.515625 0.640625 0.517578 0.638672
0 0.875000 0.654297 0.871094 0.658203 0.871094 0.660156 0.875000 0.664062 0.878906 0.660156 0.878906 0.658203
0 0.857422 0.658203 0.855469 0.660156 0.857422 0.662109 0.859375 0.660156
0 0.382812 0.662109 0.380859 0.664062 0.382812 0.666016 0.380859 0.667969 0.382812 0.669922 0.386719 0.666016
0 0.976562 0.660156 0.972656 0.664062 0.978516 0.669922 0.982422 0.666016 0.982422 0.664062 0.978516 0.660156
0 0.750000 0.666016 0.748047 0.667969 0.753906 0.673828 0.757812 0.669922 0.753906 0.666016
1 0.513672 0.667969 0.505859 0.673828 0.501953 0.669922 0.500000 0.669922 0.492188 0.677734 0.492188 0.681641 0.496094 0.687500 0.496094 0.693359 0.498047 0.695312 0.500000 0.695312 0.503906 0.691406 0.503906 0.689453 0.505859 0.687500 0.505859 0.677734 0.511719 0.671875 0.513672 0.671875 0.515625 0.669922
0 0.396484 0.673828 0.394531 0.675781 0.394531 0.677734 0.398438 0.681641 0.402344 0.681641 0.404297 0.679688 0.404297 0.677734 0.400391 0.673828
0 0.878906 0.673828 0.875000 0.673828 0.869141 0.679688 0.867188 0.679688 0.859375 0.689453 0.859375 0.697266 0.867188 0.705078 0.873047 0.705078 0.875000 0.703125 0.878906 0.703125 0.886719 0.695312 0.886719 0.683594
0 0.789062 0.675781 0.787109 0.677734 0.789062 0.679688 0.791016 0.679688 0.792969 0.677734 0.791016 0.675781
0 0.742188 0.683594 0.742188 0.685547 0.744141 0.687500 0.744141 0.691406 0.748047 0.695312 0.753906 0.689453 0.761719 0.689453 0.763672 0.687500 0.759766 0.683594 0.751953 0.683594 0.750000 0.681641 0.744141 0.681641
0 0.541016 0.683594 0.539062 0.685547 0.539062 0.687500 0.541016 0.689453 0.541016 0.691406 0.544922 0.695312 0.548828 0.695312 0.550781 0.693359 0.550781 0.687500 0.546875 0.683594
0 0.566406 0.685547 0.562500 0.689453 0.562500 0.693359 0.566406 0.697266 0.572266 0.697266 0.576172 0.693359 0.576172 0.691406 0.570312 0.685547
0 0.687500 0.691406 0.683594 0.695312 0.685547 0.697266 0.687500 0.697266 0.689453 0.695312 0.689453 0.693359
1 0.708984 0.693359 0.707031 0.695312 0.708984 0.697266 0.708984 0.699219 0.707031 0.701172 0.708984 0.703125 0.710938 0.701172 0.708984 0.699219 0.708984 0.697266 0.710938 0.695312
0 0.992188 0.693359 0.988281 0.697266 0.988281 0.699219 0.992188 0.703125 0.994141 0.703125 0.996094 0.701172 0.998047 0.703125 0.998047 0.695312 0.994141 0.695312
0 0.511719 0.701172 0.507812 0.697266 0.503906 0.701172 0.505859 0.703125 0.509766 0.703125
0 0.498047 0.699219 0.496094 0.701172 0.498047 0.703125 0.500000 0.701172
0 0.679688 0.699219 0.677734 0.701172 0.679688 0.703125 0.681641 0.701172
0 0.716797 0.707031 0.722656 0.712891 0.730469 0.712891 0.736328 0.707031 0.732422 0.703125 0.730469 0.703125 0.728516 0.701172 0.722656 0.701172
0 0.580078 0.710938 0.576172 0.714844 0.576172 0.716797 0.578125 0.718750 0.580078 0.718750 0.582031 0.716797 0.582031 0.712891
0 0.664062 0.720703 0.662109 0.722656 0.664062 0.724609 0.666016 0.724609 0.667969 0.722656 0.666016 0.720703
0 0.406250 0.728516 0.402344 0.732422 0.402344 0.734375 0.408203 0.740234 0.410156 0.738281 0.412109 0.738281 0.414062 0.736328 0.414062 0.734375 0.408203 0.728516
0 0.560547 0.728516 0.558594 0.730469 0.560547 0.732422 0.562500 0.730469
0 0.748047 0.732422 0.744141 0.732422 0.742188 0.734375 0.746094 0.738281 0.750000 0.734375
0 0.582031 0.736328 0.580078 0.736328 0.578125 0.738281 0.578125 0.744141 0.576172 0.746094 0.578125 0.748047 0.582031 0.748047 0.585938 0.744141 0.585938 0.740234
0 0.685547 0.736328 0.683594 0.738281 0.683594 0.742188 0.685547 0.744141 0.687500 0.744141 0.689453 0.746094 0.691406 0.746094 0.695312 0.742188 0.693359 0.740234 0.693359 0.738281 0.691406 0.736328
0 0.705078 0.736328 0.703125 0.738281 0.705078 0.740234 0.707031 0.738281
1 0.984375 0.734375 0.982422 0.734375 0.978516 0.738281 0.978516 0.740234 0.976562 0.742188 0.976562 0.744141 0.974609 0.746094 0.974609 0.748047 0.976562 0.750000 0.988281 0.738281
0 0.927734 0.751953 0.916016 0.751953 0.908203 0.759766 0.908203 0.771484 0.912109 0.775391 0.921875 0.775391 0.923828 0.773438 0.925781 0.773438 0.933594 0.765625 0.933594 0.757812
0 0.693359 0.753906 0.691406 0.755859 0.691406 0.759766 0.695312 0.763672 0.697266 0.763672 0.701172 0.759766 0.699219 0.757812 0.699219 0.755859 0.697266 0.753906
0 0.662109 0.761719 0.660156 0.763672 0.658203 0.763672 0.652344 0.769531 0.652344 0.773438 0.660156 0.781250 0.660156 0.783203 0.664062 0.787109 0.666016 0.787109 0.669922 0.783203 0.667969 0.781250 0.667969 0.777344 0.666016 0.775391 0.666016 0.767578 0.667969 0.765625 0.664062 0.761719
0 0.986328 0.779297 0.984375 0.781250 0.986328 0.783203 0.988281 0.783203 0.990234 0.781250 0.988281 0.779297
0 0.931641 0.789062 0.925781 0.792969 0.925781 0.794922 0.923828 0.796875 0.923828 0.804688 0.927734 0.810547 0.929688 0.810547 0.931641 0.812500 0.937500 0.812500 0.939453 0.810547 0.941406 0.810547 0.945312 0.806641 0.945312 0.800781 0.947266 0.798828 0.939453 0.791016 0.937500 0.791016 0.935547 0.789062
0 0.658203 0.800781 0.654297 0.796875 0.650391 0.800781 0.652344 0.802734 0.656250 0.802734
0 0.890625 0.802734 0.886719 0.806641 0.886719 0.808594 0.890625 0.812500 0.892578 0.812500 0.896484 0.808594 0.896484 0.806641 0.892578 0.802734
0 0.849609 0.806641 0.841797 0.806641 0.837891 0.810547 0.837891 0.812500 0.835938 0.814453 0.835938 0.824219 0.841797 0.830078 0.845703 0.830078 0.847656 0.828125 0.849609 0.828125 0.855469 0.822266 0.855469 0.820312 0.857422 0.818359 0.857422 0.812500 0.853516 0.808594 0.851562 0.808594
0 0.337891 0.810547 0.335938 0.812500 0.337891 0.814453 0.339844 0.812500
1 0.666016 0.810547 0.662109 0.814453 0.662109 0.818359 0.664062 0.820312 0.664062 0.826172 0.666016 0.828125 0.669922 0.828125 0.671875 0.826172 0.671875 0.822266 0.669922 0.820312 0.669922 0.814453
0 0.908203 0.818359 0.904297 0.822266 0.904297 0.826172 0.906250 0.828125 0.906250 0.832031 0.910156 0.835938 0.910156 0.837891 0.912109 0.839844 0.914062 0.839844 0.917969 0.835938 0.917969 0.833984 0.919922 0.832031 0.919922 0.826172 0.917969 0.824219 0.917969 0.822266 0.914062 0.818359
0 0.570312 0.820312 0.568359 0.820312 0.566406 0.822266 0.566406 0.824219 0.564453 0.826172 0.568359 0.830078 0.572266 0.826172 0.572266 0.822266
0 0.988281 0.820312 0.984375 0.824219 0.988281 0.828125 0.992188 0.824219
0 0.458984 0.824219 0.457031 0.826172 0.458984 0.828125 0.460938 0.828125 0.462891 0.826172 0.460938 0.824219
0 0.947266 0.824219 0.943359 0.828125 0.943359 0.832031 0.947266 0.835938 0.953125 0.830078
0 0.466797 0.847656 0.464844 0.849609 0.464844 0.851562 0.466797 0.853516 0.468750 0.851562 0.468750 0.849609
0 0.968750 0.849609 0.964844 0.853516 0.964844 0.857422 0.970703 0.863281 0.972656 0.863281 0.978516 0.857422 0.976562 0.855469 0.976562 0.853516 0.972656 0.849609
0 0.990234 0.853516 0.986328 0.857422 0.986328 0.859375 0.990234 0.863281 0.996094 0.863281 0.998047 0.861328 0.998047 0.855469 0.996094 0.853516
0 0.830078 0.861328 0.828125 0.863281 0.828125 0.873047 0.830078 0.875000 0.830078 0.876953 0.832031 0.878906 0.833984 0.878906 0.839844 0.873047 0.837891 0.871094 0.837891 0.867188 0.835938 0.865234 0.835938 0.863281 0.833984 0.861328
0 0.294922 0.867188 0.292969 0.869141 0.292969 0.875000 0.296875 0.878906 0.300781 0.875000 0.300781 0.873047 0.298828 0.871094 0.298828 0.869141 0.296875 0.867188
0 0.923828 0.869141 0.921875 0.871094 0.921875 0.876953 0.925781 0.880859 0.929688 0.880859 0.931641 0.878906 0.931641 0.873047 0.927734 0.869141
0 0.414062 0.873047 0.410156 0.876953 0.410156 0.884766 0.414062 0.888672 0.416016 0.888672 0.417969 0.890625 0.423828 0.884766 0.423828 0.878906 0.417969 0.873047
0 0.734375 0.875000 0.732422 0.876953 0.734375 0.878906 0.736328 0.876953
1 0.765625 0.878906 0.757812 0.884766 0.753906 0.892578 0.753906 0.919922 0.761719 0.929688 0.775391 0.929688 0.785156 0.941406 0.794922 0.943359 0.802734 0.935547 0.804688 0.927734 0.796875 0.917969 0.785156 0.919922 0.781250 0.916016 0.781250 0.890625 0.773438 0.880859
0 0.802734 0.882812 0.798828 0.886719 0.798828 0.894531 0.802734 0.898438 0.806641 0.898438 0.808594 0.896484 0.808594 0.894531 0.810547 0.892578 0.810547 0.890625 0.808594 0.888672 0.808594 0.886719 0.806641 0.884766 0.804688 0.884766
0 0.828125 0.882812 0.826172 0.884766 0.826172 0.888672 0.828125 0.890625 0.830078 0.890625 0.832031 0.888672 0.832031 0.886719
0 0.281250 0.886719 0.277344 0.886719 0.273438 0.890625 0.273438 0.894531 0.277344 0.898438 0.279297 0.898438 0.283203 0.894531 0.283203 0.888672
0 0.951172 0.886719 0.949219 0.888672 0.951172 0.890625 0.953125 0.888672
0 0.912109 0.894531 0.908203 0.898438 0.908203 0.900391 0.912109 0.904297 0.916016 0.904297 0.919922 0.900391 0.919922 0.896484 0.917969 0.894531
0 0.880859 0.906250 0.857422 0.916016 0.851562 0.943359 0.837891 0.931641 0.828125 0.931641 0.824219 0.935547 0.828125 0.955078 0.814453 0.962891 0.804688 0.960938 0.798828 0.974609 0.851562 0.990234 0.869141 0.974609 0.878906 0.972656 0.886719 0.960938 0.880859 0.937500 0.890625 0.929688 0.876953 0.912109
1 0.937500 0.902344 0.931641 0.908203 0.931641 0.910156 0.927734 0.914062 0.931641 0.917969 0.939453 0.910156 0.939453 0.908203 0.941406 0.906250
0 0.966797 0.916016 0.962891 0.919922 0.962891 0.921875 0.968750 0.927734 0.970703 0.925781 0.970703 0.923828 0.972656 0.921875 0.972656 0.919922 0.968750 0.916016
0 0.601562 0.921875 0.597656 0.925781 0.597656 0.927734 0.601562 0.931641 0.603516 0.931641 0.605469 0.929688 0.605469 0.925781
0 0.902344 0.923828 0.900391 0.923828 0.898438 0.925781 0.898438 0.929688 0.896484 0.931641 0.900391 0.935547 0.902344 0.933594 0.904297 0.933594 0.906250 0.931641 0.906250 0.927734
1 0.556641 0.925781 0.554688 0.927734 0.554688 0.935547 0.552734 0.937500 0.560547 0.947266 0.564453 0.947266 0.572266 0.955078 0.574219 0.955078 0.576172 0.953125 0.576172 0.951172 0.570312 0.943359 0.570312 0.941406 0.572266 0.939453 0.570312 0.937500 0.570312 0.933594 0.564453 0.927734 0.562500 0.927734 0.560547 0.925781
0 0.664062 0.929688 0.662109 0.931641 0.664062 0.933594 0.666016 0.931641
0 0.699219 0.929688 0.687500 0.939453 0.681641 0.947266 0.681641 0.951172 0.689453 0.968750 0.695312 0.974609 0.707031 0.978516 0.716797 0.974609 0.724609 0.966797 0.732422 0.951172 0.728516 0.947266 0.728516 0.943359 0.712891 0.929688 0.707031 0.931641
0 0.933594 0.931641 0.929688 0.935547 0.929688 0.943359 0.937500 0.951172 0.941406 0.951172 0.947266 0.945312 0.947266 0.943359 0.945312 0.941406 0.945312 0.939453 0.941406 0.935547 0.939453 0.935547
0 0.998047 0.937500 0.992188 0.943359 0.996094 0.947266 0.998047 0.945312
0 0.492188 0.941406 0.488281 0.941406 0.486328 0.943359 0.486328 0.947266 0.490234 0.951172 0.492188 0.949219 0.494141 0.949219 0.496094 0.947266 0.496094 0.945312
1 0.527344 0.947266 0.523438 0.943359 0.521484 0.943359 0.519531 0.945312 0.515625 0.945312 0.513672 0.947266 0.511719 0.947266 0.509766 0.945312 0.505859 0.945312 0.500000 0.951172 0.500000 0.957031 0.501953 0.958984 0.509766 0.958984 0.519531 0.949219 0.521484 0.951172 0.523438 0.951172
0 0.398438 0.947266 0.394531 0.951172 0.394531 0.953125 0.396484 0.955078 0.398438 0.955078 0.402344 0.951172
0 0.755859 0.949219 0.750000 0.957031 0.750000 0.962891 0.753906 0.970703 0.765625 0.982422 0.769531 0.982422 0.771484 0.984375 0.779297 0.984375 0.787109 0.978516 0.787109 0.974609 0.789062 0.972656 0.787109 0.964844 0.779297 0.957031 0.775391 0.957031 0.771484 0.953125 0.767578 0.953125 0.759766 0.947266
0 0.929688 0.966797 0.927734 0.966797 0.923828 0.970703 0.923828 0.972656 0.927734 0.976562 0.931641 0.972656 0.931641 0.968750
0 0.951172 0.964844 0.949219 0.966797 0.949219 0.968750 0.953125 0.972656 0.955078 0.972656 0.958984 0.968750 0.958984 0.966797 0.957031 0.964844
1 0.439453 0.974609 0.435547 0.978516 0.435547 0.982422 0.443359 0.990234 0.441406 0.992188 0.441406 0.996094 0.443359 0.998047 0.449219 0.998047 0.449219 0.994141 0.445312 0.990234 0.445312 0.988281 0.443359 0.986328 0.443359 0.984375 0.445312 0.982422 0.445312 0.978516 0.441406 0.974609
0 0.966797 0.978516 0.958984 0.986328 0.958984 0.988281 0.960938 0.990234 0.960938 0.992188 0.962891 0.994141 0.968750 0.994141 0.974609 0.988281 0.972656 0.986328 0.972656 0.982422 0.970703 0.980469 0.968750 0.980469
0 0.498047 0.982422 0.496094 0.984375 0.496094 0.988281 0.498047 0.990234 0.498047 0.998047 0.505859 0.998047 0.505859 0.992188 0.503906 0.990234 0.503906 0.986328 0.500000 0.982422
0 0.894531 0.990234 0.894531 0.998047 0.916016 0.998047 0.916016 0.994141 0.908203 0.986328 0.906250 0.986328 0.904297 0.984375 0.902344 0.984375 0.900391 0.986328 0.898438 0.986328
1 0.386719 0.998047 0.417969 0.998047 0.414062 0.994141 0.412109 0.994141 0.410156 0.992188 0.400391 0.992188 0.398438 0.990234 0.394531 0.990234
0 0.777344 0.998047 0.787109 0.998047 0.783203 0.994141 0.781250 0.994141
1 0.927734 0.998047 0.945312 0.998047 0.941406 0.994141 0.933594 0.994141 0.931641 0.996094 0.929688 0.996094
1 0.814453 0.998047 0.824219 0.998047 0.822266 0.996094 0.816406 0.996094
