1 0.335938 0.099609 0.333984 0.101562 0.335938 0.103516 0.335938 0.107422 0.337891 0.109375 0.337891 0.111328 0.341797 0.115234 0.343750 0.113281 0.343750 0.109375 0.341797 0.107422 0.341797 0.103516 0.337891 0.099609
1 0.000000 0.123047 0.000000 0.160156 0.001953 0.158203 0.001953 0.125000
1 0.279297 0.136719 0.275391 0.140625 0.275391 0.146484 0.281250 0.154297 0.289062 0.158203 0.296875 0.166016 0.300781 0.160156 0.291016 0.152344 0.291016 0.140625 0.287109 0.136719
0 0.222656 0.158203 0.220703 0.160156 0.220703 0.162109 0.226562 0.167969 0.230469 0.164062 0.230469 0.160156 0.228516 0.158203
0 0.343750 0.171875 0.343750 0.173828 0.347656 0.177734 0.357422 0.177734 0.359375 0.175781 0.359375 0.171875 0.357422 0.169922 0.355469 0.169922 0.353516 0.167969 0.349609 0.167969 0.347656 0.169922 0.345703 0.169922
1 0.000000 0.179688 0.000000 0.498047 0.123047 0.707031 0.242188 0.708984 0.275391 0.744141 0.226562 0.828125 0.132812 0.857422 0.113281 0.966797 0.142578 0.980469 0.197266 0.871094 0.281250 0.808594 0.347656 0.824219 0.375000 0.794922 0.398438 0.867188 0.300781 0.886719 0.326172 0.968750 0.292969 0.998047 0.376953 0.998047 0.453125 0.921875 0.365234 0.949219 0.449219 0.900391 0.494141 0.912109 0.513672 0.851562 0.429688 0.783203 0.453125 0.753906 0.296875 0.787109 0.316406 0.738281 0.367188 0.722656 0.314453 0.654297 0.330078 0.595703 0.251953 0.541016 0.302734 0.500000 0.324219 0.400391 0.294922 0.388672 0.289062 0.482422 0.226562 0.542969 0.144531 0.341797 0.078125 0.300781
0 0.367188 0.191406 0.361328 0.191406 0.359375 0.193359 0.357422 0.193359 0.349609 0.201172 0.349609 0.207031 0.355469 0.212891 0.359375 0.212891 0.361328 0.210938 0.367188 0.210938 0.373047 0.205078 0.373047 0.197266
0 0.164062 0.197266 0.162109 0.199219 0.162109 0.203125 0.166016 0.207031 0.167969 0.207031 0.171875 0.203125 0.169922 0.201172 0.169922 0.199219 0.167969 0.197266
0 0.144531 0.210938 0.140625 0.214844 0.140625 0.216797 0.144531 0.220703 0.146484 0.220703 0.150391 0.216797
0 0.205078 0.210938 0.201172 0.214844 0.201172 0.216797 0.203125 0.218750 0.205078 0.218750 0.208984 0.214844
0 0.240234 0.216797 0.238281 0.218750 0.232422 0.218750 0.228516 0.222656 0.228516 0.226562 0.226562 0.228516 0.226562 0.236328 0.232422 0.240234 0.238281 0.238281 0.242188 0.234375 0.242188 0.222656 0.244141 0.220703
0 0.949219 0.218750 0.947266 0.220703 0.947266 0.224609 0.951172 0.228516 0.953125 0.228516 0.957031 0.224609 0.957031 0.222656 0.953125 0.218750
1 0.253906 0.226562 0.253906 0.230469 0.255859 0.232422 0.257812 0.232422 0.265625 0.242188 0.275391 0.242188 0.279297 0.238281 0.275391 0.234375 0.265625 0.234375 0.261719 0.230469 0.261719 0.226562 0.257812 0.222656
0 0.246094 0.240234 0.244141 0.242188 0.244141 0.244141 0.242188 0.246094 0.242188 0.248047 0.248047 0.253906 0.251953 0.253906 0.255859 0.250000 0.255859 0.244141 0.253906 0.242188 0.251953 0.242188 0.250000 0.240234
0 0.189453 0.253906 0.187500 0.253906 0.183594 0.257812 0.183594 0.261719 0.187500 0.265625 0.191406 0.261719 0.191406 0.255859
0 0.175781 0.267578 0.171875 0.271484 0.171875 0.273438 0.173828 0.275391 0.175781 0.275391 0.179688 0.271484
0 0.570312 0.292969 0.568359 0.294922 0.570312 0.296875 0.572266 0.296875 0.574219 0.294922 0.572266 0.292969
0 0.117188 0.302734 0.117188 0.306641 0.121094 0.310547 0.123047 0.310547 0.128906 0.314453 0.136719 0.314453 0.138672 0.316406 0.140625 0.314453 0.140625 0.312500 0.144531 0.308594 0.144531 0.302734 0.138672 0.296875 0.123047 0.296875
0 0.568359 0.337891 0.564453 0.341797 0.568359 0.345703 0.570312 0.345703 0.572266 0.343750 0.572266 0.341797
1 0.556641 0.359375 0.554688 0.361328 0.554688 0.365234 0.556641 0.367188 0.556641 0.369141 0.558594 0.371094 0.558594 0.373047 0.562500 0.376953 0.564453 0.376953 0.568359 0.373047 0.566406 0.371094 0.566406 0.369141 0.562500 0.365234 0.562500 0.363281 0.558594 0.359375
0 0.794922 0.382812 0.792969 0.384766 0.794922 0.386719 0.796875 0.384766
0 0.775391 0.390625 0.773438 0.392578 0.773438 0.396484 0.777344 0.400391 0.779297 0.400391 0.783203 0.396484 0.777344 0.390625
0 0.525391 0.408203 0.523438 0.410156 0.523438 0.414062 0.525391 0.416016 0.527344 0.416016 0.531250 0.412109 0.527344 0.408203
0 0.494141 0.437500 0.490234 0.437500 0.488281 0.439453 0.488281 0.443359 0.490234 0.445312 0.492188 0.445312 0.496094 0.441406 0.496094 0.439453
0 0.542969 0.441406 0.539062 0.441406 0.537109 0.443359 0.537109 0.447266 0.539062 0.449219 0.541016 0.449219 0.544922 0.445312 0.544922 0.443359
0 0.333984 0.474609 0.326172 0.482422 0.328125 0.484375 0.328125 0.486328 0.330078 0.488281 0.333984 0.488281 0.339844 0.482422 0.339844 0.480469
0 0.404297 0.486328 0.404297 0.494141 0.408203 0.498047 0.410156 0.498047 0.414062 0.494141 0.419922 0.494141 0.421875 0.492188 0.421875 0.488281 0.419922 0.486328 0.410156 0.486328 0.408203 0.484375 0.406250 0.484375
0 0.296875 0.517578 0.294922 0.519531 0.294922 0.521484 0.296875 0.523438 0.300781 0.523438 0.302734 0.521484 0.298828 0.517578
0 0.931641 0.517578 0.929688 0.519531 0.929688 0.521484 0.927734 0.523438 0.929688 0.525391 0.929688 0.527344 0.931641 0.529297 0.933594 0.529297 0.937500 0.525391 0.937500 0.521484 0.933594 0.517578
0 0.156250 0.533203 0.152344 0.537109 0.152344 0.539062 0.156250 0.542969 0.160156 0.542969 0.164062 0.539062 0.164062 0.537109 0.162109 0.535156 0.160156 0.535156 0.158203 0.533203
0 0.951172 0.552734 0.945312 0.558594 0.945312 0.568359 0.949219 0.574219 0.951172 0.574219 0.953125 0.576172 0.957031 0.576172 0.960938 0.570312 0.960938 0.560547 0.953125 0.552734
0 0.132812 0.556641 0.130859 0.558594 0.132812 0.560547 0.134766 0.558594
0 0.406250 0.591797 0.400391 0.587891 0.396484 0.587891 0.390625 0.593750 0.390625 0.595703 0.388672 0.597656 0.388672 0.603516 0.390625 0.605469 0.392578 0.603516 0.398438 0.603516 0.402344 0.599609 0.404297 0.599609 0.406250 0.597656
0 0.345703 0.591797 0.343750 0.593750 0.341797 0.593750 0.337891 0.597656 0.337891 0.599609 0.339844 0.601562 0.339844 0.603516 0.343750 0.607422 0.347656 0.607422 0.351562 0.603516 0.351562 0.597656
0 0.597656 0.589844 0.595703 0.591797 0.597656 0.593750 0.599609 0.593750 0.601562 0.591797 0.599609 0.589844
0 0.439453 0.599609 0.437500 0.601562 0.437500 0.603516 0.441406 0.607422 0.445312 0.603516 0.441406 0.599609
0 0.781250 0.601562 0.779297 0.603516 0.777344 0.603516 0.773438 0.607422 0.773438 0.617188 0.779297 0.623047 0.785156 0.623047 0.787109 0.621094 0.789062 0.621094 0.792969 0.617188 0.792969 0.615234 0.794922 0.613281 0.794922 0.607422 0.791016 0.603516 0.789062 0.603516 0.787109 0.601562
0 0.500000 0.628906 0.496094 0.632812 0.496094 0.638672 0.501953 0.644531 0.503906 0.644531 0.509766 0.638672 0.507812 0.636719 0.507812 0.632812 0.503906 0.628906
0 0.500000 0.662109 0.496094 0.666016 0.496094 0.669922 0.494141 0.671875 0.494141 0.673828 0.492188 0.675781 0.492188 0.679688 0.490234 0.681641 0.496094 0.687500 0.500000 0.687500 0.501953 0.685547 0.503906 0.685547 0.507812 0.681641 0.507812 0.679688 0.509766 0.677734 0.509766 0.669922 0.507812 0.667969 0.507812 0.666016 0.505859 0.664062 0.501953 0.664062
0 0.673828 0.669922 0.669922 0.673828 0.673828 0.677734 0.677734 0.673828
0 0.943359 0.671875 0.937500 0.677734 0.937500 0.681641 0.941406 0.685547 0.947266 0.685547 0.951172 0.681641 0.951172 0.675781 0.947266 0.671875
0 0.664062 0.685547 0.662109 0.687500 0.662109 0.691406 0.664062 0.693359 0.666016 0.693359 0.667969 0.695312 0.669922 0.693359 0.669922 0.691406
0 0.546875 0.722656 0.544922 0.724609 0.544922 0.726562 0.546875 0.728516 0.548828 0.728516 0.550781 0.726562 0.550781 0.724609 0.548828 0.722656
0 0.896484 0.734375 0.890625 0.740234 0.890625 0.748047 0.894531 0.751953 0.896484 0.751953 0.898438 0.753906 0.904297 0.748047 0.904297 0.740234 0.900391 0.736328 0.898438 0.736328
0 0.255859 0.738281 0.253906 0.740234 0.253906 0.742188 0.257812 0.746094 0.259766 0.746094 0.263672 0.742188 0.263672 0.740234 0.261719 0.738281
0 0.484375 0.742188 0.482422 0.744141 0.484375 0.746094 0.486328 0.746094 0.488281 0.744141 0.486328 0.742188
0 0.740234 0.755859 0.736328 0.759766 0.736328 0.765625 0.742188 0.771484 0.750000 0.771484 0.755859 0.765625 0.755859 0.763672 0.753906 0.761719 0.753906 0.759766 0.748047 0.755859
0 0.587891 0.757812 0.583984 0.761719 0.587891 0.765625 0.589844 0.765625 0.591797 0.763672 0.591797 0.759766 0.589844 0.757812
0 0.931641 0.763672 0.927734 0.763672 0.925781 0.765625 0.925781 0.769531 0.929688 0.773438 0.933594 0.769531 0.933594 0.765625
0 0.498047 0.771484 0.494141 0.775391 0.494141 0.779297 0.498047 0.783203 0.500000 0.783203 0.503906 0.779297 0.503906 0.777344
0 0.718750 0.773438 0.714844 0.777344 0.710938 0.777344 0.703125 0.785156 0.703125 0.792969 0.708984 0.798828 0.710938 0.796875 0.712891 0.796875 0.718750 0.791016 0.720703 0.791016 0.726562 0.785156 0.726562 0.781250 0.724609 0.779297 0.724609 0.777344
1 0.568359 0.789062 0.564453 0.792969 0.564453 0.796875 0.568359 0.800781 0.568359 0.806641 0.570312 0.808594 0.570312 0.810547 0.574219 0.814453 0.578125 0.810547 0.578125 0.804688 0.574219 0.798828 0.574219 0.792969 0.570312 0.789062
0 0.669922 0.792969 0.667969 0.794922 0.666016 0.794922 0.664062 0.796875 0.664062 0.804688 0.667969 0.808594 0.671875 0.808594 0.675781 0.804688 0.675781 0.798828
0 0.785156 0.792969 0.781250 0.796875 0.781250 0.798828 0.783203 0.800781 0.785156 0.800781 0.789062 0.796875
0 0.835938 0.794922 0.828125 0.794922 0.826172 0.796875 0.826172 0.804688 0.828125 0.806641 0.830078 0.806641 0.832031 0.808594 0.833984 0.806641 0.835938 0.806641 0.837891 0.804688 0.837891 0.800781 0.839844 0.798828
0 0.525391 0.800781 0.523438 0.800781 0.521484 0.802734 0.521484 0.806641 0.523438 0.808594 0.527344 0.804688 0.527344 0.802734
0 0.904297 0.804688 0.902344 0.806641 0.902344 0.808594 0.904297 0.810547 0.906250 0.808594 0.906250 0.806641
0 0.763672 0.810547 0.761719 0.812500 0.761719 0.816406 0.765625 0.820312 0.767578 0.820312 0.771484 0.816406 0.771484 0.814453 0.767578 0.810547
0 0.742188 0.816406 0.740234 0.816406 0.734375 0.822266 0.734375 0.826172 0.738281 0.830078 0.742188 0.830078 0.746094 0.826172 0.746094 0.820312
0 0.521484 0.830078 0.517578 0.833984 0.521484 0.837891 0.525391 0.837891 0.527344 0.835938 0.527344 0.833984 0.523438 0.830078
0 0.587891 0.833984 0.582031 0.839844 0.582031 0.841797 0.583984 0.843750 0.583984 0.845703 0.587891 0.849609 0.591797 0.849609 0.597656 0.843750 0.597656 0.839844 0.591797 0.833984
0 0.353516 0.839844 0.349609 0.843750 0.349609 0.845703 0.353516 0.849609 0.357422 0.845703 0.357422 0.843750
0 0.548828 0.839844 0.544922 0.843750 0.544922 0.845703 0.548828 0.849609 0.552734 0.845703 0.552734 0.843750
0 0.927734 0.843750 0.923828 0.847656 0.923828 0.849609 0.927734 0.853516 0.929688 0.853516 0.933594 0.849609 0.933594 0.847656 0.929688 0.843750
1 0.603516 0.849609 0.597656 0.855469 0.597656 0.857422 0.593750 0.861328 0.597656 0.865234 0.605469 0.857422 0.605469 0.855469 0.607422 0.853516
0 0.853516 0.849609 0.847656 0.855469 0.847656 0.859375 0.849609 0.861328 0.851562 0.861328 0.857422 0.855469 0.857422 0.853516
0 0.298828 0.853516 0.294922 0.857422 0.294922 0.859375 0.298828 0.863281 0.300781 0.863281 0.302734 0.861328 0.302734 0.857422
0 0.691406 0.855469 0.687500 0.863281 0.693359 0.871094 0.693359 0.880859 0.685547 0.890625 0.689453 0.894531 0.697266 0.890625 0.710938 0.902344 0.718750 0.900391 0.726562 0.904297 0.736328 0.892578 0.734375 0.880859 0.708984 0.857422 0.701172 0.853516
0 0.750000 0.851562 0.746094 0.851562 0.744141 0.853516 0.744141 0.859375 0.748047 0.863281 0.753906 0.857422 0.753906 0.855469
0 0.609375 0.873047 0.607422 0.873047 0.603516 0.876953 0.603516 0.882812 0.607422 0.886719 0.613281 0.880859 0.613281 0.876953
0 0.552734 0.875000 0.548828 0.878906 0.548828 0.888672 0.552734 0.892578 0.560547 0.892578 0.566406 0.886719 0.566406 0.878906 0.560547 0.875000
0 0.947266 0.886719 0.947266 0.894531 0.953125 0.900391 0.958984 0.898438 0.964844 0.892578 0.968750 0.892578 0.972656 0.898438 0.980469 0.904297 0.988281 0.898438 0.988281 0.892578 0.982422 0.882812 0.978516 0.880859 0.968750 0.882812 0.958984 0.875000 0.953125 0.876953
0 0.589844 0.892578 0.583984 0.898438 0.583984 0.904297 0.587891 0.908203 0.593750 0.908203 0.599609 0.902344 0.599609 0.900391 0.597656 0.898438 0.597656 0.896484 0.595703 0.894531 0.593750 0.894531 0.591797 0.892578
0 0.783203 0.890625 0.777344 0.898438 0.777344 0.925781 0.787109 0.947266 0.792969 0.951172 0.800781 0.951172 0.810547 0.943359 0.818359 0.931641 0.820312 0.917969 0.816406 0.908203 0.802734 0.894531 0.794922 0.890625
0 0.828125 0.892578 0.824219 0.896484 0.824219 0.898438 0.826172 0.900391 0.828125 0.900391 0.830078 0.898438 0.830078 0.894531
0 0.656250 0.894531 0.654297 0.894531 0.650391 0.898438 0.650391 0.900391 0.652344 0.902344 0.656250 0.902344 0.658203 0.900391 0.658203 0.896484
0 0.759766 0.894531 0.757812 0.896484 0.753906 0.896484 0.751953 0.898438 0.751953 0.900391 0.750000 0.902344 0.750000 0.904297 0.755859 0.910156 0.757812 0.910156 0.759766 0.912109 0.765625 0.906250 0.765625 0.900391
1 0.964844 0.912109 0.960938 0.912109 0.953125 0.917969 0.953125 0.927734 0.943359 0.935547 0.943359 0.939453 0.947266 0.943359 0.951172 0.943359 0.953125 0.941406 0.953125 0.933594 0.957031 0.929688 0.962891 0.929688 0.968750 0.925781 0.968750 0.921875 0.970703 0.919922
0 0.513672 0.914062 0.511719 0.916016 0.513672 0.917969 0.515625 0.916016
0 0.666016 0.917969 0.660156 0.923828 0.660156 0.935547 0.667969 0.943359 0.675781 0.943359 0.683594 0.937500 0.683594 0.935547 0.685547 0.933594 0.685547 0.925781 0.677734 0.917969
0 0.859375 0.923828 0.859375 0.929688 0.857422 0.931641 0.865234 0.941406 0.869141 0.941406 0.875000 0.945312 0.884766 0.945312 0.888672 0.943359 0.892578 0.937500 0.892578 0.929688 0.886719 0.923828 0.876953 0.917969 0.867188 0.917969
1 0.531250 0.925781 0.521484 0.925781 0.515625 0.927734 0.511719 0.931641 0.513672 0.937500 0.521484 0.947266 0.513672 0.958984 0.519531 0.970703 0.525391 0.970703 0.531250 0.964844 0.531250 0.960938 0.525391 0.953125 0.537109 0.937500 0.537109 0.931641
1 0.464844 0.933594 0.462891 0.935547 0.470703 0.943359 0.474609 0.939453 0.470703 0.935547 0.466797 0.935547
0 0.492188 0.943359 0.486328 0.949219 0.486328 0.955078 0.488281 0.957031 0.488281 0.958984 0.492188 0.962891 0.494141 0.962891 0.496094 0.964844 0.500000 0.964844 0.505859 0.958984 0.505859 0.955078 0.503906 0.953125 0.503906 0.945312 0.501953 0.943359
1 0.888672 0.957031 0.888672 0.962891 0.894531 0.968750 0.898438 0.968750 0.906250 0.972656 0.921875 0.970703 0.927734 0.966797 0.927734 0.958984 0.921875 0.953125 0.916016 0.953125 0.906250 0.962891 0.902344 0.957031 0.896484 0.953125 0.892578 0.953125
0 0.662109 0.988281 0.662109 0.998047 0.695312 0.998047 0.689453 0.990234 0.689453 0.988281 0.681641 0.980469 0.677734 0.978516 0.671875 0.978516 0.667969 0.980469
1 0.529297 0.982422 0.527344 0.980469 0.519531 0.980469 0.513672 0.986328 0.513672 0.988281 0.503906 0.996094 0.503906 0.998047 0.513672 0.998047 0.517578 0.994141 0.521484 0.998047 0.529297 0.990234
0 0.847656 0.994141 0.847656 0.998047 0.876953 0.998047 0.876953 0.996094 0.875000 0.994141 0.875000 0.990234 0.869141 0.982422 0.861328 0.982422 0.859375 0.984375 0.855469 0.984375 0.849609 0.990234 0.849609 0.992188
0 0.708984 0.994141 0.707031 0.992188 0.705078 0.992188 0.699219 0.998047 0.708984 0.998047
