0 0.162109 0.044922 0.160156 0.046875 0.162109 0.048828 0.162109 0.052734 0.166016 0.056641 0.169922 0.056641 0.171875 0.054688 0.171875 0.050781 0.166016 0.044922
0 0.240234 0.072266 0.236328 0.076172 0.240234 0.080078 0.244141 0.076172
1 0.000000 0.158203 0.000000 0.240234 0.025391 0.234375 0.000000 0.263672 0.000000 0.394531 0.048828 0.388672 0.000000 0.414062 0.011719 0.570312 0.052734 0.613281 0.140625 0.619141 0.160156 0.710938 0.203125 0.693359 0.222656 0.791016 0.187500 0.890625 0.238281 0.824219 0.296875 0.851562 0.246094 0.914062 0.164062 0.943359 0.160156 0.998047 0.201172 0.998047 0.265625 0.927734 0.314453 0.990234 0.345703 0.935547 0.542969 0.947266 0.546875 0.919922 0.417969 0.876953 0.408203 0.779297 0.328125 0.755859 0.349609 0.814453 0.320312 0.833984 0.244141 0.798828 0.248047 0.738281 0.279297 0.732422 0.259766 0.666016 0.292969 0.638672 0.205078 0.632812 0.121094 0.548828 0.265625 0.423828 0.179688 0.375000 0.164062 0.298828 0.103516 0.259766 0.087891 0.191406
0 0.031250 0.162109 0.029297 0.164062 0.031250 0.166016 0.033203 0.164062
0 0.652344 0.171875 0.650391 0.173828 0.650391 0.177734 0.654297 0.181641 0.658203 0.181641 0.662109 0.177734 0.662109 0.175781 0.658203 0.171875
0 0.570312 0.179688 0.566406 0.183594 0.566406 0.185547 0.570312 0.189453 0.574219 0.189453 0.578125 0.185547 0.576172 0.183594 0.576172 0.181641 0.574219 0.179688
0 0.406250 0.201172 0.400391 0.201172 0.398438 0.203125 0.398438 0.208984 0.402344 0.212891 0.408203 0.207031 0.408203 0.203125
0 0.589844 0.216797 0.587891 0.218750 0.587891 0.220703 0.589844 0.222656 0.591797 0.222656 0.593750 0.220703 0.593750 0.218750 0.591797 0.216797
0 0.552734 0.226562 0.548828 0.230469 0.550781 0.232422 0.552734 0.232422 0.554688 0.230469 0.554688 0.228516
0 0.431641 0.230469 0.427734 0.234375 0.427734 0.236328 0.433594 0.242188 0.435547 0.242188 0.439453 0.238281 0.439453 0.234375 0.435547 0.230469
0 0.140625 0.234375 0.132812 0.240234 0.132812 0.242188 0.130859 0.244141 0.130859 0.251953 0.136719 0.257812 0.138672 0.257812 0.140625 0.259766 0.146484 0.259766 0.154297 0.251953 0.152344 0.250000 0.152344 0.248047 0.154297 0.246094 0.152344 0.244141 0.152344 0.238281 0.148438 0.234375
0 0.527344 0.257812 0.525391 0.257812 0.523438 0.255859 0.519531 0.255859 0.517578 0.257812 0.515625 0.257812 0.509766 0.263672 0.509766 0.273438 0.513672 0.277344 0.517578 0.277344 0.519531 0.275391 0.521484 0.275391 0.529297 0.267578 0.529297 0.259766
0 0.310547 0.263672 0.306641 0.263672 0.300781 0.269531 0.300781 0.271484 0.298828 0.273438 0.298828 0.279297 0.302734 0.283203 0.308594 0.283203 0.316406 0.275391 0.316406 0.269531
0 0.503906 0.294922 0.498047 0.289062 0.492188 0.289062 0.490234 0.291016 0.488281 0.291016 0.480469 0.298828 0.480469 0.302734 0.482422 0.304688 0.500000 0.304688 0.503906 0.300781
0 0.279297 0.300781 0.275391 0.304688 0.275391 0.306641 0.277344 0.308594 0.281250 0.308594 0.283203 0.306641 0.283203 0.304688
0 0.240234 0.308594 0.242188 0.310547 0.242188 0.312500 0.244141 0.314453 0.246094 0.314453 0.250000 0.318359 0.255859 0.318359 0.257812 0.316406 0.255859 0.314453 0.255859 0.310547 0.253906 0.308594 0.253906 0.306641 0.251953 0.304688 0.244141 0.304688
0 0.841797 0.320312 0.837891 0.324219 0.841797 0.328125 0.843750 0.328125 0.845703 0.326172 0.845703 0.324219
0 0.484375 0.326172 0.482422 0.328125 0.484375 0.330078 0.486328 0.328125
0 0.714844 0.326172 0.712891 0.326172 0.708984 0.330078 0.708984 0.333984 0.712891 0.337891 0.716797 0.333984 0.716797 0.328125
0 0.232422 0.339844 0.230469 0.341797 0.228516 0.341797 0.226562 0.343750 0.226562 0.351562 0.230469 0.355469 0.236328 0.355469 0.242188 0.349609 0.242188 0.345703 0.236328 0.339844
0 0.453125 0.349609 0.451172 0.349609 0.449219 0.351562 0.449219 0.353516 0.451172 0.355469 0.455078 0.351562
0 0.837891 0.351562 0.833984 0.355469 0.833984 0.363281 0.837891 0.367188 0.841797 0.367188 0.845703 0.363281 0.845703 0.357422 0.839844 0.351562
0 0.531250 0.355469 0.527344 0.359375 0.529297 0.361328 0.531250 0.361328 0.533203 0.359375 0.533203 0.357422
0 0.574219 0.355469 0.570312 0.359375 0.570312 0.361328 0.574219 0.365234 0.576172 0.365234 0.580078 0.361328 0.580078 0.359375 0.576172 0.355469
0 0.636719 0.376953 0.634766 0.378906 0.634766 0.384766 0.636719 0.386719 0.642578 0.386719 0.646484 0.382812 0.646484 0.380859 0.642578 0.376953
0 0.390625 0.388672 0.388672 0.390625 0.390625 0.392578 0.390625 0.394531 0.392578 0.396484 0.394531 0.396484 0.396484 0.394531 0.394531 0.392578 0.394531 0.390625 0.392578 0.388672
0 0.679688 0.394531 0.677734 0.396484 0.677734 0.398438 0.679688 0.400391 0.681641 0.398438 0.681641 0.396484
0 0.855469 0.396484 0.851562 0.400391 0.851562 0.404297 0.857422 0.410156 0.861328 0.410156 0.865234 0.406250 0.865234 0.400391 0.861328 0.396484
0 0.892578 0.394531 0.890625 0.396484 0.890625 0.398438 0.892578 0.400391 0.894531 0.400391 0.896484 0.398438 0.896484 0.396484 0.894531 0.394531
0 0.822266 0.402344 0.820312 0.404297 0.820312 0.406250 0.822266 0.408203 0.824219 0.408203 0.826172 0.406250
0 0.392578 0.406250 0.390625 0.408203 0.390625 0.410156 0.392578 0.412109 0.394531 0.412109 0.396484 0.410156 0.396484 0.408203 0.394531 0.406250
0 0.619141 0.410156 0.613281 0.416016 0.617188 0.419922 0.619141 0.419922 0.623047 0.416016 0.621094 0.414062 0.621094 0.412109
0 0.601562 0.417969 0.599609 0.419922 0.601562 0.421875 0.603516 0.419922
0 0.642578 0.423828 0.640625 0.425781 0.642578 0.427734 0.644531 0.427734 0.646484 0.425781 0.644531 0.423828
0 0.919922 0.437500 0.917969 0.439453 0.917969 0.441406 0.919922 0.443359 0.921875 0.441406 0.921875 0.439453
0 0.980469 0.441406 0.976562 0.441406 0.974609 0.443359 0.974609 0.445312 0.976562 0.447266 0.978516 0.447266 0.982422 0.443359
0 0.443359 0.445312 0.439453 0.449219 0.439453 0.453125 0.443359 0.457031 0.445312 0.457031 0.451172 0.451172 0.445312 0.445312
0 0.757812 0.447266 0.753906 0.451172 0.753906 0.453125 0.755859 0.455078 0.759766 0.455078 0.761719 0.453125 0.761719 0.451172
0 0.414062 0.451172 0.412109 0.451172 0.408203 0.455078 0.408203 0.457031 0.412109 0.460938 0.417969 0.455078
0 0.484375 0.455078 0.482422 0.457031 0.482422 0.458984 0.486328 0.462891 0.488281 0.462891 0.490234 0.460938 0.490234 0.457031 0.488281 0.455078
1 0.501953 0.462891 0.492188 0.468750 0.492188 0.470703 0.494141 0.472656 0.498047 0.482422 0.496094 0.484375 0.496094 0.486328 0.488281 0.494141 0.488281 0.498047 0.498047 0.507812 0.500000 0.507812 0.501953 0.509766 0.507812 0.507812 0.513672 0.513672 0.517578 0.509766 0.517578 0.507812 0.515625 0.505859 0.513672 0.507812 0.501953 0.496094 0.501953 0.494141 0.500000 0.492188 0.500000 0.490234 0.505859 0.484375 0.505859 0.480469 0.507812 0.478516 0.507812 0.468750
0 0.751953 0.500000 0.748047 0.503906 0.748047 0.505859 0.751953 0.509766 0.753906 0.509766 0.757812 0.505859
0 0.177734 0.509766 0.175781 0.511719 0.175781 0.513672 0.177734 0.515625 0.179688 0.515625 0.181641 0.513672 0.181641 0.511719 0.179688 0.509766
0 0.632812 0.513672 0.628906 0.517578 0.632812 0.521484 0.634766 0.521484 0.638672 0.517578 0.634766 0.513672
0 0.357422 0.515625 0.351562 0.521484 0.351562 0.523438 0.355469 0.529297 0.355469 0.533203 0.359375 0.537109 0.363281 0.533203 0.363281 0.529297 0.365234 0.527344 0.365234 0.521484 0.359375 0.515625
0 0.431641 0.517578 0.429688 0.519531 0.429688 0.521484 0.431641 0.523438 0.433594 0.523438 0.435547 0.525391 0.439453 0.521484 0.435547 0.517578
0 0.466797 0.521484 0.464844 0.523438 0.464844 0.525391 0.466797 0.527344 0.468750 0.527344 0.470703 0.525391 0.470703 0.523438 0.468750 0.521484
0 0.498047 0.523438 0.494141 0.529297 0.494141 0.539062 0.496094 0.541016 0.496094 0.542969 0.498047 0.544922 0.501953 0.544922 0.503906 0.546875 0.515625 0.546875 0.517578 0.544922 0.517578 0.541016 0.513672 0.537109 0.513672 0.535156 0.511719 0.533203 0.511719 0.529297 0.503906 0.523438
0 0.888672 0.523438 0.886719 0.525391 0.886719 0.527344 0.888672 0.529297 0.890625 0.529297 0.892578 0.527344
1 0.468750 0.535156 0.462891 0.541016 0.464844 0.548828 0.474609 0.558594 0.478516 0.560547 0.484375 0.560547 0.494141 0.570312 0.496094 0.570312 0.500000 0.566406 0.498047 0.564453 0.498047 0.560547 0.488281 0.554688 0.484375 0.550781 0.482422 0.544922 0.474609 0.537109
0 0.619141 0.539062 0.617188 0.541016 0.619141 0.542969 0.621094 0.542969 0.623047 0.541016 0.621094 0.539062
0 0.970703 0.550781 0.968750 0.552734 0.970703 0.554688 0.972656 0.552734
0 0.314453 0.564453 0.314453 0.566406 0.324219 0.574219 0.324219 0.578125 0.322266 0.580078 0.326172 0.583984 0.330078 0.583984 0.335938 0.589844 0.337891 0.589844 0.349609 0.578125 0.349609 0.574219 0.345703 0.570312 0.343750 0.570312 0.337891 0.576172 0.339844 0.578125 0.335938 0.582031 0.332031 0.578125 0.332031 0.576172 0.324219 0.568359 0.324219 0.562500 0.322266 0.560547 0.318359 0.560547
0 0.582031 0.560547 0.580078 0.560547 0.574219 0.566406 0.574219 0.580078 0.578125 0.583984 0.582031 0.583984 0.589844 0.576172 0.589844 0.566406 0.585938 0.562500 0.583984 0.562500
0 0.910156 0.558594 0.904297 0.558594 0.902344 0.560547 0.896484 0.562500 0.892578 0.566406 0.892578 0.568359 0.890625 0.570312 0.890625 0.576172 0.894531 0.582031 0.896484 0.582031 0.898438 0.583984 0.904297 0.583984 0.912109 0.578125 0.912109 0.576172 0.916016 0.570312 0.916016 0.564453
0 0.382812 0.568359 0.375000 0.576172 0.371094 0.591797 0.373047 0.593750 0.373047 0.599609 0.378906 0.605469 0.382812 0.607422 0.390625 0.607422 0.400391 0.597656 0.404297 0.580078 0.396484 0.570312 0.392578 0.568359
0 0.466797 0.568359 0.462891 0.568359 0.455078 0.576172 0.455078 0.580078 0.458984 0.583984 0.464844 0.583984 0.470703 0.578125 0.470703 0.576172 0.468750 0.574219 0.468750 0.570312
0 0.525391 0.578125 0.521484 0.582031 0.521484 0.583984 0.523438 0.585938 0.525391 0.585938 0.527344 0.583984 0.527344 0.580078
0 0.351562 0.587891 0.349609 0.589844 0.349609 0.591797 0.351562 0.593750 0.353516 0.593750 0.355469 0.591797 0.355469 0.589844 0.353516 0.587891
0 0.472656 0.589844 0.470703 0.591797 0.468750 0.591797 0.464844 0.595703 0.464844 0.597656 0.470703 0.603516 0.472656 0.603516 0.478516 0.597656 0.478516 0.593750 0.476562 0.591797 0.474609 0.591797
1 0.455078 0.599609 0.443359 0.597656 0.433594 0.605469 0.414062 0.611328 0.408203 0.619141 0.398438 0.617188 0.392578 0.623047 0.394531 0.625000 0.392578 0.626953 0.400391 0.634766 0.406250 0.630859 0.414062 0.632812 0.416016 0.630859 0.414062 0.623047 0.417969 0.619141 0.421875 0.623047 0.431641 0.625000 0.443359 0.617188 0.453125 0.617188
0 0.912109 0.601562 0.910156 0.603516 0.910156 0.605469 0.912109 0.607422 0.914062 0.607422 0.916016 0.605469
0 0.281250 0.609375 0.279297 0.611328 0.279297 0.613281 0.277344 0.615234 0.281250 0.619141 0.287109 0.619141 0.291016 0.615234 0.291016 0.613281 0.287109 0.609375
0 0.466797 0.617188 0.464844 0.619141 0.464844 0.621094 0.466797 0.623047 0.468750 0.621094 0.468750 0.619141
0 0.355469 0.628906 0.349609 0.634766 0.349609 0.640625 0.353516 0.644531 0.359375 0.644531 0.363281 0.640625 0.363281 0.634766 0.361328 0.632812 0.361328 0.630859 0.359375 0.628906
0 0.984375 0.628906 0.982422 0.630859 0.982422 0.632812 0.984375 0.634766 0.986328 0.632812 0.986328 0.630859
0 0.433594 0.640625 0.431641 0.640625 0.427734 0.644531 0.427734 0.646484 0.425781 0.648438 0.425781 0.650391 0.429688 0.654297 0.433594 0.654297 0.437500 0.650391 0.437500 0.644531
0 0.945312 0.642578 0.943359 0.644531 0.945312 0.646484 0.947266 0.646484 0.949219 0.644531 0.947266 0.642578
1 0.398438 0.650391 0.396484 0.652344 0.398438 0.654297 0.398438 0.658203 0.404297 0.664062 0.406250 0.664062 0.408203 0.666016 0.410156 0.664062 0.410156 0.662109 0.406250 0.658203 0.406250 0.656250 0.400391 0.650391
0 0.460938 0.656250 0.458984 0.658203 0.460938 0.660156 0.462891 0.658203
0 0.617188 0.664062 0.613281 0.660156 0.609375 0.660156 0.607422 0.658203 0.605469 0.660156 0.601562 0.660156 0.599609 0.662109 0.599609 0.664062 0.597656 0.666016 0.603516 0.671875 0.609375 0.671875 0.613281 0.667969 0.615234 0.667969 0.617188 0.666016
0 0.359375 0.673828 0.355469 0.669922 0.353516 0.671875 0.343750 0.671875 0.341797 0.673828 0.341797 0.677734 0.343750 0.679688 0.355469 0.679688 0.359375 0.675781
1 0.384766 0.667969 0.382812 0.667969 0.378906 0.673828 0.378906 0.675781 0.382812 0.679688 0.376953 0.685547 0.376953 0.687500 0.378906 0.689453 0.380859 0.689453 0.382812 0.687500 0.382812 0.685547 0.380859 0.683594 0.390625 0.675781 0.390625 0.673828
0 0.548828 0.667969 0.546875 0.667969 0.541016 0.673828 0.541016 0.687500 0.542969 0.689453 0.548828 0.689453 0.554688 0.683594 0.554688 0.675781 0.552734 0.673828 0.552734 0.671875
0 0.482422 0.673828 0.480469 0.675781 0.480469 0.677734 0.482422 0.679688 0.484375 0.677734 0.484375 0.675781
0 0.519531 0.673828 0.515625 0.673828 0.509766 0.679688 0.505859 0.679688 0.500000 0.685547 0.500000 0.691406 0.501953 0.693359 0.501953 0.697266 0.505859 0.701172 0.509766 0.701172 0.515625 0.697266 0.515625 0.695312 0.517578 0.693359 0.517578 0.689453 0.519531 0.687500 0.519531 0.683594 0.521484 0.681641 0.521484 0.675781
0 0.414062 0.677734 0.412109 0.679688 0.412109 0.687500 0.416016 0.691406 0.417969 0.691406 0.419922 0.689453 0.419922 0.681641 0.416016 0.677734
0 0.808594 0.677734 0.806641 0.679688 0.808594 0.681641 0.810547 0.681641 0.812500 0.679688 0.810547 0.677734
0 0.695312 0.679688 0.687500 0.685547 0.687500 0.708984 0.685547 0.710938 0.691406 0.728516 0.697266 0.736328 0.703125 0.738281 0.710938 0.730469 0.710938 0.710938 0.716797 0.703125 0.716797 0.693359 0.708984 0.683594 0.701172 0.679688
0 0.865234 0.679688 0.863281 0.681641 0.865234 0.683594 0.867188 0.683594 0.869141 0.681641 0.867188 0.679688
0 0.552734 0.701172 0.554688 0.703125 0.560547 0.703125 0.568359 0.708984 0.566406 0.718750 0.576172 0.732422 0.582031 0.734375 0.585938 0.732422 0.595703 0.736328 0.601562 0.734375 0.609375 0.746094 0.615234 0.742188 0.615234 0.734375 0.611328 0.730469 0.605469 0.734375 0.593750 0.722656 0.591797 0.716797 0.591797 0.708984 0.599609 0.703125 0.605469 0.695312 0.603516 0.689453 0.599609 0.685547 0.589844 0.683594 0.583984 0.689453 0.585938 0.701172 0.582031 0.705078 0.578125 0.703125 0.576172 0.705078 0.564453 0.691406 0.558594 0.693359
0 0.671875 0.695312 0.662109 0.695312 0.660156 0.697266 0.656250 0.697266 0.648438 0.708984 0.648438 0.718750 0.650391 0.722656 0.658203 0.728516 0.666016 0.728516 0.677734 0.720703 0.677734 0.716797 0.681641 0.710938 0.679688 0.708984 0.679688 0.703125 0.677734 0.699219
1 0.457031 0.707031 0.447266 0.714844 0.445312 0.726562 0.449219 0.734375 0.470703 0.750000 0.460938 0.759766 0.457031 0.769531 0.464844 0.779297 0.482422 0.785156 0.496094 0.773438 0.501953 0.779297 0.501953 0.789062 0.492188 0.798828 0.492188 0.806641 0.501953 0.820312 0.507812 0.820312 0.515625 0.810547 0.513672 0.794922 0.519531 0.785156 0.517578 0.779297 0.507812 0.767578 0.496094 0.759766 0.498047 0.746094 0.496094 0.744141 0.488281 0.750000 0.484375 0.746094 0.484375 0.736328 0.476562 0.722656 0.474609 0.710938 0.468750 0.707031
0 0.541016 0.708984 0.537109 0.708984 0.535156 0.710938 0.535156 0.714844 0.533203 0.716797 0.539062 0.722656 0.544922 0.716797 0.544922 0.712891
0 0.810547 0.707031 0.806641 0.710938 0.810547 0.714844 0.812500 0.712891 0.812500 0.708984
0 0.771484 0.712891 0.769531 0.714844 0.771484 0.716797 0.773438 0.716797 0.775391 0.714844 0.773438 0.712891
0 0.970703 0.712891 0.968750 0.714844 0.968750 0.716797 0.972656 0.720703 0.976562 0.716797 0.972656 0.712891
0 0.996094 0.714844 0.994141 0.716797 0.994141 0.718750 0.996094 0.720703 0.998047 0.720703 0.998047 0.714844
0 0.320312 0.718750 0.318359 0.720703 0.318359 0.722656 0.320312 0.724609 0.322266 0.722656 0.322266 0.720703
0 0.410156 0.724609 0.406250 0.728516 0.410156 0.732422 0.412109 0.730469 0.412109 0.726562
0 0.744141 0.724609 0.738281 0.724609 0.728516 0.732422 0.728516 0.744141 0.724609 0.748047 0.718750 0.748047 0.714844 0.751953 0.703125 0.744141 0.699219 0.750000 0.710938 0.761719 0.716797 0.781250 0.726562 0.779297 0.732422 0.773438 0.732422 0.757812 0.740234 0.750000 0.744141 0.750000 0.751953 0.740234 0.751953 0.732422
0 0.857422 0.726562 0.853516 0.730469 0.853516 0.736328 0.849609 0.740234 0.849609 0.750000 0.853516 0.753906 0.857422 0.753906 0.867188 0.744141 0.876953 0.750000 0.880859 0.746094 0.878906 0.742188 0.884766 0.734375 0.880859 0.732422 0.876953 0.736328 0.873047 0.734375 0.869141 0.738281 0.865234 0.738281
0 0.912109 0.728516 0.908203 0.732422 0.908203 0.736328 0.912109 0.740234 0.914062 0.740234 0.919922 0.734375 0.916016 0.730469 0.914062 0.730469
0 0.812500 0.738281 0.791016 0.746094 0.787109 0.750000 0.787109 0.757812 0.791016 0.761719 0.802734 0.761719 0.808594 0.767578 0.806641 0.771484 0.814453 0.777344 0.818359 0.773438 0.816406 0.757812 0.822266 0.748047 0.822266 0.744141 0.818359 0.740234
0 0.578125 0.742188 0.574219 0.746094 0.574219 0.748047 0.572266 0.750000 0.572266 0.751953 0.574219 0.753906 0.574219 0.757812 0.578125 0.761719 0.583984 0.761719 0.589844 0.755859 0.589844 0.748047 0.585938 0.742188
0 0.833984 0.751953 0.832031 0.753906 0.832031 0.759766 0.833984 0.761719 0.837891 0.761719 0.839844 0.759766 0.839844 0.755859 0.835938 0.751953
0 0.767578 0.759766 0.765625 0.761719 0.765625 0.763672 0.767578 0.765625 0.769531 0.765625 0.771484 0.763672
0 0.929688 0.757812 0.925781 0.757812 0.921875 0.761719 0.921875 0.763672 0.927734 0.769531 0.929688 0.767578 0.931641 0.767578 0.935547 0.763672
0 0.865234 0.767578 0.863281 0.767578 0.859375 0.771484 0.859375 0.773438 0.861328 0.775391 0.863281 0.775391 0.867188 0.771484 0.867188 0.769531
0 0.951172 0.765625 0.949219 0.767578 0.951172 0.769531 0.953125 0.767578
0 0.667969 0.773438 0.666016 0.775391 0.666016 0.777344 0.669922 0.781250 0.671875 0.779297 0.671875 0.777344
0 0.310547 0.783203 0.308594 0.785156 0.308594 0.787109 0.310547 0.789062 0.312500 0.789062 0.314453 0.787109 0.314453 0.785156 0.312500 0.783203
0 0.587891 0.783203 0.585938 0.785156 0.585938 0.789062 0.587891 0.791016 0.589844 0.791016 0.591797 0.789062 0.591797 0.785156 0.589844 0.783203
0 0.792969 0.781250 0.789062 0.781250 0.787109 0.783203 0.787109 0.785156 0.785156 0.787109 0.789062 0.791016 0.791016 0.789062 0.792969 0.789062 0.796875 0.785156
1 0.439453 0.789062 0.437500 0.791016 0.437500 0.794922 0.439453 0.796875 0.439453 0.798828 0.441406 0.800781 0.437500 0.804688 0.441406 0.808594 0.445312 0.804688 0.441406 0.800781 0.443359 0.798828 0.441406 0.796875 0.441406 0.794922 0.443359 0.792969
0 0.574219 0.789062 0.572266 0.791016 0.572266 0.792969 0.574219 0.794922 0.576172 0.794922 0.578125 0.792969 0.578125 0.791016 0.576172 0.789062
0 0.914062 0.791016 0.910156 0.794922 0.912109 0.796875 0.916016 0.792969
0 0.833984 0.792969 0.828125 0.798828 0.830078 0.800781 0.830078 0.802734 0.835938 0.808594 0.837891 0.808594 0.839844 0.806641 0.841797 0.806641 0.843750 0.804688 0.843750 0.800781 0.845703 0.798828 0.839844 0.792969
0 0.646484 0.796875 0.644531 0.798828 0.644531 0.806641 0.648438 0.810547 0.650391 0.810547 0.654297 0.806641 0.654297 0.798828 0.652344 0.796875
0 0.875000 0.804688 0.871094 0.808594 0.871094 0.810547 0.875000 0.814453 0.876953 0.814453 0.878906 0.812500 0.878906 0.806641 0.876953 0.804688
0 0.632812 0.818359 0.632812 0.824219 0.634766 0.826172 0.634766 0.828125 0.642578 0.833984 0.646484 0.833984 0.648438 0.832031 0.656250 0.832031 0.662109 0.826172 0.662109 0.824219 0.656250 0.818359 0.648438 0.818359 0.642578 0.812500 0.636719 0.814453
0 0.695312 0.812500 0.689453 0.814453 0.683594 0.822266 0.681641 0.845703 0.689453 0.857422 0.699219 0.863281 0.712891 0.857422 0.716797 0.851562 0.718750 0.833984 0.705078 0.814453
0 0.746094 0.812500 0.744141 0.814453 0.744141 0.818359 0.746094 0.820312 0.748047 0.820312 0.750000 0.818359 0.750000 0.816406
0 0.900391 0.818359 0.896484 0.822266 0.896484 0.826172 0.898438 0.828125 0.902344 0.828125 0.904297 0.826172 0.904297 0.822266
0 0.527344 0.822266 0.523438 0.822266 0.519531 0.826172 0.521484 0.828125 0.521484 0.833984 0.525391 0.837891 0.529297 0.833984 0.529297 0.828125 0.531250 0.826172
0 0.929688 0.820312 0.925781 0.824219 0.927734 0.826172 0.929688 0.826172 0.931641 0.824219 0.931641 0.822266
0 0.947266 0.824219 0.945312 0.826172 0.945312 0.828125 0.943359 0.830078 0.943359 0.833984 0.949219 0.839844 0.951172 0.839844 0.953125 0.837891 0.955078 0.837891 0.957031 0.835938 0.957031 0.830078 0.951172 0.824219
0 0.845703 0.830078 0.843750 0.832031 0.847656 0.835938 0.849609 0.833984 0.849609 0.832031 0.847656 0.830078
0 0.572266 0.832031 0.564453 0.839844 0.564453 0.851562 0.570312 0.859375 0.578125 0.863281 0.582031 0.863281 0.589844 0.857422 0.591797 0.849609 0.593750 0.847656 0.591797 0.845703 0.591797 0.841797 0.583984 0.833984 0.580078 0.832031
0 0.640625 0.847656 0.638672 0.849609 0.638672 0.853516 0.640625 0.855469 0.644531 0.851562
0 0.486328 0.867188 0.484375 0.869141 0.486328 0.871094 0.488281 0.871094 0.490234 0.869141 0.488281 0.867188
0 0.585938 0.876953 0.580078 0.882812 0.580078 0.884766 0.585938 0.890625 0.589844 0.886719 0.589844 0.880859
0 0.914062 0.875000 0.912109 0.876953 0.914062 0.878906 0.916016 0.878906 0.917969 0.876953 0.916016 0.875000
0 0.705078 0.884766 0.701172 0.884766 0.699219 0.886719 0.701172 0.888672 0.701172 0.890625 0.703125 0.892578 0.707031 0.888672 0.707031 0.886719
0 0.675781 0.888672 0.673828 0.890625 0.675781 0.892578 0.677734 0.892578 0.679688 0.890625 0.677734 0.888672
0 0.804688 0.888672 0.802734 0.890625 0.806641 0.894531 0.808594 0.894531 0.810547 0.892578 0.810547 0.890625 0.808594 0.888672
0 0.572266 0.892578 0.570312 0.894531 0.570312 0.896484 0.572266 0.898438 0.574219 0.896484 0.574219 0.894531
1 0.902344 0.914062 0.898438 0.919922 0.900391 0.921875 0.900391 0.933594 0.898438 0.935547 0.906250 0.945312 0.910156 0.945312 0.914062 0.939453 0.914062 0.935547 0.906250 0.927734 0.906250 0.919922
0 0.935547 0.917969 0.929688 0.923828 0.929688 0.931641 0.933594 0.935547 0.939453 0.935547 0.943359 0.931641 0.943359 0.921875 0.941406 0.919922 0.939453 0.919922 0.937500 0.917969
0 0.701172 0.921875 0.699219 0.923828 0.699219 0.925781 0.701172 0.927734 0.703125 0.925781 0.703125 0.923828
0 0.857422 0.923828 0.853516 0.927734 0.853516 0.933594 0.855469 0.935547 0.855469 0.937500 0.859375 0.941406 0.863281 0.941406 0.867188 0.937500 0.867188 0.935547 0.863281 0.931641 0.863281 0.927734 0.859375 0.923828
0 0.609375 0.931641 0.601562 0.939453 0.607422 0.945312 0.609375 0.945312 0.611328 0.947266 0.617188 0.941406 0.617188 0.937500 0.611328 0.931641
0 0.591797 0.933594 0.582031 0.933594 0.576172 0.937500 0.576172 0.939453 0.574219 0.941406 0.578125 0.947266 0.578125 0.949219 0.576172 0.951172 0.576172 0.955078 0.578125 0.957031 0.583984 0.951172 0.585938 0.951172 0.595703 0.943359 0.595703 0.941406 0.597656 0.939453
0 0.707031 0.941406 0.705078 0.943359 0.705078 0.945312 0.707031 0.947266 0.708984 0.945312 0.708984 0.943359
1 0.777344 0.958984 0.779297 0.966797 0.791016 0.970703 0.802734 0.988281 0.812500 0.988281 0.818359 0.998047 0.826172 0.998047 0.830078 0.994141 0.826172 0.988281 0.818359 0.984375 0.822266 0.976562 0.822266 0.962891 0.814453 0.951172 0.810547 0.949219 0.802734 0.951172 0.794922 0.957031 0.781250 0.955078
0 0.941406 0.951172 0.937500 0.955078 0.937500 0.964844 0.943359 0.970703 0.947266 0.970703 0.953125 0.966797 0.953125 0.964844 0.955078 0.962891 0.955078 0.958984 0.953125 0.957031 0.953125 0.955078 0.949219 0.951172
0 0.525391 0.955078 0.523438 0.957031 0.523438 0.960938 0.525391 0.962891 0.529297 0.962891 0.531250 0.960938 0.531250 0.957031 0.529297 0.955078
0 0.908203 0.962891 0.906250 0.964844 0.908203 0.966797 0.910156 0.964844
0 0.617188 0.966797 0.613281 0.966797 0.611328 0.968750 0.611328 0.970703 0.615234 0.974609 0.619141 0.970703 0.619141 0.968750
0 0.494141 0.970703 0.492188 0.972656 0.494141 0.974609 0.496094 0.974609 0.498047 0.972656 0.496094 0.970703
0 0.890625 0.970703 0.884766 0.972656 0.882812 0.974609 0.880859 0.980469 0.876953 0.984375 0.884766 0.992188 0.888672 0.992188 0.892578 0.986328 0.892578 0.978516 0.890625 0.976562 0.892578 0.974609 0.892578 0.972656
0 0.457031 0.976562 0.455078 0.978516 0.455078 0.980469 0.457031 0.982422 0.458984 0.982422 0.460938 0.980469 0.460938 0.978516 0.458984 0.976562
0 0.847656 0.980469 0.843750 0.984375 0.843750 0.988281 0.845703 0.990234 0.845703 0.994141 0.847656 0.996094 0.847656 0.998047 0.859375 0.998047 0.855469 0.994141 0.855469 0.984375 0.851562 0.980469
0 0.515625 0.994141 0.515625 0.998047 0.537109 0.998047 0.537109 0.994141 0.535156 0.992188 0.535156 0.990234 0.529297 0.986328 0.523438 0.986328
0 0.945312 0.988281 0.943359 0.990234 0.945312 0.992188 0.947266 0.990234
0 0.472656 0.998047 0.468750 0.994141 0.464844 0.998047
0 0.597656 0.994141 0.597656 0.998047 0.605469 0.998047 0.603516 0.996094 0.603516 0.994141 0.601562 0.992188 0.599609 0.992188
0 0.906250 0.996094 0.906250 0.998047 0.916016 0.998047 0.916016 0.996094 0.912109 0.992188 0.910156 0.992188
1 0.757812 0.998047 0.765625 0.998047 0.763672 0.996094 0.759766 0.996094
