1 0.000000 0.052734 0.041016 0.152344 0.000000 0.154297 0.003906 0.414062 0.101562 0.384766 0.033203 0.462891 0.000000 0.423828 0.048828 0.564453 0.011719 0.746094 0.101562 0.638672 0.232422 0.666016 0.207031 0.736328 0.267578 0.738281 0.267578 0.804688 0.162109 0.830078 0.181641 0.906250 0.287109 0.843750 0.355469 0.949219 0.283203 0.998047 0.369141 0.998047 0.408203 0.927734 0.474609 0.951172 0.410156 0.998047 0.556641 0.976562 0.435547 0.904297 0.384766 0.927734 0.318359 0.837891 0.380859 0.841797 0.373047 0.771484 0.439453 0.785156 0.339844 0.728516 0.443359 0.728516 0.332031 0.562500 0.332031 0.658203 0.087891 0.611328 0.164062 0.486328 0.244141 0.449219 0.210938 0.453125 0.236328 0.375000 0.050781 0.287109 0.144531 0.181641 0.083984 0.070312
0 0.707031 0.121094 0.705078 0.123047 0.705078 0.125000 0.707031 0.126953 0.708984 0.125000 0.708984 0.123047
0 0.085938 0.220703 0.083984 0.222656 0.085938 0.224609 0.087891 0.222656
1 0.269531 0.289062 0.267578 0.287109 0.263672 0.287109 0.255859 0.294922 0.250000 0.291016 0.246094 0.294922 0.246094 0.296875 0.248047 0.298828 0.250000 0.298828 0.251953 0.296875 0.253906 0.296875 0.257812 0.292969 0.259766 0.294922 0.265625 0.296875 0.269531 0.292969
0 0.287109 0.285156 0.283203 0.289062 0.283203 0.291016 0.285156 0.292969 0.287109 0.292969 0.291016 0.289062
0 0.207031 0.298828 0.205078 0.300781 0.207031 0.302734 0.208984 0.302734 0.210938 0.300781 0.208984 0.298828
0 0.201172 0.310547 0.199219 0.312500 0.201172 0.314453 0.203125 0.314453 0.205078 0.312500 0.203125 0.310547
0 0.941406 0.345703 0.937500 0.341797 0.931641 0.341797 0.925781 0.347656 0.925781 0.353516 0.927734 0.355469 0.935547 0.355469 0.941406 0.349609
0 0.333984 0.343750 0.332031 0.345703 0.332031 0.347656 0.333984 0.349609 0.335938 0.347656 0.335938 0.345703
0 0.320312 0.351562 0.318359 0.353516 0.320312 0.355469 0.322266 0.353516
0 0.611328 0.371094 0.609375 0.373047 0.609375 0.375000 0.613281 0.378906 0.615234 0.378906 0.617188 0.376953 0.617188 0.373047 0.615234 0.371094
1 0.341797 0.376953 0.341797 0.380859 0.343750 0.382812 0.347656 0.382812 0.353516 0.388672 0.355469 0.388672 0.359375 0.384766 0.359375 0.382812 0.357422 0.380859 0.355469 0.380859 0.353516 0.382812 0.351562 0.382812 0.343750 0.375000
1 0.324219 0.402344 0.320312 0.408203 0.335938 0.419922 0.320312 0.435547 0.347656 0.457031 0.345703 0.470703 0.355469 0.492188 0.351562 0.501953 0.365234 0.517578 0.375000 0.546875 0.371094 0.552734 0.375000 0.564453 0.361328 0.574219 0.369141 0.580078 0.367188 0.591797 0.384766 0.572266 0.376953 0.529297 0.369141 0.509766 0.369141 0.492188 0.359375 0.480469 0.359375 0.470703 0.373047 0.455078 0.373047 0.449219 0.365234 0.445312 0.353516 0.453125 0.343750 0.439453 0.363281 0.421875 0.365234 0.416016 0.361328 0.412109 0.345703 0.414062 0.335938 0.404297
0 0.906250 0.419922 0.900391 0.425781 0.900391 0.431641 0.906250 0.437500 0.912109 0.437500 0.917969 0.431641 0.917969 0.427734 0.912109 0.421875 0.910156 0.421875 0.908203 0.419922
0 0.310547 0.447266 0.308594 0.449219 0.308594 0.451172 0.310547 0.453125 0.312500 0.453125 0.314453 0.455078 0.318359 0.451172 0.318359 0.449219 0.316406 0.447266
0 0.576172 0.476562 0.572266 0.472656 0.570312 0.472656 0.568359 0.470703 0.566406 0.470703 0.564453 0.472656 0.560547 0.472656 0.556641 0.476562 0.556641 0.480469 0.560547 0.486328 0.568359 0.486328 0.570312 0.484375 0.572266 0.484375 0.576172 0.480469
0 0.865234 0.511719 0.861328 0.515625 0.861328 0.517578 0.865234 0.521484 0.867188 0.519531 0.867188 0.517578 0.869141 0.515625
0 0.421875 0.523438 0.417969 0.527344 0.419922 0.529297 0.421875 0.529297 0.423828 0.527344 0.423828 0.525391
0 0.453125 0.531250 0.451172 0.533203 0.451172 0.535156 0.453125 0.537109 0.455078 0.535156 0.455078 0.533203
0 0.519531 0.574219 0.517578 0.576172 0.519531 0.578125 0.521484 0.578125 0.523438 0.576172 0.521484 0.574219
0 0.482422 0.585938 0.478516 0.585938 0.476562 0.587891 0.476562 0.591797 0.480469 0.595703 0.484375 0.591797 0.484375 0.587891
0 0.589844 0.585938 0.585938 0.589844 0.585938 0.593750 0.587891 0.595703 0.591797 0.595703 0.593750 0.593750 0.593750 0.589844
0 0.810547 0.585938 0.808594 0.587891 0.808594 0.589844 0.810547 0.591797 0.812500 0.589844 0.812500 0.587891
1 0.605469 0.601562 0.603516 0.603516 0.605469 0.605469 0.605469 0.607422 0.607422 0.609375 0.607422 0.611328 0.603516 0.615234 0.603516 0.617188 0.605469 0.619141 0.607422 0.619141 0.611328 0.615234 0.611328 0.611328 0.609375 0.609375 0.609375 0.607422 0.607422 0.605469 0.607422 0.603516
0 0.574219 0.607422 0.572266 0.609375 0.576172 0.613281 0.578125 0.611328 0.578125 0.609375 0.576172 0.607422
1 0.468750 0.617188 0.466797 0.619141 0.468750 0.621094 0.464844 0.625000 0.466797 0.626953 0.468750 0.625000 0.466797 0.623047 0.470703 0.619141
0 0.701172 0.617188 0.695312 0.623047 0.695312 0.628906 0.697266 0.630859 0.699219 0.630859 0.703125 0.626953 0.703125 0.619141
0 0.953125 0.617188 0.951172 0.619141 0.951172 0.623047 0.953125 0.625000 0.957031 0.625000 0.958984 0.623047 0.958984 0.621094 0.955078 0.617188
0 0.953125 0.630859 0.945312 0.638672 0.945312 0.642578 0.947266 0.644531 0.949219 0.644531 0.951172 0.646484 0.955078 0.646484 0.960938 0.640625 0.960938 0.638672
0 0.330078 0.642578 0.328125 0.640625 0.328125 0.638672 0.324219 0.634766 0.322266 0.634766 0.320312 0.632812 0.318359 0.634766 0.316406 0.634766 0.314453 0.636719 0.312500 0.636719 0.308594 0.640625 0.308594 0.642578 0.310547 0.644531 0.324219 0.644531 0.326172 0.646484
0 0.419922 0.632812 0.417969 0.634766 0.419922 0.636719 0.421875 0.634766
0 0.587891 0.634766 0.583984 0.638672 0.583984 0.642578 0.585938 0.644531 0.589844 0.644531 0.591797 0.642578 0.591797 0.638672
1 0.722656 0.636719 0.720703 0.638672 0.720703 0.644531 0.722656 0.646484 0.722656 0.652344 0.724609 0.654297 0.724609 0.662109 0.728516 0.666016 0.732422 0.662109 0.732422 0.658203 0.730469 0.656250 0.730469 0.648438 0.732422 0.646484 0.732422 0.644531 0.730469 0.642578 0.730469 0.640625 0.726562 0.636719
0 0.664062 0.646484 0.662109 0.648438 0.662109 0.652344 0.664062 0.654297 0.666016 0.654297 0.667969 0.652344 0.667969 0.650391
0 0.888672 0.650391 0.886719 0.650391 0.884766 0.652344 0.884766 0.654297 0.886719 0.656250 0.890625 0.652344
0 0.902344 0.654297 0.898438 0.658203 0.898438 0.664062 0.902344 0.667969 0.904297 0.667969 0.906250 0.669922 0.908203 0.669922 0.914062 0.664062 0.914062 0.658203 0.912109 0.656250 0.910156 0.656250 0.908203 0.654297
0 0.783203 0.669922 0.769531 0.681641 0.771484 0.705078 0.783203 0.718750 0.798828 0.720703 0.808594 0.710938 0.810547 0.685547 0.800781 0.673828 0.791016 0.669922
1 0.878906 0.671875 0.871094 0.671875 0.867188 0.677734 0.867188 0.679688 0.871094 0.683594 0.871094 0.689453 0.867188 0.695312 0.871094 0.701172 0.873047 0.701172 0.876953 0.697266 0.876953 0.691406 0.878906 0.689453 0.880859 0.683594 0.884766 0.679688 0.884766 0.677734
0 0.603516 0.675781 0.599609 0.679688 0.599609 0.683594 0.601562 0.685547 0.605469 0.685547 0.607422 0.683594 0.607422 0.681641 0.605469 0.679688 0.605469 0.677734
0 0.449219 0.683594 0.447266 0.685547 0.447266 0.687500 0.449219 0.689453 0.451172 0.687500 0.451172 0.685547
0 0.498047 0.699219 0.496094 0.701172 0.494141 0.701172 0.492188 0.703125 0.492188 0.708984 0.494141 0.710938 0.496094 0.710938 0.500000 0.707031 0.500000 0.701172
0 0.697266 0.705078 0.697266 0.708984 0.701172 0.712891 0.705078 0.712891 0.707031 0.714844 0.712891 0.714844 0.714844 0.712891 0.714844 0.708984 0.708984 0.703125 0.707031 0.703125 0.705078 0.701172 0.701172 0.701172
0 0.578125 0.712891 0.574219 0.712891 0.572266 0.714844 0.572266 0.716797 0.576172 0.720703 0.580078 0.716797 0.580078 0.714844
1 0.648438 0.722656 0.646484 0.724609 0.646484 0.726562 0.650391 0.730469 0.644531 0.736328 0.644531 0.740234 0.642578 0.742188 0.646484 0.746094 0.652344 0.740234 0.652344 0.732422 0.650391 0.730469 0.652344 0.728516 0.652344 0.726562
0 0.490234 0.726562 0.488281 0.728516 0.490234 0.730469 0.492188 0.730469 0.494141 0.728516 0.492188 0.726562
0 0.527344 0.730469 0.525391 0.732422 0.525391 0.746094 0.527344 0.748047 0.539062 0.748047 0.541016 0.746094 0.541016 0.740234 0.539062 0.738281 0.537109 0.738281 0.529297 0.730469
0 0.474609 0.734375 0.464844 0.734375 0.445312 0.742188 0.445312 0.748047 0.451172 0.753906 0.457031 0.753906 0.460938 0.757812 0.457031 0.763672 0.458984 0.765625 0.460938 0.763672 0.458984 0.761719 0.470703 0.750000 0.478516 0.757812 0.482422 0.757812 0.486328 0.753906 0.480469 0.744141 0.480469 0.740234
0 0.623047 0.734375 0.619141 0.738281 0.619141 0.740234 0.623047 0.744141 0.626953 0.740234 0.626953 0.738281
0 0.429688 0.738281 0.427734 0.740234 0.427734 0.742188 0.431641 0.746094 0.435547 0.742188 0.431641 0.738281
0 0.500000 0.738281 0.498047 0.740234 0.496094 0.740234 0.494141 0.742188 0.494141 0.744141 0.492188 0.746094 0.492188 0.748047 0.496094 0.751953 0.500000 0.751953 0.503906 0.748047 0.503906 0.742188
0 0.582031 0.740234 0.580078 0.742188 0.580078 0.744141 0.578125 0.746094 0.578125 0.748047 0.582031 0.751953 0.583984 0.751953 0.587891 0.748047 0.587891 0.744141 0.583984 0.740234
0 0.601562 0.744141 0.599609 0.746094 0.601562 0.748047 0.603516 0.746094
0 0.830078 0.742188 0.828125 0.744141 0.828125 0.746094 0.830078 0.748047 0.832031 0.748047 0.833984 0.746094 0.833984 0.744141 0.832031 0.742188
0 0.976562 0.751953 0.972656 0.755859 0.972656 0.759766 0.978516 0.765625 0.982422 0.765625 0.986328 0.761719 0.986328 0.755859 0.982422 0.751953
0 0.740234 0.753906 0.736328 0.757812 0.736328 0.761719 0.740234 0.765625 0.744141 0.765625 0.748047 0.761719 0.748047 0.757812 0.744141 0.753906
0 0.537109 0.773438 0.535156 0.775391 0.535156 0.777344 0.537109 0.779297 0.539062 0.777344 0.539062 0.775391
0 0.693359 0.777344 0.691406 0.777344 0.687500 0.781250 0.691406 0.785156 0.695312 0.781250 0.695312 0.779297
1 0.845703 0.785156 0.847656 0.787109 0.849609 0.787109 0.851562 0.789062 0.855469 0.789062 0.857422 0.791016 0.859375 0.789062 0.859375 0.787109 0.857422 0.785156 0.855469 0.785156 0.853516 0.783203 0.851562 0.783203 0.849609 0.781250
0 0.507812 0.785156 0.505859 0.787109 0.503906 0.787109 0.500000 0.792969 0.503906 0.796875 0.503906 0.798828 0.507812 0.802734 0.511719 0.802734 0.515625 0.798828 0.515625 0.796875 0.517578 0.794922 0.517578 0.792969 0.509766 0.785156
1 0.699219 0.789062 0.691406 0.796875 0.691406 0.800781 0.693359 0.804688 0.701172 0.810547 0.701172 0.818359 0.703125 0.822266 0.710938 0.828125 0.712891 0.826172 0.716797 0.826172 0.720703 0.820312 0.720703 0.812500 0.710938 0.804688 0.710938 0.798828 0.708984 0.794922 0.705078 0.791016
0 0.527344 0.792969 0.523438 0.792969 0.521484 0.794922 0.525391 0.798828 0.529297 0.794922
0 0.826172 0.794922 0.824219 0.796875 0.824219 0.798828 0.822266 0.800781 0.824219 0.802734 0.824219 0.804688 0.830078 0.810547 0.833984 0.810547 0.835938 0.808594 0.835938 0.806641 0.837891 0.804688 0.828125 0.794922
0 0.947266 0.798828 0.945312 0.800781 0.945312 0.804688 0.947266 0.806641 0.951172 0.806641 0.953125 0.804688 0.953125 0.800781 0.951172 0.798828
1 0.423828 0.802734 0.421875 0.800781 0.417969 0.800781 0.414062 0.804688 0.412109 0.804688 0.410156 0.806641 0.406250 0.806641 0.404297 0.808594 0.400391 0.808594 0.396484 0.812500 0.400391 0.818359 0.402344 0.818359 0.404297 0.816406 0.408203 0.816406 0.410156 0.814453 0.416016 0.812500 0.423828 0.804688
0 0.859375 0.802734 0.855469 0.806641 0.855469 0.808594 0.859375 0.812500 0.863281 0.808594 0.863281 0.806641
0 0.476562 0.814453 0.474609 0.816406 0.476562 0.818359 0.478516 0.816406
1 0.994141 0.830078 0.988281 0.826172 0.986328 0.826172 0.984375 0.828125 0.974609 0.828125 0.970703 0.832031 0.970703 0.835938 0.976562 0.839844 0.980469 0.835938 0.986328 0.835938 0.988281 0.837891 0.990234 0.837891 0.994141 0.833984
0 0.539062 0.861328 0.531250 0.867188 0.531250 0.878906 0.529297 0.880859 0.531250 0.882812 0.529297 0.886719 0.531250 0.892578 0.523438 0.904297 0.525391 0.910156 0.531250 0.914062 0.537109 0.912109 0.548828 0.898438 0.554688 0.896484 0.560547 0.890625 0.560547 0.884766 0.550781 0.875000 0.544922 0.865234
1 0.923828 0.865234 0.919922 0.865234 0.917969 0.867188 0.916016 0.867188 0.914062 0.869141 0.914062 0.871094 0.910156 0.875000 0.908203 0.875000 0.902344 0.880859 0.902344 0.882812 0.908203 0.888672 0.912109 0.888672 0.916016 0.884766 0.916016 0.880859 0.927734 0.869141
1 0.605469 0.882812 0.607422 0.896484 0.615234 0.902344 0.623047 0.900391 0.628906 0.894531 0.648438 0.912109 0.646484 0.914062 0.648438 0.916016 0.654297 0.916016 0.660156 0.910156 0.658203 0.900391 0.660156 0.888672 0.656250 0.884766 0.644531 0.882812 0.632812 0.890625 0.621094 0.878906 0.615234 0.876953
0 0.681641 0.882812 0.679688 0.882812 0.673828 0.888672 0.673828 0.892578 0.677734 0.896484 0.681641 0.896484 0.683594 0.894531 0.685547 0.894531 0.687500 0.892578 0.687500 0.888672
0 0.462891 0.892578 0.455078 0.892578 0.449219 0.898438 0.449219 0.908203 0.451172 0.910156 0.457031 0.910156 0.462891 0.904297 0.462891 0.900391 0.464844 0.898438 0.464844 0.894531
0 0.503906 0.896484 0.501953 0.896484 0.496094 0.902344 0.496094 0.904297 0.498047 0.906250 0.498047 0.908203 0.500000 0.910156 0.503906 0.910156 0.507812 0.906250 0.507812 0.900391
0 0.712891 0.898438 0.708984 0.898438 0.705078 0.902344 0.705078 0.904297 0.708984 0.908203 0.714844 0.902344 0.714844 0.900391
0 0.480469 0.910156 0.476562 0.914062 0.476562 0.916016 0.480469 0.919922 0.486328 0.919922 0.488281 0.917969 0.488281 0.912109 0.486328 0.910156
0 0.751953 0.912109 0.750000 0.914062 0.751953 0.916016 0.753906 0.914062
0 0.544922 0.917969 0.539062 0.923828 0.539062 0.927734 0.544922 0.933594 0.550781 0.933594 0.554688 0.929688 0.554688 0.921875 0.550781 0.917969
0 0.609375 0.917969 0.601562 0.921875 0.597656 0.925781 0.597656 0.935547 0.607422 0.943359 0.615234 0.943359 0.623047 0.939453 0.630859 0.931641 0.628906 0.925781 0.621094 0.919922 0.615234 0.919922 0.613281 0.917969
0 0.675781 0.929688 0.679688 0.935547 0.681641 0.933594 0.683594 0.933594 0.691406 0.941406 0.699219 0.941406 0.703125 0.935547 0.703125 0.929688 0.697266 0.923828 0.691406 0.923828 0.689453 0.925781 0.685547 0.925781 0.683594 0.927734 0.681641 0.927734 0.679688 0.925781
0 0.873047 0.929688 0.871094 0.931641 0.869141 0.931641 0.865234 0.935547 0.865234 0.937500 0.867188 0.939453 0.867188 0.941406 0.869141 0.943359 0.869141 0.945312 0.871094 0.947266 0.873047 0.947266 0.875000 0.949219 0.876953 0.949219 0.880859 0.945312 0.880859 0.937500
0 0.583984 0.935547 0.580078 0.935547 0.568359 0.947266 0.568359 0.953125 0.572266 0.957031 0.574219 0.957031 0.576172 0.958984 0.580078 0.958984 0.585938 0.953125 0.585938 0.937500
0 0.814453 0.949219 0.810547 0.953125 0.810547 0.957031 0.814453 0.960938 0.820312 0.960938 0.824219 0.957031 0.824219 0.955078 0.818359 0.949219
0 0.216797 0.955078 0.214844 0.957031 0.216797 0.958984 0.218750 0.957031
0 0.416016 0.955078 0.414062 0.957031 0.414062 0.958984 0.412109 0.960938 0.412109 0.962891 0.416016 0.966797 0.419922 0.966797 0.423828 0.962891 0.423828 0.958984 0.419922 0.955078
0 0.294922 0.958984 0.291016 0.962891 0.291016 0.964844 0.289062 0.966797 0.291016 0.968750 0.291016 0.972656 0.294922 0.976562 0.298828 0.976562 0.302734 0.972656 0.302734 0.962891 0.298828 0.958984
0 0.443359 0.958984 0.441406 0.960938 0.441406 0.962891 0.445312 0.966797 0.449219 0.962891 0.445312 0.958984
0 0.884766 0.964844 0.876953 0.958984 0.855469 0.962891 0.849609 0.966797 0.841797 0.964844 0.837891 0.968750 0.839844 0.992188 0.845703 0.998047 0.857422 0.998047 0.855469 0.996094 0.861328 0.988281 0.861328 0.982422 0.867188 0.978516 0.875000 0.984375 0.882812 0.976562
0 0.398438 0.966797 0.396484 0.964844 0.394531 0.964844 0.390625 0.968750 0.392578 0.970703 0.396484 0.970703 0.398438 0.968750
1 0.628906 0.998047 0.621094 0.988281 0.623047 0.986328 0.623047 0.976562 0.617188 0.970703 0.611328 0.968750 0.601562 0.974609 0.585938 0.974609 0.572266 0.988281 0.576172 0.998047
0 0.898438 0.984375 0.896484 0.984375 0.892578 0.988281 0.892578 0.990234 0.896484 0.994141 0.898438 0.992188 0.900391 0.992188 0.902344 0.990234 0.902344 0.988281
