0 0.810547 0.015625 0.808594 0.017578 0.808594 0.019531 0.810547 0.021484 0.812500 0.019531 0.812500 0.017578
0 0.859375 0.099609 0.857422 0.101562 0.859375 0.103516 0.861328 0.103516 0.863281 0.101562 0.861328 0.099609
1 0.000000 0.126953 0.000000 0.164062 0.001953 0.162109 0.001953 0.148438 0.003906 0.146484 0.003906 0.140625 0.001953 0.138672 0.001953 0.128906
0 0.884766 0.212891 0.880859 0.216797 0.884766 0.220703 0.888672 0.216797
0 0.050781 0.218750 0.046875 0.214844 0.042969 0.218750 0.044922 0.220703 0.048828 0.220703
0 0.144531 0.214844 0.142578 0.216797 0.142578 0.218750 0.144531 0.220703 0.146484 0.220703 0.148438 0.218750 0.148438 0.216797 0.146484 0.214844
0 0.164062 0.216797 0.162109 0.218750 0.162109 0.220703 0.164062 0.222656 0.166016 0.222656 0.167969 0.220703 0.167969 0.218750 0.166016 0.216797
1 0.000000 0.224609 0.015625 0.628906 0.091797 0.679688 0.125000 0.888672 0.187500 0.816406 0.306641 0.818359 0.332031 0.947266 0.242188 0.998047 0.392578 0.998047 0.574219 0.910156 0.529297 0.867188 0.464844 0.951172 0.355469 0.955078 0.314453 0.816406 0.177734 0.794922 0.250000 0.714844 0.332031 0.716797 0.335938 0.789062 0.441406 0.699219 0.380859 0.664062 0.355469 0.708984 0.251953 0.695312 0.283203 0.664062 0.230469 0.642578 0.234375 0.593750 0.335938 0.505859 0.335938 0.443359 0.271484 0.375000 0.337891 0.367188 0.406250 0.460938 0.355469 0.351562 0.242188 0.345703 0.121094 0.400391 0.060547 0.332031 0.091797 0.240234 0.023438 0.287109
0 0.171875 0.230469 0.169922 0.232422 0.169922 0.234375 0.171875 0.236328 0.173828 0.234375 0.173828 0.232422
0 0.136719 0.236328 0.132812 0.240234 0.132812 0.244141 0.134766 0.246094 0.136719 0.246094 0.146484 0.255859 0.150391 0.255859 0.152344 0.253906 0.150391 0.251953 0.150391 0.248047 0.154297 0.242188 0.152344 0.240234 0.150391 0.240234 0.146484 0.244141 0.144531 0.244141
0 0.216797 0.236328 0.212891 0.240234 0.216797 0.244141 0.220703 0.240234
1 0.257812 0.244141 0.253906 0.240234 0.250000 0.240234 0.246094 0.244141 0.246094 0.248047 0.244141 0.250000 0.244141 0.251953 0.240234 0.255859 0.238281 0.255859 0.236328 0.257812 0.234375 0.257812 0.230469 0.261719 0.228516 0.261719 0.220703 0.269531 0.216797 0.269531 0.210938 0.273438 0.210938 0.275391 0.207031 0.279297 0.207031 0.285156 0.208984 0.287109 0.212891 0.283203 0.216797 0.283203 0.228516 0.273438 0.230469 0.273438 0.250000 0.253906 0.253906 0.253906 0.257812 0.250000
1 0.187500 0.248047 0.185547 0.250000 0.185547 0.251953 0.189453 0.255859 0.195312 0.257812 0.199219 0.261719 0.199219 0.267578 0.201172 0.269531 0.203125 0.269531 0.205078 0.267578 0.205078 0.263672 0.201172 0.257812 0.201172 0.250000 0.199219 0.248047
1 0.300781 0.287109 0.296875 0.281250 0.294922 0.281250 0.292969 0.279297 0.287109 0.279297 0.285156 0.281250 0.283203 0.281250 0.279297 0.285156 0.277344 0.285156 0.271484 0.289062 0.273438 0.291016 0.283203 0.291016 0.285156 0.292969 0.287109 0.291016 0.289062 0.292969 0.294922 0.294922 0.300781 0.289062
0 0.564453 0.281250 0.562500 0.283203 0.564453 0.285156 0.566406 0.283203
1 0.263672 0.291016 0.261719 0.289062 0.253906 0.289062 0.246094 0.296875 0.242188 0.296875 0.238281 0.300781 0.238281 0.302734 0.242188 0.306641 0.246094 0.306641 0.248047 0.304688 0.250000 0.298828 0.253906 0.294922 0.257812 0.294922
0 0.978516 0.298828 0.974609 0.302734 0.974609 0.304688 0.976562 0.306641 0.980469 0.302734 0.980469 0.300781
0 0.941406 0.357422 0.937500 0.361328 0.937500 0.363281 0.941406 0.367188 0.943359 0.367188 0.945312 0.365234 0.945312 0.361328
0 0.966797 0.365234 0.962891 0.369141 0.962891 0.371094 0.966797 0.375000 0.968750 0.375000 0.972656 0.371094 0.972656 0.369141 0.968750 0.365234
0 0.455078 0.406250 0.453125 0.406250 0.447266 0.412109 0.447266 0.416016 0.451172 0.419922 0.453125 0.419922 0.457031 0.416016 0.457031 0.408203
0 0.187500 0.414062 0.183594 0.417969 0.183594 0.421875 0.181641 0.423828 0.181641 0.427734 0.183594 0.429688 0.179688 0.435547 0.179688 0.439453 0.181641 0.441406 0.187500 0.441406 0.189453 0.439453 0.193359 0.443359 0.195312 0.443359 0.197266 0.441406 0.197266 0.437500 0.191406 0.431641 0.191406 0.425781 0.189453 0.423828 0.189453 0.416016
0 0.281250 0.414062 0.279297 0.416016 0.281250 0.417969 0.283203 0.416016
0 0.421875 0.423828 0.419922 0.425781 0.419922 0.427734 0.421875 0.429688 0.423828 0.427734 0.423828 0.425781
0 0.806641 0.425781 0.802734 0.425781 0.798828 0.429688 0.798828 0.435547 0.802734 0.439453 0.804688 0.439453 0.810547 0.433594 0.810547 0.429688
0 0.992188 0.437500 0.990234 0.437500 0.986328 0.441406 0.986328 0.443359 0.988281 0.445312 0.992188 0.445312 0.994141 0.443359 0.994141 0.439453
0 0.203125 0.451172 0.201172 0.453125 0.201172 0.455078 0.199219 0.457031 0.203125 0.460938 0.205078 0.460938 0.207031 0.458984 0.207031 0.453125 0.205078 0.451172
0 0.857422 0.460938 0.853516 0.458984 0.843750 0.458984 0.832031 0.468750 0.832031 0.472656 0.830078 0.474609 0.830078 0.484375 0.833984 0.490234 0.837891 0.492188 0.845703 0.492188 0.849609 0.490234 0.861328 0.478516 0.861328 0.466797
0 0.443359 0.462891 0.437500 0.468750 0.437500 0.470703 0.439453 0.472656 0.441406 0.472656 0.443359 0.474609 0.445312 0.474609 0.449219 0.470703 0.449219 0.466797 0.445312 0.462891
0 0.220703 0.474609 0.212891 0.478516 0.207031 0.486328 0.207031 0.488281 0.212891 0.494141 0.210938 0.501953 0.208984 0.503906 0.210938 0.505859 0.212891 0.505859 0.216797 0.501953 0.224609 0.505859 0.228516 0.500000 0.228516 0.498047 0.224609 0.494141 0.222656 0.496094 0.216797 0.488281 0.224609 0.480469 0.224609 0.478516
0 0.414062 0.474609 0.410156 0.478516 0.410156 0.482422 0.414062 0.486328 0.417969 0.486328 0.421875 0.482422 0.421875 0.478516 0.419922 0.476562 0.417969 0.476562 0.416016 0.474609
0 0.371094 0.476562 0.369141 0.478516 0.371094 0.480469 0.369141 0.482422 0.369141 0.484375 0.373047 0.488281 0.375000 0.488281 0.376953 0.486328 0.376953 0.482422
1 0.355469 0.484375 0.351562 0.488281 0.351562 0.496094 0.349609 0.498047 0.349609 0.501953 0.351562 0.503906 0.351562 0.505859 0.355469 0.509766 0.355469 0.511719 0.357422 0.513672 0.359375 0.513672 0.363281 0.509766 0.361328 0.507812 0.361328 0.503906 0.359375 0.501953 0.359375 0.498047 0.357422 0.496094 0.359375 0.494141 0.359375 0.486328 0.357422 0.484375
0 0.726562 0.488281 0.722656 0.492188 0.726562 0.496094 0.730469 0.492188
0 0.386719 0.494141 0.382812 0.498047 0.382812 0.505859 0.386719 0.515625 0.390625 0.519531 0.396484 0.519531 0.406250 0.529297 0.412109 0.529297 0.414062 0.531250 0.417969 0.527344 0.416016 0.523438 0.421875 0.515625 0.421875 0.511719 0.414062 0.503906 0.416016 0.498047 0.408203 0.494141 0.398438 0.501953 0.392578 0.496094
0 0.718750 0.500000 0.716797 0.501953 0.716797 0.509766 0.718750 0.511719 0.720703 0.511719 0.722656 0.509766 0.722656 0.501953 0.720703 0.500000
0 0.828125 0.519531 0.824219 0.523438 0.824219 0.525391 0.828125 0.529297 0.832031 0.529297 0.835938 0.525391 0.835938 0.523438 0.832031 0.519531
0 0.250000 0.525391 0.248047 0.525391 0.244141 0.529297 0.244141 0.531250 0.246094 0.533203 0.248047 0.533203 0.251953 0.529297 0.251953 0.527344
1 0.394531 0.533203 0.386719 0.525391 0.357422 0.537109 0.351562 0.558594 0.322266 0.544922 0.314453 0.570312 0.279297 0.597656 0.279297 0.611328 0.320312 0.617188 0.318359 0.605469 0.333984 0.591797 0.347656 0.593750 0.363281 0.564453 0.390625 0.550781
0 0.156250 0.535156 0.152344 0.539062 0.154297 0.541016 0.158203 0.537109
0 0.259766 0.537109 0.255859 0.537109 0.253906 0.539062 0.253906 0.542969 0.257812 0.546875 0.261719 0.542969 0.261719 0.539062
0 0.789062 0.544922 0.785156 0.541016 0.781250 0.544922 0.783203 0.546875 0.787109 0.546875
0 0.810547 0.541016 0.806641 0.544922 0.806641 0.546875 0.810547 0.550781 0.812500 0.550781 0.814453 0.548828 0.814453 0.542969 0.812500 0.541016
0 0.597656 0.542969 0.593750 0.544922 0.589844 0.550781 0.589844 0.564453 0.593750 0.570312 0.593750 0.580078 0.601562 0.589844 0.607422 0.589844 0.611328 0.587891 0.615234 0.582031 0.615234 0.564453 0.619141 0.558594 0.619141 0.554688 0.613281 0.546875 0.603516 0.542969
0 0.855469 0.546875 0.853516 0.548828 0.853516 0.550781 0.855469 0.552734 0.859375 0.552734 0.861328 0.550781 0.857422 0.546875
0 0.824219 0.552734 0.822266 0.554688 0.820312 0.554688 0.818359 0.556641 0.818359 0.560547 0.824219 0.566406 0.826172 0.566406 0.830078 0.562500 0.830078 0.556641 0.826172 0.552734
0 0.169922 0.554688 0.166016 0.554688 0.164062 0.556641 0.162109 0.556641 0.160156 0.558594 0.160156 0.564453 0.164062 0.568359 0.166016 0.568359 0.167969 0.566406 0.167969 0.562500 0.171875 0.558594 0.171875 0.556641
0 0.392578 0.556641 0.390625 0.558594 0.390625 0.566406 0.394531 0.570312 0.396484 0.570312 0.400391 0.566406 0.400391 0.560547 0.396484 0.556641
0 0.710938 0.560547 0.707031 0.564453 0.707031 0.566406 0.708984 0.568359 0.710938 0.568359 0.714844 0.564453
0 0.462891 0.572266 0.460938 0.574219 0.460938 0.576172 0.462891 0.578125 0.464844 0.578125 0.466797 0.576172 0.466797 0.574219 0.464844 0.572266
0 0.994141 0.574219 0.988281 0.572266 0.982422 0.578125 0.982422 0.582031 0.984375 0.583984 0.974609 0.593750 0.978516 0.597656 0.980469 0.597656 0.988281 0.587891 0.998047 0.585938 0.998047 0.578125
0 0.570312 0.583984 0.564453 0.591797 0.564453 0.599609 0.568359 0.607422 0.572266 0.611328 0.576172 0.613281 0.582031 0.613281 0.587891 0.609375 0.589844 0.605469 0.589844 0.597656 0.585938 0.589844 0.580078 0.583984
1 0.111328 0.589844 0.109375 0.587891 0.107422 0.587891 0.105469 0.589844 0.101562 0.589844 0.099609 0.591797 0.101562 0.593750 0.103516 0.593750 0.105469 0.591797 0.109375 0.591797
1 0.476562 0.591797 0.478516 0.593750 0.480469 0.593750 0.482422 0.591797 0.486328 0.591797 0.488281 0.589844 0.486328 0.587891 0.484375 0.587891 0.482422 0.589844 0.480469 0.587891
0 0.648438 0.587891 0.644531 0.591797 0.644531 0.595703 0.648438 0.599609 0.650391 0.599609 0.652344 0.597656 0.652344 0.595703 0.654297 0.593750 0.654297 0.591797 0.650391 0.587891
0 0.453125 0.589844 0.451172 0.589844 0.445312 0.595703 0.449219 0.599609 0.453125 0.599609 0.457031 0.595703 0.457031 0.593750
0 0.849609 0.595703 0.847656 0.597656 0.847656 0.601562 0.849609 0.603516 0.853516 0.599609
0 0.429688 0.601562 0.425781 0.605469 0.425781 0.607422 0.429688 0.611328 0.431641 0.611328 0.433594 0.609375 0.433594 0.607422 0.435547 0.605469 0.431641 0.601562
0 0.384766 0.611328 0.382812 0.613281 0.382812 0.615234 0.384766 0.617188 0.386719 0.617188 0.388672 0.615234 0.388672 0.613281 0.386719 0.611328
0 0.492188 0.611328 0.490234 0.611328 0.484375 0.617188 0.484375 0.623047 0.486328 0.625000 0.486328 0.626953 0.476562 0.634766 0.480469 0.638672 0.486328 0.630859 0.494141 0.630859 0.498047 0.626953 0.498047 0.619141
0 0.623047 0.621094 0.623047 0.630859 0.625000 0.634766 0.630859 0.638672 0.642578 0.638672 0.646484 0.634766 0.654297 0.632812 0.658203 0.628906 0.658203 0.621094 0.654297 0.617188 0.648438 0.617188 0.640625 0.611328 0.632812 0.611328 0.628906 0.613281
0 0.744141 0.609375 0.742188 0.611328 0.744141 0.613281 0.746094 0.613281 0.748047 0.611328 0.746094 0.609375
0 0.937500 0.615234 0.935547 0.615234 0.933594 0.617188 0.931641 0.617188 0.929688 0.619141 0.929688 0.621094 0.927734 0.623047 0.927734 0.625000 0.933594 0.630859 0.937500 0.630859 0.943359 0.625000 0.943359 0.621094
0 0.421875 0.636719 0.419922 0.638672 0.421875 0.640625 0.423828 0.640625 0.425781 0.638672 0.423828 0.636719
0 0.755859 0.638672 0.753906 0.640625 0.753906 0.642578 0.755859 0.644531 0.757812 0.644531 0.759766 0.642578 0.759766 0.640625 0.757812 0.638672
0 0.337891 0.640625 0.335938 0.642578 0.335938 0.644531 0.332031 0.648438 0.332031 0.654297 0.330078 0.656250 0.330078 0.662109 0.332031 0.664062 0.335938 0.664062 0.341797 0.658203 0.341797 0.656250 0.343750 0.654297 0.343750 0.648438 0.341797 0.646484 0.341797 0.644531
0 0.457031 0.640625 0.455078 0.642578 0.455078 0.644531 0.457031 0.646484 0.458984 0.646484 0.460938 0.644531
0 0.564453 0.648438 0.562500 0.650391 0.562500 0.652344 0.564453 0.654297 0.566406 0.654297 0.568359 0.652344 0.568359 0.650391 0.566406 0.648438
1 0.615234 0.675781 0.615234 0.666016 0.609375 0.656250 0.599609 0.656250 0.591797 0.662109 0.574219 0.664062 0.568359 0.667969 0.554688 0.658203 0.546875 0.658203 0.541016 0.664062 0.541016 0.669922 0.554688 0.681641 0.562500 0.681641 0.574219 0.669922 0.583984 0.675781 0.595703 0.675781 0.603516 0.683594 0.611328 0.681641
0 0.470703 0.660156 0.466797 0.664062 0.468750 0.666016 0.468750 0.667969 0.470703 0.669922 0.474609 0.669922 0.478516 0.666016 0.472656 0.660156
0 0.732422 0.664062 0.730469 0.666016 0.730469 0.667969 0.732422 0.669922 0.734375 0.669922 0.736328 0.667969 0.736328 0.666016 0.734375 0.664062
0 0.673828 0.693359 0.671875 0.695312 0.673828 0.697266 0.675781 0.697266 0.677734 0.695312 0.675781 0.693359
0 0.945312 0.693359 0.937500 0.701172 0.935547 0.705078 0.935547 0.708984 0.937500 0.710938 0.935547 0.712891 0.943359 0.722656 0.953125 0.722656 0.960938 0.716797 0.962891 0.712891 0.962891 0.705078 0.958984 0.697266 0.955078 0.693359
0 0.628906 0.697266 0.625000 0.697266 0.621094 0.701172 0.621094 0.705078 0.625000 0.708984 0.626953 0.708984 0.632812 0.703125 0.632812 0.701172
0 0.546875 0.705078 0.539062 0.710938 0.539062 0.716797 0.537109 0.718750 0.537109 0.726562 0.546875 0.732422 0.550781 0.732422 0.556641 0.726562 0.556641 0.708984 0.552734 0.705078
0 0.664062 0.712891 0.656250 0.707031 0.648438 0.707031 0.636719 0.714844 0.632812 0.720703 0.636719 0.736328 0.630859 0.742188 0.623047 0.738281 0.613281 0.738281 0.603516 0.728516 0.601562 0.716797 0.599609 0.728516 0.589844 0.738281 0.593750 0.742188 0.601562 0.738281 0.605469 0.746094 0.601562 0.759766 0.597656 0.763672 0.589844 0.755859 0.583984 0.757812 0.585938 0.773438 0.591797 0.779297 0.597656 0.779297 0.603516 0.773438 0.623047 0.775391 0.630859 0.771484 0.638672 0.759766 0.636719 0.757812 0.638672 0.750000 0.650391 0.736328 0.656250 0.736328 0.669922 0.726562
0 0.453125 0.712891 0.449219 0.716797 0.453125 0.720703 0.455078 0.720703 0.458984 0.716797 0.455078 0.712891
0 0.462891 0.720703 0.470703 0.728516 0.480469 0.728516 0.484375 0.724609 0.486328 0.724609 0.488281 0.722656 0.486328 0.716797 0.482422 0.712891 0.470703 0.712891
0 0.490234 0.728516 0.490234 0.734375 0.496094 0.744141 0.496094 0.748047 0.494141 0.750000 0.498047 0.755859 0.501953 0.755859 0.505859 0.751953 0.503906 0.750000 0.503906 0.746094 0.509766 0.740234 0.511719 0.740234 0.515625 0.744141 0.513672 0.750000 0.515625 0.751953 0.515625 0.755859 0.519531 0.759766 0.525391 0.759766 0.533203 0.763672 0.537109 0.761719 0.535156 0.759766 0.537109 0.757812 0.533203 0.753906 0.533203 0.744141 0.521484 0.734375 0.515625 0.738281 0.511719 0.734375 0.517578 0.728516 0.523438 0.726562 0.527344 0.722656 0.527344 0.716797 0.523438 0.710938 0.515625 0.710938 0.503906 0.722656 0.496094 0.722656
0 0.730469 0.716797 0.726562 0.716797 0.720703 0.722656 0.720703 0.726562 0.726562 0.732422 0.728516 0.732422 0.734375 0.726562 0.734375 0.722656 0.732422 0.720703 0.732422 0.718750
1 0.486328 0.750000 0.474609 0.736328 0.466797 0.738281 0.460938 0.763672 0.443359 0.773438 0.400391 0.783203 0.390625 0.794922 0.388672 0.810547 0.394531 0.816406 0.416016 0.818359 0.421875 0.802734 0.437500 0.789062 0.468750 0.779297
0 0.939453 0.742188 0.935547 0.742188 0.927734 0.750000 0.927734 0.751953 0.929688 0.753906 0.929688 0.755859 0.933594 0.759766 0.937500 0.759766 0.943359 0.753906 0.943359 0.746094
0 0.826172 0.748047 0.822266 0.751953 0.824219 0.753906 0.824219 0.755859 0.826172 0.757812 0.830078 0.757812 0.832031 0.755859 0.832031 0.753906 0.833984 0.751953 0.830078 0.748047
0 0.908203 0.746094 0.906250 0.748047 0.906250 0.750000 0.910156 0.753906 0.912109 0.751953 0.912109 0.750000
0 0.935547 0.773438 0.935547 0.777344 0.937500 0.779297 0.939453 0.779297 0.947266 0.787109 0.953125 0.787109 0.957031 0.783203 0.957031 0.777344 0.955078 0.775391 0.955078 0.773438 0.949219 0.767578 0.943359 0.767578 0.939453 0.771484 0.937500 0.771484
0 0.798828 0.775391 0.794922 0.775391 0.791016 0.779297 0.791016 0.783203 0.796875 0.789062 0.798828 0.787109 0.800781 0.787109 0.802734 0.785156 0.802734 0.783203 0.804688 0.781250
1 0.472656 0.810547 0.472656 0.820312 0.482422 0.828125 0.478516 0.833984 0.480469 0.835938 0.484375 0.833984 0.482422 0.828125 0.494141 0.818359 0.498047 0.822266 0.498047 0.832031 0.505859 0.837891 0.511719 0.833984 0.523438 0.835938 0.533203 0.828125 0.542969 0.835938 0.560547 0.830078 0.566406 0.835938 0.564453 0.843750 0.580078 0.857422 0.587891 0.861328 0.593750 0.857422 0.595703 0.839844 0.580078 0.824219 0.580078 0.816406 0.576172 0.812500 0.552734 0.816406 0.544922 0.808594 0.541016 0.796875 0.525391 0.785156 0.513672 0.789062 0.500000 0.800781 0.492188 0.812500 0.484375 0.806641 0.476562 0.806641
0 0.611328 0.785156 0.609375 0.787109 0.611328 0.789062 0.613281 0.787109
0 0.861328 0.785156 0.859375 0.787109 0.861328 0.789062 0.863281 0.789062 0.865234 0.787109 0.863281 0.785156
0 0.312500 0.791016 0.310547 0.792969 0.310547 0.796875 0.312500 0.798828 0.316406 0.798828 0.318359 0.796875
0 0.582031 0.791016 0.578125 0.794922 0.578125 0.796875 0.582031 0.800781 0.583984 0.800781 0.585938 0.798828 0.585938 0.794922
0 0.837891 0.800781 0.833984 0.804688 0.833984 0.806641 0.837891 0.810547 0.841797 0.806641 0.841797 0.804688
0 0.871094 0.802734 0.867188 0.806641 0.867188 0.808594 0.871094 0.812500 0.873047 0.810547 0.873047 0.808594 0.875000 0.806641
0 0.888672 0.800781 0.886719 0.800781 0.882812 0.804688 0.882812 0.806641 0.886719 0.810547 0.890625 0.806641 0.890625 0.802734
0 0.759766 0.820312 0.755859 0.824219 0.755859 0.832031 0.759766 0.835938 0.761719 0.835938 0.763672 0.833984 0.763672 0.824219
0 0.412109 0.839844 0.410156 0.841797 0.412109 0.843750 0.414062 0.843750 0.416016 0.841797 0.414062 0.839844
0 0.962891 0.843750 0.960938 0.845703 0.960938 0.847656 0.962891 0.849609 0.964844 0.847656 0.964844 0.845703
0 0.986328 0.845703 0.984375 0.847656 0.986328 0.849609 0.988281 0.849609 0.990234 0.847656 0.988281 0.845703
0 0.560547 0.851562 0.556641 0.851562 0.554688 0.853516 0.552734 0.853516 0.550781 0.855469 0.550781 0.865234 0.552734 0.867188 0.560547 0.867188 0.566406 0.861328 0.566406 0.857422
0 0.931641 0.869141 0.925781 0.875000 0.925781 0.886719 0.931641 0.900391 0.951172 0.914062 0.960938 0.912109 0.964844 0.908203 0.968750 0.898438 0.966797 0.884766 0.953125 0.873047
1 0.828125 0.875000 0.826172 0.875000 0.824219 0.876953 0.824219 0.880859 0.816406 0.888672 0.816406 0.892578 0.820312 0.896484 0.824219 0.896484 0.828125 0.892578 0.828125 0.884766 0.832031 0.880859 0.832031 0.878906
0 0.406250 0.882812 0.404297 0.884766 0.402344 0.884766 0.398438 0.888672 0.398438 0.892578 0.404297 0.898438 0.406250 0.898438 0.408203 0.900391 0.410156 0.900391 0.416016 0.894531 0.416016 0.888672 0.412109 0.884766 0.408203 0.884766
0 0.625000 0.884766 0.623047 0.882812 0.619141 0.882812 0.615234 0.886719 0.615234 0.888672 0.617188 0.890625 0.621094 0.890625 0.625000 0.886719
0 0.785156 0.896484 0.779297 0.902344 0.779297 0.906250 0.783203 0.910156 0.785156 0.910156 0.791016 0.904297 0.791016 0.900391 0.789062 0.898438 0.787109 0.898438
0 0.695312 0.900391 0.693359 0.902344 0.693359 0.904297 0.691406 0.906250 0.693359 0.908203 0.693359 0.910156 0.697266 0.914062 0.701172 0.914062 0.705078 0.910156 0.705078 0.904297 0.701172 0.900391
0 0.853516 0.904297 0.849609 0.908203 0.849609 0.919922 0.855469 0.925781 0.857422 0.925781 0.861328 0.921875 0.861328 0.912109 0.859375 0.910156 0.859375 0.908203 0.855469 0.904297
0 0.375000 0.908203 0.373047 0.910156 0.373047 0.914062 0.375000 0.916016 0.376953 0.916016 0.378906 0.914062 0.378906 0.912109
0 0.419922 0.912109 0.417969 0.914062 0.419922 0.916016 0.421875 0.914062
0 0.656250 0.914062 0.652344 0.917969 0.652344 0.919922 0.656250 0.923828 0.660156 0.923828 0.662109 0.921875 0.662109 0.917969 0.658203 0.914062
0 0.974609 0.914062 0.966797 0.921875 0.966797 0.923828 0.964844 0.925781 0.966797 0.927734 0.968750 0.927734 0.970703 0.925781 0.974609 0.929688 0.976562 0.929688 0.978516 0.931641 0.982422 0.931641 0.988281 0.925781 0.988281 0.921875 0.982422 0.916016 0.980469 0.916016 0.978516 0.914062
0 0.718750 0.919922 0.708984 0.927734 0.707031 0.931641 0.708984 0.933594 0.707031 0.935547 0.714844 0.951172 0.718750 0.955078 0.724609 0.955078 0.728516 0.953125 0.732422 0.947266 0.732422 0.943359 0.734375 0.941406 0.734375 0.931641 0.726562 0.921875 0.722656 0.919922 0.720703 0.921875
0 0.900391 0.921875 0.898438 0.923828 0.898438 0.925781 0.900391 0.927734 0.902344 0.927734 0.904297 0.925781
0 0.314453 0.931641 0.312500 0.931641 0.306641 0.937500 0.308594 0.939453 0.308594 0.941406 0.310547 0.943359 0.314453 0.943359 0.318359 0.939453 0.318359 0.935547
0 0.847656 0.966797 0.845703 0.968750 0.847656 0.970703 0.849609 0.968750
0 0.912109 0.968750 0.908203 0.972656 0.910156 0.976562 0.906250 0.980469 0.906250 0.992188 0.912109 0.998047 0.927734 0.998047 0.927734 0.996094 0.923828 0.992188 0.923828 0.988281 0.931641 0.978516 0.929688 0.972656 0.923828 0.968750
0 0.857422 0.972656 0.855469 0.974609 0.855469 0.976562 0.859375 0.980469 0.861328 0.980469 0.863281 0.978516 0.863281 0.976562 0.859375 0.972656
0 0.960938 0.986328 0.958984 0.988281 0.958984 0.990234 0.960938 0.992188 0.962891 0.990234 0.962891 0.988281
1 0.708984 0.998047 0.730469 0.998047 0.728516 0.996094 0.726562 0.996094 0.724609 0.994141 0.722656 0.994141 0.718750 0.990234 0.716797 0.990234
1 0.751953 0.998047 0.763672 0.998047 0.759766 0.994141 0.755859 0.994141
0 0.804688 0.996094 0.800781 0.992188 0.798828 0.992188 0.792969 0.998047 0.804688 0.998047
