0 0.031250 0.000000 0.031250 0.007812 0.033203 0.009766 0.033203 0.011719 0.035156 0.013672 0.041016 0.013672 0.044922 0.009766 0.044922 0.001953 0.042969 0.000000
0 0.001953 0.009766 0.001953 0.011719 0.007812 0.017578 0.015625 0.017578 0.019531 0.013672 0.019531 0.009766 0.015625 0.005859 0.007812 0.005859 0.005859 0.007812 0.003906 0.007812
0 0.058594 0.021484 0.054688 0.025391 0.054688 0.027344 0.056641 0.029297 0.058594 0.029297 0.062500 0.025391
1 0.052734 0.039062 0.000000 0.103516 0.000000 0.517578 0.074219 0.500000 0.064453 0.648438 0.205078 0.839844 0.298828 0.806641 0.281250 0.912109 0.353516 0.816406 0.455078 0.820312 0.562500 0.740234 0.578125 0.572266 0.513672 0.601562 0.558594 0.642578 0.474609 0.677734 0.476562 0.720703 0.453125 0.677734 0.388672 0.708984 0.423828 0.720703 0.410156 0.767578 0.259766 0.781250 0.146484 0.724609 0.111328 0.638672 0.150391 0.605469 0.253906 0.628906 0.324219 0.498047 0.257812 0.384766 0.167969 0.330078 0.210938 0.378906 0.105469 0.367188 0.154297 0.345703 0.099609 0.337891 0.150391 0.298828 0.220703 0.302734 0.068359 0.308594 0.097656 0.220703 0.021484 0.220703
0 0.111328 0.082031 0.107422 0.085938 0.107422 0.087891 0.109375 0.089844 0.109375 0.097656 0.115234 0.103516 0.117188 0.103516 0.121094 0.099609 0.121094 0.087891 0.115234 0.082031
0 0.646484 0.187500 0.644531 0.189453 0.644531 0.191406 0.646484 0.193359 0.648438 0.193359 0.650391 0.191406
0 0.703125 0.199219 0.699219 0.203125 0.699219 0.205078 0.701172 0.207031 0.701172 0.208984 0.703125 0.210938 0.707031 0.210938 0.710938 0.207031 0.710938 0.203125 0.707031 0.199219
0 0.750000 0.216797 0.746094 0.212891 0.744141 0.212891 0.738281 0.218750 0.738281 0.220703 0.740234 0.222656 0.744141 0.222656
0 0.580078 0.228516 0.574219 0.234375 0.578125 0.238281 0.582031 0.238281 0.585938 0.234375
0 0.791016 0.250000 0.789062 0.251953 0.791016 0.253906 0.792969 0.253906 0.794922 0.251953 0.792969 0.250000
0 0.824219 0.250000 0.822266 0.251953 0.824219 0.253906 0.826172 0.251953
0 0.333984 0.269531 0.330078 0.273438 0.330078 0.277344 0.332031 0.279297 0.332031 0.281250 0.335938 0.285156 0.337891 0.285156 0.339844 0.287109 0.341797 0.287109 0.347656 0.281250 0.347656 0.275391 0.341797 0.269531
0 0.197266 0.273438 0.195312 0.275391 0.197266 0.277344 0.199219 0.275391
0 0.750000 0.275391 0.748047 0.275391 0.746094 0.277344 0.744141 0.277344 0.742188 0.279297 0.742188 0.283203 0.746094 0.287109 0.750000 0.287109 0.753906 0.283203 0.753906 0.279297
0 0.445312 0.296875 0.451172 0.302734 0.455078 0.302734 0.457031 0.304688 0.462891 0.304688 0.470703 0.296875 0.470703 0.294922 0.472656 0.292969 0.470703 0.291016 0.470703 0.289062 0.466797 0.285156 0.451172 0.285156 0.445312 0.291016
0 0.728516 0.302734 0.722656 0.308594 0.722656 0.316406 0.726562 0.322266 0.728516 0.322266 0.730469 0.324219 0.736328 0.324219 0.742188 0.318359 0.742188 0.310547 0.734375 0.302734
0 0.267578 0.314453 0.265625 0.316406 0.265625 0.318359 0.267578 0.320312 0.269531 0.318359 0.269531 0.316406
1 0.242188 0.316406 0.240234 0.318359 0.244141 0.322266 0.246094 0.322266 0.250000 0.326172 0.251953 0.324219 0.248047 0.320312 0.246094 0.320312
0 0.492188 0.326172 0.490234 0.328125 0.492188 0.330078 0.494141 0.330078 0.496094 0.328125 0.494141 0.326172
0 0.257812 0.328125 0.255859 0.330078 0.255859 0.333984 0.263672 0.341797 0.267578 0.337891 0.267578 0.333984 0.263672 0.330078 0.259766 0.330078
0 0.445312 0.337891 0.441406 0.341797 0.441406 0.343750 0.445312 0.347656 0.449219 0.343750 0.449219 0.341797
0 0.539062 0.345703 0.537109 0.345703 0.535156 0.347656 0.533203 0.347656 0.529297 0.351562 0.529297 0.353516 0.527344 0.355469 0.527344 0.361328 0.531250 0.365234 0.533203 0.365234 0.539062 0.359375 0.539062 0.355469 0.541016 0.353516 0.541016 0.347656
0 0.509766 0.355469 0.507812 0.357422 0.509766 0.359375 0.511719 0.359375 0.513672 0.357422 0.511719 0.355469
0 0.269531 0.363281 0.265625 0.367188 0.265625 0.369141 0.263672 0.371094 0.263672 0.376953 0.265625 0.378906 0.271484 0.373047 0.271484 0.365234
0 0.531250 0.392578 0.525391 0.398438 0.525391 0.400391 0.531250 0.406250 0.535156 0.406250 0.539062 0.402344 0.539062 0.394531 0.537109 0.392578
0 0.324219 0.402344 0.320312 0.406250 0.320312 0.417969 0.316406 0.421875 0.316406 0.423828 0.324219 0.431641 0.328125 0.433594 0.337891 0.433594 0.343750 0.429688 0.343750 0.425781 0.335938 0.414062 0.335938 0.406250 0.332031 0.402344
0 0.679688 0.466797 0.677734 0.468750 0.679688 0.470703 0.681641 0.470703 0.683594 0.468750 0.681641 0.466797
0 0.503906 0.492188 0.501953 0.494141 0.501953 0.496094 0.503906 0.498047 0.505859 0.496094 0.505859 0.494141
0 0.484375 0.527344 0.482422 0.527344 0.476562 0.533203 0.476562 0.537109 0.474609 0.539062 0.474609 0.544922 0.480469 0.550781 0.484375 0.550781 0.492188 0.542969 0.492188 0.537109 0.490234 0.535156 0.490234 0.533203
0 0.371094 0.544922 0.367188 0.544922 0.365234 0.546875 0.365234 0.548828 0.367188 0.550781 0.369141 0.550781 0.373047 0.546875
0 0.751953 0.554688 0.750000 0.556641 0.751953 0.558594 0.753906 0.556641
0 0.320312 0.564453 0.316406 0.568359 0.320312 0.572266 0.322266 0.572266 0.326172 0.568359 0.322266 0.564453
1 0.718750 0.574219 0.716797 0.576172 0.716797 0.580078 0.708984 0.589844 0.708984 0.593750 0.712891 0.597656 0.716797 0.597656 0.720703 0.591797 0.718750 0.589844 0.718750 0.585938 0.720703 0.583984 0.722656 0.578125
0 0.335938 0.587891 0.332031 0.591797 0.332031 0.593750 0.335938 0.597656 0.337891 0.597656 0.341797 0.593750 0.341797 0.591797 0.337891 0.587891
0 0.490234 0.587891 0.484375 0.593750 0.488281 0.597656 0.494141 0.591797
0 0.490234 0.607422 0.492188 0.609375 0.496094 0.609375 0.498047 0.607422 0.496094 0.605469 0.492188 0.605469
0 0.605469 0.605469 0.603516 0.607422 0.603516 0.609375 0.605469 0.611328 0.609375 0.611328 0.611328 0.609375 0.611328 0.607422 0.609375 0.605469
0 0.275391 0.609375 0.273438 0.611328 0.273438 0.615234 0.279297 0.621094 0.285156 0.615234 0.285156 0.613281 0.281250 0.609375
0 0.484375 0.615234 0.482422 0.617188 0.482422 0.619141 0.486328 0.623047 0.490234 0.619141 0.488281 0.617188 0.486328 0.617188
0 0.464844 0.621094 0.462891 0.623047 0.464844 0.625000 0.466797 0.623047
0 0.585938 0.621094 0.583984 0.623047 0.583984 0.625000 0.587891 0.628906 0.589844 0.626953 0.589844 0.623047 0.587891 0.621094
0 0.269531 0.625000 0.265625 0.628906 0.265625 0.630859 0.269531 0.634766 0.271484 0.634766 0.275391 0.630859
0 0.816406 0.632812 0.814453 0.634766 0.814453 0.638672 0.812500 0.640625 0.816406 0.644531 0.820312 0.644531 0.824219 0.640625 0.824219 0.636719 0.820312 0.632812
0 0.646484 0.636719 0.644531 0.636719 0.642578 0.638672 0.642578 0.644531 0.644531 0.646484 0.650391 0.640625
0 0.421875 0.640625 0.419922 0.640625 0.416016 0.644531 0.416016 0.652344 0.419922 0.656250 0.425781 0.650391 0.425781 0.644531
0 0.603516 0.642578 0.599609 0.646484 0.601562 0.648438 0.603516 0.648438 0.605469 0.646484 0.605469 0.644531
0 0.437500 0.646484 0.433594 0.650391 0.433594 0.652344 0.431641 0.654297 0.433594 0.656250 0.435547 0.656250 0.437500 0.658203 0.441406 0.658203 0.445312 0.654297 0.445312 0.652344 0.439453 0.646484
0 0.722656 0.644531 0.718750 0.648438 0.718750 0.650391 0.720703 0.652344 0.724609 0.652344 0.726562 0.650391 0.726562 0.648438
0 0.171875 0.650391 0.169922 0.652344 0.169922 0.656250 0.171875 0.658203 0.175781 0.654297
0 0.365234 0.656250 0.365234 0.660156 0.382812 0.675781 0.386719 0.675781 0.394531 0.666016 0.396484 0.667969 0.400391 0.664062 0.400391 0.660156 0.398438 0.658203 0.390625 0.656250 0.380859 0.648438 0.375000 0.648438
0 0.458984 0.652344 0.455078 0.652344 0.453125 0.654297 0.453125 0.658203 0.455078 0.660156 0.457031 0.660156 0.458984 0.658203 0.458984 0.656250 0.460938 0.654297
0 0.474609 0.658203 0.472656 0.660156 0.474609 0.662109 0.476562 0.662109 0.478516 0.660156 0.476562 0.658203
0 0.416016 0.664062 0.412109 0.667969 0.416016 0.671875 0.419922 0.667969
0 0.269531 0.669922 0.265625 0.673828 0.265625 0.677734 0.269531 0.681641 0.273438 0.681641 0.277344 0.677734 0.277344 0.673828 0.273438 0.669922
1 0.621094 0.677734 0.599609 0.669922 0.613281 0.683594 0.607422 0.714844 0.621094 0.710938 0.638672 0.738281 0.619141 0.769531 0.615234 0.820312 0.593750 0.820312 0.583984 0.843750 0.562500 0.828125 0.554688 0.849609 0.521484 0.859375 0.527344 0.888672 0.505859 0.923828 0.472656 0.931641 0.455078 0.917969 0.425781 0.976562 0.365234 0.998047 0.458984 0.998047 0.476562 0.962891 0.488281 0.978516 0.478516 0.998047 0.517578 0.998047 0.494141 0.943359 0.542969 0.914062 0.529297 0.902344 0.558594 0.892578 0.570312 0.867188 0.597656 0.880859 0.574219 0.898438 0.601562 0.927734 0.615234 0.921875 0.605469 0.894531 0.632812 0.902344 0.619141 0.878906 0.664062 0.816406 0.650391 0.787109 0.642578 0.808594 0.632812 0.796875 0.652344 0.726562
0 0.414062 0.681641 0.410156 0.681641 0.408203 0.683594 0.408203 0.685547 0.412109 0.689453 0.416016 0.685547 0.416016 0.683594
0 0.287109 0.683594 0.281250 0.689453 0.281250 0.691406 0.287109 0.697266 0.291016 0.697266 0.292969 0.695312 0.292969 0.687500 0.289062 0.683594
0 0.873047 0.689453 0.869141 0.693359 0.869141 0.695312 0.873047 0.699219 0.875000 0.697266 0.875000 0.695312 0.876953 0.693359
0 0.341797 0.693359 0.335938 0.699219 0.335938 0.703125 0.339844 0.707031 0.343750 0.707031 0.345703 0.705078 0.347656 0.705078 0.349609 0.703125 0.349609 0.699219 0.345703 0.695312 0.343750 0.695312
0 0.654297 0.701172 0.654297 0.703125 0.658203 0.708984 0.666016 0.708984 0.667969 0.707031 0.669922 0.707031 0.675781 0.703125 0.675781 0.701172 0.671875 0.697266 0.667969 0.697266 0.666016 0.695312 0.660156 0.695312
0 0.228516 0.707031 0.224609 0.710938 0.224609 0.712891 0.228516 0.716797 0.232422 0.716797 0.234375 0.714844 0.234375 0.708984 0.232422 0.707031
0 0.363281 0.708984 0.361328 0.710938 0.361328 0.716797 0.363281 0.718750 0.365234 0.718750 0.369141 0.714844 0.369141 0.712891 0.365234 0.708984
0 0.736328 0.710938 0.732422 0.714844 0.732422 0.720703 0.734375 0.722656 0.736328 0.722656 0.738281 0.724609 0.744141 0.724609 0.746094 0.722656 0.746094 0.718750 0.744141 0.716797 0.744141 0.714844 0.740234 0.710938
0 0.800781 0.714844 0.798828 0.716797 0.800781 0.718750 0.802734 0.716797
0 0.765625 0.720703 0.763672 0.722656 0.763672 0.728516 0.759766 0.732422 0.759766 0.734375 0.765625 0.740234 0.767578 0.740234 0.773438 0.734375 0.773438 0.730469 0.771484 0.728516 0.771484 0.726562
1 0.998047 0.726562 0.996094 0.728516 0.996094 0.732422 0.994141 0.734375 0.994141 0.744141 0.998047 0.748047
0 0.289062 0.730469 0.287109 0.732422 0.289062 0.734375 0.291016 0.734375 0.292969 0.732422 0.291016 0.730469
0 0.720703 0.734375 0.716797 0.738281 0.716797 0.746094 0.718750 0.748047 0.724609 0.748047 0.728516 0.744141 0.728516 0.740234 0.726562 0.738281 0.726562 0.736328 0.724609 0.734375
0 0.375000 0.740234 0.373047 0.740234 0.367188 0.746094 0.367188 0.748047 0.371094 0.751953 0.375000 0.751953 0.378906 0.748047 0.378906 0.744141
0 0.394531 0.738281 0.392578 0.740234 0.390625 0.740234 0.388672 0.742188 0.388672 0.748047 0.392578 0.751953 0.398438 0.751953 0.402344 0.748047 0.402344 0.744141 0.396484 0.738281
0 0.781250 0.750000 0.777344 0.753906 0.777344 0.755859 0.781250 0.759766 0.783203 0.759766 0.785156 0.757812 0.787109 0.757812 0.789062 0.755859 0.789062 0.753906 0.787109 0.751953 0.783203 0.751953
0 0.664062 0.769531 0.660156 0.773438 0.660156 0.777344 0.664062 0.781250 0.667969 0.777344 0.667969 0.773438
1 0.572266 0.789062 0.572266 0.785156 0.570312 0.783203 0.570312 0.781250 0.564453 0.777344 0.562500 0.779297 0.548828 0.779297 0.544922 0.783203 0.548828 0.787109 0.560547 0.787109 0.566406 0.792969 0.568359 0.792969
0 0.744141 0.777344 0.742188 0.779297 0.744141 0.781250 0.746094 0.781250 0.748047 0.779297 0.746094 0.777344
0 0.779297 0.777344 0.777344 0.779297 0.779297 0.781250 0.781250 0.781250 0.783203 0.779297 0.781250 0.777344
0 0.890625 0.783203 0.888672 0.783203 0.886719 0.785156 0.886719 0.789062 0.888672 0.791016 0.892578 0.787109 0.892578 0.785156
0 0.847656 0.806641 0.845703 0.808594 0.845703 0.810547 0.847656 0.812500 0.849609 0.812500 0.851562 0.810547 0.851562 0.808594 0.849609 0.806641
0 0.894531 0.808594 0.890625 0.812500 0.890625 0.814453 0.892578 0.816406 0.896484 0.816406 0.898438 0.814453 0.898438 0.812500
0 0.990234 0.818359 0.986328 0.822266 0.986328 0.826172 0.992188 0.832031 0.996094 0.832031 0.998047 0.830078 0.998047 0.820312 0.996094 0.818359
0 0.875000 0.824219 0.871094 0.828125 0.871094 0.830078 0.875000 0.833984 0.875000 0.835938 0.878906 0.839844 0.882812 0.839844 0.884766 0.837891 0.884766 0.832031 0.878906 0.826172 0.876953 0.826172
0 0.755859 0.830078 0.751953 0.833984 0.751953 0.839844 0.755859 0.843750 0.759766 0.843750 0.765625 0.837891 0.765625 0.833984 0.761719 0.830078
0 0.787109 0.830078 0.785156 0.832031 0.785156 0.833984 0.787109 0.835938 0.789062 0.835938 0.791016 0.833984 0.791016 0.832031 0.789062 0.830078
0 0.804688 0.830078 0.802734 0.832031 0.804688 0.833984 0.806641 0.832031
0 0.916016 0.832031 0.914062 0.833984 0.914062 0.837891 0.916016 0.839844 0.919922 0.839844 0.921875 0.837891 0.919922 0.835938 0.919922 0.833984 0.917969 0.832031
0 0.462891 0.835938 0.457031 0.845703 0.457031 0.855469 0.462891 0.861328 0.464844 0.861328 0.466797 0.863281 0.472656 0.863281 0.474609 0.861328 0.476562 0.861328 0.482422 0.855469 0.482422 0.849609 0.480469 0.847656 0.480469 0.845703 0.468750 0.835938
0 0.982422 0.855469 0.974609 0.857422 0.966797 0.867188 0.962891 0.875000 0.962891 0.884766 0.966797 0.896484 0.980469 0.908203 0.998047 0.906250 0.998047 0.863281 0.994141 0.859375
0 0.789062 0.867188 0.785156 0.871094 0.785156 0.873047 0.789062 0.876953 0.791016 0.876953 0.794922 0.873047 0.794922 0.871094 0.791016 0.867188
0 0.472656 0.873047 0.470703 0.875000 0.472656 0.876953 0.474609 0.875000
0 0.898438 0.871094 0.894531 0.875000 0.898438 0.878906 0.902344 0.875000
0 0.753906 0.880859 0.751953 0.882812 0.751953 0.884766 0.753906 0.886719 0.755859 0.886719 0.757812 0.884766 0.757812 0.882812 0.755859 0.880859
0 0.837891 0.880859 0.833984 0.884766 0.833984 0.888672 0.837891 0.892578 0.839844 0.892578 0.843750 0.888672 0.843750 0.884766 0.839844 0.880859
0 0.683594 0.894531 0.683594 0.896484 0.695312 0.908203 0.703125 0.908203 0.710938 0.904297 0.714844 0.906250 0.718750 0.900391 0.701172 0.884766 0.695312 0.884766
0 0.662109 0.892578 0.658203 0.896484 0.658203 0.900391 0.662109 0.904297 0.664062 0.902344 0.666016 0.904297 0.669922 0.900391 0.669922 0.896484 0.667969 0.894531 0.666016 0.894531 0.664062 0.892578
0 0.730469 0.898438 0.730469 0.902344 0.734375 0.908203 0.748047 0.908203 0.750000 0.906250 0.750000 0.902344 0.748047 0.900391 0.748047 0.898438 0.744141 0.894531 0.742188 0.894531 0.740234 0.892578 0.738281 0.894531 0.734375 0.894531
0 0.556641 0.900391 0.552734 0.904297 0.554688 0.906250 0.558594 0.902344
1 0.636719 0.906250 0.638672 0.908203 0.636719 0.910156 0.638672 0.912109 0.638672 0.914062 0.644531 0.919922 0.650391 0.919922 0.658203 0.925781 0.660156 0.925781 0.666016 0.919922 0.662109 0.914062 0.652344 0.910156 0.648438 0.906250 0.642578 0.906250 0.640625 0.904297 0.638672 0.904297
0 0.781250 0.902344 0.771484 0.910156 0.767578 0.910156 0.761719 0.914062 0.761719 0.921875 0.765625 0.925781 0.771484 0.927734 0.777344 0.921875 0.781250 0.923828 0.783203 0.921875 0.787109 0.925781 0.789062 0.925781 0.792969 0.921875 0.792969 0.919922 0.785156 0.912109 0.785156 0.906250
1 0.730469 0.914062 0.722656 0.919922 0.722656 0.921875 0.720703 0.923828 0.720703 0.927734 0.724609 0.933594 0.724609 0.937500 0.726562 0.939453 0.726562 0.941406 0.730469 0.945312 0.732422 0.945312 0.734375 0.943359 0.734375 0.939453 0.730469 0.935547 0.730469 0.933594 0.736328 0.927734 0.738281 0.921875
0 0.841797 0.919922 0.835938 0.925781 0.835938 0.927734 0.837891 0.929688 0.841797 0.929688 0.845703 0.925781 0.845703 0.923828
0 0.677734 0.929688 0.673828 0.935547 0.679688 0.941406 0.679688 0.943359 0.669922 0.951172 0.669922 0.957031 0.671875 0.958984 0.675781 0.958984 0.681641 0.953125 0.689453 0.958984 0.693359 0.958984 0.695312 0.957031 0.695312 0.951172 0.689453 0.945312 0.685547 0.937500
1 0.998047 0.931641 0.996094 0.933594 0.994141 0.933594 0.990234 0.937500 0.990234 0.945312 0.996094 0.951172 0.998047 0.951172
0 0.775391 0.937500 0.771484 0.941406 0.771484 0.943359 0.775391 0.947266 0.779297 0.943359 0.779297 0.941406
0 0.519531 0.945312 0.517578 0.947266 0.519531 0.949219 0.521484 0.947266
0 0.849609 0.949219 0.845703 0.953125 0.845703 0.955078 0.849609 0.958984 0.851562 0.957031 0.851562 0.955078 0.853516 0.953125
0 0.714844 0.955078 0.712891 0.957031 0.714844 0.958984 0.716797 0.957031
0 0.736328 0.958984 0.734375 0.960938 0.734375 0.962891 0.732422 0.964844 0.732422 0.966797 0.730469 0.968750 0.730469 0.970703 0.734375 0.976562 0.736328 0.976562 0.738281 0.978516 0.740234 0.978516 0.744141 0.974609 0.744141 0.972656 0.746094 0.970703 0.746094 0.966797 0.744141 0.964844 0.744141 0.962891 0.740234 0.958984
0 0.798828 0.957031 0.796875 0.958984 0.796875 0.964844 0.798828 0.966797 0.802734 0.966797 0.804688 0.964844 0.804688 0.958984 0.802734 0.957031
0 0.888672 0.958984 0.884766 0.962891 0.884766 0.964844 0.888672 0.968750 0.892578 0.968750 0.896484 0.964844 0.894531 0.962891 0.894531 0.960938 0.892578 0.958984
1 0.615234 0.968750 0.609375 0.962891 0.599609 0.962891 0.583984 0.978516 0.580078 0.978516 0.566406 0.968750 0.552734 0.966797 0.542969 0.976562 0.542969 0.996094 0.591797 0.998047 0.603516 0.990234
0 0.847656 0.962891 0.843750 0.966797 0.843750 0.976562 0.847656 0.980469 0.851562 0.980469 0.855469 0.976562 0.855469 0.972656 0.853516 0.970703 0.853516 0.966797 0.849609 0.962891
0 0.904297 0.974609 0.902344 0.976562 0.902344 0.978516 0.904297 0.980469 0.906250 0.978516 0.906250 0.976562
0 0.703125 0.998047 0.716797 0.998047 0.710938 0.992188 0.708984 0.992188
1 0.744141 0.998047 0.753906 0.998047 0.751953 0.996094 0.750000 0.996094 0.748047 0.994141
