0 0.201172 0.060547 0.197266 0.064453 0.197266 0.066406 0.201172 0.070312 0.205078 0.066406 0.205078 0.064453
0 0.828125 0.074219 0.826172 0.076172 0.826172 0.080078 0.830078 0.083984 0.833984 0.080078 0.833984 0.078125 0.830078 0.074219
0 0.138672 0.087891 0.134766 0.091797 0.138672 0.095703 0.140625 0.093750 0.140625 0.089844
0 0.277344 0.089844 0.273438 0.093750 0.273438 0.095703 0.277344 0.099609 0.279297 0.099609 0.283203 0.095703 0.283203 0.093750 0.279297 0.089844
0 0.857422 0.109375 0.855469 0.111328 0.855469 0.115234 0.857422 0.117188 0.859375 0.115234 0.859375 0.111328
0 0.160156 0.123047 0.158203 0.125000 0.160156 0.126953 0.162109 0.125000
0 0.271484 0.121094 0.269531 0.123047 0.269531 0.126953 0.271484 0.128906 0.275391 0.128906 0.277344 0.126953
0 0.734375 0.126953 0.732422 0.128906 0.732422 0.130859 0.734375 0.132812 0.738281 0.132812 0.740234 0.130859 0.740234 0.128906 0.738281 0.126953
0 0.154297 0.150391 0.152344 0.152344 0.152344 0.154297 0.154297 0.156250 0.156250 0.154297 0.156250 0.152344
0 0.273438 0.162109 0.271484 0.164062 0.273438 0.166016 0.275391 0.166016 0.277344 0.164062 0.275391 0.162109
0 0.250000 0.173828 0.248047 0.175781 0.248047 0.177734 0.250000 0.179688 0.251953 0.179688 0.253906 0.177734
1 0.000000 0.212891 0.000000 0.330078 0.072266 0.253906 0.097656 0.302734 0.000000 0.384766 0.000000 0.541016 0.064453 0.574219 0.097656 0.703125 0.197266 0.636719 0.250000 0.697266 0.208984 0.804688 0.236328 0.837891 0.296875 0.787109 0.285156 0.929688 0.333984 0.900391 0.375000 0.998047 0.759766 0.953125 0.714844 0.900391 0.761719 0.882812 0.734375 0.824219 0.689453 0.859375 0.644531 0.789062 0.625000 0.824219 0.677734 0.875000 0.572266 0.841797 0.646484 0.876953 0.625000 0.943359 0.398438 0.945312 0.332031 0.882812 0.324219 0.806641 0.464844 0.716797 0.496094 0.546875 0.439453 0.476562 0.363281 0.484375 0.406250 0.427734 0.306641 0.476562 0.263672 0.431641 0.230469 0.480469 0.263672 0.458984 0.285156 0.509766 0.214844 0.566406 0.230469 0.496094 0.123047 0.353516 0.150391 0.308594 0.089844 0.269531 0.087891 0.183594
0 0.814453 0.195312 0.812500 0.197266 0.816406 0.201172 0.818359 0.199219 0.818359 0.197266 0.816406 0.195312
1 0.265625 0.199219 0.257812 0.207031 0.259766 0.208984 0.267578 0.201172
0 0.886719 0.207031 0.884766 0.208984 0.888672 0.212891 0.890625 0.210938
0 0.117188 0.220703 0.113281 0.224609 0.113281 0.232422 0.115234 0.234375 0.115234 0.238281 0.119141 0.242188 0.125000 0.242188 0.130859 0.236328 0.130859 0.226562 0.125000 0.220703
0 0.845703 0.222656 0.843750 0.224609 0.845703 0.226562 0.847656 0.226562 0.849609 0.224609 0.847656 0.222656
0 0.265625 0.228516 0.263672 0.228516 0.257812 0.234375 0.257812 0.236328 0.255859 0.238281 0.255859 0.240234 0.259766 0.244141 0.263672 0.244141 0.267578 0.240234 0.267578 0.230469
0 0.183594 0.238281 0.181641 0.240234 0.183594 0.242188 0.185547 0.240234
0 0.791016 0.244141 0.789062 0.244141 0.785156 0.248047 0.785156 0.250000 0.787109 0.251953 0.791016 0.251953 0.792969 0.250000 0.792969 0.246094
0 0.298828 0.257812 0.289062 0.259766 0.283203 0.255859 0.267578 0.257812 0.263672 0.265625 0.263672 0.283203 0.267578 0.289062 0.275391 0.294922 0.283203 0.291016 0.289062 0.283203 0.289062 0.277344 0.292969 0.273438 0.298828 0.273438 0.304688 0.269531 0.304688 0.261719
0 0.222656 0.259766 0.220703 0.261719 0.220703 0.263672 0.222656 0.265625 0.224609 0.263672 0.224609 0.261719
0 0.419922 0.259766 0.417969 0.261719 0.423828 0.267578 0.427734 0.263672 0.423828 0.259766
0 0.476562 0.257812 0.470703 0.263672 0.470703 0.269531 0.472656 0.271484 0.472656 0.275391 0.474609 0.277344 0.476562 0.277344 0.480469 0.273438 0.480469 0.261719
0 0.332031 0.265625 0.328125 0.269531 0.328125 0.281250 0.330078 0.283203 0.333984 0.283203 0.335938 0.281250 0.337891 0.281250 0.341797 0.277344 0.341797 0.275391
0 0.800781 0.271484 0.798828 0.273438 0.800781 0.275391 0.802734 0.275391 0.804688 0.273438 0.802734 0.271484
0 0.496094 0.275391 0.492188 0.275391 0.490234 0.277344 0.490234 0.279297 0.494141 0.283203 0.498047 0.279297 0.498047 0.277344
0 0.380859 0.279297 0.376953 0.283203 0.380859 0.287109 0.382812 0.285156 0.382812 0.281250
0 0.687500 0.283203 0.681641 0.291016 0.681641 0.302734 0.689453 0.310547 0.693359 0.310547 0.701172 0.302734 0.701172 0.296875 0.703125 0.294922 0.703125 0.292969 0.701172 0.291016 0.701172 0.287109 0.699219 0.285156 0.697266 0.285156 0.695312 0.283203
0 0.253906 0.285156 0.251953 0.285156 0.242188 0.294922 0.242188 0.296875 0.244141 0.298828 0.246094 0.298828 0.248047 0.300781 0.257812 0.291016 0.257812 0.289062
0 0.490234 0.289062 0.488281 0.287109 0.484375 0.287109 0.482422 0.289062 0.480469 0.289062 0.474609 0.294922 0.474609 0.298828 0.476562 0.300781 0.480469 0.300781 0.484375 0.296875 0.486328 0.296875 0.490234 0.292969
0 0.435547 0.292969 0.429688 0.292969 0.423828 0.298828 0.423828 0.300781 0.429688 0.306641 0.431641 0.304688 0.433594 0.304688 0.439453 0.298828 0.439453 0.296875
0 0.457031 0.294922 0.455078 0.296875 0.455078 0.298828 0.453125 0.300781 0.455078 0.302734 0.460938 0.302734 0.462891 0.300781 0.462891 0.298828 0.458984 0.294922
0 0.304688 0.302734 0.298828 0.306641 0.298828 0.316406 0.294922 0.326172 0.306641 0.335938 0.308594 0.341797 0.312500 0.341797 0.314453 0.337891 0.308594 0.330078 0.316406 0.318359 0.322266 0.320312 0.326172 0.316406 0.328125 0.308594 0.326172 0.306641 0.316406 0.312500
0 0.378906 0.300781 0.373047 0.306641 0.373047 0.308594 0.371094 0.310547 0.371094 0.314453 0.373047 0.316406 0.373047 0.318359 0.378906 0.324219 0.388672 0.324219 0.392578 0.318359 0.392578 0.310547 0.390625 0.308594 0.390625 0.306641 0.386719 0.302734 0.384766 0.302734 0.382812 0.300781
0 0.572266 0.300781 0.566406 0.302734 0.564453 0.304688 0.564453 0.306641 0.560547 0.312500 0.560547 0.318359 0.566406 0.324219 0.572266 0.322266 0.576172 0.316406 0.576172 0.304688
1 0.523438 0.308594 0.521484 0.308594 0.517578 0.312500 0.517578 0.314453 0.515625 0.316406 0.515625 0.318359 0.513672 0.320312 0.517578 0.324219 0.521484 0.320312 0.521484 0.318359 0.523438 0.316406 0.523438 0.314453 0.525391 0.312500 0.525391 0.310547
0 0.240234 0.312500 0.238281 0.314453 0.238281 0.316406 0.240234 0.318359 0.242188 0.316406 0.242188 0.314453
0 0.412109 0.314453 0.406250 0.314453 0.402344 0.318359 0.402344 0.320312 0.400391 0.322266 0.400391 0.326172 0.404297 0.330078 0.408203 0.330078 0.412109 0.326172 0.414062 0.326172 0.416016 0.324219 0.416016 0.318359
0 0.619141 0.326172 0.611328 0.320312 0.603516 0.326172 0.599609 0.326172 0.589844 0.318359 0.580078 0.322266 0.576172 0.326172 0.574219 0.335938 0.578125 0.343750 0.580078 0.341797 0.589844 0.349609 0.597656 0.343750 0.599609 0.335938 0.605469 0.330078 0.609375 0.333984 0.613281 0.333984
0 0.837891 0.318359 0.833984 0.322266 0.833984 0.324219 0.839844 0.330078 0.843750 0.330078 0.847656 0.326172 0.847656 0.322266 0.843750 0.318359
1 0.220703 0.322266 0.218750 0.322266 0.214844 0.326172 0.212891 0.326172 0.210938 0.328125 0.208984 0.328125 0.207031 0.330078 0.207031 0.332031 0.210938 0.335938 0.212891 0.335938 0.214844 0.333984 0.216797 0.333984 0.218750 0.332031 0.218750 0.328125 0.222656 0.324219
0 0.642578 0.330078 0.634766 0.337891 0.634766 0.345703 0.636719 0.347656 0.636719 0.349609 0.644531 0.357422 0.650391 0.357422 0.652344 0.355469 0.654297 0.355469 0.660156 0.349609 0.660156 0.339844 0.652344 0.332031 0.650391 0.332031 0.648438 0.330078
0 0.253906 0.353516 0.267578 0.365234 0.271484 0.365234 0.277344 0.357422 0.281250 0.365234 0.289062 0.371094 0.298828 0.369141 0.304688 0.361328 0.304688 0.351562 0.300781 0.345703 0.285156 0.343750 0.271484 0.333984 0.267578 0.335938 0.275391 0.343750 0.277344 0.353516 0.273438 0.357422 0.265625 0.349609 0.259766 0.349609
0 0.441406 0.333984 0.437500 0.337891 0.437500 0.339844 0.441406 0.343750 0.443359 0.343750 0.445312 0.341797 0.445312 0.339844 0.447266 0.337891 0.443359 0.333984
0 0.539062 0.335938 0.537109 0.337891 0.541016 0.341797 0.542969 0.339844 0.542969 0.337891 0.541016 0.335938
0 0.464844 0.347656 0.464844 0.351562 0.470703 0.363281 0.476562 0.369141 0.482422 0.369141 0.484375 0.367188 0.488281 0.367188 0.494141 0.361328 0.494141 0.355469 0.492188 0.353516 0.484375 0.353516 0.476562 0.343750 0.468750 0.343750
0 0.203125 0.349609 0.203125 0.353516 0.207031 0.357422 0.208984 0.357422 0.210938 0.355469 0.212891 0.355469 0.214844 0.357422 0.218750 0.357422 0.220703 0.355469 0.220703 0.349609 0.218750 0.347656 0.212891 0.347656 0.210938 0.349609 0.208984 0.349609 0.207031 0.347656 0.205078 0.347656
0 0.544922 0.349609 0.541016 0.353516 0.541016 0.357422 0.542969 0.359375 0.544922 0.359375 0.548828 0.355469 0.548828 0.353516
1 0.207031 0.361328 0.203125 0.365234 0.210938 0.373047 0.214844 0.375000 0.220703 0.369141 0.224609 0.373047 0.224609 0.392578 0.228516 0.396484 0.232422 0.392578 0.232422 0.386719 0.238281 0.375000 0.228516 0.363281 0.220703 0.367188
1 0.410156 0.359375 0.404297 0.367188 0.408203 0.371094 0.414062 0.369141 0.431641 0.386719 0.429688 0.402344 0.425781 0.410156 0.429688 0.414062 0.435547 0.414062 0.441406 0.408203 0.441406 0.400391 0.445312 0.390625 0.437500 0.380859 0.433594 0.369141 0.425781 0.361328
0 0.314453 0.371094 0.312500 0.373047 0.312500 0.376953 0.314453 0.378906 0.318359 0.375000
0 0.197266 0.378906 0.195312 0.378906 0.193359 0.380859 0.193359 0.382812 0.195312 0.384766 0.199219 0.380859
0 0.259766 0.382812 0.257812 0.384766 0.259766 0.386719 0.261719 0.384766
0 0.474609 0.386719 0.472656 0.388672 0.472656 0.392578 0.474609 0.394531 0.478516 0.394531 0.480469 0.392578 0.480469 0.388672 0.478516 0.386719
0 0.251953 0.394531 0.244141 0.394531 0.242188 0.396484 0.242188 0.398438 0.240234 0.400391 0.242188 0.402344 0.242188 0.404297 0.246094 0.408203 0.248047 0.408203 0.250000 0.406250 0.251953 0.406250 0.253906 0.404297 0.253906 0.396484
0 0.732422 0.396484 0.730469 0.398438 0.732422 0.400391 0.734375 0.398438
0 0.203125 0.404297 0.205078 0.406250 0.208984 0.406250 0.210938 0.404297 0.208984 0.402344 0.205078 0.402344
0 0.490234 0.402344 0.486328 0.406250 0.486328 0.414062 0.488281 0.416016 0.488281 0.419922 0.490234 0.421875 0.494141 0.421875 0.496094 0.423828 0.500000 0.423828 0.507812 0.416016 0.507812 0.408203 0.501953 0.402344
0 0.646484 0.406250 0.646484 0.408203 0.650391 0.412109 0.660156 0.412109 0.664062 0.408203 0.662109 0.406250 0.662109 0.404297 0.660156 0.402344 0.650391 0.402344
0 0.388672 0.408203 0.386719 0.410156 0.388672 0.412109 0.390625 0.410156
0 0.113281 0.412109 0.111328 0.412109 0.105469 0.417969 0.105469 0.419922 0.107422 0.421875 0.109375 0.421875 0.115234 0.416016 0.115234 0.414062
0 0.248047 0.417969 0.242188 0.417969 0.240234 0.419922 0.236328 0.419922 0.232422 0.423828 0.238281 0.429688 0.238281 0.431641 0.242188 0.435547 0.244141 0.435547 0.246094 0.433594 0.248047 0.433594 0.251953 0.427734 0.251953 0.425781 0.250000 0.423828 0.250000 0.419922
0 0.478516 0.433594 0.472656 0.439453 0.472656 0.441406 0.474609 0.443359 0.474609 0.445312 0.476562 0.447266 0.478516 0.447266 0.480469 0.445312 0.482422 0.445312 0.484375 0.443359 0.484375 0.437500 0.482422 0.435547 0.480469 0.435547
0 0.574219 0.433594 0.572266 0.435547 0.572266 0.439453 0.574219 0.441406 0.578125 0.441406 0.582031 0.437500 0.578125 0.433594
0 0.677734 0.433594 0.673828 0.437500 0.673828 0.441406 0.677734 0.445312 0.679688 0.445312 0.683594 0.441406 0.683594 0.437500 0.679688 0.433594
0 0.699219 0.437500 0.699219 0.441406 0.703125 0.445312 0.707031 0.445312 0.708984 0.447266 0.716797 0.447266 0.720703 0.443359 0.720703 0.439453 0.716797 0.435547 0.714844 0.435547 0.712891 0.433594 0.703125 0.433594
0 0.791016 0.435547 0.783203 0.443359 0.783203 0.445312 0.781250 0.447266 0.783203 0.449219 0.781250 0.451172 0.783203 0.453125 0.785156 0.453125 0.789062 0.457031 0.794922 0.457031 0.798828 0.453125 0.798828 0.451172 0.800781 0.449219 0.800781 0.441406 0.794922 0.435547
0 0.097656 0.437500 0.095703 0.439453 0.095703 0.441406 0.097656 0.443359 0.099609 0.443359 0.101562 0.441406
0 0.437500 0.441406 0.435547 0.443359 0.435547 0.447266 0.437500 0.449219 0.439453 0.449219 0.443359 0.445312 0.439453 0.441406
0 0.675781 0.474609 0.667969 0.480469 0.666016 0.492188 0.664062 0.494141 0.669922 0.501953 0.677734 0.505859 0.685547 0.505859 0.697266 0.492188 0.697266 0.486328 0.687500 0.476562 0.683594 0.474609
0 0.568359 0.480469 0.566406 0.482422 0.568359 0.484375 0.570312 0.484375 0.572266 0.482422 0.570312 0.480469
0 0.173828 0.490234 0.171875 0.492188 0.173828 0.494141 0.175781 0.492188
0 0.257812 0.515625 0.253906 0.519531 0.255859 0.521484 0.257812 0.521484 0.259766 0.519531 0.259766 0.517578
0 0.509766 0.517578 0.505859 0.517578 0.503906 0.519531 0.503906 0.521484 0.507812 0.525391 0.511719 0.521484 0.511719 0.519531
0 0.447266 0.529297 0.445312 0.531250 0.447266 0.533203 0.449219 0.531250
0 0.708984 0.541016 0.705078 0.541016 0.697266 0.548828 0.697266 0.550781 0.695312 0.552734 0.695312 0.556641 0.699219 0.560547 0.708984 0.560547 0.716797 0.552734 0.716797 0.548828
0 0.644531 0.552734 0.642578 0.554688 0.644531 0.556641 0.646484 0.554688
0 0.652344 0.564453 0.648438 0.568359 0.648438 0.570312 0.652344 0.574219 0.656250 0.570312 0.656250 0.568359
0 0.716797 0.589844 0.708984 0.595703 0.707031 0.599609 0.707031 0.609375 0.710938 0.617188 0.714844 0.621094 0.718750 0.623047 0.724609 0.623047 0.732422 0.617188 0.732422 0.613281 0.734375 0.611328 0.734375 0.601562 0.724609 0.591797
0 0.800781 0.589844 0.796875 0.593750 0.796875 0.597656 0.798828 0.599609 0.800781 0.599609 0.804688 0.595703 0.804688 0.593750
0 0.558594 0.599609 0.554688 0.603516 0.554688 0.607422 0.558594 0.611328 0.560547 0.611328 0.562500 0.609375 0.562500 0.605469 0.560547 0.603516 0.560547 0.601562
0 0.679688 0.630859 0.675781 0.634766 0.677734 0.636719 0.679688 0.636719 0.681641 0.634766 0.681641 0.632812
0 0.294922 0.632812 0.292969 0.634766 0.294922 0.636719 0.296875 0.636719 0.298828 0.634766 0.296875 0.632812
1 0.589844 0.632812 0.585938 0.636719 0.583984 0.636719 0.580078 0.640625 0.583984 0.644531 0.591797 0.636719 0.591797 0.634766
0 0.863281 0.642578 0.859375 0.646484 0.863281 0.650391 0.865234 0.648438 0.865234 0.644531
0 0.519531 0.648438 0.515625 0.652344 0.515625 0.654297 0.517578 0.656250 0.517578 0.658203 0.527344 0.667969 0.529297 0.667969 0.535156 0.662109 0.531250 0.656250 0.529297 0.656250 0.523438 0.650391 0.521484 0.650391
0 0.490234 0.673828 0.486328 0.677734 0.486328 0.679688 0.490234 0.683594 0.492188 0.683594 0.496094 0.679688 0.496094 0.677734 0.492188 0.673828
0 0.771484 0.683594 0.763672 0.683594 0.755859 0.691406 0.755859 0.697266 0.765625 0.708984 0.767578 0.707031 0.773438 0.705078 0.777344 0.699219 0.777344 0.687500
0 0.527344 0.687500 0.523438 0.691406 0.523438 0.693359 0.527344 0.697266 0.531250 0.697266 0.533203 0.695312 0.533203 0.691406 0.531250 0.689453 0.529297 0.689453
0 0.587891 0.695312 0.585938 0.697266 0.587891 0.699219 0.589844 0.697266
0 0.902344 0.697266 0.898438 0.701172 0.902344 0.705078 0.906250 0.701172
0 0.511719 0.703125 0.509766 0.705078 0.509766 0.708984 0.511719 0.710938 0.515625 0.710938 0.517578 0.708984 0.517578 0.707031 0.513672 0.703125
0 0.771484 0.714844 0.769531 0.716797 0.769531 0.728516 0.773438 0.732422 0.787109 0.732422 0.791016 0.726562 0.791016 0.718750 0.785156 0.712891 0.775391 0.712891 0.773438 0.714844
0 0.710938 0.722656 0.707031 0.722656 0.705078 0.724609 0.703125 0.724609 0.693359 0.734375 0.693359 0.738281 0.695312 0.740234 0.695312 0.744141 0.699219 0.748047 0.705078 0.748047 0.710938 0.742188 0.710938 0.740234 0.714844 0.734375 0.714844 0.728516
1 0.802734 0.734375 0.806641 0.738281 0.808594 0.738281 0.810547 0.736328 0.814453 0.736328 0.822266 0.744141 0.826172 0.740234 0.826172 0.738281 0.822266 0.734375 0.816406 0.736328 0.808594 0.728516
0 0.755859 0.734375 0.750000 0.740234 0.750000 0.751953 0.755859 0.757812 0.759766 0.757812 0.763672 0.751953 0.763672 0.740234 0.757812 0.734375
0 0.433594 0.738281 0.429688 0.738281 0.427734 0.740234 0.427734 0.742188 0.431641 0.746094 0.435547 0.742188 0.435547 0.740234
0 0.603516 0.750000 0.601562 0.751953 0.601562 0.753906 0.603516 0.755859 0.605469 0.753906 0.605469 0.751953
0 0.849609 0.753906 0.845703 0.757812 0.849609 0.761719 0.853516 0.757812
0 0.880859 0.767578 0.878906 0.769531 0.878906 0.771484 0.880859 0.773438 0.884766 0.773438 0.886719 0.771484 0.886719 0.769531 0.884766 0.767578
0 0.900391 0.767578 0.898438 0.769531 0.902344 0.773438 0.904297 0.771484
0 0.833984 0.769531 0.832031 0.771484 0.832031 0.775391 0.833984 0.777344 0.837891 0.777344 0.839844 0.775391 0.839844 0.773438 0.837891 0.771484 0.835938 0.771484
0 0.396484 0.781250 0.394531 0.781250 0.390625 0.785156 0.390625 0.789062 0.394531 0.792969 0.396484 0.791016 0.396484 0.789062 0.398438 0.787109 0.398438 0.783203
0 0.832031 0.787109 0.830078 0.789062 0.830078 0.791016 0.832031 0.792969 0.833984 0.791016 0.833984 0.789062
0 0.796875 0.789062 0.794922 0.791016 0.794922 0.792969 0.796875 0.794922 0.798828 0.792969 0.798828 0.791016
0 0.677734 0.802734 0.677734 0.804688 0.679688 0.806641 0.687500 0.806641 0.691406 0.810547 0.693359 0.810547 0.695312 0.812500 0.699219 0.808594 0.699219 0.804688 0.695312 0.800781 0.695312 0.798828 0.689453 0.794922 0.687500 0.794922
0 0.728516 0.792969 0.726562 0.794922 0.724609 0.794922 0.722656 0.796875 0.722656 0.800781 0.724609 0.802734 0.728516 0.802734 0.732422 0.798828 0.732422 0.796875
0 0.843750 0.794922 0.841797 0.796875 0.837891 0.796875 0.835938 0.798828 0.835938 0.800781 0.832031 0.804688 0.832031 0.812500 0.835938 0.816406 0.839844 0.816406 0.841797 0.818359 0.843750 0.816406 0.849609 0.816406 0.855469 0.810547 0.853516 0.808594 0.855469 0.806641 0.853516 0.804688 0.853516 0.802734
1 0.429688 0.796875 0.425781 0.798828 0.425781 0.802734 0.429688 0.808594 0.423828 0.814453 0.423828 0.828125 0.427734 0.832031 0.435547 0.828125 0.443359 0.820312 0.441406 0.812500 0.431641 0.802734 0.433594 0.800781
0 0.375000 0.806641 0.373047 0.812500 0.382812 0.824219 0.382812 0.828125 0.386719 0.832031 0.380859 0.839844 0.380859 0.843750 0.388672 0.849609 0.394531 0.843750 0.400391 0.841797 0.406250 0.835938 0.406250 0.832031 0.402344 0.828125 0.392578 0.830078 0.382812 0.818359 0.378906 0.808594
0 0.751953 0.810547 0.746094 0.816406 0.746094 0.818359 0.750000 0.822266 0.755859 0.822266 0.761719 0.816406 0.761719 0.814453 0.757812 0.810547
0 0.273438 0.814453 0.271484 0.816406 0.275391 0.820312 0.277344 0.818359 0.277344 0.816406 0.275391 0.814453
0 0.800781 0.814453 0.798828 0.814453 0.796875 0.816406 0.796875 0.818359 0.798828 0.820312 0.802734 0.816406
0 0.906250 0.812500 0.904297 0.814453 0.904297 0.816406 0.906250 0.818359 0.908203 0.816406 0.908203 0.814453
0 0.681641 0.818359 0.679688 0.818359 0.677734 0.820312 0.677734 0.826172 0.679688 0.828125 0.685547 0.822266
0 0.951172 0.818359 0.951172 0.822266 0.953125 0.824219 0.958984 0.824219 0.962891 0.820312 0.958984 0.816406 0.953125 0.816406
1 0.771484 0.822266 0.765625 0.828125 0.773438 0.833984 0.773438 0.839844 0.761719 0.859375 0.771484 0.873047 0.771484 0.882812 0.775391 0.886719 0.781250 0.882812 0.779297 0.869141 0.785156 0.863281 0.785156 0.857422 0.781250 0.851562 0.785156 0.839844 0.779297 0.830078 0.781250 0.826172 0.777344 0.822266
0 0.822266 0.828125 0.818359 0.832031 0.818359 0.837891 0.822266 0.841797 0.828125 0.841797 0.832031 0.837891 0.832031 0.832031 0.828125 0.828125
1 0.341797 0.841797 0.345703 0.845703 0.347656 0.845703 0.349609 0.843750 0.359375 0.843750 0.361328 0.841797 0.361328 0.839844 0.359375 0.837891 0.345703 0.837891
0 0.878906 0.837891 0.873047 0.843750 0.873047 0.847656 0.875000 0.849609 0.875000 0.851562 0.876953 0.853516 0.884766 0.853516 0.888672 0.849609 0.888672 0.845703 0.886719 0.843750 0.886719 0.841797 0.882812 0.837891
1 0.796875 0.857422 0.792969 0.861328 0.792969 0.871094 0.796875 0.875000 0.798828 0.873047 0.798828 0.865234 0.800781 0.863281 0.800781 0.861328
0 0.904297 0.855469 0.894531 0.855469 0.888672 0.859375 0.888672 0.861328 0.886719 0.863281 0.888672 0.865234 0.888672 0.873047 0.892578 0.876953 0.896484 0.876953 0.898438 0.875000 0.904297 0.873047 0.908203 0.869141 0.910156 0.863281 0.908203 0.861328 0.908203 0.859375
0 0.417969 0.861328 0.416016 0.863281 0.416016 0.867188 0.419922 0.871094 0.421875 0.871094 0.423828 0.869141 0.423828 0.865234 0.419922 0.861328
0 0.853516 0.863281 0.849609 0.867188 0.849609 0.869141 0.851562 0.871094 0.849609 0.873047 0.851562 0.875000 0.851562 0.880859 0.855469 0.884766 0.857422 0.884766 0.861328 0.880859 0.861328 0.875000 0.859375 0.873047 0.859375 0.871094 0.857422 0.869141 0.857422 0.867188
0 0.832031 0.869141 0.830078 0.869141 0.822266 0.876953 0.822266 0.878906 0.820312 0.880859 0.820312 0.884766 0.824219 0.888672 0.826172 0.888672 0.828125 0.886719 0.828125 0.884766 0.832031 0.880859 0.832031 0.878906 0.835938 0.873047
0 0.791016 0.884766 0.785156 0.890625 0.787109 0.892578 0.787109 0.894531 0.791016 0.898438 0.792969 0.898438 0.794922 0.900391 0.796875 0.898438 0.798828 0.898438 0.800781 0.896484 0.800781 0.894531 0.802734 0.892578 0.802734 0.890625 0.796875 0.884766
0 0.921875 0.888672 0.919922 0.890625 0.921875 0.892578 0.923828 0.890625
0 0.591797 0.892578 0.587891 0.896484 0.591797 0.900391 0.593750 0.900391 0.595703 0.898438 0.595703 0.894531 0.593750 0.892578
0 0.562500 0.896484 0.558594 0.900391 0.558594 0.904297 0.562500 0.908203 0.564453 0.908203 0.568359 0.904297 0.568359 0.902344
0 0.876953 0.896484 0.873047 0.900391 0.873047 0.904297 0.875000 0.906250 0.878906 0.906250 0.882812 0.902344 0.882812 0.900391 0.880859 0.898438 0.878906 0.898438
0 0.808594 0.900391 0.802734 0.906250 0.800781 0.912109 0.806641 0.917969 0.808594 0.917969 0.810547 0.919922 0.816406 0.919922 0.826172 0.910156 0.826172 0.908203 0.824219 0.906250 0.822266 0.906250 0.816406 0.900391
0 0.929688 0.904297 0.927734 0.902344 0.925781 0.902344 0.921875 0.898438 0.919922 0.900391 0.916016 0.900391 0.914062 0.902344 0.912109 0.902344 0.910156 0.904297 0.912109 0.906250 0.912109 0.908203 0.916016 0.912109 0.923828 0.912109 0.925781 0.910156 0.927734 0.910156 0.929688 0.908203
0 0.951172 0.916016 0.943359 0.923828 0.939453 0.931641 0.941406 0.943359 0.945312 0.947266 0.947266 0.947266 0.958984 0.937500 0.962891 0.937500 0.968750 0.941406 0.972656 0.937500 0.972656 0.935547 0.968750 0.931641 0.966797 0.931641 0.955078 0.917969
0 0.841797 0.945312 0.837891 0.945312 0.835938 0.943359 0.832031 0.943359 0.830078 0.945312 0.828125 0.945312 0.826172 0.947266 0.826172 0.951172 0.824219 0.953125 0.824219 0.955078 0.830078 0.960938 0.833984 0.960938 0.839844 0.955078 0.839844 0.953125 0.843750 0.949219 0.843750 0.947266
0 0.933594 0.949219 0.929688 0.953125 0.929688 0.955078 0.933594 0.958984 0.937500 0.955078 0.937500 0.953125
0 0.857422 0.958984 0.855469 0.958984 0.849609 0.964844 0.849609 0.968750 0.851562 0.970703 0.857422 0.970703 0.861328 0.966797 0.861328 0.962891
0 0.916016 0.960938 0.912109 0.964844 0.912109 0.966797 0.916016 0.970703 0.919922 0.966797 0.919922 0.964844
0 0.921875 0.978516 0.917969 0.982422 0.921875 0.986328 0.925781 0.982422
0 0.683594 0.986328 0.683594 0.992188 0.681641 0.994141 0.683594 0.996094 0.683594 0.998047 0.705078 0.998047 0.705078 0.990234 0.703125 0.988281 0.703125 0.986328 0.699219 0.982422 0.697266 0.982422 0.695312 0.980469 0.689453 0.980469
0 0.841797 0.998047 0.865234 0.998047 0.865234 0.996094 0.867188 0.994141 0.859375 0.984375 0.851562 0.984375 0.849609 0.986328 0.849609 0.988281 0.843750 0.994141 0.843750 0.996094
0 0.781250 0.990234 0.781250 0.998047 0.800781 0.998047 0.800781 0.996094 0.798828 0.994141 0.798828 0.992188 0.796875 0.990234 0.794922 0.990234 0.792969 0.988281 0.783203 0.988281
1 0.660156 0.998047 0.671875 0.998047 0.669922 0.996094 0.662109 0.996094
