0 0.896484 0.183594 0.894531 0.185547 0.896484 0.187500 0.898438 0.187500 0.900391 0.185547 0.898438 0.183594
0 0.878906 0.207031 0.876953 0.208984 0.880859 0.212891 0.882812 0.210938 0.882812 0.208984 0.880859 0.207031
1 0.000000 0.210938 0.000000 0.423828 0.037109 0.451172 0.000000 0.541016 0.048828 0.583984 0.093750 0.783203 0.158203 0.794922 0.179688 0.867188 0.216797 0.789062 0.318359 0.859375 0.279297 0.794922 0.191406 0.750000 0.304688 0.703125 0.345703 0.718750 0.398438 0.675781 0.228516 0.683594 0.224609 0.708984 0.148438 0.734375 0.115234 0.699219 0.283203 0.644531 0.253906 0.619141 0.289062 0.585938 0.316406 0.603516 0.289062 0.552734 0.312500 0.541016 0.318359 0.566406 0.349609 0.541016 0.324219 0.517578 0.330078 0.478516 0.300781 0.503906 0.259766 0.451172 0.173828 0.423828 0.148438 0.386719 0.130859 0.429688 0.099609 0.431641 0.113281 0.355469 0.158203 0.322266 0.144531 0.285156 0.083984 0.269531 0.076172 0.230469 0.052734 0.253906
0 0.718750 0.234375 0.714844 0.234375 0.710938 0.238281 0.710938 0.240234 0.708984 0.242188 0.708984 0.248047 0.710938 0.250000 0.718750 0.250000 0.722656 0.246094 0.722656 0.238281
0 0.460938 0.259766 0.458984 0.259766 0.457031 0.261719 0.455078 0.261719 0.451172 0.265625 0.451172 0.267578 0.449219 0.269531 0.451172 0.271484 0.451172 0.273438 0.457031 0.277344 0.460938 0.277344 0.466797 0.271484 0.466797 0.265625
0 0.537109 0.261719 0.531250 0.261719 0.529297 0.263672 0.529297 0.265625 0.527344 0.267578 0.527344 0.269531 0.531250 0.273438 0.533203 0.273438 0.539062 0.267578 0.539062 0.263672
0 0.544922 0.275391 0.541016 0.279297 0.544922 0.283203 0.546875 0.281250 0.546875 0.277344
0 0.787109 0.281250 0.783203 0.281250 0.781250 0.283203 0.781250 0.285156 0.785156 0.289062 0.789062 0.285156 0.789062 0.283203
0 0.300781 0.306641 0.294922 0.310547 0.294922 0.316406 0.291016 0.324219 0.291016 0.332031 0.296875 0.337891 0.302734 0.337891 0.314453 0.326172 0.316406 0.322266 0.316406 0.318359 0.314453 0.314453 0.310547 0.310547 0.306641 0.308594 0.302734 0.308594
0 0.537109 0.304688 0.533203 0.308594 0.533203 0.310547 0.535156 0.312500 0.537109 0.312500 0.541016 0.308594
0 0.070312 0.310547 0.068359 0.312500 0.068359 0.316406 0.066406 0.318359 0.068359 0.320312 0.068359 0.322266 0.074219 0.328125 0.078125 0.324219 0.078125 0.320312 0.076172 0.318359 0.076172 0.316406 0.074219 0.314453 0.076172 0.312500 0.074219 0.310547
0 0.646484 0.316406 0.642578 0.320312 0.646484 0.324219 0.648438 0.324219 0.650391 0.322266 0.650391 0.320312
0 0.337891 0.326172 0.335938 0.328125 0.335938 0.330078 0.337891 0.332031 0.339844 0.330078 0.339844 0.328125
0 0.390625 0.324219 0.388672 0.326172 0.386719 0.326172 0.380859 0.332031 0.380859 0.339844 0.382812 0.341797 0.384766 0.339844 0.386719 0.339844 0.390625 0.335938 0.390625 0.333984 0.392578 0.332031 0.392578 0.330078 0.394531 0.328125
0 0.558594 0.324219 0.554688 0.324219 0.552734 0.326172 0.556641 0.330078 0.560547 0.326172
1 0.373047 0.349609 0.376953 0.353516 0.378906 0.353516 0.380859 0.355469 0.382812 0.355469 0.384766 0.357422 0.388672 0.357422 0.390625 0.355469 0.390625 0.349609 0.388672 0.347656 0.384766 0.347656 0.382812 0.345703 0.380859 0.347656 0.378906 0.347656 0.376953 0.349609 0.375000 0.347656
0 0.341797 0.351562 0.337891 0.355469 0.339844 0.357422 0.341797 0.357422 0.343750 0.355469 0.343750 0.353516
0 0.406250 0.353516 0.404297 0.355469 0.404297 0.357422 0.406250 0.359375 0.408203 0.359375 0.410156 0.357422 0.410156 0.355469 0.408203 0.353516
0 0.792969 0.351562 0.789062 0.355469 0.791016 0.357422 0.791016 0.359375 0.792969 0.361328 0.794922 0.361328 0.796875 0.363281 0.798828 0.363281 0.802734 0.359375 0.802734 0.357422 0.800781 0.355469 0.800781 0.353516 0.798828 0.351562
0 0.298828 0.355469 0.296875 0.357422 0.296875 0.359375 0.300781 0.363281 0.304688 0.359375 0.302734 0.357422 0.300781 0.357422
0 0.449219 0.363281 0.447266 0.365234 0.447266 0.367188 0.449219 0.369141 0.451172 0.367188 0.451172 0.365234
0 0.359375 0.367188 0.357422 0.369141 0.357422 0.371094 0.359375 0.373047 0.361328 0.373047 0.363281 0.371094
0 0.398438 0.367188 0.394531 0.371094 0.398438 0.375000 0.400391 0.375000 0.402344 0.373047 0.402344 0.371094
0 0.193359 0.373047 0.187500 0.378906 0.187500 0.380859 0.185547 0.382812 0.185547 0.386719 0.191406 0.392578 0.193359 0.392578 0.195312 0.394531 0.197266 0.394531 0.201172 0.398438 0.203125 0.398438 0.205078 0.396484 0.205078 0.394531 0.208984 0.390625 0.203125 0.384766 0.203125 0.380859 0.201172 0.378906 0.201172 0.376953 0.197266 0.373047
0 0.546875 0.373047 0.542969 0.376953 0.542969 0.384766 0.546875 0.388672 0.552734 0.388672 0.556641 0.384766 0.556641 0.376953 0.552734 0.373047
0 0.380859 0.375000 0.378906 0.376953 0.378906 0.378906 0.380859 0.380859 0.382812 0.378906 0.382812 0.376953
0 0.433594 0.384766 0.427734 0.384766 0.421875 0.392578 0.421875 0.394531 0.416016 0.400391 0.416016 0.404297 0.419922 0.410156 0.431641 0.410156 0.435547 0.406250 0.441406 0.404297 0.445312 0.400391 0.445312 0.398438
0 0.896484 0.390625 0.892578 0.390625 0.890625 0.392578 0.888672 0.392578 0.882812 0.398438 0.882812 0.400391 0.880859 0.402344 0.880859 0.408203 0.886719 0.414062 0.892578 0.414062 0.894531 0.412109 0.896484 0.412109 0.900391 0.408203 0.900391 0.406250 0.902344 0.404297 0.902344 0.396484
0 0.478516 0.402344 0.474609 0.398438 0.470703 0.402344 0.472656 0.404297 0.476562 0.404297
0 0.500000 0.398438 0.498047 0.398438 0.496094 0.400391 0.496094 0.402344 0.498047 0.404297 0.501953 0.400391
1 0.507812 0.414062 0.511719 0.417969 0.513672 0.417969 0.515625 0.416016 0.517578 0.417969 0.519531 0.417969 0.525391 0.423828 0.527344 0.421875 0.529297 0.421875 0.533203 0.425781 0.535156 0.425781 0.537109 0.427734 0.541016 0.423828 0.541016 0.421875 0.539062 0.419922 0.531250 0.419922 0.527344 0.416016 0.523438 0.416016 0.519531 0.412109 0.517578 0.412109 0.515625 0.410156 0.511719 0.410156
0 0.482422 0.419922 0.480469 0.421875 0.480469 0.423828 0.482422 0.425781 0.484375 0.423828 0.484375 0.421875
0 0.705078 0.419922 0.703125 0.421875 0.703125 0.425781 0.707031 0.429688 0.708984 0.429688 0.710938 0.427734 0.708984 0.425781 0.708984 0.423828
0 0.373047 0.427734 0.376953 0.431641 0.382812 0.431641 0.384766 0.429688 0.380859 0.425781 0.375000 0.425781
0 0.617188 0.441406 0.609375 0.441406 0.603516 0.447266 0.603516 0.453125 0.609375 0.458984 0.611328 0.458984 0.613281 0.457031 0.615234 0.457031 0.621094 0.451172 0.621094 0.445312
0 0.542969 0.453125 0.541016 0.455078 0.541016 0.458984 0.544922 0.462891 0.548828 0.458984 0.548828 0.457031 0.544922 0.453125
0 0.599609 0.468750 0.595703 0.464844 0.589844 0.464844 0.587891 0.466797 0.583984 0.466797 0.580078 0.470703 0.582031 0.472656 0.582031 0.474609 0.583984 0.476562 0.585938 0.476562 0.587891 0.474609 0.589844 0.474609 0.591797 0.472656 0.595703 0.472656
0 0.347656 0.470703 0.345703 0.472656 0.345703 0.474609 0.347656 0.476562 0.349609 0.476562 0.351562 0.474609 0.351562 0.472656 0.349609 0.470703
1 0.513672 0.470703 0.509766 0.470703 0.507812 0.472656 0.507812 0.478516 0.509766 0.480469 0.509766 0.482422 0.501953 0.490234 0.501953 0.494141 0.505859 0.498047 0.507812 0.498047 0.513672 0.492188 0.509766 0.486328 0.517578 0.478516 0.517578 0.474609
0 0.619141 0.472656 0.617188 0.474609 0.621094 0.478516 0.623047 0.476562 0.623047 0.474609 0.621094 0.472656
0 0.349609 0.488281 0.349609 0.494141 0.351562 0.498047 0.359375 0.503906 0.363281 0.503906 0.371094 0.507812 0.378906 0.507812 0.384766 0.501953 0.382812 0.494141 0.376953 0.488281 0.373047 0.480469 0.367188 0.480469 0.365234 0.482422 0.355469 0.482422
0 0.597656 0.484375 0.603516 0.490234 0.605469 0.490234 0.609375 0.486328 0.605469 0.482422 0.599609 0.482422
0 0.570312 0.507812 0.568359 0.509766 0.570312 0.511719 0.572266 0.509766
0 0.642578 0.531250 0.646484 0.535156 0.652344 0.535156 0.654297 0.533203 0.656250 0.533203 0.660156 0.529297 0.660156 0.527344 0.656250 0.523438 0.648438 0.523438 0.642578 0.529297
0 0.376953 0.542969 0.376953 0.560547 0.402344 0.576172 0.400391 0.585938 0.406250 0.591797 0.417969 0.583984 0.423828 0.587891 0.417969 0.607422 0.419922 0.625000 0.406250 0.636719 0.398438 0.652344 0.406250 0.667969 0.433594 0.675781 0.457031 0.652344 0.447266 0.638672 0.455078 0.630859 0.474609 0.644531 0.492188 0.642578 0.498047 0.636719 0.478516 0.613281 0.478516 0.593750 0.474609 0.589844 0.466797 0.591797 0.464844 0.611328 0.460938 0.615234 0.445312 0.591797 0.445312 0.576172 0.437500 0.566406 0.410156 0.560547 0.390625 0.537109
0 0.435547 0.544922 0.433594 0.546875 0.437500 0.550781 0.439453 0.548828 0.439453 0.546875 0.437500 0.544922
1 0.117188 0.554688 0.119141 0.556641 0.121094 0.554688 0.123047 0.556641 0.125000 0.554688 0.126953 0.556641 0.128906 0.554688 0.132812 0.554688 0.134766 0.552734 0.136719 0.552734 0.140625 0.548828 0.138672 0.546875 0.136719 0.548828 0.134766 0.546875 0.132812 0.548828 0.130859 0.546875 0.126953 0.546875 0.125000 0.548828 0.123047 0.548828
0 0.650391 0.564453 0.644531 0.570312 0.644531 0.572266 0.650391 0.578125 0.654297 0.578125 0.658203 0.574219 0.658203 0.570312 0.656250 0.568359 0.656250 0.566406 0.654297 0.564453
0 0.373047 0.580078 0.369141 0.583984 0.369141 0.589844 0.371094 0.591797 0.373047 0.591797 0.376953 0.587891 0.376953 0.583984
0 0.349609 0.615234 0.347656 0.617188 0.347656 0.621094 0.349609 0.623047 0.353516 0.623047 0.355469 0.621094 0.355469 0.619141 0.351562 0.615234
0 0.296875 0.630859 0.294922 0.632812 0.296875 0.634766 0.298828 0.632812
0 0.623047 0.638672 0.617188 0.644531 0.617188 0.650391 0.619141 0.652344 0.619141 0.654297 0.621094 0.656250 0.621094 0.658203 0.623047 0.660156 0.626953 0.660156 0.630859 0.654297 0.628906 0.652344 0.628906 0.650391 0.630859 0.648438 0.628906 0.646484 0.628906 0.642578 0.625000 0.638672
0 0.310547 0.646484 0.308594 0.648438 0.308594 0.652344 0.310547 0.654297 0.310547 0.656250 0.312500 0.658203 0.314453 0.656250 0.314453 0.654297 0.316406 0.652344 0.314453 0.650391 0.314453 0.648438 0.312500 0.646484
0 0.505859 0.644531 0.501953 0.646484 0.501953 0.654297 0.498047 0.658203 0.498047 0.669922 0.501953 0.677734 0.496094 0.685547 0.500000 0.691406 0.507812 0.689453 0.505859 0.681641 0.511719 0.675781 0.525391 0.675781 0.529297 0.671875 0.529297 0.667969 0.523438 0.662109 0.511719 0.658203 0.507812 0.654297 0.507812 0.646484
0 0.679688 0.650391 0.675781 0.654297 0.679688 0.658203 0.683594 0.654297
0 0.699219 0.650391 0.695312 0.654297 0.695312 0.656250 0.699219 0.660156 0.701172 0.660156 0.705078 0.656250 0.705078 0.654297 0.701172 0.650391
0 0.746094 0.650391 0.742188 0.650391 0.740234 0.652344 0.740234 0.654297 0.742188 0.656250 0.744141 0.656250 0.748047 0.652344
0 0.869141 0.648438 0.865234 0.652344 0.863281 0.652344 0.861328 0.654297 0.861328 0.656250 0.867188 0.662109 0.869141 0.662109 0.873047 0.658203 0.873047 0.652344
0 0.332031 0.662109 0.330078 0.664062 0.330078 0.666016 0.333984 0.669922 0.337891 0.666016 0.333984 0.662109
0 0.214844 0.683594 0.210938 0.683594 0.208984 0.685547 0.208984 0.687500 0.212891 0.691406 0.216797 0.687500 0.216797 0.685547
0 0.818359 0.683594 0.812500 0.689453 0.812500 0.691406 0.818359 0.697266 0.822266 0.697266 0.826172 0.693359 0.826172 0.691406 0.828125 0.689453 0.822266 0.683594
0 0.552734 0.703125 0.548828 0.707031 0.552734 0.710938 0.554688 0.710938 0.556641 0.708984 0.556641 0.707031
0 0.507812 0.707031 0.503906 0.712891 0.503906 0.722656 0.500000 0.730469 0.505859 0.734375 0.515625 0.728516 0.529297 0.748047 0.537109 0.746094 0.544922 0.738281 0.541016 0.726562 0.544922 0.718750 0.542969 0.712891 0.537109 0.708984 0.521484 0.712891 0.513672 0.707031
0 0.939453 0.722656 0.935547 0.726562 0.937500 0.728516 0.939453 0.728516 0.941406 0.726562 0.941406 0.724609
0 0.464844 0.728516 0.460938 0.732422 0.460938 0.736328 0.462891 0.738281 0.464844 0.738281 0.466797 0.736328 0.466797 0.734375 0.468750 0.732422
0 0.611328 0.728516 0.609375 0.728516 0.605469 0.732422 0.609375 0.736328 0.611328 0.734375 0.611328 0.732422 0.613281 0.730469
0 0.496094 0.742188 0.490234 0.742188 0.476562 0.751953 0.468750 0.748047 0.460938 0.750000 0.455078 0.757812 0.458984 0.767578 0.468750 0.775391 0.472656 0.773438 0.476562 0.777344 0.474609 0.781250 0.482422 0.789062 0.488281 0.785156 0.488281 0.781250 0.478516 0.769531 0.484375 0.763672 0.496094 0.773438 0.503906 0.767578 0.505859 0.753906
0 0.427734 0.761719 0.423828 0.765625 0.425781 0.767578 0.429688 0.763672
0 0.384766 0.769531 0.382812 0.771484 0.382812 0.775391 0.386719 0.779297 0.388672 0.779297 0.392578 0.775391 0.392578 0.771484 0.390625 0.769531
0 0.542969 0.773438 0.539062 0.773438 0.535156 0.777344 0.535156 0.781250 0.539062 0.785156 0.541016 0.785156 0.546875 0.779297 0.546875 0.777344
0 0.607422 0.777344 0.603516 0.781250 0.603516 0.785156 0.607422 0.789062 0.613281 0.789062 0.617188 0.785156 0.617188 0.783203 0.611328 0.777344
0 0.501953 0.783203 0.500000 0.783203 0.498047 0.785156 0.498047 0.787109 0.500000 0.789062 0.503906 0.785156
0 0.585938 0.792969 0.576172 0.798828 0.570312 0.798828 0.568359 0.800781 0.566406 0.808594 0.554688 0.818359 0.552734 0.828125 0.556641 0.830078 0.568359 0.818359 0.572266 0.816406 0.576172 0.818359 0.580078 0.822266 0.580078 0.828125 0.589844 0.835938 0.587891 0.843750 0.593750 0.853516 0.597656 0.853516 0.603516 0.847656 0.603516 0.835938 0.599609 0.832031 0.595703 0.832031 0.589844 0.826172 0.589844 0.820312 0.595703 0.812500 0.597656 0.804688 0.595703 0.802734 0.595703 0.798828 0.591797 0.794922
0 0.892578 0.828125 0.886719 0.806641 0.873047 0.794922 0.863281 0.794922 0.851562 0.808594 0.837891 0.802734 0.808594 0.814453 0.822266 0.837891 0.837891 0.839844 0.855469 0.826172 0.871094 0.847656 0.882812 0.843750
0 0.513672 0.800781 0.511719 0.802734 0.511719 0.804688 0.513672 0.806641 0.515625 0.806641 0.517578 0.804688 0.517578 0.802734 0.515625 0.800781
0 0.656250 0.814453 0.656250 0.816406 0.662109 0.822266 0.667969 0.822266 0.673828 0.816406 0.669922 0.812500 0.667969 0.812500 0.666016 0.810547 0.660156 0.810547
0 0.751953 0.810547 0.750000 0.812500 0.755859 0.818359 0.759766 0.814453 0.759766 0.812500 0.757812 0.810547
0 0.908203 0.818359 0.906250 0.820312 0.908203 0.822266 0.910156 0.822266 0.912109 0.820312 0.910156 0.818359
1 0.628906 0.837891 0.628906 0.839844 0.632812 0.843750 0.636719 0.843750 0.640625 0.841797 0.648438 0.849609 0.658203 0.847656 0.662109 0.843750 0.654297 0.835938 0.646484 0.839844 0.638672 0.832031 0.632812 0.832031
1 0.714844 0.833984 0.712891 0.833984 0.708984 0.837891 0.708984 0.839844 0.707031 0.841797 0.707031 0.845703 0.703125 0.849609 0.707031 0.853516 0.708984 0.853516 0.712891 0.849609 0.712891 0.847656 0.714844 0.845703 0.714844 0.843750 0.716797 0.841797 0.716797 0.835938
0 0.556641 0.849609 0.554688 0.851562 0.552734 0.851562 0.550781 0.853516 0.550781 0.859375 0.554688 0.863281 0.556641 0.863281 0.558594 0.861328 0.560547 0.861328 0.562500 0.859375 0.562500 0.853516 0.560547 0.851562 0.558594 0.851562
0 0.437500 0.851562 0.433594 0.855469 0.433594 0.857422 0.435547 0.859375 0.439453 0.859375 0.441406 0.857422 0.441406 0.855469
0 0.576172 0.851562 0.572266 0.851562 0.570312 0.853516 0.574219 0.857422 0.578125 0.853516
0 0.833984 0.851562 0.830078 0.855469 0.828125 0.855469 0.826172 0.857422 0.826172 0.861328 0.832031 0.867188 0.837891 0.867188 0.841797 0.863281 0.841797 0.857422 0.835938 0.851562
0 0.669922 0.857422 0.662109 0.857422 0.658203 0.859375 0.650391 0.869141 0.650391 0.875000 0.652344 0.876953 0.654297 0.884766 0.662109 0.890625 0.666016 0.890625 0.673828 0.884766 0.675781 0.876953 0.679688 0.873047 0.679688 0.867188 0.681641 0.865234 0.681641 0.863281 0.677734 0.859375 0.671875 0.859375
0 0.625000 0.859375 0.623047 0.861328 0.623047 0.863281 0.625000 0.865234 0.628906 0.865234 0.630859 0.863281 0.626953 0.859375
0 0.582031 0.863281 0.580078 0.865234 0.580078 0.867188 0.582031 0.869141 0.583984 0.869141 0.585938 0.867188 0.585938 0.865234 0.583984 0.863281
0 0.601562 0.867188 0.599609 0.869141 0.599609 0.871094 0.603516 0.875000 0.605469 0.875000 0.607422 0.873047 0.607422 0.869141 0.605469 0.867188
0 0.279297 0.906250 0.269531 0.974609 0.281250 0.998047 0.310547 0.998047 0.337891 0.958984 0.363281 0.972656 0.371094 0.998047 0.455078 0.998047 0.435547 0.962891 0.458984 0.949219 0.429688 0.931641 0.406250 0.929688 0.392578 0.955078 0.371094 0.923828 0.361328 0.929688 0.357422 0.947266 0.328125 0.949219 0.320312 0.941406 0.316406 0.921875 0.324219 0.912109 0.335938 0.927734 0.345703 0.923828 0.343750 0.912109 0.332031 0.904297 0.345703 0.892578 0.384766 0.923828 0.400391 0.916016 0.398438 0.904297 0.376953 0.880859 0.359375 0.875000 0.333984 0.878906 0.328125 0.871094
0 0.628906 0.876953 0.626953 0.878906 0.626953 0.882812 0.628906 0.884766 0.632812 0.880859
1 0.810547 0.949219 0.792969 0.939453 0.769531 0.896484 0.777344 0.888672 0.769531 0.875000 0.757812 0.888672 0.746094 0.886719 0.738281 0.906250 0.722656 0.916016 0.732422 0.935547 0.720703 0.945312 0.654297 0.964844 0.640625 0.949219 0.630859 0.960938 0.595703 0.957031 0.589844 0.966797 0.609375 0.984375 0.605469 0.994141 0.580078 0.982422 0.574219 0.962891 0.562500 0.972656 0.546875 0.957031 0.533203 0.955078 0.525391 0.970703 0.548828 0.986328 0.548828 0.998047 0.683594 0.998047 0.683594 0.990234 0.669922 0.982422 0.675781 0.974609 0.701172 0.976562 0.710938 0.988281 0.707031 0.998047 0.806641 0.998047 0.802734 0.962891
0 0.859375 0.875000 0.857422 0.876953 0.853516 0.876953 0.843750 0.884766 0.843750 0.894531 0.845703 0.898438 0.851562 0.904297 0.855469 0.906250 0.861328 0.904297 0.867188 0.896484 0.867188 0.882812
1 0.693359 0.878906 0.683594 0.888672 0.683594 0.892578 0.691406 0.900391 0.691406 0.904297 0.687500 0.910156 0.689453 0.917969 0.693359 0.921875 0.701172 0.921875 0.707031 0.917969 0.708984 0.908203 0.697266 0.898438 0.697266 0.894531 0.699219 0.892578 0.699219 0.882812
0 0.519531 0.884766 0.515625 0.888672 0.515625 0.892578 0.519531 0.896484 0.525391 0.896484 0.529297 0.892578 0.529297 0.888672 0.525391 0.884766
0 0.560547 0.884766 0.556641 0.884766 0.552734 0.888672 0.552734 0.890625 0.556641 0.894531 0.558594 0.894531 0.564453 0.888672
1 0.492188 0.886719 0.490234 0.888672 0.490234 0.896484 0.500000 0.906250 0.500000 0.914062 0.503906 0.917969 0.507812 0.914062 0.507812 0.912109 0.503906 0.906250 0.505859 0.896484 0.503906 0.894531 0.503906 0.892578 0.498047 0.886719
0 0.593750 0.886719 0.587891 0.892578 0.587891 0.894531 0.589844 0.896484 0.589844 0.906250 0.587891 0.908203 0.587891 0.910156 0.591797 0.914062 0.593750 0.912109 0.595703 0.912109 0.597656 0.910156 0.597656 0.908203 0.603516 0.902344 0.603516 0.896484 0.601562 0.894531 0.601562 0.892578 0.597656 0.888672 0.595703 0.888672
0 0.439453 0.917969 0.437500 0.919922 0.437500 0.921875 0.439453 0.923828 0.443359 0.923828 0.445312 0.921875 0.445312 0.919922 0.443359 0.917969
0 0.859375 0.921875 0.853516 0.921875 0.851562 0.923828 0.849609 0.923828 0.843750 0.929688 0.843750 0.937500 0.847656 0.941406 0.855469 0.941406 0.861328 0.935547 0.861328 0.933594 0.863281 0.931641 0.863281 0.927734
0 0.607422 0.927734 0.601562 0.927734 0.595703 0.933594 0.595703 0.937500 0.599609 0.941406 0.603516 0.941406 0.609375 0.935547 0.609375 0.929688
0 0.472656 0.943359 0.486328 0.951172 0.492188 0.957031 0.494141 0.955078 0.517578 0.953125 0.519531 0.951172 0.519531 0.939453 0.515625 0.935547 0.509766 0.935547 0.503906 0.931641 0.490234 0.931641 0.488281 0.933594 0.484375 0.933594
0 0.625000 0.933594 0.619141 0.939453 0.619141 0.945312 0.623047 0.949219 0.625000 0.949219 0.626953 0.951172 0.628906 0.949219 0.630859 0.949219 0.632812 0.947266 0.632812 0.939453 0.626953 0.933594
0 0.910156 0.933594 0.904297 0.937500 0.904297 0.943359 0.908203 0.949219 0.910156 0.949219 0.912109 0.951172 0.916016 0.951172 0.921875 0.945312 0.921875 0.939453 0.917969 0.935547 0.916016 0.935547 0.914062 0.933594
0 0.878906 0.953125 0.875000 0.957031 0.878906 0.960938 0.880859 0.958984 0.880859 0.955078
0 0.498047 0.994141 0.494141 0.990234 0.488281 0.996094 0.488281 0.998047 0.498047 0.998047
