0 0.693359 0.078125 0.687500 0.083984 0.687500 0.085938 0.689453 0.087891 0.693359 0.087891 0.697266 0.083984 0.695312 0.082031 0.695312 0.080078
0 0.712891 0.109375 0.710938 0.111328 0.712891 0.113281 0.714844 0.111328
1 0.000000 0.125000 0.039062 0.183594 0.000000 0.220703 0.054688 0.205078 0.000000 0.238281 0.000000 0.359375 0.066406 0.343750 0.000000 0.402344 0.011719 0.556641 0.068359 0.617188 0.130859 0.583984 0.181641 0.646484 0.158203 0.738281 0.238281 0.744141 0.214844 0.830078 0.310547 0.890625 0.261719 0.998047 0.376953 0.947266 0.470703 0.982422 0.425781 0.921875 0.562500 0.867188 0.632812 0.929688 0.615234 0.880859 0.695312 0.828125 0.638672 0.820312 0.654297 0.746094 0.580078 0.814453 0.498047 0.769531 0.544922 0.859375 0.324219 0.865234 0.255859 0.794922 0.332031 0.494141 0.173828 0.478516 0.238281 0.423828 0.330078 0.470703 0.330078 0.320312 0.271484 0.285156 0.318359 0.375000 0.220703 0.412109 0.244141 0.312500 0.085938 0.531250 0.033203 0.457031 0.138672 0.470703 0.138672 0.400391 0.076172 0.419922 0.128906 0.394531 0.105469 0.343750 0.220703 0.248047 0.210938 0.324219 0.269531 0.269531 0.179688 0.128906 0.189453 0.246094 0.095703 0.322266 0.091797 0.175781
0 0.611328 0.125000 0.607422 0.125000 0.603516 0.128906 0.609375 0.134766 0.613281 0.130859 0.613281 0.126953
0 0.164062 0.142578 0.162109 0.144531 0.162109 0.146484 0.166016 0.150391 0.167969 0.150391 0.169922 0.148438 0.169922 0.146484 0.167969 0.144531 0.166016 0.144531
0 0.140625 0.181641 0.136719 0.185547 0.136719 0.191406 0.138672 0.193359 0.140625 0.193359 0.142578 0.191406 0.142578 0.189453 0.144531 0.187500 0.144531 0.185547
0 0.757812 0.193359 0.753906 0.197266 0.757812 0.201172 0.761719 0.201172 0.763672 0.199219
0 0.134766 0.201172 0.132812 0.203125 0.134766 0.205078 0.136719 0.205078 0.138672 0.203125 0.136719 0.201172
0 0.744141 0.205078 0.740234 0.208984 0.744141 0.212891 0.748047 0.208984
0 0.716797 0.236328 0.714844 0.238281 0.716797 0.240234 0.718750 0.238281
0 0.712891 0.248047 0.708984 0.251953 0.708984 0.253906 0.710938 0.255859 0.714844 0.255859 0.716797 0.253906 0.716797 0.251953
0 0.578125 0.250000 0.574219 0.251953 0.564453 0.261719 0.564453 0.265625 0.578125 0.281250 0.582031 0.283203 0.587891 0.283203 0.595703 0.275391 0.595703 0.259766 0.587891 0.250000
0 0.324219 0.261719 0.320312 0.265625 0.324219 0.269531 0.326172 0.269531 0.330078 0.265625 0.326172 0.261719
0 0.361328 0.263672 0.357422 0.263672 0.353516 0.267578 0.363281 0.279297 0.363281 0.283203 0.349609 0.292969 0.351562 0.296875 0.363281 0.294922 0.375000 0.283203 0.375000 0.279297 0.363281 0.267578
0 0.843750 0.269531 0.841797 0.271484 0.841797 0.273438 0.843750 0.275391 0.845703 0.275391 0.847656 0.273438
0 0.716797 0.273438 0.714844 0.275391 0.716797 0.277344 0.718750 0.275391
0 0.523438 0.283203 0.513672 0.285156 0.498047 0.283203 0.490234 0.289062 0.488281 0.296875 0.490234 0.300781 0.484375 0.308594 0.484375 0.316406 0.488281 0.320312 0.496094 0.318359 0.505859 0.326172 0.509766 0.320312 0.503906 0.314453 0.503906 0.308594 0.515625 0.296875 0.523438 0.294922 0.527344 0.291016 0.527344 0.287109
0 0.337891 0.285156 0.335938 0.287109 0.333984 0.287109 0.332031 0.289062 0.332031 0.291016 0.330078 0.292969 0.330078 0.294922 0.333984 0.298828 0.337891 0.298828 0.343750 0.292969 0.343750 0.291016
0 0.712891 0.289062 0.710938 0.291016 0.710938 0.292969 0.708984 0.294922 0.710938 0.296875 0.710938 0.298828 0.712891 0.300781 0.720703 0.300781 0.724609 0.296875 0.724609 0.292969 0.720703 0.289062
0 0.259766 0.294922 0.257812 0.296875 0.257812 0.298828 0.261719 0.302734 0.265625 0.302734 0.267578 0.300781 0.267578 0.296875 0.265625 0.294922
0 0.541016 0.292969 0.533203 0.300781 0.531250 0.304688 0.531250 0.314453 0.533203 0.316406 0.533203 0.320312 0.537109 0.324219 0.541016 0.326172 0.546875 0.326172 0.552734 0.320312 0.556641 0.312500 0.556641 0.300781 0.550781 0.292969
0 0.183594 0.302734 0.181641 0.304688 0.183594 0.306641 0.185547 0.304688
0 0.328125 0.300781 0.326172 0.302734 0.328125 0.304688 0.330078 0.302734
1 0.447266 0.306641 0.447266 0.310547 0.451172 0.314453 0.455078 0.314453 0.457031 0.316406 0.464844 0.316406 0.466797 0.314453 0.466797 0.312500 0.462891 0.308594 0.458984 0.308594 0.457031 0.306641 0.453125 0.306641 0.451172 0.304688 0.449219 0.304688
0 0.369141 0.310547 0.367188 0.312500 0.367188 0.314453 0.371094 0.318359 0.373047 0.318359 0.375000 0.316406 0.375000 0.312500 0.373047 0.310547
0 0.431641 0.308594 0.417969 0.312500 0.400391 0.337891 0.400391 0.343750 0.408203 0.355469 0.404297 0.359375 0.398438 0.359375 0.396484 0.363281 0.400391 0.367188 0.408203 0.365234 0.417969 0.375000 0.425781 0.375000 0.435547 0.361328 0.435547 0.351562 0.414062 0.337891 0.414062 0.332031 0.433594 0.310547
0 0.388672 0.320312 0.386719 0.320312 0.382812 0.324219 0.382812 0.328125 0.384766 0.330078 0.388672 0.330078 0.392578 0.326172 0.392578 0.324219
0 0.160156 0.328125 0.160156 0.330078 0.162109 0.332031 0.164062 0.332031 0.167969 0.335938 0.169922 0.333984 0.171875 0.333984 0.173828 0.335938 0.175781 0.333984 0.175781 0.332031 0.169922 0.326172 0.166016 0.326172 0.164062 0.324219
0 0.453125 0.328125 0.451172 0.330078 0.453125 0.332031 0.455078 0.330078
0 0.265625 0.335938 0.263672 0.337891 0.263672 0.339844 0.265625 0.341797 0.267578 0.341797 0.269531 0.339844
0 0.029297 0.349609 0.027344 0.351562 0.029297 0.353516 0.031250 0.353516 0.033203 0.351562 0.031250 0.349609
0 0.925781 0.353516 0.923828 0.353516 0.921875 0.355469 0.921875 0.357422 0.923828 0.359375 0.927734 0.355469
0 0.265625 0.365234 0.263672 0.367188 0.263672 0.369141 0.265625 0.371094 0.267578 0.371094 0.269531 0.369141 0.269531 0.367188 0.267578 0.365234
0 0.380859 0.367188 0.378906 0.369141 0.378906 0.373047 0.380859 0.375000 0.382812 0.375000 0.384766 0.373047 0.384766 0.371094
0 0.554688 0.384766 0.554688 0.386719 0.558594 0.390625 0.562500 0.390625 0.564453 0.392578 0.570312 0.392578 0.574219 0.388672 0.574219 0.386719 0.568359 0.380859 0.558594 0.380859
0 0.621094 0.384766 0.619141 0.386719 0.621094 0.388672 0.623047 0.386719
0 0.671875 0.388672 0.667969 0.392578 0.667969 0.396484 0.666016 0.398438 0.667969 0.400391 0.667969 0.406250 0.673828 0.412109 0.681641 0.412109 0.685547 0.408203 0.685547 0.394531 0.679688 0.388672
0 0.371094 0.396484 0.369141 0.398438 0.369141 0.400391 0.373047 0.404297 0.376953 0.400391 0.373047 0.396484
0 0.099609 0.400391 0.097656 0.402344 0.097656 0.404297 0.099609 0.406250 0.101562 0.404297 0.101562 0.402344
0 0.587891 0.404297 0.585938 0.406250 0.583984 0.406250 0.582031 0.408203 0.582031 0.410156 0.583984 0.412109 0.583984 0.414062 0.585938 0.416016 0.589844 0.416016 0.591797 0.414062 0.591797 0.408203
0 0.400391 0.406250 0.396484 0.406250 0.392578 0.410156 0.392578 0.412109 0.398438 0.417969 0.402344 0.414062 0.402344 0.408203
0 0.490234 0.408203 0.486328 0.412109 0.486328 0.414062 0.484375 0.416016 0.486328 0.417969 0.488281 0.416016 0.490234 0.416016 0.494141 0.412109
0 0.607422 0.408203 0.603516 0.412109 0.603516 0.417969 0.609375 0.423828 0.617188 0.423828 0.621094 0.419922 0.621094 0.416016 0.617188 0.412109 0.615234 0.412109 0.611328 0.408203
0 0.500000 0.423828 0.498047 0.425781 0.500000 0.427734 0.501953 0.425781
0 0.576172 0.429688 0.568359 0.437500 0.568359 0.443359 0.566406 0.445312 0.570312 0.453125 0.574219 0.457031 0.587891 0.457031 0.595703 0.447266 0.595703 0.439453 0.587891 0.431641 0.583984 0.429688
1 0.343750 0.435547 0.341797 0.437500 0.339844 0.443359 0.343750 0.449219 0.343750 0.457031 0.345703 0.458984 0.347656 0.458984 0.349609 0.457031 0.349609 0.453125 0.347656 0.451172 0.349609 0.449219 0.349609 0.447266 0.353516 0.441406 0.347656 0.435547
0 0.457031 0.433594 0.455078 0.435547 0.458984 0.439453 0.460938 0.437500 0.460938 0.435547 0.458984 0.433594
0 0.375000 0.447266 0.371094 0.451172 0.375000 0.455078 0.376953 0.455078 0.378906 0.453125 0.378906 0.449219 0.376953 0.447266
0 0.281250 0.464844 0.279297 0.464844 0.277344 0.466797 0.275391 0.466797 0.273438 0.468750 0.273438 0.474609 0.275391 0.476562 0.279297 0.476562 0.285156 0.470703 0.285156 0.468750
0 0.210938 0.470703 0.207031 0.474609 0.208984 0.476562 0.210938 0.476562 0.212891 0.474609 0.212891 0.472656
0 0.933594 0.470703 0.931641 0.472656 0.935547 0.476562 0.937500 0.474609 0.937500 0.472656 0.935547 0.470703
0 0.414062 0.492188 0.410156 0.496094 0.414062 0.500000 0.416016 0.498047 0.414062 0.496094 0.416016 0.494141
0 0.607422 0.494141 0.601562 0.500000 0.601562 0.505859 0.603516 0.507812 0.603516 0.511719 0.607422 0.515625 0.609375 0.515625 0.611328 0.517578 0.617188 0.517578 0.623047 0.511719 0.623047 0.505859 0.621094 0.503906 0.621094 0.501953 0.615234 0.496094 0.609375 0.496094
0 0.373047 0.496094 0.371094 0.498047 0.371094 0.501953 0.369141 0.503906 0.369141 0.505859 0.371094 0.507812 0.373047 0.507812 0.375000 0.505859 0.375000 0.503906 0.376953 0.501953 0.376953 0.500000
0 0.515625 0.503906 0.511719 0.507812 0.515625 0.511719 0.517578 0.511719 0.519531 0.509766 0.519531 0.507812
0 0.382812 0.511719 0.380859 0.513672 0.380859 0.515625 0.378906 0.517578 0.380859 0.519531 0.380859 0.521484 0.386719 0.527344 0.388672 0.527344 0.390625 0.525391 0.390625 0.519531 0.386719 0.515625 0.386719 0.513672 0.384766 0.511719
0 0.363281 0.533203 0.359375 0.533203 0.353516 0.539062 0.353516 0.541016 0.359375 0.546875 0.361328 0.544922 0.363281 0.544922 0.367188 0.541016 0.367188 0.537109
0 0.462891 0.531250 0.460938 0.533203 0.460938 0.539062 0.462891 0.541016 0.466797 0.541016 0.468750 0.539062 0.468750 0.537109 0.466797 0.535156 0.466797 0.533203 0.464844 0.531250
0 0.625000 0.535156 0.621094 0.535156 0.617188 0.537109 0.605469 0.548828 0.603516 0.552734 0.603516 0.556641 0.607422 0.562500 0.611328 0.564453 0.619141 0.564453 0.626953 0.560547 0.632812 0.554688 0.632812 0.544922
0 0.683594 0.546875 0.681641 0.548828 0.681641 0.550781 0.685547 0.554688 0.687500 0.554688 0.691406 0.550781 0.687500 0.546875
0 0.400391 0.556641 0.398438 0.556641 0.394531 0.560547 0.394531 0.564453 0.396484 0.566406 0.398438 0.566406 0.404297 0.560547
0 0.398438 0.570312 0.396484 0.572266 0.396484 0.574219 0.398438 0.576172 0.400391 0.576172 0.402344 0.574219
0 0.382812 0.574219 0.380859 0.576172 0.382812 0.578125 0.384766 0.576172
0 0.447266 0.580078 0.443359 0.583984 0.443359 0.587891 0.445312 0.589844 0.445312 0.593750 0.451172 0.599609 0.455078 0.599609 0.460938 0.593750 0.460938 0.591797 0.451172 0.582031 0.449219 0.582031
0 0.732422 0.589844 0.730469 0.591797 0.730469 0.593750 0.734375 0.597656 0.738281 0.593750 0.734375 0.589844
0 0.388672 0.597656 0.386719 0.599609 0.390625 0.603516 0.392578 0.601562 0.392578 0.599609 0.390625 0.597656
0 0.410156 0.603516 0.406250 0.607422 0.410156 0.611328 0.414062 0.607422
0 0.562500 0.601562 0.558594 0.605469 0.560547 0.607422 0.562500 0.607422 0.564453 0.605469 0.564453 0.603516
0 0.435547 0.605469 0.433594 0.605469 0.429688 0.609375 0.431641 0.611328 0.431641 0.613281 0.433594 0.615234 0.439453 0.609375
0 0.486328 0.617188 0.484375 0.619141 0.486328 0.621094 0.488281 0.619141
0 0.652344 0.617188 0.648438 0.617188 0.646484 0.619141 0.650391 0.623047 0.654297 0.619141
0 0.421875 0.623047 0.419922 0.625000 0.419922 0.626953 0.421875 0.628906 0.423828 0.628906 0.425781 0.626953
1 0.671875 0.628906 0.662109 0.640625 0.660156 0.654297 0.671875 0.664062 0.667969 0.675781 0.671875 0.681641 0.677734 0.683594 0.687500 0.673828 0.687500 0.662109 0.679688 0.654297 0.681641 0.646484 0.679688 0.632812 0.675781 0.628906
0 0.761719 0.638672 0.759766 0.640625 0.759766 0.644531 0.765625 0.650391 0.767578 0.648438 0.767578 0.642578 0.763672 0.638672
0 0.351562 0.652344 0.347656 0.656250 0.347656 0.660156 0.359375 0.669922 0.353516 0.677734 0.353516 0.681641 0.357422 0.685547 0.365234 0.677734 0.373047 0.683594 0.378906 0.677734 0.378906 0.673828 0.371094 0.666016 0.375000 0.660156
0 0.501953 0.667969 0.498047 0.667969 0.496094 0.669922 0.498047 0.671875 0.496094 0.673828 0.496094 0.675781 0.500000 0.679688 0.503906 0.675781 0.503906 0.669922
0 0.619141 0.667969 0.613281 0.667969 0.605469 0.675781 0.605469 0.685547 0.603516 0.687500 0.603516 0.691406 0.607422 0.695312 0.611328 0.695312 0.613281 0.693359 0.619141 0.691406 0.626953 0.683594 0.626953 0.681641 0.628906 0.679688 0.626953 0.677734 0.626953 0.675781
0 0.302734 0.675781 0.300781 0.677734 0.304688 0.681641 0.306641 0.681641 0.308594 0.679688 0.308594 0.677734 0.306641 0.675781
0 0.328125 0.677734 0.324219 0.677734 0.322266 0.679688 0.322266 0.681641 0.324219 0.683594 0.326172 0.683594 0.330078 0.679688
0 0.656250 0.681641 0.650391 0.687500 0.650391 0.691406 0.652344 0.693359 0.652344 0.697266 0.654297 0.699219 0.654297 0.701172 0.662109 0.708984 0.664062 0.708984 0.666016 0.707031 0.664062 0.705078 0.664062 0.699219 0.666016 0.697266 0.666016 0.691406 0.664062 0.689453 0.664062 0.687500 0.660156 0.683594 0.658203 0.683594
0 0.332031 0.699219 0.328125 0.703125 0.332031 0.707031 0.335938 0.703125
0 0.726562 0.701172 0.724609 0.701172 0.720703 0.705078 0.724609 0.708984 0.726562 0.707031 0.728516 0.707031 0.730469 0.705078
0 0.759766 0.703125 0.757812 0.703125 0.751953 0.708984 0.751953 0.710938 0.750000 0.712891 0.753906 0.716797 0.755859 0.716797 0.759766 0.712891 0.759766 0.710938 0.761719 0.708984 0.761719 0.705078
0 0.882812 0.703125 0.880859 0.705078 0.882812 0.707031 0.884766 0.705078
0 0.281250 0.708984 0.279297 0.710938 0.279297 0.716797 0.281250 0.718750 0.287109 0.718750 0.291016 0.714844 0.291016 0.712891 0.289062 0.710938 0.285156 0.710938 0.283203 0.708984
0 0.935547 0.726562 0.935547 0.734375 0.941406 0.740234 0.947266 0.740234 0.960938 0.732422 0.958984 0.730469 0.958984 0.726562 0.953125 0.720703 0.949219 0.720703 0.947266 0.718750 0.943359 0.718750 0.941406 0.720703 0.939453 0.720703
1 0.294922 0.722656 0.292969 0.724609 0.292969 0.726562 0.294922 0.728516 0.292969 0.730469 0.292969 0.732422 0.287109 0.738281 0.287109 0.740234 0.291016 0.744141 0.294922 0.744141 0.296875 0.742188 0.296875 0.738281 0.298828 0.736328 0.298828 0.732422 0.300781 0.730469 0.300781 0.728516
1 0.363281 0.730469 0.359375 0.726562 0.357422 0.726562 0.349609 0.734375 0.343750 0.734375 0.341797 0.736328 0.341797 0.744141 0.337891 0.748047 0.332031 0.748047 0.326172 0.742188 0.326172 0.738281 0.328125 0.736328 0.328125 0.732422 0.326172 0.730469 0.324219 0.732422 0.320312 0.732422 0.314453 0.738281 0.308594 0.740234 0.304688 0.744141 0.308594 0.748047 0.312500 0.746094 0.320312 0.746094 0.328125 0.753906 0.328125 0.757812 0.332031 0.761719 0.339844 0.761719 0.347656 0.753906 0.349609 0.755859 0.353516 0.751953 0.353516 0.748047 0.363281 0.736328
1 0.554688 0.736328 0.546875 0.744141 0.548828 0.757812 0.562500 0.771484 0.572266 0.771484 0.576172 0.775391 0.574219 0.783203 0.578125 0.791016 0.582031 0.792969 0.591797 0.791016 0.597656 0.785156 0.597656 0.775391 0.583984 0.765625 0.582031 0.748047 0.568359 0.734375
0 0.718750 0.734375 0.716797 0.736328 0.716797 0.738281 0.714844 0.740234 0.718750 0.744141 0.720703 0.744141 0.724609 0.740234 0.724609 0.738281 0.720703 0.734375
0 0.271484 0.748047 0.265625 0.753906 0.265625 0.759766 0.269531 0.763672 0.275391 0.765625 0.281250 0.771484 0.285156 0.771484 0.287109 0.769531 0.287109 0.763672 0.285156 0.761719 0.285156 0.757812 0.283203 0.755859 0.283203 0.751953 0.279297 0.748047 0.277344 0.750000 0.273438 0.750000
0 0.810547 0.748047 0.808594 0.750000 0.808594 0.751953 0.810547 0.753906 0.812500 0.751953 0.812500 0.750000
0 0.886719 0.751953 0.884766 0.753906 0.884766 0.757812 0.888672 0.761719 0.890625 0.759766 0.890625 0.755859
0 0.689453 0.757812 0.689453 0.759766 0.691406 0.761719 0.699219 0.761719 0.701172 0.759766 0.701172 0.755859 0.699219 0.753906 0.693359 0.753906
0 0.906250 0.755859 0.902344 0.759766 0.902344 0.761719 0.904297 0.763672 0.906250 0.763672 0.910156 0.759766
0 0.724609 0.765625 0.718750 0.773438 0.718750 0.779297 0.720703 0.781250 0.720703 0.783203 0.728516 0.789062 0.736328 0.789062 0.738281 0.787109 0.740234 0.787109 0.742188 0.785156 0.742188 0.771484 0.736328 0.765625 0.730469 0.765625 0.728516 0.767578 0.726562 0.767578
0 0.546875 0.771484 0.544922 0.773438 0.544922 0.775391 0.542969 0.777344 0.544922 0.779297 0.546875 0.779297 0.548828 0.781250 0.552734 0.777344 0.552734 0.775391 0.548828 0.771484
0 0.755859 0.773438 0.753906 0.775391 0.753906 0.777344 0.755859 0.779297 0.757812 0.777344 0.757812 0.775391
0 0.279297 0.787109 0.277344 0.789062 0.279297 0.791016 0.281250 0.791016 0.283203 0.789062 0.281250 0.787109
0 0.972656 0.785156 0.966797 0.791016 0.970703 0.794922 0.972656 0.792969 0.974609 0.792969 0.976562 0.791016 0.976562 0.789062
0 0.810547 0.789062 0.808594 0.791016 0.808594 0.794922 0.810547 0.796875 0.810547 0.798828 0.812500 0.800781 0.816406 0.796875 0.816406 0.792969 0.812500 0.789062
1 0.748047 0.804688 0.744141 0.800781 0.740234 0.802734 0.732422 0.802734 0.730469 0.800781 0.724609 0.802734 0.710938 0.818359 0.712891 0.824219 0.710938 0.828125 0.712891 0.830078 0.708984 0.833984 0.710938 0.835938 0.714844 0.833984 0.712891 0.830078 0.724609 0.816406 0.728516 0.816406 0.734375 0.822266 0.740234 0.824219 0.744141 0.820312 0.742188 0.816406
1 0.769531 0.810547 0.763672 0.816406 0.763672 0.820312 0.765625 0.822266 0.765625 0.826172 0.779297 0.837891 0.777344 0.843750 0.781250 0.849609 0.789062 0.843750 0.789062 0.841797 0.783203 0.835938 0.783203 0.832031 0.789062 0.826172 0.789062 0.822266 0.783203 0.814453
0 0.488281 0.814453 0.484375 0.818359 0.484375 0.822266 0.488281 0.826172 0.492188 0.826172 0.494141 0.824219 0.494141 0.818359 0.492188 0.816406 0.490234 0.816406
0 0.515625 0.818359 0.511719 0.822266 0.515625 0.826172 0.517578 0.826172 0.521484 0.822266 0.517578 0.818359
0 0.751953 0.828125 0.750000 0.830078 0.750000 0.832031 0.753906 0.835938 0.757812 0.832031 0.753906 0.828125
0 0.929688 0.828125 0.925781 0.832031 0.925781 0.841797 0.929688 0.845703 0.933594 0.845703 0.937500 0.841797 0.937500 0.839844 0.939453 0.837891 0.939453 0.833984 0.937500 0.832031 0.937500 0.830078 0.935547 0.828125
0 0.998047 0.835938 0.996094 0.833984 0.988281 0.833984 0.986328 0.835938 0.984375 0.835938 0.980469 0.841797 0.980469 0.847656 0.982422 0.849609 0.988281 0.849609 0.990234 0.847656 0.994141 0.847656 0.998047 0.843750
1 0.736328 0.835938 0.726562 0.837891 0.714844 0.849609 0.714844 0.853516 0.722656 0.855469 0.726562 0.861328 0.714844 0.873047 0.708984 0.871094 0.703125 0.876953 0.703125 0.882812 0.707031 0.886719 0.714844 0.884766 0.722656 0.875000 0.726562 0.876953 0.736328 0.859375 0.746094 0.857422 0.740234 0.843750 0.742188 0.841797
0 0.765625 0.835938 0.763672 0.837891 0.765625 0.839844 0.763672 0.841797 0.765625 0.843750 0.769531 0.843750 0.771484 0.841797
0 0.822266 0.851562 0.820312 0.849609 0.818359 0.849609 0.814453 0.853516 0.816406 0.855469 0.820312 0.855469 0.822266 0.853516
0 0.691406 0.851562 0.685547 0.857422 0.685547 0.861328 0.687500 0.863281 0.689453 0.863281 0.693359 0.859375 0.693359 0.853516
0 0.951172 0.851562 0.947266 0.851562 0.945312 0.853516 0.945312 0.857422 0.949219 0.861328 0.953125 0.857422 0.953125 0.853516
1 0.802734 0.863281 0.798828 0.859375 0.794922 0.859375 0.791016 0.863281 0.785156 0.865234 0.779297 0.871094 0.777344 0.869141 0.773438 0.871094 0.769531 0.875000 0.769531 0.876953 0.773438 0.880859 0.777344 0.880859 0.785156 0.875000 0.787109 0.876953 0.794922 0.871094 0.796875 0.871094 0.802734 0.865234
0 0.794922 0.896484 0.798828 0.902344 0.804688 0.896484 0.808594 0.896484 0.812500 0.900391 0.820312 0.900391 0.824219 0.896484 0.824219 0.892578 0.822266 0.890625 0.822266 0.888672 0.816406 0.882812 0.814453 0.882812 0.812500 0.880859 0.806641 0.880859 0.802734 0.884766 0.802734 0.888672
0 0.660156 0.896484 0.662109 0.898438 0.664062 0.898438 0.669922 0.904297 0.677734 0.904297 0.683594 0.898438 0.681641 0.892578 0.675781 0.888672 0.667969 0.888672
0 0.945312 0.896484 0.943359 0.896484 0.941406 0.898438 0.937500 0.898438 0.935547 0.900391 0.935547 0.902344 0.933594 0.904297 0.933594 0.908203 0.939453 0.914062 0.941406 0.914062 0.947266 0.908203 0.945312 0.906250 0.947266 0.904297 0.947266 0.898438
1 0.998047 0.896484 0.994141 0.900391 0.994141 0.906250 0.998047 0.910156
0 0.753906 0.900391 0.748047 0.900391 0.746094 0.902344 0.744141 0.902344 0.738281 0.908203 0.738281 0.916016 0.742188 0.919922 0.746094 0.919922 0.748047 0.921875 0.750000 0.921875 0.757812 0.914062 0.757812 0.904297
0 0.861328 0.910156 0.863281 0.912109 0.865234 0.912109 0.869141 0.916016 0.873047 0.916016 0.875000 0.914062 0.876953 0.914062 0.878906 0.912109 0.871094 0.904297 0.865234 0.904297 0.863281 0.906250 0.863281 0.908203
0 0.560547 0.912109 0.560547 0.916016 0.566406 0.921875 0.572266 0.921875 0.574219 0.919922 0.576172 0.919922 0.580078 0.914062 0.580078 0.912109 0.576172 0.908203 0.574219 0.908203 0.572266 0.906250 0.566406 0.906250
1 0.953125 0.921875 0.953125 0.929688 0.958984 0.935547 0.962891 0.933594 0.968750 0.937500 0.974609 0.933594 0.980469 0.939453 0.982422 0.945312 0.998047 0.933594 0.998047 0.927734 0.988281 0.919922 0.976562 0.931641 0.962891 0.917969 0.957031 0.917969
0 0.791016 0.929688 0.789062 0.931641 0.789062 0.935547 0.794922 0.941406 0.796875 0.941406 0.798828 0.943359 0.800781 0.943359 0.802734 0.941406 0.802734 0.939453 0.800781 0.937500 0.800781 0.935547 0.794922 0.929688
0 0.597656 0.935547 0.597656 0.937500 0.603516 0.943359 0.605469 0.941406 0.607422 0.941406 0.609375 0.939453 0.609375 0.937500 0.605469 0.933594 0.599609 0.933594
0 0.666016 0.933594 0.664062 0.935547 0.664062 0.937500 0.666016 0.939453 0.667969 0.937500 0.667969 0.935547
0 0.910156 0.933594 0.908203 0.933594 0.904297 0.937500 0.904297 0.943359 0.906250 0.945312 0.908203 0.945312 0.910156 0.943359 0.910156 0.939453 0.912109 0.937500 0.912109 0.935547
0 0.542969 0.939453 0.541016 0.939453 0.539062 0.941406 0.539062 0.943359 0.541016 0.945312 0.544922 0.941406
0 0.697266 0.937500 0.693359 0.941406 0.693359 0.947266 0.699219 0.953125 0.705078 0.953125 0.708984 0.949219 0.708984 0.943359 0.703125 0.937500
1 0.779297 0.937500 0.775391 0.941406 0.775391 0.943359 0.779297 0.949219 0.779297 0.958984 0.781250 0.960938 0.785156 0.960938 0.787109 0.958984 0.787109 0.955078 0.789062 0.953125 0.787109 0.951172 0.787109 0.945312 0.785156 0.943359 0.785156 0.941406 0.781250 0.937500
0 0.923828 0.945312 0.921875 0.947266 0.923828 0.949219 0.925781 0.947266
0 0.884766 0.951172 0.878906 0.951172 0.876953 0.953125 0.876953 0.958984 0.875000 0.960938 0.875000 0.964844 0.876953 0.966797 0.878906 0.966797 0.880859 0.968750 0.884766 0.964844 0.884766 0.955078 0.886719 0.953125
0 0.509766 0.955078 0.507812 0.957031 0.507812 0.958984 0.505859 0.960938 0.505859 0.964844 0.509766 0.968750 0.515625 0.968750 0.521484 0.962891 0.521484 0.958984 0.517578 0.955078
1 0.533203 0.960938 0.531250 0.968750 0.539062 0.978516 0.560547 0.984375 0.566406 0.992188 0.564453 0.998047 0.580078 0.998047 0.572266 0.982422 0.552734 0.958984 0.539062 0.957031
0 0.742188 0.958984 0.738281 0.962891 0.738281 0.964844 0.742188 0.968750 0.744141 0.968750 0.748047 0.964844 0.748047 0.962891 0.744141 0.958984
0 0.859375 0.957031 0.857422 0.958984 0.857422 0.960938 0.855469 0.962891 0.859375 0.966797 0.861328 0.966797 0.865234 0.962891 0.865234 0.960938 0.861328 0.957031
1 0.982422 0.957031 0.980469 0.958984 0.978516 0.958984 0.976562 0.960938 0.976562 0.962891 0.972656 0.966797 0.972656 0.968750 0.974609 0.970703 0.978516 0.970703 0.980469 0.968750 0.980469 0.966797 0.984375 0.962891 0.984375 0.958984
0 0.703125 0.964844 0.701172 0.964844 0.699219 0.966797 0.699219 0.968750 0.701172 0.970703 0.705078 0.966797
0 0.599609 0.968750 0.589844 0.978516 0.587891 0.982422 0.595703 0.998047 0.615234 0.998047 0.619141 0.990234 0.619141 0.978516 0.617188 0.974609 0.611328 0.968750
0 0.761719 0.970703 0.759766 0.968750 0.757812 0.968750 0.753906 0.972656 0.755859 0.974609 0.759766 0.974609 0.761719 0.972656
0 0.785156 0.970703 0.783203 0.970703 0.781250 0.972656 0.781250 0.974609 0.783203 0.976562 0.787109 0.972656
0 0.849609 0.980469 0.843750 0.986328 0.845703 0.988281 0.845703 0.990234 0.849609 0.994141 0.851562 0.994141 0.857422 0.988281 0.857422 0.986328 0.851562 0.980469
1 0.890625 0.988281 0.890625 0.990234 0.892578 0.992188 0.896484 0.992188 0.898438 0.994141 0.900391 0.994141 0.902344 0.992188 0.906250 0.996094 0.906250 0.998047 0.917969 0.998047 0.917969 0.992188 0.914062 0.988281 0.912109 0.988281 0.902344 0.982422 0.898438 0.982422 0.896484 0.980469 0.894531 0.982422 0.894531 0.984375
0 0.669922 0.986328 0.667969 0.988281 0.669922 0.990234 0.671875 0.988281
0 0.681641 0.988281 0.679688 0.990234 0.681641 0.992188 0.683594 0.990234
1 0.964844 0.998047 0.976562 0.998047 0.972656 0.994141 0.968750 0.994141
