1 0.000000 0.027344 0.000000 0.033203 0.001953 0.031250 0.001953 0.029297
0 0.000000 0.070312 0.000000 0.089844 0.009766 0.082031 0.015625 0.080078 0.023438 0.080078 0.031250 0.083984 0.037109 0.082031 0.041016 0.083984 0.044922 0.089844 0.035156 0.107422 0.037109 0.109375 0.048828 0.095703 0.056641 0.103516 0.058594 0.111328 0.060547 0.113281 0.062500 0.111328 0.058594 0.087891 0.052734 0.076172 0.058594 0.070312 0.064453 0.070312 0.066406 0.068359 0.064453 0.064453 0.060547 0.064453 0.050781 0.058594 0.037109 0.058594 0.035156 0.060547 0.019531 0.062500 0.009766 0.068359
1 0.033203 0.113281 0.009766 0.166016 0.000000 0.171875 0.000000 0.214844 0.005859 0.218750 0.019531 0.207031 0.039062 0.199219 0.050781 0.179688 0.041016 0.179688 0.033203 0.169922 0.050781 0.136719 0.035156 0.138672 0.029297 0.132812
0 0.058594 0.121094 0.054688 0.125000 0.054688 0.126953 0.052734 0.128906 0.054688 0.130859 0.056641 0.128906 0.058594 0.128906 0.060547 0.126953 0.060547 0.123047
0 0.648438 0.195312 0.642578 0.201172 0.642578 0.205078 0.646484 0.210938 0.648438 0.210938 0.650391 0.212891 0.654297 0.212891 0.660156 0.208984 0.660156 0.201172 0.654297 0.195312
1 0.000000 0.230469 0.000000 0.251953 0.148438 0.261719 0.037109 0.332031 0.000000 0.273438 0.021484 0.365234 0.000000 0.392578 0.000000 0.546875 0.042969 0.550781 0.060547 0.611328 0.123047 0.595703 0.130859 0.681641 0.179688 0.677734 0.212891 0.814453 0.283203 0.789062 0.300781 0.750000 0.357422 0.740234 0.394531 0.683594 0.417969 0.765625 0.447266 0.683594 0.427734 0.658203 0.457031 0.646484 0.451172 0.619141 0.494141 0.613281 0.431641 0.605469 0.414062 0.513672 0.337891 0.453125 0.369141 0.412109 0.414062 0.431641 0.417969 0.398438 0.378906 0.384766 0.330078 0.439453 0.238281 0.353516 0.261719 0.375000 0.255859 0.427734 0.197266 0.396484 0.232422 0.316406 0.193359 0.251953
0 0.742188 0.230469 0.738281 0.234375 0.738281 0.242188 0.742188 0.246094 0.744141 0.246094 0.746094 0.248047 0.748047 0.248047 0.753906 0.242188 0.753906 0.238281 0.751953 0.236328 0.751953 0.234375 0.750000 0.232422 0.748047 0.232422 0.746094 0.230469
1 0.046875 0.255859 0.044922 0.253906 0.041016 0.257812 0.039062 0.257812 0.037109 0.259766 0.039062 0.261719 0.042969 0.257812 0.044922 0.257812
0 0.033203 0.265625 0.031250 0.267578 0.031250 0.269531 0.033203 0.271484 0.035156 0.271484 0.037109 0.269531
0 0.839844 0.275391 0.835938 0.279297 0.835938 0.283203 0.837891 0.285156 0.841797 0.285156 0.845703 0.281250
0 0.162109 0.289062 0.160156 0.291016 0.162109 0.292969 0.164062 0.292969 0.166016 0.291016 0.164062 0.289062
0 0.160156 0.308594 0.154297 0.308594 0.148438 0.312500 0.144531 0.312500 0.142578 0.314453 0.140625 0.314453 0.134766 0.320312 0.138672 0.324219 0.140625 0.324219 0.142578 0.322266 0.142578 0.320312 0.148438 0.314453 0.160156 0.314453 0.164062 0.318359 0.164062 0.324219 0.158203 0.330078 0.156250 0.330078 0.154297 0.332031 0.156250 0.333984 0.156250 0.339844 0.152344 0.345703 0.154297 0.347656 0.158203 0.343750 0.162109 0.343750 0.164062 0.341797 0.164062 0.339844 0.166016 0.337891 0.164062 0.332031 0.167969 0.326172 0.167969 0.320312 0.164062 0.316406 0.164062 0.314453
0 0.548828 0.312500 0.546875 0.314453 0.548828 0.316406 0.550781 0.316406 0.552734 0.314453 0.550781 0.312500
0 0.148438 0.328125 0.146484 0.330078 0.148438 0.332031 0.150391 0.330078
0 0.257812 0.335938 0.255859 0.337891 0.255859 0.339844 0.257812 0.341797 0.259766 0.339844 0.259766 0.337891
0 0.441406 0.357422 0.437500 0.361328 0.439453 0.363281 0.441406 0.363281 0.443359 0.361328 0.443359 0.359375
0 0.699219 0.357422 0.693359 0.363281 0.693359 0.367188 0.699219 0.373047 0.703125 0.373047 0.708984 0.367188 0.708984 0.363281 0.703125 0.357422
0 0.541016 0.363281 0.539062 0.365234 0.537109 0.365234 0.531250 0.371094 0.531250 0.378906 0.539062 0.386719 0.544922 0.386719 0.546875 0.384766 0.548828 0.384766 0.554688 0.378906 0.554688 0.369141 0.544922 0.363281
0 0.378906 0.373047 0.375000 0.369141 0.363281 0.369141 0.361328 0.371094 0.355469 0.371094 0.351562 0.375000 0.351562 0.384766 0.353516 0.386719 0.355469 0.386719 0.357422 0.384766 0.361328 0.384766 0.363281 0.382812 0.367188 0.382812 0.369141 0.380859 0.375000 0.380859 0.378906 0.376953
0 0.960938 0.384766 0.958984 0.386719 0.958984 0.388672 0.960938 0.390625 0.962891 0.390625 0.964844 0.388672
0 0.488281 0.433594 0.484375 0.437500 0.484375 0.439453 0.488281 0.443359 0.492188 0.439453 0.492188 0.437500
0 0.628906 0.433594 0.626953 0.435547 0.628906 0.437500 0.630859 0.435547
0 0.761719 0.457031 0.759766 0.458984 0.763672 0.462891 0.765625 0.460938 0.765625 0.458984 0.763672 0.457031
0 0.453125 0.460938 0.449219 0.464844 0.449219 0.466797 0.453125 0.470703 0.457031 0.470703 0.460938 0.466797 0.460938 0.462891 0.458984 0.460938
0 0.429688 0.482422 0.427734 0.484375 0.427734 0.486328 0.429688 0.488281 0.431641 0.488281 0.433594 0.486328 0.433594 0.484375 0.431641 0.482422
0 0.513672 0.482422 0.511719 0.484375 0.513672 0.486328 0.515625 0.486328 0.517578 0.484375 0.515625 0.482422
0 0.970703 0.480469 0.968750 0.482422 0.970703 0.484375 0.972656 0.484375 0.974609 0.482422 0.972656 0.480469
0 0.414062 0.492188 0.410156 0.492188 0.408203 0.494141 0.412109 0.498047 0.416016 0.494141
0 0.630859 0.492188 0.628906 0.494141 0.630859 0.496094 0.632812 0.496094 0.634766 0.494141 0.632812 0.492188
1 0.242188 0.519531 0.244141 0.521484 0.255859 0.521484 0.257812 0.519531 0.255859 0.517578 0.244141 0.517578
0 0.638672 0.515625 0.634766 0.519531 0.634766 0.525391 0.636719 0.527344 0.638672 0.527344 0.642578 0.523438 0.642578 0.519531
0 0.222656 0.521484 0.226562 0.525391 0.228516 0.523438 0.230469 0.523438 0.232422 0.521484 0.230469 0.519531 0.224609 0.519531
0 0.556641 0.527344 0.550781 0.531250 0.550781 0.533203 0.548828 0.535156 0.548828 0.541016 0.556641 0.548828 0.560547 0.548828 0.566406 0.544922 0.566406 0.542969 0.568359 0.541016 0.568359 0.535156 0.564453 0.529297 0.562500 0.529297 0.560547 0.527344
1 0.251953 0.535156 0.250000 0.533203 0.248047 0.533203 0.244141 0.537109 0.242188 0.535156 0.240234 0.535156 0.238281 0.537109 0.240234 0.539062 0.242188 0.539062 0.246094 0.535156 0.248047 0.537109 0.250000 0.537109
0 0.488281 0.531250 0.486328 0.533203 0.480469 0.535156 0.474609 0.541016 0.474609 0.542969 0.472656 0.544922 0.472656 0.550781 0.474609 0.552734 0.474609 0.554688 0.482422 0.560547 0.486328 0.556641 0.488281 0.556641 0.496094 0.548828 0.496094 0.546875 0.498047 0.544922 0.498047 0.539062
0 0.214844 0.537109 0.214844 0.539062 0.216797 0.541016 0.222656 0.541016 0.224609 0.539062 0.224609 0.537109 0.222656 0.535156 0.216797 0.535156
0 0.265625 0.544922 0.263672 0.546875 0.265625 0.548828 0.267578 0.546875
0 0.607422 0.548828 0.605469 0.550781 0.605469 0.554688 0.607422 0.556641 0.609375 0.556641 0.611328 0.554688 0.611328 0.550781 0.609375 0.548828
0 0.263672 0.578125 0.267578 0.582031 0.271484 0.582031 0.277344 0.587891 0.275391 0.591797 0.277344 0.595703 0.281250 0.595703 0.283203 0.593750 0.277344 0.587891 0.281250 0.583984 0.283203 0.585938 0.287109 0.583984 0.296875 0.591797 0.302734 0.587891 0.304688 0.589844 0.314453 0.589844 0.316406 0.587891 0.314453 0.583984 0.306641 0.580078 0.298828 0.580078 0.291016 0.572266 0.292969 0.570312 0.291016 0.566406 0.292969 0.564453 0.285156 0.556641 0.283203 0.558594 0.287109 0.564453 0.287109 0.572266 0.283203 0.576172 0.279297 0.576172 0.277344 0.578125 0.275391 0.576172 0.273438 0.578125 0.271484 0.576172 0.265625 0.576172
0 0.628906 0.556641 0.626953 0.556641 0.625000 0.558594 0.623047 0.558594 0.619141 0.562500 0.619141 0.570312 0.623047 0.574219 0.626953 0.574219 0.632812 0.568359 0.632812 0.566406 0.634766 0.564453 0.634766 0.562500
0 0.609375 0.582031 0.605469 0.585938 0.609375 0.589844 0.613281 0.585938
0 0.482422 0.591797 0.480469 0.593750 0.480469 0.595703 0.482422 0.597656 0.484375 0.597656 0.486328 0.595703 0.486328 0.593750 0.484375 0.591797
0 0.539062 0.599609 0.535156 0.603516 0.535156 0.613281 0.537109 0.615234 0.539062 0.615234 0.541016 0.617188 0.542969 0.617188 0.544922 0.615234 0.546875 0.615234 0.548828 0.613281 0.548828 0.603516 0.544922 0.599609
0 0.623047 0.607422 0.621094 0.609375 0.625000 0.613281 0.626953 0.611328 0.626953 0.609375 0.625000 0.607422
0 0.650391 0.623047 0.648438 0.621094 0.646484 0.621094 0.642578 0.625000 0.644531 0.626953 0.648438 0.626953 0.650391 0.625000
0 0.529297 0.632812 0.527344 0.634766 0.527344 0.636719 0.529297 0.638672 0.531250 0.638672 0.533203 0.636719 0.533203 0.634766 0.531250 0.632812
0 0.687500 0.632812 0.685547 0.634766 0.685547 0.636719 0.687500 0.638672 0.689453 0.638672 0.691406 0.636719 0.691406 0.634766 0.689453 0.632812
0 0.476562 0.638672 0.472656 0.638672 0.468750 0.642578 0.468750 0.644531 0.464844 0.650391 0.464844 0.652344 0.468750 0.658203 0.472656 0.658203 0.476562 0.654297 0.476562 0.648438 0.478516 0.646484 0.478516 0.640625
0 0.583984 0.658203 0.582031 0.658203 0.578125 0.662109 0.578125 0.664062 0.574219 0.667969 0.572266 0.667969 0.570312 0.669922 0.570312 0.671875 0.568359 0.673828 0.572266 0.677734 0.576172 0.677734 0.578125 0.679688 0.583984 0.675781 0.583984 0.673828 0.585938 0.671875 0.585938 0.669922 0.589844 0.664062
0 0.638672 0.677734 0.638672 0.679688 0.644531 0.685547 0.644531 0.687500 0.646484 0.689453 0.650391 0.689453 0.652344 0.687500 0.654297 0.687500 0.656250 0.685547 0.656250 0.683594 0.658203 0.681641 0.656250 0.679688 0.648438 0.679688 0.644531 0.675781 0.640625 0.675781
1 0.578125 0.687500 0.576172 0.685547 0.562500 0.685547 0.558594 0.689453 0.558594 0.691406 0.550781 0.699219 0.550781 0.701172 0.552734 0.703125 0.556641 0.703125 0.558594 0.701172 0.562500 0.701172 0.564453 0.699219 0.574219 0.695312 0.578125 0.691406
0 0.691406 0.683594 0.689453 0.683594 0.685547 0.687500 0.685547 0.689453 0.687500 0.691406 0.691406 0.691406 0.693359 0.689453 0.693359 0.685547
0 0.595703 0.687500 0.587891 0.695312 0.587891 0.699219 0.593750 0.705078 0.599609 0.705078 0.605469 0.699219 0.605469 0.693359 0.599609 0.687500
1 0.535156 0.699219 0.531250 0.703125 0.531250 0.707031 0.533203 0.708984 0.533203 0.710938 0.537109 0.716797 0.537109 0.720703 0.541016 0.724609 0.544922 0.720703 0.544922 0.718750 0.542969 0.716797 0.542969 0.710938 0.541016 0.708984 0.541016 0.705078
0 0.853516 0.699219 0.851562 0.699219 0.847656 0.703125 0.847656 0.705078 0.845703 0.707031 0.847656 0.708984 0.849609 0.708984 0.851562 0.710938 0.857422 0.705078 0.857422 0.703125
0 0.660156 0.703125 0.656250 0.707031 0.656250 0.712891 0.660156 0.716797 0.662109 0.716797 0.666016 0.712891 0.666016 0.707031 0.662109 0.703125
0 0.466797 0.714844 0.460938 0.708984 0.457031 0.708984 0.455078 0.710938 0.451172 0.710938 0.443359 0.718750 0.443359 0.728516 0.445312 0.730469 0.453125 0.730469 0.455078 0.728516 0.457031 0.728516 0.464844 0.720703
1 0.625000 0.708984 0.634766 0.757812 0.597656 0.796875 0.626953 0.816406 0.632812 0.835938 0.642578 0.818359 0.634766 0.800781 0.658203 0.818359 0.640625 0.857422 0.666016 0.828125 0.693359 0.882812 0.716797 0.882812 0.728516 0.863281 0.728516 0.890625 0.742188 0.906250 0.699219 0.921875 0.687500 0.898438 0.650391 0.921875 0.712891 0.945312 0.732422 0.917969 0.738281 0.947266 0.761719 0.958984 0.757812 0.990234 0.802734 0.998047 0.792969 0.984375 0.800781 0.945312 0.763672 0.949219 0.769531 0.919922 0.750000 0.888672 0.761719 0.847656 0.701172 0.802734 0.740234 0.810547 0.746094 0.796875 0.712891 0.781250 0.681641 0.806641 0.681641 0.769531 0.664062 0.791016 0.648438 0.716797
0 0.830078 0.707031 0.826172 0.710938 0.826172 0.716797 0.828125 0.718750 0.833984 0.718750 0.835938 0.716797 0.835938 0.710938 0.832031 0.707031
0 0.498047 0.712891 0.496094 0.714844 0.500000 0.718750 0.501953 0.716797 0.501953 0.714844 0.500000 0.712891
0 0.552734 0.710938 0.550781 0.712891 0.552734 0.714844 0.554688 0.714844 0.556641 0.712891 0.554688 0.710938
0 0.591797 0.716797 0.587891 0.722656 0.587891 0.726562 0.591797 0.730469 0.591797 0.732422 0.597656 0.738281 0.609375 0.724609 0.609375 0.720703 0.607422 0.718750 0.603516 0.718750 0.601562 0.716797
0 0.687500 0.720703 0.685547 0.722656 0.685547 0.724609 0.687500 0.726562 0.689453 0.724609 0.689453 0.722656
0 0.673828 0.728516 0.671875 0.730469 0.671875 0.734375 0.675781 0.738281 0.677734 0.738281 0.679688 0.736328 0.679688 0.730469 0.677734 0.728516
1 0.595703 0.744141 0.521484 0.781250 0.488281 0.873047 0.521484 0.892578 0.519531 0.925781 0.417969 0.939453 0.398438 0.914062 0.445312 0.906250 0.443359 0.882812 0.398438 0.892578 0.375000 0.914062 0.355469 0.908203 0.347656 0.882812 0.371094 0.857422 0.386719 0.861328 0.357422 0.833984 0.298828 0.876953 0.291016 0.923828 0.339844 0.941406 0.351562 0.998047 0.373047 0.998047 0.388672 0.960938 0.513672 0.945312 0.558594 0.894531 0.574219 0.902344 0.576172 0.947266 0.599609 0.923828 0.619141 0.947266 0.607422 0.900391 0.566406 0.882812 0.562500 0.839844 0.542969 0.849609 0.556641 0.806641 0.544922 0.798828 0.529297 0.828125 0.519531 0.820312 0.542969 0.792969 0.568359 0.798828
1 0.544922 0.746094 0.542969 0.748047 0.542969 0.750000 0.541016 0.751953 0.541016 0.761719 0.542969 0.763672 0.544922 0.761719 0.544922 0.759766 0.546875 0.757812 0.546875 0.753906 0.548828 0.751953 0.548828 0.750000
0 0.623047 0.748047 0.621094 0.750000 0.623047 0.751953 0.625000 0.750000
0 0.746094 0.748047 0.744141 0.750000 0.744141 0.751953 0.742188 0.753906 0.746094 0.757812 0.750000 0.753906 0.750000 0.751953
0 0.693359 0.751953 0.689453 0.755859 0.691406 0.757812 0.693359 0.757812 0.695312 0.759766 0.697266 0.757812 0.697266 0.753906 0.695312 0.751953
0 0.455078 0.753906 0.453125 0.755859 0.453125 0.757812 0.455078 0.759766 0.457031 0.759766 0.458984 0.761719 0.462891 0.757812 0.462891 0.755859 0.460938 0.753906
0 0.816406 0.771484 0.816406 0.775391 0.818359 0.777344 0.818359 0.779297 0.824219 0.783203 0.830078 0.783203 0.835938 0.779297 0.845703 0.779297 0.847656 0.777344 0.843750 0.773438 0.841797 0.773438 0.832031 0.763672 0.824219 0.763672 0.822266 0.765625 0.820312 0.765625
0 0.468750 0.767578 0.462891 0.773438 0.462891 0.775391 0.464844 0.777344 0.470703 0.777344 0.472656 0.775391 0.472656 0.771484
0 0.511719 0.771484 0.509766 0.773438 0.509766 0.777344 0.511719 0.779297 0.515625 0.779297 0.517578 0.777344 0.517578 0.773438 0.515625 0.771484
0 0.320312 0.775391 0.318359 0.777344 0.318359 0.779297 0.320312 0.781250 0.322266 0.779297 0.322266 0.777344
0 0.373047 0.775391 0.371094 0.777344 0.371094 0.781250 0.375000 0.785156 0.376953 0.785156 0.378906 0.783203 0.378906 0.779297 0.375000 0.775391
0 0.447266 0.779297 0.445312 0.781250 0.447266 0.783203 0.449219 0.781250
1 0.410156 0.783203 0.408203 0.785156 0.408203 0.787109 0.406250 0.789062 0.406250 0.792969 0.402344 0.798828 0.402344 0.806641 0.408203 0.812500 0.412109 0.812500 0.417969 0.806641 0.417969 0.802734 0.412109 0.792969 0.412109 0.789062 0.410156 0.787109 0.412109 0.785156
0 0.478516 0.792969 0.474609 0.796875 0.480469 0.802734 0.482422 0.802734 0.486328 0.798828 0.486328 0.796875 0.482422 0.792969
0 0.351562 0.798828 0.349609 0.800781 0.351562 0.802734 0.351562 0.804688 0.357422 0.810547 0.361328 0.806641 0.359375 0.804688 0.359375 0.802734 0.357422 0.800781 0.355469 0.800781 0.353516 0.798828
0 0.810547 0.798828 0.808594 0.800781 0.808594 0.802734 0.806641 0.804688 0.806641 0.806641 0.810547 0.810547 0.816406 0.810547 0.820312 0.806641 0.820312 0.802734 0.816406 0.798828
1 0.898438 0.798828 0.894531 0.802734 0.894531 0.804688 0.896484 0.806641 0.896484 0.808594 0.898438 0.810547 0.898438 0.812500 0.900391 0.814453 0.902344 0.820312 0.906250 0.824219 0.912109 0.824219 0.916016 0.820312 0.914062 0.814453
0 0.935547 0.798828 0.931641 0.802734 0.935547 0.806641 0.937500 0.804688 0.937500 0.800781
0 0.378906 0.802734 0.378906 0.804688 0.382812 0.808594 0.384766 0.806641 0.386719 0.806641 0.388672 0.804688 0.384766 0.800781 0.380859 0.800781
0 0.458984 0.806641 0.455078 0.806641 0.451172 0.810547 0.451172 0.812500 0.449219 0.814453 0.451172 0.816406 0.451172 0.818359 0.455078 0.822266 0.457031 0.822266 0.460938 0.818359 0.460938 0.816406 0.462891 0.814453 0.462891 0.810547
0 0.566406 0.816406 0.564453 0.818359 0.566406 0.820312 0.568359 0.818359
0 0.589844 0.820312 0.585938 0.824219 0.587891 0.826172 0.587891 0.828125 0.589844 0.830078 0.593750 0.830078 0.597656 0.826172 0.591797 0.820312
0 0.480469 0.828125 0.478516 0.830078 0.478516 0.832031 0.480469 0.833984 0.482422 0.832031 0.482422 0.830078
0 0.613281 0.830078 0.609375 0.833984 0.609375 0.835938 0.615234 0.841797 0.619141 0.837891 0.619141 0.833984 0.615234 0.830078
0 0.787109 0.847656 0.781250 0.853516 0.783203 0.855469 0.783203 0.857422 0.785156 0.859375 0.791016 0.859375 0.794922 0.855469 0.794922 0.853516 0.789062 0.847656
0 0.593750 0.851562 0.589844 0.855469 0.589844 0.863281 0.591797 0.865234 0.593750 0.865234 0.597656 0.861328 0.597656 0.855469
1 0.951172 0.876953 0.947266 0.878906 0.943359 0.884766 0.943359 0.886719 0.953125 0.894531 0.953125 0.896484 0.949219 0.900391 0.947266 0.900391 0.943359 0.906250 0.943359 0.908203 0.949219 0.914062 0.953125 0.914062 0.958984 0.908203 0.958984 0.902344 0.960938 0.900391 0.960938 0.896484 0.953125 0.890625 0.955078 0.888672 0.955078 0.880859
0 0.468750 0.878906 0.464844 0.882812 0.464844 0.898438 0.470703 0.904297 0.476562 0.904297 0.478516 0.902344 0.482422 0.902344 0.488281 0.896484 0.488281 0.886719 0.482422 0.880859 0.480469 0.880859 0.478516 0.878906
0 0.621094 0.880859 0.615234 0.886719 0.615234 0.894531 0.619141 0.898438 0.623047 0.894531 0.623047 0.890625 0.625000 0.888672 0.625000 0.884766
0 0.806641 0.912109 0.802734 0.912109 0.800781 0.914062 0.800781 0.916016 0.802734 0.917969 0.804688 0.917969 0.808594 0.914062
0 0.875000 0.914062 0.873047 0.916016 0.873047 0.917969 0.875000 0.919922 0.876953 0.917969 0.876953 0.916016
0 0.894531 0.916016 0.892578 0.917969 0.890625 0.917969 0.888672 0.919922 0.888672 0.923828 0.894531 0.929688 0.898438 0.929688 0.902344 0.925781 0.902344 0.919922 0.900391 0.917969 0.898438 0.917969 0.896484 0.916016
0 0.650391 0.939453 0.648438 0.941406 0.646484 0.941406 0.640625 0.947266 0.640625 0.955078 0.644531 0.958984 0.646484 0.958984 0.648438 0.960938 0.654297 0.960938 0.658203 0.955078 0.658203 0.947266 0.656250 0.945312 0.656250 0.943359
0 0.556641 0.972656 0.550781 0.972656 0.544922 0.978516 0.544922 0.982422 0.546875 0.984375 0.546875 0.986328 0.550781 0.992188 0.552734 0.992188 0.554688 0.990234 0.558594 0.990234 0.562500 0.986328 0.562500 0.978516
0 0.396484 0.982422 0.394531 0.982422 0.392578 0.984375 0.390625 0.984375 0.388672 0.986328 0.388672 0.992188 0.394531 0.998047 0.400391 0.992188 0.400391 0.986328
0 0.714844 0.984375 0.710938 0.988281 0.710938 0.996094 0.712891 0.998047 0.720703 0.998047 0.722656 0.996094 0.722656 0.988281 0.718750 0.984375
1 0.935547 0.998047 0.949219 0.998047 0.945312 0.994141 0.941406 0.994141 0.939453 0.996094 0.937500 0.996094
1 0.912109 0.998047 0.917969 0.998047 0.916016 0.996094 0.914062 0.996094
