1 0.000000 0.025391 0.000000 0.052734 0.007812 0.058594 0.000000 0.064453 0.001953 0.181641 0.035156 0.132812 0.041016 0.085938 0.029297 0.050781
0 0.851562 0.105469 0.847656 0.109375 0.851562 0.113281 0.853516 0.113281 0.855469 0.111328 0.855469 0.107422 0.853516 0.105469
0 0.701172 0.167969 0.697266 0.171875 0.701172 0.175781 0.703125 0.175781 0.707031 0.171875 0.703125 0.167969
0 0.812500 0.175781 0.810547 0.177734 0.810547 0.179688 0.814453 0.183594 0.816406 0.183594 0.818359 0.181641 0.818359 0.177734 0.816406 0.175781
0 0.750000 0.181641 0.748047 0.183594 0.750000 0.185547 0.751953 0.183594
0 0.886719 0.185547 0.882812 0.185547 0.880859 0.187500 0.880859 0.191406 0.882812 0.193359 0.884766 0.193359 0.888672 0.189453 0.888672 0.187500
0 0.841797 0.195312 0.839844 0.197266 0.839844 0.199219 0.841797 0.201172 0.843750 0.199219 0.843750 0.197266
0 0.666016 0.199219 0.664062 0.201172 0.664062 0.203125 0.666016 0.205078 0.667969 0.205078 0.669922 0.203125 0.669922 0.201172 0.667969 0.199219
0 0.728516 0.199219 0.726562 0.199219 0.722656 0.203125 0.722656 0.205078 0.726562 0.208984 0.730469 0.205078 0.730469 0.201172
1 0.000000 0.205078 0.000000 0.384766 0.041016 0.384766 0.048828 0.449219 0.021484 0.468750 0.000000 0.443359 0.000000 0.576172 0.042969 0.562500 0.068359 0.617188 0.017578 0.728516 0.023438 0.783203 0.134766 0.728516 0.220703 0.794922 0.263672 0.890625 0.275391 0.828125 0.318359 0.818359 0.271484 0.808594 0.380859 0.728516 0.496094 0.691406 0.468750 0.732422 0.507812 0.744141 0.533203 0.675781 0.570312 0.701172 0.564453 0.619141 0.542969 0.669922 0.507812 0.681641 0.480469 0.642578 0.265625 0.789062 0.152344 0.693359 0.185547 0.673828 0.169922 0.644531 0.228516 0.664062 0.185547 0.621094 0.214844 0.576172 0.150391 0.603516 0.130859 0.587891 0.150391 0.539062 0.107422 0.521484 0.169922 0.464844 0.179688 0.400391 0.095703 0.371094 0.029297 0.306641
0 0.617188 0.238281 0.613281 0.242188 0.617188 0.246094 0.621094 0.246094 0.623047 0.244141 0.623047 0.240234 0.621094 0.238281
0 0.582031 0.246094 0.580078 0.246094 0.578125 0.248047 0.578125 0.251953 0.580078 0.253906 0.583984 0.250000 0.583984 0.248047
0 0.953125 0.248047 0.951172 0.248047 0.949219 0.250000 0.949219 0.251953 0.951172 0.253906 0.955078 0.250000
0 0.017578 0.251953 0.015625 0.253906 0.015625 0.255859 0.017578 0.257812 0.019531 0.257812 0.021484 0.255859 0.021484 0.253906 0.019531 0.251953
0 0.707031 0.250000 0.705078 0.251953 0.707031 0.253906 0.708984 0.251953
0 0.720703 0.310547 0.716797 0.310547 0.714844 0.312500 0.718750 0.316406 0.722656 0.312500
0 0.755859 0.322266 0.753906 0.324219 0.755859 0.326172 0.757812 0.326172 0.759766 0.324219 0.757812 0.322266
0 0.609375 0.345703 0.603516 0.351562 0.603516 0.363281 0.611328 0.371094 0.625000 0.371094 0.630859 0.365234 0.630859 0.357422 0.628906 0.353516 0.621094 0.345703 0.617188 0.343750 0.613281 0.343750
0 0.207031 0.349609 0.205078 0.351562 0.205078 0.355469 0.207031 0.357422 0.208984 0.357422 0.212891 0.353516 0.208984 0.349609
0 0.695312 0.347656 0.693359 0.347656 0.687500 0.353516 0.687500 0.359375 0.689453 0.361328 0.689453 0.363281 0.693359 0.367188 0.695312 0.365234 0.697266 0.365234 0.701172 0.361328 0.701172 0.353516
0 0.568359 0.367188 0.564453 0.371094 0.568359 0.375000 0.572266 0.375000 0.574219 0.373047 0.574219 0.369141 0.572266 0.367188
0 0.640625 0.371094 0.638672 0.371094 0.636719 0.373047 0.634766 0.373047 0.632812 0.375000 0.632812 0.382812 0.638672 0.388672 0.640625 0.386719 0.642578 0.386719 0.646484 0.382812 0.646484 0.376953
1 0.681641 0.373047 0.677734 0.378906 0.677734 0.386719 0.685547 0.394531 0.689453 0.392578 0.701172 0.404297 0.707031 0.404297 0.712891 0.396484 0.712891 0.390625 0.707031 0.384766 0.699219 0.384766 0.689453 0.371094
0 0.728516 0.375000 0.722656 0.378906 0.722656 0.380859 0.720703 0.382812 0.720703 0.388672 0.726562 0.392578 0.732422 0.392578 0.736328 0.388672 0.736328 0.378906 0.732422 0.375000
0 0.986328 0.380859 0.984375 0.382812 0.986328 0.384766 0.988281 0.382812
0 0.451172 0.384766 0.447266 0.384766 0.445312 0.386719 0.443359 0.386719 0.439453 0.390625 0.439453 0.400391 0.443359 0.406250 0.451172 0.406250 0.453125 0.404297 0.455078 0.404297 0.458984 0.398438 0.458984 0.392578 0.457031 0.390625 0.457031 0.388672
0 0.794922 0.390625 0.789062 0.396484 0.789062 0.400391 0.791016 0.402344 0.791016 0.404297 0.792969 0.406250 0.798828 0.406250 0.802734 0.402344 0.802734 0.396484 0.796875 0.390625
0 0.031250 0.396484 0.029297 0.398438 0.031250 0.400391 0.033203 0.398438
0 0.224609 0.394531 0.222656 0.396484 0.222656 0.398438 0.224609 0.400391 0.226562 0.398438 0.226562 0.396484
0 0.628906 0.408203 0.625000 0.412109 0.628906 0.416016 0.632812 0.416016 0.634766 0.414062 0.634766 0.410156 0.632812 0.408203
0 0.556641 0.417969 0.552734 0.417969 0.548828 0.421875 0.552734 0.425781 0.554688 0.425781 0.558594 0.421875 0.558594 0.419922
0 0.017578 0.421875 0.015625 0.423828 0.017578 0.425781 0.019531 0.425781 0.021484 0.423828 0.019531 0.421875
0 0.726562 0.421875 0.722656 0.425781 0.722656 0.431641 0.726562 0.435547 0.728516 0.435547 0.732422 0.431641 0.732422 0.427734
0 0.607422 0.445312 0.607422 0.453125 0.615234 0.460938 0.623047 0.460938 0.625000 0.458984 0.628906 0.458984 0.632812 0.457031 0.636719 0.451172 0.636719 0.443359 0.632812 0.439453 0.626953 0.439453 0.625000 0.437500 0.613281 0.437500
0 0.886719 0.437500 0.884766 0.439453 0.884766 0.445312 0.886719 0.447266 0.892578 0.447266 0.894531 0.445312 0.894531 0.441406 0.890625 0.437500
0 0.572266 0.445312 0.570312 0.447266 0.568359 0.447266 0.564453 0.451172 0.564453 0.457031 0.570312 0.462891 0.576172 0.462891 0.578125 0.460938 0.580078 0.460938 0.583984 0.457031 0.583984 0.455078 0.585938 0.453125 0.578125 0.445312
0 0.330078 0.466797 0.328125 0.464844 0.326172 0.464844 0.324219 0.462891 0.320312 0.462891 0.312500 0.470703 0.312500 0.474609 0.316406 0.478516 0.320312 0.478516 0.322266 0.476562 0.324219 0.476562 0.328125 0.472656 0.328125 0.470703 0.330078 0.468750
0 0.378906 0.462891 0.375000 0.466797 0.378906 0.470703 0.380859 0.470703 0.384766 0.466797 0.380859 0.462891
0 0.843750 0.476562 0.841797 0.476562 0.837891 0.480469 0.837891 0.482422 0.841797 0.486328 0.843750 0.484375 0.845703 0.484375 0.847656 0.482422 0.847656 0.480469
0 0.410156 0.480469 0.406250 0.484375 0.406250 0.488281 0.408203 0.490234 0.408203 0.492188 0.414062 0.496094 0.419922 0.496094 0.425781 0.490234 0.425781 0.488281 0.423828 0.486328 0.423828 0.484375 0.419922 0.480469
0 0.986328 0.482422 0.984375 0.484375 0.984375 0.486328 0.986328 0.488281 0.988281 0.488281 0.990234 0.486328 0.990234 0.484375 0.988281 0.482422
0 0.863281 0.484375 0.859375 0.488281 0.863281 0.492188 0.865234 0.492188 0.867188 0.490234 0.867188 0.486328 0.865234 0.484375
0 0.582031 0.501953 0.580078 0.503906 0.580078 0.509766 0.582031 0.511719 0.582031 0.513672 0.585938 0.517578 0.589844 0.517578 0.593750 0.513672 0.593750 0.505859 0.591797 0.503906 0.589844 0.503906 0.587891 0.501953
0 0.789062 0.503906 0.787109 0.503906 0.785156 0.505859 0.785156 0.507812 0.783203 0.509766 0.783203 0.517578 0.785156 0.519531 0.789062 0.519531 0.792969 0.515625 0.792969 0.513672 0.791016 0.511719 0.791016 0.505859
0 0.250000 0.513672 0.248047 0.515625 0.248047 0.525391 0.253906 0.531250 0.255859 0.531250 0.257812 0.533203 0.263672 0.533203 0.269531 0.527344 0.269531 0.517578 0.263672 0.511719 0.253906 0.511719 0.251953 0.513672
1 0.296875 0.513672 0.292969 0.519531 0.294922 0.541016 0.296875 0.542969 0.296875 0.546875 0.304688 0.554688 0.306641 0.554688 0.310547 0.550781 0.310547 0.544922 0.308594 0.542969 0.308594 0.539062 0.298828 0.527344 0.302734 0.523438 0.306641 0.523438 0.308594 0.519531 0.302734 0.513672
0 0.892578 0.521484 0.890625 0.523438 0.890625 0.525391 0.894531 0.529297 0.896484 0.529297 0.898438 0.527344 0.898438 0.523438 0.896484 0.521484
0 0.792969 0.535156 0.791016 0.537109 0.791016 0.539062 0.792969 0.541016 0.794922 0.539062 0.794922 0.537109
0 0.876953 0.539062 0.875000 0.541016 0.875000 0.542969 0.878906 0.546875 0.880859 0.544922 0.880859 0.541016 0.878906 0.539062
0 0.896484 0.544922 0.894531 0.544922 0.892578 0.546875 0.890625 0.546875 0.884766 0.550781 0.884766 0.552734 0.882812 0.554688 0.882812 0.558594 0.886719 0.562500 0.890625 0.562500 0.892578 0.560547 0.894531 0.560547 0.900391 0.554688 0.900391 0.552734 0.902344 0.550781
0 0.722656 0.552734 0.718750 0.556641 0.718750 0.562500 0.722656 0.566406 0.724609 0.566406 0.730469 0.560547 0.730469 0.558594 0.724609 0.552734
0 0.294922 0.558594 0.291016 0.562500 0.294922 0.566406 0.296875 0.566406 0.298828 0.564453 0.298828 0.562500
0 0.322266 0.560547 0.320312 0.562500 0.322266 0.564453 0.324219 0.562500
0 0.513672 0.568359 0.511719 0.570312 0.511719 0.576172 0.517578 0.582031 0.521484 0.582031 0.523438 0.580078 0.523438 0.578125 0.525391 0.576172 0.525391 0.574219 0.523438 0.572266 0.523438 0.570312 0.521484 0.568359
0 0.603516 0.566406 0.601562 0.568359 0.603516 0.570312 0.605469 0.570312 0.607422 0.568359 0.605469 0.566406
0 0.541016 0.570312 0.537109 0.574219 0.537109 0.576172 0.541016 0.580078 0.542969 0.580078 0.544922 0.578125 0.544922 0.574219
0 0.800781 0.572266 0.796875 0.576172 0.800781 0.580078 0.802734 0.580078 0.806641 0.576172 0.802734 0.572266
0 0.279297 0.576172 0.269531 0.580078 0.261719 0.580078 0.257812 0.576172 0.246094 0.578125 0.244141 0.582031 0.251953 0.587891 0.248047 0.591797 0.240234 0.585938 0.236328 0.589844 0.236328 0.605469 0.240234 0.607422 0.250000 0.599609 0.257812 0.605469 0.253906 0.609375 0.255859 0.613281 0.251953 0.617188 0.228516 0.617188 0.220703 0.605469 0.214844 0.623047 0.216797 0.625000 0.222656 0.619141 0.238281 0.623047 0.257812 0.640625 0.255859 0.646484 0.261719 0.650391 0.269531 0.642578 0.279297 0.623047 0.267578 0.609375 0.261719 0.609375 0.257812 0.605469 0.267578 0.597656 0.287109 0.601562 0.294922 0.593750 0.294922 0.587891
1 0.656250 0.580078 0.656250 0.582031 0.660156 0.585938 0.666016 0.585938 0.671875 0.589844 0.675781 0.589844 0.679688 0.585938 0.679688 0.583984 0.675781 0.580078 0.671875 0.580078 0.669922 0.582031 0.667969 0.582031 0.664062 0.578125 0.658203 0.578125
0 0.332031 0.591797 0.332031 0.597656 0.335938 0.601562 0.339844 0.601562 0.341797 0.603516 0.353516 0.603516 0.357422 0.607422 0.363281 0.607422 0.365234 0.605469 0.359375 0.599609 0.357422 0.591797 0.353516 0.587891 0.353516 0.583984 0.351562 0.582031 0.345703 0.582031 0.339844 0.587891 0.335938 0.587891
0 0.748047 0.582031 0.746094 0.583984 0.750000 0.587891 0.751953 0.585938 0.751953 0.583984 0.750000 0.582031
0 0.636719 0.585938 0.634766 0.587891 0.636719 0.589844 0.638672 0.589844 0.640625 0.587891 0.638672 0.585938
0 0.634766 0.595703 0.630859 0.595703 0.628906 0.597656 0.626953 0.597656 0.623047 0.601562 0.623047 0.607422 0.626953 0.611328 0.634766 0.611328 0.638672 0.607422 0.638672 0.599609
0 0.681641 0.593750 0.675781 0.599609 0.675781 0.603516 0.681641 0.609375 0.685547 0.609375 0.691406 0.603516 0.691406 0.599609 0.685547 0.593750
0 0.794922 0.603516 0.791016 0.603516 0.787109 0.607422 0.787109 0.609375 0.791016 0.613281 0.792969 0.613281 0.794922 0.611328 0.796875 0.611328 0.798828 0.609375 0.796875 0.607422 0.796875 0.605469
1 0.376953 0.609375 0.371094 0.609375 0.367188 0.619141 0.373047 0.632812 0.384766 0.644531 0.386719 0.664062 0.371094 0.681641 0.369141 0.691406 0.373047 0.703125 0.386719 0.699219 0.394531 0.691406 0.392578 0.677734 0.400391 0.666016 0.400391 0.632812 0.388672 0.617188
0 0.308594 0.613281 0.304688 0.617188 0.304688 0.619141 0.306641 0.621094 0.306641 0.623047 0.308594 0.625000 0.312500 0.625000 0.316406 0.621094 0.316406 0.617188 0.312500 0.613281
0 0.587891 0.619141 0.587891 0.623047 0.589844 0.625000 0.589844 0.626953 0.595703 0.630859 0.603516 0.630859 0.609375 0.625000 0.609375 0.619141 0.607422 0.617188 0.603516 0.617188 0.601562 0.615234 0.591797 0.615234
0 0.445312 0.621094 0.443359 0.621094 0.437500 0.626953 0.437500 0.628906 0.441406 0.632812 0.443359 0.632812 0.449219 0.626953 0.449219 0.625000
0 0.660156 0.623047 0.656250 0.623047 0.652344 0.626953 0.652344 0.628906 0.656250 0.632812 0.658203 0.632812 0.662109 0.628906 0.662109 0.625000
1 0.873047 0.623047 0.865234 0.626953 0.871094 0.638672 0.863281 0.646484 0.853516 0.640625 0.847656 0.644531 0.845703 0.648438 0.849609 0.652344 0.857422 0.650391 0.861328 0.654297 0.861328 0.658203 0.855469 0.664062 0.851562 0.662109 0.841797 0.671875 0.843750 0.685547 0.863281 0.703125 0.871094 0.703125 0.873047 0.701172 0.869141 0.693359 0.873047 0.687500 0.873047 0.671875 0.865234 0.664062 0.875000 0.654297 0.875000 0.646484 0.873047 0.644531 0.875000 0.640625 0.873047 0.638672 0.876953 0.634766 0.878906 0.636719 0.884766 0.634766 0.884766 0.632812
0 0.462891 0.626953 0.457031 0.632812 0.457031 0.634766 0.460938 0.638672 0.466797 0.638672 0.472656 0.632812 0.466797 0.626953
0 0.328125 0.630859 0.326172 0.632812 0.326172 0.638672 0.330078 0.642578 0.332031 0.642578 0.335938 0.638672 0.335938 0.632812 0.333984 0.630859
0 0.648438 0.638672 0.644531 0.642578 0.648438 0.646484 0.650391 0.646484 0.652344 0.644531 0.652344 0.642578
0 0.753906 0.642578 0.751953 0.644531 0.753906 0.646484 0.755859 0.646484 0.757812 0.644531 0.755859 0.642578
0 0.714844 0.650391 0.710938 0.654297 0.712891 0.656250 0.714844 0.656250 0.716797 0.654297 0.716797 0.652344
1 0.326172 0.652344 0.322266 0.656250 0.322266 0.658203 0.320312 0.660156 0.320312 0.662109 0.318359 0.664062 0.318359 0.666016 0.320312 0.667969 0.322266 0.666016 0.322266 0.664062 0.330078 0.656250
1 0.941406 0.652344 0.939453 0.654297 0.937500 0.654297 0.929688 0.662109 0.933594 0.666016 0.935547 0.666016 0.943359 0.658203 0.943359 0.654297
0 0.343750 0.658203 0.341797 0.660156 0.341797 0.662109 0.343750 0.664062 0.347656 0.664062 0.349609 0.662109 0.345703 0.658203
1 0.689453 0.658203 0.687500 0.660156 0.687500 0.662109 0.689453 0.664062 0.689453 0.666016 0.691406 0.667969 0.691406 0.669922 0.693359 0.671875 0.693359 0.673828 0.695312 0.675781 0.697266 0.675781 0.701172 0.671875 0.701172 0.669922 0.699219 0.667969 0.699219 0.666016 0.697266 0.664062 0.697266 0.662109 0.693359 0.658203
0 0.808594 0.656250 0.798828 0.666016 0.798828 0.675781 0.808594 0.691406 0.822266 0.693359 0.833984 0.705078 0.837891 0.701172 0.837891 0.697266 0.830078 0.687500 0.832031 0.685547 0.832031 0.671875 0.828125 0.664062 0.820312 0.656250
0 0.664062 0.662109 0.662109 0.664062 0.660156 0.664062 0.656250 0.667969 0.656250 0.673828 0.658203 0.675781 0.664062 0.675781 0.666016 0.673828 0.666016 0.671875 0.667969 0.669922 0.667969 0.666016
0 0.769531 0.662109 0.765625 0.662109 0.763672 0.664062 0.761719 0.664062 0.757812 0.667969 0.757812 0.669922 0.755859 0.671875 0.755859 0.675781 0.759766 0.679688 0.763672 0.679688 0.769531 0.673828 0.769531 0.671875 0.771484 0.669922 0.771484 0.664062
0 0.992188 0.662109 0.990234 0.664062 0.990234 0.667969 0.994141 0.671875 0.998047 0.671875 0.998047 0.666016 0.996094 0.664062 0.994141 0.664062
0 0.271484 0.664062 0.267578 0.667969 0.267578 0.671875 0.271484 0.675781 0.275391 0.671875 0.275391 0.667969
0 0.630859 0.667969 0.626953 0.671875 0.626953 0.673828 0.628906 0.675781 0.628906 0.677734 0.630859 0.679688 0.636719 0.679688 0.640625 0.675781 0.640625 0.673828 0.634766 0.667969
0 0.953125 0.685547 0.951172 0.687500 0.951172 0.693359 0.953125 0.695312 0.955078 0.695312 0.957031 0.697266 0.958984 0.697266 0.962891 0.693359 0.962891 0.689453 0.958984 0.685547
0 0.343750 0.689453 0.339844 0.693359 0.341797 0.695312 0.341797 0.697266 0.343750 0.699219 0.345703 0.699219 0.347656 0.701172 0.349609 0.699219 0.349609 0.693359 0.345703 0.689453
0 0.669922 0.695312 0.664062 0.701172 0.666016 0.703125 0.666016 0.707031 0.667969 0.708984 0.675781 0.708984 0.677734 0.707031 0.677734 0.705078 0.679688 0.703125 0.679688 0.701172 0.673828 0.695312
0 0.773438 0.697266 0.767578 0.703125 0.773438 0.708984 0.775391 0.708984 0.777344 0.707031 0.777344 0.705078 0.779297 0.703125
0 0.884766 0.695312 0.880859 0.695312 0.878906 0.697266 0.878906 0.699219 0.882812 0.703125 0.886719 0.699219 0.886719 0.697266
0 0.634766 0.699219 0.632812 0.701172 0.634766 0.703125 0.636719 0.703125 0.638672 0.701172 0.636719 0.699219
0 0.583984 0.703125 0.580078 0.703125 0.578125 0.705078 0.578125 0.707031 0.576172 0.708984 0.576172 0.714844 0.578125 0.716797 0.580078 0.714844 0.582031 0.714844 0.585938 0.710938 0.585938 0.705078
0 0.777344 0.718750 0.775391 0.718750 0.773438 0.720703 0.767578 0.720703 0.763672 0.724609 0.763672 0.726562 0.765625 0.728516 0.767578 0.728516 0.771484 0.732422 0.773438 0.730469 0.777344 0.730469 0.781250 0.726562 0.781250 0.722656
0 0.267578 0.724609 0.265625 0.726562 0.267578 0.728516 0.269531 0.728516 0.271484 0.726562 0.269531 0.724609
0 0.664062 0.722656 0.662109 0.724609 0.662109 0.726562 0.664062 0.728516 0.666016 0.728516 0.667969 0.726562 0.667969 0.724609 0.666016 0.722656
0 0.257812 0.730469 0.255859 0.732422 0.257812 0.734375 0.259766 0.734375 0.261719 0.732422 0.259766 0.730469
0 0.541016 0.732422 0.539062 0.734375 0.541016 0.736328 0.542969 0.736328 0.544922 0.734375 0.542969 0.732422
0 0.556641 0.730469 0.554688 0.732422 0.554688 0.738281 0.558594 0.742188 0.562500 0.738281 0.562500 0.736328
0 0.642578 0.730469 0.634766 0.736328 0.628906 0.748047 0.630859 0.750000 0.630859 0.759766 0.638672 0.767578 0.636719 0.773438 0.638672 0.781250 0.642578 0.779297 0.642578 0.775391 0.650391 0.767578 0.652344 0.769531 0.658203 0.767578 0.666016 0.757812 0.664062 0.746094
0 0.738281 0.732422 0.734375 0.736328 0.734375 0.740234 0.732422 0.742188 0.732422 0.744141 0.734375 0.746094 0.734375 0.748047 0.738281 0.751953 0.740234 0.751953 0.744141 0.748047 0.744141 0.740234 0.742188 0.738281 0.742188 0.734375 0.740234 0.732422
0 0.410156 0.738281 0.406250 0.742188 0.410156 0.746094 0.412109 0.744141 0.412109 0.740234
0 0.605469 0.748047 0.601562 0.751953 0.603516 0.753906 0.605469 0.753906 0.607422 0.751953 0.607422 0.750000
0 0.878906 0.746094 0.875000 0.746094 0.873047 0.748047 0.873047 0.763672 0.875000 0.765625 0.880859 0.759766 0.880859 0.751953 0.882812 0.750000
0 0.984375 0.751953 0.982422 0.753906 0.982422 0.763672 0.988281 0.769531 0.990234 0.769531 0.994141 0.765625 0.994141 0.763672 0.992188 0.761719 0.992188 0.755859 0.988281 0.751953
0 0.613281 0.759766 0.611328 0.761719 0.613281 0.763672 0.615234 0.761719
1 0.757812 0.759766 0.755859 0.759766 0.750000 0.763672 0.750000 0.781250 0.753906 0.785156 0.755859 0.785156 0.759766 0.781250 0.759766 0.767578 0.761719 0.765625 0.761719 0.763672
0 0.539062 0.765625 0.535156 0.769531 0.535156 0.773438 0.537109 0.775391 0.542969 0.769531
0 0.796875 0.773438 0.794922 0.775391 0.794922 0.783203 0.796875 0.785156 0.802734 0.785156 0.808594 0.779297 0.808594 0.777344 0.804688 0.773438
0 0.822266 0.773438 0.818359 0.773438 0.816406 0.775391 0.816406 0.779297 0.820312 0.783203 0.822266 0.781250 0.824219 0.781250 0.826172 0.779297 0.826172 0.777344
0 0.679688 0.783203 0.677734 0.785156 0.679688 0.787109 0.681641 0.785156
0 0.712891 0.783203 0.708984 0.787109 0.708984 0.792969 0.714844 0.798828 0.718750 0.798828 0.722656 0.794922 0.722656 0.791016 0.720703 0.789062 0.720703 0.787109 0.718750 0.785156 0.716797 0.785156 0.714844 0.783203
0 0.759766 0.791016 0.755859 0.794922 0.753906 0.798828 0.753906 0.802734 0.759766 0.810547 0.763672 0.820312 0.767578 0.824219 0.769531 0.824219 0.775391 0.818359 0.779297 0.810547 0.777344 0.808594 0.777344 0.802734 0.773438 0.794922 0.769531 0.791016
0 0.843750 0.789062 0.841797 0.791016 0.843750 0.792969 0.845703 0.791016
0 0.925781 0.804688 0.917969 0.804688 0.912109 0.810547 0.912109 0.818359 0.916016 0.826172 0.904297 0.837891 0.910156 0.843750 0.925781 0.832031 0.925781 0.828125 0.935547 0.820312 0.933594 0.810547
0 0.957031 0.812500 0.955078 0.810547 0.951172 0.810547 0.947266 0.814453 0.947266 0.816406 0.949219 0.818359 0.953125 0.818359 0.957031 0.814453
0 0.402344 0.812500 0.400391 0.814453 0.398438 0.814453 0.394531 0.818359 0.394531 0.822266 0.398438 0.828125 0.402344 0.828125 0.404297 0.830078 0.412109 0.822266 0.412109 0.820312 0.404297 0.812500
0 0.861328 0.814453 0.861328 0.818359 0.863281 0.820312 0.869141 0.820312 0.873047 0.816406 0.869141 0.812500 0.863281 0.812500
0 0.326172 0.820312 0.324219 0.822266 0.324219 0.824219 0.322266 0.826172 0.326172 0.830078 0.328125 0.830078 0.332031 0.826172 0.332031 0.824219 0.328125 0.820312
0 0.966797 0.822266 0.960938 0.824219 0.945312 0.837891 0.945312 0.839844 0.953125 0.849609 0.951172 0.855469 0.955078 0.859375 0.957031 0.859375 0.960938 0.855469 0.957031 0.849609 0.958984 0.841797 0.970703 0.830078 0.970703 0.826172
0 0.427734 0.830078 0.425781 0.832031 0.425781 0.833984 0.427734 0.835938 0.427734 0.839844 0.433594 0.845703 0.439453 0.845703 0.443359 0.841797 0.443359 0.839844 0.435547 0.832031 0.433594 0.832031 0.431641 0.830078
0 0.773438 0.832031 0.767578 0.837891 0.761719 0.859375 0.765625 0.863281 0.769531 0.861328 0.789062 0.884766 0.794922 0.882812 0.804688 0.892578 0.810547 0.892578 0.816406 0.886719 0.814453 0.876953 0.808594 0.871094 0.796875 0.875000 0.791016 0.857422 0.820312 0.849609 0.832031 0.835938 0.826172 0.830078
0 0.875000 0.833984 0.865234 0.830078 0.857422 0.833984 0.849609 0.833984 0.847656 0.832031 0.843750 0.833984 0.845703 0.835938 0.845703 0.841797 0.851562 0.847656 0.851562 0.853516 0.847656 0.857422 0.851562 0.863281 0.855469 0.863281 0.863281 0.855469 0.867188 0.857422 0.876953 0.847656 0.878906 0.837891
0 0.703125 0.859375 0.707031 0.863281 0.708984 0.873047 0.716797 0.880859 0.724609 0.880859 0.740234 0.865234 0.730469 0.857422 0.722656 0.857422 0.714844 0.853516 0.707031 0.853516
0 0.904297 0.855469 0.902344 0.857422 0.904297 0.859375 0.906250 0.857422
0 0.603516 0.873047 0.601562 0.875000 0.605469 0.878906 0.607422 0.876953 0.607422 0.875000 0.605469 0.873047
1 0.968750 0.871094 0.964844 0.875000 0.962891 0.880859 0.964844 0.882812 0.964844 0.888672 0.972656 0.900391 0.984375 0.910156 0.992188 0.910156 0.998047 0.906250 0.998047 0.898438 0.994141 0.894531 0.988281 0.892578
1 0.462891 0.876953 0.457031 0.876953 0.451172 0.882812 0.451172 0.888672 0.460938 0.906250 0.458984 0.939453 0.451172 0.947266 0.447266 0.947266 0.439453 0.955078 0.437500 0.960938 0.437500 0.970703 0.445312 0.978516 0.451172 0.978516 0.458984 0.970703 0.460938 0.966797 0.460938 0.955078 0.458984 0.953125 0.460938 0.951172 0.458984 0.949219 0.470703 0.929688 0.468750 0.916016 0.466797 0.914062 0.466797 0.880859
0 0.654297 0.886719 0.648438 0.892578 0.648438 0.894531 0.654297 0.900391 0.656250 0.900391 0.658203 0.898438 0.660156 0.898438 0.662109 0.896484 0.662109 0.892578 0.656250 0.886719
0 0.552734 0.908203 0.558594 0.931641 0.572266 0.939453 0.583984 0.935547 0.595703 0.925781 0.607422 0.933594 0.613281 0.933594 0.619141 0.927734 0.617188 0.914062 0.609375 0.902344 0.593750 0.900391 0.580078 0.892578 0.566406 0.894531
0 0.765625 0.894531 0.751953 0.910156 0.750000 0.919922 0.753906 0.923828 0.769531 0.921875 0.781250 0.937500 0.787109 0.937500 0.798828 0.927734 0.804688 0.917969 0.785156 0.896484
0 0.824219 0.896484 0.820312 0.900391 0.822266 0.902344 0.824219 0.902344 0.826172 0.900391 0.826172 0.898438
0 0.906250 0.906250 0.904297 0.912109 0.906250 0.914062 0.906250 0.916016 0.912109 0.919922 0.916016 0.919922 0.917969 0.917969 0.921875 0.917969 0.927734 0.912109 0.927734 0.910156 0.925781 0.908203 0.923828 0.908203 0.917969 0.902344 0.912109 0.902344
0 0.433594 0.906250 0.427734 0.912109 0.427734 0.914062 0.431641 0.917969 0.437500 0.912109 0.435547 0.910156 0.435547 0.908203
0 0.699219 0.919922 0.693359 0.925781 0.695312 0.927734 0.695312 0.931641 0.697266 0.933594 0.699219 0.933594 0.701172 0.935547 0.703125 0.935547 0.707031 0.931641 0.707031 0.929688 0.705078 0.927734 0.705078 0.923828 0.701172 0.919922
0 0.853516 0.921875 0.849609 0.917969 0.847656 0.919922 0.845703 0.919922 0.843750 0.921875 0.845703 0.923828 0.851562 0.923828
0 0.980469 0.923828 0.978516 0.925781 0.980469 0.927734 0.982422 0.925781
1 0.632812 0.931641 0.628906 0.931641 0.623047 0.935547 0.619141 0.943359 0.621094 0.955078 0.613281 0.964844 0.615234 0.974609 0.623047 0.980469 0.628906 0.976562 0.630859 0.970703 0.628906 0.962891 0.642578 0.951172 0.642578 0.941406 0.640625 0.937500
0 0.841797 0.943359 0.843750 0.958984 0.855469 0.968750 0.871094 0.966797 0.882812 0.958984 0.882812 0.951172 0.876953 0.945312 0.873047 0.943359 0.871094 0.945312 0.863281 0.945312 0.853516 0.935547 0.845703 0.937500
0 0.794922 0.947266 0.791016 0.947266 0.787109 0.951172 0.787109 0.953125 0.791016 0.957031 0.792969 0.955078 0.794922 0.955078 0.796875 0.953125 0.796875 0.949219
0 0.925781 0.945312 0.921875 0.949219 0.921875 0.953125 0.925781 0.957031 0.927734 0.957031 0.933594 0.951172 0.927734 0.945312
0 0.537109 0.949219 0.533203 0.949219 0.529297 0.953125 0.529297 0.957031 0.535156 0.962891 0.537109 0.960938 0.539062 0.960938 0.541016 0.958984 0.541016 0.953125
1 0.765625 0.990234 0.767578 0.996094 0.765625 0.998047 0.873047 0.998047 0.875000 0.996094 0.875000 0.990234 0.873047 0.988281 0.869141 0.990234 0.865234 0.988281 0.861328 0.992188 0.837891 0.990234 0.830078 0.986328 0.820312 0.988281 0.808594 0.972656 0.796875 0.976562 0.787109 0.970703 0.777344 0.970703 0.769531 0.976562
0 0.832031 0.970703 0.830078 0.972656 0.832031 0.974609 0.833984 0.972656
0 0.966797 0.968750 0.960938 0.974609 0.960938 0.978516 0.962891 0.980469 0.962891 0.982422 0.966797 0.986328 0.974609 0.986328 0.978516 0.982422 0.978516 0.978516 0.980469 0.976562 0.972656 0.968750
1 0.339844 0.998047 0.394531 0.998047 0.390625 0.994141 0.373047 0.986328 0.357422 0.986328 0.355469 0.988281 0.351562 0.988281 0.343750 0.992188
1 0.437500 0.986328 0.435547 0.984375 0.425781 0.994141 0.419922 0.994141 0.416016 0.998047 0.433594 0.998047 0.433594 0.996094 0.437500 0.990234
0 0.701172 0.984375 0.699219 0.986328 0.701172 0.988281 0.703125 0.986328
0 0.720703 0.984375 0.718750 0.984375 0.714844 0.988281 0.714844 0.992188 0.716797 0.994141 0.720703 0.994141 0.722656 0.992188 0.722656 0.986328
1 0.556641 0.998047 0.548828 0.988281 0.525391 0.990234 0.523438 0.992188 0.511719 0.992188 0.503906 0.998047
