0 0.158203 0.033203 0.156250 0.035156 0.156250 0.037109 0.158203 0.039062 0.160156 0.039062 0.162109 0.037109 0.162109 0.035156 0.160156 0.033203
1 0.000000 0.074219 0.000000 0.212891 0.027344 0.113281 0.060547 0.203125 0.000000 0.257812 0.035156 0.339844 0.000000 0.351562 0.000000 0.539062 0.121094 0.683594 0.121094 0.798828 0.218750 0.712891 0.257812 0.748047 0.230469 0.880859 0.271484 0.847656 0.412109 0.875000 0.353516 0.998047 0.597656 0.998047 0.628906 0.966797 0.560547 0.919922 0.531250 0.980469 0.410156 0.953125 0.455078 0.806641 0.416016 0.808594 0.427734 0.722656 0.408203 0.810547 0.396484 0.757812 0.371094 0.808594 0.273438 0.810547 0.240234 0.705078 0.357422 0.652344 0.302734 0.570312 0.388672 0.570312 0.212891 0.568359 0.166016 0.478516 0.191406 0.343750 0.125000 0.378906 0.064453 0.310547 0.076172 0.257812 0.177734 0.250000 0.085938 0.226562 0.107422 0.136719 0.078125 0.177734 0.066406 0.123047 0.193359 0.083984
1 0.164062 0.103516 0.162109 0.105469 0.166016 0.109375 0.167969 0.109375 0.169922 0.111328 0.171875 0.109375 0.169922 0.107422 0.167969 0.107422
1 0.117188 0.117188 0.107422 0.126953 0.107422 0.128906 0.109375 0.130859 0.117188 0.123047 0.117188 0.121094 0.119141 0.119141
0 0.166016 0.158203 0.164062 0.160156 0.166016 0.162109 0.167969 0.162109 0.169922 0.160156 0.167969 0.158203
0 0.132812 0.164062 0.130859 0.166016 0.132812 0.167969 0.134766 0.166016
0 0.394531 0.164062 0.392578 0.166016 0.392578 0.169922 0.394531 0.171875 0.394531 0.177734 0.398438 0.181641 0.400391 0.181641 0.404297 0.177734 0.404297 0.173828 0.402344 0.171875 0.402344 0.169922 0.398438 0.166016 0.396484 0.166016
0 0.312500 0.175781 0.310547 0.177734 0.306641 0.177734 0.304688 0.179688 0.304688 0.181641 0.302734 0.183594 0.310547 0.191406 0.314453 0.187500 0.314453 0.183594 0.316406 0.181641 0.316406 0.179688
1 0.294922 0.183594 0.292969 0.185547 0.292969 0.187500 0.283203 0.197266 0.283203 0.201172 0.287109 0.205078 0.289062 0.205078 0.292969 0.201172 0.292969 0.199219 0.294922 0.197266 0.294922 0.193359 0.296875 0.191406 0.294922 0.189453 0.296875 0.187500 0.296875 0.185547
0 0.722656 0.185547 0.718750 0.185547 0.714844 0.189453 0.714844 0.191406 0.718750 0.195312 0.720703 0.195312 0.724609 0.191406 0.724609 0.187500
1 0.375000 0.189453 0.373047 0.189453 0.369141 0.193359 0.371094 0.199219 0.363281 0.207031 0.367188 0.210938 0.369141 0.210938 0.371094 0.208984 0.371094 0.201172 0.380859 0.193359
0 0.625000 0.191406 0.621094 0.195312 0.621094 0.197266 0.625000 0.201172 0.626953 0.201172 0.630859 0.197266 0.630859 0.195312 0.626953 0.191406
0 0.699219 0.208984 0.697266 0.210938 0.697266 0.214844 0.701172 0.218750 0.707031 0.218750 0.708984 0.216797 0.708984 0.210938 0.707031 0.208984 0.705078 0.208984 0.703125 0.207031 0.701172 0.208984
0 0.232422 0.216797 0.230469 0.218750 0.230469 0.222656 0.234375 0.226562 0.238281 0.226562 0.240234 0.224609 0.240234 0.220703 0.236328 0.216797
0 0.589844 0.216797 0.585938 0.220703 0.585938 0.226562 0.589844 0.230469 0.593750 0.230469 0.599609 0.224609 0.599609 0.220703 0.595703 0.216797
0 0.210938 0.224609 0.205078 0.224609 0.201172 0.226562 0.195312 0.232422 0.193359 0.236328 0.193359 0.240234 0.195312 0.244141 0.201172 0.250000 0.205078 0.251953 0.214844 0.248047 0.220703 0.240234 0.220703 0.232422 0.214844 0.226562
0 0.310547 0.224609 0.308594 0.226562 0.308594 0.228516 0.310547 0.230469 0.312500 0.228516 0.312500 0.226562
0 0.707031 0.226562 0.703125 0.226562 0.699219 0.230469 0.699219 0.232422 0.697266 0.234375 0.703125 0.240234 0.705078 0.240234 0.708984 0.236328 0.708984 0.228516
0 0.316406 0.236328 0.312500 0.240234 0.312500 0.246094 0.316406 0.250000 0.318359 0.250000 0.322266 0.246094 0.322266 0.240234 0.318359 0.236328
0 0.408203 0.236328 0.404297 0.240234 0.408203 0.244141 0.410156 0.244141 0.412109 0.242188 0.412109 0.240234
0 0.535156 0.234375 0.531250 0.238281 0.531250 0.240234 0.533203 0.242188 0.533203 0.244141 0.537109 0.248047 0.541016 0.248047 0.542969 0.246094 0.542969 0.244141 0.544922 0.242188 0.544922 0.240234 0.539062 0.234375
0 0.658203 0.240234 0.656250 0.242188 0.656250 0.244141 0.658203 0.246094 0.660156 0.244141 0.660156 0.242188
0 0.439453 0.250000 0.435547 0.253906 0.437500 0.255859 0.439453 0.255859 0.441406 0.253906 0.441406 0.251953
0 0.445312 0.253906 0.453125 0.261719 0.458984 0.261719 0.464844 0.255859 0.458984 0.250000 0.451172 0.250000 0.449219 0.251953 0.447266 0.251953
0 0.650391 0.253906 0.648438 0.255859 0.652344 0.259766 0.654297 0.257812 0.654297 0.255859 0.652344 0.253906
1 0.695312 0.261719 0.683594 0.269531 0.683594 0.277344 0.689453 0.283203 0.687500 0.296875 0.707031 0.312500 0.710938 0.308594 0.710938 0.304688 0.701172 0.296875 0.699219 0.291016 0.699219 0.283203 0.705078 0.277344 0.707031 0.269531 0.701172 0.261719
0 0.736328 0.267578 0.734375 0.269531 0.734375 0.275391 0.736328 0.277344 0.740234 0.277344 0.744141 0.273438 0.742188 0.271484 0.742188 0.269531 0.740234 0.267578
0 0.240234 0.273438 0.236328 0.277344 0.236328 0.279297 0.238281 0.281250 0.240234 0.281250 0.242188 0.279297 0.242188 0.275391
0 0.257812 0.273438 0.255859 0.275391 0.255859 0.277344 0.259766 0.281250 0.261719 0.281250 0.265625 0.277344 0.261719 0.273438
0 0.398438 0.277344 0.390625 0.283203 0.388672 0.302734 0.394531 0.308594 0.400391 0.310547 0.408203 0.322266 0.414062 0.324219 0.419922 0.318359 0.419922 0.306641 0.423828 0.300781 0.423828 0.296875 0.410156 0.281250
0 0.220703 0.281250 0.218750 0.283203 0.220703 0.285156 0.222656 0.283203
0 0.451172 0.287109 0.451172 0.292969 0.458984 0.300781 0.464844 0.300781 0.466797 0.302734 0.468750 0.302734 0.470703 0.300781 0.472656 0.300781 0.478516 0.294922 0.478516 0.291016 0.476562 0.289062 0.476562 0.287109 0.470703 0.281250 0.457031 0.281250
0 0.863281 0.289062 0.859375 0.289062 0.855469 0.292969 0.855469 0.294922 0.859375 0.298828 0.861328 0.298828 0.865234 0.294922 0.865234 0.291016
0 0.144531 0.292969 0.140625 0.296875 0.140625 0.306641 0.142578 0.308594 0.146484 0.304688 0.146484 0.300781 0.148438 0.298828 0.148438 0.296875
0 0.207031 0.294922 0.205078 0.296875 0.205078 0.300781 0.207031 0.302734 0.210938 0.302734 0.214844 0.298828 0.214844 0.296875 0.212891 0.294922
0 0.757812 0.306641 0.755859 0.306641 0.753906 0.308594 0.753906 0.310547 0.755859 0.312500 0.759766 0.308594
0 0.093750 0.308594 0.091797 0.310547 0.091797 0.312500 0.093750 0.314453 0.095703 0.312500 0.095703 0.310547
0 0.126953 0.316406 0.123047 0.320312 0.123047 0.322266 0.125000 0.324219 0.128906 0.324219 0.130859 0.322266 0.130859 0.320312
0 0.160156 0.328125 0.158203 0.330078 0.158203 0.333984 0.160156 0.335938 0.162109 0.335938 0.164062 0.337891 0.167969 0.337891 0.169922 0.335938 0.162109 0.328125
0 0.611328 0.328125 0.605469 0.333984 0.605469 0.335938 0.609375 0.339844 0.611328 0.339844 0.613281 0.341797 0.617188 0.341797 0.619141 0.339844 0.619141 0.337891 0.621094 0.335938 0.621094 0.333984 0.615234 0.328125
0 0.708984 0.328125 0.707031 0.330078 0.707031 0.332031 0.708984 0.333984 0.710938 0.332031 0.710938 0.330078
0 0.777344 0.330078 0.773438 0.333984 0.777344 0.337891 0.781250 0.333984
0 0.195312 0.332031 0.193359 0.333984 0.195312 0.335938 0.197266 0.333984
1 0.753906 0.333984 0.746094 0.341797 0.740234 0.341797 0.738281 0.343750 0.738281 0.347656 0.742188 0.351562 0.744141 0.351562 0.748047 0.347656 0.748047 0.345703 0.753906 0.339844 0.755859 0.339844 0.757812 0.337891
0 0.595703 0.345703 0.593750 0.347656 0.593750 0.349609 0.595703 0.351562 0.597656 0.351562 0.599609 0.349609 0.599609 0.347656 0.597656 0.345703
0 0.214844 0.357422 0.212891 0.359375 0.216797 0.363281 0.218750 0.361328 0.218750 0.359375 0.216797 0.357422
0 0.408203 0.363281 0.406250 0.365234 0.406250 0.369141 0.408203 0.371094 0.412109 0.371094 0.414062 0.369141 0.414062 0.367188 0.410156 0.363281
1 0.230469 0.380859 0.224609 0.388672 0.228516 0.404297 0.234375 0.410156 0.251953 0.412109 0.257812 0.419922 0.257812 0.431641 0.261719 0.435547 0.269531 0.431641 0.275391 0.421875 0.273438 0.408203 0.259766 0.398438 0.259766 0.390625 0.255859 0.386719 0.244141 0.384766 0.240234 0.380859
0 0.347656 0.388672 0.345703 0.390625 0.345703 0.394531 0.347656 0.396484 0.351562 0.392578
0 0.472656 0.394531 0.472656 0.400391 0.474609 0.402344 0.478516 0.402344 0.480469 0.400391 0.482422 0.400391 0.484375 0.398438 0.484375 0.396484 0.480469 0.392578 0.474609 0.392578
0 0.460938 0.414062 0.458984 0.416016 0.457031 0.416016 0.455078 0.417969 0.455078 0.419922 0.457031 0.421875 0.457031 0.423828 0.458984 0.425781 0.460938 0.423828 0.464844 0.423828 0.466797 0.421875 0.466797 0.419922
0 0.320312 0.423828 0.314453 0.423828 0.308594 0.427734 0.308594 0.429688 0.306641 0.431641 0.306641 0.437500 0.310547 0.441406 0.314453 0.441406 0.324219 0.431641 0.324219 0.429688
0 0.365234 0.421875 0.361328 0.425781 0.365234 0.429688 0.367188 0.429688 0.369141 0.427734 0.369141 0.425781
0 0.435547 0.423828 0.433594 0.425781 0.433594 0.429688 0.435547 0.431641 0.439453 0.427734
0 0.527344 0.435547 0.525391 0.437500 0.525391 0.443359 0.529297 0.447266 0.531250 0.447266 0.537109 0.441406 0.537109 0.439453 0.533203 0.435547
0 0.230469 0.445312 0.228516 0.447266 0.230469 0.449219 0.232422 0.447266
0 0.273438 0.451172 0.271484 0.453125 0.271484 0.455078 0.269531 0.457031 0.275391 0.462891 0.277344 0.462891 0.279297 0.460938 0.279297 0.455078 0.275391 0.451172
0 0.265625 0.468750 0.261719 0.472656 0.265625 0.476562 0.267578 0.476562 0.269531 0.474609 0.269531 0.470703 0.267578 0.468750
0 0.667969 0.468750 0.664062 0.472656 0.666016 0.474609 0.666016 0.476562 0.667969 0.478516 0.669922 0.478516 0.673828 0.474609 0.673828 0.472656 0.669922 0.468750
0 0.228516 0.498047 0.228516 0.500000 0.234375 0.505859 0.240234 0.505859 0.244141 0.501953 0.244141 0.500000 0.238281 0.494141 0.234375 0.494141 0.232422 0.496094 0.230469 0.496094
0 0.396484 0.494141 0.390625 0.494141 0.386719 0.498047 0.386719 0.500000 0.382812 0.505859 0.382812 0.515625 0.388672 0.521484 0.394531 0.519531 0.398438 0.515625 0.398438 0.509766 0.400391 0.507812 0.400391 0.498047
0 0.744141 0.503906 0.740234 0.507812 0.740234 0.509766 0.744141 0.513672 0.746094 0.513672 0.750000 0.509766 0.750000 0.507812 0.746094 0.503906
0 0.246094 0.511719 0.242188 0.515625 0.246094 0.519531 0.248047 0.519531 0.251953 0.515625 0.248047 0.511719
0 0.500000 0.517578 0.498047 0.519531 0.498047 0.525391 0.501953 0.529297 0.505859 0.529297 0.507812 0.531250 0.509766 0.531250 0.513672 0.535156 0.517578 0.531250 0.517578 0.529297 0.509766 0.521484 0.509766 0.519531 0.505859 0.515625 0.503906 0.515625 0.501953 0.517578
0 0.271484 0.521484 0.269531 0.523438 0.269531 0.525391 0.277344 0.533203 0.281250 0.533203 0.283203 0.531250 0.283203 0.527344 0.279297 0.523438 0.277344 0.523438 0.275391 0.521484
0 0.447266 0.529297 0.443359 0.533203 0.445312 0.535156 0.447266 0.535156 0.449219 0.533203 0.449219 0.531250
0 0.337891 0.533203 0.335938 0.535156 0.335938 0.537109 0.337891 0.539062 0.339844 0.537109 0.339844 0.535156
0 0.542969 0.535156 0.539062 0.539062 0.539062 0.544922 0.541016 0.546875 0.542969 0.546875 0.544922 0.548828 0.550781 0.548828 0.554688 0.544922 0.554688 0.541016 0.548828 0.535156
0 0.425781 0.548828 0.427734 0.554688 0.433594 0.560547 0.441406 0.564453 0.451172 0.564453 0.460938 0.556641 0.460938 0.552734 0.457031 0.548828 0.447266 0.544922 0.443359 0.541016 0.433594 0.541016 0.429688 0.542969
0 0.244141 0.546875 0.242188 0.548828 0.244141 0.550781 0.246094 0.548828
0 0.265625 0.552734 0.261719 0.552734 0.257812 0.556641 0.261719 0.560547 0.263672 0.560547 0.267578 0.556641 0.267578 0.554688
0 0.621094 0.560547 0.619141 0.562500 0.619141 0.564453 0.621094 0.566406 0.623047 0.566406 0.625000 0.564453 0.625000 0.562500 0.623047 0.560547
0 0.589844 0.566406 0.587891 0.568359 0.587891 0.572266 0.589844 0.574219 0.595703 0.574219 0.597656 0.572266 0.597656 0.570312 0.593750 0.566406
0 0.722656 0.572266 0.720703 0.574219 0.720703 0.576172 0.722656 0.578125 0.726562 0.578125 0.728516 0.576172 0.724609 0.572266
0 0.890625 0.572266 0.884766 0.578125 0.884766 0.580078 0.888672 0.585938 0.890625 0.585938 0.892578 0.587891 0.898438 0.587891 0.904297 0.582031 0.904297 0.580078 0.898438 0.574219 0.896484 0.574219 0.894531 0.572266
0 0.490234 0.576172 0.486328 0.576172 0.482422 0.580078 0.482422 0.585938 0.484375 0.587891 0.484375 0.589844 0.486328 0.591797 0.492188 0.585938 0.492188 0.582031 0.494141 0.580078
0 0.429688 0.582031 0.423828 0.587891 0.423828 0.589844 0.427734 0.593750 0.431641 0.593750 0.435547 0.589844 0.435547 0.587891
1 0.513672 0.585938 0.511719 0.585938 0.509766 0.583984 0.503906 0.589844 0.503906 0.593750 0.500000 0.599609 0.500000 0.601562 0.501953 0.603516 0.505859 0.599609 0.507812 0.599609 0.515625 0.591797 0.515625 0.587891
0 0.359375 0.585938 0.357422 0.587891 0.357422 0.591797 0.361328 0.595703 0.363281 0.593750 0.363281 0.589844
0 0.406250 0.585938 0.404297 0.587891 0.404297 0.589844 0.406250 0.591797 0.408203 0.589844 0.408203 0.587891
1 0.462891 0.605469 0.457031 0.599609 0.453125 0.599609 0.445312 0.607422 0.443359 0.607422 0.441406 0.609375 0.435547 0.607422 0.431641 0.611328 0.431641 0.613281 0.435547 0.617188 0.437500 0.617188 0.441406 0.613281 0.449219 0.613281 0.451172 0.615234 0.458984 0.615234 0.462891 0.611328
0 0.789062 0.599609 0.785156 0.603516 0.785156 0.607422 0.787109 0.609375 0.791016 0.609375 0.794922 0.605469
1 0.404297 0.601562 0.396484 0.609375 0.396484 0.621094 0.402344 0.626953 0.408203 0.625000 0.414062 0.630859 0.406250 0.638672 0.408203 0.644531 0.414062 0.650391 0.417969 0.650391 0.423828 0.644531 0.423828 0.636719 0.414062 0.623047 0.416016 0.607422 0.410156 0.601562
0 0.816406 0.603516 0.814453 0.605469 0.810547 0.605469 0.808594 0.607422 0.808594 0.615234 0.810547 0.617188 0.812500 0.617188 0.814453 0.619141 0.816406 0.619141 0.818359 0.617188 0.820312 0.617188 0.822266 0.615234 0.822266 0.609375
0 0.367188 0.609375 0.369141 0.611328 0.369141 0.613281 0.375000 0.619141 0.380859 0.619141 0.382812 0.617188 0.382812 0.611328 0.378906 0.607422 0.369141 0.607422
0 0.474609 0.605469 0.472656 0.607422 0.472656 0.609375 0.474609 0.611328 0.476562 0.611328 0.478516 0.609375 0.478516 0.607422 0.476562 0.605469
0 0.660156 0.605469 0.658203 0.607422 0.658203 0.609375 0.660156 0.611328 0.662109 0.609375 0.662109 0.607422
1 0.998047 0.605469 0.994141 0.609375 0.994141 0.613281 0.996094 0.615234 0.996094 0.617188 0.998047 0.619141
1 0.546875 0.619141 0.542969 0.619141 0.539062 0.623047 0.539062 0.626953 0.533203 0.632812 0.533203 0.638672 0.537109 0.644531 0.541016 0.644531 0.542969 0.642578 0.542969 0.636719 0.550781 0.628906 0.550781 0.623047
0 0.609375 0.617188 0.607422 0.619141 0.609375 0.621094 0.611328 0.619141
0 0.753906 0.634766 0.751953 0.632812 0.740234 0.634766 0.726562 0.623047 0.718750 0.623047 0.705078 0.628906 0.699219 0.626953 0.697266 0.628906 0.697266 0.644531 0.699219 0.650391 0.712891 0.662109 0.724609 0.656250 0.732422 0.648438 0.742188 0.652344 0.753906 0.638672
0 0.648438 0.642578 0.648438 0.644531 0.652344 0.648438 0.654297 0.646484 0.669922 0.646484 0.671875 0.648438 0.675781 0.648438 0.679688 0.644531 0.679688 0.642578 0.677734 0.640625 0.677734 0.634766 0.671875 0.628906 0.662109 0.628906 0.658203 0.632812 0.658203 0.634766 0.652344 0.640625 0.650391 0.640625
0 0.392578 0.634766 0.390625 0.636719 0.390625 0.640625 0.394531 0.644531 0.396484 0.644531 0.402344 0.638672 0.398438 0.634766
0 0.369141 0.638672 0.367188 0.640625 0.367188 0.642578 0.369141 0.644531 0.371094 0.644531 0.373047 0.642578 0.373047 0.640625 0.371094 0.638672
1 0.558594 0.644531 0.560547 0.646484 0.562500 0.644531 0.564453 0.644531 0.566406 0.646484 0.572266 0.644531 0.574219 0.646484 0.576172 0.644531 0.578125 0.644531 0.582031 0.640625 0.580078 0.638672 0.574219 0.638672 0.570312 0.642578 0.568359 0.640625 0.564453 0.640625 0.562500 0.638672 0.560547 0.638672 0.558594 0.640625 0.560547 0.642578
0 0.289062 0.646484 0.287109 0.648438 0.289062 0.650391 0.291016 0.648438
1 0.431641 0.658203 0.427734 0.658203 0.410156 0.671875 0.412109 0.679688 0.398438 0.701172 0.400391 0.703125 0.398438 0.710938 0.402344 0.714844 0.416016 0.708984 0.423828 0.697266 0.421875 0.687500 0.429688 0.679688 0.433594 0.679688 0.437500 0.683594 0.439453 0.681641 0.437500 0.673828 0.431641 0.667969 0.435547 0.662109
0 0.968750 0.660156 0.964844 0.664062 0.964844 0.666016 0.968750 0.669922 0.972656 0.666016 0.972656 0.664062
0 0.503906 0.669922 0.500000 0.666016 0.496094 0.669922 0.498047 0.671875 0.501953 0.671875
1 0.683594 0.675781 0.679688 0.669922 0.671875 0.666016 0.664062 0.666016 0.650391 0.675781 0.640625 0.669922 0.636719 0.671875 0.634766 0.669922 0.626953 0.675781 0.625000 0.681641 0.626953 0.689453 0.634766 0.695312 0.654297 0.691406 0.664062 0.697266 0.673828 0.697266 0.683594 0.687500
0 0.888672 0.666016 0.882812 0.671875 0.882812 0.677734 0.884766 0.679688 0.884766 0.681641 0.886719 0.683594 0.892578 0.683594 0.898438 0.677734 0.898438 0.671875 0.892578 0.666016
1 0.757812 0.669922 0.732422 0.687500 0.738281 0.697266 0.728516 0.708984 0.734375 0.716797 0.740234 0.712891 0.738281 0.699219 0.746094 0.693359 0.761719 0.695312 0.765625 0.691406 0.759766 0.681641 0.759766 0.671875
0 0.548828 0.673828 0.546875 0.675781 0.548828 0.677734 0.550781 0.677734 0.552734 0.675781 0.550781 0.673828
0 0.361328 0.679688 0.357422 0.683594 0.357422 0.687500 0.359375 0.689453 0.361328 0.689453 0.363281 0.687500 0.363281 0.685547 0.365234 0.683594
0 0.603516 0.683594 0.601562 0.685547 0.603516 0.687500 0.605469 0.687500 0.607422 0.685547 0.605469 0.683594
0 0.521484 0.689453 0.515625 0.689453 0.511719 0.693359 0.511719 0.695312 0.509766 0.697266 0.509766 0.699219 0.515625 0.705078 0.517578 0.703125 0.519531 0.703125 0.521484 0.701172 0.521484 0.699219 0.523438 0.697266 0.523438 0.691406
0 0.556641 0.687500 0.554688 0.689453 0.554688 0.691406 0.556641 0.693359 0.558594 0.693359 0.560547 0.691406
1 0.378906 0.691406 0.375000 0.693359 0.375000 0.703125 0.369141 0.708984 0.361328 0.712891 0.361328 0.718750 0.353516 0.728516 0.359375 0.736328 0.365234 0.734375 0.365234 0.724609 0.369141 0.720703 0.378906 0.720703 0.380859 0.718750 0.380859 0.707031 0.378906 0.705078 0.380859 0.701172 0.378906 0.699219 0.380859 0.693359
0 0.835938 0.693359 0.833984 0.695312 0.837891 0.699219 0.839844 0.699219 0.841797 0.697266 0.841797 0.695312 0.839844 0.693359
1 0.347656 0.710938 0.345703 0.708984 0.341797 0.708984 0.339844 0.710938 0.337891 0.710938 0.335938 0.712891 0.332031 0.712891 0.330078 0.714844 0.330078 0.716797 0.333984 0.720703 0.337891 0.716797 0.343750 0.716797 0.347656 0.712891
0 0.316406 0.712891 0.314453 0.714844 0.316406 0.716797 0.318359 0.714844
0 0.449219 0.716797 0.447266 0.718750 0.443359 0.718750 0.439453 0.722656 0.441406 0.724609 0.441406 0.726562 0.443359 0.728516 0.449219 0.728516 0.453125 0.724609 0.453125 0.722656 0.451172 0.720703 0.451172 0.718750
0 0.791016 0.714844 0.787109 0.718750 0.787109 0.720703 0.785156 0.722656 0.785156 0.726562 0.789062 0.730469 0.794922 0.730469 0.798828 0.726562 0.798828 0.716797 0.796875 0.714844
0 0.484375 0.718750 0.482422 0.724609 0.494141 0.734375 0.494141 0.755859 0.498047 0.761719 0.503906 0.761719 0.523438 0.738281 0.517578 0.730469 0.503906 0.732422 0.492188 0.718750
0 0.740234 0.728516 0.738281 0.730469 0.740234 0.732422 0.742188 0.730469
0 0.382812 0.732422 0.376953 0.738281 0.376953 0.740234 0.378906 0.742188 0.380859 0.742188 0.382812 0.744141 0.386719 0.744141 0.392578 0.738281 0.392578 0.736328 0.388672 0.732422
0 0.708984 0.730469 0.707031 0.732422 0.705078 0.732422 0.703125 0.734375 0.703125 0.736328 0.708984 0.742188 0.712891 0.738281 0.712891 0.734375
0 0.892578 0.732422 0.890625 0.734375 0.892578 0.736328 0.894531 0.734375
0 0.330078 0.736328 0.324219 0.742188 0.324219 0.746094 0.322266 0.748047 0.328125 0.757812 0.335938 0.757812 0.343750 0.750000 0.343750 0.746094 0.341797 0.744141 0.341797 0.742188 0.335938 0.736328
0 0.591797 0.734375 0.589844 0.736328 0.589844 0.738281 0.593750 0.742188 0.597656 0.742188 0.599609 0.740234 0.599609 0.736328 0.597656 0.734375
0 0.781250 0.734375 0.777344 0.738281 0.777344 0.740234 0.781250 0.744141 0.785156 0.740234 0.785156 0.738281
0 0.953125 0.734375 0.951172 0.736328 0.953125 0.738281 0.955078 0.738281 0.957031 0.736328 0.955078 0.734375
0 0.542969 0.744141 0.541016 0.746094 0.541016 0.750000 0.544922 0.753906 0.548828 0.753906 0.552734 0.750000 0.552734 0.748047 0.548828 0.744141
0 0.576172 0.744141 0.574219 0.746094 0.574219 0.750000 0.576172 0.751953 0.580078 0.748047
0 0.765625 0.742188 0.761719 0.742188 0.759766 0.744141 0.757812 0.744141 0.750000 0.751953 0.750000 0.753906 0.755859 0.759766 0.757812 0.759766 0.759766 0.757812 0.761719 0.757812 0.765625 0.753906 0.765625 0.751953 0.767578 0.750000 0.767578 0.744141
0 0.458984 0.761719 0.457031 0.763672 0.458984 0.765625 0.460938 0.763672
0 0.318359 0.767578 0.314453 0.767578 0.312500 0.769531 0.312500 0.771484 0.316406 0.775391 0.320312 0.771484 0.320312 0.769531
0 0.820312 0.767578 0.818359 0.769531 0.820312 0.771484 0.822266 0.769531
0 0.484375 0.771484 0.474609 0.771484 0.472656 0.773438 0.472656 0.775391 0.470703 0.777344 0.470703 0.781250 0.476562 0.787109 0.478516 0.787109 0.488281 0.777344 0.488281 0.775391
0 0.835938 0.771484 0.833984 0.773438 0.833984 0.775391 0.835938 0.777344 0.837891 0.777344 0.839844 0.775391 0.839844 0.773438 0.837891 0.771484
0 0.880859 0.773438 0.878906 0.771484 0.876953 0.773438 0.869141 0.773438 0.867188 0.775391 0.867188 0.777344 0.869141 0.779297 0.873047 0.779297 0.875000 0.781250 0.876953 0.781250 0.880859 0.777344
0 0.351562 0.773438 0.349609 0.773438 0.343750 0.777344 0.339844 0.777344 0.333984 0.783203 0.333984 0.785156 0.339844 0.791016 0.341797 0.791016 0.343750 0.789062 0.345703 0.789062 0.347656 0.787109 0.353516 0.785156 0.357422 0.781250 0.355469 0.779297 0.355469 0.777344
0 0.603516 0.779297 0.597656 0.785156 0.597656 0.787109 0.599609 0.789062 0.599609 0.791016 0.605469 0.796875 0.607422 0.796875 0.609375 0.798828 0.613281 0.798828 0.619141 0.792969 0.619141 0.789062 0.617188 0.787109 0.617188 0.785156 0.611328 0.779297
0 0.437500 0.785156 0.435547 0.787109 0.437500 0.789062 0.439453 0.787109
0 0.513672 0.820312 0.521484 0.832031 0.531250 0.833984 0.552734 0.810547 0.560547 0.818359 0.578125 0.814453 0.583984 0.806641 0.583984 0.800781 0.576172 0.792969 0.556641 0.802734 0.546875 0.789062 0.533203 0.787109 0.517578 0.806641
0 0.748047 0.785156 0.744141 0.789062 0.744141 0.791016 0.750000 0.796875 0.753906 0.796875 0.755859 0.794922 0.755859 0.789062 0.751953 0.785156
0 0.812500 0.787109 0.808594 0.791016 0.808594 0.794922 0.810547 0.796875 0.810547 0.798828 0.816406 0.804688 0.822266 0.804688 0.828125 0.798828 0.826172 0.796875 0.826172 0.794922 0.820312 0.789062 0.818359 0.789062 0.816406 0.787109
0 0.691406 0.802734 0.687500 0.802734 0.685547 0.804688 0.681641 0.804688 0.679688 0.806641 0.673828 0.806641 0.669922 0.810547 0.673828 0.814453 0.673828 0.816406 0.681641 0.824219 0.691406 0.822266 0.697266 0.816406 0.697266 0.810547
0 0.849609 0.802734 0.849609 0.810547 0.855469 0.816406 0.857422 0.820312 0.857422 0.826172 0.859375 0.828125 0.861328 0.824219 0.871094 0.816406 0.878906 0.824219 0.880859 0.822266 0.880859 0.814453 0.882812 0.812500 0.878906 0.808594 0.875000 0.808594 0.873047 0.810547 0.861328 0.800781 0.851562 0.800781
0 0.767578 0.808594 0.767578 0.810547 0.769531 0.812500 0.771484 0.812500 0.773438 0.814453 0.775391 0.814453 0.779297 0.810547 0.775391 0.806641 0.769531 0.806641
0 0.843750 0.814453 0.841797 0.816406 0.841797 0.818359 0.843750 0.820312 0.845703 0.818359 0.845703 0.816406
1 0.998047 0.814453 0.994141 0.818359 0.994141 0.824219 0.998047 0.828125
0 0.751953 0.816406 0.748047 0.820312 0.750000 0.822266 0.748047 0.824219 0.750000 0.826172 0.750000 0.828125 0.755859 0.833984 0.757812 0.833984 0.759766 0.832031 0.761719 0.832031 0.763672 0.830078 0.763672 0.828125 0.761719 0.826172 0.761719 0.824219 0.755859 0.818359 0.753906 0.818359
0 0.585938 0.822266 0.583984 0.824219 0.585938 0.826172 0.587891 0.824219
0 0.628906 0.832031 0.625000 0.835938 0.625000 0.839844 0.628906 0.843750 0.632812 0.843750 0.634766 0.841797 0.634766 0.839844 0.636719 0.837891 0.636719 0.835938 0.632812 0.832031
0 0.539062 0.835938 0.537109 0.837891 0.541016 0.841797 0.542969 0.839844 0.542969 0.837891 0.541016 0.835938
0 0.896484 0.839844 0.894531 0.837891 0.892578 0.839844 0.882812 0.839844 0.880859 0.841797 0.880859 0.845703 0.882812 0.847656 0.884766 0.847656 0.886719 0.849609 0.888672 0.849609 0.890625 0.847656 0.892578 0.847656 0.894531 0.845703 0.894531 0.843750 0.896484 0.841797
0 0.748047 0.839844 0.744141 0.843750 0.748047 0.847656 0.750000 0.847656 0.751953 0.845703 0.751953 0.843750
0 0.765625 0.849609 0.761719 0.849609 0.757812 0.853516 0.761719 0.857422 0.763672 0.857422 0.767578 0.853516 0.767578 0.851562
1 0.494141 0.853516 0.476562 0.873047 0.492188 0.890625 0.501953 0.923828 0.513672 0.931641 0.527344 0.921875 0.533203 0.910156 0.529297 0.882812 0.517578 0.871094 0.501953 0.873047 0.494141 0.865234 0.500000 0.855469
0 0.640625 0.851562 0.638672 0.851562 0.632812 0.857422 0.636719 0.861328 0.640625 0.861328 0.644531 0.857422 0.644531 0.855469
0 0.466797 0.857422 0.464844 0.857422 0.460938 0.861328 0.460938 0.865234 0.464844 0.869141 0.466797 0.867188 0.468750 0.867188 0.470703 0.865234 0.470703 0.863281 0.468750 0.861328 0.468750 0.859375
0 0.531250 0.857422 0.529297 0.859375 0.531250 0.861328 0.533203 0.859375
0 0.843750 0.863281 0.845703 0.871094 0.853516 0.878906 0.861328 0.880859 0.867188 0.876953 0.873047 0.882812 0.875000 0.888672 0.878906 0.892578 0.884766 0.892578 0.886719 0.890625 0.888672 0.882812 0.884766 0.878906 0.880859 0.878906 0.875000 0.873047 0.876953 0.869141 0.884766 0.863281 0.886719 0.863281 0.890625 0.867188 0.894531 0.867188 0.898438 0.863281 0.892578 0.855469 0.888672 0.855469 0.886719 0.857422 0.875000 0.855469 0.873047 0.857422 0.873047 0.861328 0.865234 0.869141 0.863281 0.869141 0.853516 0.857422 0.849609 0.857422
0 0.578125 0.863281 0.578125 0.867188 0.582031 0.871094 0.585938 0.871094 0.587891 0.869141 0.589844 0.869141 0.591797 0.867188 0.591797 0.863281 0.587891 0.859375 0.582031 0.859375
0 0.791016 0.863281 0.792969 0.865234 0.794922 0.863281 0.798828 0.863281 0.800781 0.861328 0.798828 0.859375 0.792969 0.859375 0.791016 0.861328
0 0.636719 0.869141 0.634766 0.871094 0.634766 0.873047 0.638672 0.876953 0.642578 0.873047 0.638672 0.869141
1 0.910156 0.876953 0.916016 0.892578 0.925781 0.898438 0.931641 0.898438 0.939453 0.892578 0.949219 0.898438 0.955078 0.898438 0.968750 0.886719 0.968750 0.878906 0.960938 0.871094 0.943359 0.880859 0.935547 0.873047 0.927734 0.873047 0.916016 0.867188
0 0.382812 0.892578 0.378906 0.896484 0.380859 0.898438 0.382812 0.898438 0.384766 0.896484 0.384766 0.894531
0 0.826172 0.892578 0.818359 0.902344 0.812500 0.900391 0.808594 0.904297 0.808594 0.908203 0.810547 0.910156 0.822266 0.910156 0.826172 0.914062 0.820312 0.919922 0.820312 0.921875 0.822266 0.923828 0.826172 0.923828 0.832031 0.929688 0.833984 0.937500 0.837891 0.941406 0.841797 0.937500 0.841797 0.927734 0.845703 0.921875 0.841797 0.917969 0.833984 0.921875 0.830078 0.921875 0.824219 0.916016 0.828125 0.912109 0.837891 0.912109 0.841797 0.908203 0.847656 0.908203 0.851562 0.906250 0.855469 0.900391 0.849609 0.894531 0.843750 0.894531 0.835938 0.900391 0.828125 0.892578
1 0.632812 0.921875 0.636719 0.927734 0.646484 0.925781 0.671875 0.953125 0.650391 0.964844 0.671875 0.980469 0.666016 0.998047 0.730469 0.998047 0.730469 0.982422 0.716797 0.966797 0.714844 0.941406 0.720703 0.935547 0.746094 0.941406 0.751953 0.921875 0.765625 0.933594 0.763672 0.943359 0.769531 0.949219 0.785156 0.941406 0.792969 0.945312 0.781250 0.958984 0.785156 0.968750 0.804688 0.957031 0.810547 0.962891 0.796875 0.972656 0.802734 0.988281 0.828125 0.958984 0.814453 0.949219 0.814453 0.935547 0.798828 0.935547 0.763672 0.896484 0.744141 0.894531 0.736328 0.914062 0.724609 0.914062 0.708984 0.925781 0.691406 0.923828 0.681641 0.900391 0.662109 0.894531
0 0.623047 0.902344 0.619141 0.902344 0.615234 0.906250 0.615234 0.908203 0.613281 0.910156 0.613281 0.914062 0.611328 0.916016 0.617188 0.921875 0.623047 0.916016 0.623047 0.908203 0.625000 0.906250 0.625000 0.904297
0 0.570312 0.908203 0.568359 0.910156 0.570312 0.912109 0.572266 0.912109 0.574219 0.910156 0.572266 0.908203
0 0.957031 0.916016 0.951172 0.921875 0.951172 0.927734 0.947266 0.933594 0.945312 0.945312 0.947266 0.949219 0.953125 0.953125 0.962891 0.953125 0.970703 0.945312 0.970703 0.939453 0.972656 0.937500 0.962891 0.917969 0.960938 0.916016 0.958984 0.917969
0 0.857422 0.923828 0.853516 0.927734 0.853516 0.929688 0.857422 0.933594 0.861328 0.933594 0.863281 0.931641 0.863281 0.927734 0.859375 0.923828
0 0.925781 0.941406 0.919922 0.947266 0.919922 0.949219 0.925781 0.955078 0.929688 0.955078 0.935547 0.949219 0.935547 0.947266 0.929688 0.941406
0 0.730469 0.966797 0.728516 0.968750 0.730469 0.970703 0.732422 0.968750
0 0.869141 0.964844 0.865234 0.968750 0.865234 0.974609 0.859375 0.980469 0.859375 0.982422 0.861328 0.984375 0.869141 0.984375 0.876953 0.992188 0.882812 0.988281 0.884766 0.982422 0.876953 0.974609 0.875000 0.968750 0.871094 0.964844
0 0.843750 0.968750 0.839844 0.972656 0.839844 0.978516 0.843750 0.982422 0.847656 0.982422 0.851562 0.978516 0.851562 0.974609 0.845703 0.968750
0 0.951172 0.978516 0.947266 0.978516 0.945312 0.980469 0.943359 0.980469 0.939453 0.984375 0.939453 0.998047 0.951172 0.998047 0.951172 0.996094 0.955078 0.990234 0.955078 0.984375
0 0.912109 0.980469 0.908203 0.984375 0.912109 0.990234 0.912109 0.992188 0.908203 0.998047 0.921875 0.998047 0.921875 0.996094 0.917969 0.990234 0.917969 0.988281 0.919922 0.986328 0.919922 0.982422 0.917969 0.980469
1 0.839844 0.996094 0.833984 0.990234 0.828125 0.990234 0.826172 0.992188 0.824219 0.992188 0.822266 0.994141 0.820312 0.994141 0.814453 0.998047 0.839844 0.998047
0 0.982422 0.990234 0.980469 0.992188 0.982422 0.994141 0.984375 0.992188
1 0.613281 0.998047 0.619141 0.998047 0.617188 0.996094 0.615234 0.996094
