0 0.335938 0.105469 0.330078 0.111328 0.330078 0.119141 0.333984 0.123047 0.337891 0.123047 0.339844 0.125000 0.345703 0.119141 0.345703 0.111328 0.341797 0.107422 0.339844 0.107422 0.337891 0.105469
1 0.000000 0.160156 0.000000 0.201172 0.025391 0.210938 0.000000 0.248047 0.000000 0.392578 0.041016 0.416016 0.042969 0.480469 0.017578 0.417969 0.000000 0.425781 0.029297 0.513672 0.105469 0.544922 0.085938 0.613281 0.109375 0.664062 0.146484 0.664062 0.138672 0.726562 0.181641 0.677734 0.314453 0.687500 0.173828 0.804688 0.175781 0.876953 0.302734 0.740234 0.343750 0.734375 0.378906 0.685547 0.390625 0.712891 0.419922 0.628906 0.355469 0.609375 0.316406 0.542969 0.384766 0.560547 0.410156 0.521484 0.353516 0.496094 0.312500 0.523438 0.304688 0.492188 0.287109 0.503906 0.216797 0.453125 0.175781 0.392578 0.214844 0.349609 0.201172 0.324219 0.134766 0.414062 0.171875 0.308594 0.232422 0.281250 0.207031 0.255859 0.193359 0.273438 0.158203 0.207031 0.093750 0.224609
0 0.439453 0.160156 0.437500 0.160156 0.433594 0.164062 0.433594 0.166016 0.437500 0.169922 0.443359 0.164062
0 0.394531 0.214844 0.388672 0.214844 0.386719 0.216797 0.384766 0.216797 0.382812 0.218750 0.382812 0.224609 0.386719 0.228516 0.390625 0.228516 0.392578 0.226562 0.394531 0.226562 0.396484 0.224609 0.396484 0.222656 0.398438 0.220703 0.398438 0.218750
0 0.275391 0.224609 0.273438 0.226562 0.275391 0.228516 0.277344 0.228516 0.279297 0.226562 0.277344 0.224609
0 0.318359 0.222656 0.306641 0.222656 0.302734 0.226562 0.300781 0.226562 0.294922 0.234375 0.294922 0.238281 0.296875 0.240234 0.296875 0.242188 0.302734 0.246094 0.306641 0.246094 0.308594 0.244141 0.312500 0.244141 0.316406 0.240234 0.318359 0.240234 0.324219 0.232422 0.324219 0.228516
0 0.265625 0.236328 0.259766 0.232422 0.253906 0.232422 0.251953 0.234375 0.246094 0.236328 0.238281 0.244141 0.238281 0.246094 0.244141 0.251953 0.250000 0.251953 0.255859 0.248047 0.259766 0.248047 0.261719 0.246094 0.263672 0.246094 0.267578 0.240234 0.265625 0.238281
0 0.546875 0.246094 0.544922 0.248047 0.542969 0.248047 0.541016 0.250000 0.541016 0.251953 0.539062 0.253906 0.539062 0.255859 0.542969 0.259766 0.544922 0.259766 0.546875 0.261719 0.550781 0.261719 0.556641 0.255859 0.556641 0.250000 0.552734 0.246094
0 0.097656 0.269531 0.093750 0.273438 0.097656 0.277344 0.099609 0.277344 0.103516 0.273438 0.099609 0.269531
1 0.998047 0.332031 0.996094 0.333984 0.996094 0.337891 0.998047 0.339844
0 0.607422 0.345703 0.605469 0.347656 0.605469 0.349609 0.607422 0.351562 0.609375 0.349609 0.609375 0.347656
0 0.050781 0.373047 0.048828 0.375000 0.048828 0.376953 0.052734 0.380859 0.054688 0.380859 0.056641 0.378906 0.056641 0.376953 0.052734 0.373047
0 0.537109 0.376953 0.533203 0.376953 0.531250 0.378906 0.531250 0.382812 0.533203 0.384766 0.535156 0.384766 0.539062 0.380859 0.539062 0.378906
0 0.375000 0.382812 0.373047 0.384766 0.373047 0.388672 0.376953 0.392578 0.380859 0.388672 0.380859 0.386719 0.376953 0.382812
0 0.488281 0.382812 0.486328 0.384766 0.486328 0.386719 0.488281 0.388672 0.490234 0.386719 0.490234 0.384766
0 0.429688 0.404297 0.425781 0.404297 0.423828 0.406250 0.423828 0.408203 0.419922 0.412109 0.423828 0.416016 0.425781 0.416016 0.429688 0.412109 0.429688 0.410156 0.431641 0.408203 0.431641 0.406250
0 0.773438 0.402344 0.769531 0.406250 0.771484 0.408203 0.773438 0.408203 0.775391 0.406250 0.775391 0.404297
0 0.234375 0.410156 0.232422 0.412109 0.234375 0.414062 0.236328 0.412109
0 0.414062 0.427734 0.410156 0.427734 0.406250 0.431641 0.406250 0.439453 0.410156 0.443359 0.412109 0.443359 0.414062 0.441406 0.416016 0.441406 0.417969 0.439453 0.417969 0.431641
0 0.738281 0.425781 0.730469 0.433594 0.730469 0.439453 0.732422 0.441406 0.732422 0.443359 0.736328 0.447266 0.742188 0.449219 0.748047 0.443359 0.748047 0.431641 0.742188 0.425781
0 0.583984 0.447266 0.582031 0.449219 0.585938 0.453125 0.587891 0.451172 0.587891 0.449219 0.585938 0.447266
0 0.265625 0.472656 0.263672 0.474609 0.263672 0.476562 0.265625 0.478516 0.267578 0.476562 0.267578 0.474609
0 0.425781 0.476562 0.421875 0.476562 0.419922 0.478516 0.419922 0.480469 0.421875 0.482422 0.423828 0.482422 0.427734 0.478516
1 0.761719 0.505859 0.757812 0.509766 0.761719 0.513672 0.763672 0.513672 0.765625 0.515625 0.767578 0.515625 0.769531 0.517578 0.771484 0.515625
0 0.572266 0.523438 0.570312 0.525391 0.570312 0.527344 0.572266 0.529297 0.574219 0.527344 0.574219 0.525391
0 0.414062 0.564453 0.412109 0.566406 0.412109 0.570312 0.414062 0.572266 0.414062 0.574219 0.417969 0.578125 0.419922 0.578125 0.421875 0.580078 0.425781 0.580078 0.429688 0.576172 0.425781 0.572266 0.425781 0.570312 0.419922 0.564453
0 0.378906 0.568359 0.375000 0.572266 0.375000 0.580078 0.378906 0.583984 0.382812 0.580078 0.382812 0.572266
0 0.390625 0.591797 0.386719 0.595703 0.386719 0.601562 0.390625 0.605469 0.392578 0.605469 0.396484 0.601562 0.396484 0.595703 0.392578 0.591797
0 0.996094 0.603516 0.988281 0.603516 0.982422 0.607422 0.982422 0.611328 0.980469 0.613281 0.980469 0.623047 0.984375 0.626953 0.990234 0.626953 0.992188 0.625000 0.998047 0.623047 0.998047 0.605469
0 0.503906 0.605469 0.496094 0.605469 0.490234 0.611328 0.490234 0.615234 0.496094 0.621094 0.498047 0.619141 0.501953 0.619141 0.507812 0.615234 0.507812 0.613281 0.509766 0.611328
1 0.447266 0.623047 0.451172 0.626953 0.457031 0.626953 0.458984 0.625000 0.460938 0.626953 0.462891 0.625000 0.464844 0.626953 0.468750 0.626953 0.474609 0.623047 0.476562 0.617188 0.474609 0.615234 0.466797 0.615234 0.464844 0.617188 0.457031 0.617188 0.455078 0.615234 0.451172 0.615234 0.447266 0.619141
0 0.521484 0.613281 0.515625 0.621094 0.517578 0.632812 0.509766 0.640625 0.509766 0.646484 0.513672 0.650391 0.521484 0.654297 0.525391 0.654297 0.531250 0.648438 0.529297 0.644531 0.531250 0.642578 0.531250 0.638672 0.537109 0.630859 0.537109 0.623047 0.531250 0.617188
0 0.666016 0.640625 0.666016 0.644531 0.669922 0.648438 0.671875 0.646484 0.675781 0.646484 0.677734 0.644531 0.675781 0.642578 0.673828 0.642578 0.671875 0.640625 0.669922 0.640625 0.667969 0.638672
0 0.453125 0.648438 0.453125 0.652344 0.460938 0.660156 0.470703 0.660156 0.476562 0.656250 0.476562 0.648438 0.472656 0.644531 0.470703 0.644531 0.468750 0.642578 0.460938 0.642578 0.458984 0.644531 0.457031 0.644531
0 0.503906 0.654297 0.501953 0.656250 0.501953 0.660156 0.503906 0.662109 0.503906 0.664062 0.505859 0.666016 0.507812 0.666016 0.509766 0.664062 0.509766 0.662109 0.507812 0.660156 0.507812 0.658203
0 0.615234 0.652344 0.609375 0.652344 0.603516 0.656250 0.603516 0.669922 0.605469 0.671875 0.607422 0.669922 0.607422 0.667969 0.619141 0.656250
0 0.683594 0.656250 0.683594 0.660156 0.685547 0.662109 0.695312 0.662109 0.699219 0.658203 0.699219 0.656250 0.697266 0.654297 0.689453 0.654297 0.687500 0.652344
0 0.875000 0.660156 0.871094 0.656250 0.867188 0.660156 0.869141 0.662109 0.873047 0.662109
0 0.531250 0.660156 0.529297 0.662109 0.529297 0.664062 0.533203 0.667969 0.537109 0.664062 0.533203 0.660156
0 0.496094 0.669922 0.494141 0.667969 0.492188 0.667969 0.490234 0.666016 0.488281 0.667969 0.484375 0.667969 0.482422 0.669922 0.482422 0.677734 0.484375 0.679688 0.490234 0.679688 0.492188 0.677734 0.494141 0.677734 0.496094 0.675781
0 0.654297 0.673828 0.652344 0.675781 0.654297 0.677734 0.656250 0.677734 0.658203 0.675781 0.656250 0.673828
0 0.902344 0.679688 0.898438 0.683594 0.898438 0.685547 0.904297 0.691406 0.906250 0.691406 0.910156 0.687500 0.910156 0.683594 0.906250 0.679688
0 0.544922 0.683594 0.542969 0.685547 0.544922 0.687500 0.546875 0.687500 0.548828 0.685547 0.546875 0.683594
0 0.626953 0.683594 0.625000 0.685547 0.626953 0.687500 0.628906 0.687500 0.630859 0.685547 0.628906 0.683594
0 0.732422 0.685547 0.728516 0.685547 0.726562 0.687500 0.726562 0.693359 0.728516 0.695312 0.730469 0.693359 0.732422 0.693359 0.734375 0.691406 0.734375 0.687500
1 0.515625 0.712891 0.470703 0.695312 0.453125 0.724609 0.458984 0.736328 0.494141 0.738281 0.480469 0.855469 0.468750 0.857422 0.458984 0.824219 0.443359 0.828125 0.441406 0.855469 0.464844 0.900391 0.445312 0.898438 0.439453 0.923828 0.416016 0.929688 0.363281 0.884766 0.363281 0.939453 0.291016 0.937500 0.291016 0.998047 0.359375 0.998047 0.382812 0.982422 0.388672 0.998047 0.445312 0.998047 0.425781 0.984375 0.435547 0.949219 0.447266 0.960938 0.490234 0.958984 0.523438 0.984375 0.533203 0.978516 0.527344 0.939453 0.548828 0.933594 0.558594 0.949219 0.580078 0.906250 0.601562 0.898438 0.591797 0.884766 0.529297 0.910156 0.492188 0.871094 0.496094 0.810547 0.527344 0.820312 0.542969 0.785156 0.519531 0.769531 0.515625 0.751953 0.537109 0.748047
0 0.708984 0.695312 0.707031 0.697266 0.707031 0.699219 0.705078 0.701172 0.707031 0.703125 0.710938 0.703125 0.712891 0.701172 0.712891 0.699219
0 0.857422 0.703125 0.855469 0.705078 0.855469 0.707031 0.857422 0.708984 0.859375 0.708984 0.861328 0.707031
1 0.640625 0.708984 0.638672 0.710938 0.638672 0.714844 0.646484 0.722656 0.646484 0.724609 0.642578 0.728516 0.642578 0.734375 0.646484 0.738281 0.648438 0.738281 0.652344 0.734375 0.652344 0.728516 0.644531 0.720703 0.648438 0.714844 0.642578 0.708984
0 0.544922 0.716797 0.542969 0.718750 0.542969 0.722656 0.544922 0.724609 0.548828 0.724609 0.550781 0.722656 0.550781 0.720703 0.546875 0.716797
0 0.746094 0.714844 0.742188 0.718750 0.746094 0.722656 0.746094 0.724609 0.742188 0.728516 0.742188 0.730469 0.744141 0.732422 0.746094 0.730469 0.748047 0.732422 0.750000 0.730469 0.755859 0.732422 0.759766 0.728516 0.755859 0.724609 0.751953 0.724609 0.748047 0.720703 0.748047 0.716797
0 0.904297 0.718750 0.896484 0.724609 0.892578 0.732422 0.894531 0.736328 0.900391 0.742188 0.912109 0.742188 0.916016 0.740234 0.921875 0.734375 0.923828 0.728516 0.921875 0.724609 0.916016 0.718750
0 0.570312 0.726562 0.566406 0.730469 0.566406 0.738281 0.570312 0.742188 0.578125 0.742188 0.580078 0.744141 0.585938 0.746094 0.587891 0.744141 0.587891 0.738281 0.582031 0.732422 0.580078 0.732422 0.576172 0.728516
0 0.666016 0.728516 0.664062 0.730469 0.664062 0.732422 0.666016 0.734375 0.669922 0.734375 0.671875 0.732422 0.671875 0.730469 0.669922 0.728516
0 0.810547 0.734375 0.806641 0.738281 0.810547 0.742188 0.814453 0.742188 0.816406 0.740234 0.816406 0.738281 0.812500 0.734375
0 0.412109 0.738281 0.408203 0.742188 0.408203 0.744141 0.414062 0.750000 0.416016 0.750000 0.419922 0.746094 0.417969 0.744141 0.417969 0.742188 0.416016 0.740234 0.414062 0.740234
1 0.773438 0.738281 0.771484 0.740234 0.771484 0.744141 0.775391 0.748047 0.775391 0.750000 0.773438 0.751953 0.773438 0.755859 0.775391 0.757812 0.779297 0.757812 0.783203 0.761719 0.783203 0.763672 0.787109 0.767578 0.789062 0.767578 0.791016 0.765625 0.783203 0.757812 0.783203 0.751953 0.777344 0.746094 0.777344 0.742188
0 0.957031 0.740234 0.953125 0.744141 0.957031 0.748047 0.960938 0.744141
1 0.726562 0.748047 0.724609 0.748047 0.720703 0.751953 0.718750 0.759766 0.712891 0.765625 0.707031 0.767578 0.703125 0.771484 0.705078 0.775391 0.707031 0.775391 0.712891 0.769531 0.722656 0.769531 0.724609 0.771484 0.728516 0.771484 0.732422 0.767578 0.732422 0.763672 0.730469 0.761719 0.730469 0.755859
0 0.585938 0.751953 0.583984 0.753906 0.585938 0.755859 0.587891 0.753906
0 0.703125 0.757812 0.701172 0.759766 0.703125 0.761719 0.705078 0.759766
0 0.462891 0.773438 0.460938 0.775391 0.457031 0.775391 0.449219 0.783203 0.449219 0.785156 0.453125 0.791016 0.457031 0.791016 0.466797 0.781250 0.466797 0.777344
0 0.693359 0.781250 0.689453 0.785156 0.689453 0.787109 0.691406 0.789062 0.695312 0.789062 0.697266 0.787109 0.697266 0.785156
0 0.732422 0.781250 0.730469 0.783203 0.730469 0.785156 0.732422 0.787109 0.734375 0.787109 0.736328 0.785156 0.736328 0.783203 0.734375 0.781250
0 0.873047 0.787109 0.869141 0.783203 0.867188 0.783203 0.861328 0.789062 0.861328 0.791016 0.863281 0.792969 0.865234 0.792969 0.867188 0.791016 0.869141 0.791016
0 0.394531 0.785156 0.390625 0.785156 0.386719 0.789062 0.386719 0.791016 0.388672 0.792969 0.388672 0.794922 0.390625 0.796875 0.392578 0.796875 0.398438 0.791016 0.398438 0.789062
0 0.953125 0.796875 0.953125 0.816406 0.958984 0.822266 0.968750 0.824219 0.980469 0.818359 0.990234 0.830078 0.998047 0.830078 0.998047 0.816406 0.990234 0.814453 0.986328 0.810547 0.990234 0.796875 0.984375 0.789062 0.966797 0.787109
0 0.355469 0.798828 0.353516 0.800781 0.353516 0.802734 0.355469 0.804688 0.357422 0.804688 0.359375 0.802734
0 0.906250 0.804688 0.900391 0.810547 0.900391 0.812500 0.902344 0.814453 0.902344 0.818359 0.904297 0.820312 0.910156 0.820312 0.914062 0.816406 0.914062 0.814453 0.916016 0.812500 0.914062 0.810547 0.912109 0.810547
0 0.921875 0.804688 0.919922 0.806641 0.919922 0.808594 0.921875 0.810547 0.923828 0.808594 0.923828 0.806641
0 0.927734 0.833984 0.925781 0.835938 0.927734 0.837891 0.929688 0.835938
0 0.859375 0.837891 0.855469 0.841797 0.855469 0.843750 0.859375 0.847656 0.861328 0.847656 0.863281 0.849609 0.867188 0.845703 0.865234 0.843750 0.867188 0.841797 0.865234 0.839844 0.863281 0.839844 0.861328 0.837891
0 0.648438 0.855469 0.646484 0.857422 0.644531 0.857422 0.640625 0.861328 0.640625 0.863281 0.646484 0.869141 0.650391 0.869141 0.652344 0.867188 0.654297 0.867188 0.656250 0.865234 0.656250 0.861328 0.652344 0.857422 0.650391 0.857422
0 0.529297 0.873047 0.527344 0.875000 0.525391 0.875000 0.521484 0.878906 0.523438 0.880859 0.523438 0.884766 0.529297 0.890625 0.533203 0.890625 0.539062 0.884766 0.539062 0.876953 0.533203 0.873047
0 0.552734 0.873047 0.550781 0.875000 0.550781 0.880859 0.554688 0.884766 0.558594 0.884766 0.562500 0.880859 0.560547 0.878906 0.560547 0.875000 0.558594 0.873047
0 0.654297 0.884766 0.650391 0.884766 0.646484 0.888672 0.646484 0.898438 0.650391 0.902344 0.652344 0.902344 0.654297 0.900391 0.654297 0.898438 0.656250 0.896484 0.656250 0.892578 0.658203 0.890625 0.658203 0.888672
1 0.685547 0.896484 0.681641 0.900391 0.681641 0.904297 0.683594 0.908203 0.693359 0.916016 0.691406 0.917969 0.691406 0.929688 0.699219 0.937500 0.708984 0.935547 0.714844 0.925781 0.712891 0.917969 0.703125 0.908203 0.701172 0.910156 0.697266 0.906250 0.699219 0.902344 0.695312 0.898438
0 0.986328 0.900391 0.984375 0.900391 0.980469 0.904297 0.980469 0.910156 0.982422 0.912109 0.986328 0.912109 0.990234 0.908203 0.990234 0.904297
0 0.423828 0.904297 0.421875 0.906250 0.421875 0.908203 0.425781 0.912109 0.427734 0.912109 0.429688 0.910156 0.429688 0.906250 0.427734 0.904297
1 0.878906 0.904297 0.876953 0.906250 0.875000 0.906250 0.871094 0.912109 0.871094 0.916016 0.873047 0.917969 0.873047 0.919922 0.871094 0.921875 0.871094 0.925781 0.869141 0.927734 0.873047 0.931641 0.876953 0.927734 0.876953 0.923828 0.884766 0.914062 0.882812 0.908203
0 0.906250 0.902344 0.904297 0.904297 0.904297 0.906250 0.906250 0.908203 0.908203 0.908203 0.910156 0.906250 0.910156 0.904297 0.908203 0.902344
0 0.605469 0.906250 0.603516 0.906250 0.601562 0.908203 0.601562 0.914062 0.595703 0.919922 0.595703 0.921875 0.599609 0.925781 0.603516 0.925781 0.605469 0.923828 0.605469 0.921875 0.607422 0.919922 0.607422 0.908203
0 0.343750 0.912109 0.339844 0.916016 0.339844 0.919922 0.343750 0.923828 0.345703 0.923828 0.349609 0.919922 0.349609 0.917969
0 0.808594 0.917969 0.804688 0.917969 0.800781 0.921875 0.800781 0.925781 0.802734 0.927734 0.804688 0.927734 0.806641 0.929688 0.808594 0.927734 0.808594 0.925781 0.810547 0.923828 0.810547 0.919922
0 0.998047 0.919922 0.984375 0.921875 0.962891 0.945312 0.957031 0.941406 0.951172 0.925781 0.925781 0.925781 0.919922 0.937500 0.921875 0.955078 0.931641 0.964844 0.951172 0.955078 0.957031 0.960938 0.958984 0.972656 0.968750 0.970703 0.986328 0.955078 0.998047 0.962891
0 0.890625 0.925781 0.888672 0.927734 0.888672 0.933594 0.890625 0.935547 0.894531 0.935547 0.896484 0.933594 0.896484 0.931641 0.894531 0.929688 0.894531 0.927734 0.892578 0.925781
0 0.607422 0.931641 0.603516 0.935547 0.603516 0.943359 0.609375 0.949219 0.615234 0.949219 0.619141 0.945312 0.619141 0.939453 0.615234 0.933594 0.613281 0.933594 0.611328 0.931641
0 0.792969 0.941406 0.794922 0.943359 0.800781 0.943359 0.802734 0.941406 0.798828 0.937500 0.796875 0.937500
0 0.835938 0.937500 0.830078 0.943359 0.830078 0.951172 0.835938 0.957031 0.837891 0.957031 0.843750 0.951172 0.843750 0.947266 0.841797 0.945312 0.841797 0.941406 0.837891 0.937500
0 0.652344 0.941406 0.650391 0.943359 0.650391 0.947266 0.654297 0.951172 0.656250 0.951172 0.660156 0.947266 0.658203 0.945312 0.658203 0.943359 0.656250 0.941406
0 0.867188 0.941406 0.865234 0.943359 0.865234 0.945312 0.867188 0.947266 0.869141 0.945312 0.869141 0.943359
0 0.570312 0.962891 0.566406 0.966797 0.570312 0.970703 0.572266 0.970703 0.574219 0.968750 0.574219 0.966797
0 0.634766 0.962891 0.632812 0.964844 0.636719 0.968750 0.638672 0.966797 0.638672 0.964844 0.636719 0.962891
0 0.708984 0.974609 0.705078 0.978516 0.705078 0.984375 0.710938 0.990234 0.712891 0.990234 0.718750 0.984375 0.718750 0.982422 0.720703 0.980469 0.714844 0.974609
0 0.562500 0.978516 0.558594 0.982422 0.558594 0.984375 0.560547 0.986328 0.564453 0.986328 0.566406 0.984375 0.566406 0.982422
0 0.937500 0.978516 0.933594 0.982422 0.933594 0.990234 0.935547 0.992188 0.937500 0.998047 0.953125 0.998047 0.958984 0.988281 0.958984 0.986328 0.955078 0.982422 0.955078 0.980469 0.951172 0.976562 0.941406 0.976562 0.939453 0.978516
0 0.470703 0.980469 0.468750 0.982422 0.470703 0.984375 0.472656 0.984375 0.474609 0.982422 0.472656 0.980469
1 0.746094 0.998047 0.820312 0.998047 0.792969 0.984375 0.773438 0.984375 0.771484 0.982422 0.757812 0.986328
0 0.882812 0.982422 0.880859 0.984375 0.880859 0.986328 0.882812 0.988281 0.884766 0.988281 0.886719 0.986328
1 0.980469 0.998047 0.990234 0.998047 0.988281 0.996094 0.982422 0.996094
