1 0.000000 0.050781 0.000000 0.066406 0.001953 0.064453 0.000000 0.062500 0.001953 0.060547 0.001953 0.052734
1 0.000000 0.150391 0.060547 0.158203 0.000000 0.183594 0.068359 0.230469 0.000000 0.228516 0.000000 0.437500 0.050781 0.593750 0.109375 0.626953 0.101562 0.689453 0.207031 0.650391 0.230469 0.728516 0.121094 0.759766 0.138672 0.802734 0.203125 0.787109 0.138672 0.921875 0.224609 0.808594 0.277344 0.806641 0.349609 0.900391 0.291016 0.998047 0.404297 0.964844 0.482422 0.994141 0.404297 0.953125 0.361328 0.980469 0.339844 0.828125 0.240234 0.783203 0.382812 0.693359 0.357422 0.564453 0.310547 0.527344 0.314453 0.566406 0.167969 0.574219 0.183594 0.613281 0.154297 0.630859 0.117188 0.582031 0.158203 0.544922 0.205078 0.560547 0.203125 0.474609 0.294922 0.464844 0.316406 0.414062 0.271484 0.367188 0.292969 0.416016 0.214844 0.451172 0.185547 0.357422 0.072266 0.335938 0.130859 0.183594 0.097656 0.148438
0 0.216797 0.265625 0.212891 0.269531 0.216797 0.273438 0.220703 0.269531
0 0.191406 0.271484 0.189453 0.273438 0.187500 0.273438 0.185547 0.275391 0.183594 0.275391 0.177734 0.281250 0.183594 0.287109 0.189453 0.287109 0.191406 0.289062 0.193359 0.289062 0.199219 0.283203 0.199219 0.277344 0.193359 0.271484
0 0.386719 0.275391 0.384766 0.277344 0.384766 0.279297 0.386719 0.281250 0.388672 0.279297 0.388672 0.277344
0 0.458984 0.287109 0.457031 0.285156 0.455078 0.285156 0.453125 0.287109 0.445312 0.287109 0.443359 0.289062 0.443359 0.291016 0.445312 0.292969 0.455078 0.292969 0.458984 0.289062
0 0.429688 0.298828 0.425781 0.302734 0.425781 0.306641 0.427734 0.308594 0.431641 0.308594 0.435547 0.304688 0.435547 0.302734 0.433594 0.300781 0.431641 0.300781
0 0.130859 0.308594 0.126953 0.308594 0.121094 0.314453 0.123047 0.316406 0.123047 0.318359 0.126953 0.322266 0.128906 0.322266 0.132812 0.318359 0.132812 0.316406 0.134766 0.314453 0.132812 0.312500 0.132812 0.310547
0 0.246094 0.316406 0.240234 0.322266 0.240234 0.333984 0.246094 0.341797 0.248047 0.341797 0.250000 0.343750 0.253906 0.343750 0.259766 0.337891 0.259766 0.333984 0.261719 0.332031 0.261719 0.324219 0.253906 0.316406
0 0.460938 0.318359 0.458984 0.320312 0.458984 0.322266 0.460938 0.324219 0.462891 0.324219 0.464844 0.322266 0.464844 0.320312 0.462891 0.318359
0 0.308594 0.326172 0.304688 0.330078 0.306641 0.332031 0.308594 0.332031 0.310547 0.330078 0.310547 0.328125
0 0.484375 0.326172 0.480469 0.330078 0.480469 0.333984 0.482422 0.335938 0.484375 0.335938 0.486328 0.337891 0.488281 0.337891 0.490234 0.339844 0.492188 0.339844 0.496094 0.335938 0.496094 0.332031 0.492188 0.328125 0.490234 0.328125 0.488281 0.326172
0 0.275391 0.343750 0.271484 0.347656 0.271484 0.353516 0.273438 0.355469 0.273438 0.357422 0.275391 0.359375 0.277344 0.359375 0.279297 0.361328 0.283203 0.361328 0.287109 0.357422 0.287109 0.353516 0.283203 0.349609 0.283203 0.347656 0.281250 0.345703 0.277344 0.345703
1 0.423828 0.347656 0.419922 0.351562 0.421875 0.353516 0.417969 0.357422 0.417969 0.359375 0.416016 0.361328 0.416016 0.363281 0.417969 0.365234 0.419922 0.365234 0.421875 0.363281 0.421875 0.361328 0.423828 0.359375 0.421875 0.357422 0.425781 0.353516 0.425781 0.349609
0 0.359375 0.355469 0.357422 0.357422 0.359375 0.359375 0.361328 0.357422
0 0.341797 0.361328 0.339844 0.363281 0.339844 0.365234 0.345703 0.371094 0.347656 0.371094 0.349609 0.369141 0.349609 0.367188 0.345703 0.363281 0.343750 0.363281
0 0.388672 0.363281 0.384766 0.363281 0.373047 0.369141 0.369141 0.373047 0.369141 0.382812 0.371094 0.384766 0.365234 0.390625 0.365234 0.394531 0.369141 0.398438 0.375000 0.392578 0.380859 0.394531 0.384766 0.398438 0.390625 0.394531 0.390625 0.384766 0.392578 0.382812 0.392578 0.375000 0.394531 0.371094
0 0.701172 0.363281 0.695312 0.369141 0.695312 0.376953 0.699219 0.380859 0.705078 0.380859 0.707031 0.378906 0.707031 0.376953 0.708984 0.375000 0.708984 0.369141 0.703125 0.363281
0 0.328125 0.371094 0.326172 0.371094 0.322266 0.375000 0.322266 0.376953 0.320312 0.378906 0.320312 0.382812 0.322266 0.384766 0.328125 0.384766 0.332031 0.380859 0.332031 0.375000
0 0.583984 0.378906 0.582031 0.378906 0.578125 0.382812 0.578125 0.384766 0.582031 0.388672 0.585938 0.384766 0.585938 0.380859
0 0.386719 0.404297 0.382812 0.408203 0.380859 0.408203 0.378906 0.410156 0.380859 0.412109 0.380859 0.416016 0.382812 0.417969 0.382812 0.419922 0.388672 0.425781 0.392578 0.425781 0.398438 0.419922 0.398438 0.412109 0.396484 0.410156 0.396484 0.408203 0.392578 0.404297
0 0.417969 0.410156 0.414062 0.406250 0.412109 0.408203 0.408203 0.408203 0.406250 0.410156 0.406250 0.414062 0.408203 0.416016 0.414062 0.416016 0.417969 0.412109
0 0.367188 0.417969 0.365234 0.419922 0.367188 0.421875 0.369141 0.419922
0 0.816406 0.421875 0.812500 0.425781 0.816406 0.429688 0.820312 0.425781
0 0.443359 0.431641 0.435547 0.431641 0.433594 0.433594 0.429688 0.433594 0.425781 0.439453 0.425781 0.443359 0.427734 0.445312 0.427734 0.447266 0.431641 0.451172 0.433594 0.451172 0.435547 0.453125 0.439453 0.453125 0.441406 0.451172 0.445312 0.451172 0.449219 0.445312 0.449219 0.437500
0 0.085938 0.445312 0.080078 0.449219 0.074219 0.449219 0.072266 0.451172 0.082031 0.460938 0.082031 0.462891 0.083984 0.464844 0.085938 0.464844 0.087891 0.462891 0.087891 0.460938 0.083984 0.457031 0.083984 0.455078 0.085938 0.453125 0.085938 0.449219 0.087891 0.447266
0 0.380859 0.449219 0.378906 0.451172 0.380859 0.453125 0.382812 0.453125 0.384766 0.451172 0.382812 0.449219
0 0.525391 0.451172 0.523438 0.453125 0.527344 0.457031 0.529297 0.455078 0.529297 0.453125 0.527344 0.451172
0 0.357422 0.468750 0.355469 0.470703 0.355469 0.472656 0.357422 0.474609 0.359375 0.474609 0.361328 0.472656
0 0.390625 0.470703 0.386719 0.474609 0.390625 0.478516 0.392578 0.478516 0.394531 0.476562 0.394531 0.474609
0 0.455078 0.480469 0.451172 0.480469 0.449219 0.482422 0.447266 0.482422 0.445312 0.484375 0.445312 0.490234 0.449219 0.494141 0.458984 0.484375
0 0.490234 0.480469 0.486328 0.484375 0.488281 0.486328 0.490234 0.486328 0.492188 0.484375 0.492188 0.482422
0 0.564453 0.490234 0.562500 0.490234 0.556641 0.496094 0.556641 0.498047 0.560547 0.501953 0.564453 0.501953 0.568359 0.498047 0.568359 0.494141
0 0.708984 0.511719 0.703125 0.519531 0.703125 0.529297 0.708984 0.537109 0.710938 0.537109 0.712891 0.539062 0.718750 0.539062 0.726562 0.533203 0.726562 0.525391 0.724609 0.523438 0.724609 0.521484 0.716797 0.513672 0.710938 0.513672
0 0.416016 0.525391 0.423828 0.533203 0.429688 0.533203 0.431641 0.531250 0.431641 0.527344 0.427734 0.523438 0.425781 0.523438 0.423828 0.521484 0.419922 0.521484
0 0.378906 0.529297 0.376953 0.531250 0.378906 0.533203 0.380859 0.533203 0.382812 0.531250 0.380859 0.529297
0 0.675781 0.539062 0.673828 0.541016 0.673828 0.542969 0.675781 0.544922 0.677734 0.544922 0.679688 0.542969 0.679688 0.541016 0.677734 0.539062
0 0.980469 0.539062 0.978516 0.541016 0.978516 0.544922 0.980469 0.546875 0.984375 0.546875 0.986328 0.544922 0.986328 0.542969 0.982422 0.539062
0 0.906250 0.570312 0.904297 0.572266 0.902344 0.572266 0.898438 0.578125 0.898438 0.582031 0.904297 0.587891 0.906250 0.587891 0.908203 0.585938 0.910156 0.585938 0.916016 0.580078 0.916016 0.578125 0.912109 0.574219 0.910156 0.574219
1 0.507812 0.580078 0.505859 0.582031 0.503906 0.582031 0.498047 0.587891 0.498047 0.589844 0.500000 0.591797 0.503906 0.591797 0.509766 0.585938 0.507812 0.583984 0.509766 0.582031
0 0.406250 0.587891 0.402344 0.587891 0.400391 0.589844 0.400391 0.593750 0.402344 0.595703 0.404297 0.595703 0.408203 0.591797 0.408203 0.589844
0 0.607422 0.595703 0.609375 0.597656 0.613281 0.597656 0.617188 0.593750 0.615234 0.591797 0.609375 0.591797 0.607422 0.593750
0 0.935547 0.591797 0.929688 0.591797 0.923828 0.597656 0.923828 0.605469 0.927734 0.609375 0.929688 0.609375 0.931641 0.611328 0.933594 0.609375 0.935547 0.609375 0.939453 0.605469 0.939453 0.603516 0.941406 0.601562 0.941406 0.597656
0 0.564453 0.597656 0.562500 0.599609 0.566406 0.603516 0.568359 0.601562 0.568359 0.599609 0.566406 0.597656
0 0.451172 0.607422 0.449219 0.609375 0.451172 0.611328 0.453125 0.609375
0 0.396484 0.625000 0.394531 0.623047 0.390625 0.623047 0.386719 0.626953 0.386719 0.628906 0.388672 0.630859 0.392578 0.630859 0.394531 0.628906 0.394531 0.626953
0 0.875000 0.623047 0.871094 0.626953 0.871094 0.634766 0.875000 0.638672 0.878906 0.638672 0.882812 0.634766 0.882812 0.630859 0.880859 0.628906 0.880859 0.626953 0.876953 0.623047
0 0.529297 0.625000 0.525391 0.628906 0.529297 0.632812 0.533203 0.628906
0 0.556641 0.636719 0.554688 0.638672 0.552734 0.636719 0.548828 0.636719 0.546875 0.638672 0.546875 0.640625 0.552734 0.646484 0.558594 0.640625 0.558594 0.638672
0 0.929688 0.648438 0.925781 0.644531 0.917969 0.644531 0.912109 0.648438 0.912109 0.650391 0.910156 0.652344 0.910156 0.656250 0.914062 0.660156 0.921875 0.660156 0.929688 0.652344
0 0.775391 0.652344 0.771484 0.656250 0.775391 0.660156 0.779297 0.660156 0.781250 0.658203 0.781250 0.656250 0.777344 0.652344
0 0.425781 0.677734 0.416016 0.689453 0.416016 0.693359 0.417969 0.695312 0.417969 0.703125 0.421875 0.707031 0.427734 0.707031 0.433594 0.701172 0.433594 0.691406 0.431641 0.689453 0.431641 0.683594
0 0.515625 0.705078 0.511719 0.708984 0.511719 0.710938 0.515625 0.714844 0.517578 0.714844 0.521484 0.710938 0.521484 0.708984 0.517578 0.705078
0 0.623047 0.708984 0.621094 0.710938 0.621094 0.714844 0.623047 0.716797 0.625000 0.716797 0.628906 0.712891 0.625000 0.708984
0 0.724609 0.712891 0.722656 0.714844 0.724609 0.716797 0.726562 0.714844
0 0.654297 0.722656 0.652344 0.724609 0.652344 0.726562 0.654297 0.728516 0.656250 0.726562 0.656250 0.724609
0 0.884766 0.724609 0.880859 0.728516 0.880859 0.732422 0.886719 0.738281 0.890625 0.738281 0.894531 0.734375 0.894531 0.730469 0.892578 0.728516 0.892578 0.726562 0.890625 0.724609
1 0.542969 0.734375 0.541016 0.736328 0.541016 0.742188 0.539062 0.744141 0.541016 0.746094 0.539062 0.748047 0.544922 0.753906 0.546875 0.753906 0.548828 0.751953 0.548828 0.746094 0.546875 0.744141 0.546875 0.738281
0 0.365234 0.744141 0.361328 0.748047 0.361328 0.755859 0.365234 0.759766 0.367188 0.759766 0.371094 0.755859 0.371094 0.748047 0.367188 0.744141
0 0.423828 0.742188 0.417969 0.748047 0.417969 0.750000 0.421875 0.753906 0.425781 0.753906 0.429688 0.750000 0.429688 0.746094 0.427734 0.744141 0.425781 0.744141
0 0.640625 0.742188 0.638672 0.744141 0.638672 0.746094 0.640625 0.748047 0.642578 0.746094 0.642578 0.744141
0 0.707031 0.751953 0.705078 0.753906 0.707031 0.755859 0.708984 0.753906
0 0.755859 0.753906 0.748047 0.759766 0.748047 0.763672 0.746094 0.765625 0.748047 0.767578 0.748047 0.771484 0.755859 0.779297 0.761719 0.779297 0.763672 0.777344 0.765625 0.777344 0.769531 0.771484 0.769531 0.761719 0.761719 0.753906
0 0.789062 0.759766 0.785156 0.763672 0.789062 0.767578 0.792969 0.763672
0 0.419922 0.769531 0.414062 0.769531 0.408203 0.775391 0.408203 0.777344 0.414062 0.783203 0.416016 0.781250 0.417969 0.781250 0.421875 0.777344 0.421875 0.771484
0 0.572266 0.769531 0.566406 0.775391 0.566406 0.783203 0.568359 0.785156 0.570312 0.785156 0.576172 0.789062 0.578125 0.787109 0.582031 0.787109 0.585938 0.783203 0.585938 0.781250 0.582031 0.777344 0.582031 0.775391 0.576172 0.769531
0 0.593750 0.779297 0.591797 0.779297 0.589844 0.781250 0.589844 0.783203 0.591797 0.785156 0.595703 0.781250
0 0.693359 0.777344 0.689453 0.781250 0.689453 0.787109 0.691406 0.789062 0.697266 0.783203 0.697266 0.781250
0 0.431641 0.783203 0.425781 0.789062 0.425781 0.791016 0.423828 0.792969 0.423828 0.794922 0.425781 0.796875 0.427734 0.796875 0.429688 0.798828 0.433594 0.798828 0.435547 0.800781 0.437500 0.798828 0.437500 0.796875 0.439453 0.794922 0.439453 0.792969 0.437500 0.791016 0.437500 0.787109 0.433594 0.783203
0 0.464844 0.792969 0.462891 0.808594 0.470703 0.818359 0.474609 0.820312 0.494141 0.820312 0.501953 0.814453 0.501953 0.804688 0.492188 0.792969 0.484375 0.792969 0.478516 0.787109 0.470703 0.787109
0 0.595703 0.798828 0.591797 0.802734 0.591797 0.806641 0.595703 0.810547 0.597656 0.810547 0.601562 0.806641 0.601562 0.804688
0 0.814453 0.798828 0.812500 0.800781 0.814453 0.802734 0.816406 0.802734 0.818359 0.800781 0.816406 0.798828
0 0.662109 0.802734 0.660156 0.804688 0.660156 0.808594 0.662109 0.810547 0.664062 0.810547 0.667969 0.806641 0.664062 0.802734
1 0.416016 0.810547 0.414062 0.812500 0.414062 0.814453 0.419922 0.820312 0.419922 0.824219 0.423828 0.828125 0.427734 0.824219 0.419922 0.816406 0.419922 0.812500 0.417969 0.810547
0 0.347656 0.814453 0.343750 0.814453 0.341797 0.816406 0.341797 0.818359 0.345703 0.822266 0.349609 0.818359 0.349609 0.816406
0 0.787109 0.812500 0.781250 0.818359 0.781250 0.822266 0.779297 0.824219 0.783203 0.828125 0.785156 0.828125 0.789062 0.824219 0.789062 0.814453
0 0.816406 0.814453 0.816406 0.816406 0.820312 0.820312 0.826172 0.820312 0.828125 0.818359 0.828125 0.814453 0.826172 0.812500 0.818359 0.812500
0 0.390625 0.816406 0.388672 0.818359 0.386719 0.818359 0.382812 0.822266 0.382812 0.830078 0.386719 0.833984 0.396484 0.833984 0.400391 0.830078 0.400391 0.824219 0.396484 0.818359 0.394531 0.818359 0.392578 0.816406
0 0.697266 0.818359 0.693359 0.822266 0.693359 0.828125 0.695312 0.830078 0.695312 0.832031 0.701172 0.837891 0.703125 0.837891 0.705078 0.839844 0.708984 0.839844 0.712891 0.835938 0.712891 0.826172 0.707031 0.820312 0.705078 0.820312 0.703125 0.818359
1 0.929688 0.818359 0.925781 0.822266 0.925781 0.826172 0.927734 0.828125 0.929688 0.828125 0.939453 0.837891 0.941406 0.835938 0.943359 0.835938 0.945312 0.833984
0 0.650391 0.824219 0.648438 0.828125 0.652344 0.833984 0.652344 0.843750 0.656250 0.851562 0.666016 0.859375 0.673828 0.859375 0.677734 0.857422 0.685547 0.845703 0.683594 0.833984 0.675781 0.826172 0.666016 0.826172 0.664062 0.824219 0.662109 0.826172 0.658203 0.826172 0.656250 0.824219
0 0.884766 0.824219 0.880859 0.828125 0.880859 0.833984 0.884766 0.837891 0.888672 0.837891 0.890625 0.839844 0.892578 0.837891 0.892578 0.835938 0.894531 0.833984 0.894531 0.830078 0.892578 0.828125 0.892578 0.826172 0.890625 0.824219
0 0.449219 0.837891 0.445312 0.841797 0.449219 0.845703 0.451172 0.845703 0.455078 0.841797 0.453125 0.839844 0.451172 0.839844
0 0.787109 0.835938 0.781250 0.841797 0.781250 0.845703 0.796875 0.859375 0.802734 0.859375 0.806641 0.855469 0.806641 0.845703 0.804688 0.843750 0.804688 0.841797 0.798828 0.835938
0 0.910156 0.837891 0.906250 0.841797 0.906250 0.843750 0.910156 0.847656 0.912109 0.847656 0.914062 0.845703 0.914062 0.839844 0.912109 0.837891
0 0.636719 0.851562 0.634766 0.849609 0.634766 0.845703 0.630859 0.841797 0.623047 0.841797 0.617188 0.845703 0.615234 0.851562 0.611328 0.855469 0.603516 0.855469 0.599609 0.859375 0.607422 0.865234 0.611328 0.863281 0.621094 0.863281 0.623047 0.865234 0.626953 0.865234 0.634766 0.861328 0.636719 0.857422
0 0.726562 0.841797 0.724609 0.843750 0.724609 0.849609 0.728516 0.853516 0.732422 0.853516 0.736328 0.849609 0.736328 0.847656 0.734375 0.845703 0.734375 0.843750 0.732422 0.841797
0 0.750000 0.841797 0.746094 0.841797 0.742188 0.845703 0.742188 0.847656 0.746094 0.851562 0.748047 0.851562 0.751953 0.847656 0.751953 0.843750
0 0.394531 0.843750 0.390625 0.843750 0.388672 0.845703 0.388672 0.847656 0.392578 0.851562 0.396484 0.847656 0.396484 0.845703
0 0.828125 0.843750 0.824219 0.847656 0.828125 0.851562 0.830078 0.851562 0.833984 0.847656 0.830078 0.843750
0 0.513672 0.847656 0.509766 0.851562 0.511719 0.853516 0.511719 0.855469 0.513672 0.857422 0.515625 0.857422 0.519531 0.853516 0.519531 0.851562 0.515625 0.847656
1 0.830078 0.869141 0.833984 0.873047 0.837891 0.869141 0.849609 0.873047 0.853516 0.876953 0.849609 0.886719 0.861328 0.898438 0.888672 0.906250 0.908203 0.882812 0.906250 0.875000 0.900391 0.871094 0.876953 0.873047 0.867188 0.865234 0.861328 0.867188 0.849609 0.851562 0.841797 0.853516
0 0.535156 0.855469 0.529297 0.861328 0.529297 0.863281 0.531250 0.865234 0.531250 0.871094 0.537109 0.878906 0.539062 0.878906 0.541016 0.880859 0.544922 0.880859 0.550781 0.876953 0.550781 0.875000 0.552734 0.873047 0.552734 0.867188 0.550781 0.865234 0.550781 0.863281 0.544922 0.857422 0.542969 0.857422 0.541016 0.855469
0 0.568359 0.855469 0.560547 0.859375 0.560547 0.865234 0.574219 0.876953 0.566406 0.888672 0.570312 0.894531 0.576172 0.896484 0.580078 0.890625 0.578125 0.888672 0.578125 0.880859 0.585938 0.871094 0.585938 0.863281 0.578125 0.857422
0 0.970703 0.855469 0.966797 0.855469 0.960938 0.861328 0.960938 0.865234 0.962891 0.867188 0.962891 0.869141 0.964844 0.871094 0.968750 0.871094 0.974609 0.865234 0.974609 0.859375
0 0.714844 0.871094 0.724609 0.884766 0.718750 0.892578 0.718750 0.902344 0.728516 0.916016 0.763672 0.896484 0.775391 0.896484 0.781250 0.908203 0.789062 0.904297 0.785156 0.894531 0.775391 0.892578 0.759766 0.875000 0.751953 0.871094 0.734375 0.873047 0.722656 0.863281
0 0.490234 0.867188 0.488281 0.869141 0.490234 0.871094 0.488281 0.873047 0.490234 0.875000 0.492188 0.875000 0.494141 0.873047 0.492188 0.871094 0.492188 0.869141
1 0.378906 0.876953 0.375000 0.880859 0.388672 0.888672 0.406250 0.904297 0.408203 0.908203 0.404297 0.917969 0.410156 0.923828 0.423828 0.929688 0.431641 0.921875 0.431641 0.916016 0.423828 0.902344 0.404297 0.882812 0.396484 0.878906
0 0.484375 0.876953 0.482422 0.876953 0.478516 0.880859 0.482422 0.884766 0.486328 0.880859 0.486328 0.878906
0 0.630859 0.875000 0.628906 0.875000 0.626953 0.876953 0.625000 0.876953 0.623047 0.878906 0.623047 0.882812 0.625000 0.884766 0.625000 0.886719 0.626953 0.888672 0.630859 0.888672 0.636719 0.882812 0.634766 0.880859 0.634766 0.878906
0 0.685547 0.878906 0.679688 0.884766 0.679688 0.888672 0.685547 0.894531 0.691406 0.894531 0.697266 0.888672 0.697266 0.884766 0.691406 0.878906
0 0.947266 0.888672 0.945312 0.890625 0.945312 0.892578 0.949219 0.896484 0.951172 0.896484 0.953125 0.894531 0.953125 0.890625 0.951172 0.888672
0 0.667969 0.890625 0.666016 0.892578 0.664062 0.892578 0.662109 0.894531 0.662109 0.896484 0.666016 0.900391 0.669922 0.900391 0.671875 0.898438 0.671875 0.894531
0 0.523438 0.898438 0.517578 0.902344 0.515625 0.912109 0.509766 0.917969 0.503906 0.916016 0.500000 0.921875 0.507812 0.933594 0.515625 0.929688 0.521484 0.935547 0.525391 0.945312 0.537109 0.947266 0.546875 0.937500 0.550781 0.927734 0.552734 0.910156 0.544922 0.902344 0.535156 0.898438
1 0.929688 0.904297 0.923828 0.902344 0.916016 0.910156 0.916016 0.917969 0.919922 0.925781 0.916016 0.929688 0.908203 0.927734 0.900391 0.935547 0.908203 0.945312 0.912109 0.945312 0.925781 0.927734 0.933594 0.927734 0.939453 0.921875 0.937500 0.910156
0 0.982422 0.904297 0.980469 0.904297 0.972656 0.912109 0.972656 0.914062 0.974609 0.916016 0.974609 0.917969 0.976562 0.919922 0.982422 0.919922 0.986328 0.916016 0.986328 0.908203
0 0.451172 0.912109 0.445312 0.917969 0.445312 0.925781 0.447266 0.927734 0.449219 0.927734 0.453125 0.931641 0.455078 0.931641 0.457031 0.933594 0.460938 0.933594 0.466797 0.927734 0.466797 0.923828 0.464844 0.921875 0.462891 0.916016 0.458984 0.912109
0 0.386719 0.914062 0.384766 0.916016 0.386719 0.917969 0.388672 0.916016
0 0.763672 0.916016 0.751953 0.914062 0.742188 0.921875 0.755859 0.951172 0.751953 0.958984 0.740234 0.949219 0.710938 0.960938 0.720703 0.974609 0.707031 0.988281 0.705078 0.998047 0.751953 0.998047 0.769531 0.980469 0.763672 0.957031 0.771484 0.941406
0 0.878906 0.917969 0.876953 0.919922 0.878906 0.921875 0.880859 0.921875 0.882812 0.919922 0.880859 0.917969
0 0.615234 0.923828 0.611328 0.925781 0.607422 0.925781 0.601562 0.921875 0.597656 0.927734 0.597656 0.931641 0.591797 0.937500 0.591797 0.941406 0.595703 0.945312 0.601562 0.947266 0.605469 0.943359 0.605469 0.937500 0.609375 0.933594 0.615234 0.933594 0.619141 0.929688 0.619141 0.927734
0 0.695312 0.923828 0.693359 0.925781 0.695312 0.927734 0.697266 0.925781
0 0.722656 0.921875 0.718750 0.925781 0.718750 0.929688 0.720703 0.931641 0.722656 0.931641 0.724609 0.933594 0.726562 0.933594 0.730469 0.929688 0.730469 0.927734 0.724609 0.921875
0 0.791016 0.923828 0.787109 0.927734 0.787109 0.929688 0.785156 0.931641 0.787109 0.933594 0.787109 0.937500 0.789062 0.939453 0.794922 0.939453 0.796875 0.937500 0.796875 0.935547 0.798828 0.933594 0.798828 0.931641 0.796875 0.929688 0.796875 0.925781 0.794922 0.923828
0 0.808594 0.937500 0.802734 0.943359 0.802734 0.949219 0.810547 0.957031 0.814453 0.957031 0.816406 0.955078 0.818359 0.955078 0.822266 0.951172 0.822266 0.943359 0.816406 0.937500
0 0.621094 0.941406 0.619141 0.941406 0.615234 0.945312 0.619141 0.949219 0.623047 0.945312 0.623047 0.943359
0 0.693359 0.945312 0.689453 0.949219 0.689453 0.951172 0.693359 0.955078 0.695312 0.955078 0.701172 0.949219 0.699219 0.947266 0.697266 0.947266 0.695312 0.945312
0 0.785156 0.951172 0.783203 0.951172 0.779297 0.955078 0.779297 0.957031 0.781250 0.958984 0.785156 0.958984 0.787109 0.957031 0.787109 0.953125
1 0.843750 0.949219 0.828125 0.962891 0.824219 0.968750 0.824219 0.972656 0.820312 0.976562 0.812500 0.974609 0.806641 0.980469 0.814453 0.990234 0.824219 0.984375 0.833984 0.988281 0.843750 0.978516 0.845703 0.964844 0.851562 0.958984
0 0.652344 0.958984 0.648438 0.962891 0.652344 0.966797 0.656250 0.962891
0 0.628906 0.964844 0.623047 0.968750 0.623047 0.978516 0.626953 0.982422 0.632812 0.982422 0.638672 0.976562 0.638672 0.972656 0.634766 0.966797 0.632812 0.966797 0.630859 0.964844
0 0.914062 0.970703 0.912109 0.972656 0.912109 0.974609 0.916016 0.978516 0.917969 0.978516 0.919922 0.976562 0.919922 0.972656 0.917969 0.970703
0 0.964844 0.992188 0.962891 0.994141 0.962891 0.998047 0.968750 0.998047 0.968750 0.994141 0.966797 0.992188
