0 0.000000 0.097656 0.003906 0.097656 0.007812 0.093750 0.005859 0.091797 0.000000 0.091797
1 0.195312 0.113281 0.195312 0.117188 0.201172 0.123047 0.203125 0.123047 0.208984 0.119141 0.218750 0.119141 0.222656 0.115234 0.218750 0.111328 0.208984 0.111328 0.205078 0.107422 0.199219 0.107422
1 0.230469 0.119141 0.228516 0.123047 0.248047 0.140625 0.273438 0.181641 0.271484 0.189453 0.277344 0.193359 0.283203 0.187500 0.281250 0.164062 0.285156 0.160156 0.285156 0.154297 0.253906 0.134766 0.240234 0.121094
0 0.273438 0.121094 0.269531 0.125000 0.269531 0.126953 0.273438 0.130859 0.275391 0.130859 0.279297 0.126953
0 0.031250 0.132812 0.027344 0.136719 0.029297 0.138672 0.033203 0.134766
1 0.224609 0.142578 0.218750 0.140625 0.212891 0.146484 0.212891 0.148438 0.218750 0.154297 0.201172 0.167969 0.199219 0.171875 0.201172 0.173828 0.212891 0.173828 0.218750 0.169922 0.222656 0.162109 0.222656 0.158203 0.228516 0.152344 0.228516 0.146484
0 0.117188 0.146484 0.107422 0.154297 0.105469 0.158203 0.105469 0.164062 0.107422 0.166016 0.107422 0.169922 0.115234 0.177734 0.126953 0.179688 0.134766 0.169922 0.134766 0.160156 0.130859 0.152344 0.125000 0.146484
0 0.162109 0.144531 0.152344 0.154297 0.152344 0.156250 0.154297 0.158203 0.154297 0.160156 0.162109 0.167969 0.169922 0.167969 0.173828 0.164062 0.173828 0.162109 0.175781 0.160156 0.175781 0.156250 0.173828 0.154297 0.173828 0.152344 0.167969 0.146484
1 0.253906 0.173828 0.250000 0.173828 0.244141 0.179688 0.244141 0.181641 0.240234 0.185547 0.244141 0.189453 0.246094 0.189453 0.253906 0.181641 0.253906 0.179688 0.255859 0.177734 0.255859 0.175781
0 0.337891 0.187500 0.333984 0.191406 0.333984 0.195312 0.337891 0.199219 0.343750 0.193359
1 0.279297 0.199219 0.275391 0.203125 0.275391 0.205078 0.283203 0.214844 0.283203 0.216797 0.281250 0.218750 0.281250 0.222656 0.283203 0.224609 0.287109 0.220703 0.287109 0.214844 0.289062 0.212891 0.289062 0.208984 0.285156 0.205078 0.285156 0.203125 0.281250 0.199219
0 0.242188 0.208984 0.242188 0.210938 0.248047 0.216797 0.257812 0.216797 0.261719 0.212891 0.261719 0.210938 0.259766 0.208984 0.259766 0.207031 0.255859 0.203125 0.248047 0.203125
0 0.078125 0.218750 0.076172 0.220703 0.076172 0.222656 0.082031 0.228516 0.083984 0.228516 0.087891 0.224609 0.087891 0.222656 0.083984 0.218750
0 0.238281 0.226562 0.236328 0.228516 0.236328 0.230469 0.240234 0.234375 0.244141 0.230469 0.240234 0.226562
0 0.306641 0.226562 0.304688 0.228516 0.304688 0.232422 0.306641 0.234375 0.308594 0.234375 0.312500 0.230469 0.308594 0.226562
1 0.000000 0.248047 0.000000 0.462891 0.027344 0.531250 0.089844 0.537109 0.105469 0.664062 0.175781 0.671875 0.251953 0.597656 0.273438 0.615234 0.263672 0.675781 0.203125 0.691406 0.218750 0.796875 0.257812 0.826172 0.292969 0.804688 0.335938 0.996094 0.386719 0.923828 0.353516 0.882812 0.431641 0.863281 0.470703 0.904297 0.535156 0.898438 0.511719 0.935547 0.580078 0.998047 0.611328 0.960938 0.580078 0.960938 0.552734 0.849609 0.423828 0.816406 0.431641 0.783203 0.476562 0.785156 0.453125 0.751953 0.501953 0.744141 0.468750 0.714844 0.419922 0.742188 0.404297 0.660156 0.324219 0.632812 0.341797 0.710938 0.378906 0.710938 0.363281 0.769531 0.244141 0.724609 0.283203 0.664062 0.226562 0.482422 0.244141 0.404297 0.179688 0.316406 0.113281 0.322266 0.220703 0.238281 0.082031 0.312500 0.064453 0.267578
0 0.242188 0.271484 0.236328 0.271484 0.232422 0.275391 0.232422 0.277344 0.238281 0.283203 0.240234 0.281250 0.242188 0.281250 0.244141 0.279297 0.244141 0.273438
0 0.097656 0.285156 0.095703 0.287109 0.097656 0.289062 0.099609 0.287109
0 0.251953 0.302734 0.250000 0.302734 0.246094 0.306641 0.246094 0.310547 0.248047 0.312500 0.251953 0.312500 0.255859 0.308594 0.255859 0.306641
0 0.550781 0.314453 0.548828 0.316406 0.548828 0.318359 0.550781 0.320312 0.552734 0.318359 0.552734 0.316406
0 0.453125 0.318359 0.451172 0.320312 0.453125 0.322266 0.455078 0.320312
0 0.998047 0.332031 0.994141 0.335938 0.998047 0.339844
0 0.080078 0.351562 0.076172 0.355469 0.078125 0.357422 0.080078 0.357422 0.082031 0.355469 0.082031 0.353516
0 0.158203 0.353516 0.154297 0.357422 0.160156 0.363281 0.162109 0.363281 0.164062 0.361328 0.164062 0.355469 0.162109 0.353516
0 0.964844 0.355469 0.960938 0.359375 0.960938 0.361328 0.964844 0.365234 0.966797 0.365234 0.970703 0.361328 0.970703 0.359375 0.966797 0.355469
0 0.171875 0.367188 0.169922 0.369141 0.169922 0.373047 0.173828 0.376953 0.175781 0.376953 0.179688 0.373047 0.175781 0.369141 0.173828 0.369141
0 0.380859 0.386719 0.376953 0.390625 0.382812 0.396484 0.386719 0.396484 0.388672 0.394531 0.388672 0.390625 0.386719 0.388672 0.384766 0.388672 0.382812 0.386719
0 0.183594 0.394531 0.187500 0.398438 0.193359 0.398438 0.195312 0.396484 0.195312 0.394531 0.193359 0.392578 0.191406 0.392578 0.189453 0.390625 0.187500 0.392578 0.185547 0.392578
0 0.298828 0.394531 0.296875 0.396484 0.302734 0.402344 0.304688 0.400391 0.304688 0.396484 0.302734 0.394531
0 0.521484 0.396484 0.515625 0.402344 0.517578 0.408203 0.529297 0.417969 0.529297 0.421875 0.533203 0.427734 0.537109 0.429688 0.544922 0.427734 0.548828 0.423828 0.548828 0.414062 0.542969 0.408203 0.539062 0.408203 0.527344 0.396484
1 0.271484 0.404297 0.269531 0.412109 0.271484 0.414062 0.281250 0.414062 0.289062 0.421875 0.285156 0.431641 0.285156 0.439453 0.289062 0.445312 0.294922 0.449219 0.304688 0.447266 0.312500 0.439453 0.312500 0.433594 0.296875 0.419922 0.298828 0.412109 0.294922 0.408203 0.285156 0.408203 0.275391 0.402344
1 0.560547 0.402344 0.554688 0.408203 0.558594 0.412109 0.562500 0.412109 0.566406 0.416016 0.566406 0.417969 0.570312 0.423828 0.572266 0.423828 0.574219 0.425781 0.578125 0.425781 0.583984 0.419922 0.583984 0.416016 0.578125 0.410156 0.568359 0.410156
0 0.373047 0.406250 0.367188 0.410156 0.369141 0.417969 0.355469 0.431641 0.349609 0.425781 0.345703 0.427734 0.351562 0.437500 0.347656 0.441406 0.353516 0.443359 0.363281 0.453125 0.375000 0.451172 0.382812 0.443359 0.386719 0.435547 0.386719 0.427734 0.375000 0.414062 0.376953 0.410156
0 0.425781 0.406250 0.421875 0.410156 0.421875 0.412109 0.419922 0.414062 0.425781 0.419922 0.429688 0.419922 0.431641 0.417969 0.431641 0.416016 0.433594 0.414062 0.433594 0.412109 0.429688 0.408203 0.427734 0.408203
0 0.070312 0.429688 0.068359 0.431641 0.068359 0.433594 0.070312 0.435547 0.072266 0.433594 0.072266 0.431641
0 0.332031 0.429688 0.326172 0.431641 0.324219 0.439453 0.314453 0.455078 0.316406 0.466797 0.326172 0.476562 0.337891 0.472656 0.339844 0.466797 0.345703 0.460938 0.345703 0.451172 0.337891 0.441406 0.337891 0.435547
0 0.642578 0.439453 0.640625 0.441406 0.640625 0.443359 0.642578 0.445312 0.642578 0.447266 0.648438 0.453125 0.650391 0.453125 0.652344 0.451172 0.654297 0.453125 0.658203 0.449219 0.658203 0.447266 0.660156 0.445312 0.660156 0.443359 0.656250 0.439453 0.652344 0.439453 0.650391 0.437500 0.646484 0.437500 0.644531 0.439453
0 0.388672 0.460938 0.390625 0.462891 0.392578 0.462891 0.402344 0.457031 0.404297 0.457031 0.406250 0.458984 0.408203 0.457031 0.410156 0.458984 0.412109 0.458984 0.416016 0.455078 0.416016 0.451172 0.406250 0.445312 0.396484 0.445312 0.388672 0.453125
0 0.486328 0.445312 0.484375 0.445312 0.478516 0.451172 0.478516 0.453125 0.476562 0.455078 0.476562 0.458984 0.480469 0.462891 0.486328 0.462891 0.490234 0.458984 0.490234 0.449219
0 0.666016 0.460938 0.662109 0.460938 0.660156 0.462891 0.658203 0.462891 0.656250 0.464844 0.656250 0.466797 0.654297 0.468750 0.654297 0.472656 0.660156 0.478516 0.662109 0.476562 0.664062 0.476562 0.667969 0.472656 0.667969 0.470703 0.669922 0.468750 0.669922 0.464844
0 0.894531 0.460938 0.892578 0.462891 0.890625 0.462891 0.886719 0.466797 0.886719 0.468750 0.892578 0.474609 0.896484 0.474609 0.900391 0.470703 0.900391 0.466797
0 0.271484 0.466797 0.265625 0.466797 0.263672 0.468750 0.263672 0.470703 0.261719 0.472656 0.265625 0.476562 0.267578 0.474609 0.269531 0.474609 0.273438 0.470703 0.273438 0.468750
0 0.423828 0.468750 0.423828 0.470703 0.429688 0.476562 0.429688 0.482422 0.433594 0.486328 0.443359 0.486328 0.451172 0.478516 0.451172 0.474609 0.443359 0.468750 0.437500 0.470703 0.435547 0.468750 0.431641 0.468750 0.427734 0.464844
0 0.396484 0.470703 0.394531 0.472656 0.394531 0.476562 0.398438 0.480469 0.400391 0.480469 0.404297 0.476562 0.404297 0.474609 0.400391 0.470703
0 0.466797 0.470703 0.462891 0.470703 0.460938 0.472656 0.460938 0.474609 0.464844 0.478516 0.468750 0.474609 0.468750 0.472656
0 0.984375 0.468750 0.982422 0.468750 0.978516 0.472656 0.978516 0.474609 0.982422 0.478516 0.986328 0.474609 0.986328 0.470703
0 0.855469 0.474609 0.851562 0.478516 0.855469 0.482422 0.857422 0.482422 0.859375 0.480469 0.859375 0.476562 0.857422 0.474609
1 0.259766 0.490234 0.257812 0.490234 0.253906 0.494141 0.253906 0.496094 0.250000 0.500000 0.251953 0.501953 0.255859 0.498047 0.257812 0.498047 0.261719 0.494141 0.261719 0.492188
0 0.587891 0.498047 0.585938 0.498047 0.583984 0.500000 0.583984 0.501953 0.585938 0.503906 0.589844 0.500000
0 0.476562 0.501953 0.474609 0.503906 0.474609 0.505859 0.472656 0.507812 0.472656 0.509766 0.476562 0.513672 0.480469 0.513672 0.482422 0.511719 0.482422 0.505859 0.480469 0.503906 0.478516 0.503906
0 0.527344 0.501953 0.525391 0.503906 0.525391 0.505859 0.527344 0.507812 0.529297 0.507812 0.531250 0.505859 0.531250 0.503906 0.529297 0.501953
1 0.388672 0.509766 0.388672 0.511719 0.392578 0.515625 0.396484 0.515625 0.398438 0.513672 0.400391 0.513672 0.402344 0.515625 0.404297 0.515625 0.406250 0.517578 0.408203 0.517578 0.412109 0.513672 0.408203 0.509766 0.398438 0.509766 0.394531 0.505859 0.392578 0.505859
1 0.453125 0.507812 0.449219 0.511719 0.449219 0.515625 0.460938 0.527344 0.462891 0.527344 0.466797 0.523438 0.466797 0.521484 0.464844 0.519531 0.464844 0.517578 0.458984 0.511719 0.457031 0.511719
0 0.947266 0.515625 0.943359 0.515625 0.941406 0.517578 0.941406 0.525391 0.945312 0.529297 0.947266 0.527344 0.949219 0.527344 0.953125 0.523438 0.953125 0.521484
0 0.644531 0.533203 0.640625 0.537109 0.640625 0.541016 0.646484 0.546875 0.648438 0.546875 0.650391 0.544922 0.650391 0.539062
0 0.457031 0.537109 0.455078 0.537109 0.449219 0.542969 0.449219 0.548828 0.451172 0.550781 0.457031 0.550781 0.460938 0.546875 0.460938 0.542969 0.458984 0.541016 0.458984 0.539062
0 0.474609 0.535156 0.472656 0.537109 0.474609 0.539062 0.476562 0.537109
0 0.529297 0.535156 0.527344 0.537109 0.529297 0.539062 0.531250 0.537109
0 0.673828 0.537109 0.669922 0.541016 0.669922 0.546875 0.673828 0.550781 0.677734 0.550781 0.683594 0.544922 0.683594 0.541016 0.679688 0.537109
0 0.960938 0.537109 0.957031 0.537109 0.955078 0.539062 0.953125 0.539062 0.949219 0.544922 0.949219 0.550781 0.958984 0.560547 0.960938 0.558594 0.960938 0.554688 0.964844 0.548828 0.964844 0.541016
0 0.988281 0.537109 0.986328 0.539062 0.988281 0.541016 0.990234 0.541016 0.992188 0.539062 0.990234 0.537109
0 0.484375 0.539062 0.482422 0.541016 0.482422 0.542969 0.484375 0.544922 0.486328 0.542969 0.486328 0.541016
0 0.601562 0.539062 0.599609 0.541016 0.601562 0.542969 0.603516 0.542969 0.605469 0.541016 0.603516 0.539062
0 0.697266 0.539062 0.695312 0.541016 0.697266 0.542969 0.699219 0.542969 0.701172 0.541016 0.699219 0.539062
0 0.294922 0.542969 0.291016 0.546875 0.294922 0.550781 0.296875 0.550781 0.300781 0.546875 0.296875 0.542969
0 0.414062 0.544922 0.412109 0.544922 0.408203 0.548828 0.408203 0.552734 0.412109 0.556641 0.416016 0.552734 0.416016 0.550781 0.417969 0.548828
1 0.998047 0.546875 0.996094 0.548828 0.996094 0.550781 0.998047 0.552734
0 0.283203 0.550781 0.281250 0.550781 0.279297 0.552734 0.279297 0.556641 0.281250 0.558594 0.285156 0.554688 0.285156 0.552734
0 0.921875 0.558594 0.921875 0.566406 0.925781 0.570312 0.927734 0.570312 0.929688 0.568359 0.931641 0.568359 0.937500 0.562500 0.935547 0.560547 0.933594 0.560547 0.931641 0.558594 0.929688 0.558594 0.927734 0.556641 0.923828 0.556641
0 0.667969 0.560547 0.658203 0.568359 0.656250 0.578125 0.666016 0.587891 0.666016 0.591797 0.664062 0.593750 0.667969 0.601562 0.671875 0.603516 0.677734 0.599609 0.677734 0.593750 0.673828 0.589844 0.683594 0.574219 0.683594 0.570312 0.677734 0.562500
0 0.748047 0.558594 0.744141 0.562500 0.746094 0.564453 0.748047 0.564453 0.750000 0.562500 0.750000 0.560547
0 0.787109 0.558594 0.785156 0.560547 0.787109 0.562500 0.789062 0.562500 0.791016 0.560547 0.789062 0.558594
0 0.769531 0.566406 0.767578 0.564453 0.763672 0.564453 0.759766 0.568359 0.759766 0.570312 0.761719 0.572266 0.765625 0.572266 0.769531 0.568359
0 0.576172 0.566406 0.572266 0.570312 0.572266 0.580078 0.574219 0.582031 0.574219 0.583984 0.576172 0.585938 0.578125 0.585938 0.582031 0.582031 0.582031 0.578125 0.580078 0.576172 0.580078 0.574219 0.578125 0.572266 0.578125 0.568359
0 0.812500 0.576172 0.808594 0.580078 0.808594 0.583984 0.810547 0.585938 0.810547 0.587891 0.812500 0.589844 0.816406 0.589844 0.822266 0.583984 0.820312 0.582031 0.820312 0.580078 0.816406 0.576172
0 0.867188 0.574219 0.865234 0.576172 0.867188 0.578125 0.869141 0.578125 0.871094 0.576172 0.869141 0.574219
0 0.900391 0.583984 0.904297 0.593750 0.910156 0.597656 0.916016 0.597656 0.919922 0.593750 0.923828 0.591797 0.927734 0.591797 0.931641 0.585938 0.931641 0.583984 0.927734 0.580078 0.923828 0.580078 0.914062 0.574219 0.908203 0.574219 0.902344 0.580078
0 0.742188 0.589844 0.738281 0.593750 0.738281 0.595703 0.736328 0.597656 0.738281 0.599609 0.738281 0.601562 0.744141 0.607422 0.748047 0.607422 0.753906 0.603516 0.753906 0.601562 0.755859 0.599609 0.755859 0.597656 0.751953 0.591797 0.750000 0.591797 0.748047 0.589844
0 0.427734 0.593750 0.425781 0.595703 0.425781 0.603516 0.427734 0.605469 0.429688 0.605469 0.431641 0.603516 0.431641 0.601562 0.429688 0.599609 0.429688 0.595703
0 0.939453 0.601562 0.935547 0.601562 0.931641 0.605469 0.931641 0.607422 0.937500 0.613281 0.943359 0.607422 0.943359 0.605469
0 0.513672 0.605469 0.509766 0.609375 0.509766 0.611328 0.507812 0.613281 0.509766 0.615234 0.509766 0.617188 0.511719 0.619141 0.513672 0.619141 0.515625 0.621094 0.517578 0.621094 0.519531 0.619141 0.521484 0.619141 0.523438 0.617188 0.523438 0.609375 0.519531 0.605469
1 0.886719 0.607422 0.884766 0.609375 0.884766 0.611328 0.886719 0.613281 0.886719 0.615234 0.890625 0.619141 0.890625 0.623047 0.886719 0.628906 0.890625 0.632812 0.892578 0.632812 0.898438 0.626953 0.898438 0.625000 0.890625 0.617188 0.890625 0.615234 0.892578 0.613281 0.892578 0.609375 0.890625 0.607422
0 0.992188 0.607422 0.988281 0.611328 0.988281 0.615234 0.992188 0.619141 0.996094 0.619141 0.998047 0.617188 0.998047 0.609375 0.996094 0.609375 0.994141 0.607422
0 0.916016 0.611328 0.910156 0.617188 0.910156 0.628906 0.916016 0.634766 0.917969 0.634766 0.919922 0.636719 0.925781 0.636719 0.933594 0.628906 0.933594 0.621094 0.927734 0.613281 0.923828 0.613281 0.921875 0.611328
0 0.699219 0.626953 0.687500 0.636719 0.687500 0.646484 0.699219 0.666016 0.710938 0.667969 0.730469 0.652344 0.732422 0.642578 0.718750 0.628906
0 0.591797 0.628906 0.585938 0.634766 0.589844 0.638672 0.591797 0.638672 0.595703 0.634766 0.595703 0.632812
0 0.246094 0.644531 0.242188 0.640625 0.240234 0.640625 0.238281 0.642578 0.236328 0.642578 0.234375 0.644531 0.234375 0.646484 0.232422 0.648438 0.234375 0.650391 0.240234 0.650391 0.242188 0.648438 0.244141 0.648438 0.246094 0.646484
1 0.525391 0.654297 0.519531 0.650391 0.500000 0.667969 0.492188 0.667969 0.486328 0.673828 0.486328 0.683594 0.488281 0.685547 0.492188 0.685547 0.501953 0.677734 0.517578 0.675781 0.525391 0.666016
0 0.580078 0.650391 0.578125 0.652344 0.578125 0.654297 0.580078 0.656250 0.583984 0.656250 0.585938 0.654297 0.585938 0.652344 0.583984 0.650391
0 0.613281 0.652344 0.599609 0.660156 0.613281 0.671875 0.613281 0.681641 0.617188 0.691406 0.613281 0.695312 0.609375 0.693359 0.605469 0.697266 0.597656 0.697266 0.595703 0.705078 0.591797 0.708984 0.583984 0.701172 0.578125 0.701172 0.574219 0.705078 0.572266 0.712891 0.578125 0.720703 0.585938 0.718750 0.591797 0.720703 0.603516 0.732422 0.611328 0.732422 0.619141 0.738281 0.623047 0.734375 0.617188 0.726562 0.626953 0.720703 0.630859 0.714844 0.630859 0.707031 0.623047 0.697266 0.626953 0.693359 0.630859 0.693359 0.638672 0.685547 0.638672 0.679688 0.632812 0.664062 0.626953 0.658203
0 0.857422 0.658203 0.855469 0.660156 0.855469 0.662109 0.859375 0.666016 0.861328 0.664062 0.861328 0.660156 0.859375 0.658203
0 0.669922 0.666016 0.666016 0.669922 0.666016 0.675781 0.667969 0.677734 0.673828 0.671875 0.673828 0.669922
0 0.294922 0.677734 0.291016 0.677734 0.289062 0.679688 0.289062 0.683594 0.292969 0.687500 0.296875 0.683594 0.296875 0.679688
0 0.779297 0.675781 0.773438 0.681641 0.773438 0.687500 0.771484 0.689453 0.771484 0.691406 0.777344 0.697266 0.783203 0.697266 0.789062 0.691406 0.789062 0.681641 0.783203 0.675781
0 0.443359 0.687500 0.443359 0.699219 0.449219 0.705078 0.453125 0.705078 0.458984 0.701172 0.464844 0.701172 0.468750 0.697266 0.468750 0.693359 0.466797 0.691406 0.462891 0.691406 0.460938 0.693359 0.458984 0.691406 0.457031 0.691406 0.449219 0.683594 0.447266 0.683594
0 0.564453 0.683594 0.562500 0.685547 0.562500 0.687500 0.566406 0.691406 0.568359 0.691406 0.572266 0.687500 0.568359 0.683594
0 0.806641 0.685547 0.804688 0.685547 0.798828 0.691406 0.798828 0.693359 0.796875 0.695312 0.796875 0.697266 0.802734 0.703125 0.806641 0.703125 0.808594 0.701172 0.808594 0.699219 0.810547 0.697266 0.810547 0.691406 0.808594 0.689453 0.808594 0.687500
0 0.869141 0.685547 0.865234 0.689453 0.869141 0.693359 0.871094 0.691406 0.871094 0.687500
0 0.958984 0.685547 0.955078 0.689453 0.958984 0.693359 0.962891 0.689453
0 0.523438 0.691406 0.519531 0.695312 0.519531 0.699219 0.513672 0.707031 0.517578 0.712891 0.521484 0.712891 0.525391 0.716797 0.527344 0.722656 0.531250 0.726562 0.537109 0.728516 0.544922 0.736328 0.535156 0.746094 0.525391 0.736328 0.521484 0.736328 0.519531 0.738281 0.521484 0.748047 0.523438 0.750000 0.529297 0.750000 0.535156 0.746094 0.537109 0.748047 0.541016 0.748047 0.546875 0.742188 0.548828 0.744141 0.556641 0.742188 0.562500 0.734375 0.558594 0.722656 0.552734 0.718750 0.548828 0.718750 0.546875 0.720703 0.539062 0.712891 0.537109 0.712891 0.529297 0.705078 0.529297 0.699219
0 0.476562 0.701172 0.474609 0.703125 0.476562 0.705078 0.478516 0.705078 0.480469 0.703125 0.478516 0.701172
0 0.496094 0.699219 0.492188 0.703125 0.492188 0.707031 0.496094 0.710938 0.503906 0.710938 0.505859 0.708984 0.505859 0.707031 0.507812 0.705078 0.507812 0.703125 0.505859 0.701172 0.503906 0.701172 0.501953 0.699219
0 0.314453 0.708984 0.310547 0.708984 0.306641 0.712891 0.310547 0.716797 0.312500 0.716797 0.316406 0.712891 0.316406 0.710938
0 0.705078 0.710938 0.703125 0.710938 0.699219 0.714844 0.699219 0.716797 0.703125 0.720703 0.705078 0.718750 0.707031 0.718750 0.708984 0.716797 0.708984 0.714844
0 0.500000 0.718750 0.496094 0.722656 0.496094 0.724609 0.500000 0.728516 0.503906 0.728516 0.505859 0.726562 0.505859 0.722656 0.501953 0.718750
0 0.195312 0.730469 0.193359 0.732422 0.195312 0.734375 0.197266 0.734375 0.199219 0.732422 0.197266 0.730469
0 0.828125 0.734375 0.826172 0.736328 0.828125 0.738281 0.830078 0.738281 0.832031 0.736328 0.830078 0.734375
0 0.863281 0.734375 0.861328 0.736328 0.863281 0.738281 0.865234 0.736328
0 0.302734 0.740234 0.300781 0.742188 0.302734 0.744141 0.304688 0.744141 0.306641 0.742188 0.304688 0.740234
0 0.958984 0.740234 0.957031 0.742188 0.957031 0.746094 0.958984 0.748047 0.960938 0.748047 0.962891 0.746094 0.962891 0.744141
0 0.306641 0.755859 0.304688 0.755859 0.302734 0.757812 0.302734 0.759766 0.304688 0.761719 0.308594 0.757812
0 0.919922 0.753906 0.917969 0.755859 0.917969 0.759766 0.921875 0.763672 0.923828 0.763672 0.927734 0.759766 0.927734 0.757812 0.923828 0.753906
0 0.515625 0.765625 0.513672 0.765625 0.509766 0.769531 0.509766 0.773438 0.511719 0.775391 0.515625 0.775391 0.517578 0.773438 0.517578 0.767578
0 0.810547 0.767578 0.806641 0.771484 0.810547 0.775391 0.812500 0.775391 0.816406 0.771484 0.812500 0.767578
1 0.541016 0.769531 0.531250 0.781250 0.537109 0.798828 0.531250 0.820312 0.537109 0.826172 0.544922 0.826172 0.550781 0.822266 0.558594 0.826172 0.562500 0.818359 0.552734 0.816406 0.546875 0.810547 0.546875 0.806641 0.560547 0.789062 0.552734 0.775391
0 0.949219 0.789062 0.945312 0.792969 0.945312 0.794922 0.947266 0.796875 0.949219 0.796875 0.951172 0.798828 0.953125 0.798828 0.957031 0.794922 0.957031 0.792969 0.953125 0.789062
0 0.507812 0.794922 0.505859 0.796875 0.505859 0.804688 0.509766 0.808594 0.515625 0.808594 0.521484 0.802734 0.521484 0.800781 0.517578 0.796875 0.515625 0.796875 0.513672 0.794922
0 0.734375 0.798828 0.730469 0.802734 0.730469 0.808594 0.732422 0.810547 0.734375 0.810547 0.738281 0.806641 0.738281 0.802734
0 0.878906 0.804688 0.875000 0.800781 0.871094 0.800781 0.869141 0.802734 0.867188 0.802734 0.863281 0.806641 0.863281 0.812500 0.861328 0.814453 0.863281 0.816406 0.876953 0.816406 0.878906 0.814453
0 0.371094 0.810547 0.369141 0.812500 0.369141 0.814453 0.373047 0.818359 0.375000 0.816406 0.375000 0.812500 0.373047 0.810547
0 0.279297 0.822266 0.277344 0.824219 0.277344 0.826172 0.275391 0.828125 0.275391 0.830078 0.279297 0.833984 0.281250 0.833984 0.287109 0.828125 0.281250 0.822266
0 0.611328 0.835938 0.611328 0.845703 0.623047 0.855469 0.642578 0.855469 0.652344 0.847656 0.652344 0.839844 0.644531 0.832031 0.640625 0.832031 0.634766 0.828125 0.626953 0.828125 0.625000 0.826172 0.623047 0.828125 0.619141 0.828125
0 0.357422 0.828125 0.353516 0.832031 0.353516 0.833984 0.355469 0.835938 0.355469 0.837891 0.357422 0.839844 0.363281 0.839844 0.367188 0.835938 0.367188 0.832031 0.363281 0.828125
0 0.777344 0.828125 0.773438 0.832031 0.773438 0.833984 0.771484 0.835938 0.777344 0.841797 0.783203 0.841797 0.787109 0.837891 0.787109 0.832031 0.783203 0.828125
1 0.669922 0.855469 0.662109 0.857422 0.656250 0.863281 0.654297 0.873047 0.658203 0.880859 0.648438 0.888672 0.650391 0.896484 0.648438 0.908203 0.634766 0.921875 0.638672 0.931641 0.644531 0.937500 0.640625 0.953125 0.648438 0.966797 0.654297 0.970703 0.666016 0.970703 0.671875 0.964844 0.671875 0.958984 0.666016 0.947266 0.652344 0.935547 0.656250 0.919922 0.671875 0.900391 0.675781 0.890625 0.677734 0.863281
0 0.853516 0.863281 0.851562 0.863281 0.847656 0.867188 0.847656 0.869141 0.845703 0.871094 0.849609 0.875000 0.851562 0.875000 0.855469 0.871094 0.855469 0.869141 0.857422 0.867188
0 0.240234 0.871094 0.238281 0.873047 0.240234 0.875000 0.242188 0.875000 0.244141 0.873047 0.242188 0.871094
0 0.871094 0.873047 0.867188 0.876953 0.867188 0.878906 0.869141 0.880859 0.871094 0.880859 0.873047 0.882812 0.876953 0.878906 0.876953 0.876953 0.873047 0.873047
0 0.419922 0.875000 0.416016 0.878906 0.416016 0.880859 0.421875 0.886719 0.425781 0.886719 0.429688 0.882812 0.429688 0.878906 0.425781 0.875000
0 0.685547 0.880859 0.683594 0.882812 0.685547 0.884766 0.687500 0.882812
0 0.691406 0.890625 0.695312 0.898438 0.701172 0.904297 0.714844 0.904297 0.724609 0.912109 0.728516 0.912109 0.732422 0.908203 0.728516 0.904297 0.726562 0.898438 0.730469 0.892578 0.730469 0.886719 0.720703 0.878906 0.701172 0.880859
0 0.591797 0.884766 0.587891 0.888672 0.587891 0.892578 0.591797 0.896484 0.593750 0.896484 0.595703 0.894531 0.595703 0.892578 0.597656 0.890625 0.597656 0.888672 0.593750 0.884766
0 0.800781 0.888672 0.796875 0.892578 0.796875 0.894531 0.800781 0.898438 0.804688 0.898438 0.808594 0.894531 0.802734 0.888672
0 0.820312 0.892578 0.814453 0.898438 0.814453 0.902344 0.820312 0.908203 0.826172 0.908203 0.830078 0.904297 0.830078 0.900391 0.828125 0.898438 0.828125 0.896484 0.826172 0.894531 0.824219 0.894531 0.822266 0.892578
0 0.843750 0.906250 0.841797 0.908203 0.841797 0.910156 0.843750 0.912109 0.845703 0.910156 0.845703 0.908203
0 0.609375 0.910156 0.605469 0.914062 0.605469 0.916016 0.609375 0.919922 0.613281 0.916016 0.613281 0.914062
0 0.396484 0.914062 0.392578 0.917969 0.392578 0.919922 0.394531 0.921875 0.398438 0.921875 0.400391 0.919922 0.400391 0.917969
0 0.796875 0.919922 0.796875 0.929688 0.802734 0.937500 0.810547 0.937500 0.816406 0.931641 0.820312 0.929688 0.824219 0.929688 0.828125 0.925781 0.828125 0.919922 0.826172 0.917969 0.822266 0.917969 0.820312 0.919922 0.814453 0.919922 0.806641 0.914062 0.802734 0.914062
0 0.755859 0.931641 0.753906 0.933594 0.753906 0.935547 0.755859 0.937500 0.757812 0.935547 0.757812 0.933594
0 0.246094 0.937500 0.244141 0.939453 0.246094 0.941406 0.248047 0.939453
0 0.626953 0.947266 0.623047 0.951172 0.625000 0.953125 0.625000 0.958984 0.628906 0.962891 0.630859 0.962891 0.636719 0.957031
1 0.755859 0.958984 0.750000 0.953125 0.746094 0.953125 0.724609 0.974609 0.707031 0.986328 0.703125 0.986328 0.695312 0.976562 0.687500 0.976562 0.677734 0.986328 0.671875 0.986328 0.666016 0.990234 0.654297 0.992188 0.646484 0.998047 0.691406 0.998047 0.695312 0.994141 0.699219 0.998047 0.705078 0.998047 0.708984 0.992188 0.716797 0.992188 0.726562 0.980469 0.734375 0.976562 0.744141 0.966797 0.751953 0.966797 0.755859 0.962891
0 0.451172 0.964844 0.435547 0.964844 0.431641 0.970703 0.431641 0.974609 0.437500 0.986328 0.437500 0.992188 0.443359 0.998047 0.453125 0.988281 0.457031 0.980469 0.457031 0.970703
0 0.814453 0.968750 0.808594 0.968750 0.806641 0.970703 0.806641 0.982422 0.804688 0.986328 0.791016 0.998047 0.820312 0.998047 0.822266 0.996094 0.816406 0.984375 0.816406 0.976562 0.818359 0.972656
1 0.763672 0.982422 0.763672 0.984375 0.767578 0.988281 0.779297 0.988281 0.781250 0.990234 0.783203 0.990234 0.785156 0.988281 0.785156 0.986328 0.781250 0.982422 0.777344 0.982422 0.775391 0.980469 0.773438 0.980469 0.769531 0.976562 0.767578 0.976562
1 0.496094 0.998047 0.525391 0.998047 0.521484 0.994141 0.519531 0.994141 0.513672 0.990234 0.505859 0.990234 0.503906 0.992188 0.500000 0.992188
0 0.871094 0.992188 0.871094 0.996094 0.873047 0.998047 0.882812 0.998047 0.882812 0.994141 0.876953 0.988281 0.875000 0.990234 0.873047 0.990234
0 0.742188 0.998047 0.738281 0.994141 0.734375 0.998047
1 0.457031 0.998047 0.464844 0.998047 0.462891 0.996094 0.458984 0.996094
