1 0.003906 0.068359 0.000000 0.101562 0.093750 0.080078 0.119141 0.177734 0.074219 0.240234 0.000000 0.199219 0.000000 0.490234 0.140625 0.623047 0.082031 0.757812 0.285156 0.687500 0.355469 0.794922 0.312500 0.841797 0.386719 0.904297 0.199219 0.949219 0.187500 0.998047 0.341797 0.998047 0.296875 0.972656 0.431641 0.910156 0.451172 0.949219 0.445312 0.900391 0.503906 0.894531 0.373047 0.828125 0.353516 0.734375 0.433594 0.750000 0.408203 0.634766 0.548828 0.658203 0.363281 0.552734 0.250000 0.660156 0.160156 0.660156 0.134766 0.537109 0.216797 0.548828 0.267578 0.451172 0.226562 0.480469 0.201172 0.431641 0.246094 0.404297 0.318359 0.447266 0.371094 0.398438 0.214844 0.359375 0.234375 0.400391 0.132812 0.492188 0.105469 0.369141 0.230469 0.248047 0.117188 0.224609 0.099609 0.105469 0.167969 0.134766 0.156250 0.068359
0 0.166016 0.138672 0.162109 0.142578 0.164062 0.144531 0.166016 0.144531 0.167969 0.142578 0.167969 0.140625
1 0.025391 0.142578 0.023438 0.140625 0.019531 0.140625 0.017578 0.142578 0.015625 0.142578 0.011719 0.146484 0.013672 0.148438 0.015625 0.148438 0.017578 0.146484 0.019531 0.146484 0.021484 0.144531 0.023438 0.144531
1 0.005859 0.146484 0.003906 0.148438 0.000000 0.148438 0.000000 0.160156 0.003906 0.156250 0.003906 0.152344 0.007812 0.148438
0 0.023438 0.166016 0.019531 0.166016 0.015625 0.169922 0.013672 0.167969 0.009766 0.171875 0.003906 0.171875 0.000000 0.175781 0.000000 0.195312 0.001953 0.193359 0.003906 0.187500 0.009766 0.181641 0.009766 0.177734 0.015625 0.171875 0.021484 0.177734 0.017578 0.181641 0.017578 0.185547 0.019531 0.187500 0.021484 0.185547 0.021484 0.183594 0.023438 0.181641 0.023438 0.177734 0.027344 0.173828 0.027344 0.169922
0 0.375000 0.312500 0.371094 0.316406 0.375000 0.320312 0.378906 0.316406
0 0.191406 0.332031 0.179688 0.332031 0.175781 0.335938 0.175781 0.339844 0.173828 0.341797 0.173828 0.353516 0.175781 0.357422 0.181641 0.361328 0.191406 0.359375 0.201172 0.349609 0.201172 0.343750 0.197266 0.335938
0 0.542969 0.355469 0.541016 0.357422 0.541016 0.359375 0.542969 0.361328 0.544922 0.361328 0.546875 0.359375 0.546875 0.357422 0.544922 0.355469
0 0.433594 0.361328 0.427734 0.363281 0.417969 0.373047 0.419922 0.375000 0.419922 0.380859 0.421875 0.382812 0.421875 0.384766 0.427734 0.388672 0.433594 0.386719 0.439453 0.380859 0.439453 0.376953 0.441406 0.375000 0.441406 0.371094
0 0.380859 0.369141 0.376953 0.375000 0.376953 0.382812 0.384766 0.392578 0.386719 0.398438 0.392578 0.402344 0.406250 0.402344 0.412109 0.396484 0.412109 0.390625 0.414062 0.388672 0.412109 0.384766 0.404297 0.378906 0.396484 0.378906 0.388672 0.369141
0 0.498047 0.375000 0.494141 0.378906 0.494141 0.384766 0.498047 0.388672 0.500000 0.388672 0.503906 0.384766 0.503906 0.382812 0.501953 0.380859 0.501953 0.378906
0 0.162109 0.427734 0.158203 0.431641 0.158203 0.433594 0.162109 0.437500 0.166016 0.433594 0.166016 0.431641
0 0.515625 0.429688 0.511719 0.433594 0.511719 0.435547 0.513672 0.437500 0.513672 0.439453 0.515625 0.441406 0.519531 0.441406 0.521484 0.443359 0.525391 0.439453 0.525391 0.437500 0.527344 0.435547 0.527344 0.433594 0.523438 0.429688
0 0.539062 0.443359 0.535156 0.447266 0.535156 0.451172 0.537109 0.453125 0.537109 0.455078 0.541016 0.458984 0.542969 0.458984 0.546875 0.455078 0.546875 0.453125 0.548828 0.451172 0.548828 0.449219 0.542969 0.443359
0 0.369141 0.458984 0.365234 0.455078 0.361328 0.455078 0.359375 0.457031 0.357422 0.457031 0.353516 0.460938 0.353516 0.462891 0.357422 0.466797 0.363281 0.466797 0.365234 0.464844 0.367188 0.464844 0.369141 0.462891
0 0.595703 0.458984 0.593750 0.458984 0.583984 0.468750 0.583984 0.470703 0.587891 0.474609 0.599609 0.462891
0 0.574219 0.472656 0.572266 0.474609 0.570312 0.474609 0.566406 0.478516 0.566406 0.484375 0.570312 0.488281 0.574219 0.488281 0.580078 0.482422 0.580078 0.476562 0.578125 0.474609 0.576172 0.474609
0 0.421875 0.488281 0.419922 0.490234 0.421875 0.492188 0.423828 0.490234
0 0.498047 0.488281 0.492188 0.494141 0.490234 0.494141 0.486328 0.500000 0.486328 0.505859 0.490234 0.509766 0.496094 0.509766 0.498047 0.507812 0.498047 0.498047 0.500000 0.496094 0.500000 0.490234
0 0.546875 0.515625 0.541016 0.521484 0.537109 0.529297 0.539062 0.531250 0.539062 0.535156 0.548828 0.546875 0.552734 0.546875 0.554688 0.548828 0.566406 0.546875 0.570312 0.541016 0.572266 0.529297 0.566406 0.523438 0.562500 0.523438 0.556641 0.517578 0.552734 0.515625
0 0.472656 0.521484 0.470703 0.523438 0.472656 0.525391 0.474609 0.525391 0.476562 0.523438 0.474609 0.521484
0 0.447266 0.527344 0.445312 0.529297 0.447266 0.531250 0.449219 0.531250 0.451172 0.529297 0.449219 0.527344
0 0.521484 0.535156 0.519531 0.537109 0.521484 0.539062 0.523438 0.537109
0 0.589844 0.548828 0.587891 0.550781 0.587891 0.552734 0.589844 0.554688 0.589844 0.556641 0.593750 0.560547 0.593750 0.562500 0.595703 0.564453 0.597656 0.564453 0.601562 0.560547 0.601562 0.558594 0.603516 0.556641 0.603516 0.554688 0.597656 0.548828
0 0.568359 0.560547 0.566406 0.562500 0.568359 0.564453 0.570312 0.562500
0 0.580078 0.566406 0.578125 0.566406 0.574219 0.570312 0.574219 0.576172 0.572266 0.578125 0.572266 0.585938 0.574219 0.587891 0.576172 0.587891 0.582031 0.582031 0.582031 0.580078 0.583984 0.578125 0.583984 0.570312
0 0.505859 0.578125 0.501953 0.574219 0.498047 0.578125 0.500000 0.580078 0.503906 0.580078
0 0.671875 0.574219 0.669922 0.576172 0.671875 0.578125 0.673828 0.576172
0 0.562500 0.589844 0.560547 0.589844 0.558594 0.591797 0.558594 0.595703 0.560547 0.597656 0.564453 0.593750 0.564453 0.591797
0 0.906250 0.591797 0.904297 0.593750 0.904297 0.595703 0.902344 0.597656 0.902344 0.599609 0.906250 0.603516 0.912109 0.603516 0.914062 0.601562 0.914062 0.599609 0.916016 0.597656 0.914062 0.595703 0.914062 0.593750 0.912109 0.591797
0 0.556641 0.601562 0.552734 0.601562 0.550781 0.603516 0.548828 0.603516 0.542969 0.609375 0.542969 0.615234 0.544922 0.617188 0.544922 0.619141 0.550781 0.623047 0.554688 0.623047 0.556641 0.621094 0.558594 0.621094 0.562500 0.617188 0.562500 0.615234 0.564453 0.613281 0.562500 0.611328 0.562500 0.607422
0 0.572266 0.603516 0.570312 0.605469 0.570312 0.607422 0.576172 0.613281 0.578125 0.611328 0.578125 0.607422 0.574219 0.603516
0 0.664062 0.607422 0.662109 0.609375 0.662109 0.611328 0.660156 0.613281 0.660156 0.617188 0.662109 0.619141 0.667969 0.619141 0.669922 0.621094 0.673828 0.617188 0.673828 0.611328 0.669922 0.607422
0 0.638672 0.615234 0.636719 0.617188 0.636719 0.621094 0.638672 0.623047 0.642578 0.619141
0 0.945312 0.623047 0.941406 0.626953 0.941406 0.630859 0.945312 0.634766 0.949219 0.634766 0.955078 0.628906 0.953125 0.626953 0.953125 0.625000 0.951172 0.623047
1 0.742188 0.625000 0.734375 0.625000 0.730469 0.628906 0.730469 0.636719 0.724609 0.642578 0.720703 0.642578 0.718750 0.644531 0.718750 0.648438 0.724609 0.656250 0.726562 0.656250 0.732422 0.650391 0.732422 0.646484 0.738281 0.640625 0.740234 0.642578 0.746094 0.634766 0.746094 0.628906
0 0.552734 0.630859 0.544922 0.638672 0.544922 0.640625 0.542969 0.642578 0.544922 0.644531 0.544922 0.646484 0.560547 0.662109 0.562500 0.660156 0.562500 0.656250 0.558594 0.650391 0.558594 0.646484 0.562500 0.642578 0.564453 0.636719 0.558594 0.630859
0 0.580078 0.630859 0.576172 0.634766 0.582031 0.640625 0.585938 0.640625 0.589844 0.636719 0.585938 0.632812 0.583984 0.632812 0.582031 0.630859
0 0.798828 0.632812 0.792969 0.636719 0.792969 0.638672 0.791016 0.640625 0.791016 0.644531 0.798828 0.652344 0.804688 0.652344 0.808594 0.648438 0.808594 0.646484 0.810547 0.644531 0.810547 0.640625 0.808594 0.638672 0.808594 0.636719 0.804688 0.632812
1 0.603516 0.636719 0.597656 0.642578 0.597656 0.644531 0.599609 0.646484 0.599609 0.652344 0.597656 0.654297 0.597656 0.656250 0.599609 0.658203 0.599609 0.660156 0.603516 0.664062 0.607422 0.660156 0.607422 0.658203 0.603516 0.654297 0.603516 0.646484 0.605469 0.644531 0.605469 0.638672
0 0.982422 0.640625 0.978516 0.644531 0.980469 0.646484 0.982422 0.646484 0.984375 0.644531 0.984375 0.642578
0 0.648438 0.646484 0.644531 0.650391 0.650391 0.656250 0.654297 0.652344 0.654297 0.650391 0.650391 0.646484
0 0.742188 0.662109 0.740234 0.664062 0.742188 0.666016 0.744141 0.666016 0.746094 0.664062 0.744141 0.662109
0 0.962891 0.664062 0.957031 0.669922 0.960938 0.673828 0.964844 0.673828 0.966797 0.671875 0.966797 0.667969
0 0.574219 0.669922 0.570312 0.673828 0.570312 0.677734 0.576172 0.683594 0.580078 0.683594 0.583984 0.679688 0.583984 0.673828 0.580078 0.669922
0 0.703125 0.671875 0.701172 0.673828 0.701172 0.679688 0.703125 0.681641 0.705078 0.681641 0.707031 0.679688 0.707031 0.675781
0 0.843750 0.671875 0.841797 0.671875 0.835938 0.677734 0.835938 0.681641 0.837891 0.683594 0.843750 0.683594 0.845703 0.681641 0.845703 0.679688 0.847656 0.677734 0.847656 0.675781
0 0.523438 0.677734 0.521484 0.679688 0.521484 0.681641 0.519531 0.683594 0.519531 0.685547 0.523438 0.689453 0.527344 0.689453 0.531250 0.685547 0.531250 0.681641 0.529297 0.679688 0.527344 0.679688 0.525391 0.677734
0 0.755859 0.675781 0.753906 0.677734 0.755859 0.679688 0.757812 0.677734
0 0.787109 0.679688 0.785156 0.677734 0.781250 0.677734 0.779297 0.679688 0.779297 0.681641 0.777344 0.683594 0.779297 0.685547 0.783203 0.685547 0.787109 0.681641
0 0.671875 0.679688 0.669922 0.681641 0.671875 0.683594 0.673828 0.683594 0.675781 0.681641 0.673828 0.679688
0 0.640625 0.687500 0.636719 0.691406 0.636719 0.697266 0.640625 0.701172 0.646484 0.699219 0.650391 0.703125 0.642578 0.710938 0.640625 0.716797 0.644531 0.722656 0.650391 0.722656 0.654297 0.718750 0.654297 0.712891 0.652344 0.710938 0.664062 0.701172 0.664062 0.697266 0.656250 0.687500 0.650391 0.687500 0.648438 0.689453 0.642578 0.689453
0 0.527344 0.697266 0.523438 0.701172 0.529297 0.707031 0.531250 0.707031 0.533203 0.705078 0.533203 0.703125 0.535156 0.701172 0.531250 0.697266
0 0.822266 0.699219 0.820312 0.701172 0.818359 0.701172 0.814453 0.705078 0.814453 0.708984 0.822266 0.716797 0.828125 0.716797 0.832031 0.712891 0.832031 0.705078 0.826172 0.699219
1 0.593750 0.703125 0.587891 0.703125 0.583984 0.707031 0.583984 0.714844 0.587891 0.718750 0.582031 0.728516 0.593750 0.742188 0.593750 0.746094 0.585938 0.755859 0.585938 0.769531 0.582031 0.779297 0.562500 0.802734 0.554688 0.796875 0.550781 0.800781 0.560547 0.808594 0.558594 0.814453 0.566406 0.822266 0.578125 0.814453 0.580078 0.792969 0.605469 0.771484 0.605469 0.751953 0.601562 0.746094 0.603516 0.732422 0.593750 0.720703 0.601562 0.710938
1 0.712891 0.707031 0.707031 0.712891 0.707031 0.716797 0.712891 0.726562 0.716797 0.744141 0.736328 0.759766 0.736328 0.769531 0.742188 0.775391 0.746094 0.775391 0.751953 0.767578 0.751953 0.755859 0.757812 0.748047 0.757812 0.742188 0.750000 0.728516 0.736328 0.714844 0.726562 0.714844 0.716797 0.707031
0 0.783203 0.708984 0.777344 0.714844 0.777344 0.722656 0.781250 0.726562 0.787109 0.726562 0.791016 0.722656 0.791016 0.720703 0.792969 0.718750 0.792969 0.714844 0.787109 0.708984
0 0.437500 0.718750 0.435547 0.720703 0.437500 0.722656 0.439453 0.720703
1 0.523438 0.718750 0.521484 0.720703 0.521484 0.726562 0.527344 0.734375 0.519531 0.742188 0.519531 0.744141 0.527344 0.751953 0.527344 0.757812 0.523438 0.761719 0.523438 0.763672 0.527344 0.767578 0.533203 0.767578 0.537109 0.763672 0.542969 0.769531 0.542969 0.773438 0.544922 0.775391 0.542969 0.779297 0.546875 0.783203 0.552734 0.783203 0.558594 0.779297 0.558594 0.765625 0.554688 0.761719 0.546875 0.761719 0.541016 0.765625 0.537109 0.761719 0.539062 0.759766 0.541016 0.751953 0.527344 0.736328 0.533203 0.724609 0.529297 0.720703
0 0.701172 0.720703 0.699219 0.722656 0.699219 0.724609 0.701172 0.726562 0.703125 0.724609 0.703125 0.722656
0 0.843750 0.718750 0.839844 0.722656 0.843750 0.726562 0.845703 0.724609 0.845703 0.720703
1 0.449219 0.728516 0.445312 0.732422 0.445312 0.738281 0.449219 0.742188 0.457031 0.744141 0.464844 0.751953 0.466797 0.755859 0.464844 0.759766 0.468750 0.765625 0.472656 0.767578 0.478516 0.763672 0.478516 0.750000 0.480469 0.748047 0.478516 0.742188 0.468750 0.734375 0.462891 0.734375 0.453125 0.728516
0 0.662109 0.732422 0.660156 0.734375 0.660156 0.740234 0.662109 0.742188 0.664062 0.742188 0.667969 0.738281 0.667969 0.736328 0.664062 0.732422
0 0.625000 0.744141 0.621094 0.748047 0.621094 0.751953 0.619141 0.753906 0.619141 0.755859 0.621094 0.757812 0.628906 0.757812 0.630859 0.759766 0.632812 0.759766 0.636719 0.755859 0.636719 0.751953 0.628906 0.744141
0 0.677734 0.742188 0.673828 0.746094 0.675781 0.748047 0.677734 0.748047 0.679688 0.746094 0.679688 0.744141
0 0.435547 0.759766 0.433594 0.763672 0.437500 0.767578 0.437500 0.773438 0.433594 0.783203 0.437500 0.787109 0.453125 0.771484 0.460938 0.783203 0.468750 0.779297 0.468750 0.773438 0.464844 0.769531 0.460938 0.769531 0.457031 0.773438 0.451172 0.769531 0.451172 0.759766 0.445312 0.753906
0 0.492188 0.771484 0.490234 0.771484 0.488281 0.773438 0.484375 0.773438 0.478516 0.779297 0.478516 0.785156 0.482422 0.789062 0.490234 0.789062 0.494141 0.785156 0.494141 0.783203 0.496094 0.781250 0.496094 0.777344
0 0.833984 0.779297 0.832031 0.779297 0.830078 0.781250 0.830078 0.785156 0.832031 0.787109 0.833984 0.785156 0.835938 0.785156 0.837891 0.783203
0 0.324219 0.783203 0.320312 0.787109 0.320312 0.789062 0.324219 0.792969 0.328125 0.789062 0.328125 0.787109
1 0.900391 0.785156 0.896484 0.785156 0.892578 0.789062 0.892578 0.800781 0.888672 0.806641 0.888672 0.808594 0.894531 0.814453 0.896484 0.812500 0.898438 0.812500 0.902344 0.808594 0.902344 0.804688 0.900391 0.802734 0.900391 0.798828 0.902344 0.796875 0.902344 0.787109
0 0.761719 0.789062 0.757812 0.792969 0.759766 0.794922 0.761719 0.794922 0.763672 0.792969 0.763672 0.791016
0 0.667969 0.798828 0.666016 0.800781 0.664062 0.800781 0.660156 0.804688 0.662109 0.806641 0.662109 0.810547 0.667969 0.816406 0.669922 0.816406 0.673828 0.812500 0.673828 0.804688
0 0.505859 0.800781 0.503906 0.802734 0.501953 0.802734 0.500000 0.804688 0.500000 0.806641 0.501953 0.808594 0.501953 0.810547 0.503906 0.812500 0.505859 0.812500 0.507812 0.814453 0.511719 0.810547 0.511719 0.804688 0.509766 0.802734 0.507812 0.802734
0 0.701172 0.800781 0.697266 0.804688 0.697266 0.808594 0.699219 0.810547 0.705078 0.810547 0.707031 0.808594 0.707031 0.804688 0.703125 0.800781
0 0.435547 0.812500 0.431641 0.816406 0.431641 0.818359 0.435547 0.822266 0.439453 0.822266 0.443359 0.818359 0.443359 0.816406 0.439453 0.812500
0 0.589844 0.812500 0.585938 0.816406 0.583984 0.822266 0.589844 0.830078 0.589844 0.835938 0.593750 0.839844 0.601562 0.839844 0.605469 0.835938 0.605469 0.830078 0.603516 0.828125 0.603516 0.822266 0.601562 0.820312 0.601562 0.816406 0.597656 0.812500
0 0.494141 0.818359 0.490234 0.822266 0.490234 0.828125 0.492188 0.830078 0.494141 0.830078 0.496094 0.832031 0.498047 0.832031 0.501953 0.828125 0.501953 0.822266 0.498047 0.818359
0 0.707031 0.822266 0.703125 0.826172 0.707031 0.830078 0.708984 0.830078 0.710938 0.828125 0.710938 0.826172
0 0.998047 0.828125 0.994141 0.832031 0.994141 0.833984 0.998047 0.837891
0 0.562500 0.832031 0.560547 0.833984 0.560547 0.849609 0.564453 0.853516 0.566406 0.853516 0.572266 0.847656 0.572266 0.835938 0.568359 0.832031
0 0.960938 0.843750 0.957031 0.847656 0.957031 0.861328 0.958984 0.863281 0.958984 0.865234 0.964844 0.871094 0.970703 0.871094 0.972656 0.869141 0.974609 0.869141 0.978516 0.863281 0.978516 0.857422 0.976562 0.855469 0.976562 0.851562 0.970703 0.845703 0.968750 0.845703 0.966797 0.843750
0 0.302734 0.849609 0.298828 0.853516 0.302734 0.857422 0.304688 0.857422 0.308594 0.853516 0.304688 0.849609
0 0.335938 0.857422 0.332031 0.861328 0.332031 0.865234 0.335938 0.869141 0.337891 0.869141 0.341797 0.865234 0.341797 0.863281
0 0.507812 0.859375 0.505859 0.869141 0.511719 0.882812 0.519531 0.882812 0.529297 0.886719 0.537109 0.878906 0.539062 0.878906 0.542969 0.873047 0.539062 0.867188 0.535156 0.869141 0.529297 0.869141 0.519531 0.863281 0.513672 0.857422 0.509766 0.857422
1 0.998047 0.857422 0.994141 0.861328 0.994141 0.869141 0.998047 0.873047
0 0.833984 0.859375 0.830078 0.863281 0.832031 0.865234 0.833984 0.865234 0.835938 0.863281 0.835938 0.861328
1 0.277344 0.876953 0.271484 0.882812 0.273438 0.892578 0.289062 0.902344 0.292969 0.910156 0.292969 0.919922 0.300781 0.927734 0.308594 0.927734 0.312500 0.923828 0.310547 0.914062 0.296875 0.902344 0.289062 0.882812 0.283203 0.876953
0 0.916016 0.875000 0.914062 0.876953 0.916016 0.878906 0.917969 0.876953
0 0.976562 0.880859 0.974609 0.882812 0.972656 0.882812 0.970703 0.884766 0.972656 0.886719 0.970703 0.888672 0.970703 0.890625 0.972656 0.892578 0.974609 0.892578 0.978516 0.888672 0.978516 0.882812
0 0.343750 0.888672 0.339844 0.892578 0.339844 0.894531 0.345703 0.900391 0.347656 0.900391 0.351562 0.896484 0.351562 0.892578 0.347656 0.888672
0 0.322266 0.890625 0.316406 0.896484 0.316406 0.898438 0.322266 0.904297 0.328125 0.904297 0.332031 0.900391 0.332031 0.896484 0.328125 0.892578 0.324219 0.892578
0 0.556641 0.896484 0.554688 0.898438 0.556641 0.900391 0.558594 0.900391 0.560547 0.898438 0.558594 0.896484
1 0.884766 0.935547 0.878906 0.927734 0.873047 0.927734 0.867188 0.933594 0.855469 0.931641 0.847656 0.939453 0.841797 0.933594 0.833984 0.931641 0.828125 0.935547 0.824219 0.943359 0.824219 0.951172 0.830078 0.957031 0.837891 0.957031 0.849609 0.945312 0.861328 0.947266 0.867188 0.943359 0.878906 0.945312
0 0.511719 0.931641 0.509766 0.933594 0.509766 0.937500 0.511719 0.939453 0.513672 0.939453 0.515625 0.941406 0.519531 0.937500 0.513672 0.931641
0 0.414062 0.935547 0.412109 0.937500 0.414062 0.939453 0.416016 0.939453 0.417969 0.937500 0.416016 0.935547
0 0.923828 0.935547 0.914062 0.941406 0.912109 0.945312 0.912109 0.951172 0.917969 0.958984 0.925781 0.962891 0.931641 0.962891 0.937500 0.958984 0.939453 0.955078 0.939453 0.949219 0.935547 0.943359 0.935547 0.939453 0.931641 0.935547
0 0.978516 0.933594 0.974609 0.937500 0.978516 0.941406 0.982422 0.937500
0 0.951172 0.937500 0.947266 0.941406 0.947266 0.947266 0.949219 0.949219 0.955078 0.949219 0.957031 0.947266 0.957031 0.945312 0.958984 0.943359 0.958984 0.941406 0.957031 0.939453 0.955078 0.939453 0.953125 0.937500
0 0.640625 0.953125 0.636719 0.957031 0.636719 0.960938 0.640625 0.964844 0.644531 0.960938 0.644531 0.957031
0 0.888672 0.957031 0.884766 0.960938 0.884766 0.966797 0.888672 0.970703 0.890625 0.970703 0.894531 0.966797 0.894531 0.962891
0 0.755859 0.974609 0.748047 0.966797 0.738281 0.966797 0.736328 0.968750 0.732422 0.968750 0.724609 0.978516 0.724609 0.990234 0.720703 0.998047 0.753906 0.998047
0 0.964844 0.972656 0.960938 0.976562 0.964844 0.980469 0.968750 0.976562
0 0.865234 0.998047 0.875000 0.998047 0.875000 0.996094 0.873047 0.994141 0.869141 0.994141
