0 0.220703 0.007812 0.218750 0.009766 0.220703 0.011719 0.222656 0.011719 0.224609 0.009766 0.222656 0.007812
0 0.199219 0.035156 0.195312 0.039062 0.195312 0.041016 0.197266 0.042969 0.201172 0.042969 0.203125 0.041016 0.203125 0.039062
0 0.304688 0.066406 0.302734 0.068359 0.302734 0.072266 0.306641 0.076172 0.308594 0.076172 0.310547 0.074219 0.310547 0.068359 0.308594 0.066406
0 0.123047 0.070312 0.121094 0.072266 0.121094 0.074219 0.123047 0.076172 0.125000 0.074219 0.125000 0.072266
0 0.880859 0.072266 0.876953 0.076172 0.876953 0.078125 0.878906 0.080078 0.880859 0.080078 0.884766 0.076172
0 0.285156 0.097656 0.283203 0.099609 0.285156 0.101562 0.287109 0.101562 0.289062 0.099609 0.287109 0.097656
0 0.296875 0.107422 0.294922 0.109375 0.294922 0.111328 0.296875 0.113281 0.298828 0.113281 0.300781 0.111328 0.300781 0.109375 0.298828 0.107422
0 0.148438 0.113281 0.144531 0.117188 0.146484 0.119141 0.148438 0.119141 0.150391 0.117188 0.150391 0.115234
0 0.908203 0.113281 0.906250 0.115234 0.908203 0.117188 0.910156 0.115234
0 0.779297 0.125000 0.777344 0.126953 0.777344 0.128906 0.781250 0.132812 0.783203 0.132812 0.787109 0.128906 0.783203 0.125000
1 0.000000 0.158203 0.000000 0.222656 0.001953 0.220703 0.001953 0.214844 0.003906 0.212891 0.003906 0.205078 0.005859 0.203125 0.005859 0.171875 0.003906 0.169922 0.003906 0.164062
0 0.279297 0.166016 0.275391 0.169922 0.277344 0.171875 0.279297 0.171875 0.281250 0.169922 0.281250 0.167969
0 0.296875 0.175781 0.294922 0.177734 0.294922 0.179688 0.296875 0.181641 0.298828 0.179688 0.298828 0.177734
0 0.066406 0.181641 0.064453 0.181641 0.060547 0.185547 0.060547 0.187500 0.062500 0.189453 0.064453 0.187500 0.066406 0.187500 0.068359 0.185547 0.068359 0.183594
0 0.843750 0.191406 0.839844 0.191406 0.837891 0.193359 0.837891 0.195312 0.841797 0.199219 0.845703 0.195312 0.845703 0.193359
0 0.289062 0.199219 0.287109 0.201172 0.287109 0.203125 0.291016 0.207031 0.292969 0.207031 0.294922 0.205078 0.292969 0.203125 0.292969 0.201172 0.291016 0.199219
1 0.000000 0.244141 0.000000 0.371094 0.087891 0.296875 0.000000 0.421875 0.000000 0.556641 0.080078 0.599609 0.103516 0.726562 0.224609 0.650391 0.292969 0.753906 0.222656 0.818359 0.240234 0.863281 0.302734 0.796875 0.343750 0.853516 0.310547 0.962891 0.345703 0.921875 0.396484 0.998047 0.640625 0.998047 0.552734 0.957031 0.423828 0.976562 0.349609 0.902344 0.351562 0.837891 0.527344 0.705078 0.558594 0.552734 0.496094 0.656250 0.500000 0.570312 0.462891 0.605469 0.408203 0.541016 0.427734 0.630859 0.369141 0.642578 0.410156 0.619141 0.341797 0.595703 0.363281 0.548828 0.390625 0.568359 0.361328 0.519531 0.437500 0.451172 0.300781 0.484375 0.320312 0.535156 0.240234 0.591797 0.250000 0.507812 0.130859 0.363281 0.169922 0.324219 0.101562 0.314453 0.107422 0.210938
0 0.894531 0.218750 0.892578 0.220703 0.896484 0.224609 0.898438 0.222656 0.898438 0.220703 0.896484 0.218750
0 0.136719 0.236328 0.128906 0.244141 0.128906 0.251953 0.136719 0.259766 0.142578 0.259766 0.148438 0.255859 0.148438 0.253906 0.150391 0.251953 0.150391 0.244141 0.146484 0.238281 0.144531 0.238281 0.142578 0.236328
0 0.281250 0.242188 0.277344 0.246094 0.277344 0.248047 0.279297 0.250000 0.279297 0.251953 0.281250 0.253906 0.283203 0.253906 0.285156 0.255859 0.287109 0.253906 0.287109 0.251953 0.289062 0.250000 0.289062 0.246094 0.285156 0.242188
0 0.298828 0.242188 0.296875 0.244141 0.298828 0.246094 0.300781 0.246094 0.302734 0.244141 0.300781 0.242188
0 0.818359 0.242188 0.814453 0.246094 0.814453 0.248047 0.818359 0.251953 0.822266 0.248047 0.822266 0.246094
0 0.458984 0.257812 0.457031 0.259766 0.457031 0.261719 0.460938 0.265625 0.464844 0.261719 0.460938 0.257812
1 0.517578 0.259766 0.513672 0.263672 0.515625 0.265625 0.515625 0.269531 0.513672 0.271484 0.513672 0.273438 0.517578 0.277344 0.519531 0.277344 0.521484 0.275391 0.521484 0.265625 0.523438 0.263672 0.519531 0.259766
0 0.322266 0.263672 0.316406 0.263672 0.314453 0.265625 0.304688 0.267578 0.294922 0.275391 0.291016 0.285156 0.291016 0.294922 0.296875 0.300781 0.306641 0.300781 0.314453 0.294922 0.316406 0.285156 0.326172 0.275391 0.326172 0.267578
0 0.355469 0.279297 0.359375 0.283203 0.361328 0.283203 0.363281 0.281250 0.365234 0.281250 0.367188 0.279297 0.363281 0.275391 0.359375 0.275391
0 0.537109 0.273438 0.535156 0.275391 0.535156 0.279297 0.537109 0.281250 0.539062 0.281250 0.541016 0.279297 0.541016 0.277344
0 0.236328 0.279297 0.234375 0.281250 0.234375 0.283203 0.236328 0.285156 0.238281 0.283203 0.238281 0.281250
0 0.410156 0.281250 0.408203 0.283203 0.408203 0.285156 0.412109 0.289062 0.416016 0.285156 0.412109 0.281250
0 0.527344 0.289062 0.525391 0.289062 0.513672 0.300781 0.513672 0.302734 0.515625 0.304688 0.519531 0.304688 0.521484 0.302734 0.523438 0.302734 0.525391 0.300781 0.527344 0.300781 0.531250 0.296875 0.531250 0.294922 0.529297 0.292969 0.529297 0.291016
0 0.460938 0.292969 0.457031 0.296875 0.457031 0.298828 0.458984 0.300781 0.458984 0.302734 0.460938 0.304688 0.462891 0.304688 0.464844 0.306641 0.466797 0.306641 0.468750 0.308594 0.470703 0.306641 0.470703 0.304688 0.472656 0.302734 0.462891 0.292969
0 0.000000 0.296875 0.000000 0.302734 0.001953 0.302734 0.003906 0.300781
1 0.275391 0.298828 0.271484 0.302734 0.269531 0.302734 0.263672 0.308594 0.263672 0.310547 0.265625 0.312500 0.269531 0.312500 0.277344 0.304688 0.277344 0.300781
0 0.494141 0.296875 0.490234 0.300781 0.490234 0.302734 0.494141 0.306641 0.496094 0.306641 0.500000 0.302734 0.500000 0.300781 0.496094 0.296875
0 0.738281 0.296875 0.732422 0.296875 0.726562 0.302734 0.726562 0.304688 0.724609 0.306641 0.724609 0.314453 0.728516 0.318359 0.734375 0.318359 0.736328 0.316406 0.738281 0.316406 0.742188 0.310547 0.742188 0.304688 0.740234 0.302734 0.740234 0.298828
0 0.599609 0.304688 0.597656 0.304688 0.595703 0.306641 0.593750 0.306641 0.589844 0.310547 0.589844 0.312500 0.587891 0.314453 0.587891 0.318359 0.591797 0.322266 0.597656 0.322266 0.603516 0.318359 0.603516 0.312500 0.605469 0.310547
1 0.546875 0.310547 0.544922 0.312500 0.544922 0.316406 0.546875 0.318359 0.546875 0.324219 0.550781 0.328125 0.552734 0.326172 0.552734 0.312500 0.550781 0.310547
0 0.349609 0.312500 0.333984 0.320312 0.332031 0.318359 0.328125 0.318359 0.324219 0.322266 0.324219 0.337891 0.330078 0.343750 0.333984 0.345703 0.339844 0.341797 0.341797 0.337891 0.341797 0.333984 0.339844 0.332031 0.349609 0.322266 0.351562 0.318359 0.351562 0.314453
1 0.406250 0.316406 0.406250 0.322266 0.414062 0.332031 0.419922 0.332031 0.423828 0.330078 0.425781 0.332031 0.431641 0.332031 0.439453 0.335938 0.443359 0.335938 0.447266 0.332031 0.445312 0.328125 0.437500 0.328125 0.427734 0.316406 0.423828 0.316406 0.416016 0.312500 0.410156 0.312500
0 0.884766 0.328125 0.882812 0.330078 0.882812 0.332031 0.880859 0.333984 0.880859 0.335938 0.882812 0.337891 0.884766 0.337891 0.886719 0.339844 0.888672 0.339844 0.890625 0.337891 0.890625 0.335938 0.892578 0.333984 0.892578 0.332031 0.888672 0.328125
0 0.603516 0.332031 0.601562 0.333984 0.601562 0.337891 0.607422 0.349609 0.617188 0.359375 0.623047 0.359375 0.626953 0.357422 0.630859 0.351562 0.630859 0.341797 0.628906 0.337891 0.623047 0.332031
0 0.640625 0.333984 0.636719 0.337891 0.636719 0.341797 0.642578 0.347656 0.644531 0.347656 0.650391 0.341797 0.650391 0.337891 0.646484 0.333984
0 0.462891 0.335938 0.460938 0.337891 0.460938 0.339844 0.458984 0.341797 0.458984 0.345703 0.462891 0.349609 0.466797 0.345703 0.466797 0.339844
0 0.576172 0.337891 0.574219 0.339844 0.574219 0.341797 0.576172 0.343750 0.578125 0.341797 0.578125 0.339844
0 0.683594 0.341797 0.681641 0.343750 0.677734 0.343750 0.671875 0.349609 0.669922 0.357422 0.673828 0.365234 0.679688 0.371094 0.687500 0.373047 0.697266 0.365234 0.699219 0.357422 0.697266 0.355469 0.697266 0.351562 0.689453 0.343750
1 0.492188 0.347656 0.490234 0.349609 0.490234 0.357422 0.498047 0.367188 0.498047 0.375000 0.507812 0.380859 0.515625 0.382812 0.519531 0.378906 0.519531 0.375000 0.523438 0.367188 0.519531 0.363281 0.517578 0.365234 0.513672 0.365234 0.507812 0.359375 0.507812 0.355469 0.501953 0.347656 0.498047 0.345703
0 0.216797 0.353516 0.216797 0.355469 0.218750 0.357422 0.224609 0.357422 0.226562 0.359375 0.230469 0.355469 0.230469 0.353516 0.228516 0.351562 0.224609 0.351562 0.222656 0.349609 0.220703 0.351562 0.218750 0.351562
1 0.281250 0.369141 0.281250 0.373047 0.283203 0.375000 0.281250 0.376953 0.283203 0.378906 0.292969 0.367188 0.302734 0.367188 0.304688 0.365234 0.308594 0.369141 0.308594 0.373047 0.304688 0.376953 0.298828 0.375000 0.294922 0.378906 0.294922 0.380859 0.296875 0.382812 0.308594 0.380859 0.318359 0.386719 0.324219 0.386719 0.339844 0.378906 0.335938 0.369141 0.330078 0.363281 0.322266 0.359375 0.310547 0.365234 0.302734 0.357422 0.296875 0.357422 0.289062 0.365234 0.285156 0.365234
0 0.251953 0.365234 0.250000 0.367188 0.251953 0.369141 0.253906 0.367188
0 0.578125 0.363281 0.574219 0.363281 0.572266 0.365234 0.572266 0.367188 0.570312 0.369141 0.570312 0.371094 0.574219 0.375000 0.576172 0.375000 0.582031 0.369141 0.582031 0.367188
0 0.216797 0.371094 0.222656 0.376953 0.226562 0.376953 0.228516 0.375000 0.228516 0.373047 0.224609 0.369141 0.218750 0.369141
1 0.232422 0.378906 0.230469 0.380859 0.230469 0.382812 0.234375 0.388672 0.234375 0.390625 0.232422 0.392578 0.236328 0.396484 0.244141 0.396484 0.246094 0.394531 0.246094 0.392578 0.244141 0.390625 0.244141 0.388672 0.234375 0.378906
1 0.447266 0.380859 0.443359 0.386719 0.447266 0.390625 0.453125 0.390625 0.458984 0.396484 0.458984 0.402344 0.470703 0.412109 0.468750 0.423828 0.474609 0.429688 0.478516 0.425781 0.478516 0.419922 0.486328 0.408203 0.484375 0.404297 0.472656 0.394531 0.472656 0.386719 0.466797 0.380859 0.449219 0.382812
0 0.187500 0.386719 0.185547 0.388672 0.187500 0.390625 0.189453 0.388672
0 0.226562 0.396484 0.224609 0.396484 0.222656 0.398438 0.222656 0.400391 0.224609 0.402344 0.228516 0.398438
0 0.275391 0.396484 0.275391 0.398438 0.277344 0.400391 0.283203 0.400391 0.285156 0.398438 0.285156 0.396484 0.283203 0.394531 0.277344 0.394531
0 0.507812 0.396484 0.505859 0.396484 0.501953 0.400391 0.505859 0.404297 0.509766 0.400391 0.509766 0.398438
0 0.259766 0.398438 0.253906 0.404297 0.253906 0.412109 0.255859 0.414062 0.255859 0.416016 0.259766 0.419922 0.269531 0.419922 0.271484 0.417969 0.271484 0.402344 0.269531 0.400391 0.265625 0.400391 0.263672 0.398438
0 0.687500 0.404297 0.683594 0.408203 0.683594 0.421875 0.685547 0.423828 0.689453 0.423828 0.693359 0.419922 0.693359 0.410156
0 0.773438 0.402344 0.771484 0.404297 0.773438 0.406250 0.775391 0.406250 0.777344 0.404297 0.775391 0.402344
0 0.416016 0.414062 0.414062 0.416016 0.416016 0.417969 0.417969 0.417969 0.419922 0.416016 0.417969 0.414062
0 0.519531 0.419922 0.513672 0.425781 0.513672 0.427734 0.511719 0.429688 0.511719 0.435547 0.517578 0.441406 0.523438 0.441406 0.525391 0.443359 0.533203 0.435547 0.533203 0.433594 0.535156 0.431641 0.535156 0.427734 0.533203 0.425781 0.533203 0.423828 0.529297 0.419922
0 0.136719 0.423828 0.134766 0.423828 0.130859 0.427734 0.130859 0.429688 0.132812 0.431641 0.134766 0.431641 0.136719 0.429688 0.136719 0.427734 0.138672 0.425781
0 0.064453 0.425781 0.062500 0.427734 0.064453 0.429688 0.066406 0.427734
0 0.236328 0.429688 0.234375 0.431641 0.234375 0.433594 0.236328 0.435547 0.238281 0.433594 0.238281 0.431641
0 0.259766 0.433594 0.250000 0.433594 0.248047 0.435547 0.250000 0.437500 0.250000 0.443359 0.244141 0.449219 0.244141 0.455078 0.246094 0.457031 0.248047 0.457031 0.255859 0.447266 0.257812 0.449219 0.259766 0.447266 0.259766 0.443359 0.263672 0.439453 0.263672 0.437500
0 0.119141 0.439453 0.117188 0.441406 0.119141 0.443359 0.121094 0.441406
0 0.494141 0.443359 0.492188 0.445312 0.494141 0.447266 0.496094 0.445312
0 0.609375 0.441406 0.605469 0.445312 0.605469 0.447266 0.609375 0.451172 0.613281 0.447266 0.613281 0.445312
0 0.742188 0.441406 0.736328 0.447266 0.736328 0.449219 0.742188 0.455078 0.744141 0.455078 0.746094 0.457031 0.750000 0.457031 0.755859 0.451172 0.755859 0.447266 0.750000 0.441406
0 0.097656 0.447266 0.093750 0.451172 0.093750 0.453125 0.097656 0.457031 0.101562 0.453125 0.101562 0.451172
0 0.505859 0.445312 0.503906 0.447266 0.503906 0.453125 0.507812 0.457031 0.513672 0.457031 0.517578 0.453125 0.515625 0.451172 0.515625 0.449219 0.511719 0.445312
0 0.712891 0.445312 0.708984 0.445312 0.707031 0.447266 0.707031 0.451172 0.710938 0.455078 0.716797 0.449219
0 0.285156 0.449219 0.283203 0.451172 0.285156 0.453125 0.287109 0.453125 0.289062 0.451172 0.287109 0.449219
0 0.832031 0.451172 0.830078 0.453125 0.828125 0.453125 0.824219 0.457031 0.822266 0.462891 0.824219 0.464844 0.824219 0.468750 0.826172 0.470703 0.828125 0.470703 0.833984 0.474609 0.837891 0.474609 0.843750 0.470703 0.843750 0.464844 0.845703 0.462891 0.843750 0.460938 0.843750 0.458984 0.837891 0.453125 0.833984 0.453125
0 0.460938 0.457031 0.458984 0.458984 0.458984 0.460938 0.464844 0.466797 0.468750 0.462891 0.468750 0.460938 0.464844 0.457031
0 0.273438 0.460938 0.267578 0.466797 0.267578 0.468750 0.273438 0.474609 0.281250 0.474609 0.285156 0.470703 0.283203 0.468750 0.283203 0.466797 0.277344 0.460938
1 0.259766 0.474609 0.253906 0.480469 0.253906 0.482422 0.250000 0.486328 0.251953 0.488281 0.257812 0.482422 0.261719 0.482422 0.265625 0.486328 0.263672 0.488281 0.263672 0.492188 0.261719 0.494141 0.261719 0.498047 0.259766 0.500000 0.259766 0.503906 0.267578 0.511719 0.267578 0.515625 0.271484 0.519531 0.275391 0.515625 0.275391 0.509766 0.273438 0.507812 0.273438 0.492188 0.275391 0.490234 0.275391 0.484375 0.269531 0.478516 0.267578 0.480469 0.263672 0.476562 0.261719 0.476562
0 0.527344 0.474609 0.525391 0.476562 0.525391 0.480469 0.527344 0.482422 0.533203 0.482422 0.535156 0.480469 0.535156 0.478516 0.533203 0.476562 0.531250 0.476562 0.529297 0.474609
0 0.718750 0.490234 0.716797 0.492188 0.710938 0.492188 0.703125 0.500000 0.703125 0.515625 0.707031 0.519531 0.714844 0.521484 0.716797 0.523438 0.720703 0.521484 0.728516 0.513672 0.728516 0.509766 0.732422 0.505859 0.728516 0.501953 0.724609 0.494141
1 0.519531 0.494141 0.513672 0.500000 0.513672 0.505859 0.519531 0.511719 0.517578 0.519531 0.525391 0.529297 0.537109 0.529297 0.558594 0.546875 0.562500 0.542969 0.552734 0.531250 0.554688 0.517578 0.550781 0.515625 0.539062 0.521484 0.533203 0.515625 0.533203 0.505859 0.527344 0.503906
0 0.468750 0.496094 0.466797 0.496094 0.462891 0.500000 0.462891 0.503906 0.466797 0.507812 0.470703 0.503906 0.468750 0.501953 0.468750 0.500000 0.470703 0.498047
0 0.609375 0.496094 0.607422 0.498047 0.607422 0.500000 0.609375 0.501953 0.613281 0.501953 0.615234 0.500000 0.611328 0.496094
0 0.394531 0.519531 0.396484 0.521484 0.394531 0.523438 0.400391 0.529297 0.406250 0.529297 0.412109 0.523438 0.412109 0.515625 0.417969 0.509766 0.425781 0.517578 0.425781 0.525391 0.427734 0.527344 0.425781 0.529297 0.427734 0.531250 0.423828 0.535156 0.427734 0.539062 0.435547 0.537109 0.441406 0.541016 0.447266 0.541016 0.449219 0.539062 0.445312 0.533203 0.445312 0.529297 0.458984 0.519531 0.453125 0.513672 0.447266 0.511719 0.437500 0.503906 0.433594 0.503906 0.429688 0.500000 0.421875 0.500000 0.417969 0.501953 0.408203 0.511719 0.402344 0.513672
0 0.486328 0.501953 0.484375 0.503906 0.484375 0.505859 0.486328 0.507812 0.488281 0.505859 0.488281 0.503906
0 0.486328 0.517578 0.484375 0.519531 0.486328 0.521484 0.488281 0.519531
0 0.677734 0.515625 0.675781 0.517578 0.679688 0.521484 0.681641 0.521484 0.683594 0.519531 0.683594 0.517578 0.681641 0.515625
0 0.468750 0.519531 0.464844 0.523438 0.464844 0.525391 0.468750 0.529297 0.470703 0.529297 0.474609 0.525391 0.474609 0.523438 0.470703 0.519531
0 0.277344 0.533203 0.275391 0.535156 0.277344 0.537109 0.279297 0.537109 0.281250 0.535156 0.279297 0.533203
0 0.492188 0.542969 0.490234 0.544922 0.490234 0.546875 0.492188 0.548828 0.492188 0.550781 0.490234 0.552734 0.492188 0.554688 0.494141 0.554688 0.496094 0.556641 0.500000 0.552734 0.500000 0.544922 0.498047 0.542969
0 0.466797 0.550781 0.462891 0.554688 0.466797 0.558594 0.470703 0.554688
0 0.750000 0.556641 0.742188 0.556641 0.740234 0.558594 0.734375 0.560547 0.730469 0.564453 0.730469 0.566406 0.728516 0.568359 0.730469 0.574219 0.736328 0.578125 0.740234 0.578125 0.742188 0.576172 0.746094 0.576172 0.750000 0.572266 0.750000 0.570312 0.751953 0.568359 0.751953 0.558594
0 0.406250 0.564453 0.408203 0.566406 0.412109 0.566406 0.414062 0.564453 0.412109 0.562500 0.408203 0.562500
1 0.396484 0.572266 0.394531 0.574219 0.396484 0.576172 0.398438 0.576172 0.400391 0.578125 0.402344 0.576172 0.400391 0.574219 0.398438 0.574219
0 0.703125 0.587891 0.699219 0.591797 0.703125 0.595703 0.707031 0.591797
0 0.839844 0.607422 0.837891 0.609375 0.837891 0.613281 0.841797 0.617188 0.843750 0.617188 0.845703 0.615234 0.845703 0.613281 0.847656 0.611328 0.843750 0.607422
0 0.750000 0.611328 0.744141 0.619141 0.744141 0.630859 0.750000 0.638672 0.757812 0.640625 0.759766 0.642578 0.765625 0.642578 0.771484 0.636719 0.769531 0.625000 0.765625 0.617188 0.759766 0.611328 0.755859 0.609375 0.753906 0.611328
0 0.595703 0.623047 0.591797 0.626953 0.591797 0.630859 0.595703 0.634766 0.597656 0.634766 0.599609 0.632812 0.599609 0.626953
0 0.722656 0.642578 0.720703 0.644531 0.722656 0.646484 0.724609 0.646484 0.726562 0.644531 0.724609 0.642578
0 0.623047 0.646484 0.621094 0.648438 0.623047 0.650391 0.625000 0.648438
0 0.634766 0.650391 0.632812 0.652344 0.634766 0.654297 0.636719 0.652344
0 0.910156 0.660156 0.906250 0.664062 0.910156 0.667969 0.912109 0.667969 0.914062 0.666016 0.914062 0.664062
0 0.544922 0.673828 0.541016 0.677734 0.542969 0.679688 0.542969 0.681641 0.552734 0.691406 0.556641 0.691406 0.560547 0.687500 0.560547 0.683594 0.556641 0.679688 0.552734 0.679688 0.546875 0.673828
0 0.820312 0.683594 0.816406 0.687500 0.816406 0.691406 0.818359 0.693359 0.822266 0.693359 0.826172 0.689453
0 0.796875 0.693359 0.794922 0.695312 0.796875 0.697266 0.792969 0.703125 0.792969 0.707031 0.794922 0.708984 0.794922 0.720703 0.800781 0.726562 0.804688 0.726562 0.808594 0.724609 0.812500 0.718750 0.812500 0.714844 0.814453 0.712891 0.814453 0.705078 0.804688 0.695312 0.800781 0.693359
0 0.623047 0.705078 0.621094 0.707031 0.623047 0.708984 0.625000 0.707031
0 0.560547 0.716797 0.558594 0.716797 0.554688 0.720703 0.554688 0.722656 0.556641 0.724609 0.556641 0.726562 0.558594 0.728516 0.564453 0.722656 0.564453 0.720703
0 0.349609 0.718750 0.347656 0.720703 0.351562 0.724609 0.353516 0.722656
0 0.849609 0.720703 0.845703 0.724609 0.845703 0.726562 0.847656 0.728516 0.849609 0.728516 0.851562 0.730469 0.855469 0.726562 0.855469 0.724609 0.851562 0.720703
0 0.953125 0.718750 0.951172 0.720703 0.951172 0.722656 0.953125 0.724609 0.955078 0.724609 0.957031 0.722656 0.957031 0.720703 0.955078 0.718750
0 0.550781 0.732422 0.546875 0.732422 0.544922 0.734375 0.544922 0.738281 0.546875 0.740234 0.548828 0.740234 0.552734 0.736328 0.552734 0.734375
0 0.822266 0.730469 0.820312 0.732422 0.816406 0.732422 0.814453 0.734375 0.812500 0.734375 0.806641 0.740234 0.806641 0.748047 0.810547 0.751953 0.816406 0.751953 0.818359 0.750000 0.820312 0.750000 0.824219 0.746094 0.824219 0.744141 0.826172 0.742188 0.826172 0.734375
0 0.857422 0.734375 0.853516 0.738281 0.855469 0.740234 0.855469 0.742188 0.857422 0.744141 0.861328 0.744141 0.863281 0.742188 0.863281 0.738281 0.859375 0.734375
0 0.744141 0.742188 0.738281 0.742188 0.736328 0.744141 0.734375 0.744141 0.728516 0.750000 0.728516 0.751953 0.726562 0.753906 0.726562 0.757812 0.724609 0.759766 0.724609 0.763672 0.728516 0.767578 0.730469 0.767578 0.732422 0.769531 0.734375 0.767578 0.738281 0.767578 0.744141 0.763672 0.744141 0.761719 0.748047 0.755859 0.748047 0.746094
0 0.279297 0.746094 0.277344 0.748047 0.281250 0.751953 0.283203 0.750000 0.283203 0.748047 0.281250 0.746094
0 0.789062 0.755859 0.785156 0.759766 0.785156 0.767578 0.787109 0.769531 0.787109 0.771484 0.792969 0.777344 0.794922 0.777344 0.800781 0.773438 0.800781 0.771484 0.802734 0.769531 0.802734 0.763672 0.796875 0.757812 0.794922 0.757812 0.792969 0.755859
0 0.878906 0.757812 0.876953 0.757812 0.871094 0.763672 0.871094 0.765625 0.873047 0.767578 0.878906 0.767578 0.880859 0.765625 0.880859 0.759766
0 0.896484 0.773438 0.892578 0.777344 0.894531 0.779297 0.896484 0.779297 0.898438 0.777344 0.898438 0.775391
0 0.929688 0.787109 0.927734 0.789062 0.927734 0.791016 0.929688 0.792969 0.931641 0.792969 0.933594 0.791016 0.933594 0.789062 0.931641 0.787109
0 0.953125 0.789062 0.951172 0.791016 0.951172 0.794922 0.953125 0.796875 0.957031 0.792969
0 0.767578 0.794922 0.763672 0.794922 0.761719 0.796875 0.761719 0.802734 0.765625 0.806641 0.769531 0.802734 0.769531 0.796875
0 0.875000 0.794922 0.873047 0.796875 0.878906 0.802734 0.878906 0.808594 0.873047 0.814453 0.871094 0.818359 0.871094 0.824219 0.876953 0.830078 0.880859 0.830078 0.892578 0.820312 0.892578 0.816406 0.896484 0.812500 0.888672 0.808594 0.882812 0.802734 0.882812 0.800781
0 0.421875 0.810547 0.419922 0.810547 0.416016 0.814453 0.419922 0.818359 0.423828 0.814453 0.423828 0.812500
1 0.656250 0.816406 0.652344 0.830078 0.656250 0.845703 0.669922 0.861328 0.681641 0.863281 0.691406 0.875000 0.701172 0.875000 0.710938 0.865234 0.724609 0.859375 0.724609 0.855469 0.718750 0.851562 0.705078 0.853516 0.693359 0.847656 0.689453 0.828125 0.679688 0.812500 0.664062 0.810547
0 0.841797 0.814453 0.839844 0.816406 0.839844 0.820312 0.841797 0.822266 0.843750 0.822266 0.845703 0.820312 0.845703 0.818359
1 0.718750 0.816406 0.714844 0.816406 0.710938 0.820312 0.710938 0.822266 0.708984 0.824219 0.708984 0.826172 0.710938 0.828125 0.710938 0.837891 0.714844 0.841797 0.716797 0.841797 0.718750 0.839844 0.718750 0.835938 0.716797 0.833984 0.718750 0.832031 0.718750 0.830078 0.720703 0.828125 0.720703 0.824219 0.722656 0.822266 0.722656 0.820312
0 0.816406 0.822266 0.814453 0.822266 0.810547 0.826172 0.810547 0.830078 0.814453 0.833984 0.820312 0.828125 0.820312 0.826172
0 0.960938 0.828125 0.958984 0.830078 0.960938 0.832031 0.962891 0.830078
0 0.408203 0.833984 0.406250 0.835938 0.408203 0.837891 0.410156 0.835938
0 0.458984 0.832031 0.457031 0.833984 0.457031 0.857422 0.460938 0.861328 0.464844 0.857422 0.464844 0.855469 0.470703 0.849609 0.472656 0.849609 0.474609 0.847656 0.474609 0.843750 0.472656 0.841797 0.466797 0.839844 0.462891 0.835938 0.462891 0.833984 0.460938 0.832031
0 0.783203 0.837891 0.787109 0.841797 0.789062 0.841797 0.791016 0.843750 0.792969 0.841797 0.798828 0.841797 0.802734 0.837891 0.796875 0.832031 0.787109 0.832031 0.785156 0.833984 0.785156 0.835938
0 0.855469 0.839844 0.855469 0.841797 0.857422 0.843750 0.859375 0.843750 0.861328 0.845703 0.863281 0.845703 0.865234 0.843750 0.867188 0.843750 0.869141 0.841797 0.869141 0.839844 0.865234 0.835938 0.859375 0.835938
0 0.419922 0.843750 0.421875 0.845703 0.427734 0.845703 0.429688 0.843750 0.429688 0.841797 0.427734 0.839844 0.423828 0.839844
0 0.757812 0.839844 0.746094 0.849609 0.744141 0.859375 0.716797 0.884766 0.716797 0.892578 0.724609 0.896484 0.750000 0.925781 0.761719 0.906250 0.763672 0.894531 0.777344 0.880859 0.771484 0.865234 0.771484 0.847656
0 0.820312 0.839844 0.816406 0.843750 0.816406 0.847656 0.822266 0.853516 0.826172 0.853516 0.830078 0.849609 0.830078 0.845703 0.824219 0.839844
0 0.882812 0.843750 0.880859 0.845703 0.880859 0.849609 0.882812 0.851562 0.884766 0.851562 0.886719 0.849609 0.886719 0.847656
0 0.291016 0.851562 0.289062 0.849609 0.287109 0.849609 0.283203 0.853516 0.285156 0.855469 0.289062 0.855469 0.291016 0.853516
1 0.931641 0.849609 0.925781 0.857422 0.925781 0.863281 0.933594 0.871094 0.931641 0.882812 0.937500 0.890625 0.947266 0.892578 0.953125 0.886719 0.953125 0.876953 0.951172 0.873047 0.939453 0.863281 0.937500 0.853516
0 0.416016 0.851562 0.412109 0.855469 0.412109 0.857422 0.416016 0.861328 0.416016 0.863281 0.419922 0.867188 0.421875 0.867188 0.423828 0.869141 0.425781 0.869141 0.429688 0.865234 0.429688 0.861328 0.421875 0.853516 0.419922 0.853516 0.417969 0.851562
0 0.615234 0.851562 0.609375 0.853516 0.599609 0.865234 0.599609 0.886719 0.609375 0.900391 0.625000 0.900391 0.636719 0.888672 0.636719 0.871094 0.632812 0.861328 0.625000 0.853516
0 0.804688 0.851562 0.802734 0.853516 0.802734 0.859375 0.800781 0.861328 0.800781 0.863281 0.802734 0.865234 0.804688 0.863281 0.808594 0.867188 0.814453 0.861328 0.814453 0.855469 0.810547 0.851562
0 0.384766 0.863281 0.382812 0.865234 0.386719 0.869141 0.388672 0.867188
0 0.410156 0.869141 0.408203 0.871094 0.408203 0.873047 0.406250 0.875000 0.406250 0.878906 0.410156 0.882812 0.414062 0.882812 0.417969 0.878906 0.416016 0.876953 0.416016 0.873047 0.412109 0.869141
1 0.792969 0.873047 0.796875 0.876953 0.798828 0.875000 0.802734 0.878906 0.804688 0.888672 0.810547 0.894531 0.812500 0.892578 0.822266 0.894531 0.828125 0.888672 0.826172 0.886719 0.828125 0.884766 0.818359 0.873047 0.812500 0.873047 0.810547 0.871094 0.802734 0.873047 0.796875 0.867188
0 0.371094 0.873047 0.369141 0.873047 0.365234 0.876953 0.365234 0.878906 0.367188 0.880859 0.371094 0.880859 0.373047 0.878906 0.373047 0.875000
0 0.671875 0.875000 0.660156 0.875000 0.650391 0.886719 0.648438 0.890625 0.648438 0.900391 0.654297 0.906250 0.660156 0.906250 0.677734 0.890625 0.677734 0.882812
0 0.843750 0.878906 0.841797 0.878906 0.839844 0.880859 0.839844 0.882812 0.837891 0.884766 0.837891 0.888672 0.841797 0.892578 0.843750 0.890625 0.843750 0.888672 0.845703 0.886719 0.845703 0.880859
1 0.871094 0.878906 0.869141 0.880859 0.873047 0.884766 0.873047 0.896484 0.875000 0.898438 0.876953 0.896484 0.876953 0.894531 0.878906 0.892578 0.878906 0.888672 0.875000 0.884766 0.875000 0.882812
0 0.898438 0.884766 0.894531 0.888672 0.898438 0.892578 0.900391 0.892578 0.904297 0.888672 0.900391 0.884766
0 0.689453 0.892578 0.683594 0.900391 0.683594 0.906250 0.689453 0.916016 0.687500 0.921875 0.689453 0.929688 0.693359 0.933594 0.701172 0.933594 0.703125 0.931641 0.710938 0.933594 0.714844 0.929688 0.710938 0.925781 0.708984 0.927734 0.705078 0.921875 0.718750 0.914062 0.720703 0.910156 0.718750 0.902344 0.712891 0.896484 0.701172 0.896484
0 0.791016 0.898438 0.787109 0.896484 0.781250 0.896484 0.771484 0.902344 0.767578 0.912109 0.763672 0.916016 0.763672 0.919922 0.769531 0.927734 0.775391 0.927734 0.794922 0.910156 0.796875 0.904297
0 0.445312 0.902344 0.443359 0.904297 0.443359 0.908203 0.445312 0.910156 0.449219 0.910156 0.451172 0.908203 0.451172 0.904297 0.449219 0.902344
0 0.830078 0.908203 0.826172 0.912109 0.826172 0.917969 0.830078 0.923828 0.830078 0.927734 0.828125 0.929688 0.830078 0.933594 0.828125 0.935547 0.832031 0.939453 0.832031 0.943359 0.835938 0.945312 0.845703 0.939453 0.851562 0.931641 0.847656 0.923828 0.841797 0.917969 0.841797 0.912109 0.837891 0.908203
0 0.898438 0.908203 0.894531 0.912109 0.894531 0.916016 0.898438 0.919922 0.900391 0.919922 0.904297 0.916016 0.904297 0.912109 0.900391 0.908203
0 0.933594 0.908203 0.929688 0.912109 0.929688 0.914062 0.933594 0.917969 0.935547 0.917969 0.939453 0.914062 0.937500 0.912109 0.937500 0.910156 0.935547 0.908203
0 0.972656 0.916016 0.970703 0.916016 0.964844 0.919922 0.964844 0.923828 0.962891 0.925781 0.962891 0.937500 0.964844 0.939453 0.968750 0.939453 0.974609 0.933594 0.974609 0.929688 0.976562 0.927734 0.976562 0.919922
1 0.998047 0.916016 0.996094 0.917969 0.996094 0.919922 0.998047 0.921875
0 0.621094 0.917969 0.619141 0.919922 0.619141 0.923828 0.621094 0.925781 0.623047 0.925781 0.625000 0.923828 0.625000 0.919922 0.623047 0.917969
1 0.666016 0.927734 0.671875 0.976562 0.689453 0.976562 0.705078 0.966797 0.726562 0.984375 0.742188 0.986328 0.744141 0.998047 0.771484 0.998047 0.792969 0.978516 0.779297 0.943359 0.742188 0.933594 0.726562 0.943359 0.695312 0.947266 0.673828 0.921875
0 0.593750 0.925781 0.591797 0.925781 0.589844 0.927734 0.587891 0.927734 0.585938 0.929688 0.585938 0.931641 0.589844 0.935547 0.593750 0.935547 0.595703 0.933594 0.595703 0.927734
0 0.996094 0.937500 0.990234 0.943359 0.990234 0.949219 0.996094 0.955078 0.998047 0.955078 0.998047 0.937500
0 0.806641 0.955078 0.802734 0.951172 0.798828 0.955078 0.800781 0.957031 0.804688 0.957031
1 0.878906 0.968750 0.875000 0.972656 0.873047 0.972656 0.871094 0.974609 0.873047 0.976562 0.873047 0.980469 0.875000 0.982422 0.873047 0.984375 0.875000 0.986328 0.871094 0.990234 0.871094 0.998047 0.876953 0.998047 0.876953 0.996094 0.878906 0.994141 0.878906 0.992188 0.876953 0.990234 0.876953 0.988281 0.875000 0.986328 0.876953 0.984375 0.876953 0.982422 0.882812 0.976562 0.882812 0.972656
0 0.986328 0.982422 0.982422 0.982422 0.980469 0.984375 0.980469 0.988281 0.982422 0.990234 0.984375 0.990234 0.988281 0.986328 0.988281 0.984375
0 0.962891 0.998047 0.974609 0.998047 0.974609 0.996094 0.970703 0.992188 0.966797 0.992188 0.964844 0.994141 0.964844 0.996094
