1 0.011719 0.076172 0.000000 0.076172 0.000000 0.136719 0.011719 0.107422 0.011719 0.091797 0.017578 0.083984
0 0.109375 0.119141 0.107422 0.121094 0.109375 0.123047 0.111328 0.121094
0 0.509766 0.156250 0.507812 0.158203 0.509766 0.160156 0.511719 0.158203
1 0.000000 0.222656 0.000000 0.345703 0.048828 0.291016 0.091797 0.318359 0.095703 0.408203 0.000000 0.406250 0.000000 0.451172 0.042969 0.500000 0.041016 0.644531 0.113281 0.646484 0.140625 0.681641 0.123047 0.830078 0.337891 0.814453 0.429688 0.888672 0.388672 0.998047 0.552734 0.998047 0.517578 0.949219 0.576172 0.953125 0.603516 0.886719 0.554688 0.933594 0.525391 0.867188 0.470703 0.910156 0.386719 0.804688 0.347656 0.798828 0.416016 0.726562 0.449219 0.757812 0.451172 0.716797 0.416016 0.693359 0.380859 0.738281 0.357422 0.718750 0.339844 0.761719 0.269531 0.720703 0.308594 0.636719 0.257812 0.607422 0.250000 0.546875 0.214844 0.507812 0.134766 0.560547 0.117188 0.544922 0.195312 0.414062 0.169922 0.304688 0.105469 0.253906 0.015625 0.283203
0 0.541016 0.226562 0.539062 0.228516 0.539062 0.230469 0.541016 0.232422 0.542969 0.230469 0.542969 0.228516
0 0.652344 0.259766 0.648438 0.263672 0.648438 0.269531 0.652344 0.273438 0.658203 0.273438 0.662109 0.269531 0.662109 0.263672 0.658203 0.259766
0 0.431641 0.267578 0.427734 0.271484 0.431641 0.275391 0.435547 0.271484
0 0.634766 0.310547 0.630859 0.310547 0.623047 0.318359 0.623047 0.326172 0.626953 0.330078 0.630859 0.330078 0.632812 0.328125 0.634766 0.328125 0.638672 0.324219 0.638672 0.322266 0.640625 0.320312 0.640625 0.316406
0 0.865234 0.335938 0.863281 0.337891 0.865234 0.339844 0.867188 0.339844 0.869141 0.337891 0.867188 0.335938
0 0.380859 0.339844 0.376953 0.343750 0.376953 0.349609 0.380859 0.355469 0.382812 0.355469 0.384766 0.357422 0.388672 0.357422 0.392578 0.353516 0.392578 0.345703 0.386719 0.339844
0 0.326172 0.402344 0.324219 0.404297 0.326172 0.406250 0.328125 0.404297
0 0.318359 0.429688 0.314453 0.433594 0.314453 0.435547 0.318359 0.439453 0.320312 0.439453 0.324219 0.435547
0 0.060547 0.445312 0.062500 0.447266 0.066406 0.447266 0.068359 0.445312 0.066406 0.443359 0.062500 0.443359
0 0.888672 0.441406 0.882812 0.447266 0.882812 0.455078 0.886719 0.458984 0.892578 0.458984 0.896484 0.455078 0.896484 0.445312 0.892578 0.441406
0 0.578125 0.470703 0.576172 0.472656 0.578125 0.474609 0.580078 0.472656
0 0.591797 0.476562 0.587891 0.476562 0.585938 0.478516 0.585938 0.480469 0.589844 0.484375 0.593750 0.480469 0.593750 0.478516
0 0.656250 0.494141 0.650391 0.500000 0.650391 0.505859 0.656250 0.511719 0.658203 0.511719 0.664062 0.505859 0.664062 0.501953
0 0.529297 0.509766 0.521484 0.517578 0.521484 0.529297 0.525391 0.535156 0.525391 0.541016 0.529297 0.546875 0.529297 0.550781 0.539062 0.560547 0.548828 0.560547 0.558594 0.544922 0.556641 0.542969 0.556641 0.535156 0.550781 0.523438 0.541016 0.511719
0 0.960938 0.521484 0.957031 0.525391 0.957031 0.531250 0.958984 0.533203 0.958984 0.535156 0.960938 0.537109 0.966797 0.537109 0.970703 0.533203 0.970703 0.529297 0.968750 0.527344 0.968750 0.523438 0.966797 0.521484
0 0.804688 0.525391 0.802734 0.523438 0.798828 0.523438 0.794922 0.527344 0.794922 0.529297 0.796875 0.531250 0.800781 0.531250 0.804688 0.527344
0 0.285156 0.529297 0.279297 0.529297 0.275391 0.533203 0.275391 0.539062 0.277344 0.541016 0.279297 0.541016 0.281250 0.539062 0.283203 0.539062 0.287109 0.535156 0.287109 0.531250
0 0.890625 0.533203 0.888672 0.535156 0.888672 0.537109 0.890625 0.539062 0.894531 0.539062 0.896484 0.537109 0.892578 0.533203
0 0.687500 0.537109 0.685547 0.539062 0.687500 0.541016 0.689453 0.539062
0 0.921875 0.535156 0.916016 0.541016 0.921875 0.546875 0.923828 0.544922 0.925781 0.544922 0.927734 0.542969 0.927734 0.541016
0 0.509766 0.542969 0.507812 0.544922 0.509766 0.546875 0.511719 0.546875 0.513672 0.544922 0.511719 0.542969
0 0.291016 0.562500 0.289062 0.564453 0.291016 0.566406 0.292969 0.564453
0 0.503906 0.572266 0.501953 0.574219 0.503906 0.576172 0.505859 0.576172 0.507812 0.574219 0.505859 0.572266
0 0.730469 0.572266 0.726562 0.572266 0.722656 0.576172 0.728516 0.582031 0.730469 0.580078 0.732422 0.580078 0.734375 0.578125 0.734375 0.576172
0 0.683594 0.574219 0.679688 0.578125 0.679688 0.580078 0.681641 0.582031 0.683594 0.582031 0.687500 0.578125
0 0.599609 0.585938 0.597656 0.585938 0.595703 0.587891 0.589844 0.587891 0.587891 0.585938 0.582031 0.591797 0.582031 0.597656 0.585938 0.601562 0.585938 0.605469 0.589844 0.611328 0.591797 0.611328 0.595703 0.607422 0.593750 0.605469 0.593750 0.601562 0.595703 0.599609 0.595703 0.595703 0.601562 0.589844 0.601562 0.587891
0 0.654297 0.587891 0.652344 0.589844 0.654297 0.591797 0.656250 0.589844
1 0.998047 0.587891 0.996094 0.589844 0.994141 0.589844 0.990234 0.593750 0.990234 0.597656 0.998047 0.605469
0 0.863281 0.599609 0.861328 0.601562 0.861328 0.605469 0.859375 0.607422 0.865234 0.613281 0.873047 0.613281 0.876953 0.607422 0.876953 0.603516 0.875000 0.601562 0.875000 0.599609 0.873047 0.597656 0.867188 0.597656 0.865234 0.599609
0 0.570312 0.603516 0.564453 0.603516 0.562500 0.605469 0.560547 0.605469 0.558594 0.607422 0.558594 0.613281 0.562500 0.617188 0.566406 0.617188 0.568359 0.615234 0.570312 0.615234 0.574219 0.611328 0.574219 0.607422
0 0.382812 0.611328 0.380859 0.613281 0.382812 0.615234 0.384766 0.615234 0.386719 0.613281 0.384766 0.611328
0 0.353516 0.613281 0.351562 0.615234 0.351562 0.617188 0.353516 0.619141 0.355469 0.619141 0.357422 0.617188 0.357422 0.615234 0.355469 0.613281
0 0.693359 0.621094 0.691406 0.623047 0.691406 0.626953 0.693359 0.628906 0.697266 0.625000
0 0.197266 0.634766 0.195312 0.632812 0.189453 0.632812 0.183594 0.638672 0.183594 0.640625 0.185547 0.642578 0.189453 0.642578 0.191406 0.640625 0.193359 0.640625 0.195312 0.638672 0.195312 0.636719
0 0.498047 0.636719 0.494141 0.640625 0.494141 0.644531 0.498047 0.648438 0.500000 0.648438 0.503906 0.644531 0.503906 0.640625 0.500000 0.636719
0 0.572266 0.636719 0.570312 0.638672 0.570312 0.640625 0.572266 0.642578 0.574219 0.642578 0.576172 0.640625 0.576172 0.638672 0.574219 0.636719
0 0.644531 0.636719 0.638672 0.642578 0.638672 0.646484 0.642578 0.650391 0.648438 0.650391 0.650391 0.648438 0.650391 0.646484 0.652344 0.644531 0.652344 0.642578 0.646484 0.636719
0 0.664062 0.638672 0.662109 0.638672 0.660156 0.640625 0.664062 0.646484 0.656250 0.654297 0.656250 0.656250 0.654297 0.658203 0.654297 0.662109 0.656250 0.664062 0.664062 0.664062 0.666016 0.662109 0.667969 0.662109 0.671875 0.658203 0.671875 0.652344 0.667969 0.648438 0.667969 0.646484 0.666016 0.644531 0.666016 0.640625
1 0.554688 0.644531 0.550781 0.648438 0.550781 0.656250 0.552734 0.658203 0.552734 0.660156 0.564453 0.671875 0.568359 0.671875 0.570312 0.669922 0.570312 0.667969 0.562500 0.660156 0.562500 0.656250 0.560547 0.654297 0.558594 0.648438
0 0.482422 0.658203 0.476562 0.662109 0.474609 0.671875 0.470703 0.675781 0.460938 0.675781 0.453125 0.683594 0.453125 0.689453 0.458984 0.693359 0.468750 0.705078 0.472656 0.701172 0.470703 0.699219 0.470703 0.691406 0.492188 0.667969 0.492188 0.666016
1 0.628906 0.660156 0.625000 0.664062 0.625000 0.671875 0.626953 0.673828 0.626953 0.675781 0.623047 0.679688 0.623047 0.681641 0.626953 0.685547 0.628906 0.685547 0.632812 0.681641 0.632812 0.675781 0.636719 0.669922 0.636719 0.667969
1 0.341797 0.666016 0.333984 0.666016 0.330078 0.669922 0.328125 0.677734 0.332031 0.701172 0.330078 0.708984 0.318359 0.718750 0.318359 0.726562 0.324219 0.730469 0.330078 0.728516 0.345703 0.712891 0.345703 0.671875
0 0.580078 0.664062 0.578125 0.666016 0.578125 0.667969 0.580078 0.669922 0.582031 0.669922 0.583984 0.667969 0.583984 0.666016 0.582031 0.664062
0 0.691406 0.666016 0.687500 0.669922 0.691406 0.673828 0.695312 0.673828 0.699219 0.669922 0.695312 0.666016
0 0.605469 0.669922 0.601562 0.673828 0.601562 0.675781 0.605469 0.679688 0.607422 0.679688 0.611328 0.675781 0.611328 0.673828 0.607422 0.669922
0 0.681641 0.671875 0.679688 0.673828 0.681641 0.675781 0.683594 0.673828
0 0.660156 0.675781 0.652344 0.681641 0.654297 0.695312 0.691406 0.730469 0.689453 0.753906 0.673828 0.789062 0.697266 0.810547 0.695312 0.818359 0.687500 0.822266 0.673828 0.800781 0.664062 0.802734 0.654297 0.816406 0.646484 0.802734 0.626953 0.818359 0.623047 0.798828 0.601562 0.789062 0.591797 0.816406 0.580078 0.796875 0.566406 0.792969 0.558594 0.798828 0.556641 0.820312 0.566406 0.832031 0.583984 0.826172 0.595703 0.832031 0.611328 0.826172 0.623047 0.832031 0.632812 0.826172 0.648438 0.830078 0.658203 0.816406 0.664062 0.841797 0.673828 0.822266 0.701172 0.830078 0.712891 0.824219 0.707031 0.798828 0.693359 0.787109 0.707031 0.777344 0.712891 0.753906 0.695312 0.734375 0.683594 0.699219
0 0.984375 0.679688 0.982422 0.681641 0.982422 0.683594 0.984375 0.685547 0.986328 0.683594 0.986328 0.681641
0 0.593750 0.687500 0.587891 0.693359 0.587891 0.695312 0.589844 0.697266 0.589844 0.699219 0.593750 0.703125 0.595703 0.703125 0.599609 0.699219 0.599609 0.693359
1 0.644531 0.697266 0.640625 0.701172 0.640625 0.703125 0.650391 0.712891 0.648438 0.718750 0.652344 0.722656 0.654297 0.722656 0.658203 0.718750 0.658203 0.716797 0.650391 0.708984 0.650391 0.707031 0.652344 0.705078 0.652344 0.701172 0.648438 0.697266
0 0.787109 0.716797 0.785156 0.718750 0.785156 0.722656 0.787109 0.724609 0.789062 0.724609 0.791016 0.722656 0.791016 0.720703
0 0.666016 0.724609 0.662109 0.728516 0.662109 0.730469 0.667969 0.736328 0.669922 0.736328 0.673828 0.732422 0.673828 0.730469 0.671875 0.728516 0.671875 0.726562 0.669922 0.724609
0 0.925781 0.724609 0.923828 0.726562 0.923828 0.728516 0.925781 0.730469 0.927734 0.730469 0.929688 0.728516 0.929688 0.726562 0.927734 0.724609
0 0.888672 0.736328 0.884766 0.740234 0.884766 0.744141 0.886719 0.746094 0.886719 0.748047 0.888672 0.750000 0.894531 0.744141 0.894531 0.740234 0.892578 0.738281 0.890625 0.738281
0 0.636719 0.746094 0.634766 0.748047 0.634766 0.750000 0.636719 0.751953 0.638672 0.750000 0.638672 0.748047
0 0.992188 0.763672 0.990234 0.765625 0.992188 0.767578 0.994141 0.765625
0 0.556641 0.765625 0.554688 0.767578 0.554688 0.769531 0.556641 0.771484 0.558594 0.771484 0.560547 0.769531
0 0.957031 0.767578 0.955078 0.769531 0.955078 0.777344 0.960938 0.783203 0.964844 0.779297 0.964844 0.773438 0.962891 0.771484 0.962891 0.769531 0.960938 0.767578
0 0.630859 0.775391 0.626953 0.779297 0.626953 0.787109 0.628906 0.789062 0.628906 0.791016 0.632812 0.794922 0.636719 0.794922 0.640625 0.789062 0.640625 0.785156 0.638672 0.783203 0.638672 0.781250 0.636719 0.779297 0.636719 0.777344 0.634766 0.775391
0 0.734375 0.785156 0.730469 0.789062 0.730469 0.791016 0.734375 0.794922 0.738281 0.791016 0.738281 0.789062
0 0.750000 0.789062 0.748047 0.791016 0.748047 0.794922 0.753906 0.800781 0.757812 0.800781 0.759766 0.802734 0.763672 0.798828 0.761719 0.796875 0.761719 0.794922 0.757812 0.791016 0.755859 0.791016 0.753906 0.789062
0 0.757812 0.837891 0.759766 0.839844 0.761719 0.839844 0.763672 0.841797 0.765625 0.841797 0.767578 0.839844 0.767578 0.835938 0.765625 0.833984 0.763672 0.833984 0.761719 0.835938 0.759766 0.835938
0 0.558594 0.837891 0.554688 0.841797 0.554688 0.849609 0.556641 0.851562 0.564453 0.851562 0.568359 0.847656 0.568359 0.843750 0.566406 0.841797 0.566406 0.839844 0.564453 0.837891
0 0.707031 0.839844 0.705078 0.841797 0.707031 0.853516 0.718750 0.859375 0.722656 0.865234 0.712891 0.875000 0.708984 0.884766 0.714844 0.896484 0.707031 0.904297 0.697266 0.906250 0.689453 0.919922 0.695312 0.921875 0.710938 0.912109 0.716797 0.917969 0.718750 0.935547 0.726562 0.945312 0.730469 0.931641 0.722656 0.921875 0.728516 0.916016 0.734375 0.916016 0.746094 0.927734 0.750000 0.923828 0.750000 0.912109 0.746094 0.908203 0.738281 0.910156 0.732422 0.904297 0.738281 0.896484 0.744141 0.894531 0.732422 0.882812 0.732422 0.876953 0.722656 0.863281 0.726562 0.853516
0 0.898438 0.845703 0.896484 0.847656 0.898438 0.849609 0.900391 0.847656
1 0.865234 0.849609 0.861328 0.853516 0.861328 0.859375 0.869141 0.867188 0.865234 0.871094 0.869141 0.875000 0.873047 0.871094 0.867188 0.865234 0.871094 0.861328 0.871094 0.859375 0.873047 0.857422 0.873047 0.853516 0.869141 0.849609
0 0.771484 0.857422 0.767578 0.857422 0.765625 0.859375 0.765625 0.861328 0.767578 0.863281 0.769531 0.863281 0.773438 0.859375
0 0.552734 0.859375 0.550781 0.861328 0.550781 0.865234 0.552734 0.867188 0.556641 0.867188 0.558594 0.865234 0.558594 0.861328 0.556641 0.859375
1 0.757812 0.880859 0.757812 0.888672 0.761719 0.892578 0.771484 0.892578 0.777344 0.898438 0.785156 0.898438 0.789062 0.894531 0.789062 0.890625 0.785156 0.886719 0.781250 0.886719 0.779297 0.884766 0.777344 0.886719 0.767578 0.878906 0.759766 0.878906
0 0.925781 0.908203 0.921875 0.912109 0.925781 0.916016 0.929688 0.912109
0 0.826172 0.914062 0.824219 0.916016 0.824219 0.923828 0.830078 0.929688 0.833984 0.929688 0.835938 0.927734 0.835938 0.923828 0.832031 0.919922 0.832031 0.917969 0.828125 0.914062
1 0.640625 0.927734 0.638672 0.929688 0.638672 0.933594 0.646484 0.941406 0.648438 0.941406 0.650391 0.939453 0.650391 0.937500
0 0.945312 0.929688 0.939453 0.935547 0.939453 0.945312 0.941406 0.949219 0.945312 0.953125 0.957031 0.958984 0.962891 0.958984 0.968750 0.953125 0.968750 0.943359 0.966797 0.941406 0.966797 0.935547 0.964844 0.931641 0.958984 0.927734 0.949219 0.927734
0 0.240234 0.939453 0.238281 0.939453 0.234375 0.943359 0.234375 0.945312 0.238281 0.949219 0.242188 0.945312 0.242188 0.941406
0 0.853516 0.939453 0.849609 0.939453 0.843750 0.945312 0.843750 0.951172 0.847656 0.955078 0.849609 0.955078 0.851562 0.953125 0.853516 0.953125 0.855469 0.951172 0.855469 0.949219 0.857422 0.947266 0.857422 0.943359
0 0.675781 0.947266 0.673828 0.947266 0.671875 0.949219 0.671875 0.951172 0.673828 0.953125 0.677734 0.949219
1 0.625000 0.955078 0.613281 0.949219 0.607422 0.953125 0.601562 0.964844 0.591797 0.964844 0.585938 0.970703 0.591797 0.976562 0.591797 0.986328 0.585938 0.992188 0.576172 0.992188 0.572266 0.998047 0.603516 0.998047 0.601562 0.996094 0.615234 0.982422 0.615234 0.976562 0.625000 0.966797
0 0.687500 0.951172 0.689453 0.953125 0.689453 0.970703 0.691406 0.976562 0.685547 0.986328 0.685547 0.990234 0.677734 0.998047 0.744141 0.998047 0.748047 0.990234 0.748047 0.974609 0.744141 0.970703 0.738281 0.968750 0.732422 0.974609 0.730469 0.986328 0.724609 0.992188 0.716797 0.994141 0.705078 0.980469 0.705078 0.964844 0.703125 0.960938 0.691406 0.949219
0 0.773438 0.951172 0.771484 0.953125 0.773438 0.955078 0.775391 0.955078 0.777344 0.953125 0.775391 0.951172
0 0.578125 0.964844 0.574219 0.968750 0.574219 0.970703 0.572266 0.972656 0.574219 0.974609 0.576172 0.974609 0.578125 0.972656 0.580078 0.972656 0.582031 0.970703 0.582031 0.968750
0 0.775391 0.966797 0.773438 0.968750 0.773438 0.970703 0.775391 0.972656 0.777344 0.972656 0.781250 0.976562 0.783203 0.976562 0.785156 0.974609 0.785156 0.972656 0.779297 0.966797
0 0.763672 0.970703 0.761719 0.972656 0.761719 0.974609 0.763672 0.976562 0.765625 0.974609 0.765625 0.972656
0 0.968750 0.968750 0.966797 0.970703 0.966797 0.972656 0.968750 0.974609 0.970703 0.972656 0.970703 0.970703
0 0.986328 0.968750 0.984375 0.968750 0.980469 0.972656 0.980469 0.980469 0.982422 0.982422 0.986328 0.982422 0.990234 0.978516 0.990234 0.972656
0 0.837891 0.986328 0.837891 0.990234 0.839844 0.992188 0.845703 0.994141 0.849609 0.998047 0.861328 0.998047 0.861328 0.994141 0.863281 0.992188 0.863281 0.984375 0.855469 0.976562 0.849609 0.976562 0.847656 0.978516 0.845703 0.978516
0 0.664062 0.982422 0.662109 0.980469 0.658203 0.980469 0.656250 0.982422 0.656250 0.984375 0.648438 0.992188 0.642578 0.994141 0.638672 0.998047 0.667969 0.998047 0.667969 0.996094 0.666016 0.994141 0.666016 0.986328 0.664062 0.984375
0 0.630859 0.996094 0.626953 0.992188 0.625000 0.994141 0.623047 0.994141 0.621094 0.996094 0.621094 0.998047 0.630859 0.998047
1 0.876953 0.998047 0.890625 0.998047 0.888672 0.996094 0.878906 0.996094
1 0.925781 0.998047 0.931641 0.998047 0.929688 0.996094 0.927734 0.996094
