0 0.445312 0.074219 0.443359 0.076172 0.445312 0.078125 0.447266 0.076172
0 0.820312 0.087891 0.820312 0.091797 0.818359 0.093750 0.822266 0.097656 0.830078 0.097656 0.832031 0.099609 0.835938 0.099609 0.837891 0.101562 0.841797 0.097656 0.839844 0.095703 0.839844 0.093750 0.837891 0.091797 0.835938 0.091797 0.828125 0.083984 0.826172 0.083984
0 0.796875 0.115234 0.794922 0.117188 0.794922 0.121094 0.796875 0.123047 0.800781 0.119141
0 0.177734 0.126953 0.175781 0.128906 0.177734 0.130859 0.179688 0.130859 0.181641 0.128906 0.179688 0.126953
0 0.804688 0.156250 0.800781 0.156250 0.798828 0.158203 0.798828 0.160156 0.802734 0.164062 0.806641 0.160156 0.806641 0.158203
0 0.908203 0.167969 0.904297 0.171875 0.904297 0.173828 0.906250 0.175781 0.908203 0.175781 0.912109 0.171875
0 0.792969 0.183594 0.789062 0.187500 0.789062 0.189453 0.791016 0.191406 0.791016 0.193359 0.794922 0.197266 0.798828 0.193359 0.798828 0.187500 0.794922 0.183594
0 0.533203 0.189453 0.531250 0.187500 0.529297 0.187500 0.525391 0.191406 0.527344 0.193359 0.531250 0.193359 0.533203 0.191406
0 0.673828 0.203125 0.669922 0.199219 0.666016 0.203125 0.667969 0.205078 0.671875 0.205078
0 0.367188 0.208984 0.365234 0.210938 0.367188 0.212891 0.367188 0.214844 0.369141 0.216797 0.371094 0.216797 0.373047 0.214844 0.373047 0.212891 0.369141 0.208984
0 0.496094 0.212891 0.494141 0.214844 0.494141 0.220703 0.498047 0.224609 0.500000 0.222656 0.500000 0.218750 0.498047 0.216797 0.498047 0.214844
0 0.482422 0.218750 0.478516 0.214844 0.476562 0.214844 0.472656 0.218750 0.472656 0.220703 0.474609 0.222656 0.478516 0.222656
0 0.330078 0.226562 0.330078 0.236328 0.335938 0.244141 0.343750 0.248047 0.355469 0.248047 0.361328 0.253906 0.367188 0.253906 0.380859 0.240234 0.378906 0.232422 0.371094 0.226562 0.355469 0.228516 0.343750 0.218750 0.337891 0.218750
0 0.660156 0.220703 0.658203 0.222656 0.658203 0.226562 0.656250 0.228516 0.656250 0.232422 0.660156 0.236328 0.666016 0.236328 0.667969 0.234375 0.669922 0.234375 0.673828 0.228516 0.673828 0.226562 0.671875 0.224609 0.671875 0.222656 0.669922 0.220703
0 0.773438 0.218750 0.771484 0.218750 0.767578 0.222656 0.767578 0.226562 0.769531 0.228516 0.773438 0.228516 0.777344 0.224609 0.777344 0.222656
0 0.521484 0.222656 0.519531 0.222656 0.515625 0.226562 0.515625 0.228516 0.517578 0.230469 0.521484 0.230469 0.523438 0.228516 0.523438 0.224609
0 0.251953 0.228516 0.246094 0.228516 0.244141 0.230469 0.242188 0.230469 0.236328 0.236328 0.236328 0.246094 0.232422 0.250000 0.234375 0.251953 0.236328 0.250000 0.242188 0.250000 0.244141 0.248047 0.246094 0.248047 0.248047 0.250000 0.250000 0.248047 0.253906 0.248047 0.259766 0.242188 0.255859 0.232422
0 0.488281 0.226562 0.486328 0.228516 0.484375 0.228516 0.480469 0.232422 0.480469 0.234375 0.478516 0.236328 0.478516 0.238281 0.480469 0.240234 0.484375 0.240234 0.486328 0.238281 0.486328 0.236328 0.490234 0.232422 0.490234 0.228516
0 0.574219 0.228516 0.570312 0.232422 0.570312 0.234375 0.572266 0.236328 0.578125 0.236328 0.582031 0.232422 0.578125 0.228516
0 0.601562 0.226562 0.599609 0.228516 0.601562 0.230469 0.603516 0.228516
0 0.076172 0.244141 0.070312 0.250000 0.074219 0.253906 0.080078 0.248047
0 0.412109 0.242188 0.402344 0.244141 0.400391 0.246094 0.392578 0.244141 0.386719 0.250000 0.386719 0.257812 0.388672 0.261719 0.398438 0.271484 0.398438 0.275391 0.402344 0.279297 0.406250 0.279297 0.416016 0.273438 0.416016 0.265625 0.412109 0.257812 0.414062 0.255859 0.414062 0.244141
0 0.548828 0.242188 0.544922 0.246094 0.546875 0.248047 0.548828 0.248047 0.550781 0.246094 0.550781 0.244141
1 0.226562 0.257812 0.222656 0.259766 0.199219 0.285156 0.193359 0.287109 0.193359 0.296875 0.197266 0.300781 0.205078 0.291016 0.212891 0.292969 0.218750 0.287109 0.224609 0.273438 0.224609 0.265625 0.228516 0.259766
0 0.054688 0.261719 0.052734 0.263672 0.054688 0.265625 0.056641 0.263672
0 0.613281 0.261719 0.609375 0.265625 0.609375 0.269531 0.611328 0.271484 0.613281 0.271484 0.615234 0.269531 0.615234 0.263672
1 0.000000 0.265625 0.000000 0.386719 0.044922 0.371094 0.000000 0.412109 0.000000 0.492188 0.074219 0.578125 0.087891 0.646484 0.173828 0.654297 0.152344 0.779297 0.210938 0.804688 0.240234 0.896484 0.330078 0.900391 0.341797 0.960938 0.363281 0.966797 0.375000 0.886719 0.421875 0.896484 0.466797 0.943359 0.457031 0.998047 0.480469 0.998047 0.455078 0.906250 0.498047 0.878906 0.455078 0.898438 0.449219 0.869141 0.390625 0.878906 0.349609 0.837891 0.384766 0.820312 0.375000 0.771484 0.417969 0.802734 0.476562 0.757812 0.417969 0.728516 0.425781 0.691406 0.398438 0.724609 0.359375 0.699219 0.382812 0.656250 0.357422 0.630859 0.380859 0.623047 0.345703 0.617188 0.349609 0.580078 0.451172 0.576172 0.367188 0.550781 0.343750 0.500000 0.392578 0.458984 0.300781 0.488281 0.277344 0.458984 0.283203 0.484375 0.242188 0.494141 0.113281 0.382812 0.208984 0.314453 0.160156 0.300781 0.160156 0.330078 0.132812 0.318359 0.078125 0.361328
0 0.134766 0.273438 0.132812 0.275391 0.126953 0.275391 0.121094 0.281250 0.121094 0.285156 0.119141 0.287109 0.123047 0.291016 0.128906 0.291016 0.136719 0.298828 0.136719 0.308594 0.134766 0.310547 0.138672 0.312500 0.142578 0.306641 0.142578 0.292969 0.146484 0.287109 0.146484 0.279297 0.142578 0.275391 0.136719 0.275391
0 0.371094 0.292969 0.365234 0.289062 0.353516 0.298828 0.343750 0.292969 0.335938 0.292969 0.332031 0.298828 0.332031 0.308594 0.339844 0.316406 0.345703 0.316406 0.357422 0.304688 0.365234 0.304688 0.371094 0.298828
0 0.644531 0.291016 0.642578 0.292969 0.642578 0.296875 0.640625 0.298828 0.642578 0.300781 0.644531 0.300781 0.646484 0.302734 0.648438 0.300781 0.648438 0.294922
0 0.419922 0.294922 0.416016 0.298828 0.416016 0.300781 0.417969 0.302734 0.421875 0.298828 0.421875 0.296875
0 0.431641 0.292969 0.429688 0.294922 0.429688 0.314453 0.431641 0.316406 0.437500 0.316406 0.443359 0.310547 0.443359 0.308594 0.441406 0.306641 0.441406 0.294922 0.439453 0.292969
0 0.605469 0.294922 0.603516 0.296875 0.603516 0.298828 0.605469 0.300781 0.607422 0.298828 0.607422 0.296875
0 0.638672 0.322266 0.636719 0.324219 0.636719 0.328125 0.638672 0.330078 0.642578 0.326172
0 0.701172 0.320312 0.699219 0.320312 0.697266 0.322266 0.697266 0.324219 0.699219 0.326172 0.703125 0.322266
0 0.357422 0.332031 0.355469 0.333984 0.355469 0.337891 0.359375 0.341797 0.361328 0.341797 0.363281 0.339844 0.363281 0.335938 0.359375 0.332031
0 0.380859 0.335938 0.376953 0.339844 0.376953 0.341797 0.378906 0.343750 0.384766 0.343750 0.386719 0.341797 0.386719 0.337891 0.384766 0.335938
0 0.451172 0.337891 0.449219 0.339844 0.453125 0.343750 0.455078 0.341797 0.455078 0.339844 0.453125 0.337891
0 0.501953 0.335938 0.500000 0.337891 0.500000 0.339844 0.501953 0.341797 0.503906 0.341797 0.505859 0.339844 0.505859 0.337891 0.503906 0.335938
0 0.632812 0.341797 0.630859 0.341797 0.628906 0.343750 0.628906 0.345703 0.630859 0.347656 0.634766 0.343750
0 0.199219 0.345703 0.197266 0.347656 0.199219 0.349609 0.201172 0.347656
0 0.445312 0.347656 0.441406 0.351562 0.443359 0.353516 0.443359 0.355469 0.445312 0.357422 0.447266 0.357422 0.449219 0.355469 0.449219 0.349609 0.447266 0.347656
0 0.166016 0.357422 0.164062 0.359375 0.164062 0.361328 0.166016 0.363281 0.167969 0.363281 0.169922 0.361328 0.169922 0.359375 0.167969 0.357422
0 0.958984 0.355469 0.957031 0.357422 0.958984 0.359375 0.960938 0.359375 0.962891 0.357422 0.960938 0.355469
0 0.373047 0.361328 0.371094 0.363281 0.373047 0.365234 0.375000 0.365234 0.376953 0.363281 0.375000 0.361328
0 0.634766 0.359375 0.632812 0.361328 0.634766 0.363281 0.636719 0.363281 0.638672 0.361328 0.636719 0.359375
0 0.347656 0.365234 0.343750 0.369141 0.343750 0.376953 0.351562 0.384766 0.355469 0.380859 0.355469 0.373047 0.353516 0.371094 0.353516 0.369141 0.351562 0.367188 0.349609 0.367188
0 0.658203 0.363281 0.656250 0.365234 0.660156 0.369141 0.662109 0.369141 0.664062 0.367188 0.664062 0.365234 0.662109 0.363281
0 0.839844 0.363281 0.837891 0.365234 0.839844 0.367188 0.841797 0.367188 0.843750 0.365234 0.841797 0.363281
0 0.583984 0.367188 0.578125 0.367188 0.572266 0.373047 0.572266 0.376953 0.578125 0.382812 0.580078 0.380859 0.582031 0.380859 0.587891 0.375000 0.587891 0.371094
1 0.408203 0.382812 0.404297 0.378906 0.400391 0.378906 0.398438 0.376953 0.392578 0.382812 0.384766 0.382812 0.378906 0.388672 0.378906 0.390625 0.384766 0.396484 0.386719 0.394531 0.388672 0.394531 0.394531 0.388672 0.396484 0.388672 0.398438 0.390625 0.402344 0.390625 0.404297 0.388672 0.406250 0.388672 0.408203 0.386719
0 0.363281 0.388672 0.361328 0.390625 0.361328 0.392578 0.365234 0.396484 0.369141 0.392578 0.365234 0.388672
0 0.492188 0.386719 0.490234 0.388672 0.492188 0.390625 0.494141 0.388672
0 0.470703 0.402344 0.468750 0.402344 0.466797 0.404297 0.466797 0.408203 0.468750 0.410156 0.472656 0.406250 0.472656 0.404297
0 0.707031 0.404297 0.705078 0.406250 0.707031 0.408203 0.708984 0.406250
1 0.316406 0.416016 0.320312 0.423828 0.332031 0.423828 0.347656 0.435547 0.351562 0.435547 0.353516 0.433594 0.353516 0.429688 0.349609 0.421875 0.335938 0.414062 0.320312 0.412109
0 0.664062 0.412109 0.660156 0.416016 0.664062 0.419922 0.667969 0.416016
1 0.681641 0.416016 0.679688 0.417969 0.679688 0.419922 0.683594 0.423828 0.683594 0.427734 0.685547 0.429688 0.685547 0.435547 0.681641 0.439453 0.679688 0.439453 0.677734 0.441406 0.677734 0.443359 0.681641 0.447266 0.683594 0.447266 0.687500 0.443359 0.687500 0.439453 0.695312 0.433594 0.695312 0.427734 0.683594 0.416016
0 0.542969 0.423828 0.533203 0.435547 0.542969 0.445312 0.541016 0.455078 0.546875 0.458984 0.550781 0.458984 0.556641 0.453125 0.558594 0.441406 0.552734 0.433594 0.552734 0.425781 0.548828 0.421875
0 0.101562 0.425781 0.097656 0.429688 0.099609 0.431641 0.101562 0.431641 0.103516 0.429688 0.103516 0.427734
0 0.300781 0.425781 0.294922 0.431641 0.292969 0.435547 0.294922 0.441406 0.300781 0.447266 0.304688 0.449219 0.308594 0.449219 0.310547 0.451172 0.316406 0.449219 0.320312 0.445312 0.320312 0.441406 0.318359 0.439453 0.320312 0.435547 0.316406 0.429688 0.306641 0.429688
0 0.384766 0.427734 0.380859 0.431641 0.380859 0.439453 0.386719 0.445312 0.392578 0.445312 0.394531 0.443359 0.394531 0.435547 0.392578 0.433594 0.392578 0.431641 0.390625 0.429688 0.388672 0.429688 0.386719 0.427734
0 0.488281 0.429688 0.486328 0.431641 0.486328 0.437500 0.488281 0.439453 0.492188 0.439453 0.494141 0.437500 0.494141 0.433594 0.490234 0.429688
0 0.333984 0.439453 0.332031 0.439453 0.330078 0.441406 0.330078 0.443359 0.332031 0.445312 0.335938 0.441406
0 0.437500 0.441406 0.433594 0.445312 0.433594 0.447266 0.435547 0.449219 0.439453 0.449219 0.441406 0.447266 0.441406 0.445312
0 0.890625 0.447266 0.886719 0.447266 0.882812 0.451172 0.882812 0.455078 0.888672 0.460938 0.894531 0.455078 0.894531 0.451172
0 0.505859 0.453125 0.501953 0.457031 0.498047 0.466797 0.500000 0.468750 0.500000 0.474609 0.503906 0.482422 0.509766 0.484375 0.513672 0.488281 0.517578 0.488281 0.527344 0.478516 0.529297 0.474609 0.529297 0.464844 0.515625 0.453125 0.511719 0.455078 0.509766 0.453125
0 0.318359 0.458984 0.316406 0.460938 0.318359 0.462891 0.320312 0.460938
0 0.414062 0.458984 0.412109 0.457031 0.408203 0.457031 0.404297 0.460938 0.406250 0.462891 0.408203 0.460938 0.412109 0.460938
0 0.705078 0.457031 0.703125 0.458984 0.707031 0.462891 0.708984 0.460938 0.708984 0.458984 0.707031 0.457031
0 0.734375 0.460938 0.730469 0.464844 0.730469 0.466797 0.732422 0.468750 0.732422 0.470703 0.736328 0.474609 0.738281 0.474609 0.740234 0.476562 0.744141 0.472656 0.744141 0.470703
0 0.433594 0.466797 0.431641 0.466797 0.429688 0.468750 0.427734 0.468750 0.423828 0.472656 0.429688 0.478516 0.431641 0.478516 0.437500 0.472656 0.435547 0.470703 0.435547 0.468750
0 0.623047 0.466797 0.619141 0.470703 0.619141 0.472656 0.621094 0.474609 0.623047 0.474609 0.625000 0.472656 0.625000 0.468750
1 0.431641 0.498047 0.453125 0.498047 0.458984 0.494141 0.468750 0.509766 0.480469 0.509766 0.490234 0.517578 0.501953 0.513672 0.507812 0.507812 0.500000 0.500000 0.498047 0.492188 0.476562 0.472656 0.470703 0.472656 0.460938 0.486328 0.453125 0.480469 0.441406 0.482422
0 0.564453 0.474609 0.562500 0.474609 0.558594 0.478516 0.562500 0.482422 0.566406 0.478516 0.566406 0.476562
0 0.648438 0.472656 0.646484 0.472656 0.640625 0.478516 0.640625 0.480469 0.644531 0.484375 0.648438 0.484375 0.652344 0.480469 0.652344 0.478516 0.650391 0.476562 0.650391 0.474609
0 0.402344 0.476562 0.400391 0.476562 0.398438 0.478516 0.398438 0.480469 0.400391 0.482422 0.404297 0.478516
1 0.708984 0.478516 0.707031 0.476562 0.701172 0.476562 0.695312 0.482422 0.693359 0.482422 0.691406 0.484375 0.693359 0.486328 0.697266 0.482422 0.701172 0.482422 0.703125 0.484375 0.707031 0.484375 0.708984 0.482422
0 0.849609 0.480469 0.845703 0.484375 0.845703 0.488281 0.849609 0.492188 0.853516 0.488281 0.853516 0.486328 0.851562 0.484375 0.851562 0.482422
1 0.410156 0.488281 0.406250 0.488281 0.404297 0.490234 0.404297 0.492188 0.402344 0.494141 0.402344 0.496094 0.400391 0.498047 0.400391 0.503906 0.404297 0.507812 0.408203 0.503906 0.408203 0.500000 0.410156 0.498047 0.410156 0.494141 0.412109 0.492188 0.412109 0.490234
0 0.681641 0.492188 0.677734 0.496094 0.677734 0.498047 0.679688 0.500000 0.683594 0.500000 0.685547 0.498047 0.685547 0.496094
0 0.580078 0.496094 0.576172 0.496094 0.574219 0.498047 0.574219 0.500000 0.578125 0.503906 0.582031 0.500000 0.582031 0.498047
0 0.875000 0.503906 0.873047 0.505859 0.871094 0.505859 0.869141 0.507812 0.869141 0.509766 0.875000 0.515625 0.876953 0.515625 0.880859 0.511719 0.880859 0.507812 0.878906 0.505859 0.876953 0.505859
0 0.970703 0.505859 0.966797 0.509766 0.970703 0.513672 0.972656 0.511719 0.972656 0.507812
0 0.576172 0.513672 0.574219 0.515625 0.576172 0.517578 0.578125 0.515625
0 0.412109 0.529297 0.408203 0.525391 0.406250 0.525391 0.402344 0.529297 0.400391 0.529297 0.398438 0.531250 0.398438 0.533203 0.400391 0.535156 0.408203 0.535156 0.412109 0.531250
0 0.519531 0.527344 0.515625 0.523438 0.509766 0.523438 0.503906 0.529297 0.503906 0.535156 0.505859 0.537109 0.513672 0.537109 0.519531 0.531250
0 0.734375 0.541016 0.730469 0.544922 0.734375 0.548828 0.736328 0.548828 0.738281 0.546875 0.738281 0.542969 0.736328 0.541016
0 0.531250 0.558594 0.525391 0.564453 0.525391 0.566406 0.523438 0.568359 0.527344 0.572266 0.527344 0.574219 0.529297 0.576172 0.535156 0.576172 0.537109 0.578125 0.542969 0.572266 0.539062 0.568359 0.539062 0.566406 0.537109 0.564453 0.537109 0.562500 0.533203 0.558594
0 0.734375 0.564453 0.732422 0.566406 0.734375 0.568359 0.736328 0.566406
0 0.673828 0.568359 0.671875 0.570312 0.671875 0.572266 0.673828 0.574219 0.675781 0.574219 0.677734 0.572266 0.677734 0.570312 0.675781 0.568359
0 0.494141 0.570312 0.492188 0.570312 0.488281 0.574219 0.488281 0.578125 0.490234 0.580078 0.492188 0.578125 0.494141 0.578125 0.498047 0.574219
0 0.720703 0.583984 0.718750 0.582031 0.716797 0.583984 0.707031 0.574219 0.705078 0.576172 0.703125 0.576172 0.699219 0.580078 0.699219 0.582031 0.697266 0.583984 0.697266 0.591797 0.701172 0.595703 0.707031 0.595703 0.708984 0.593750 0.710938 0.593750 0.716797 0.587891 0.718750 0.587891 0.720703 0.585938
0 0.562500 0.582031 0.558594 0.582031 0.556641 0.583984 0.560547 0.587891 0.564453 0.583984
0 0.582031 0.640625 0.576172 0.634766 0.548828 0.634766 0.539062 0.621094 0.529297 0.636719 0.515625 0.644531 0.509766 0.623047 0.521484 0.619141 0.529297 0.607422 0.519531 0.595703 0.498047 0.591797 0.484375 0.615234 0.484375 0.626953 0.505859 0.642578 0.500000 0.648438 0.480469 0.646484 0.468750 0.658203 0.468750 0.666016 0.460938 0.669922 0.433594 0.636719 0.423828 0.634766 0.417969 0.644531 0.451172 0.669922 0.449219 0.681641 0.457031 0.679688 0.476562 0.703125 0.482422 0.703125 0.492188 0.693359 0.496094 0.669922 0.503906 0.662109 0.531250 0.671875 0.542969 0.650391 0.556641 0.658203 0.568359 0.658203 0.580078 0.650391
0 0.216797 0.597656 0.212891 0.601562 0.216797 0.605469 0.218750 0.605469 0.220703 0.603516 0.220703 0.599609 0.218750 0.597656
1 0.355469 0.599609 0.357422 0.601562 0.359375 0.601562 0.361328 0.603516 0.363281 0.603516 0.365234 0.601562 0.363281 0.599609 0.361328 0.599609 0.359375 0.597656 0.357422 0.597656
0 0.458984 0.599609 0.457031 0.601562 0.457031 0.603516 0.460938 0.607422 0.464844 0.603516 0.460938 0.599609
0 0.476562 0.597656 0.468750 0.605469 0.470703 0.607422 0.470703 0.609375 0.474609 0.613281 0.476562 0.613281 0.480469 0.609375 0.480469 0.601562
0 0.718750 0.597656 0.710938 0.603516 0.710938 0.607422 0.708984 0.609375 0.708984 0.617188 0.712891 0.623047 0.724609 0.626953 0.732422 0.623047 0.736328 0.619141 0.738281 0.615234 0.738281 0.607422 0.732422 0.601562 0.728516 0.599609 0.720703 0.599609
0 0.765625 0.597656 0.761719 0.601562 0.765625 0.605469 0.769531 0.601562
0 0.908203 0.597656 0.904297 0.597656 0.902344 0.599609 0.902344 0.601562 0.904297 0.603516 0.906250 0.603516 0.910156 0.599609
0 0.554688 0.619141 0.552734 0.621094 0.552734 0.623047 0.554688 0.625000 0.556641 0.625000 0.558594 0.623047
1 0.587891 0.626953 0.587891 0.628906 0.591797 0.632812 0.597656 0.632812 0.603516 0.638672 0.607422 0.638672 0.611328 0.634766 0.611328 0.632812 0.605469 0.626953 0.599609 0.626953 0.593750 0.623047 0.591797 0.623047
0 0.472656 0.630859 0.470703 0.632812 0.470703 0.634766 0.474609 0.638672 0.476562 0.638672 0.478516 0.636719 0.478516 0.632812 0.476562 0.630859
0 0.734375 0.634766 0.732422 0.636719 0.732422 0.640625 0.736328 0.644531 0.738281 0.644531 0.740234 0.642578 0.740234 0.640625 0.738281 0.638672 0.738281 0.636719 0.736328 0.634766
0 0.619141 0.646484 0.617188 0.648438 0.617188 0.650391 0.619141 0.652344 0.621094 0.650391 0.621094 0.648438
0 0.658203 0.646484 0.656250 0.646484 0.652344 0.650391 0.654297 0.652344 0.654297 0.654297 0.656250 0.656250 0.662109 0.650391
0 0.771484 0.650391 0.769531 0.650391 0.765625 0.654297 0.765625 0.656250 0.767578 0.658203 0.769531 0.658203 0.773438 0.654297 0.773438 0.652344
0 0.400391 0.656250 0.398438 0.656250 0.396484 0.658203 0.394531 0.658203 0.390625 0.662109 0.390625 0.664062 0.394531 0.667969 0.400391 0.667969 0.404297 0.664062 0.404297 0.660156
0 0.640625 0.658203 0.638672 0.660156 0.640625 0.662109 0.642578 0.660156
0 0.583984 0.664062 0.576172 0.669922 0.580078 0.681641 0.568359 0.697266 0.576172 0.708984 0.603516 0.720703 0.599609 0.734375 0.548828 0.759766 0.521484 0.751953 0.488281 0.773438 0.498047 0.796875 0.511719 0.785156 0.527344 0.791016 0.503906 0.802734 0.507812 0.828125 0.517578 0.837891 0.537109 0.835938 0.560547 0.845703 0.564453 0.851562 0.554688 0.873047 0.558594 0.876953 0.572266 0.857422 0.564453 0.849609 0.574219 0.837891 0.570312 0.824219 0.576172 0.820312 0.587891 0.826172 0.582031 0.814453 0.589844 0.779297 0.582031 0.767578 0.597656 0.763672 0.605469 0.753906 0.607422 0.734375 0.621094 0.705078 0.619141 0.693359 0.607422 0.703125 0.601562 0.697266 0.601562 0.675781
0 0.568359 0.667969 0.566406 0.667969 0.564453 0.669922 0.564453 0.673828 0.566406 0.675781 0.570312 0.671875 0.570312 0.669922
0 0.650391 0.669922 0.646484 0.673828 0.648438 0.675781 0.650391 0.675781 0.652344 0.673828 0.652344 0.671875
0 0.693359 0.669922 0.689453 0.669922 0.687500 0.671875 0.691406 0.675781 0.695312 0.671875
0 0.828125 0.677734 0.826172 0.677734 0.822266 0.681641 0.822266 0.683594 0.820312 0.685547 0.820312 0.691406 0.826172 0.697266 0.828125 0.695312 0.830078 0.695312 0.833984 0.691406 0.833984 0.687500 0.832031 0.685547 0.832031 0.683594 0.830078 0.681641 0.830078 0.679688
0 0.898438 0.681641 0.896484 0.683594 0.896484 0.691406 0.898438 0.693359 0.902344 0.693359 0.906250 0.689453 0.906250 0.685547 0.902344 0.681641
0 0.537109 0.687500 0.535156 0.689453 0.535156 0.691406 0.533203 0.693359 0.537109 0.697266 0.541016 0.697266 0.542969 0.695312 0.542969 0.689453 0.541016 0.687500
0 0.384766 0.697266 0.390625 0.703125 0.394531 0.699219 0.398438 0.699219 0.400391 0.697266 0.400391 0.695312 0.398438 0.693359 0.388672 0.693359
0 0.501953 0.693359 0.500000 0.695312 0.501953 0.697266 0.503906 0.697266 0.505859 0.695312 0.503906 0.693359
0 0.937500 0.697266 0.933594 0.701172 0.937500 0.705078 0.941406 0.701172
1 0.529297 0.703125 0.527344 0.701172 0.525391 0.701172 0.523438 0.699219 0.521484 0.699219 0.515625 0.705078 0.509766 0.705078 0.507812 0.703125 0.505859 0.705078 0.505859 0.707031 0.507812 0.708984 0.513672 0.708984 0.515625 0.710938 0.517578 0.708984 0.519531 0.708984 0.521484 0.707031 0.523438 0.707031
0 0.388672 0.708984 0.386719 0.710938 0.388672 0.712891 0.390625 0.710938
0 0.445312 0.716797 0.443359 0.718750 0.447266 0.722656 0.449219 0.722656 0.451172 0.720703 0.447266 0.716797
0 0.468750 0.714844 0.466797 0.716797 0.464844 0.716797 0.462891 0.718750 0.462891 0.724609 0.464844 0.726562 0.468750 0.726562 0.470703 0.724609 0.470703 0.716797
0 0.492188 0.714844 0.488281 0.714844 0.484375 0.718750 0.484375 0.722656 0.490234 0.728516 0.496094 0.722656 0.496094 0.718750
0 0.521484 0.716797 0.519531 0.718750 0.519531 0.728516 0.523438 0.734375 0.525391 0.734375 0.527344 0.736328 0.531250 0.736328 0.535156 0.732422 0.535156 0.730469 0.537109 0.728516 0.537109 0.726562 0.535156 0.724609 0.535156 0.722656 0.529297 0.716797
0 0.263672 0.726562 0.261719 0.728516 0.265625 0.732422 0.267578 0.730469
0 0.771484 0.726562 0.769531 0.726562 0.763672 0.732422 0.763672 0.738281 0.767578 0.742188 0.769531 0.742188 0.775391 0.736328 0.775391 0.732422 0.773438 0.730469 0.773438 0.728516
0 0.484375 0.732422 0.482422 0.734375 0.482422 0.736328 0.484375 0.738281 0.486328 0.736328 0.486328 0.734375
1 0.621094 0.732422 0.619141 0.734375 0.619141 0.738281 0.623047 0.742188 0.623047 0.746094 0.621094 0.748047 0.621094 0.750000 0.625000 0.753906 0.626953 0.753906 0.630859 0.750000 0.630859 0.748047 0.625000 0.742188 0.625000 0.738281 0.626953 0.736328 0.626953 0.734375 0.625000 0.732422
0 0.658203 0.736328 0.654297 0.740234 0.654297 0.746094 0.656250 0.748047 0.656250 0.750000 0.658203 0.751953 0.664062 0.753906 0.667969 0.757812 0.673828 0.759766 0.677734 0.755859 0.679688 0.750000 0.667969 0.738281 0.666016 0.738281 0.664062 0.736328
0 0.507812 0.746094 0.505859 0.744141 0.505859 0.742188 0.500000 0.738281 0.498047 0.740234 0.492188 0.740234 0.490234 0.742188 0.490234 0.744141 0.482422 0.751953 0.488281 0.755859 0.492188 0.755859 0.494141 0.757812 0.500000 0.757812 0.507812 0.750000
0 0.476562 0.779297 0.474609 0.781250 0.474609 0.785156 0.478516 0.789062 0.480469 0.787109 0.480469 0.781250 0.478516 0.779297
0 0.613281 0.785156 0.611328 0.787109 0.611328 0.791016 0.615234 0.794922 0.617188 0.794922 0.621094 0.791016 0.615234 0.785156
0 0.744141 0.787109 0.742188 0.789062 0.744141 0.791016 0.746094 0.789062
1 0.687500 0.792969 0.681641 0.789062 0.673828 0.789062 0.666016 0.792969 0.656250 0.791016 0.642578 0.800781 0.632812 0.802734 0.628906 0.806641 0.628906 0.818359 0.634766 0.826172 0.630859 0.830078 0.623047 0.828125 0.621094 0.830078 0.619141 0.828125 0.611328 0.830078 0.607422 0.837891 0.607422 0.843750 0.613281 0.849609 0.623047 0.849609 0.625000 0.847656 0.630859 0.851562 0.638672 0.849609 0.642578 0.845703 0.642578 0.841797 0.632812 0.830078 0.646484 0.820312 0.648438 0.812500 0.658203 0.802734 0.664062 0.800781 0.679688 0.808594 0.683594 0.808594 0.689453 0.802734
0 0.712891 0.789062 0.710938 0.791016 0.710938 0.794922 0.716797 0.800781 0.718750 0.800781 0.722656 0.796875 0.722656 0.792969 0.718750 0.789062
0 0.847656 0.792969 0.841797 0.798828 0.841797 0.800781 0.847656 0.806641 0.849609 0.806641 0.853516 0.802734 0.853516 0.796875 0.849609 0.792969
0 0.425781 0.802734 0.429688 0.806641 0.439453 0.806641 0.441406 0.804688 0.437500 0.800781 0.433594 0.800781 0.431641 0.798828 0.429688 0.800781 0.427734 0.800781
0 0.478516 0.796875 0.476562 0.796875 0.474609 0.798828 0.474609 0.804688 0.472656 0.806641 0.474609 0.808594 0.476562 0.808594 0.482422 0.802734 0.482422 0.800781
1 0.931641 0.798828 0.925781 0.798828 0.917969 0.806641 0.904297 0.808594 0.900391 0.812500 0.902344 0.820312 0.884766 0.833984 0.886719 0.839844 0.898438 0.847656 0.906250 0.833984 0.904297 0.826172 0.910156 0.820312 0.917969 0.818359 0.925781 0.812500 0.931641 0.812500 0.935547 0.808594
0 0.875000 0.800781 0.873047 0.802734 0.875000 0.804688 0.876953 0.804688 0.878906 0.802734 0.876953 0.800781
0 0.865234 0.806641 0.863281 0.806641 0.861328 0.808594 0.859375 0.808594 0.857422 0.810547 0.857422 0.816406 0.859375 0.818359 0.865234 0.818359 0.869141 0.814453 0.869141 0.810547
0 0.818359 0.808594 0.814453 0.812500 0.814453 0.814453 0.822266 0.822266 0.824219 0.822266 0.830078 0.816406 0.828125 0.814453 0.828125 0.812500 0.826172 0.810547 0.824219 0.810547 0.822266 0.808594
0 0.767578 0.812500 0.763672 0.812500 0.759766 0.816406 0.759766 0.818359 0.761719 0.820312 0.761719 0.822266 0.763672 0.824219 0.765625 0.824219 0.771484 0.818359 0.769531 0.816406 0.769531 0.814453
0 0.474609 0.826172 0.472656 0.824219 0.470703 0.824219 0.466797 0.828125 0.468750 0.830078 0.472656 0.830078 0.474609 0.828125
0 0.839844 0.824219 0.833984 0.833984 0.861328 0.849609 0.861328 0.863281 0.855469 0.867188 0.841797 0.859375 0.814453 0.859375 0.810547 0.867188 0.818359 0.873047 0.833984 0.869141 0.847656 0.886719 0.861328 0.871094 0.867188 0.876953 0.857422 0.886719 0.859375 0.892578 0.847656 0.902344 0.826172 0.890625 0.812500 0.892578 0.800781 0.884766 0.796875 0.888672 0.802734 0.904297 0.800781 0.914062 0.810547 0.921875 0.818359 0.910156 0.841797 0.908203 0.851562 0.912109 0.857422 0.908203 0.878906 0.927734 0.884766 0.923828 0.878906 0.916016 0.876953 0.888672 0.884766 0.873047 0.882812 0.859375 0.853516 0.826172
0 0.798828 0.835938 0.789062 0.828125 0.785156 0.828125 0.777344 0.833984 0.767578 0.832031 0.750000 0.849609 0.750000 0.855469 0.755859 0.865234 0.765625 0.869141 0.773438 0.869141 0.781250 0.861328 0.781250 0.855469 0.798828 0.839844
0 0.816406 0.830078 0.810547 0.835938 0.810547 0.837891 0.814453 0.841797 0.818359 0.841797 0.822266 0.837891 0.822266 0.835938
0 0.589844 0.841797 0.585938 0.845703 0.585938 0.847656 0.587891 0.849609 0.589844 0.849609 0.591797 0.847656 0.591797 0.843750
0 0.505859 0.849609 0.503906 0.851562 0.505859 0.853516 0.507812 0.851562
0 0.646484 0.861328 0.644531 0.863281 0.646484 0.865234 0.648438 0.863281
0 0.546875 0.876953 0.539062 0.876953 0.537109 0.878906 0.535156 0.878906 0.531250 0.882812 0.531250 0.888672 0.535156 0.892578 0.541016 0.892578 0.544922 0.888672 0.544922 0.886719 0.548828 0.882812 0.548828 0.878906
0 0.720703 0.875000 0.716797 0.875000 0.714844 0.876953 0.714844 0.880859 0.718750 0.884766 0.720703 0.882812 0.722656 0.882812 0.724609 0.880859 0.724609 0.878906
0 0.892578 0.882812 0.892578 0.884766 0.896484 0.888672 0.898438 0.888672 0.900391 0.886719 0.908203 0.886719 0.910156 0.888672 0.912109 0.886719 0.910156 0.884766 0.908203 0.884766 0.906250 0.882812 0.904297 0.882812 0.898438 0.876953
1 0.755859 0.886719 0.750000 0.892578 0.750000 0.898438 0.748047 0.900391 0.750000 0.902344 0.750000 0.910156 0.763672 0.925781 0.761719 0.927734 0.761719 0.933594 0.767578 0.935547 0.769531 0.929688 0.765625 0.925781 0.765625 0.919922 0.771484 0.912109 0.769531 0.910156 0.769531 0.898438 0.759766 0.886719
0 0.613281 0.898438 0.609375 0.902344 0.613281 0.906250 0.615234 0.906250 0.619141 0.902344 0.615234 0.898438
0 0.669922 0.908203 0.667969 0.910156 0.667969 0.917969 0.669922 0.919922 0.673828 0.919922 0.677734 0.916016 0.677734 0.914062 0.671875 0.908203
0 0.605469 0.921875 0.603516 0.923828 0.603516 0.925781 0.605469 0.927734 0.607422 0.927734 0.609375 0.925781 0.609375 0.923828 0.607422 0.921875
0 0.806641 0.939453 0.804688 0.939453 0.791016 0.953125 0.791016 0.960938 0.792969 0.962891 0.792969 0.964844 0.798828 0.968750 0.800781 0.968750 0.806641 0.962891 0.806641 0.957031 0.804688 0.955078 0.804688 0.953125 0.810547 0.945312 0.810547 0.943359
0 0.669922 0.941406 0.667969 0.943359 0.667969 0.947266 0.671875 0.951172 0.675781 0.947266 0.675781 0.945312 0.671875 0.941406
0 0.839844 0.943359 0.837891 0.945312 0.837891 0.947266 0.841797 0.951172 0.843750 0.949219 0.843750 0.945312 0.841797 0.943359
0 0.919922 0.941406 0.910156 0.951172 0.910156 0.958984 0.914062 0.962891 0.916016 0.962891 0.921875 0.966797 0.925781 0.962891 0.927734 0.962891 0.929688 0.960938 0.929688 0.953125 0.927734 0.951172 0.927734 0.947266 0.921875 0.941406
0 0.957031 0.945312 0.955078 0.945312 0.949219 0.951172 0.949219 0.957031 0.953125 0.960938 0.957031 0.960938 0.960938 0.957031 0.960938 0.953125 0.962891 0.951172
0 0.730469 0.949219 0.728516 0.951172 0.728516 0.953125 0.732422 0.957031 0.734375 0.957031 0.738281 0.953125 0.734375 0.949219
0 0.974609 0.951172 0.968750 0.957031 0.968750 0.962891 0.962891 0.974609 0.962891 0.978516 0.972656 0.990234 0.982422 0.994141 0.992188 0.994141 0.998047 0.990234 0.998047 0.960938 0.992188 0.955078 0.984375 0.951172
0 0.640625 0.955078 0.634766 0.960938 0.634766 0.966797 0.640625 0.972656 0.642578 0.972656 0.644531 0.974609 0.648438 0.970703 0.648438 0.966797 0.646484 0.964844 0.646484 0.962891 0.644531 0.960938 0.644531 0.958984
0 0.687500 0.958984 0.685547 0.960938 0.687500 0.962891 0.689453 0.962891 0.691406 0.960938 0.689453 0.958984
0 0.765625 0.972656 0.759766 0.978516 0.759766 0.990234 0.765625 0.998047 0.779297 0.998047 0.779297 0.994141 0.781250 0.992188 0.781250 0.984375 0.779297 0.982422 0.777344 0.976562 0.771484 0.972656
0 0.849609 0.974609 0.847656 0.976562 0.847656 0.978516 0.849609 0.980469 0.851562 0.980469 0.853516 0.978516 0.853516 0.976562 0.851562 0.974609
0 0.830078 0.982422 0.828125 0.984375 0.830078 0.986328 0.832031 0.986328 0.833984 0.984375 0.832031 0.982422
0 0.841797 0.992188 0.841797 0.998047 0.851562 0.998047 0.851562 0.994141 0.847656 0.990234 0.843750 0.990234
1 0.914062 0.998047 0.927734 0.998047 0.925781 0.996094 0.916016 0.996094
