0 0.845703 0.068359 0.843750 0.070312 0.847656 0.074219 0.849609 0.072266 0.849609 0.070312 0.847656 0.068359
0 0.902344 0.134766 0.898438 0.138672 0.898438 0.144531 0.902344 0.148438 0.904297 0.148438 0.908203 0.144531 0.908203 0.138672 0.904297 0.134766
1 0.000000 0.160156 0.064453 0.171875 0.023438 0.251953 0.082031 0.275391 0.023438 0.363281 0.000000 0.312500 0.000000 0.552734 0.050781 0.572266 0.019531 0.666016 0.146484 0.666016 0.167969 0.722656 0.103516 0.898438 0.193359 0.777344 0.320312 0.890625 0.248047 0.998047 0.404297 0.957031 0.531250 0.998047 0.500000 0.851562 0.490234 0.957031 0.322266 0.968750 0.328125 0.878906 0.511719 0.724609 0.462891 0.652344 0.326172 0.658203 0.343750 0.599609 0.304688 0.685547 0.357422 0.746094 0.312500 0.732422 0.306641 0.798828 0.240234 0.705078 0.191406 0.716797 0.160156 0.656250 0.283203 0.582031 0.316406 0.490234 0.259766 0.572266 0.212891 0.509766 0.265625 0.441406 0.179688 0.511719 0.154297 0.462891 0.230469 0.398438 0.298828 0.416016 0.179688 0.361328 0.125000 0.412109 0.171875 0.283203 0.220703 0.285156 0.207031 0.337891 0.259766 0.312500
1 0.000000 0.195312 0.000000 0.292969 0.001953 0.292969 0.015625 0.281250 0.013672 0.279297 0.011719 0.281250 0.005859 0.273438 0.013672 0.261719 0.013672 0.250000 0.015625 0.248047 0.015625 0.244141 0.019531 0.240234 0.021484 0.230469 0.015625 0.226562 0.011719 0.228516 0.005859 0.222656 0.005859 0.218750 0.003906 0.216797 0.005859 0.207031 0.001953 0.203125 0.003906 0.199219
0 0.017578 0.201172 0.015625 0.201172 0.013672 0.203125 0.013672 0.205078 0.015625 0.207031 0.019531 0.203125
0 0.310547 0.232422 0.308594 0.234375 0.308594 0.236328 0.310547 0.238281 0.312500 0.238281 0.314453 0.236328 0.314453 0.234375 0.312500 0.232422
0 0.044922 0.281250 0.041016 0.281250 0.039062 0.283203 0.039062 0.285156 0.041016 0.287109 0.042969 0.287109 0.046875 0.283203
0 0.025391 0.287109 0.023438 0.289062 0.025391 0.291016 0.027344 0.289062
0 0.462891 0.310547 0.458984 0.314453 0.462891 0.318359 0.466797 0.318359 0.468750 0.316406 0.468750 0.312500 0.466797 0.310547
0 0.291016 0.316406 0.285156 0.320312 0.285156 0.324219 0.283203 0.326172 0.283203 0.330078 0.289062 0.335938 0.294922 0.335938 0.300781 0.330078 0.300781 0.324219 0.296875 0.318359 0.294922 0.318359 0.292969 0.316406
1 0.453125 0.369141 0.449219 0.375000 0.449219 0.392578 0.457031 0.402344 0.457031 0.406250 0.462891 0.410156 0.468750 0.404297 0.468750 0.396484 0.466797 0.394531 0.468750 0.378906 0.462891 0.371094 0.458984 0.369141
0 0.146484 0.382812 0.144531 0.384766 0.146484 0.386719 0.148438 0.384766
0 0.603516 0.382812 0.599609 0.386719 0.599609 0.388672 0.603516 0.392578 0.605469 0.392578 0.609375 0.388672 0.609375 0.386719 0.605469 0.382812
0 0.960938 0.412109 0.958984 0.414062 0.960938 0.416016 0.962891 0.414062
0 0.578125 0.417969 0.574219 0.417969 0.570312 0.421875 0.570312 0.425781 0.572266 0.427734 0.574219 0.427734 0.576172 0.429688 0.582031 0.423828 0.582031 0.421875
0 0.505859 0.429688 0.503906 0.429688 0.501953 0.431641 0.501953 0.433594 0.503906 0.435547 0.507812 0.431641
0 0.750000 0.437500 0.748047 0.439453 0.750000 0.441406 0.751953 0.441406 0.753906 0.439453 0.751953 0.437500
0 0.724609 0.443359 0.720703 0.447266 0.724609 0.451172 0.728516 0.447266
0 0.892578 0.449219 0.888672 0.445312 0.884766 0.445312 0.882812 0.447266 0.880859 0.447266 0.878906 0.449219 0.878906 0.451172 0.876953 0.453125 0.880859 0.457031 0.884766 0.457031 0.886719 0.455078 0.888672 0.455078 0.892578 0.451172
0 0.853516 0.451172 0.851562 0.453125 0.853516 0.455078 0.855469 0.455078 0.857422 0.453125 0.855469 0.451172
0 0.765625 0.453125 0.761719 0.457031 0.761719 0.460938 0.765625 0.464844 0.769531 0.464844 0.775391 0.458984 0.773438 0.457031 0.773438 0.455078 0.771484 0.453125
1 0.201172 0.458984 0.199219 0.460938 0.199219 0.462891 0.195312 0.466797 0.195312 0.470703 0.191406 0.474609 0.191406 0.478516 0.193359 0.480469 0.193359 0.482422 0.199219 0.488281 0.201172 0.488281 0.205078 0.484375 0.203125 0.482422 0.203125 0.476562 0.199219 0.472656 0.201172 0.470703 0.201172 0.468750 0.205078 0.464844 0.205078 0.462891
0 0.359375 0.458984 0.355469 0.462891 0.361328 0.468750 0.365234 0.464844 0.365234 0.462891 0.361328 0.458984
0 0.882812 0.468750 0.876953 0.474609 0.880859 0.478516 0.882812 0.478516 0.886719 0.474609 0.884766 0.472656 0.884766 0.470703
0 0.570312 0.480469 0.568359 0.482422 0.570312 0.484375 0.572266 0.482422
0 0.634766 0.482422 0.632812 0.484375 0.632812 0.490234 0.638672 0.496094 0.646484 0.496094 0.650391 0.490234 0.650391 0.488281 0.648438 0.486328 0.648438 0.484375 0.644531 0.480469 0.638672 0.480469 0.636719 0.482422
0 0.687500 0.480469 0.685547 0.482422 0.685547 0.484375 0.689453 0.488281 0.691406 0.486328 0.691406 0.482422 0.689453 0.480469
0 0.410156 0.486328 0.406250 0.490234 0.410156 0.494141 0.412109 0.494141 0.414062 0.492188 0.414062 0.488281 0.412109 0.486328
0 0.587891 0.503906 0.582031 0.509766 0.582031 0.513672 0.585938 0.517578 0.589844 0.517578 0.593750 0.513672 0.593750 0.507812 0.591797 0.505859 0.589844 0.505859
0 0.806641 0.507812 0.804688 0.507812 0.798828 0.513672 0.798828 0.515625 0.796875 0.517578 0.796875 0.521484 0.800781 0.525391 0.802734 0.523438 0.804688 0.523438 0.808594 0.519531 0.808594 0.517578 0.810547 0.515625 0.810547 0.511719
0 0.099609 0.511719 0.097656 0.513672 0.101562 0.517578 0.103516 0.515625 0.103516 0.513672 0.101562 0.511719
0 0.687500 0.525391 0.685547 0.527344 0.687500 0.529297 0.689453 0.527344
0 0.343750 0.529297 0.341797 0.531250 0.341797 0.535156 0.343750 0.537109 0.345703 0.537109 0.349609 0.533203 0.345703 0.529297
0 0.359375 0.533203 0.361328 0.535156 0.369141 0.535156 0.373047 0.531250 0.369141 0.527344 0.363281 0.527344 0.359375 0.531250
0 0.498047 0.531250 0.494141 0.535156 0.494141 0.537109 0.498047 0.541016 0.501953 0.537109 0.501953 0.535156
0 0.320312 0.535156 0.316406 0.539062 0.318359 0.541016 0.320312 0.541016 0.322266 0.539062 0.322266 0.537109
0 0.732422 0.537109 0.730469 0.539062 0.724609 0.539062 0.718750 0.546875 0.718750 0.560547 0.722656 0.566406 0.730469 0.570312 0.732422 0.570312 0.738281 0.564453 0.738281 0.560547 0.736328 0.558594 0.736328 0.552734 0.740234 0.546875 0.738281 0.541016
0 0.861328 0.544922 0.857422 0.544922 0.853516 0.548828 0.857422 0.552734 0.859375 0.552734 0.863281 0.548828 0.863281 0.546875
0 0.355469 0.548828 0.353516 0.550781 0.353516 0.554688 0.355469 0.556641 0.357422 0.556641 0.359375 0.554688 0.359375 0.550781 0.357422 0.548828
0 0.789062 0.552734 0.787109 0.554688 0.787109 0.556641 0.791016 0.560547 0.794922 0.556641 0.791016 0.552734
0 0.156250 0.578125 0.152344 0.582031 0.156250 0.585938 0.158203 0.585938 0.160156 0.583984 0.160156 0.582031
0 0.630859 0.595703 0.628906 0.597656 0.630859 0.599609 0.632812 0.597656
0 0.755859 0.595703 0.753906 0.597656 0.753906 0.599609 0.755859 0.601562 0.757812 0.601562 0.759766 0.599609 0.759766 0.597656 0.757812 0.595703
0 0.736328 0.599609 0.734375 0.601562 0.734375 0.605469 0.736328 0.607422 0.738281 0.607422 0.740234 0.605469 0.740234 0.601562 0.738281 0.599609
0 0.664062 0.603516 0.660156 0.607422 0.660156 0.609375 0.666016 0.615234 0.669922 0.615234 0.673828 0.611328 0.673828 0.609375 0.671875 0.607422 0.671875 0.605469 0.669922 0.603516
0 0.716797 0.609375 0.710938 0.603516 0.708984 0.605469 0.705078 0.605469 0.701172 0.609375 0.701172 0.611328 0.695312 0.617188 0.697266 0.619141 0.703125 0.619141 0.705078 0.617188 0.707031 0.619141 0.708984 0.617188 0.712891 0.617188 0.716797 0.613281
0 0.416016 0.605469 0.410156 0.609375 0.408203 0.617188 0.406250 0.619141 0.406250 0.625000 0.412109 0.632812 0.419922 0.636719 0.427734 0.636719 0.431641 0.634766 0.435547 0.628906 0.435547 0.621094 0.433594 0.619141 0.433594 0.615234 0.427734 0.607422 0.423828 0.605469
0 0.548828 0.607422 0.542969 0.613281 0.542969 0.623047 0.544922 0.625000 0.544922 0.626953 0.552734 0.632812 0.558594 0.632812 0.564453 0.626953 0.564453 0.625000 0.566406 0.623047 0.566406 0.615234 0.558594 0.607422
0 0.498047 0.611328 0.496094 0.613281 0.496094 0.615234 0.498047 0.617188 0.500000 0.617188 0.501953 0.615234 0.501953 0.613281 0.500000 0.611328
0 0.156250 0.615234 0.154297 0.617188 0.154297 0.619141 0.156250 0.621094 0.158203 0.619141 0.158203 0.617188
0 0.761719 0.623047 0.765625 0.626953 0.771484 0.626953 0.773438 0.625000 0.773438 0.623047 0.769531 0.619141 0.765625 0.619141
0 0.892578 0.632812 0.890625 0.634766 0.892578 0.636719 0.894531 0.636719 0.896484 0.634766 0.894531 0.632812
1 0.263672 0.636719 0.259766 0.642578 0.259766 0.646484 0.265625 0.652344 0.269531 0.652344 0.277344 0.660156 0.277344 0.662109 0.279297 0.664062 0.283203 0.658203 0.283203 0.654297 0.281250 0.652344 0.281250 0.650391 0.277344 0.646484 0.275391 0.640625 0.271484 0.636719
0 0.777344 0.642578 0.773438 0.646484 0.777344 0.650391 0.779297 0.650391 0.783203 0.646484 0.779297 0.642578
0 0.708984 0.650391 0.707031 0.652344 0.707031 0.656250 0.708984 0.658203 0.712891 0.658203 0.714844 0.656250 0.714844 0.654297 0.710938 0.650391
0 0.740234 0.660156 0.738281 0.662109 0.738281 0.664062 0.740234 0.666016 0.742188 0.664062 0.742188 0.662109
0 0.287109 0.666016 0.283203 0.669922 0.285156 0.671875 0.285156 0.673828 0.287109 0.675781 0.289062 0.675781 0.291016 0.673828 0.291016 0.669922
1 0.595703 0.685547 0.580078 0.707031 0.591797 0.712891 0.605469 0.708984 0.615234 0.720703 0.634766 0.722656 0.646484 0.732422 0.642578 0.736328 0.628906 0.736328 0.625000 0.740234 0.625000 0.757812 0.630859 0.763672 0.654297 0.763672 0.664062 0.773438 0.679688 0.781250 0.681641 0.775391 0.673828 0.769531 0.679688 0.761719 0.679688 0.755859 0.658203 0.734375 0.658203 0.730469 0.667969 0.718750 0.667969 0.708984 0.664062 0.705078 0.652344 0.708984 0.648438 0.705078 0.650391 0.697266 0.646484 0.693359 0.634766 0.697266 0.621094 0.683594 0.609375 0.687500 0.601562 0.683594
0 0.291016 0.687500 0.289062 0.689453 0.289062 0.691406 0.291016 0.693359 0.291016 0.695312 0.292969 0.697266 0.294922 0.695312 0.294922 0.691406
0 0.560547 0.695312 0.550781 0.697266 0.537109 0.712891 0.533203 0.722656 0.535156 0.724609 0.535156 0.730469 0.539062 0.734375 0.554688 0.732422 0.568359 0.720703 0.572266 0.712891 0.570312 0.710938 0.570312 0.703125
0 0.775391 0.701172 0.773438 0.703125 0.775391 0.705078 0.777344 0.703125
0 0.873047 0.718750 0.871094 0.720703 0.873047 0.722656 0.875000 0.722656 0.876953 0.720703 0.875000 0.718750
0 0.291016 0.722656 0.287109 0.726562 0.287109 0.728516 0.291016 0.732422 0.294922 0.732422 0.298828 0.728516 0.298828 0.726562 0.294922 0.722656
0 0.738281 0.724609 0.736328 0.726562 0.736328 0.728516 0.740234 0.732422 0.742188 0.732422 0.744141 0.730469 0.744141 0.726562 0.742188 0.724609
0 0.810547 0.738281 0.806641 0.738281 0.804688 0.740234 0.800781 0.740234 0.798828 0.742188 0.796875 0.742188 0.792969 0.746094 0.792969 0.748047 0.800781 0.755859 0.802734 0.755859 0.804688 0.757812 0.808594 0.757812 0.816406 0.750000 0.816406 0.744141
0 0.962891 0.742188 0.958984 0.746094 0.962891 0.750000 0.966797 0.750000 0.970703 0.746094 0.970703 0.744141 0.968750 0.742188
1 0.546875 0.748047 0.544922 0.750000 0.544922 0.751953 0.550781 0.757812 0.552734 0.757812 0.554688 0.755859
0 0.578125 0.746094 0.576172 0.748047 0.576172 0.753906 0.580078 0.757812 0.583984 0.753906 0.583984 0.750000 0.580078 0.746094
0 0.722656 0.746094 0.718750 0.750000 0.718750 0.751953 0.722656 0.755859 0.724609 0.755859 0.726562 0.753906 0.726562 0.751953 0.728516 0.750000 0.724609 0.746094
0 0.511719 0.753906 0.482422 0.767578 0.482422 0.773438 0.498047 0.783203 0.496094 0.796875 0.486328 0.812500 0.498047 0.828125 0.509766 0.828125 0.517578 0.814453 0.537109 0.796875 0.537109 0.787109 0.546875 0.779297 0.544922 0.775391 0.537109 0.775391 0.527344 0.763672
0 0.699219 0.753906 0.693359 0.759766 0.693359 0.767578 0.695312 0.769531 0.699219 0.769531 0.701172 0.771484 0.703125 0.769531 0.705078 0.769531 0.708984 0.765625 0.708984 0.759766 0.707031 0.757812 0.705078 0.757812 0.701172 0.753906
0 0.562500 0.757812 0.560547 0.759766 0.560547 0.761719 0.562500 0.763672 0.564453 0.763672 0.566406 0.761719 0.566406 0.759766 0.564453 0.757812
0 0.601562 0.765625 0.599609 0.765625 0.597656 0.767578 0.591797 0.767578 0.585938 0.773438 0.585938 0.779297 0.587891 0.781250 0.589844 0.781250 0.593750 0.785156 0.595703 0.783203 0.599609 0.783203 0.601562 0.781250 0.603516 0.781250 0.607422 0.775391 0.607422 0.771484
0 0.769531 0.765625 0.765625 0.769531 0.767578 0.771484 0.769531 0.771484 0.771484 0.769531 0.771484 0.767578
0 0.800781 0.765625 0.798828 0.767578 0.798828 0.769531 0.800781 0.771484 0.804688 0.771484 0.806641 0.769531 0.806641 0.767578 0.804688 0.765625
0 0.906250 0.765625 0.902344 0.769531 0.906250 0.773438 0.908203 0.771484 0.908203 0.767578
0 0.724609 0.769531 0.720703 0.773438 0.720703 0.777344 0.722656 0.779297 0.724609 0.779297 0.728516 0.775391 0.728516 0.773438
0 0.648438 0.783203 0.642578 0.789062 0.642578 0.794922 0.644531 0.796875 0.650391 0.796875 0.652344 0.798828 0.656250 0.798828 0.658203 0.796875 0.658203 0.789062 0.652344 0.783203
0 0.683594 0.785156 0.677734 0.791016 0.677734 0.792969 0.675781 0.794922 0.675781 0.804688 0.679688 0.808594 0.685547 0.810547 0.691406 0.804688 0.691406 0.802734 0.695312 0.796875 0.695312 0.792969 0.689453 0.787109
1 0.771484 0.796875 0.767578 0.792969 0.759766 0.800781 0.757812 0.800781 0.753906 0.804688 0.753906 0.806641 0.755859 0.808594 0.757812 0.808594 0.765625 0.800781 0.767578 0.800781
0 0.828125 0.798828 0.824219 0.802734 0.828125 0.806641 0.832031 0.806641 0.833984 0.804688 0.833984 0.802734 0.830078 0.798828
1 0.929688 0.796875 0.921875 0.804688 0.927734 0.818359 0.927734 0.830078 0.937500 0.843750 0.951172 0.849609 0.957031 0.845703 0.951172 0.835938 0.933594 0.816406 0.935547 0.812500 0.933594 0.810547 0.937500 0.806641 0.937500 0.802734
0 0.613281 0.806641 0.607422 0.812500 0.607422 0.826172 0.609375 0.828125 0.609375 0.832031 0.613281 0.835938 0.619141 0.835938 0.621094 0.833984 0.623047 0.833984 0.628906 0.828125 0.628906 0.814453 0.626953 0.812500
0 0.447266 0.814453 0.445312 0.816406 0.443359 0.816406 0.439453 0.820312 0.439453 0.824219 0.441406 0.826172 0.443359 0.826172 0.445312 0.828125 0.451172 0.822266 0.451172 0.818359
0 0.589844 0.814453 0.587891 0.816406 0.589844 0.818359 0.591797 0.816406
0 0.833984 0.822266 0.826172 0.822266 0.822266 0.826172 0.822266 0.830078 0.828125 0.835938 0.830078 0.835938 0.835938 0.830078 0.835938 0.824219
0 0.654297 0.826172 0.654297 0.828125 0.656250 0.830078 0.658203 0.830078 0.660156 0.832031 0.662109 0.832031 0.664062 0.833984 0.666016 0.833984 0.667969 0.832031 0.667969 0.828125 0.664062 0.824219 0.656250 0.824219
0 0.880859 0.830078 0.876953 0.833984 0.876953 0.839844 0.884766 0.847656 0.890625 0.847656 0.892578 0.845703 0.892578 0.841797 0.890625 0.839844 0.890625 0.837891 0.884766 0.832031 0.882812 0.832031
0 0.470703 0.833984 0.468750 0.835938 0.472656 0.839844 0.474609 0.837891 0.474609 0.835938 0.472656 0.833984
0 0.591797 0.833984 0.589844 0.835938 0.591797 0.837891 0.593750 0.835938
0 0.607422 0.853516 0.603516 0.857422 0.603516 0.859375 0.607422 0.863281 0.609375 0.863281 0.613281 0.859375 0.613281 0.857422 0.609375 0.853516
0 0.691406 0.851562 0.685547 0.857422 0.685547 0.867188 0.689453 0.873047 0.691406 0.873047 0.693359 0.875000 0.697266 0.875000 0.703125 0.871094 0.703125 0.869141 0.705078 0.867188 0.705078 0.859375 0.703125 0.857422 0.703125 0.855469 0.699219 0.851562 0.697266 0.853516 0.695312 0.851562
0 0.800781 0.853516 0.798828 0.855469 0.798828 0.857422 0.800781 0.859375 0.802734 0.859375 0.804688 0.857422 0.804688 0.855469 0.802734 0.853516
0 0.548828 0.855469 0.546875 0.855469 0.542969 0.859375 0.542969 0.863281 0.544922 0.865234 0.548828 0.865234 0.550781 0.863281 0.550781 0.861328 0.552734 0.859375
0 0.771484 0.857422 0.765625 0.863281 0.769531 0.867188 0.771484 0.867188 0.775391 0.863281 0.775391 0.861328
0 0.628906 0.871094 0.625000 0.871094 0.623047 0.873047 0.621094 0.873047 0.615234 0.878906 0.615234 0.880859 0.613281 0.882812 0.613281 0.888672 0.615234 0.890625 0.615234 0.892578 0.621094 0.898438 0.623047 0.896484 0.626953 0.896484 0.632812 0.890625 0.632812 0.888672 0.634766 0.886719 0.634766 0.876953
0 0.796875 0.873047 0.794922 0.875000 0.794922 0.880859 0.796875 0.882812 0.800781 0.882812 0.804688 0.878906 0.804688 0.875000 0.802734 0.873047
0 0.582031 0.878906 0.578125 0.882812 0.578125 0.886719 0.580078 0.888672 0.580078 0.892578 0.583984 0.896484 0.583984 0.898438 0.591797 0.904297 0.599609 0.904297 0.603516 0.900391 0.603516 0.894531 0.599609 0.890625 0.597656 0.890625 0.585938 0.878906
0 0.937500 0.880859 0.935547 0.882812 0.935547 0.884766 0.937500 0.886719 0.939453 0.884766 0.939453 0.882812
1 0.859375 0.882812 0.857422 0.882812 0.855469 0.884766 0.855469 0.892578 0.853516 0.894531 0.857422 0.898438 0.861328 0.894531 0.861328 0.884766
0 0.554688 0.888672 0.548828 0.894531 0.548828 0.904297 0.554688 0.910156 0.554688 0.914062 0.544922 0.923828 0.550781 0.931641 0.554688 0.931641 0.558594 0.927734 0.560547 0.929688 0.564453 0.927734 0.580078 0.941406 0.589844 0.941406 0.597656 0.933594 0.597656 0.923828 0.591797 0.914062 0.583984 0.912109 0.582031 0.914062 0.578125 0.914062 0.566406 0.923828 0.562500 0.921875 0.558594 0.917969 0.558594 0.910156 0.564453 0.904297 0.564453 0.900391 0.566406 0.898438 0.560547 0.888672
1 0.675781 0.894531 0.671875 0.888672 0.664062 0.886719 0.658203 0.890625 0.658203 0.896484 0.654297 0.900391 0.648438 0.896484 0.644531 0.896484 0.638672 0.902344 0.636719 0.908203 0.642578 0.914062 0.652344 0.906250 0.652344 0.902344 0.656250 0.898438 0.664062 0.904297 0.669922 0.904297 0.675781 0.898438
0 0.742188 0.886719 0.738281 0.890625 0.738281 0.898438 0.744141 0.904297 0.748047 0.904297 0.750000 0.906250 0.757812 0.898438 0.757812 0.894531 0.755859 0.892578 0.755859 0.890625 0.751953 0.886719
0 0.783203 0.888672 0.781250 0.890625 0.783203 0.892578 0.785156 0.892578 0.787109 0.890625 0.785156 0.888672
0 0.826172 0.906250 0.824219 0.906250 0.818359 0.912109 0.818359 0.916016 0.822266 0.919922 0.826172 0.919922 0.830078 0.916016 0.830078 0.910156
0 0.863281 0.914062 0.859375 0.914062 0.853516 0.919922 0.853516 0.927734 0.859375 0.931641 0.861328 0.931641 0.863281 0.929688 0.865234 0.929688 0.871094 0.923828 0.871094 0.921875 0.869141 0.919922 0.869141 0.917969
0 0.781250 0.919922 0.777344 0.925781 0.777344 0.931641 0.773438 0.937500 0.773438 0.943359 0.787109 0.953125 0.791016 0.953125 0.798828 0.947266 0.802734 0.935547 0.800781 0.931641 0.787109 0.917969
0 0.460938 0.925781 0.457031 0.929688 0.457031 0.933594 0.460938 0.937500 0.462891 0.937500 0.466797 0.933594 0.466797 0.929688 0.462891 0.925781
0 0.626953 0.927734 0.623047 0.931641 0.623047 0.935547 0.625000 0.937500 0.630859 0.937500 0.632812 0.935547 0.632812 0.929688 0.630859 0.927734
1 0.742188 0.929688 0.740234 0.937500 0.746094 0.943359 0.746094 0.953125 0.751953 0.960938 0.748047 0.970703 0.748047 0.982422 0.751953 0.990234 0.750000 0.998047 0.792969 0.998047 0.783203 0.986328 0.781250 0.960938 0.767578 0.960938 0.763672 0.957031 0.763672 0.949219 0.751953 0.937500 0.751953 0.933594
0 0.832031 0.931641 0.824219 0.931641 0.820312 0.935547 0.820312 0.943359 0.818359 0.945312 0.822266 0.949219 0.828125 0.945312 0.832031 0.945312 0.837891 0.939453 0.837891 0.937500
0 0.880859 0.931641 0.878906 0.933594 0.878906 0.937500 0.882812 0.941406 0.886719 0.941406 0.890625 0.937500 0.890625 0.935547 0.888672 0.933594 0.886719 0.933594 0.884766 0.931641
0 0.541016 0.933594 0.537109 0.937500 0.537109 0.939453 0.542969 0.945312 0.544922 0.945312 0.548828 0.941406 0.546875 0.939453 0.546875 0.935547 0.544922 0.933594
0 0.558594 0.951172 0.556641 0.953125 0.556641 0.957031 0.560547 0.960938 0.564453 0.957031 0.564453 0.955078 0.560547 0.951172
0 0.845703 0.949219 0.841797 0.953125 0.843750 0.955078 0.843750 0.958984 0.845703 0.960938 0.847656 0.960938 0.853516 0.955078 0.853516 0.953125 0.851562 0.951172 0.849609 0.951172 0.847656 0.949219
0 0.613281 0.968750 0.609375 0.968750 0.607422 0.970703 0.605469 0.970703 0.601562 0.974609 0.601562 0.976562 0.599609 0.978516 0.599609 0.984375 0.601562 0.986328 0.601562 0.988281 0.607422 0.992188 0.611328 0.992188 0.613281 0.990234 0.615234 0.990234 0.621094 0.984375 0.621094 0.976562 0.619141 0.974609 0.619141 0.972656
0 0.558594 0.972656 0.556641 0.974609 0.556641 0.976562 0.558594 0.978516 0.560547 0.976562 0.560547 0.974609
0 0.986328 0.974609 0.984375 0.976562 0.984375 0.980469 0.986328 0.982422 0.990234 0.978516
0 0.914062 0.986328 0.910156 0.990234 0.912109 0.992188 0.914062 0.992188 0.916016 0.990234 0.916016 0.988281
0 0.539062 0.994141 0.539062 0.998047 0.556641 0.998047 0.554688 0.996094 0.554688 0.994141 0.548828 0.988281 0.542969 0.988281 0.541016 0.990234 0.541016 0.992188
1 0.693359 0.996094 0.695312 0.998047 0.714844 0.998047 0.710938 0.994141 0.708984 0.994141 0.707031 0.996094 0.705078 0.996094 0.703125 0.998047 0.701172 0.996094 0.699219 0.996094 0.697266 0.994141 0.695312 0.994141
