1 0.001953 0.070312 0.000000 0.070312 0.000000 0.089844 0.005859 0.083984 0.005859 0.076172 0.003906 0.074219 0.003906 0.072266
1 0.212891 0.115234 0.208984 0.111328 0.207031 0.111328 0.197266 0.121094 0.195312 0.121094 0.193359 0.123047 0.189453 0.123047 0.187500 0.125000 0.187500 0.126953 0.189453 0.128906 0.193359 0.128906 0.195312 0.126953 0.201172 0.125000 0.205078 0.121094 0.208984 0.121094 0.212891 0.117188
0 0.244141 0.115234 0.242188 0.115234 0.238281 0.119141 0.238281 0.121094 0.242188 0.125000 0.246094 0.121094 0.246094 0.117188
0 0.156250 0.121094 0.152344 0.125000 0.152344 0.128906 0.158203 0.136719 0.158203 0.144531 0.156250 0.148438 0.158203 0.152344 0.164062 0.158203 0.166016 0.158203 0.183594 0.142578 0.183594 0.134766 0.177734 0.130859 0.167969 0.132812
1 0.138672 0.128906 0.126953 0.130859 0.121094 0.134766 0.115234 0.134766 0.113281 0.132812 0.109375 0.134766 0.109375 0.142578 0.111328 0.146484 0.103516 0.154297 0.101562 0.152344 0.097656 0.152344 0.087891 0.164062 0.087891 0.167969 0.070312 0.189453 0.068359 0.193359 0.070312 0.195312 0.068359 0.199219 0.070312 0.201172 0.074219 0.199219 0.080078 0.191406 0.093750 0.179688 0.097656 0.169922 0.105469 0.162109 0.111328 0.160156 0.123047 0.146484 0.126953 0.146484 0.138672 0.138672 0.140625 0.134766 0.140625 0.130859
1 0.000000 0.152344 0.023438 0.595703 0.082031 0.601562 0.025391 0.707031 0.115234 0.675781 0.142578 0.744141 0.222656 0.701172 0.222656 0.810547 0.259766 0.779297 0.300781 0.808594 0.312500 0.947266 0.417969 0.851562 0.488281 0.873047 0.533203 0.830078 0.548828 0.875000 0.591797 0.751953 0.562500 0.761719 0.558594 0.720703 0.503906 0.718750 0.480469 0.796875 0.412109 0.769531 0.427734 0.832031 0.343750 0.841797 0.246094 0.708984 0.345703 0.650391 0.337891 0.560547 0.375000 0.621094 0.501953 0.533203 0.388672 0.566406 0.308594 0.496094 0.320312 0.595703 0.271484 0.654297 0.146484 0.640625 0.201172 0.546875 0.253906 0.535156 0.216797 0.482422 0.263672 0.472656 0.179688 0.449219 0.187500 0.513672 0.111328 0.515625 0.097656 0.402344 0.177734 0.335938 0.044922 0.269531 0.064453 0.199219 0.019531 0.205078
0 0.072266 0.169922 0.070312 0.171875 0.072266 0.173828 0.074219 0.171875
0 0.269531 0.171875 0.265625 0.175781 0.265625 0.177734 0.267578 0.179688 0.269531 0.179688 0.271484 0.177734 0.271484 0.173828
0 0.367188 0.197266 0.363281 0.201172 0.367188 0.205078 0.369141 0.205078 0.371094 0.203125 0.369141 0.201172 0.369141 0.199219
0 0.142578 0.208984 0.140625 0.210938 0.142578 0.212891 0.144531 0.210938
0 0.849609 0.226562 0.847656 0.228516 0.847656 0.230469 0.845703 0.232422 0.845703 0.234375 0.851562 0.240234 0.859375 0.240234 0.861328 0.238281 0.861328 0.236328 0.863281 0.234375 0.863281 0.232422 0.861328 0.230469 0.861328 0.228516 0.859375 0.226562 0.857422 0.226562 0.855469 0.224609 0.853516 0.224609 0.851562 0.226562
0 0.810547 0.236328 0.804688 0.242188 0.804688 0.250000 0.810547 0.255859 0.814453 0.255859 0.816406 0.253906 0.818359 0.253906 0.822266 0.250000 0.822266 0.244141 0.818359 0.238281 0.816406 0.238281 0.814453 0.236328
0 0.224609 0.261719 0.224609 0.257812 0.220703 0.253906 0.216797 0.253906 0.214844 0.255859 0.205078 0.255859 0.201172 0.259766 0.203125 0.261719 0.205078 0.261719 0.210938 0.265625 0.220703 0.265625
0 0.146484 0.267578 0.144531 0.269531 0.146484 0.271484 0.148438 0.271484 0.150391 0.269531 0.148438 0.267578
0 0.175781 0.275391 0.175781 0.283203 0.195312 0.302734 0.195312 0.308594 0.199219 0.312500 0.199219 0.320312 0.185547 0.332031 0.187500 0.335938 0.193359 0.335938 0.207031 0.322266 0.210938 0.324219 0.222656 0.322266 0.224609 0.320312 0.228516 0.322266 0.230469 0.320312 0.238281 0.320312 0.246094 0.314453 0.244141 0.312500 0.230469 0.312500 0.220703 0.316406 0.212891 0.316406 0.205078 0.310547 0.205078 0.306641 0.195312 0.296875 0.195312 0.292969 0.189453 0.285156 0.189453 0.275391 0.183594 0.269531
1 0.291016 0.281250 0.287109 0.281250 0.281250 0.287109 0.281250 0.291016 0.283203 0.292969 0.285156 0.292969 0.291016 0.287109 0.291016 0.285156 0.292969 0.283203
0 0.314453 0.285156 0.310547 0.289062 0.312500 0.291016 0.312500 0.294922 0.314453 0.296875 0.316406 0.294922 0.316406 0.292969 0.318359 0.291016 0.318359 0.289062
0 0.300781 0.292969 0.298828 0.294922 0.298828 0.296875 0.300781 0.298828 0.302734 0.296875 0.302734 0.294922
0 0.335938 0.294922 0.333984 0.296875 0.333984 0.298828 0.337891 0.302734 0.341797 0.302734 0.343750 0.300781 0.343750 0.298828 0.341797 0.296875 0.339844 0.296875 0.337891 0.294922
0 0.363281 0.294922 0.357422 0.294922 0.353516 0.298828 0.353516 0.302734 0.351562 0.304688 0.353516 0.306641 0.353516 0.308594 0.359375 0.312500 0.363281 0.308594 0.365234 0.308594 0.369141 0.304688 0.369141 0.300781
0 0.265625 0.298828 0.265625 0.304688 0.269531 0.308594 0.273438 0.308594 0.277344 0.304688 0.281250 0.304688 0.283203 0.302734 0.281250 0.300781 0.275391 0.300781 0.271484 0.296875 0.267578 0.296875
0 0.160156 0.304688 0.158203 0.306641 0.158203 0.312500 0.162109 0.316406 0.166016 0.316406 0.167969 0.314453 0.166016 0.312500 0.166016 0.310547
0 0.404297 0.308594 0.402344 0.310547 0.402344 0.312500 0.406250 0.316406 0.408203 0.314453 0.408203 0.310547 0.406250 0.308594
0 0.421875 0.316406 0.419922 0.318359 0.421875 0.320312 0.423828 0.318359
0 0.447266 0.318359 0.445312 0.320312 0.447266 0.322266 0.449219 0.320312
0 0.462891 0.326172 0.458984 0.330078 0.460938 0.332031 0.462891 0.332031 0.464844 0.330078 0.464844 0.328125
0 0.712891 0.341797 0.710938 0.343750 0.712891 0.345703 0.714844 0.345703 0.716797 0.343750 0.714844 0.341797
0 0.472656 0.345703 0.470703 0.347656 0.470703 0.349609 0.474609 0.353516 0.478516 0.349609 0.474609 0.345703
0 0.472656 0.363281 0.470703 0.363281 0.464844 0.369141 0.464844 0.371094 0.468750 0.375000 0.472656 0.375000 0.476562 0.371094 0.476562 0.367188
0 0.529297 0.365234 0.527344 0.367188 0.529297 0.369141 0.531250 0.369141 0.533203 0.367188 0.531250 0.365234
0 0.451172 0.373047 0.445312 0.378906 0.445312 0.382812 0.447266 0.384766 0.449219 0.384766 0.451172 0.386719 0.453125 0.384766 0.455078 0.386719 0.457031 0.384766 0.457031 0.382812 0.458984 0.380859 0.458984 0.376953 0.455078 0.373047
0 0.544922 0.378906 0.539062 0.378906 0.535156 0.382812 0.535156 0.386719 0.537109 0.388672 0.537109 0.396484 0.539062 0.398438 0.541016 0.398438 0.542969 0.396484 0.542969 0.392578 0.544922 0.390625 0.544922 0.388672 0.546875 0.386719 0.546875 0.380859
1 0.416016 0.388672 0.421875 0.394531 0.429688 0.398438 0.435547 0.398438 0.445312 0.408203 0.447266 0.408203 0.451172 0.404297 0.451172 0.402344 0.437500 0.390625 0.431641 0.390625 0.423828 0.384766 0.419922 0.384766
0 0.132812 0.402344 0.130859 0.404297 0.130859 0.406250 0.128906 0.408203 0.132812 0.412109 0.134766 0.412109 0.136719 0.410156 0.136719 0.408203 0.138672 0.406250 0.134766 0.402344
0 0.253906 0.404297 0.250000 0.408203 0.250000 0.410156 0.253906 0.414062 0.255859 0.414062 0.259766 0.410156
0 0.316406 0.408203 0.304688 0.417969 0.302734 0.421875 0.302734 0.429688 0.312500 0.435547 0.318359 0.433594 0.320312 0.435547 0.328125 0.437500 0.333984 0.433594 0.333984 0.427734 0.332031 0.425781 0.330078 0.427734 0.324219 0.421875 0.322266 0.410156 0.320312 0.408203
0 0.556641 0.408203 0.554688 0.410156 0.554688 0.412109 0.556641 0.414062 0.560547 0.414062 0.562500 0.412109 0.558594 0.408203
0 0.279297 0.414062 0.277344 0.416016 0.279297 0.417969 0.281250 0.417969 0.283203 0.416016 0.281250 0.414062
0 0.417969 0.416016 0.416016 0.417969 0.416016 0.419922 0.419922 0.423828 0.421875 0.421875 0.421875 0.417969 0.419922 0.416016
0 0.472656 0.416016 0.470703 0.417969 0.470703 0.421875 0.472656 0.423828 0.476562 0.423828 0.478516 0.421875 0.478516 0.419922 0.474609 0.416016
1 0.251953 0.423828 0.250000 0.421875 0.244141 0.421875 0.242188 0.423828 0.240234 0.423828 0.236328 0.427734 0.236328 0.431641 0.232422 0.435547 0.234375 0.437500 0.238281 0.433594 0.240234 0.433594 0.242188 0.431641 0.244141 0.431641
0 0.849609 0.427734 0.847656 0.429688 0.847656 0.435547 0.853516 0.441406 0.859375 0.441406 0.865234 0.435547 0.865234 0.431641 0.861328 0.425781 0.853516 0.425781 0.851562 0.427734
0 0.384766 0.431641 0.382812 0.433594 0.384766 0.435547 0.386719 0.433594
0 0.431641 0.429688 0.429688 0.429688 0.419922 0.439453 0.417969 0.439453 0.412109 0.445312 0.412109 0.447266 0.416016 0.451172 0.425781 0.451172 0.427734 0.449219 0.429688 0.449219 0.433594 0.445312 0.433594 0.439453 0.435547 0.437500 0.435547 0.433594
0 0.656250 0.429688 0.650391 0.433594 0.650391 0.439453 0.652344 0.441406 0.652344 0.443359 0.658203 0.449219 0.658203 0.451172 0.660156 0.453125 0.664062 0.453125 0.671875 0.445312 0.671875 0.441406 0.669922 0.439453 0.669922 0.437500 0.664062 0.431641 0.662109 0.431641 0.660156 0.429688
1 0.306641 0.443359 0.302734 0.447266 0.302734 0.449219 0.304688 0.451172 0.306641 0.451172 0.312500 0.457031 0.312500 0.460938 0.318359 0.466797 0.326172 0.466797 0.330078 0.462891 0.330078 0.457031 0.322266 0.451172 0.314453 0.451172
0 0.283203 0.447266 0.279297 0.451172 0.279297 0.457031 0.281250 0.458984 0.281250 0.468750 0.285156 0.472656 0.287109 0.472656 0.291016 0.468750 0.291016 0.464844 0.289062 0.462891 0.289062 0.460938 0.292969 0.455078 0.291016 0.453125 0.291016 0.451172 0.287109 0.447266
0 0.642578 0.449219 0.638672 0.449219 0.636719 0.451172 0.636719 0.453125 0.638672 0.455078 0.640625 0.455078 0.644531 0.451172
0 0.503906 0.455078 0.500000 0.458984 0.503906 0.462891 0.505859 0.462891 0.507812 0.460938 0.507812 0.457031 0.505859 0.455078
0 0.527344 0.453125 0.525391 0.455078 0.529297 0.458984 0.531250 0.457031 0.531250 0.455078 0.529297 0.453125
0 0.433594 0.458984 0.431641 0.460938 0.431641 0.464844 0.433594 0.466797 0.437500 0.466797 0.441406 0.462891 0.441406 0.460938 0.439453 0.458984
0 0.554688 0.457031 0.552734 0.458984 0.552734 0.462891 0.556641 0.466797 0.560547 0.462891 0.560547 0.460938 0.556641 0.457031
0 0.154297 0.472656 0.152344 0.474609 0.152344 0.476562 0.154297 0.478516 0.156250 0.478516 0.158203 0.476562 0.158203 0.474609 0.156250 0.472656
0 0.464844 0.492188 0.462891 0.492188 0.458984 0.496094 0.458984 0.498047 0.460938 0.500000 0.464844 0.500000 0.466797 0.498047 0.466797 0.494141
0 0.914062 0.492188 0.912109 0.494141 0.912109 0.496094 0.914062 0.498047 0.916016 0.496094 0.916016 0.494141
0 0.380859 0.498047 0.376953 0.501953 0.380859 0.505859 0.384766 0.505859 0.388672 0.501953 0.384766 0.498047
0 0.679688 0.498047 0.677734 0.500000 0.679688 0.501953 0.681641 0.500000
0 0.406250 0.500000 0.396484 0.507812 0.392578 0.515625 0.392578 0.519531 0.396484 0.527344 0.410156 0.531250 0.416016 0.535156 0.419922 0.533203 0.429688 0.521484 0.427734 0.517578 0.427734 0.507812 0.417969 0.500000
0 0.488281 0.509766 0.484375 0.505859 0.482422 0.505859 0.480469 0.507812 0.478516 0.507812 0.476562 0.509766 0.476562 0.511719 0.478516 0.513672 0.484375 0.513672
0 0.273438 0.517578 0.265625 0.525391 0.265625 0.527344 0.267578 0.529297 0.269531 0.529297 0.275391 0.523438 0.275391 0.519531
1 0.505859 0.515625 0.503906 0.517578 0.507812 0.521484 0.509766 0.521484 0.511719 0.523438 0.513672 0.521484 0.513672 0.519531 0.511719 0.517578 0.507812 0.517578
0 0.757812 0.527344 0.755859 0.529297 0.755859 0.531250 0.757812 0.533203 0.759766 0.531250 0.759766 0.529297
0 0.257812 0.552734 0.255859 0.554688 0.257812 0.556641 0.259766 0.554688
0 0.769531 0.566406 0.765625 0.570312 0.769531 0.574219 0.773438 0.570312
0 0.234375 0.580078 0.232422 0.582031 0.232422 0.583984 0.238281 0.589844 0.242188 0.585938 0.240234 0.583984 0.240234 0.582031 0.238281 0.580078
0 0.486328 0.580078 0.484375 0.582031 0.486328 0.583984 0.488281 0.583984 0.490234 0.582031 0.488281 0.580078
0 0.505859 0.580078 0.503906 0.582031 0.505859 0.583984 0.507812 0.583984 0.509766 0.582031 0.507812 0.580078
0 0.535156 0.582031 0.533203 0.580078 0.523438 0.591797 0.519531 0.591797 0.513672 0.587891 0.498047 0.599609 0.496094 0.607422 0.509766 0.617188 0.515625 0.617188 0.525391 0.611328 0.537109 0.611328 0.541016 0.607422 0.541016 0.603516 0.531250 0.589844
0 0.607422 0.583984 0.603516 0.587891 0.603516 0.591797 0.607422 0.595703 0.611328 0.595703 0.615234 0.591797 0.615234 0.587891 0.611328 0.583984
0 0.705078 0.583984 0.703125 0.585938 0.707031 0.589844 0.708984 0.587891 0.708984 0.585938 0.707031 0.583984
0 0.285156 0.587891 0.281250 0.591797 0.281250 0.593750 0.279297 0.595703 0.281250 0.597656 0.279297 0.599609 0.285156 0.603516 0.287109 0.601562 0.291016 0.605469 0.292969 0.605469 0.294922 0.607422 0.296875 0.605469 0.296875 0.601562 0.292969 0.595703 0.292969 0.591797 0.289062 0.587891
0 0.304688 0.589844 0.302734 0.591797 0.304688 0.593750 0.306641 0.593750 0.308594 0.591797 0.306641 0.589844
0 0.263672 0.605469 0.261719 0.607422 0.261719 0.609375 0.263672 0.611328 0.265625 0.609375 0.265625 0.607422
0 0.574219 0.605469 0.572266 0.605469 0.570312 0.607422 0.570312 0.609375 0.572266 0.611328 0.576172 0.607422
0 0.283203 0.615234 0.281250 0.617188 0.275391 0.617188 0.273438 0.615234 0.271484 0.615234 0.269531 0.617188 0.269531 0.628906 0.271484 0.630859 0.273438 0.630859 0.275391 0.628906 0.275391 0.626953 0.281250 0.621094 0.283203 0.621094 0.285156 0.619141 0.285156 0.617188
0 0.421875 0.615234 0.417969 0.619141 0.427734 0.628906 0.427734 0.634766 0.433594 0.644531 0.433594 0.648438 0.443359 0.656250 0.457031 0.654297 0.462891 0.644531 0.462891 0.638672 0.457031 0.626953 0.445312 0.617188 0.425781 0.617188
0 0.548828 0.617188 0.544922 0.621094 0.544922 0.625000 0.546875 0.626953 0.546875 0.628906 0.548828 0.630859 0.550781 0.630859 0.556641 0.625000 0.554688 0.623047 0.554688 0.621094 0.550781 0.617188
0 0.361328 0.621094 0.359375 0.623047 0.361328 0.625000 0.363281 0.623047
0 0.748047 0.621094 0.746094 0.621094 0.740234 0.626953 0.740234 0.634766 0.742188 0.636719 0.748047 0.636719 0.753906 0.630859 0.753906 0.626953
0 0.515625 0.625000 0.513672 0.626953 0.515625 0.628906 0.517578 0.626953
0 0.539062 0.634766 0.537109 0.636719 0.535156 0.636719 0.531250 0.640625 0.531250 0.646484 0.537109 0.652344 0.542969 0.652344 0.546875 0.648438 0.546875 0.640625 0.544922 0.638672 0.542969 0.638672
0 0.689453 0.632812 0.687500 0.634766 0.687500 0.636719 0.689453 0.638672 0.691406 0.636719 0.691406 0.634766
0 0.402344 0.636719 0.398438 0.638672 0.394531 0.644531 0.394531 0.662109 0.404297 0.669922 0.414062 0.669922 0.421875 0.662109 0.423828 0.654297 0.419922 0.646484 0.414062 0.640625 0.406250 0.636719
0 0.630859 0.654297 0.634766 0.660156 0.640625 0.660156 0.642578 0.658203 0.646484 0.662109 0.646484 0.667969 0.656250 0.675781 0.666016 0.671875 0.669922 0.667969 0.669922 0.656250 0.666016 0.652344 0.660156 0.652344 0.658203 0.650391 0.650391 0.654297 0.646484 0.650391 0.644531 0.644531 0.638672 0.644531
0 0.750000 0.652344 0.748047 0.654297 0.748047 0.658203 0.744141 0.662109 0.744141 0.667969 0.748047 0.673828 0.750000 0.673828 0.751953 0.675781 0.755859 0.675781 0.757812 0.673828 0.759766 0.673828 0.763672 0.669922 0.763672 0.666016 0.765625 0.664062 0.765625 0.660156 0.759766 0.654297 0.755859 0.654297 0.753906 0.652344
0 0.484375 0.662109 0.476562 0.662109 0.468750 0.673828 0.472656 0.677734 0.476562 0.673828 0.482422 0.673828 0.488281 0.667969
0 0.705078 0.660156 0.703125 0.662109 0.705078 0.664062 0.707031 0.664062 0.708984 0.662109 0.707031 0.660156
0 0.957031 0.664062 0.953125 0.667969 0.957031 0.671875 0.958984 0.669922 0.958984 0.666016
0 0.716797 0.667969 0.714844 0.669922 0.714844 0.671875 0.718750 0.675781 0.722656 0.671875 0.718750 0.667969
1 0.527344 0.691406 0.525391 0.691406 0.519531 0.697266 0.519531 0.699219 0.515625 0.703125 0.513672 0.703125 0.511719 0.705078 0.511719 0.707031 0.515625 0.710938 0.517578 0.710938 0.529297 0.699219 0.529297 0.693359
0 0.484375 0.697266 0.482422 0.699219 0.484375 0.701172 0.486328 0.701172 0.488281 0.699219 0.486328 0.697266
0 0.625000 0.695312 0.621094 0.695312 0.617188 0.699219 0.617188 0.701172 0.621094 0.705078 0.623047 0.705078 0.628906 0.699219
0 0.669922 0.697266 0.666016 0.701172 0.666016 0.703125 0.667969 0.705078 0.667969 0.707031 0.669922 0.708984 0.673828 0.708984 0.679688 0.703125 0.675781 0.699219 0.671875 0.699219
0 0.855469 0.695312 0.853516 0.697266 0.855469 0.699219 0.857422 0.697266
0 0.564453 0.705078 0.560547 0.708984 0.560547 0.710938 0.562500 0.712891 0.562500 0.714844 0.564453 0.716797 0.568359 0.716797 0.572266 0.712891 0.572266 0.708984 0.568359 0.705078
0 0.392578 0.708984 0.390625 0.710938 0.392578 0.712891 0.394531 0.712891 0.396484 0.710938 0.394531 0.708984
1 0.640625 0.726562 0.636719 0.722656 0.636719 0.720703 0.628906 0.712891 0.626953 0.712891 0.621094 0.716797 0.615234 0.716797 0.613281 0.718750 0.613281 0.722656 0.609375 0.726562 0.607422 0.724609 0.603516 0.724609 0.599609 0.728516 0.599609 0.730469 0.601562 0.732422 0.607422 0.732422 0.615234 0.726562 0.619141 0.728516 0.630859 0.728516 0.632812 0.730469
0 0.650391 0.716797 0.646484 0.720703 0.646484 0.722656 0.650391 0.726562 0.656250 0.720703 0.654297 0.718750 0.652344 0.718750
0 0.714844 0.718750 0.710938 0.722656 0.714844 0.726562 0.718750 0.722656
1 0.728516 0.724609 0.728516 0.728516 0.736328 0.736328 0.736328 0.738281 0.740234 0.742188 0.742188 0.740234 0.746094 0.744141 0.746094 0.746094 0.748047 0.748047 0.751953 0.748047 0.755859 0.744141 0.757812 0.746094 0.761719 0.742188 0.761719 0.736328 0.759766 0.734375 0.753906 0.734375 0.750000 0.738281 0.746094 0.738281 0.738281 0.730469 0.738281 0.726562 0.744141 0.720703 0.742188 0.718750 0.740234 0.720703 0.738281 0.718750 0.734375 0.718750
0 0.363281 0.724609 0.361328 0.726562 0.365234 0.730469 0.367188 0.728516 0.367188 0.726562 0.365234 0.724609
0 0.583984 0.722656 0.582031 0.724609 0.582031 0.726562 0.583984 0.728516 0.585938 0.728516 0.587891 0.726562 0.587891 0.724609 0.585938 0.722656
0 0.640625 0.744141 0.638672 0.746094 0.638672 0.748047 0.640625 0.750000 0.644531 0.750000 0.646484 0.748047 0.642578 0.744141
0 0.675781 0.742188 0.673828 0.744141 0.673828 0.746094 0.675781 0.748047 0.677734 0.748047 0.679688 0.746094
0 0.902344 0.744141 0.898438 0.748047 0.898438 0.750000 0.900391 0.751953 0.904297 0.751953 0.906250 0.750000 0.906250 0.748047
0 0.628906 0.750000 0.626953 0.748047 0.625000 0.748047 0.621094 0.751953 0.623047 0.753906 0.626953 0.753906 0.628906 0.751953
0 0.687500 0.748047 0.685547 0.750000 0.687500 0.751953 0.689453 0.751953 0.691406 0.750000 0.689453 0.748047
1 0.666016 0.761719 0.666016 0.763672 0.671875 0.769531 0.673828 0.767578 0.681641 0.767578 0.683594 0.765625 0.687500 0.765625 0.691406 0.769531 0.691406 0.773438 0.693359 0.775391 0.699219 0.769531 0.699219 0.765625 0.697266 0.763672 0.695312 0.765625 0.691406 0.765625 0.685547 0.761719 0.681641 0.761719 0.673828 0.757812 0.669922 0.757812
0 0.730469 0.767578 0.728516 0.769531 0.728516 0.771484 0.732422 0.775391 0.736328 0.775391 0.738281 0.773438 0.738281 0.769531 0.736328 0.767578
0 0.794922 0.767578 0.792969 0.769531 0.792969 0.771484 0.794922 0.773438 0.796875 0.773438 0.798828 0.771484 0.798828 0.769531 0.796875 0.767578
0 0.947266 0.765625 0.945312 0.767578 0.947266 0.769531 0.949219 0.769531 0.951172 0.767578 0.949219 0.765625
0 0.593750 0.769531 0.589844 0.773438 0.589844 0.775391 0.593750 0.779297 0.597656 0.775391 0.597656 0.773438
1 0.605469 0.769531 0.601562 0.773438 0.605469 0.777344 0.597656 0.785156 0.597656 0.789062 0.599609 0.791016 0.599609 0.792969 0.605469 0.798828 0.609375 0.798828 0.611328 0.796875 0.611328 0.794922 0.607422 0.789062 0.607422 0.785156 0.611328 0.781250 0.611328 0.775391 0.609375 0.773438 0.609375 0.771484 0.607422 0.769531
0 0.703125 0.777344 0.699219 0.783203 0.699219 0.787109 0.701172 0.789062 0.701172 0.791016 0.703125 0.792969 0.712891 0.792969 0.716797 0.787109 0.716797 0.781250 0.712891 0.777344
0 0.824219 0.781250 0.822266 0.783203 0.822266 0.785156 0.824219 0.787109 0.826172 0.787109 0.828125 0.785156 0.828125 0.783203 0.826172 0.781250
0 0.775391 0.789062 0.773438 0.791016 0.773438 0.792969 0.769531 0.796875 0.775391 0.802734 0.779297 0.802734 0.781250 0.804688 0.785156 0.800781 0.785156 0.798828 0.783203 0.796875 0.783203 0.792969 0.779297 0.789062
0 0.728516 0.798828 0.726562 0.798828 0.722656 0.802734 0.722656 0.808594 0.724609 0.810547 0.726562 0.810547 0.730469 0.806641 0.730469 0.804688 0.732422 0.802734
0 0.943359 0.796875 0.941406 0.798828 0.943359 0.800781 0.945312 0.800781 0.947266 0.798828 0.945312 0.796875
0 0.585938 0.802734 0.583984 0.804688 0.580078 0.804688 0.578125 0.806641 0.578125 0.810547 0.576172 0.812500 0.578125 0.814453 0.578125 0.818359 0.576172 0.820312 0.576172 0.826172 0.585938 0.832031 0.587891 0.830078 0.589844 0.830078 0.595703 0.824219 0.595703 0.822266 0.597656 0.820312 0.597656 0.816406 0.595703 0.814453 0.595703 0.812500
0 0.695312 0.802734 0.687500 0.812500 0.695312 0.818359 0.703125 0.816406 0.707031 0.820312 0.707031 0.826172 0.712891 0.830078 0.716797 0.830078 0.720703 0.826172 0.720703 0.820312 0.716797 0.814453 0.712891 0.814453 0.708984 0.810547 0.714844 0.804688 0.712891 0.802734 0.708984 0.804688
0 0.910156 0.802734 0.908203 0.804688 0.910156 0.806641 0.912109 0.806641 0.914062 0.804688 0.912109 0.802734
0 0.742188 0.810547 0.738281 0.814453 0.742188 0.818359 0.744141 0.818359 0.748047 0.814453 0.746094 0.812500 0.744141 0.812500
0 0.865234 0.822266 0.859375 0.828125 0.859375 0.833984 0.863281 0.837891 0.865234 0.837891 0.871094 0.832031 0.871094 0.828125
1 0.763672 0.828125 0.757812 0.861328 0.742188 0.878906 0.744141 0.904297 0.753906 0.896484 0.767578 0.900391 0.773438 0.882812 0.792969 0.906250 0.812500 0.896484 0.826172 0.912109 0.824219 0.927734 0.833984 0.939453 0.849609 0.943359 0.853516 0.933594 0.845703 0.925781 0.851562 0.919922 0.865234 0.917969 0.898438 0.949219 0.912109 0.949219 0.917969 0.943359 0.917969 0.937500 0.900391 0.921875 0.900391 0.900391 0.896484 0.896484 0.890625 0.900391 0.861328 0.898438 0.824219 0.861328 0.806641 0.871094 0.789062 0.847656 0.783203 0.830078 0.775391 0.824219
0 0.984375 0.824219 0.978516 0.830078 0.978516 0.832031 0.976562 0.833984 0.976562 0.837891 0.978516 0.839844 0.978516 0.841797 0.984375 0.847656 0.992188 0.847656 0.994141 0.845703 0.998047 0.845703 0.998047 0.830078 0.996094 0.830078 0.990234 0.826172 0.986328 0.826172
0 0.701172 0.830078 0.697266 0.833984 0.697266 0.835938 0.699219 0.837891 0.701172 0.837891 0.705078 0.833984
1 0.660156 0.832031 0.652344 0.851562 0.652344 0.861328 0.658203 0.871094 0.648438 0.880859 0.626953 0.884766 0.621094 0.892578 0.615234 0.916016 0.619141 0.941406 0.636719 0.998047 0.695312 0.998047 0.695312 0.988281 0.671875 0.966797 0.673828 0.947266 0.667969 0.941406 0.654297 0.947266 0.628906 0.919922 0.636719 0.894531 0.642578 0.888672 0.652344 0.886719 0.666016 0.898438 0.666016 0.882812 0.681641 0.876953 0.679688 0.859375 0.669922 0.847656 0.667969 0.837891
0 0.728516 0.832031 0.726562 0.833984 0.730469 0.837891 0.732422 0.835938 0.732422 0.833984 0.730469 0.832031
0 0.900391 0.835938 0.896484 0.839844 0.896484 0.841797 0.900391 0.845703 0.902344 0.845703 0.904297 0.843750 0.904297 0.839844
1 0.585938 0.839844 0.583984 0.841797 0.589844 0.847656 0.583984 0.853516 0.583984 0.859375 0.585938 0.861328 0.589844 0.861328 0.591797 0.859375 0.591797 0.853516 0.589844 0.851562 0.591797 0.849609 0.587891 0.845703 0.589844 0.843750 0.589844 0.841797 0.587891 0.839844
0 0.798828 0.843750 0.796875 0.845703 0.798828 0.847656 0.800781 0.847656 0.802734 0.845703 0.800781 0.843750
0 0.718750 0.849609 0.716797 0.851562 0.718750 0.853516 0.720703 0.853516 0.722656 0.851562 0.720703 0.849609
0 0.851562 0.857422 0.847656 0.861328 0.849609 0.863281 0.851562 0.863281 0.853516 0.861328 0.853516 0.859375
0 0.947266 0.857422 0.945312 0.857422 0.943359 0.859375 0.943359 0.867188 0.941406 0.869141 0.941406 0.871094 0.945312 0.875000 0.951172 0.869141 0.951172 0.861328
1 0.855469 0.878906 0.857422 0.882812 0.861328 0.880859 0.869141 0.880859 0.875000 0.886719 0.878906 0.886719 0.880859 0.884766 0.888672 0.888672 0.890625 0.886719 0.888672 0.880859 0.884766 0.876953 0.884766 0.873047 0.878906 0.867188 0.873047 0.867188 0.863281 0.876953 0.857422 0.876953
0 0.402344 0.875000 0.398438 0.878906 0.398438 0.884766 0.400391 0.886719 0.400391 0.888672 0.406250 0.892578 0.414062 0.892578 0.417969 0.888672 0.417969 0.886719 0.421875 0.880859 0.419922 0.878906 0.416016 0.878906 0.410156 0.875000
0 0.703125 0.880859 0.701172 0.882812 0.701172 0.884766 0.699219 0.886719 0.701172 0.888672 0.701172 0.890625 0.703125 0.892578 0.707031 0.892578 0.712891 0.886719 0.710938 0.884766 0.710938 0.882812 0.708984 0.880859
0 0.451172 0.882812 0.449219 0.884766 0.449219 0.886719 0.451172 0.888672 0.453125 0.886719 0.453125 0.884766
0 0.570312 0.882812 0.568359 0.882812 0.564453 0.886719 0.564453 0.888672 0.566406 0.890625 0.568359 0.890625 0.570312 0.888672 0.570312 0.886719 0.572266 0.884766
0 0.519531 0.888672 0.523438 0.892578 0.523438 0.904297 0.529297 0.910156 0.533203 0.910156 0.537109 0.906250 0.539062 0.900391 0.544922 0.894531 0.548828 0.896484 0.550781 0.894531 0.548828 0.892578 0.544922 0.894531 0.539062 0.888672 0.531250 0.888672 0.529297 0.890625 0.525391 0.890625 0.521484 0.886719
0 0.726562 0.892578 0.724609 0.894531 0.726562 0.896484 0.728516 0.894531
0 0.500000 0.898438 0.496094 0.902344 0.496094 0.906250 0.498047 0.908203 0.500000 0.908203 0.503906 0.904297 0.503906 0.902344
0 0.921875 0.900391 0.919922 0.902344 0.919922 0.904297 0.921875 0.906250 0.925781 0.906250 0.927734 0.904297 0.927734 0.902344 0.925781 0.900391
0 0.697266 0.908203 0.693359 0.908203 0.691406 0.910156 0.691406 0.919922 0.695312 0.923828 0.699219 0.919922 0.699219 0.917969 0.701172 0.916016 0.701172 0.914062 0.699219 0.912109 0.699219 0.910156
0 0.931641 0.912109 0.927734 0.916016 0.927734 0.919922 0.925781 0.921875 0.925781 0.925781 0.931641 0.931641 0.933594 0.931641 0.935547 0.933594 0.941406 0.927734 0.941406 0.921875 0.939453 0.919922 0.939453 0.917969 0.933594 0.912109
0 0.726562 0.914062 0.722656 0.914062 0.720703 0.916016 0.720703 0.917969 0.718750 0.919922 0.724609 0.925781 0.730469 0.919922 0.728516 0.917969 0.728516 0.916016
0 0.595703 0.927734 0.591797 0.931641 0.591797 0.937500 0.595703 0.941406 0.599609 0.941406 0.603516 0.937500 0.603516 0.931641 0.599609 0.927734
0 0.492188 0.939453 0.488281 0.943359 0.488281 0.945312 0.490234 0.947266 0.494141 0.947266 0.496094 0.945312 0.496094 0.943359
0 0.953125 0.937500 0.949219 0.937500 0.945312 0.941406 0.945312 0.943359 0.943359 0.945312 0.943359 0.953125 0.947266 0.957031 0.951172 0.957031 0.958984 0.949219 0.958984 0.941406
0 0.585938 0.945312 0.582031 0.941406 0.580078 0.941406 0.576172 0.945312 0.574219 0.945312 0.570312 0.949219 0.572266 0.951172 0.574219 0.951172 0.576172 0.949219 0.580078 0.949219 0.582031 0.951172 0.585938 0.947266
1 0.802734 0.958984 0.806641 0.964844 0.812500 0.964844 0.820312 0.957031 0.824219 0.955078 0.828125 0.958984 0.833984 0.955078 0.833984 0.951172 0.832031 0.949219 0.828125 0.949219 0.824219 0.953125 0.818359 0.953125 0.814453 0.949219 0.808594 0.947266 0.802734 0.953125
0 0.703125 0.955078 0.701172 0.957031 0.701172 0.960938 0.703125 0.962891 0.705078 0.962891 0.708984 0.958984 0.705078 0.955078
0 0.869141 0.953125 0.863281 0.958984 0.861328 0.974609 0.871094 0.986328 0.875000 0.984375 0.882812 0.986328 0.898438 0.970703 0.894531 0.962891 0.884766 0.953125
0 0.998047 0.970703 0.994141 0.974609 0.994141 0.976562 0.998047 0.980469
0 0.785156 0.974609 0.783203 0.976562 0.783203 0.978516 0.785156 0.980469 0.787109 0.980469 0.789062 0.978516 0.789062 0.976562 0.787109 0.974609
0 0.292969 0.976562 0.291016 0.978516 0.292969 0.980469 0.294922 0.980469 0.296875 0.978516 0.294922 0.976562
1 0.464844 0.990234 0.462891 0.986328 0.455078 0.978516 0.449219 0.978516 0.445312 0.980469 0.431641 0.996094 0.427734 0.996094 0.425781 0.998047 0.462891 0.998047
0 0.730469 0.982422 0.730469 0.984375 0.734375 0.988281 0.740234 0.988281 0.744141 0.984375 0.744141 0.982422 0.740234 0.978516 0.736328 0.978516 0.734375 0.980469 0.732422 0.980469
0 0.986328 0.980469 0.984375 0.978516 0.980469 0.978516 0.978516 0.980469 0.974609 0.980469 0.972656 0.982422 0.972656 0.984375 0.976562 0.988281 0.978516 0.986328 0.980469 0.986328
0 0.593750 0.994141 0.593750 0.998047 0.611328 0.998047 0.611328 0.996094 0.609375 0.994141 0.609375 0.992188 0.603516 0.986328 0.599609 0.986328 0.595703 0.990234 0.595703 0.992188
1 0.830078 0.988281 0.826172 0.984375 0.820312 0.990234 0.814453 0.990234 0.810547 0.986328 0.806641 0.990234 0.806641 0.992188 0.804688 0.994141 0.804688 0.998047 0.814453 0.998047 0.818359 0.994141 0.820312 0.994141 0.824219 0.998047 0.830078 0.992188
0 0.912109 0.998047 0.933594 0.998047 0.933594 0.994141 0.931641 0.992188 0.931641 0.990234 0.927734 0.986328 0.923828 0.986328 0.921875 0.984375 0.919922 0.984375 0.914062 0.990234 0.914062 0.996094
1 0.542969 0.998047 0.550781 0.998047 0.548828 0.996094 0.544922 0.996094
1 0.875000 0.998047 0.886719 0.998047 0.884766 0.996094 0.876953 0.996094
