1 0.087891 0.056641 0.000000 0.046875 0.000000 0.066406 0.023438 0.062500 0.013672 0.072266 0.033203 0.085938 0.039062 0.140625 0.027344 0.167969 0.000000 0.169922 0.000000 0.289062 0.017578 0.269531 0.111328 0.242188 0.123047 0.250000 0.179688 0.177734 0.177734 0.144531 0.156250 0.107422
1 0.000000 0.152344 0.000000 0.166016 0.001953 0.164062 0.001953 0.162109 0.003906 0.160156 0.001953 0.158203 0.001953 0.154297
1 0.000000 0.294922 0.013672 0.511719 0.111328 0.582031 0.066406 0.722656 0.255859 0.660156 0.304688 0.738281 0.273438 0.812500 0.347656 0.839844 0.291016 0.888672 0.257812 0.837891 0.279297 0.896484 0.181641 0.914062 0.125000 0.998047 0.234375 0.951172 0.330078 0.998047 0.261719 0.929688 0.529297 0.810547 0.541016 0.675781 0.492188 0.818359 0.357422 0.822266 0.326172 0.693359 0.435547 0.734375 0.373047 0.611328 0.503906 0.609375 0.335938 0.576172 0.136719 0.642578 0.123047 0.513672 0.195312 0.486328 0.236328 0.388672 0.292969 0.425781 0.375000 0.363281 0.267578 0.388672 0.152344 0.308594 0.214844 0.380859 0.117188 0.460938 0.072266 0.402344 0.117188 0.265625 0.064453 0.324219
0 0.337891 0.300781 0.335938 0.302734 0.335938 0.304688 0.339844 0.308594 0.343750 0.304688 0.339844 0.300781
0 0.486328 0.347656 0.484375 0.349609 0.488281 0.353516 0.490234 0.351562 0.490234 0.349609 0.488281 0.347656
0 0.417969 0.357422 0.416016 0.359375 0.417969 0.361328 0.419922 0.359375
0 0.380859 0.367188 0.380859 0.369141 0.386719 0.375000 0.388672 0.375000 0.390625 0.376953 0.394531 0.376953 0.396484 0.375000 0.398438 0.375000 0.402344 0.371094 0.402344 0.369141 0.400391 0.367188 0.400391 0.365234 0.394531 0.361328 0.388672 0.361328 0.386719 0.363281 0.384766 0.363281
0 0.449219 0.371094 0.447266 0.373047 0.447266 0.378906 0.449219 0.380859 0.453125 0.380859 0.455078 0.378906 0.455078 0.375000 0.451172 0.371094
0 0.460938 0.417969 0.460938 0.421875 0.464844 0.425781 0.472656 0.425781 0.474609 0.423828 0.474609 0.421875 0.476562 0.419922 0.476562 0.416016 0.474609 0.414062 0.466797 0.414062 0.464844 0.416016 0.462891 0.416016
0 0.486328 0.429688 0.482422 0.433594 0.482422 0.439453 0.484375 0.441406 0.490234 0.441406 0.494141 0.437500 0.494141 0.433594 0.490234 0.429688
0 0.337891 0.441406 0.332031 0.435547 0.330078 0.435547 0.328125 0.437500 0.326172 0.437500 0.324219 0.439453 0.324219 0.441406 0.322266 0.443359 0.326172 0.447266 0.332031 0.447266
0 0.417969 0.435547 0.416016 0.437500 0.417969 0.439453 0.419922 0.437500
1 0.531250 0.441406 0.525391 0.445312 0.523438 0.451172 0.517578 0.457031 0.513672 0.457031 0.509766 0.460938 0.509766 0.462891 0.515625 0.468750 0.517578 0.468750 0.519531 0.470703 0.525391 0.464844 0.525391 0.460938 0.533203 0.453125 0.533203 0.451172 0.535156 0.449219 0.535156 0.445312
0 0.384766 0.464844 0.380859 0.468750 0.382812 0.470703 0.382812 0.472656 0.384766 0.474609 0.388672 0.474609 0.390625 0.472656 0.390625 0.466797 0.388672 0.464844
0 0.441406 0.470703 0.439453 0.472656 0.439453 0.474609 0.437500 0.476562 0.437500 0.480469 0.439453 0.482422 0.439453 0.484375 0.441406 0.486328 0.451172 0.486328 0.455078 0.482422 0.449219 0.476562 0.449219 0.474609 0.445312 0.470703
0 0.464844 0.474609 0.462891 0.474609 0.460938 0.476562 0.460938 0.478516 0.462891 0.480469 0.466797 0.476562
0 0.423828 0.498047 0.421875 0.500000 0.423828 0.501953 0.425781 0.500000
0 0.486328 0.501953 0.486328 0.505859 0.492188 0.515625 0.492188 0.519531 0.494141 0.521484 0.492188 0.523438 0.494141 0.525391 0.500000 0.521484 0.503906 0.523438 0.513672 0.523438 0.525391 0.513672 0.525391 0.509766 0.521484 0.505859 0.517578 0.505859 0.513672 0.501953 0.503906 0.498047 0.490234 0.498047
0 0.859375 0.496094 0.857422 0.498047 0.857422 0.500000 0.859375 0.501953 0.861328 0.500000 0.861328 0.498047
0 0.400391 0.501953 0.398438 0.503906 0.400391 0.505859 0.402344 0.505859 0.404297 0.503906 0.402344 0.501953
0 0.296875 0.505859 0.294922 0.507812 0.298828 0.511719 0.300781 0.509766
0 0.472656 0.519531 0.470703 0.521484 0.470703 0.523438 0.472656 0.525391 0.474609 0.525391 0.476562 0.523438 0.476562 0.521484 0.474609 0.519531
0 0.531250 0.527344 0.531250 0.529297 0.533203 0.531250 0.535156 0.531250 0.537109 0.533203 0.539062 0.533203 0.542969 0.537109 0.546875 0.537109 0.550781 0.533203 0.550781 0.531250 0.548828 0.529297 0.548828 0.527344 0.546875 0.525391 0.533203 0.525391
0 0.271484 0.533203 0.269531 0.535156 0.269531 0.537109 0.271484 0.539062 0.273438 0.539062 0.275391 0.537109 0.275391 0.535156 0.273438 0.533203
0 0.326172 0.531250 0.314453 0.541016 0.310547 0.541016 0.306641 0.546875 0.310547 0.550781 0.314453 0.548828 0.322266 0.558594 0.320312 0.560547 0.326172 0.566406 0.328125 0.564453 0.333984 0.566406 0.345703 0.552734 0.343750 0.550781 0.345703 0.548828 0.345703 0.541016 0.337891 0.531250
1 0.517578 0.535156 0.513672 0.539062 0.513672 0.542969 0.515625 0.544922 0.515625 0.554688 0.509766 0.560547 0.503906 0.562500 0.494141 0.572266 0.490234 0.572266 0.486328 0.576172 0.486328 0.580078 0.488281 0.582031 0.488281 0.583984 0.496094 0.589844 0.503906 0.589844 0.507812 0.585938 0.507812 0.582031 0.501953 0.574219 0.507812 0.568359 0.509766 0.568359 0.515625 0.562500 0.517578 0.562500 0.527344 0.552734 0.527344 0.550781 0.531250 0.546875 0.521484 0.537109 0.519531 0.537109
0 0.365234 0.546875 0.361328 0.550781 0.359375 0.550781 0.355469 0.554688 0.361328 0.560547 0.363281 0.560547 0.365234 0.558594 0.367188 0.558594 0.371094 0.554688 0.369141 0.552734 0.369141 0.550781
0 0.451172 0.546875 0.447266 0.550781 0.451172 0.554688 0.455078 0.550781
0 0.607422 0.546875 0.605469 0.548828 0.607422 0.550781 0.609375 0.548828
0 0.304688 0.568359 0.302734 0.570312 0.302734 0.574219 0.304688 0.576172 0.308594 0.572266
0 0.445312 0.568359 0.443359 0.570312 0.443359 0.572266 0.445312 0.574219 0.447266 0.572266 0.447266 0.570312
0 0.521484 0.576172 0.519531 0.578125 0.519531 0.580078 0.523438 0.583984 0.525391 0.583984 0.527344 0.582031 0.527344 0.580078 0.525391 0.578125 0.523438 0.578125
0 0.607422 0.578125 0.603516 0.582031 0.605469 0.583984 0.605469 0.585938 0.609375 0.589844 0.611328 0.587891 0.611328 0.583984 0.613281 0.582031 0.609375 0.578125
0 0.859375 0.580078 0.857422 0.582031 0.857422 0.585938 0.861328 0.589844 0.865234 0.589844 0.869141 0.585938 0.869141 0.583984 0.865234 0.580078
0 0.626953 0.583984 0.625000 0.583984 0.621094 0.587891 0.621094 0.589844 0.619141 0.591797 0.619141 0.595703 0.621094 0.597656 0.625000 0.597656 0.626953 0.595703 0.628906 0.595703 0.632812 0.591797 0.632812 0.589844
0 0.529297 0.595703 0.525391 0.599609 0.529297 0.603516 0.529297 0.605469 0.531250 0.607422 0.535156 0.607422 0.537109 0.605469 0.537109 0.603516
0 0.589844 0.593750 0.587891 0.595703 0.591797 0.599609 0.593750 0.597656 0.593750 0.595703 0.591797 0.593750
0 0.695312 0.597656 0.691406 0.597656 0.685547 0.603516 0.685547 0.605469 0.687500 0.607422 0.687500 0.609375 0.691406 0.613281 0.693359 0.611328 0.697266 0.611328 0.701172 0.607422 0.701172 0.601562 0.699219 0.599609 0.697266 0.599609
0 0.890625 0.601562 0.886719 0.605469 0.886719 0.609375 0.880859 0.615234 0.882812 0.617188 0.884766 0.615234 0.888672 0.615234 0.890625 0.617188 0.896484 0.619141 0.900391 0.615234 0.900391 0.609375 0.896484 0.603516
0 0.652344 0.607422 0.650391 0.609375 0.650391 0.613281 0.652344 0.615234 0.654297 0.615234 0.656250 0.613281 0.656250 0.611328
0 0.759766 0.605469 0.757812 0.607422 0.753906 0.607422 0.750000 0.611328 0.750000 0.613281 0.748047 0.615234 0.748047 0.621094 0.751953 0.625000 0.753906 0.625000 0.755859 0.626953 0.757812 0.625000 0.759766 0.625000 0.765625 0.619141 0.765625 0.611328
1 0.562500 0.609375 0.560547 0.611328 0.560547 0.617188 0.562500 0.619141 0.562500 0.626953 0.564453 0.628906 0.566406 0.628906 0.568359 0.626953 0.568359 0.613281 0.564453 0.609375
0 0.591797 0.611328 0.589844 0.611328 0.585938 0.615234 0.585938 0.617188 0.587891 0.619141 0.589844 0.617188 0.591797 0.617188 0.593750 0.615234 0.593750 0.613281
0 0.154297 0.621094 0.152344 0.619141 0.150391 0.619141 0.146484 0.623047 0.148438 0.625000 0.152344 0.625000 0.154297 0.623047
0 0.685547 0.621094 0.681641 0.617188 0.679688 0.617188 0.677734 0.619141 0.675781 0.619141 0.673828 0.621094 0.671875 0.621094 0.669922 0.623047 0.667969 0.623047 0.666016 0.625000 0.666016 0.626953 0.667969 0.628906 0.677734 0.628906 0.679688 0.630859 0.685547 0.625000
0 0.927734 0.621094 0.925781 0.623047 0.925781 0.625000 0.927734 0.626953 0.929688 0.626953 0.931641 0.625000 0.931641 0.623047 0.929688 0.621094
0 0.636719 0.634766 0.634766 0.634766 0.630859 0.638672 0.630859 0.644531 0.632812 0.646484 0.634766 0.646484 0.638672 0.642578 0.636719 0.640625 0.638672 0.638672 0.638672 0.636719
0 0.681641 0.634766 0.679688 0.636719 0.679688 0.638672 0.681641 0.640625 0.683594 0.638672 0.683594 0.636719
0 0.529297 0.648438 0.523438 0.642578 0.519531 0.642578 0.517578 0.644531 0.513672 0.644531 0.509766 0.648438 0.509766 0.650391 0.515625 0.656250 0.523438 0.656250 0.527344 0.652344 0.527344 0.650391
0 0.730469 0.642578 0.726562 0.642578 0.724609 0.644531 0.724609 0.648438 0.728516 0.652344 0.734375 0.646484
0 0.900391 0.642578 0.898438 0.644531 0.898438 0.648438 0.902344 0.652344 0.904297 0.652344 0.908203 0.648438 0.908203 0.644531 0.906250 0.642578
0 0.582031 0.675781 0.587891 0.679688 0.601562 0.669922 0.609375 0.669922 0.613281 0.673828 0.619141 0.673828 0.625000 0.669922 0.625000 0.662109 0.617188 0.658203 0.615234 0.660156 0.605469 0.658203 0.591797 0.644531 0.585938 0.652344 0.585938 0.656250 0.589844 0.662109 0.582031 0.671875
1 0.455078 0.654297 0.453125 0.656250 0.453125 0.667969 0.457031 0.671875 0.457031 0.679688 0.458984 0.681641 0.458984 0.683594 0.460938 0.685547 0.462891 0.685547 0.466797 0.679688 0.466797 0.675781 0.462891 0.669922 0.462891 0.666016 0.464844 0.664062 0.462891 0.662109 0.464844 0.660156 0.458984 0.654297
0 0.792969 0.652344 0.787109 0.658203 0.787109 0.664062 0.789062 0.666016 0.792969 0.666016 0.798828 0.660156 0.798828 0.658203
1 0.667969 0.675781 0.662109 0.687500 0.673828 0.697266 0.671875 0.703125 0.675781 0.718750 0.693359 0.730469 0.691406 0.744141 0.707031 0.750000 0.708984 0.746094 0.701172 0.728516 0.716797 0.716797 0.714844 0.701172 0.705078 0.691406 0.683594 0.689453 0.675781 0.677734
0 0.783203 0.675781 0.777344 0.675781 0.775391 0.677734 0.773438 0.677734 0.769531 0.681641 0.769531 0.687500 0.773438 0.691406 0.779297 0.691406 0.785156 0.685547 0.785156 0.677734
0 0.734375 0.683594 0.730469 0.687500 0.730469 0.697266 0.736328 0.703125 0.738281 0.703125 0.740234 0.701172 0.742188 0.701172 0.746094 0.697266 0.746094 0.689453 0.740234 0.683594
0 0.576172 0.693359 0.574219 0.695312 0.572266 0.695312 0.568359 0.699219 0.566406 0.705078 0.560547 0.710938 0.560547 0.714844 0.562500 0.716797 0.568359 0.712891 0.574219 0.712891 0.580078 0.707031 0.580078 0.705078 0.582031 0.703125 0.582031 0.699219
0 0.611328 0.693359 0.609375 0.695312 0.609375 0.699219 0.611328 0.701172 0.613281 0.699219 0.615234 0.699219 0.617188 0.701172 0.619141 0.699219 0.615234 0.695312 0.613281 0.695312
1 0.466797 0.695312 0.458984 0.695312 0.455078 0.699219 0.457031 0.710938 0.451172 0.716797 0.443359 0.716797 0.439453 0.722656 0.441406 0.724609 0.439453 0.734375 0.441406 0.742188 0.445312 0.746094 0.449219 0.746094 0.453125 0.742188 0.455078 0.734375 0.460938 0.728516 0.466797 0.726562 0.464844 0.710938 0.462891 0.708984 0.470703 0.701172
0 0.794922 0.695312 0.792969 0.697266 0.794922 0.699219 0.796875 0.697266
1 0.486328 0.703125 0.482422 0.707031 0.482422 0.714844 0.478516 0.718750 0.480469 0.720703 0.486328 0.720703 0.494141 0.726562 0.513672 0.734375 0.519531 0.726562 0.505859 0.712891 0.501953 0.712891 0.500000 0.710938 0.498047 0.712891
0 0.617188 0.708984 0.615234 0.710938 0.615234 0.714844 0.617188 0.716797 0.619141 0.716797 0.623047 0.712891 0.619141 0.708984
0 0.949219 0.722656 0.945312 0.726562 0.945312 0.728516 0.949219 0.732422 0.951172 0.732422 0.955078 0.728516 0.955078 0.726562 0.951172 0.722656
0 0.558594 0.726562 0.554688 0.730469 0.554688 0.732422 0.558594 0.736328 0.560547 0.736328 0.564453 0.732422 0.564453 0.730469 0.560547 0.726562
0 0.982422 0.734375 0.980469 0.734375 0.974609 0.740234 0.970703 0.740234 0.964844 0.746094 0.964844 0.748047 0.968750 0.751953 0.974609 0.751953 0.978516 0.748047 0.978516 0.746094 0.982422 0.742188 0.982422 0.740234 0.984375 0.738281 0.984375 0.736328
0 0.507812 0.742188 0.503906 0.746094 0.507812 0.750000 0.509766 0.750000 0.511719 0.748047 0.511719 0.746094
0 0.259766 0.748047 0.257812 0.750000 0.259766 0.751953 0.261719 0.750000
0 0.443359 0.759766 0.441406 0.761719 0.441406 0.763672 0.439453 0.765625 0.439453 0.769531 0.443359 0.773438 0.447266 0.773438 0.453125 0.767578 0.453125 0.763672 0.451172 0.761719 0.449219 0.761719 0.447266 0.759766
0 0.599609 0.767578 0.597656 0.769531 0.599609 0.771484 0.601562 0.771484 0.603516 0.769531 0.601562 0.767578
0 0.402344 0.769531 0.400391 0.771484 0.400391 0.777344 0.402344 0.779297 0.406250 0.779297 0.412109 0.773438 0.408203 0.769531
0 0.623047 0.771484 0.619141 0.775391 0.619141 0.777344 0.617188 0.779297 0.623047 0.785156 0.632812 0.785156 0.634766 0.783203 0.634766 0.777344 0.628906 0.771484
0 0.656250 0.769531 0.654297 0.771484 0.652344 0.771484 0.650391 0.773438 0.650391 0.777344 0.654297 0.781250 0.656250 0.781250 0.660156 0.777344 0.660156 0.773438
1 0.851562 0.769531 0.849609 0.771484 0.847656 0.771484 0.843750 0.775391 0.843750 0.781250 0.839844 0.787109 0.839844 0.789062 0.843750 0.794922 0.845703 0.794922 0.851562 0.789062 0.849609 0.787109 0.857422 0.777344 0.857422 0.773438
0 0.712891 0.773438 0.710938 0.773438 0.708984 0.775391 0.708984 0.777344 0.710938 0.779297 0.714844 0.775391
0 0.433594 0.779297 0.431641 0.781250 0.431641 0.787109 0.435547 0.791016 0.437500 0.789062 0.439453 0.791016 0.441406 0.789062 0.441406 0.781250 0.439453 0.779297
0 0.552734 0.781250 0.548828 0.785156 0.550781 0.787109 0.550781 0.800781 0.556641 0.808594 0.558594 0.808594 0.560547 0.810547 0.564453 0.810547 0.568359 0.806641 0.568359 0.800781 0.566406 0.798828 0.566406 0.792969 0.564453 0.791016 0.564453 0.787109 0.560547 0.783203 0.558594 0.783203 0.556641 0.781250
0 0.474609 0.798828 0.472656 0.800781 0.476562 0.804688 0.478516 0.802734 0.478516 0.800781 0.476562 0.798828
0 0.664062 0.802734 0.660156 0.806641 0.664062 0.810547 0.666016 0.810547 0.669922 0.806641 0.666016 0.802734
0 0.941406 0.800781 0.937500 0.804688 0.937500 0.808594 0.941406 0.812500 0.945312 0.812500 0.949219 0.808594 0.949219 0.804688 0.947266 0.802734 0.945312 0.802734 0.943359 0.800781
0 0.910156 0.810547 0.908203 0.812500 0.906250 0.812500 0.902344 0.818359 0.902344 0.828125 0.904297 0.830078 0.904297 0.832031 0.912109 0.839844 0.917969 0.839844 0.923828 0.833984 0.923828 0.822266 0.921875 0.820312 0.921875 0.816406 0.919922 0.814453 0.917969 0.814453 0.914062 0.810547
0 0.992188 0.814453 0.988281 0.818359 0.988281 0.820312 0.994141 0.826172 0.996094 0.826172 0.998047 0.828125 0.998047 0.816406 0.996094 0.814453
0 0.306641 0.820312 0.302734 0.824219 0.302734 0.826172 0.304688 0.828125 0.304688 0.830078 0.306641 0.832031 0.312500 0.832031 0.316406 0.828125 0.316406 0.824219 0.312500 0.820312
0 0.947266 0.832031 0.943359 0.835938 0.943359 0.841797 0.947266 0.845703 0.955078 0.845703 0.958984 0.841797 0.958984 0.839844 0.951172 0.832031
0 0.982422 0.832031 0.978516 0.835938 0.978516 0.841797 0.982422 0.845703 0.986328 0.845703 0.992188 0.839844 0.990234 0.837891 0.990234 0.835938 0.988281 0.833984 0.986328 0.833984 0.984375 0.832031
0 0.777344 0.835938 0.773438 0.835938 0.771484 0.837891 0.775391 0.841797 0.779297 0.837891
0 0.294922 0.853516 0.292969 0.855469 0.292969 0.863281 0.296875 0.867188 0.300781 0.867188 0.304688 0.863281 0.304688 0.857422 0.300781 0.853516
0 0.505859 0.865234 0.503906 0.867188 0.503906 0.869141 0.505859 0.871094 0.507812 0.869141 0.507812 0.867188
0 0.919922 0.875000 0.917969 0.876953 0.919922 0.878906 0.921875 0.876953
0 0.466797 0.880859 0.462891 0.884766 0.462891 0.886719 0.468750 0.892578 0.470703 0.892578 0.472656 0.890625 0.472656 0.886719
1 0.773438 0.925781 0.779297 0.927734 0.785156 0.923828 0.794922 0.923828 0.804688 0.912109 0.828125 0.923828 0.835938 0.917969 0.835938 0.912109 0.830078 0.906250 0.820312 0.906250 0.812500 0.902344 0.800781 0.906250 0.794922 0.900391 0.785156 0.898438 0.777344 0.906250
0 0.972656 0.900391 0.968750 0.900391 0.966797 0.898438 0.960938 0.898438 0.958984 0.900391 0.957031 0.900391 0.951172 0.906250 0.951172 0.912109 0.953125 0.914062 0.953125 0.916016 0.958984 0.921875 0.960938 0.919922 0.968750 0.919922 0.976562 0.912109 0.976562 0.906250
0 0.941406 0.906250 0.937500 0.902344 0.933594 0.906250 0.935547 0.908203 0.939453 0.908203
0 0.867188 0.914062 0.867188 0.923828 0.869141 0.927734 0.875000 0.931641 0.894531 0.929688 0.902344 0.923828 0.902344 0.919922 0.898438 0.916016 0.898438 0.914062 0.888672 0.906250 0.876953 0.906250
0 0.919922 0.912109 0.917969 0.914062 0.917969 0.917969 0.921875 0.921875 0.925781 0.917969 0.925781 0.916016 0.921875 0.912109
0 0.605469 0.923828 0.599609 0.923828 0.597656 0.925781 0.597656 0.929688 0.601562 0.933594 0.607422 0.927734 0.607422 0.925781
0 0.839844 0.925781 0.835938 0.929688 0.835938 0.933594 0.841797 0.939453 0.843750 0.939453 0.847656 0.935547 0.847656 0.929688 0.843750 0.925781
0 0.310547 0.931641 0.308594 0.933594 0.310547 0.935547 0.312500 0.935547 0.314453 0.933594 0.312500 0.931641
1 0.708984 0.933594 0.699219 0.933594 0.691406 0.941406 0.687500 0.988281 0.683594 0.998047 0.708984 0.998047 0.714844 0.986328 0.718750 0.949219 0.716797 0.941406
0 0.917969 0.955078 0.916016 0.955078 0.914062 0.957031 0.914062 0.960938 0.916016 0.962891 0.919922 0.958984 0.919922 0.957031
0 0.515625 0.960938 0.511719 0.964844 0.511719 0.970703 0.515625 0.974609 0.517578 0.974609 0.521484 0.970703 0.521484 0.964844 0.519531 0.962891 0.517578 0.962891
0 0.826172 0.960938 0.824219 0.962891 0.824219 0.966797 0.828125 0.970703 0.830078 0.970703 0.833984 0.966797 0.833984 0.962891 0.832031 0.960938
0 0.988281 0.964844 0.986328 0.966797 0.988281 0.968750 0.990234 0.966797
0 0.943359 0.976562 0.941406 0.976562 0.939453 0.978516 0.937500 0.978516 0.929688 0.986328 0.929688 0.990234 0.931641 0.992188 0.933594 0.992188 0.935547 0.994141 0.937500 0.992188 0.939453 0.992188 0.945312 0.986328 0.945312 0.984375 0.947266 0.982422 0.947266 0.980469
0 0.861328 0.996094 0.861328 0.998047 0.878906 0.998047 0.878906 0.994141 0.873047 0.988281 0.869141 0.988281 0.867188 0.990234 0.865234 0.990234 0.863281 0.992188 0.863281 0.994141
