0 0.064453 0.021484 0.060547 0.021484 0.056641 0.025391 0.050781 0.027344 0.044922 0.033203 0.044922 0.037109 0.052734 0.044922 0.056641 0.044922 0.064453 0.037109 0.064453 0.035156 0.066406 0.033203 0.066406 0.023438
1 0.000000 0.099609 0.000000 0.300781 0.050781 0.337891 0.000000 0.341797 0.025391 0.449219 0.000000 0.423828 0.000000 0.519531 0.048828 0.619141 0.091797 0.642578 0.125000 0.708984 0.185547 0.707031 0.181641 0.789062 0.275391 0.732422 0.347656 0.728516 0.365234 0.755859 0.361328 0.728516 0.394531 0.724609 0.392578 0.781250 0.468750 0.740234 0.533203 0.671875 0.517578 0.605469 0.455078 0.535156 0.318359 0.578125 0.269531 0.636719 0.236328 0.582031 0.197266 0.593750 0.244141 0.599609 0.244141 0.628906 0.177734 0.646484 0.076172 0.603516 0.052734 0.552734 0.070312 0.505859 0.177734 0.472656 0.080078 0.435547 0.082031 0.378906 0.111328 0.369141 0.105469 0.261719 0.080078 0.214844 0.000000 0.183594
0 0.492188 0.160156 0.490234 0.162109 0.490234 0.164062 0.492188 0.166016 0.494141 0.164062 0.494141 0.162109
0 0.537109 0.167969 0.533203 0.171875 0.533203 0.177734 0.535156 0.179688 0.541016 0.179688 0.542969 0.177734 0.542969 0.171875 0.539062 0.167969
0 0.566406 0.183594 0.562500 0.187500 0.566406 0.191406 0.570312 0.191406 0.574219 0.187500 0.574219 0.185547 0.572266 0.183594
0 0.433594 0.191406 0.431641 0.193359 0.431641 0.195312 0.433594 0.197266 0.437500 0.197266 0.439453 0.195312 0.439453 0.193359 0.437500 0.191406
0 0.605469 0.210938 0.603516 0.212891 0.605469 0.214844 0.607422 0.212891
0 0.623047 0.210938 0.621094 0.212891 0.623047 0.214844 0.625000 0.214844 0.626953 0.212891 0.625000 0.210938
0 0.572266 0.226562 0.568359 0.230469 0.568359 0.236328 0.570312 0.238281 0.576172 0.238281 0.580078 0.234375 0.580078 0.230469 0.576172 0.226562
0 0.343750 0.234375 0.343750 0.244141 0.351562 0.250000 0.361328 0.251953 0.363281 0.250000 0.367188 0.250000 0.371094 0.246094 0.371094 0.242188 0.369141 0.240234 0.369141 0.238281 0.361328 0.230469 0.349609 0.230469
0 0.548828 0.263672 0.550781 0.265625 0.566406 0.265625 0.572266 0.261719 0.572266 0.259766 0.574219 0.257812 0.574219 0.253906 0.570312 0.248047 0.566406 0.248047 0.564453 0.246094 0.558594 0.246094 0.552734 0.251953 0.552734 0.257812
0 0.259766 0.279297 0.253906 0.285156 0.253906 0.292969 0.259766 0.298828 0.263672 0.298828 0.265625 0.296875 0.265625 0.281250 0.263672 0.279297
0 0.335938 0.277344 0.332031 0.281250 0.332031 0.283203 0.333984 0.285156 0.337891 0.285156 0.339844 0.283203 0.339844 0.281250
0 0.837891 0.289062 0.833984 0.292969 0.835938 0.294922 0.837891 0.294922 0.839844 0.292969 0.839844 0.291016
0 0.212891 0.292969 0.210938 0.294922 0.210938 0.296875 0.212891 0.298828 0.214844 0.296875 0.214844 0.294922
0 0.779297 0.300781 0.773438 0.306641 0.773438 0.310547 0.775391 0.312500 0.775391 0.314453 0.777344 0.316406 0.779297 0.316406 0.781250 0.318359 0.783203 0.318359 0.789062 0.312500 0.789062 0.306641 0.783203 0.300781
0 0.320312 0.304688 0.318359 0.306641 0.320312 0.308594 0.322266 0.306641
0 0.224609 0.310547 0.197266 0.355469 0.210938 0.373047 0.199219 0.392578 0.177734 0.398438 0.166016 0.388672 0.158203 0.394531 0.148438 0.390625 0.134766 0.404297 0.115234 0.382812 0.134766 0.414062 0.150391 0.398438 0.164062 0.400391 0.171875 0.410156 0.189453 0.402344 0.197266 0.406250 0.185547 0.421875 0.201172 0.447266 0.187500 0.462891 0.193359 0.472656 0.214844 0.466797 0.220703 0.460938 0.222656 0.443359 0.234375 0.455078 0.240234 0.453125 0.228516 0.435547 0.228516 0.425781 0.218750 0.417969 0.218750 0.408203 0.236328 0.380859 0.224609 0.376953 0.208984 0.359375 0.210938 0.343750 0.228516 0.314453
1 0.269531 0.320312 0.263672 0.320312 0.259766 0.324219 0.261719 0.330078 0.265625 0.333984 0.261719 0.337891 0.257812 0.337891 0.250000 0.345703 0.250000 0.353516 0.255859 0.359375 0.261719 0.359375 0.271484 0.351562 0.271484 0.345703 0.265625 0.339844 0.265625 0.335938 0.273438 0.328125 0.273438 0.324219
0 0.361328 0.332031 0.355469 0.337891 0.355469 0.341797 0.359375 0.345703 0.361328 0.345703 0.363281 0.347656 0.367188 0.347656 0.371094 0.343750 0.371094 0.335938 0.369141 0.333984 0.367188 0.333984 0.365234 0.332031
0 0.373047 0.365234 0.365234 0.365234 0.361328 0.369141 0.361328 0.376953 0.363281 0.378906 0.365234 0.378906 0.367188 0.380859 0.369141 0.378906 0.373047 0.378906 0.378906 0.373047 0.376953 0.371094 0.376953 0.369141
0 0.144531 0.376953 0.142578 0.378906 0.144531 0.380859 0.146484 0.380859 0.148438 0.378906 0.146484 0.376953
0 0.119141 0.410156 0.117188 0.412109 0.117188 0.416016 0.119141 0.417969 0.121094 0.417969 0.125000 0.414062 0.121094 0.410156
0 0.343750 0.423828 0.341797 0.425781 0.341797 0.429688 0.343750 0.431641 0.345703 0.429688 0.345703 0.425781
0 0.375000 0.427734 0.373047 0.429688 0.373047 0.431641 0.376953 0.435547 0.378906 0.433594 0.378906 0.429688 0.376953 0.427734
0 0.388672 0.443359 0.386719 0.443359 0.382812 0.447266 0.382812 0.449219 0.380859 0.451172 0.380859 0.455078 0.382812 0.457031 0.388672 0.451172 0.388672 0.449219 0.390625 0.447266 0.390625 0.445312
1 0.332031 0.453125 0.328125 0.457031 0.328125 0.460938 0.330078 0.462891 0.330078 0.466797 0.335938 0.472656 0.335938 0.474609 0.341797 0.480469 0.343750 0.480469 0.347656 0.476562 0.347656 0.472656 0.345703 0.470703 0.345703 0.466797 0.343750 0.464844 0.341797 0.458984 0.337891 0.455078
0 0.425781 0.474609 0.423828 0.474609 0.421875 0.476562 0.421875 0.478516 0.423828 0.480469 0.427734 0.476562
0 0.509766 0.472656 0.507812 0.474609 0.509766 0.476562 0.511719 0.474609
0 0.275391 0.490234 0.273438 0.492188 0.273438 0.494141 0.275391 0.496094 0.277344 0.496094 0.279297 0.494141 0.279297 0.492188 0.277344 0.490234
0 0.435547 0.488281 0.433594 0.490234 0.433594 0.492188 0.435547 0.494141 0.437500 0.492188 0.437500 0.490234
0 0.105469 0.501953 0.103516 0.501953 0.101562 0.503906 0.099609 0.503906 0.097656 0.505859 0.097656 0.513672 0.099609 0.515625 0.103516 0.515625 0.109375 0.509766 0.109375 0.505859
0 0.193359 0.500000 0.189453 0.503906 0.189453 0.509766 0.191406 0.511719 0.193359 0.511719 0.195312 0.513672 0.199219 0.509766 0.199219 0.503906 0.195312 0.500000
0 0.367188 0.501953 0.365234 0.503906 0.367188 0.505859 0.369141 0.505859 0.371094 0.503906 0.369141 0.501953
0 0.457031 0.500000 0.453125 0.503906 0.457031 0.507812 0.458984 0.505859 0.458984 0.501953
0 0.080078 0.517578 0.078125 0.519531 0.078125 0.525391 0.080078 0.527344 0.083984 0.523438 0.083984 0.521484
0 0.419922 0.515625 0.416016 0.519531 0.416016 0.523438 0.417969 0.525391 0.419922 0.525391 0.421875 0.523438 0.421875 0.517578
0 0.146484 0.519531 0.142578 0.523438 0.142578 0.525391 0.146484 0.529297 0.148438 0.529297 0.152344 0.525391
0 0.296875 0.523438 0.292969 0.525391 0.289062 0.533203 0.289062 0.537109 0.292969 0.541016 0.289062 0.546875 0.285156 0.544922 0.269531 0.544922 0.259766 0.552734 0.269531 0.564453 0.271484 0.574219 0.263672 0.587891 0.263672 0.591797 0.267578 0.595703 0.273438 0.595703 0.277344 0.591797 0.277344 0.587891 0.271484 0.580078 0.277344 0.574219 0.291016 0.582031 0.294922 0.578125 0.291016 0.568359 0.285156 0.562500 0.287109 0.560547 0.285156 0.558594 0.289062 0.554688 0.294922 0.552734 0.302734 0.556641 0.310547 0.556641 0.312500 0.554688 0.326172 0.556641 0.328125 0.554688 0.324219 0.544922 0.306641 0.542969 0.300781 0.537109 0.300781 0.527344
0 0.898438 0.523438 0.896484 0.525391 0.894531 0.525391 0.890625 0.529297 0.890625 0.531250 0.888672 0.533203 0.888672 0.539062 0.890625 0.541016 0.894531 0.541016 0.898438 0.537109 0.898438 0.531250 0.900391 0.529297 0.900391 0.525391
0 0.371094 0.533203 0.369141 0.535156 0.371094 0.537109 0.373047 0.535156
0 0.341797 0.539062 0.339844 0.541016 0.343750 0.544922 0.345703 0.542969 0.345703 0.541016 0.343750 0.539062
0 0.593750 0.554688 0.589844 0.558594 0.589844 0.562500 0.593750 0.566406 0.597656 0.566406 0.601562 0.562500 0.601562 0.558594 0.597656 0.554688
0 0.873047 0.560547 0.871094 0.562500 0.871094 0.564453 0.873047 0.566406 0.875000 0.566406 0.876953 0.564453 0.876953 0.562500 0.875000 0.560547
0 0.937500 0.574219 0.935547 0.576172 0.937500 0.578125 0.939453 0.576172
0 0.884766 0.580078 0.882812 0.582031 0.882812 0.585938 0.884766 0.587891 0.888672 0.587891 0.890625 0.585938 0.890625 0.583984 0.886719 0.580078
0 0.519531 0.582031 0.517578 0.583984 0.517578 0.585938 0.523438 0.591797 0.527344 0.587891 0.527344 0.583984 0.525391 0.582031
0 0.679688 0.587891 0.675781 0.587891 0.673828 0.589844 0.673828 0.597656 0.675781 0.599609 0.677734 0.599609 0.683594 0.593750 0.683594 0.591797
0 0.173828 0.613281 0.171875 0.615234 0.173828 0.617188 0.173828 0.619141 0.175781 0.621094 0.179688 0.621094 0.181641 0.619141 0.181641 0.615234 0.179688 0.613281
0 0.195312 0.617188 0.191406 0.621094 0.195312 0.625000 0.197266 0.625000 0.199219 0.623047 0.197266 0.621094 0.199219 0.619141 0.197266 0.617188
0 0.529297 0.619141 0.525391 0.623047 0.525391 0.628906 0.529297 0.632812 0.531250 0.632812 0.535156 0.628906 0.535156 0.623047 0.531250 0.619141
0 0.683594 0.619141 0.681641 0.621094 0.685547 0.625000 0.687500 0.623047 0.687500 0.621094 0.685547 0.619141
1 0.589844 0.626953 0.585938 0.630859 0.585938 0.632812 0.593750 0.640625 0.591797 0.642578 0.591797 0.648438 0.593750 0.652344 0.601562 0.658203 0.607422 0.658203 0.613281 0.654297 0.613281 0.650391 0.601562 0.644531 0.595703 0.638672 0.597656 0.632812 0.591797 0.626953
0 0.859375 0.644531 0.845703 0.652344 0.839844 0.664062 0.843750 0.673828 0.855469 0.683594 0.869141 0.679688 0.876953 0.666016 0.871094 0.652344 0.869141 0.650391 0.865234 0.650391
0 0.582031 0.662109 0.580078 0.664062 0.580078 0.666016 0.583984 0.669922 0.585938 0.667969 0.585938 0.664062 0.583984 0.662109
0 0.607422 0.689453 0.605469 0.691406 0.609375 0.695312 0.611328 0.693359 0.611328 0.691406 0.609375 0.689453
0 0.707031 0.710938 0.703125 0.707031 0.699219 0.707031 0.693359 0.712891 0.697266 0.716797 0.701172 0.716797
0 0.628906 0.712891 0.625000 0.716797 0.628906 0.720703 0.632812 0.716797
0 0.685547 0.720703 0.683594 0.722656 0.683594 0.726562 0.685547 0.728516 0.685547 0.730469 0.691406 0.736328 0.695312 0.732422 0.695312 0.728516 0.691406 0.724609 0.691406 0.722656 0.689453 0.720703
0 0.609375 0.726562 0.607422 0.728516 0.607422 0.732422 0.611328 0.736328 0.615234 0.732422
0 0.544922 0.732422 0.542969 0.734375 0.542969 0.738281 0.544922 0.740234 0.544922 0.742188 0.548828 0.746094 0.552734 0.746094 0.556641 0.742188 0.556641 0.738281 0.550781 0.732422
0 0.658203 0.730469 0.656250 0.732422 0.658203 0.734375 0.660156 0.732422
0 0.712891 0.736328 0.708984 0.740234 0.708984 0.742188 0.712891 0.746094 0.714844 0.746094 0.716797 0.744141 0.716797 0.738281 0.714844 0.736328
0 0.841797 0.736328 0.835938 0.742188 0.835938 0.746094 0.839844 0.750000 0.841797 0.750000 0.843750 0.751953 0.849609 0.746094 0.849609 0.744141 0.847656 0.742188 0.847656 0.740234 0.845703 0.738281 0.843750 0.738281
0 0.568359 0.765625 0.566406 0.765625 0.562500 0.769531 0.562500 0.771484 0.566406 0.775391 0.572266 0.769531
0 0.828125 0.767578 0.814453 0.783203 0.816406 0.785156 0.814453 0.796875 0.833984 0.816406 0.843750 0.818359 0.847656 0.816406 0.863281 0.820312 0.869141 0.814453 0.859375 0.785156 0.843750 0.771484
0 0.628906 0.775391 0.625000 0.771484 0.621094 0.775391 0.623047 0.777344 0.626953 0.777344
0 0.691406 0.769531 0.685547 0.775391 0.685547 0.777344 0.689453 0.781250 0.691406 0.779297 0.693359 0.779297 0.695312 0.777344 0.695312 0.773438
0 0.882812 0.777344 0.880859 0.779297 0.880859 0.781250 0.882812 0.783203 0.884766 0.781250 0.884766 0.779297
0 0.671875 0.791016 0.667969 0.794922 0.667969 0.798828 0.669922 0.800781 0.673828 0.800781 0.677734 0.796875
0 0.566406 0.796875 0.564453 0.794922 0.558594 0.794922 0.552734 0.798828 0.550781 0.796875 0.544922 0.796875 0.539062 0.804688 0.539062 0.812500 0.541016 0.816406 0.546875 0.820312 0.550781 0.820312 0.556641 0.814453 0.558594 0.808594 0.566406 0.800781
0 0.484375 0.800781 0.478516 0.800781 0.476562 0.802734 0.474609 0.802734 0.468750 0.808594 0.468750 0.816406 0.472656 0.820312 0.480469 0.820312 0.486328 0.816406 0.486328 0.814453 0.488281 0.812500 0.488281 0.804688
0 0.626953 0.800781 0.623047 0.804688 0.626953 0.808594 0.630859 0.804688
0 0.574219 0.810547 0.570312 0.814453 0.570312 0.818359 0.576172 0.824219 0.582031 0.824219 0.585938 0.820312 0.585938 0.816406 0.582031 0.812500 0.580078 0.812500 0.578125 0.810547
0 0.621094 0.824219 0.621094 0.830078 0.623047 0.832031 0.625000 0.832031 0.626953 0.833984 0.630859 0.833984 0.632812 0.832031 0.634766 0.832031 0.638672 0.828125 0.638672 0.826172 0.632812 0.820312 0.625000 0.820312
0 0.935547 0.820312 0.931641 0.820312 0.929688 0.822266 0.929688 0.824219 0.925781 0.828125 0.925781 0.832031 0.927734 0.833984 0.927734 0.835938 0.929688 0.837891 0.931641 0.837891 0.933594 0.835938 0.935547 0.835938 0.941406 0.830078 0.941406 0.826172
0 0.597656 0.835938 0.597656 0.841797 0.601562 0.845703 0.605469 0.845703 0.607422 0.843750 0.609375 0.843750 0.611328 0.845703 0.613281 0.843750 0.615234 0.845703 0.617188 0.845703 0.619141 0.843750 0.619141 0.841797 0.617188 0.839844 0.615234 0.839844 0.609375 0.833984 0.609375 0.832031 0.607422 0.830078 0.603516 0.830078
0 0.660156 0.830078 0.656250 0.833984 0.658203 0.835938 0.660156 0.835938 0.662109 0.833984 0.662109 0.832031
1 0.511719 0.835938 0.464844 0.837891 0.449219 0.855469 0.435547 0.847656 0.378906 0.849609 0.359375 0.837891 0.312500 0.837891 0.279297 0.871094 0.232422 0.894531 0.228516 0.933594 0.259766 0.947266 0.281250 0.908203 0.300781 0.898438 0.326172 0.925781 0.355469 0.912109 0.361328 0.917969 0.355469 0.998047 0.388672 0.998047 0.384766 0.972656 0.400391 0.933594 0.421875 0.939453 0.429688 0.958984 0.394531 0.998047 0.513672 0.998047 0.515625 0.921875 0.484375 0.875000 0.503906 0.867188
0 0.537109 0.837891 0.535156 0.839844 0.533203 0.839844 0.531250 0.841797 0.531250 0.847656 0.533203 0.849609 0.537109 0.849609 0.539062 0.851562 0.542969 0.847656 0.542969 0.845703 0.544922 0.843750 0.539062 0.837891
0 0.634766 0.839844 0.630859 0.843750 0.630859 0.845703 0.634766 0.849609 0.636719 0.849609 0.638672 0.847656 0.638672 0.841797 0.636719 0.839844
0 0.847656 0.839844 0.841797 0.845703 0.841797 0.847656 0.843750 0.849609 0.843750 0.853516 0.847656 0.857422 0.857422 0.857422 0.861328 0.853516 0.861328 0.849609 0.859375 0.847656 0.859375 0.843750 0.853516 0.839844
0 0.677734 0.847656 0.675781 0.849609 0.675781 0.857422 0.677734 0.859375 0.677734 0.861328 0.679688 0.863281 0.681641 0.861328 0.681641 0.857422 0.683594 0.855469 0.683594 0.853516
0 0.939453 0.861328 0.937500 0.863281 0.939453 0.865234 0.941406 0.863281
0 0.587891 0.869141 0.583984 0.873047 0.587891 0.876953 0.591797 0.873047
1 0.648438 0.867188 0.644531 0.871094 0.644531 0.876953 0.638672 0.882812 0.644531 0.892578 0.642578 0.906250 0.648438 0.912109 0.642578 0.919922 0.644531 0.921875 0.650391 0.917969 0.652344 0.910156 0.658203 0.904297 0.652344 0.892578 0.656250 0.884766 0.656250 0.876953
0 0.681641 0.873047 0.679688 0.875000 0.679688 0.878906 0.681641 0.880859 0.685547 0.880859 0.687500 0.878906 0.687500 0.876953 0.689453 0.875000 0.687500 0.873047
0 0.597656 0.882812 0.593750 0.886719 0.597656 0.890625 0.599609 0.890625 0.603516 0.886719 0.599609 0.882812
0 0.554688 0.908203 0.558594 0.914062 0.564453 0.910156 0.568359 0.910156 0.572266 0.914062 0.572266 0.919922 0.578125 0.925781 0.585938 0.925781 0.589844 0.921875 0.595703 0.921875 0.603516 0.916016 0.585938 0.896484 0.578125 0.890625 0.572266 0.890625 0.568359 0.894531 0.568359 0.898438
0 0.984375 0.898438 0.982422 0.900391 0.982422 0.904297 0.984375 0.906250 0.986328 0.906250 0.990234 0.902344 0.988281 0.900391 0.986328 0.900391
0 0.724609 0.908203 0.720703 0.908203 0.718750 0.910156 0.718750 0.912109 0.716797 0.914062 0.718750 0.916016 0.720703 0.916016 0.722656 0.917969 0.726562 0.914062 0.726562 0.910156
1 0.998047 0.906250 0.996094 0.908203 0.996094 0.910156 0.998047 0.912109
0 0.707031 0.912109 0.705078 0.914062 0.703125 0.914062 0.701172 0.916016 0.701172 0.917969 0.699219 0.919922 0.699219 0.923828 0.705078 0.929688 0.708984 0.929688 0.712891 0.925781 0.712891 0.917969
0 0.923828 0.914062 0.921875 0.916016 0.923828 0.917969 0.925781 0.917969 0.927734 0.916016 0.925781 0.914062
0 0.623047 0.917969 0.621094 0.919922 0.625000 0.929688 0.621094 0.937500 0.623047 0.939453 0.617188 0.943359 0.609375 0.935547 0.599609 0.949219 0.599609 0.962891 0.605469 0.976562 0.597656 0.986328 0.591797 0.988281 0.593750 0.998047 0.617188 0.998047 0.621094 0.984375 0.630859 0.974609 0.634766 0.978516 0.634766 0.986328 0.640625 0.994141 0.646484 0.994141 0.650391 0.998047 0.666016 0.998047 0.669922 0.992188 0.664062 0.990234 0.644531 0.970703 0.642578 0.951172 0.636719 0.939453 0.638672 0.935547 0.628906 0.925781 0.628906 0.919922
0 0.748047 0.929688 0.744141 0.929688 0.742188 0.931641 0.736328 0.931641 0.732422 0.929688 0.726562 0.935547 0.728516 0.937500 0.726562 0.951172 0.730469 0.955078 0.732422 0.955078 0.742188 0.945312 0.748047 0.945312 0.751953 0.939453 0.751953 0.935547
0 0.984375 0.941406 0.982422 0.943359 0.978516 0.943359 0.974609 0.947266 0.974609 0.953125 0.976562 0.955078 0.976562 0.957031 0.982422 0.962891 0.988281 0.962891 0.996094 0.955078 0.998047 0.955078 0.998047 0.949219 0.996094 0.947266 0.994141 0.947266 0.990234 0.943359
0 0.656250 0.947266 0.654297 0.949219 0.654297 0.953125 0.660156 0.958984 0.662109 0.958984 0.664062 0.960938 0.667969 0.960938 0.671875 0.957031 0.671875 0.955078 0.669922 0.953125 0.669922 0.951172 0.664062 0.945312 0.660156 0.945312 0.658203 0.947266
0 0.847656 0.947266 0.843750 0.951172 0.843750 0.953125 0.847656 0.957031 0.851562 0.953125 0.851562 0.951172
0 0.685547 0.951172 0.683594 0.953125 0.685547 0.955078 0.687500 0.955078 0.689453 0.953125 0.687500 0.951172
1 0.591797 0.974609 0.589844 0.972656 0.583984 0.972656 0.582031 0.974609 0.578125 0.974609 0.576172 0.972656 0.574219 0.974609 0.570312 0.970703 0.572266 0.968750 0.572266 0.962891 0.568359 0.958984 0.566406 0.958984 0.562500 0.964844 0.562500 0.968750 0.570312 0.976562 0.564453 0.982422 0.554688 0.986328 0.544922 0.994141 0.541016 0.996094 0.531250 0.996094 0.529297 0.998047 0.572266 0.998047 0.589844 0.980469
0 0.781250 0.968750 0.777344 0.968750 0.775391 0.970703 0.779297 0.974609 0.783203 0.970703
0 0.884766 0.984375 0.880859 0.980469 0.876953 0.984375 0.878906 0.986328 0.882812 0.986328
0 0.925781 0.990234 0.925781 0.998047 0.941406 0.998047 0.941406 0.990234 0.937500 0.986328 0.931641 0.986328 0.929688 0.988281 0.927734 0.988281
0 0.736328 0.996094 0.732422 0.992188 0.730469 0.992188 0.724609 0.998047 0.736328 0.998047
1 0.839844 0.996094 0.839844 0.998047 0.857422 0.998047 0.853516 0.994141 0.851562 0.994141 0.849609 0.992188 0.843750 0.992188
1 0.871094 0.998047 0.867188 0.994141 0.865234 0.996094 0.863281 0.996094 0.861328 0.998047
