1 0.000000 0.265625 0.000000 0.511719 0.080078 0.564453 0.048828 0.654297 0.060547 0.705078 0.132812 0.736328 0.322266 0.689453 0.339844 0.783203 0.314453 0.781250 0.257812 0.851562 0.203125 0.841797 0.191406 0.884766 0.205078 0.910156 0.248047 0.871094 0.287109 0.886719 0.304688 0.925781 0.275391 0.998047 0.326172 0.998047 0.292969 0.851562 0.361328 0.802734 0.388672 0.837891 0.494141 0.751953 0.492188 0.648438 0.476562 0.626953 0.468750 0.683594 0.367188 0.740234 0.351562 0.714844 0.373047 0.701172 0.339844 0.666016 0.431641 0.607422 0.332031 0.636719 0.310547 0.599609 0.277344 0.613281 0.240234 0.585938 0.205078 0.513672 0.082031 0.500000 0.121094 0.435547 0.117188 0.355469
0 0.792969 0.341797 0.791016 0.343750 0.791016 0.349609 0.792969 0.351562 0.796875 0.351562 0.800781 0.347656 0.800781 0.345703 0.796875 0.341797
0 0.628906 0.359375 0.626953 0.361328 0.628906 0.363281 0.630859 0.363281 0.632812 0.361328 0.630859 0.359375
0 0.656250 0.359375 0.654297 0.361328 0.654297 0.363281 0.656250 0.365234 0.658203 0.365234 0.660156 0.363281
0 0.791016 0.367188 0.785156 0.363281 0.781250 0.363281 0.777344 0.367188 0.775391 0.367188 0.771484 0.371094 0.771484 0.373047 0.769531 0.375000 0.775391 0.380859 0.781250 0.380859 0.789062 0.373047 0.789062 0.371094 0.791016 0.369141
0 0.644531 0.400391 0.640625 0.404297 0.640625 0.406250 0.644531 0.410156 0.646484 0.410156 0.650391 0.406250 0.650391 0.404297 0.646484 0.400391
0 0.468750 0.417969 0.470703 0.419922 0.474609 0.419922 0.476562 0.417969 0.474609 0.416016 0.470703 0.416016
1 0.494141 0.414062 0.482422 0.414062 0.480469 0.416016 0.482422 0.417969 0.498047 0.419922 0.505859 0.427734 0.507812 0.433594 0.503906 0.439453 0.503906 0.449219 0.501953 0.451172 0.501953 0.455078 0.484375 0.470703 0.474609 0.472656 0.470703 0.476562 0.470703 0.482422 0.476562 0.488281 0.480469 0.488281 0.492188 0.478516 0.498047 0.478516 0.503906 0.472656 0.501953 0.470703 0.501953 0.464844 0.509766 0.455078 0.509766 0.443359 0.513672 0.439453 0.513672 0.425781 0.505859 0.417969 0.501953 0.419922
0 0.527344 0.419922 0.525391 0.421875 0.525391 0.427734 0.527344 0.429688 0.527344 0.433594 0.531250 0.437500 0.533203 0.435547 0.533203 0.433594 0.535156 0.431641 0.535156 0.423828 0.531250 0.419922
1 0.462891 0.425781 0.460938 0.423828 0.458984 0.423828 0.451172 0.431641 0.453125 0.433594 0.455078 0.433594
0 0.955078 0.421875 0.953125 0.423828 0.953125 0.425781 0.955078 0.427734 0.957031 0.427734 0.958984 0.425781
0 0.900391 0.429688 0.896484 0.433594 0.896484 0.441406 0.900391 0.445312 0.906250 0.445312 0.910156 0.441406 0.910156 0.435547 0.904297 0.429688
1 0.412109 0.437500 0.408203 0.441406 0.410156 0.443359 0.408203 0.445312 0.408203 0.447266 0.404297 0.451172 0.404297 0.453125 0.406250 0.455078 0.408203 0.455078 0.410156 0.453125 0.410156 0.451172 0.408203 0.449219 0.416016 0.441406
0 0.521484 0.443359 0.517578 0.447266 0.519531 0.449219 0.523438 0.445312
0 0.552734 0.447266 0.548828 0.447266 0.544922 0.451172 0.548828 0.455078 0.550781 0.455078 0.554688 0.451172 0.554688 0.449219
0 0.791016 0.464844 0.783203 0.458984 0.777344 0.458984 0.775391 0.460938 0.769531 0.460938 0.763672 0.466797 0.761719 0.472656 0.767578 0.478516 0.773438 0.478516 0.775391 0.476562 0.783203 0.476562 0.791016 0.470703
0 0.943359 0.468750 0.941406 0.470703 0.943359 0.472656 0.945312 0.470703
0 0.515625 0.474609 0.513672 0.476562 0.513672 0.478516 0.515625 0.480469 0.517578 0.478516 0.517578 0.476562
0 0.533203 0.476562 0.531250 0.476562 0.529297 0.478516 0.529297 0.480469 0.531250 0.482422 0.535156 0.478516
0 0.707031 0.482422 0.705078 0.482422 0.701172 0.486328 0.705078 0.490234 0.708984 0.486328 0.708984 0.484375
1 0.365234 0.488281 0.361328 0.488281 0.355469 0.494141 0.357422 0.496094 0.357422 0.501953 0.351562 0.507812 0.347656 0.509766 0.339844 0.509766 0.335938 0.513672 0.330078 0.523438 0.332031 0.529297 0.335938 0.529297 0.359375 0.511719 0.359375 0.505859 0.367188 0.496094 0.367188 0.490234
0 0.666016 0.488281 0.662109 0.492188 0.666016 0.496094 0.669922 0.492188
0 0.990234 0.488281 0.988281 0.488281 0.984375 0.492188 0.988281 0.496094 0.992188 0.492188 0.992188 0.490234
0 0.558594 0.492188 0.554688 0.496094 0.560547 0.501953 0.564453 0.498047 0.564453 0.496094 0.560547 0.492188
0 0.765625 0.492188 0.763672 0.494141 0.765625 0.496094 0.767578 0.496094 0.769531 0.494141 0.767578 0.492188
0 0.951172 0.492188 0.949219 0.494141 0.949219 0.496094 0.947266 0.498047 0.951172 0.501953 0.953125 0.501953 0.957031 0.498047
0 0.394531 0.496094 0.392578 0.498047 0.392578 0.501953 0.394531 0.503906 0.398438 0.503906 0.400391 0.501953 0.400391 0.498047 0.398438 0.496094
0 0.808594 0.505859 0.806641 0.507812 0.804688 0.507812 0.802734 0.509766 0.802734 0.515625 0.804688 0.517578 0.808594 0.517578 0.812500 0.513672 0.812500 0.509766
0 0.849609 0.505859 0.845703 0.509766 0.847656 0.511719 0.849609 0.511719 0.851562 0.509766 0.851562 0.507812
0 0.396484 0.517578 0.394531 0.527344 0.408203 0.548828 0.412109 0.550781 0.437500 0.550781 0.443359 0.546875 0.445312 0.535156 0.437500 0.523438 0.425781 0.519531 0.416016 0.511719 0.404297 0.511719
0 0.576172 0.521484 0.572266 0.525391 0.576172 0.529297 0.578125 0.527344 0.578125 0.523438
0 0.566406 0.541016 0.564453 0.542969 0.566406 0.544922 0.568359 0.542969
0 0.363281 0.544922 0.361328 0.546875 0.361328 0.552734 0.367188 0.558594 0.371094 0.554688 0.373047 0.556641 0.375000 0.554688 0.375000 0.552734 0.367188 0.544922
0 0.615234 0.544922 0.611328 0.544922 0.609375 0.546875 0.607422 0.546875 0.603516 0.550781 0.603516 0.554688 0.601562 0.556641 0.601562 0.562500 0.599609 0.564453 0.601562 0.566406 0.601562 0.568359 0.607422 0.574219 0.611328 0.574219 0.613281 0.572266 0.615234 0.572266 0.619141 0.568359 0.619141 0.566406 0.623047 0.560547 0.623047 0.552734 0.621094 0.550781 0.621094 0.548828
0 0.941406 0.550781 0.937500 0.554688 0.937500 0.556641 0.941406 0.560547 0.943359 0.560547 0.947266 0.556641 0.947266 0.554688 0.943359 0.550781
0 0.324219 0.554688 0.320312 0.558594 0.320312 0.560547 0.322266 0.562500 0.326172 0.562500 0.328125 0.560547 0.328125 0.558594
0 0.310547 0.572266 0.306641 0.576172 0.306641 0.580078 0.312500 0.585938 0.318359 0.585938 0.324219 0.580078 0.320312 0.576172 0.320312 0.574219 0.318359 0.572266
0 0.333984 0.570312 0.328125 0.576172 0.332031 0.580078 0.335938 0.576172 0.335938 0.572266
0 0.935547 0.574219 0.931641 0.578125 0.931641 0.585938 0.933594 0.587891 0.933594 0.589844 0.937500 0.593750 0.939453 0.593750 0.941406 0.595703 0.943359 0.595703 0.947266 0.591797 0.947266 0.583984 0.945312 0.582031 0.945312 0.580078 0.941406 0.576172 0.939453 0.576172 0.937500 0.574219
0 0.550781 0.587891 0.546875 0.591797 0.548828 0.593750 0.550781 0.593750 0.552734 0.591797 0.552734 0.589844
0 0.757812 0.585938 0.755859 0.587891 0.755859 0.591797 0.757812 0.593750 0.759766 0.593750 0.761719 0.591797 0.761719 0.587891 0.759766 0.585938
0 0.388672 0.595703 0.386719 0.597656 0.388672 0.599609 0.390625 0.599609 0.392578 0.597656 0.390625 0.595703
0 0.537109 0.595703 0.535156 0.597656 0.537109 0.599609 0.539062 0.599609 0.541016 0.597656 0.539062 0.595703
0 0.437500 0.609375 0.439453 0.611328 0.443359 0.611328 0.445312 0.609375 0.443359 0.607422 0.439453 0.607422
0 0.828125 0.607422 0.826172 0.609375 0.826172 0.611328 0.828125 0.613281 0.830078 0.611328 0.830078 0.609375
1 0.457031 0.611328 0.455078 0.613281 0.455078 0.615234 0.458984 0.619141 0.460938 0.619141 0.462891 0.621094 0.464844 0.621094 0.466797 0.619141 0.460938 0.613281 0.458984 0.613281
0 0.738281 0.619141 0.736328 0.621094 0.738281 0.623047 0.740234 0.623047 0.742188 0.621094 0.740234 0.619141
0 0.802734 0.621094 0.798828 0.625000 0.798828 0.630859 0.802734 0.634766 0.806641 0.634766 0.810547 0.630859 0.810547 0.626953 0.804688 0.621094
0 0.783203 0.625000 0.781250 0.625000 0.779297 0.626953 0.779297 0.630859 0.781250 0.632812 0.785156 0.628906 0.785156 0.626953
0 0.873047 0.626953 0.869141 0.630859 0.869141 0.632812 0.873047 0.636719 0.876953 0.632812 0.876953 0.630859
0 0.750000 0.636719 0.748047 0.638672 0.748047 0.640625 0.750000 0.642578 0.751953 0.642578 0.753906 0.640625 0.753906 0.638672 0.751953 0.636719
0 0.533203 0.646484 0.531250 0.648438 0.531250 0.654297 0.533203 0.656250 0.535156 0.656250 0.539062 0.652344 0.539062 0.650391 0.535156 0.646484
0 0.443359 0.648438 0.439453 0.652344 0.439453 0.660156 0.441406 0.662109 0.441406 0.664062 0.443359 0.666016 0.445312 0.666016 0.447266 0.667969 0.449219 0.666016 0.451172 0.666016 0.453125 0.664062 0.453125 0.658203 0.451172 0.656250 0.451172 0.654297 0.445312 0.648438
0 0.677734 0.650391 0.675781 0.652344 0.675781 0.656250 0.677734 0.658203 0.681641 0.658203 0.685547 0.654297 0.681641 0.650391
0 0.431641 0.675781 0.427734 0.675781 0.423828 0.679688 0.423828 0.681641 0.427734 0.685547 0.429688 0.685547 0.433594 0.681641 0.433594 0.677734
0 0.404297 0.685547 0.398438 0.691406 0.398438 0.693359 0.396484 0.695312 0.396484 0.707031 0.402344 0.714844 0.408203 0.714844 0.416016 0.707031 0.416016 0.703125 0.417969 0.701172 0.416016 0.699219 0.416016 0.693359 0.414062 0.691406 0.414062 0.689453 0.408203 0.685547
0 0.759766 0.683594 0.757812 0.685547 0.763672 0.691406 0.765625 0.691406 0.767578 0.689453 0.767578 0.687500 0.763672 0.683594
0 0.611328 0.708984 0.609375 0.710938 0.611328 0.712891 0.613281 0.710938
0 0.705078 0.707031 0.703125 0.708984 0.703125 0.710938 0.705078 0.712891 0.707031 0.712891 0.708984 0.710938 0.708984 0.708984 0.707031 0.707031
0 0.816406 0.716797 0.814453 0.718750 0.814453 0.720703 0.816406 0.722656 0.818359 0.722656 0.820312 0.720703 0.820312 0.718750 0.818359 0.716797
0 0.941406 0.722656 0.937500 0.726562 0.937500 0.732422 0.941406 0.736328 0.951172 0.736328 0.955078 0.732422 0.953125 0.730469 0.953125 0.728516 0.951172 0.726562 0.949219 0.726562 0.945312 0.722656
0 0.796875 0.726562 0.794922 0.728516 0.794922 0.732422 0.796875 0.734375 0.800781 0.730469
0 0.669922 0.736328 0.666016 0.740234 0.667969 0.742188 0.669922 0.742188 0.671875 0.740234 0.671875 0.738281
0 0.699219 0.736328 0.695312 0.742188 0.695312 0.751953 0.705078 0.761719 0.714844 0.761719 0.718750 0.759766 0.722656 0.753906 0.722656 0.750000 0.718750 0.742188 0.712891 0.736328 0.708984 0.734375 0.703125 0.734375
0 0.191406 0.757812 0.187500 0.761719 0.187500 0.763672 0.189453 0.765625 0.191406 0.765625 0.193359 0.763672 0.193359 0.759766
0 0.640625 0.761719 0.611328 0.787109 0.611328 0.792969 0.623047 0.802734 0.615234 0.816406 0.615234 0.832031 0.619141 0.843750 0.615234 0.847656 0.607422 0.847656 0.597656 0.857422 0.605469 0.873047 0.615234 0.871094 0.625000 0.880859 0.632812 0.873047 0.630859 0.855469 0.636719 0.849609 0.640625 0.853516 0.640625 0.867188 0.656250 0.859375 0.667969 0.859375 0.681641 0.867188 0.687500 0.865234 0.685547 0.857422 0.675781 0.855469 0.650391 0.839844 0.652344 0.826172 0.640625 0.808594 0.650391 0.796875 0.648438 0.794922 0.654297 0.785156
0 0.685547 0.767578 0.683594 0.769531 0.685547 0.771484 0.687500 0.769531
0 0.740234 0.769531 0.726562 0.769531 0.716797 0.777344 0.714844 0.781250 0.714844 0.789062 0.718750 0.794922 0.722656 0.796875 0.732422 0.796875 0.742188 0.789062 0.748047 0.779297 0.746094 0.777344 0.746094 0.773438
0 0.234375 0.777344 0.232422 0.779297 0.232422 0.781250 0.236328 0.785156 0.238281 0.785156 0.242188 0.781250 0.242188 0.779297 0.240234 0.777344
0 0.675781 0.783203 0.654297 0.796875 0.667969 0.800781 0.685547 0.818359 0.679688 0.832031 0.681641 0.843750 0.699219 0.853516 0.724609 0.832031 0.726562 0.822266 0.714844 0.822266 0.707031 0.816406 0.707031 0.798828 0.689453 0.785156
0 0.958984 0.787109 0.953125 0.792969 0.953125 0.794922 0.958984 0.800781 0.962891 0.800781 0.966797 0.796875 0.966797 0.791016 0.964844 0.789062 0.962891 0.789062 0.960938 0.787109
0 0.582031 0.794922 0.580078 0.794922 0.578125 0.796875 0.578125 0.798828 0.580078 0.800781 0.583984 0.796875
0 0.804688 0.808594 0.796875 0.800781 0.785156 0.806641 0.779297 0.796875 0.771484 0.808594 0.759766 0.808594 0.751953 0.812500 0.732422 0.833984 0.736328 0.839844 0.750000 0.835938 0.755859 0.839844 0.765625 0.837891 0.777344 0.845703 0.785156 0.845703 0.792969 0.835938 0.791016 0.820312
0 0.503906 0.800781 0.501953 0.802734 0.498047 0.802734 0.496094 0.804688 0.494141 0.804688 0.490234 0.808594 0.490234 0.810547 0.492188 0.812500 0.492188 0.818359 0.496094 0.822266 0.500000 0.818359 0.500000 0.812500 0.505859 0.806641 0.505859 0.802734
0 0.236328 0.814453 0.232422 0.818359 0.232422 0.820312 0.234375 0.822266 0.236328 0.822266 0.240234 0.818359
0 0.529297 0.818359 0.527344 0.820312 0.529297 0.822266 0.531250 0.820312
0 0.855469 0.833984 0.851562 0.837891 0.851562 0.845703 0.853516 0.847656 0.853516 0.849609 0.855469 0.851562 0.857422 0.851562 0.859375 0.853516 0.865234 0.847656 0.865234 0.839844 0.859375 0.833984
0 0.566406 0.835938 0.564453 0.835938 0.562500 0.837891 0.562500 0.839844 0.564453 0.841797 0.568359 0.837891
0 0.599609 0.835938 0.595703 0.835938 0.589844 0.841797 0.593750 0.845703 0.595703 0.845703 0.601562 0.839844 0.601562 0.837891
0 0.974609 0.843750 0.970703 0.847656 0.974609 0.851562 0.978516 0.847656
1 0.910156 0.855469 0.902344 0.861328 0.902344 0.867188 0.904297 0.869141 0.904297 0.873047 0.908203 0.876953 0.910156 0.876953 0.919922 0.888672 0.923828 0.882812 0.919922 0.875000 0.919922 0.863281 0.912109 0.855469
0 0.810547 0.859375 0.804688 0.865234 0.810547 0.871094 0.816406 0.865234
0 0.435547 0.990234 0.439453 0.998047 0.587891 0.998047 0.597656 0.988281 0.597656 0.998047 0.623047 0.998047 0.615234 0.955078 0.628906 0.943359 0.591797 0.908203 0.572266 0.902344 0.564453 0.884766 0.552734 0.886719 0.500000 0.865234 0.492188 0.880859 0.501953 0.894531 0.537109 0.904297 0.546875 0.900391 0.566406 0.945312 0.595703 0.943359 0.599609 0.958984 0.562500 0.982422 0.542969 0.976562 0.531250 0.988281 0.505859 0.994141 0.498047 0.980469 0.480469 0.994141 0.447266 0.980469
1 0.867188 0.869141 0.863281 0.869141 0.857422 0.865234 0.855469 0.867188 0.853516 0.865234 0.847656 0.865234 0.841797 0.871094 0.843750 0.876953 0.843750 0.896484 0.837891 0.904297 0.837891 0.908203 0.841797 0.912109 0.849609 0.910156 0.861328 0.898438 0.863281 0.882812 0.869141 0.873047
0 0.701172 0.869141 0.697266 0.873047 0.697266 0.876953 0.701172 0.880859 0.703125 0.880859 0.707031 0.876953 0.707031 0.873047 0.703125 0.869141
0 0.736328 0.876953 0.728516 0.880859 0.726562 0.886719 0.712891 0.898438 0.712891 0.904297 0.716797 0.916016 0.724609 0.923828 0.732422 0.927734 0.742188 0.927734 0.751953 0.919922 0.755859 0.908203 0.744141 0.890625 0.746094 0.888672 0.744141 0.882812
1 0.755859 0.884766 0.755859 0.890625 0.759766 0.894531 0.767578 0.892578 0.771484 0.896484 0.771484 0.902344 0.777344 0.908203 0.785156 0.908203 0.798828 0.925781 0.810547 0.927734 0.818359 0.919922 0.822266 0.906250 0.802734 0.886719 0.779297 0.882812 0.771484 0.888672 0.763672 0.880859
0 0.685547 0.890625 0.685547 0.896484 0.687500 0.898438 0.695312 0.898438 0.699219 0.894531 0.699219 0.892578 0.697266 0.890625 0.695312 0.890625 0.693359 0.888672 0.687500 0.888672
0 0.322266 0.890625 0.320312 0.892578 0.322266 0.894531 0.324219 0.892578
0 0.927734 0.900391 0.923828 0.900391 0.919922 0.904297 0.925781 0.910156 0.929688 0.906250 0.929688 0.902344
0 0.458984 0.904297 0.457031 0.906250 0.457031 0.914062 0.460938 0.917969 0.464844 0.914062 0.464844 0.912109 0.462891 0.910156 0.462891 0.906250 0.460938 0.904297
1 0.425781 0.906250 0.423828 0.906250 0.421875 0.908203 0.421875 0.910156 0.417969 0.916016 0.417969 0.927734 0.419922 0.929688 0.423828 0.929688 0.425781 0.927734 0.425781 0.923828 0.427734 0.921875 0.427734 0.908203
0 0.890625 0.910156 0.882812 0.910156 0.878906 0.912109 0.871094 0.921875 0.871094 0.933594 0.878906 0.943359 0.884766 0.943359 0.894531 0.933594 0.892578 0.931641 0.896484 0.925781 0.896484 0.916016
0 0.351562 0.927734 0.355469 0.931641 0.357422 0.931641 0.361328 0.927734 0.363281 0.927734 0.365234 0.925781 0.371094 0.927734 0.375000 0.923828 0.371094 0.919922 0.359375 0.919922 0.357422 0.917969 0.355469 0.917969 0.351562 0.921875
0 0.701172 0.919922 0.703125 0.921875 0.705078 0.919922 0.707031 0.921875 0.708984 0.919922 0.707031 0.917969 0.705078 0.919922 0.703125 0.917969
0 0.439453 0.927734 0.437500 0.927734 0.433594 0.931641 0.433594 0.935547 0.435547 0.937500 0.439453 0.937500 0.441406 0.935547 0.441406 0.929688
0 0.257812 0.931641 0.255859 0.933594 0.257812 0.935547 0.259766 0.935547 0.261719 0.933594 0.259766 0.931641
0 0.455078 0.931641 0.453125 0.933594 0.453125 0.937500 0.455078 0.939453 0.458984 0.939453 0.460938 0.937500 0.460938 0.935547 0.457031 0.931641
0 0.408203 0.941406 0.404297 0.945312 0.404297 0.949219 0.408203 0.953125 0.412109 0.953125 0.416016 0.949219 0.416016 0.943359 0.414062 0.941406
0 0.660156 0.943359 0.656250 0.947266 0.656250 0.951172 0.662109 0.957031 0.666016 0.957031 0.667969 0.955078 0.667969 0.949219 0.662109 0.943359
0 0.722656 0.943359 0.720703 0.945312 0.720703 0.951172 0.722656 0.953125 0.726562 0.953125 0.728516 0.951172 0.728516 0.947266 0.724609 0.943359
0 0.914062 0.943359 0.908203 0.951172 0.910156 0.953125 0.910156 0.958984 0.923828 0.970703 0.927734 0.968750 0.935547 0.968750 0.937500 0.966797 0.937500 0.962891 0.935547 0.960938 0.933594 0.951172 0.925781 0.943359 0.921875 0.941406 0.917969 0.941406
0 0.951172 0.945312 0.949219 0.947266 0.949219 0.949219 0.947266 0.951172 0.947266 0.955078 0.949219 0.957031 0.951172 0.957031 0.953125 0.958984 0.955078 0.958984 0.958984 0.955078 0.958984 0.949219 0.955078 0.945312
0 0.355469 0.953125 0.351562 0.957031 0.355469 0.962891 0.355469 0.976562 0.351562 0.984375 0.351562 0.998047 0.371094 0.998047 0.376953 0.990234 0.384766 0.990234 0.388672 0.984375 0.384766 0.980469 0.376953 0.978516 0.361328 0.962891 0.359375 0.958984 0.361328 0.957031
0 0.449219 0.955078 0.445312 0.958984 0.445312 0.962891 0.451172 0.968750 0.453125 0.966797 0.453125 0.964844 0.455078 0.962891 0.455078 0.958984 0.451172 0.955078
0 0.187500 0.958984 0.185547 0.960938 0.187500 0.962891 0.189453 0.962891 0.191406 0.960938 0.189453 0.958984
0 0.437500 0.962891 0.435547 0.962891 0.431641 0.966797 0.431641 0.968750 0.435547 0.972656 0.441406 0.966797
0 0.898438 0.978516 0.894531 0.984375 0.904297 0.994141 0.910156 0.994141 0.916016 0.988281 0.916016 0.982422 0.912109 0.978516 0.910156 0.978516 0.908203 0.976562 0.902344 0.976562 0.900391 0.978516
0 0.796875 0.980469 0.794922 0.982422 0.796875 0.984375 0.798828 0.982422
0 0.423828 0.990234 0.421875 0.992188 0.421875 0.996094 0.423828 0.998047 0.429688 0.998047 0.431641 0.996094 0.431641 0.994141 0.427734 0.990234
1 0.816406 0.998047 0.822266 0.998047 0.820312 0.996094 0.818359 0.996094
