1 0.000000 0.029297 0.000000 0.296875 0.025391 0.283203 0.000000 0.363281 0.027344 0.308594 0.082031 0.332031 0.033203 0.414062 0.000000 0.400391 0.000000 0.576172 0.072266 0.582031 0.046875 0.687500 0.082031 0.773438 0.167969 0.738281 0.164062 0.871094 0.255859 0.865234 0.250000 0.994141 0.289062 0.998047 0.316406 0.904297 0.494141 0.826172 0.447266 0.812500 0.453125 0.726562 0.421875 0.808594 0.388672 0.773438 0.408203 0.820312 0.361328 0.861328 0.273438 0.849609 0.197266 0.775391 0.173828 0.693359 0.378906 0.541016 0.355469 0.501953 0.382812 0.494141 0.359375 0.458984 0.345703 0.503906 0.300781 0.511719 0.273438 0.464844 0.207031 0.507812 0.224609 0.474609 0.125000 0.462891 0.152344 0.347656 0.017578 0.246094 0.031250 0.083984
0 0.533203 0.138672 0.531250 0.140625 0.533203 0.142578 0.535156 0.142578 0.537109 0.140625 0.535156 0.138672
0 0.855469 0.251953 0.851562 0.255859 0.855469 0.259766 0.857422 0.259766 0.861328 0.255859 0.857422 0.251953
0 0.941406 0.253906 0.939453 0.255859 0.939453 0.259766 0.941406 0.261719 0.945312 0.261719 0.949219 0.257812 0.945312 0.253906
0 0.283203 0.265625 0.281250 0.267578 0.285156 0.271484 0.287109 0.269531 0.287109 0.267578 0.285156 0.265625
0 0.970703 0.265625 0.968750 0.265625 0.964844 0.269531 0.968750 0.273438 0.972656 0.269531 0.972656 0.267578
0 0.943359 0.275391 0.939453 0.279297 0.939453 0.281250 0.943359 0.285156 0.947266 0.281250 0.947266 0.279297
0 0.759766 0.289062 0.755859 0.289062 0.753906 0.291016 0.753906 0.292969 0.757812 0.296875 0.761719 0.292969 0.761719 0.291016
0 0.785156 0.312500 0.781250 0.316406 0.781250 0.318359 0.779297 0.320312 0.779297 0.322266 0.785156 0.328125 0.791016 0.322266 0.791016 0.318359
0 0.878906 0.324219 0.878906 0.320312 0.871094 0.314453 0.867188 0.316406 0.859375 0.324219 0.853516 0.318359 0.851562 0.318359 0.847656 0.322266 0.851562 0.326172 0.855469 0.326172 0.857422 0.324219 0.863281 0.330078 0.863281 0.332031 0.869141 0.335938 0.875000 0.332031
0 0.615234 0.318359 0.611328 0.322266 0.611328 0.324219 0.615234 0.328125 0.617188 0.328125 0.619141 0.326172 0.619141 0.322266
0 0.578125 0.320312 0.576172 0.322266 0.576172 0.324219 0.578125 0.326172 0.582031 0.326172 0.583984 0.324219 0.580078 0.320312
0 0.910156 0.322266 0.906250 0.326172 0.906250 0.328125 0.910156 0.332031 0.914062 0.328125 0.914062 0.326172
0 0.929688 0.330078 0.925781 0.326172 0.923828 0.326172 0.919922 0.330078 0.919922 0.332031 0.921875 0.333984 0.925781 0.333984
0 0.505859 0.328125 0.503906 0.330078 0.503906 0.337891 0.505859 0.339844 0.511719 0.339844 0.513672 0.337891 0.513672 0.332031 0.509766 0.328125
0 0.843750 0.330078 0.839844 0.330078 0.835938 0.333984 0.839844 0.337891 0.841797 0.337891 0.845703 0.333984 0.845703 0.332031
0 0.636719 0.337891 0.632812 0.341797 0.636719 0.345703 0.638672 0.345703 0.642578 0.341797 0.638672 0.337891
0 0.623047 0.357422 0.619141 0.361328 0.619141 0.363281 0.625000 0.369141 0.626953 0.369141 0.630859 0.365234 0.630859 0.359375 0.628906 0.357422
0 0.550781 0.359375 0.542969 0.363281 0.539062 0.367188 0.539062 0.375000 0.542969 0.382812 0.550781 0.390625 0.554688 0.392578 0.560547 0.392578 0.568359 0.386719 0.570312 0.382812 0.570312 0.373047 0.568359 0.371094 0.568359 0.367188 0.560547 0.359375
0 0.931641 0.359375 0.927734 0.363281 0.931641 0.367188 0.935547 0.363281
0 0.968750 0.361328 0.966797 0.359375 0.964844 0.359375 0.960938 0.363281 0.962891 0.365234 0.966797 0.365234 0.968750 0.363281
0 0.898438 0.367188 0.894531 0.371094 0.894531 0.375000 0.898438 0.378906 0.900391 0.378906 0.904297 0.375000 0.904297 0.371094 0.900391 0.367188
0 0.292969 0.373047 0.291016 0.375000 0.291016 0.376953 0.292969 0.378906 0.294922 0.376953 0.294922 0.375000
1 0.318359 0.373047 0.306641 0.384766 0.294922 0.382812 0.287109 0.392578 0.291016 0.412109 0.304688 0.423828 0.304688 0.431641 0.291016 0.443359 0.304688 0.460938 0.320312 0.449219 0.316406 0.433594 0.335938 0.416016 0.335938 0.392578 0.330078 0.378906
1 0.757812 0.375000 0.751953 0.375000 0.746094 0.380859 0.746094 0.384766 0.750000 0.390625 0.746094 0.394531 0.740234 0.394531 0.732422 0.398438 0.730469 0.406250 0.736328 0.412109 0.742188 0.414062 0.748047 0.412109 0.751953 0.406250 0.750000 0.396484 0.753906 0.392578 0.757812 0.392578 0.763672 0.386719 0.763672 0.380859
0 0.664062 0.382812 0.662109 0.384766 0.664062 0.386719 0.666016 0.384766
0 0.705078 0.382812 0.701172 0.386719 0.701172 0.388672 0.705078 0.392578 0.708984 0.392578 0.712891 0.388672 0.710938 0.386719 0.710938 0.384766 0.708984 0.382812
0 0.779297 0.390625 0.775391 0.394531 0.775391 0.396484 0.779297 0.400391 0.783203 0.400391 0.787109 0.396484 0.787109 0.394531 0.783203 0.390625
0 0.593750 0.400391 0.589844 0.404297 0.593750 0.408203 0.597656 0.404297
0 0.478516 0.402344 0.476562 0.404297 0.476562 0.408203 0.478516 0.410156 0.482422 0.406250
0 0.464844 0.416016 0.462891 0.417969 0.462891 0.419922 0.464844 0.421875 0.466797 0.421875 0.468750 0.419922
0 0.482422 0.427734 0.480469 0.429688 0.480469 0.431641 0.482422 0.433594 0.484375 0.433594 0.486328 0.431641 0.486328 0.429688 0.484375 0.427734
0 0.347656 0.429688 0.345703 0.431641 0.347656 0.433594 0.349609 0.433594 0.351562 0.431641 0.349609 0.429688
0 0.263672 0.435547 0.261719 0.437500 0.261719 0.439453 0.259766 0.441406 0.261719 0.443359 0.263672 0.443359 0.265625 0.441406 0.265625 0.437500
0 0.712891 0.435547 0.710938 0.437500 0.712891 0.439453 0.714844 0.439453 0.716797 0.437500 0.714844 0.435547
0 0.212891 0.437500 0.210938 0.439453 0.210938 0.441406 0.212891 0.443359 0.214844 0.441406 0.214844 0.439453
1 0.498047 0.443359 0.494141 0.447266 0.494141 0.449219 0.496094 0.451172 0.496094 0.453125 0.498047 0.455078 0.500000 0.460938 0.503906 0.464844 0.509766 0.464844 0.513672 0.460938 0.511719 0.458984 0.511719 0.457031 0.503906 0.449219 0.503906 0.447266 0.500000 0.443359
0 0.414062 0.445312 0.412109 0.447266 0.414062 0.449219 0.416016 0.447266
0 0.625000 0.445312 0.619141 0.451172 0.619141 0.455078 0.625000 0.460938 0.628906 0.460938 0.630859 0.458984 0.632812 0.458984 0.634766 0.457031 0.634766 0.451172 0.628906 0.445312
0 0.783203 0.447266 0.779297 0.447266 0.775391 0.451172 0.775391 0.455078 0.771484 0.458984 0.771484 0.460938 0.769531 0.462891 0.769531 0.464844 0.771484 0.466797 0.773438 0.464844 0.783203 0.464844 0.789062 0.458984 0.789062 0.453125
0 0.693359 0.455078 0.689453 0.458984 0.689453 0.464844 0.693359 0.468750 0.695312 0.468750 0.697266 0.470703 0.701172 0.470703 0.703125 0.472656 0.707031 0.468750 0.707031 0.466797 0.705078 0.464844 0.705078 0.462891 0.697266 0.455078
0 0.587891 0.458984 0.582031 0.464844 0.582031 0.468750 0.585938 0.472656 0.589844 0.472656 0.591797 0.474609 0.595703 0.470703 0.595703 0.464844 0.589844 0.458984
0 0.982422 0.457031 0.976562 0.457031 0.972656 0.460938 0.972656 0.466797 0.978516 0.472656 0.980469 0.470703 0.982422 0.470703 0.986328 0.466797 0.986328 0.460938
1 0.253906 0.466797 0.250000 0.462891 0.248047 0.462891 0.238281 0.472656 0.240234 0.474609 0.242188 0.474609 0.244141 0.472656 0.248047 0.472656
0 0.652344 0.462891 0.648438 0.466797 0.650391 0.468750 0.650391 0.470703 0.652344 0.472656 0.654297 0.472656 0.656250 0.474609 0.658203 0.474609 0.662109 0.470703 0.662109 0.466797 0.660156 0.464844 0.658203 0.464844 0.656250 0.462891
0 0.929688 0.460938 0.927734 0.462891 0.925781 0.462891 0.919922 0.468750 0.921875 0.470703 0.919922 0.472656 0.921875 0.474609 0.921875 0.478516 0.923828 0.480469 0.923828 0.482422 0.929688 0.486328 0.933594 0.486328 0.935547 0.484375 0.937500 0.484375 0.941406 0.478516 0.941406 0.468750 0.933594 0.460938
0 0.800781 0.468750 0.796875 0.472656 0.800781 0.476562 0.804688 0.472656
0 0.679688 0.474609 0.677734 0.476562 0.677734 0.478516 0.679688 0.480469 0.681641 0.480469 0.683594 0.478516 0.683594 0.476562 0.681641 0.474609
0 0.826172 0.478516 0.822266 0.478516 0.818359 0.482422 0.822266 0.486328 0.824219 0.486328 0.828125 0.482422 0.828125 0.480469
0 0.646484 0.480469 0.644531 0.482422 0.644531 0.484375 0.646484 0.486328 0.648438 0.484375 0.648438 0.482422
0 0.445312 0.486328 0.441406 0.490234 0.445312 0.494141 0.449219 0.490234
0 0.472656 0.492188 0.470703 0.494141 0.470703 0.496094 0.472656 0.498047 0.474609 0.498047 0.476562 0.496094
0 0.906250 0.500000 0.904297 0.501953 0.902344 0.501953 0.900391 0.503906 0.902344 0.505859 0.902344 0.507812 0.906250 0.511719 0.912109 0.505859
0 0.482422 0.509766 0.484375 0.511719 0.486328 0.511719 0.488281 0.513672 0.492188 0.513672 0.494141 0.511719 0.494141 0.509766 0.492188 0.507812 0.484375 0.507812
0 0.408203 0.511719 0.404297 0.515625 0.404297 0.519531 0.406250 0.521484 0.408203 0.521484 0.410156 0.523438 0.412109 0.523438 0.416016 0.519531 0.416016 0.515625 0.412109 0.511719
0 0.507812 0.511719 0.503906 0.511719 0.501953 0.513672 0.501953 0.521484 0.505859 0.525391 0.509766 0.521484 0.509766 0.513672
0 0.570312 0.513672 0.568359 0.515625 0.568359 0.517578 0.570312 0.519531 0.572266 0.517578 0.572266 0.515625
0 0.605469 0.519531 0.601562 0.521484 0.595703 0.529297 0.595703 0.537109 0.603516 0.546875 0.607422 0.548828 0.615234 0.548828 0.623047 0.541016 0.623047 0.531250 0.615234 0.521484 0.611328 0.519531
0 0.773438 0.519531 0.769531 0.523438 0.769531 0.527344 0.771484 0.529297 0.773438 0.529297 0.775391 0.531250 0.777344 0.531250 0.781250 0.527344 0.781250 0.523438 0.779297 0.521484 0.777344 0.521484 0.775391 0.519531
0 0.941406 0.525391 0.939453 0.527344 0.939453 0.531250 0.941406 0.533203 0.945312 0.533203 0.947266 0.531250 0.947266 0.529297 0.943359 0.525391
0 0.835938 0.527344 0.824219 0.527344 0.818359 0.531250 0.818359 0.537109 0.820312 0.539062 0.820312 0.541016 0.818359 0.542969 0.818359 0.548828 0.822266 0.552734 0.832031 0.550781 0.837891 0.542969 0.841797 0.533203
0 0.792969 0.537109 0.789062 0.537109 0.785156 0.541016 0.785156 0.544922 0.789062 0.548828 0.791016 0.546875 0.794922 0.546875 0.796875 0.544922 0.796875 0.541016
0 0.849609 0.542969 0.845703 0.546875 0.845703 0.548828 0.847656 0.550781 0.847656 0.552734 0.849609 0.554688 0.855469 0.554688 0.857422 0.552734 0.857422 0.550781 0.859375 0.548828 0.859375 0.546875 0.857422 0.544922 0.855469 0.544922 0.853516 0.542969
0 0.771484 0.548828 0.769531 0.550781 0.769531 0.554688 0.773438 0.558594 0.777344 0.554688 0.777344 0.552734 0.773438 0.548828
0 0.367188 0.552734 0.365234 0.554688 0.365234 0.556641 0.367188 0.558594 0.369141 0.556641 0.369141 0.554688
0 0.394531 0.556641 0.398438 0.560547 0.402344 0.560547 0.404297 0.558594 0.406250 0.558594 0.408203 0.556641 0.410156 0.556641 0.412109 0.554688 0.412109 0.552734 0.410156 0.550781 0.398438 0.550781 0.394531 0.554688
0 0.542969 0.550781 0.539062 0.554688 0.542969 0.558594 0.544922 0.558594 0.546875 0.556641 0.546875 0.554688
0 0.578125 0.564453 0.576172 0.564453 0.572266 0.568359 0.572266 0.570312 0.570312 0.572266 0.570312 0.580078 0.572266 0.582031 0.576172 0.582031 0.580078 0.578125 0.580078 0.566406
0 0.462891 0.566406 0.460938 0.566406 0.458984 0.568359 0.458984 0.572266 0.460938 0.574219 0.464844 0.570312 0.464844 0.568359
0 0.378906 0.574219 0.376953 0.576172 0.378906 0.578125 0.380859 0.576172
0 0.810547 0.578125 0.806641 0.582031 0.806641 0.583984 0.810547 0.587891 0.814453 0.587891 0.816406 0.585938 0.816406 0.582031 0.812500 0.578125
0 0.458984 0.589844 0.455078 0.593750 0.455078 0.599609 0.460938 0.605469 0.464844 0.605469 0.468750 0.601562 0.468750 0.595703 0.464844 0.591797 0.462891 0.591797 0.460938 0.589844
0 0.742188 0.589844 0.738281 0.593750 0.738281 0.595703 0.742188 0.599609 0.746094 0.595703 0.746094 0.593750
0 0.781250 0.589844 0.773438 0.595703 0.773438 0.597656 0.771484 0.599609 0.771484 0.603516 0.773438 0.605469 0.775391 0.611328 0.779297 0.615234 0.781250 0.615234 0.783203 0.617188 0.789062 0.617188 0.791016 0.615234 0.792969 0.615234 0.796875 0.609375 0.796875 0.599609 0.791016 0.591797 0.789062 0.591797 0.787109 0.589844
0 0.544922 0.595703 0.542969 0.597656 0.542969 0.599609 0.544922 0.601562 0.546875 0.599609 0.546875 0.597656
0 0.656250 0.593750 0.654297 0.595703 0.654297 0.597656 0.656250 0.599609 0.658203 0.597656 0.658203 0.595703
0 0.482422 0.601562 0.480469 0.603516 0.480469 0.605469 0.474609 0.611328 0.478516 0.615234 0.484375 0.615234 0.486328 0.613281 0.486328 0.609375 0.488281 0.607422
0 0.679688 0.601562 0.677734 0.603516 0.677734 0.605469 0.679688 0.607422 0.681641 0.605469 0.681641 0.603516
0 0.326172 0.607422 0.320312 0.613281 0.324219 0.617188 0.328125 0.617188 0.330078 0.615234 0.330078 0.613281 0.328125 0.611328 0.328125 0.609375
0 0.527344 0.607422 0.523438 0.607422 0.521484 0.609375 0.521484 0.611328 0.523438 0.613281 0.525391 0.613281 0.529297 0.609375
0 0.664062 0.605469 0.662109 0.607422 0.662109 0.609375 0.664062 0.611328 0.666016 0.611328 0.667969 0.609375 0.667969 0.607422 0.666016 0.605469
0 0.691406 0.611328 0.689453 0.613281 0.689453 0.615234 0.691406 0.617188 0.693359 0.615234 0.693359 0.613281
0 0.708984 0.613281 0.705078 0.617188 0.705078 0.619141 0.708984 0.623047 0.710938 0.623047 0.714844 0.619141 0.712891 0.617188 0.712891 0.615234 0.710938 0.613281
0 0.751953 0.619141 0.750000 0.617188 0.748047 0.617188 0.746094 0.615234 0.744141 0.615234 0.742188 0.617188 0.740234 0.617188 0.736328 0.621094 0.736328 0.625000 0.738281 0.626953 0.742188 0.626953 0.744141 0.625000 0.750000 0.625000 0.751953 0.623047
0 0.431641 0.617188 0.429688 0.619141 0.433594 0.623047 0.435547 0.623047 0.437500 0.621094 0.437500 0.619141 0.435547 0.617188
0 0.298828 0.623047 0.296875 0.625000 0.298828 0.626953 0.300781 0.625000
0 0.496094 0.626953 0.492188 0.630859 0.492188 0.632812 0.494141 0.634766 0.496094 0.634766 0.498047 0.632812 0.498047 0.628906
0 0.888672 0.626953 0.884766 0.626953 0.880859 0.630859 0.880859 0.632812 0.884766 0.636719 0.886719 0.636719 0.892578 0.630859
0 0.931641 0.625000 0.929688 0.626953 0.929688 0.628906 0.931641 0.630859 0.933594 0.628906 0.933594 0.626953
0 0.333984 0.632812 0.332031 0.634766 0.333984 0.636719 0.335938 0.634766
0 0.169922 0.638672 0.167969 0.640625 0.167969 0.642578 0.169922 0.644531 0.171875 0.642578 0.171875 0.640625
0 0.445312 0.638672 0.443359 0.640625 0.443359 0.644531 0.441406 0.646484 0.441406 0.650391 0.447266 0.656250 0.449219 0.656250 0.455078 0.650391 0.455078 0.646484 0.453125 0.644531 0.453125 0.642578 0.449219 0.638672
0 0.562500 0.640625 0.560547 0.642578 0.562500 0.646484 0.566406 0.646484 0.568359 0.648438 0.570312 0.646484 0.574219 0.650391 0.572266 0.666016 0.576172 0.669922 0.582031 0.671875 0.589844 0.662109 0.589844 0.652344 0.585938 0.646484 0.578125 0.640625 0.576172 0.642578 0.574219 0.640625
0 0.757812 0.640625 0.751953 0.648438 0.751953 0.658203 0.757812 0.666016 0.765625 0.666016 0.767578 0.664062 0.769531 0.664062 0.773438 0.658203 0.773438 0.648438 0.767578 0.642578 0.765625 0.642578 0.763672 0.640625
0 0.892578 0.642578 0.888672 0.646484 0.888672 0.650391 0.890625 0.652344 0.892578 0.652344 0.894531 0.650391 0.894531 0.648438 0.896484 0.646484
0 0.285156 0.646484 0.283203 0.646484 0.281250 0.648438 0.281250 0.652344 0.283203 0.654297 0.287109 0.650391 0.287109 0.648438
0 0.314453 0.652344 0.312500 0.654297 0.314453 0.656250 0.316406 0.656250 0.318359 0.654297 0.316406 0.652344
0 0.482422 0.654297 0.480469 0.656250 0.480469 0.658203 0.482422 0.660156 0.484375 0.658203 0.484375 0.656250
0 0.607422 0.658203 0.585938 0.687500 0.611328 0.718750 0.619141 0.720703 0.632812 0.699219 0.640625 0.701172 0.650391 0.693359 0.650391 0.671875 0.638672 0.662109 0.613281 0.664062
0 0.798828 0.662109 0.796875 0.660156 0.794922 0.660156 0.792969 0.658203 0.791016 0.660156 0.789062 0.660156 0.787109 0.662109 0.787109 0.667969 0.789062 0.669922 0.792969 0.669922 0.798828 0.664062
0 0.533203 0.669922 0.531250 0.671875 0.531250 0.677734 0.533203 0.679688 0.535156 0.679688 0.539062 0.675781 0.539062 0.673828 0.535156 0.669922
0 0.693359 0.673828 0.693359 0.683594 0.691406 0.685547 0.693359 0.687500 0.691406 0.689453 0.693359 0.691406 0.697266 0.691406 0.699219 0.689453 0.701172 0.691406 0.703125 0.689453 0.705078 0.691406 0.712891 0.691406 0.718750 0.685547 0.712891 0.673828 0.705078 0.669922 0.699219 0.669922
0 0.433594 0.673828 0.429688 0.673828 0.427734 0.675781 0.429688 0.677734 0.429688 0.679688 0.431641 0.681641 0.435547 0.677734 0.435547 0.675781
0 0.388672 0.675781 0.384766 0.679688 0.384766 0.681641 0.388672 0.685547 0.390625 0.685547 0.394531 0.681641 0.394531 0.679688 0.390625 0.675781
0 0.486328 0.675781 0.482422 0.679688 0.482422 0.683594 0.486328 0.687500 0.490234 0.687500 0.492188 0.685547 0.492188 0.683594 0.490234 0.681641 0.490234 0.679688
0 0.562500 0.677734 0.560547 0.677734 0.556641 0.681641 0.558594 0.683594 0.558594 0.685547 0.560547 0.687500 0.564453 0.683594 0.564453 0.679688
0 0.517578 0.679688 0.515625 0.681641 0.515625 0.683594 0.517578 0.685547 0.519531 0.683594 0.519531 0.681641
0 0.337891 0.685547 0.335938 0.685547 0.332031 0.689453 0.335938 0.693359 0.339844 0.689453 0.339844 0.687500
0 0.728516 0.689453 0.726562 0.691406 0.728516 0.693359 0.730469 0.693359 0.732422 0.691406 0.730469 0.689453
0 0.185547 0.693359 0.183594 0.695312 0.185547 0.697266 0.187500 0.697266 0.189453 0.695312 0.187500 0.693359
0 0.386719 0.693359 0.384766 0.695312 0.388672 0.699219 0.390625 0.697266 0.390625 0.695312 0.388672 0.693359
0 0.500000 0.695312 0.498047 0.697266 0.498047 0.703125 0.500000 0.705078 0.498047 0.707031 0.498047 0.710938 0.496094 0.712891 0.503906 0.720703 0.505859 0.720703 0.509766 0.716797 0.509766 0.701172 0.505859 0.695312
0 0.662109 0.695312 0.656250 0.701172 0.656250 0.705078 0.654297 0.707031 0.656250 0.716797 0.662109 0.720703 0.666016 0.720703 0.667969 0.718750 0.675781 0.718750 0.681641 0.724609 0.683594 0.724609 0.685547 0.722656 0.687500 0.712891 0.683594 0.708984 0.681641 0.708984 0.669922 0.695312
0 0.412109 0.703125 0.408203 0.707031 0.408203 0.710938 0.414062 0.716797 0.416016 0.716797 0.419922 0.712891 0.419922 0.708984 0.417969 0.707031 0.417969 0.705078 0.416016 0.703125
1 0.791016 0.705078 0.789062 0.705078 0.787109 0.707031 0.787109 0.712891 0.785156 0.714844 0.785156 0.718750 0.787109 0.720703 0.789062 0.720703 0.791016 0.718750 0.789062 0.716797 0.789062 0.712891 0.791016 0.710938 0.791016 0.708984 0.792969 0.707031
0 0.283203 0.707031 0.279297 0.710938 0.279297 0.716797 0.285156 0.722656 0.291016 0.716797 0.291016 0.712891 0.285156 0.707031
0 0.453125 0.707031 0.449219 0.710938 0.451172 0.712891 0.453125 0.712891 0.455078 0.710938 0.455078 0.708984
0 0.744141 0.710938 0.744141 0.726562 0.750000 0.732422 0.753906 0.732422 0.763672 0.724609 0.771484 0.724609 0.775391 0.720703 0.771484 0.716797 0.763672 0.716797 0.757812 0.710938 0.750000 0.707031 0.748047 0.707031
0 0.804688 0.707031 0.802734 0.708984 0.800781 0.708984 0.798828 0.710938 0.802734 0.714844 0.804688 0.714844 0.806641 0.712891 0.806641 0.708984
0 0.564453 0.710938 0.562500 0.712891 0.562500 0.716797 0.566406 0.720703 0.570312 0.720703 0.574219 0.716797 0.574219 0.714844 0.570312 0.710938
0 0.710938 0.710938 0.705078 0.714844 0.705078 0.724609 0.710938 0.730469 0.716797 0.730469 0.720703 0.726562 0.720703 0.718750 0.716797 0.712891 0.714844 0.712891 0.712891 0.710938
1 0.474609 0.728516 0.476562 0.730469 0.476562 0.734375 0.480469 0.738281 0.486328 0.738281 0.490234 0.736328 0.500000 0.742188 0.503906 0.738281 0.513672 0.738281 0.515625 0.736328 0.511719 0.730469 0.500000 0.730469 0.496094 0.728516 0.488281 0.718750 0.480469 0.720703
0 0.822266 0.718750 0.818359 0.718750 0.814453 0.722656 0.818359 0.726562 0.820312 0.726562 0.824219 0.722656 0.824219 0.720703
0 0.410156 0.722656 0.408203 0.724609 0.408203 0.728516 0.412109 0.732422 0.412109 0.734375 0.419922 0.742188 0.421875 0.742188 0.427734 0.736328 0.427734 0.732422 0.425781 0.730469 0.425781 0.728516 0.419922 0.724609 0.416016 0.724609 0.414062 0.722656
0 0.527344 0.730469 0.527344 0.734375 0.533203 0.740234 0.537109 0.740234 0.539062 0.742188 0.541016 0.742188 0.542969 0.740234 0.552734 0.740234 0.556641 0.736328 0.556641 0.732422 0.548828 0.724609 0.546875 0.724609 0.544922 0.722656 0.539062 0.722656 0.537109 0.724609 0.533203 0.724609
0 0.890625 0.726562 0.888672 0.728516 0.888672 0.730469 0.890625 0.732422 0.892578 0.730469 0.892578 0.728516
0 0.900391 0.728516 0.902344 0.730469 0.906250 0.730469 0.908203 0.728516 0.906250 0.726562 0.902344 0.726562
0 0.244141 0.738281 0.242188 0.740234 0.244141 0.742188 0.246094 0.742188 0.248047 0.740234 0.246094 0.738281
0 0.492188 0.746094 0.490234 0.748047 0.490234 0.750000 0.492188 0.751953 0.494141 0.751953 0.496094 0.750000 0.496094 0.748047 0.494141 0.746094
0 0.683594 0.748047 0.681641 0.750000 0.683594 0.751953 0.685547 0.750000
0 0.820312 0.759766 0.816406 0.763672 0.816406 0.765625 0.818359 0.767578 0.824219 0.767578 0.826172 0.765625 0.826172 0.761719 0.824219 0.759766
0 0.484375 0.765625 0.480469 0.769531 0.484375 0.773438 0.488281 0.769531
0 0.806641 0.765625 0.804688 0.765625 0.802734 0.767578 0.802734 0.769531 0.804688 0.771484 0.808594 0.767578
0 0.593750 0.773438 0.591797 0.775391 0.589844 0.775391 0.585938 0.779297 0.585938 0.781250 0.589844 0.785156 0.593750 0.785156 0.597656 0.781250 0.597656 0.777344
0 0.521484 0.789062 0.525391 0.792969 0.523438 0.794922 0.525391 0.796875 0.525391 0.800781 0.529297 0.804688 0.529297 0.808594 0.525391 0.812500 0.527344 0.816406 0.539062 0.806641 0.541016 0.808594 0.548828 0.808594 0.554688 0.804688 0.554688 0.796875 0.550781 0.792969 0.544922 0.791016 0.539062 0.785156 0.529297 0.785156
0 0.634766 0.785156 0.632812 0.787109 0.632812 0.789062 0.628906 0.792969 0.628906 0.796875 0.634766 0.802734 0.638672 0.802734 0.644531 0.796875 0.644531 0.792969 0.642578 0.791016 0.642578 0.789062 0.638672 0.785156
0 0.675781 0.798828 0.666016 0.804688 0.666016 0.810547 0.646484 0.826172 0.636719 0.841797 0.636719 0.853516 0.644531 0.863281 0.662109 0.853516 0.679688 0.830078 0.685547 0.828125 0.695312 0.835938 0.699219 0.832031 0.699219 0.824219 0.689453 0.814453 0.687500 0.816406
0 0.824219 0.806641 0.822266 0.808594 0.824219 0.810547 0.826172 0.810547 0.828125 0.808594 0.826172 0.806641
0 0.359375 0.812500 0.355469 0.816406 0.355469 0.818359 0.353516 0.820312 0.353516 0.824219 0.359375 0.830078 0.363281 0.830078 0.369141 0.824219 0.369141 0.820312 0.367188 0.818359 0.367188 0.816406 0.363281 0.812500
0 0.507812 0.816406 0.503906 0.820312 0.503906 0.822266 0.501953 0.824219 0.501953 0.828125 0.505859 0.832031 0.509766 0.832031 0.513672 0.828125 0.513672 0.824219 0.511719 0.822266 0.511719 0.820312
0 0.750000 0.822266 0.748047 0.824219 0.748047 0.826172 0.750000 0.828125 0.751953 0.828125 0.753906 0.826172 0.753906 0.824219 0.751953 0.822266
1 0.503906 0.851562 0.509766 0.863281 0.519531 0.867188 0.535156 0.882812 0.562500 0.876953 0.576172 0.892578 0.595703 0.894531 0.617188 0.914062 0.623047 0.910156 0.623047 0.904297 0.607422 0.892578 0.589844 0.871094 0.583984 0.869141 0.568359 0.871094 0.556641 0.861328 0.556641 0.843750 0.560547 0.837891 0.560547 0.832031 0.554688 0.826172 0.541016 0.833984 0.529297 0.830078 0.521484 0.835938 0.513672 0.847656 0.507812 0.847656
0 0.724609 0.826172 0.720703 0.830078 0.720703 0.832031 0.724609 0.837891 0.724609 0.841797 0.726562 0.843750 0.730469 0.843750 0.732422 0.841797 0.734375 0.841797 0.738281 0.837891 0.738281 0.833984 0.740234 0.832031 0.734375 0.826172
0 0.781250 0.824219 0.775391 0.824219 0.771484 0.828125 0.771484 0.830078 0.769531 0.832031 0.769531 0.837891 0.775391 0.843750 0.781250 0.837891 0.781250 0.833984 0.783203 0.832031 0.783203 0.826172
0 0.880859 0.826172 0.878906 0.828125 0.880859 0.830078 0.882812 0.830078 0.884766 0.828125 0.882812 0.826172
0 0.763672 0.845703 0.761719 0.847656 0.763672 0.849609 0.765625 0.847656
0 0.998047 0.843750 0.992188 0.849609 0.992188 0.851562 0.994141 0.853516 0.998047 0.853516
0 0.800781 0.851562 0.796875 0.855469 0.796875 0.857422 0.802734 0.863281 0.808594 0.863281 0.812500 0.859375 0.812500 0.855469 0.808594 0.851562
0 0.728516 0.861328 0.724609 0.861328 0.722656 0.863281 0.722656 0.867188 0.726562 0.871094 0.730469 0.867188 0.730469 0.863281
0 0.832031 0.869141 0.828125 0.873047 0.828125 0.875000 0.830078 0.876953 0.830078 0.880859 0.832031 0.882812 0.830078 0.884766 0.830078 0.888672 0.832031 0.890625 0.837891 0.890625 0.839844 0.888672 0.839844 0.878906 0.841797 0.876953 0.841797 0.873047 0.837891 0.869141
0 0.652344 0.871094 0.650391 0.873047 0.650391 0.876953 0.652344 0.878906 0.654297 0.878906 0.658203 0.875000 0.654297 0.871094
0 0.810547 0.876953 0.806641 0.876953 0.802734 0.880859 0.802734 0.884766 0.804688 0.886719 0.806641 0.886719 0.808594 0.888672 0.814453 0.882812 0.814453 0.880859
0 0.640625 0.878906 0.638672 0.880859 0.638672 0.882812 0.640625 0.884766 0.642578 0.882812 0.642578 0.880859
0 0.732422 0.880859 0.730469 0.882812 0.728516 0.882812 0.726562 0.884766 0.726562 0.886719 0.734375 0.894531 0.738281 0.890625 0.738281 0.884766 0.734375 0.880859
0 0.757812 0.894531 0.755859 0.896484 0.755859 0.900391 0.757812 0.902344 0.759766 0.902344 0.761719 0.900391 0.761719 0.896484 0.759766 0.894531
1 0.792969 0.904297 0.796875 0.910156 0.802734 0.908203 0.806641 0.912109 0.806641 0.916016 0.810547 0.919922 0.814453 0.919922 0.818359 0.916016 0.818359 0.910156 0.814453 0.906250 0.810547 0.906250 0.808594 0.908203 0.806641 0.908203 0.798828 0.900391 0.796875 0.900391
0 0.716797 0.904297 0.714844 0.906250 0.714844 0.917969 0.712891 0.919922 0.712891 0.923828 0.714844 0.925781 0.720703 0.925781 0.722656 0.923828 0.728516 0.923828 0.730469 0.925781 0.734375 0.925781 0.738281 0.921875 0.738281 0.914062 0.736328 0.912109 0.736328 0.910156 0.732422 0.906250 0.730469 0.908203 0.728516 0.906250 0.720703 0.906250 0.718750 0.904297
0 0.224609 0.908203 0.222656 0.910156 0.222656 0.914062 0.224609 0.916016 0.226562 0.916016 0.230469 0.912109 0.226562 0.908203
0 0.568359 0.912109 0.566406 0.914062 0.566406 0.916016 0.568359 0.917969 0.570312 0.917969 0.572266 0.916016
0 0.861328 0.910156 0.855469 0.916016 0.855469 0.917969 0.853516 0.919922 0.855469 0.921875 0.855469 0.925781 0.853516 0.927734 0.861328 0.935547 0.867188 0.935547 0.871094 0.931641 0.871094 0.921875 0.869141 0.919922 0.869141 0.917969
1 0.634766 0.923828 0.626953 0.925781 0.619141 0.933594 0.619141 0.937500 0.625000 0.947266 0.625000 0.955078 0.630859 0.962891 0.634766 0.960938 0.638672 0.953125 0.638672 0.947266 0.636719 0.945312 0.636719 0.939453 0.638672 0.937500 0.638672 0.927734
0 0.935547 0.921875 0.931641 0.925781 0.931641 0.931641 0.935547 0.935547 0.939453 0.935547 0.943359 0.931641 0.943359 0.925781 0.939453 0.921875
0 0.974609 0.923828 0.972656 0.925781 0.972656 0.927734 0.974609 0.929688 0.976562 0.927734 0.976562 0.925781
0 0.492188 0.925781 0.490234 0.925781 0.488281 0.927734 0.488281 0.929688 0.490234 0.931641 0.494141 0.927734
0 0.685547 0.927734 0.681641 0.931641 0.681641 0.933594 0.679688 0.935547 0.681641 0.937500 0.683594 0.937500 0.687500 0.933594 0.687500 0.929688
0 0.587891 0.933594 0.585938 0.935547 0.585938 0.937500 0.589844 0.941406 0.591797 0.941406 0.593750 0.939453 0.593750 0.935547 0.591797 0.933594
0 0.726562 0.949219 0.724609 0.951172 0.724609 0.955078 0.730469 0.962891 0.730469 0.970703 0.734375 0.976562 0.744141 0.978516 0.759766 0.970703 0.757812 0.968750 0.757812 0.957031 0.751953 0.947266 0.748047 0.945312 0.740234 0.945312 0.734375 0.949219
0 0.945312 0.951172 0.941406 0.955078 0.943359 0.957031 0.943359 0.960938 0.949219 0.966797 0.953125 0.966797 0.957031 0.962891 0.957031 0.960938 0.958984 0.958984 0.957031 0.957031 0.957031 0.955078 0.955078 0.953125 0.951172 0.953125 0.949219 0.951172
0 0.611328 0.955078 0.609375 0.957031 0.609375 0.962891 0.611328 0.964844 0.613281 0.964844 0.615234 0.966797 0.619141 0.962891 0.619141 0.957031 0.617188 0.955078
0 0.710938 0.953125 0.707031 0.957031 0.708984 0.958984 0.710938 0.958984 0.712891 0.960938 0.716797 0.957031 0.714844 0.955078 0.712891 0.955078
0 0.884766 0.953125 0.880859 0.957031 0.880859 0.962891 0.886719 0.968750 0.890625 0.968750 0.896484 0.962891 0.894531 0.960938 0.894531 0.958984 0.892578 0.957031 0.890625 0.957031 0.886719 0.953125
1 0.917969 0.955078 0.912109 0.958984 0.912109 0.962891 0.910156 0.964844 0.910156 0.970703 0.919922 0.980469 0.916016 0.986328 0.921875 0.992188 0.925781 0.988281 0.925781 0.984375 0.923828 0.982422 0.923828 0.958984
0 0.798828 0.958984 0.794922 0.958984 0.792969 0.960938 0.796875 0.964844 0.800781 0.960938
0 0.853516 0.958984 0.849609 0.958984 0.845703 0.962891 0.845703 0.966797 0.847656 0.968750 0.847656 0.970703 0.851562 0.974609 0.857422 0.968750 0.857422 0.962891
0 0.568359 0.962891 0.566406 0.964844 0.566406 0.966797 0.568359 0.968750 0.570312 0.968750 0.572266 0.966797 0.572266 0.964844 0.570312 0.962891
1 0.998047 0.964844 0.996094 0.966797 0.996094 0.970703 0.998047 0.972656
0 0.421875 0.970703 0.417969 0.974609 0.423828 0.980469 0.427734 0.976562 0.427734 0.974609 0.423828 0.970703
0 0.240234 0.972656 0.238281 0.974609 0.238281 0.978516 0.240234 0.980469 0.242188 0.980469 0.246094 0.976562 0.242188 0.972656
0 0.660156 0.986328 0.660156 0.990234 0.664062 0.998047 0.701172 0.998047 0.699219 0.996094 0.699219 0.990234 0.695312 0.980469 0.685547 0.972656 0.675781 0.972656 0.667969 0.976562
0 0.603516 0.984375 0.603516 0.998047 0.626953 0.998047 0.625000 0.996094 0.625000 0.994141 0.626953 0.992188 0.623047 0.988281 0.623047 0.986328 0.621094 0.984375 0.619141 0.984375 0.613281 0.980469 0.607422 0.980469
0 0.796875 0.980469 0.794922 0.982422 0.796875 0.984375 0.798828 0.982422
0 0.976562 0.980469 0.974609 0.982422 0.976562 0.984375 0.978516 0.982422
0 0.888672 0.984375 0.884766 0.988281 0.884766 0.990234 0.888672 0.994141 0.892578 0.990234 0.892578 0.988281
