0 0.812500 0.167969 0.808594 0.171875 0.812500 0.175781 0.816406 0.171875
1 0.000000 0.177734 0.000000 0.289062 0.041016 0.212891 0.091797 0.259766 0.050781 0.353516 0.046875 0.310547 0.000000 0.298828 0.000000 0.501953 0.062500 0.722656 0.132812 0.744141 0.138672 0.804688 0.203125 0.751953 0.271484 0.820312 0.234375 0.849609 0.236328 0.933594 0.298828 0.898438 0.416016 0.998047 0.382812 0.898438 0.509766 0.892578 0.353516 0.869141 0.162109 0.707031 0.386719 0.619141 0.390625 0.585938 0.435547 0.607422 0.435547 0.656250 0.462891 0.621094 0.326172 0.488281 0.384766 0.544922 0.343750 0.619141 0.113281 0.662109 0.099609 0.625000 0.310547 0.488281 0.218750 0.392578 0.101562 0.402344 0.130859 0.349609 0.080078 0.339844 0.091797 0.222656
0 0.798828 0.191406 0.796875 0.193359 0.800781 0.197266 0.802734 0.195312 0.802734 0.193359 0.800781 0.191406
0 0.917969 0.210938 0.916016 0.210938 0.914062 0.212891 0.914062 0.214844 0.916016 0.216797 0.919922 0.212891
0 0.650391 0.222656 0.644531 0.228516 0.644531 0.232422 0.650391 0.238281 0.656250 0.238281 0.660156 0.234375 0.660156 0.228516 0.654297 0.222656
0 0.382812 0.230469 0.373047 0.230469 0.371094 0.232422 0.369141 0.232422 0.367188 0.234375 0.367188 0.240234 0.373047 0.246094 0.375000 0.246094 0.376953 0.244141 0.378906 0.244141 0.380859 0.242188 0.382812 0.242188 0.386719 0.238281 0.386719 0.234375
0 0.431641 0.240234 0.429688 0.242188 0.429688 0.244141 0.431641 0.246094 0.433594 0.244141 0.433594 0.242188
0 0.441406 0.248047 0.439453 0.250000 0.439453 0.251953 0.441406 0.253906 0.443359 0.253906 0.445312 0.251953 0.445312 0.250000 0.443359 0.248047
0 0.490234 0.248047 0.486328 0.251953 0.490234 0.255859 0.494141 0.255859 0.498047 0.251953 0.498047 0.250000 0.496094 0.248047
0 0.712891 0.265625 0.710938 0.265625 0.707031 0.269531 0.710938 0.273438 0.714844 0.269531 0.714844 0.267578
0 0.240234 0.269531 0.236328 0.273438 0.236328 0.277344 0.238281 0.279297 0.238281 0.281250 0.244141 0.287109 0.246094 0.287109 0.248047 0.289062 0.253906 0.289062 0.259766 0.283203 0.259766 0.281250 0.261719 0.279297 0.261719 0.275391 0.257812 0.271484 0.248047 0.271484 0.246094 0.269531
0 0.451172 0.285156 0.447266 0.289062 0.451172 0.292969 0.453125 0.292969 0.455078 0.291016 0.455078 0.289062
0 0.457031 0.298828 0.453125 0.302734 0.453125 0.304688 0.455078 0.306641 0.458984 0.306641 0.460938 0.304688 0.460938 0.302734
0 0.595703 0.298828 0.593750 0.300781 0.593750 0.302734 0.595703 0.304688 0.599609 0.304688 0.601562 0.302734 0.597656 0.298828
0 0.150391 0.320312 0.150391 0.324219 0.152344 0.326172 0.152344 0.332031 0.158203 0.337891 0.160156 0.337891 0.162109 0.335938 0.173828 0.335938 0.175781 0.333984 0.175781 0.330078 0.171875 0.326172 0.169922 0.326172 0.162109 0.318359 0.160156 0.318359 0.158203 0.316406 0.154297 0.316406
0 0.312500 0.322266 0.312500 0.326172 0.314453 0.328125 0.318359 0.328125 0.320312 0.330078 0.322266 0.330078 0.324219 0.332031 0.326172 0.332031 0.330078 0.328125 0.330078 0.326172 0.326172 0.322266 0.324219 0.322266 0.322266 0.320312 0.314453 0.320312
0 0.443359 0.328125 0.441406 0.330078 0.441406 0.335938 0.447266 0.341797 0.453125 0.341797 0.457031 0.337891 0.457031 0.333984 0.451172 0.328125
0 0.738281 0.328125 0.734375 0.332031 0.734375 0.335938 0.738281 0.339844 0.742188 0.339844 0.746094 0.335938 0.746094 0.332031 0.742188 0.328125
0 0.357422 0.333984 0.355469 0.335938 0.355469 0.337891 0.359375 0.341797 0.361328 0.341797 0.365234 0.337891 0.365234 0.335938 0.363281 0.333984
1 0.304688 0.337891 0.302734 0.339844 0.304688 0.341797 0.306641 0.341797 0.310547 0.345703 0.310547 0.351562 0.312500 0.353516 0.314453 0.353516 0.318359 0.357422 0.320312 0.355469 0.320312 0.351562 0.310547 0.341797 0.310547 0.339844 0.308594 0.337891
1 0.367188 0.351562 0.359375 0.359375 0.351562 0.363281 0.357422 0.371094 0.351562 0.378906 0.351562 0.382812 0.373047 0.404297 0.376953 0.404297 0.380859 0.398438 0.367188 0.376953 0.375000 0.357422
0 0.269531 0.363281 0.267578 0.361328 0.265625 0.363281 0.263672 0.363281 0.261719 0.365234 0.263672 0.367188 0.267578 0.367188 0.269531 0.365234
0 0.396484 0.361328 0.394531 0.363281 0.396484 0.365234 0.398438 0.363281
0 0.253906 0.363281 0.251953 0.365234 0.251953 0.367188 0.253906 0.369141 0.255859 0.369141 0.257812 0.367188
0 0.820312 0.365234 0.814453 0.371094 0.814453 0.373047 0.812500 0.375000 0.812500 0.382812 0.818359 0.388672 0.826172 0.388672 0.828125 0.386719 0.830078 0.386719 0.833984 0.382812 0.833984 0.380859 0.835938 0.378906 0.835938 0.371094 0.830078 0.365234
0 0.437500 0.367188 0.435547 0.367188 0.431641 0.371094 0.431641 0.376953 0.425781 0.382812 0.425781 0.386719 0.427734 0.388672 0.431641 0.388672 0.433594 0.386719 0.437500 0.386719 0.441406 0.382812 0.441406 0.380859 0.439453 0.378906 0.439453 0.369141
0 0.312500 0.384766 0.310547 0.386719 0.310547 0.392578 0.314453 0.396484 0.318359 0.396484 0.320312 0.398438 0.322266 0.396484 0.320312 0.394531 0.320312 0.392578 0.318359 0.390625 0.318359 0.388672 0.314453 0.384766
0 0.544922 0.388672 0.542969 0.390625 0.542969 0.392578 0.544922 0.394531 0.546875 0.392578 0.546875 0.390625
0 0.441406 0.394531 0.439453 0.396484 0.439453 0.398438 0.441406 0.400391 0.443359 0.398438 0.443359 0.396484
0 0.451172 0.400391 0.449219 0.402344 0.449219 0.406250 0.451172 0.408203 0.453125 0.408203 0.455078 0.406250 0.455078 0.402344 0.453125 0.400391
0 0.423828 0.404297 0.419922 0.404297 0.416016 0.408203 0.416016 0.410156 0.412109 0.414062 0.412109 0.417969 0.416016 0.421875 0.419922 0.421875 0.421875 0.419922 0.421875 0.417969 0.423828 0.416016 0.423828 0.408203 0.425781 0.406250
0 0.625000 0.404297 0.626953 0.406250 0.630859 0.406250 0.632812 0.404297 0.630859 0.402344 0.626953 0.402344
0 0.556641 0.414062 0.550781 0.419922 0.550781 0.425781 0.560547 0.435547 0.566406 0.429688 0.566406 0.423828 0.564453 0.421875 0.564453 0.419922 0.558594 0.414062
0 0.308594 0.421875 0.296875 0.433594 0.296875 0.447266 0.292969 0.451172 0.291016 0.449219 0.287109 0.453125 0.287109 0.457031 0.291016 0.458984 0.300781 0.451172 0.320312 0.470703 0.326172 0.464844 0.326172 0.457031 0.316406 0.441406 0.316406 0.429688
0 0.484375 0.435547 0.482422 0.435547 0.478516 0.439453 0.478516 0.441406 0.480469 0.443359 0.484375 0.443359 0.486328 0.441406 0.486328 0.437500
0 0.498047 0.437500 0.496094 0.439453 0.496094 0.441406 0.500000 0.445312 0.501953 0.443359 0.501953 0.441406
0 0.537109 0.437500 0.533203 0.441406 0.537109 0.445312 0.539062 0.445312 0.542969 0.441406 0.539062 0.437500
0 0.517578 0.443359 0.513672 0.447266 0.517578 0.451172 0.521484 0.447266
0 0.507812 0.453125 0.503906 0.457031 0.505859 0.458984 0.505859 0.460938 0.509766 0.464844 0.511719 0.462891 0.511719 0.457031
0 0.460938 0.460938 0.457031 0.460938 0.453125 0.464844 0.453125 0.468750 0.458984 0.474609 0.464844 0.468750 0.464844 0.464844
0 0.603516 0.484375 0.599609 0.484375 0.593750 0.490234 0.593750 0.498047 0.595703 0.500000 0.599609 0.500000 0.601562 0.498047 0.603516 0.498047 0.607422 0.494141 0.607422 0.488281
0 0.962891 0.490234 0.960938 0.492188 0.960938 0.494141 0.962891 0.496094 0.964844 0.496094 0.966797 0.494141 0.966797 0.492188 0.964844 0.490234
0 0.353516 0.494141 0.349609 0.498047 0.355469 0.503906 0.357422 0.503906 0.361328 0.500000 0.355469 0.494141
0 0.521484 0.503906 0.519531 0.505859 0.521484 0.507812 0.523438 0.505859
0 0.599609 0.523438 0.597656 0.523438 0.591797 0.529297 0.591797 0.533203 0.597656 0.539062 0.603516 0.533203 0.603516 0.527344
0 0.273438 0.542969 0.271484 0.544922 0.271484 0.548828 0.273438 0.550781 0.275391 0.550781 0.277344 0.548828 0.277344 0.544922 0.275391 0.542969
0 0.259766 0.578125 0.255859 0.582031 0.257812 0.583984 0.259766 0.583984 0.261719 0.582031 0.261719 0.580078
1 0.162109 0.603516 0.166016 0.607422 0.183594 0.607422 0.185547 0.605469 0.185547 0.601562 0.183594 0.599609 0.181641 0.599609 0.179688 0.601562 0.171875 0.601562 0.169922 0.599609 0.166016 0.599609
0 0.197266 0.601562 0.191406 0.607422 0.193359 0.609375 0.193359 0.611328 0.195312 0.613281 0.201172 0.613281 0.203125 0.611328 0.203125 0.605469 0.199219 0.601562
0 0.544922 0.611328 0.539062 0.617188 0.539062 0.621094 0.541016 0.623047 0.542969 0.623047 0.544922 0.625000 0.550781 0.619141 0.550781 0.617188
0 0.796875 0.615234 0.792969 0.619141 0.792969 0.623047 0.794922 0.625000 0.796875 0.625000 0.798828 0.623047 0.798828 0.621094 0.796875 0.619141 0.798828 0.617188
0 0.650391 0.621094 0.646484 0.617188 0.640625 0.623047 0.642578 0.625000 0.646484 0.625000
0 0.587891 0.623047 0.585938 0.625000 0.585938 0.626953 0.587891 0.628906 0.591797 0.628906 0.593750 0.626953 0.593750 0.625000 0.591797 0.623047
0 0.609375 0.623047 0.607422 0.625000 0.607422 0.628906 0.609375 0.630859 0.613281 0.630859 0.615234 0.628906 0.615234 0.625000 0.613281 0.623047
0 0.757812 0.625000 0.751953 0.630859 0.751953 0.632812 0.757812 0.638672 0.759766 0.638672 0.765625 0.632812 0.763672 0.630859 0.763672 0.628906 0.759766 0.625000
0 0.568359 0.642578 0.564453 0.638672 0.562500 0.638672 0.560547 0.640625 0.560547 0.642578 0.558594 0.644531 0.560547 0.646484 0.564453 0.646484
1 0.492188 0.677734 0.486328 0.675781 0.478516 0.683594 0.474609 0.679688 0.474609 0.669922 0.466797 0.662109 0.460938 0.660156 0.441406 0.671875 0.439453 0.677734 0.441406 0.679688 0.431641 0.687500 0.425781 0.697266 0.427734 0.699219 0.423828 0.703125 0.406250 0.695312 0.398438 0.705078 0.398438 0.712891 0.406250 0.722656 0.414062 0.722656 0.423828 0.712891 0.431641 0.716797 0.439453 0.716797 0.449219 0.707031 0.449219 0.699219 0.441406 0.689453 0.447266 0.681641 0.457031 0.681641 0.462891 0.687500 0.464844 0.701172 0.470703 0.703125 0.476562 0.699219 0.478516 0.687500 0.482422 0.683594 0.486328 0.685547 0.490234 0.683594
0 0.718750 0.660156 0.716797 0.662109 0.716797 0.664062 0.714844 0.666016 0.714844 0.671875 0.716797 0.673828 0.722656 0.673828 0.726562 0.669922 0.726562 0.664062 0.722656 0.660156
0 0.816406 0.691406 0.812500 0.695312 0.814453 0.697266 0.816406 0.697266 0.818359 0.695312 0.818359 0.693359
0 0.466797 0.714844 0.464844 0.714844 0.460938 0.718750 0.460938 0.722656 0.462891 0.724609 0.466797 0.724609 0.470703 0.720703 0.470703 0.718750
1 0.998047 0.716797 0.994141 0.720703 0.994141 0.726562 0.998047 0.730469
0 0.347656 0.734375 0.343750 0.738281 0.343750 0.742188 0.345703 0.744141 0.351562 0.744141 0.353516 0.742188 0.353516 0.738281 0.349609 0.734375
0 0.431641 0.736328 0.429688 0.738281 0.429688 0.742188 0.433594 0.746094 0.435547 0.746094 0.437500 0.748047 0.439453 0.748047 0.441406 0.746094 0.441406 0.742188 0.435547 0.736328
0 0.539062 0.734375 0.535156 0.734375 0.529297 0.740234 0.529297 0.742188 0.531250 0.744141 0.531250 0.746094 0.533203 0.748047 0.537109 0.748047 0.542969 0.742188 0.542969 0.740234 0.541016 0.738281 0.541016 0.736328
0 0.527344 0.751953 0.519531 0.744141 0.507812 0.744141 0.498047 0.751953 0.500000 0.763672 0.490234 0.773438 0.490234 0.777344 0.492188 0.779297 0.509766 0.779297 0.513672 0.773438 0.505859 0.765625 0.509766 0.761719 0.521484 0.763672 0.527344 0.757812
0 0.746094 0.765625 0.746094 0.783203 0.753906 0.794922 0.765625 0.794922 0.779297 0.779297 0.789062 0.791016 0.796875 0.794922 0.804688 0.792969 0.808594 0.787109 0.810547 0.767578 0.804688 0.755859 0.798828 0.751953 0.783203 0.755859 0.771484 0.748047 0.761719 0.748047
0 0.552734 0.751953 0.550781 0.751953 0.548828 0.753906 0.548828 0.755859 0.550781 0.757812 0.554688 0.753906
1 0.398438 0.759766 0.402344 0.763672 0.404297 0.763672 0.406250 0.765625 0.408203 0.765625 0.410156 0.763672 0.406250 0.759766 0.404297 0.759766 0.402344 0.757812 0.400391 0.757812
0 0.572266 0.759766 0.568359 0.763672 0.568359 0.765625 0.572266 0.769531 0.574219 0.769531 0.576172 0.771484 0.578125 0.771484 0.583984 0.765625 0.583984 0.763672 0.580078 0.759766
0 0.667969 0.771484 0.664062 0.771484 0.662109 0.773438 0.662109 0.777344 0.664062 0.779297 0.666016 0.779297 0.669922 0.775391 0.669922 0.773438
1 0.572266 0.781250 0.568359 0.777344 0.566406 0.779297 0.560547 0.779297 0.548828 0.773438 0.539062 0.779297 0.535156 0.775391 0.529297 0.775391 0.523438 0.781250 0.523438 0.785156 0.527344 0.791016 0.535156 0.791016 0.546875 0.783203 0.552734 0.785156 0.564453 0.796875 0.572266 0.789062
0 0.712891 0.775391 0.710938 0.777344 0.710938 0.779297 0.714844 0.783203 0.718750 0.779297 0.714844 0.775391
0 0.292969 0.783203 0.291016 0.783203 0.289062 0.785156 0.289062 0.787109 0.291016 0.789062 0.294922 0.785156
0 0.880859 0.791016 0.876953 0.791016 0.875000 0.792969 0.878906 0.796875 0.882812 0.792969
0 0.476562 0.798828 0.476562 0.800781 0.482422 0.806641 0.484375 0.804688 0.492188 0.804688 0.494141 0.806641 0.498047 0.806641 0.500000 0.804688 0.500000 0.800781 0.498047 0.798828 0.496094 0.800781 0.486328 0.792969 0.482422 0.792969
0 0.609375 0.794922 0.605469 0.794922 0.603516 0.796875 0.603516 0.798828 0.607422 0.802734 0.611328 0.798828 0.611328 0.796875
0 0.972656 0.792969 0.968750 0.796875 0.968750 0.800781 0.970703 0.802734 0.974609 0.802734 0.978516 0.798828
0 0.546875 0.798828 0.542969 0.802734 0.546875 0.806641 0.548828 0.806641 0.550781 0.804688 0.550781 0.800781 0.548828 0.798828
0 0.638672 0.798828 0.636719 0.798828 0.634766 0.800781 0.634766 0.804688 0.636719 0.806641 0.640625 0.802734 0.640625 0.800781
0 0.384766 0.804688 0.382812 0.806641 0.384766 0.808594 0.386719 0.808594 0.388672 0.806641 0.386719 0.804688
0 0.574219 0.814453 0.574219 0.820312 0.585938 0.830078 0.585938 0.835938 0.591797 0.839844 0.603516 0.839844 0.611328 0.832031 0.619141 0.828125 0.611328 0.814453 0.599609 0.806641 0.593750 0.806641 0.583984 0.814453 0.578125 0.814453 0.576172 0.812500
0 0.513672 0.808594 0.511719 0.808594 0.507812 0.812500 0.507812 0.814453 0.509766 0.816406 0.513672 0.816406 0.515625 0.814453 0.515625 0.810547
0 0.533203 0.810547 0.531250 0.812500 0.531250 0.814453 0.533203 0.816406 0.535156 0.816406 0.537109 0.814453 0.537109 0.812500 0.535156 0.810547
0 0.767578 0.818359 0.765625 0.820312 0.765625 0.835938 0.767578 0.837891 0.771484 0.853516 0.773438 0.855469 0.779297 0.855469 0.781250 0.857422 0.792969 0.847656 0.792969 0.841797 0.783203 0.830078 0.783203 0.828125 0.775391 0.820312
0 0.494141 0.822266 0.492188 0.824219 0.492188 0.828125 0.494141 0.830078 0.496094 0.830078 0.498047 0.832031 0.501953 0.828125 0.501953 0.824219 0.500000 0.822266
0 0.548828 0.822266 0.546875 0.824219 0.548828 0.826172 0.550781 0.826172 0.552734 0.824219 0.550781 0.822266
0 0.468750 0.824219 0.466797 0.824219 0.462891 0.828125 0.462891 0.833984 0.464844 0.835938 0.468750 0.835938 0.474609 0.830078
1 0.447266 0.830078 0.443359 0.830078 0.439453 0.833984 0.439453 0.837891 0.441406 0.839844 0.441406 0.845703 0.437500 0.849609 0.437500 0.853516 0.441406 0.857422 0.445312 0.853516 0.447266 0.847656 0.451172 0.843750 0.451172 0.841797 0.453125 0.839844 0.451172 0.833984
1 0.523438 0.833984 0.519531 0.837891 0.519531 0.839844 0.523438 0.843750 0.531250 0.843750 0.535156 0.847656 0.533203 0.859375 0.537109 0.863281 0.541016 0.863281 0.544922 0.859375 0.544922 0.853516 0.537109 0.843750 0.541016 0.837891 0.535156 0.832031 0.527344 0.832031
1 0.720703 0.857422 0.685547 0.843750 0.660156 0.867188 0.640625 0.849609 0.621094 0.857422 0.617188 0.867188 0.625000 0.875000 0.648438 0.871094 0.664062 0.888672 0.619141 0.914062 0.580078 0.916016 0.570312 0.927734 0.554688 0.914062 0.541016 0.916016 0.531250 0.929688 0.503906 0.941406 0.507812 0.970703 0.500000 0.984375 0.515625 0.982422 0.513672 0.998047 0.531250 0.998047 0.576172 0.974609 0.583984 0.988281 0.574219 0.998047 0.626953 0.998047 0.640625 0.986328 0.675781 0.998047 0.693359 0.972656 0.701172 0.976562 0.710938 0.968750 0.708984 0.957031 0.693359 0.945312 0.685547 0.916016 0.697266 0.904297 0.705078 0.908203 0.697266 0.929688 0.714844 0.947266 0.736328 0.921875 0.712891 0.876953
0 0.406250 0.857422 0.402344 0.853516 0.398438 0.857422 0.400391 0.859375 0.404297 0.859375
1 0.556641 0.855469 0.550781 0.859375 0.550781 0.871094 0.552734 0.873047 0.550781 0.875000 0.554688 0.880859 0.556641 0.880859 0.558594 0.878906 0.558594 0.871094 0.560547 0.869141 0.560547 0.865234 0.562500 0.863281 0.562500 0.861328
0 0.769531 0.867188 0.763672 0.873047 0.763672 0.876953 0.771484 0.884766 0.773438 0.884766 0.775391 0.886719 0.781250 0.886719 0.785156 0.882812 0.785156 0.880859 0.787109 0.878906 0.787109 0.875000 0.781250 0.869141 0.779297 0.869141 0.777344 0.867188
0 0.906250 0.867188 0.904297 0.869141 0.904297 0.873047 0.906250 0.875000 0.908203 0.875000 0.910156 0.873047 0.910156 0.869141 0.908203 0.867188
0 0.851562 0.898438 0.845703 0.904297 0.845703 0.908203 0.849609 0.914062 0.851562 0.914062 0.853516 0.916016 0.857422 0.916016 0.863281 0.910156 0.863281 0.904297 0.859375 0.900391 0.857422 0.900391 0.855469 0.898438
0 0.435547 0.916016 0.431641 0.919922 0.431641 0.921875 0.437500 0.927734 0.439453 0.927734 0.443359 0.923828 0.443359 0.921875 0.437500 0.916016
0 0.496094 0.921875 0.492188 0.925781 0.492188 0.927734 0.496094 0.931641 0.500000 0.927734 0.500000 0.925781
0 0.804688 0.927734 0.802734 0.929688 0.804688 0.931641 0.806641 0.931641 0.808594 0.929688 0.806641 0.927734
0 0.789062 0.935547 0.787109 0.937500 0.785156 0.937500 0.781250 0.941406 0.781250 0.947266 0.787109 0.953125 0.789062 0.953125 0.791016 0.951172 0.792969 0.951172 0.796875 0.947266 0.796875 0.941406 0.792969 0.937500 0.791016 0.937500
0 0.732422 0.947266 0.722656 0.957031 0.722656 0.966797 0.728516 0.974609 0.730469 0.974609 0.732422 0.976562 0.736328 0.976562 0.742188 0.968750 0.742188 0.955078 0.734375 0.947266
0 0.990234 0.966797 0.986328 0.970703 0.986328 0.974609 0.992188 0.980469 0.994141 0.978516 0.996094 0.978516 0.998047 0.980469 0.998047 0.968750 0.996094 0.966797
1 0.720703 0.998047 0.728516 0.998047 0.726562 0.996094 0.722656 0.996094
