0 0.826172 0.072266 0.822266 0.076172 0.826172 0.080078 0.830078 0.076172
0 0.876953 0.136719 0.873047 0.140625 0.873047 0.144531 0.878906 0.150391 0.884766 0.144531 0.884766 0.142578 0.878906 0.136719
1 0.000000 0.146484 0.001953 0.189453 0.042969 0.183594 0.003906 0.248047 0.076172 0.259766 0.019531 0.263672 0.000000 0.531250 0.035156 0.550781 0.007812 0.632812 0.119141 0.636719 0.152344 0.703125 0.097656 0.773438 0.089844 0.873047 0.177734 0.757812 0.296875 0.865234 0.224609 0.998047 0.382812 0.998047 0.343750 0.958984 0.386719 0.939453 0.439453 0.992188 0.494141 0.982422 0.515625 0.888672 0.482422 0.830078 0.445312 0.931641 0.312500 0.935547 0.308594 0.841797 0.417969 0.816406 0.455078 0.751953 0.478516 0.806641 0.525391 0.765625 0.472656 0.681641 0.304688 0.634766 0.335938 0.582031 0.285156 0.626953 0.330078 0.712891 0.294922 0.697266 0.263672 0.746094 0.273438 0.683594 0.263672 0.720703 0.224609 0.673828 0.169922 0.679688 0.138672 0.626953 0.251953 0.541016 0.277344 0.427734 0.205078 0.371094 0.191406 0.277344 0.113281 0.255859 0.058594 0.150391
1 0.000000 0.203125 0.000000 0.224609 0.005859 0.218750 0.005859 0.216797 0.007812 0.214844 0.007812 0.210938 0.005859 0.208984 0.005859 0.207031 0.003906 0.205078 0.001953 0.205078
0 0.304688 0.224609 0.300781 0.228516 0.304688 0.232422 0.308594 0.228516
0 0.000000 0.259766 0.000000 0.267578 0.003906 0.263672
0 0.453125 0.300781 0.449219 0.304688 0.449219 0.306641 0.451172 0.308594 0.455078 0.308594 0.457031 0.306641 0.457031 0.304688
0 0.275391 0.304688 0.265625 0.312500 0.265625 0.316406 0.269531 0.322266 0.271484 0.322266 0.273438 0.324219 0.281250 0.324219 0.287109 0.318359 0.287109 0.310547 0.283203 0.304688
0 0.998047 0.310547 0.994141 0.314453 0.994141 0.316406 0.998047 0.320312
0 0.273438 0.351562 0.271484 0.353516 0.273438 0.355469 0.275391 0.355469 0.277344 0.353516 0.275391 0.351562
0 0.431641 0.351562 0.429688 0.353516 0.425781 0.353516 0.421875 0.357422 0.421875 0.373047 0.427734 0.382812 0.433594 0.382812 0.439453 0.376953 0.439453 0.359375
0 0.566406 0.367188 0.562500 0.371094 0.566406 0.375000 0.568359 0.375000 0.570312 0.373047 0.570312 0.369141 0.568359 0.367188
1 0.123047 0.375000 0.121094 0.376953 0.123047 0.378906 0.119141 0.382812 0.121094 0.384766 0.123047 0.382812 0.121094 0.380859 0.125000 0.376953
0 0.437500 0.396484 0.431641 0.402344 0.431641 0.406250 0.437500 0.412109 0.441406 0.412109 0.445312 0.408203 0.445312 0.402344 0.439453 0.396484
0 0.541016 0.398438 0.535156 0.404297 0.535156 0.406250 0.541016 0.412109 0.544922 0.412109 0.548828 0.408203 0.548828 0.404297 0.542969 0.398438
1 0.195312 0.412109 0.191406 0.416016 0.195312 0.419922 0.197266 0.419922 0.201172 0.423828 0.201172 0.425781 0.203125 0.427734 0.205078 0.427734 0.207031 0.425781 0.207031 0.419922 0.205078 0.417969 0.205078 0.416016 0.203125 0.414062 0.201172 0.416016 0.199219 0.416016
0 0.904297 0.416016 0.900391 0.419922 0.902344 0.421875 0.904297 0.421875 0.906250 0.419922 0.906250 0.417969
0 0.833984 0.417969 0.832031 0.419922 0.833984 0.421875 0.835938 0.419922
0 0.681641 0.425781 0.679688 0.427734 0.679688 0.429688 0.683594 0.433594 0.685547 0.433594 0.687500 0.431641 0.687500 0.427734 0.685547 0.425781
0 0.474609 0.429688 0.472656 0.431641 0.472656 0.433594 0.474609 0.435547 0.476562 0.433594 0.476562 0.431641
0 0.722656 0.433594 0.718750 0.437500 0.718750 0.443359 0.720703 0.445312 0.722656 0.445312 0.724609 0.447266 0.726562 0.447266 0.730469 0.443359 0.730469 0.437500 0.728516 0.435547 0.726562 0.435547 0.724609 0.433594
0 0.828125 0.447266 0.826172 0.449219 0.826172 0.453125 0.828125 0.455078 0.830078 0.455078 0.832031 0.457031 0.835938 0.453125 0.835938 0.449219 0.833984 0.447266
0 0.201172 0.451172 0.195312 0.457031 0.199219 0.460938 0.201172 0.458984 0.199219 0.457031 0.203125 0.453125
0 0.804688 0.451172 0.802734 0.453125 0.802734 0.455078 0.804688 0.457031 0.806641 0.455078 0.806641 0.453125
0 0.847656 0.449219 0.845703 0.451172 0.847656 0.453125 0.849609 0.451172
0 0.341797 0.455078 0.335938 0.460938 0.339844 0.464844 0.345703 0.464844 0.347656 0.462891 0.347656 0.458984 0.343750 0.455078
0 0.646484 0.458984 0.644531 0.460938 0.644531 0.464844 0.646484 0.466797 0.648438 0.466797 0.650391 0.464844 0.650391 0.462891
0 0.826172 0.466797 0.822266 0.470703 0.826172 0.474609 0.830078 0.470703
0 0.615234 0.468750 0.611328 0.468750 0.609375 0.470703 0.607422 0.470703 0.605469 0.472656 0.605469 0.474609 0.603516 0.476562 0.603516 0.478516 0.609375 0.484375 0.613281 0.484375 0.619141 0.478516 0.619141 0.472656
0 0.384766 0.482422 0.382812 0.484375 0.384766 0.486328 0.386719 0.486328 0.388672 0.484375 0.386719 0.482422
0 0.556641 0.492188 0.552734 0.496094 0.552734 0.498047 0.558594 0.503906 0.560547 0.503906 0.564453 0.500000 0.564453 0.496094 0.560547 0.492188
0 0.757812 0.505859 0.751953 0.511719 0.751953 0.515625 0.757812 0.521484 0.759766 0.521484 0.761719 0.519531 0.761719 0.517578 0.763672 0.515625 0.763672 0.509766 0.761719 0.507812 0.759766 0.507812
0 0.470703 0.517578 0.466797 0.521484 0.472656 0.527344 0.476562 0.523438 0.476562 0.521484 0.472656 0.517578
0 0.343750 0.519531 0.339844 0.523438 0.343750 0.527344 0.347656 0.527344 0.351562 0.523438 0.351562 0.521484 0.349609 0.519531
0 0.296875 0.525391 0.294922 0.527344 0.294922 0.529297 0.298828 0.533203 0.300781 0.533203 0.302734 0.531250 0.302734 0.529297 0.298828 0.525391
0 0.330078 0.523438 0.326172 0.523438 0.324219 0.525391 0.324219 0.527344 0.328125 0.531250 0.332031 0.527344 0.332031 0.525391
1 0.718750 0.531250 0.712891 0.525391 0.708984 0.525391 0.703125 0.531250 0.703125 0.535156 0.699219 0.539062 0.691406 0.539062 0.687500 0.542969 0.687500 0.548828 0.695312 0.554688 0.701172 0.548828 0.701172 0.544922 0.705078 0.541016 0.708984 0.542969 0.714844 0.542969 0.718750 0.539062
0 0.101562 0.537109 0.097656 0.533203 0.093750 0.537109 0.089844 0.537109 0.087891 0.539062 0.089844 0.541016 0.091797 0.541016 0.093750 0.542969 0.095703 0.541016 0.097656 0.541016
0 0.742188 0.531250 0.740234 0.533203 0.740234 0.535156 0.742188 0.537109 0.744141 0.537109 0.746094 0.535156 0.746094 0.533203 0.744141 0.531250
0 0.138672 0.537109 0.136719 0.539062 0.136719 0.541016 0.138672 0.542969 0.140625 0.541016 0.140625 0.539062
0 0.335938 0.537109 0.332031 0.541016 0.332031 0.542969 0.335938 0.546875 0.337891 0.546875 0.339844 0.544922 0.339844 0.541016
0 0.835938 0.539062 0.832031 0.542969 0.832031 0.544922 0.835938 0.548828 0.837891 0.548828 0.841797 0.544922 0.841797 0.542969 0.837891 0.539062
0 0.140625 0.552734 0.138672 0.554688 0.138672 0.556641 0.140625 0.558594 0.144531 0.558594 0.146484 0.556641 0.146484 0.554688 0.144531 0.552734
0 0.781250 0.554688 0.779297 0.556641 0.779297 0.558594 0.781250 0.560547 0.783203 0.558594 0.783203 0.556641
0 0.390625 0.580078 0.382812 0.587891 0.380859 0.591797 0.380859 0.599609 0.390625 0.611328 0.394531 0.613281 0.400391 0.613281 0.408203 0.607422 0.410156 0.603516 0.410156 0.595703 0.406250 0.587891 0.400391 0.582031 0.396484 0.580078
0 0.644531 0.587891 0.638672 0.593750 0.638672 0.595703 0.636719 0.597656 0.640625 0.601562 0.646484 0.601562 0.650391 0.597656 0.650391 0.591797 0.648438 0.589844 0.646484 0.589844
0 0.669922 0.589844 0.667969 0.591797 0.669922 0.593750 0.669922 0.597656 0.673828 0.601562 0.679688 0.601562 0.681641 0.599609 0.681641 0.591797 0.679688 0.589844 0.677734 0.589844 0.675781 0.587891 0.673828 0.587891 0.671875 0.589844
0 0.529297 0.589844 0.523438 0.595703 0.523438 0.609375 0.531250 0.615234 0.539062 0.615234 0.544922 0.611328 0.544922 0.599609 0.539062 0.591797
0 0.695312 0.591797 0.691406 0.595703 0.691406 0.597656 0.693359 0.599609 0.695312 0.599609 0.697266 0.597656 0.697266 0.593750
0 0.472656 0.593750 0.470703 0.595703 0.470703 0.597656 0.472656 0.599609 0.474609 0.599609 0.476562 0.597656
0 0.726562 0.595703 0.722656 0.599609 0.726562 0.603516 0.728516 0.603516 0.730469 0.601562 0.730469 0.597656 0.728516 0.595703
0 0.658203 0.605469 0.656250 0.607422 0.658203 0.609375 0.660156 0.609375 0.662109 0.607422 0.660156 0.605469
0 0.746094 0.609375 0.742188 0.605469 0.740234 0.605469 0.736328 0.609375 0.736328 0.611328 0.738281 0.613281 0.740234 0.613281 0.742188 0.611328 0.744141 0.611328
1 0.253906 0.615234 0.248047 0.619141 0.248047 0.625000 0.257812 0.634766 0.257812 0.636719 0.265625 0.644531 0.265625 0.646484 0.267578 0.648438 0.267578 0.654297 0.269531 0.656250 0.269531 0.669922 0.271484 0.671875 0.271484 0.677734 0.273438 0.679688 0.275391 0.677734 0.275391 0.667969 0.273438 0.666016 0.273438 0.660156 0.275391 0.658203 0.275391 0.654297 0.273438 0.652344 0.273438 0.646484 0.271484 0.644531 0.271484 0.638672 0.269531 0.636719 0.269531 0.632812 0.267578 0.630859 0.267578 0.628906
0 0.861328 0.628906 0.863281 0.630859 0.867188 0.630859 0.869141 0.628906 0.867188 0.626953 0.863281 0.626953
0 0.414062 0.632812 0.414062 0.640625 0.421875 0.648438 0.427734 0.648438 0.433594 0.642578 0.435547 0.642578 0.439453 0.636719 0.439453 0.634766 0.435547 0.628906 0.419922 0.628906
0 0.748047 0.632812 0.744141 0.632812 0.742188 0.634766 0.742188 0.636719 0.746094 0.640625 0.750000 0.636719 0.750000 0.634766
0 0.667969 0.640625 0.666016 0.642578 0.666016 0.646484 0.667969 0.648438 0.669922 0.648438 0.673828 0.644531 0.669922 0.640625
0 0.707031 0.648438 0.705078 0.650391 0.705078 0.652344 0.707031 0.654297 0.708984 0.652344 0.708984 0.650391
0 0.437500 0.666016 0.443359 0.671875 0.445312 0.671875 0.447266 0.669922 0.449219 0.671875 0.451172 0.669922 0.453125 0.669922 0.458984 0.664062 0.457031 0.662109 0.453125 0.662109 0.451172 0.660156 0.449219 0.662109 0.447266 0.662109 0.445312 0.660156 0.441406 0.660156 0.437500 0.664062
1 0.562500 0.689453 0.566406 0.697266 0.583984 0.695312 0.593750 0.705078 0.605469 0.703125 0.617188 0.712891 0.632812 0.708984 0.642578 0.701172 0.642578 0.695312 0.638672 0.691406 0.630859 0.691406 0.621094 0.677734 0.613281 0.681641 0.615234 0.689453 0.611328 0.693359 0.605469 0.687500 0.603516 0.673828 0.587891 0.664062 0.578125 0.666016
0 0.544922 0.681641 0.541016 0.679688 0.529297 0.679688 0.525391 0.681641 0.519531 0.687500 0.513672 0.699219 0.515625 0.708984 0.521484 0.712891 0.531250 0.712891 0.542969 0.707031 0.550781 0.697266 0.550781 0.687500
0 0.701172 0.691406 0.697266 0.691406 0.695312 0.693359 0.695312 0.697266 0.697266 0.699219 0.699219 0.699219 0.703125 0.695312 0.703125 0.693359
0 0.843750 0.699219 0.841797 0.701172 0.843750 0.703125 0.845703 0.701172
0 0.832031 0.712891 0.830078 0.714844 0.830078 0.716797 0.832031 0.718750 0.833984 0.716797 0.833984 0.714844
0 0.507812 0.714844 0.505859 0.716797 0.505859 0.720703 0.507812 0.722656 0.509766 0.722656 0.511719 0.720703 0.511719 0.716797 0.509766 0.714844
1 0.597656 0.728516 0.599609 0.742188 0.611328 0.750000 0.621094 0.748047 0.628906 0.751953 0.652344 0.751953 0.658203 0.748047 0.667969 0.755859 0.675781 0.751953 0.675781 0.744141 0.669922 0.738281 0.658203 0.746094 0.638672 0.728516 0.619141 0.720703 0.601562 0.724609
0 0.759766 0.736328 0.759766 0.740234 0.761719 0.742188 0.769531 0.742188 0.777344 0.748047 0.785156 0.748047 0.789062 0.744141 0.789062 0.740234 0.777344 0.728516 0.771484 0.728516 0.769531 0.730469 0.763672 0.732422
0 0.689453 0.730469 0.685547 0.730469 0.683594 0.732422 0.683594 0.736328 0.687500 0.740234 0.691406 0.736328 0.691406 0.732422
0 0.921875 0.732422 0.919922 0.732422 0.914062 0.738281 0.917969 0.742188 0.921875 0.742188 0.925781 0.738281 0.925781 0.736328
0 0.562500 0.753906 0.562500 0.757812 0.564453 0.759766 0.564453 0.761719 0.570312 0.765625 0.576172 0.765625 0.578125 0.763672 0.582031 0.763672 0.589844 0.755859 0.582031 0.748047 0.580078 0.750000 0.578125 0.750000 0.576172 0.748047 0.566406 0.748047
0 0.687500 0.751953 0.685547 0.753906 0.685547 0.755859 0.683594 0.757812 0.687500 0.761719 0.689453 0.761719 0.693359 0.757812
0 0.734375 0.751953 0.732422 0.751953 0.730469 0.753906 0.730469 0.757812 0.732422 0.759766 0.736328 0.755859 0.736328 0.753906
0 0.769531 0.750000 0.767578 0.750000 0.765625 0.751953 0.765625 0.755859 0.767578 0.757812 0.771484 0.753906 0.771484 0.751953
0 0.867188 0.753906 0.865234 0.755859 0.867188 0.757812 0.869141 0.755859
1 0.632812 0.763672 0.636719 0.767578 0.640625 0.767578 0.642578 0.765625 0.644531 0.767578 0.652344 0.767578 0.658203 0.761719 0.656250 0.759766 0.652344 0.759766 0.648438 0.763672 0.644531 0.763672 0.638672 0.757812
0 0.625000 0.765625 0.623047 0.765625 0.619141 0.769531 0.619141 0.771484 0.617188 0.773438 0.617188 0.777344 0.615234 0.779297 0.621094 0.785156 0.623047 0.785156 0.625000 0.783203 0.626953 0.783203 0.628906 0.781250 0.628906 0.769531
0 0.675781 0.783203 0.673828 0.781250 0.667969 0.779297 0.664062 0.775391 0.660156 0.775391 0.658203 0.777344 0.656250 0.777344 0.652344 0.781250 0.652344 0.783203 0.650391 0.785156 0.650391 0.791016 0.654297 0.794922 0.664062 0.794922
1 0.724609 0.773438 0.716797 0.781250 0.714844 0.781250 0.712891 0.783203 0.712891 0.787109 0.716797 0.791016 0.728516 0.779297 0.728516 0.777344
1 0.888672 0.779297 0.880859 0.785156 0.882812 0.791016 0.890625 0.798828 0.890625 0.802734 0.884766 0.812500 0.896484 0.828125 0.904297 0.832031 0.908203 0.826172 0.908203 0.816406 0.894531 0.798828 0.898438 0.783203 0.894531 0.779297
0 0.792969 0.783203 0.791016 0.785156 0.791016 0.787109 0.792969 0.789062 0.794922 0.789062 0.796875 0.787109 0.796875 0.785156 0.794922 0.783203
0 0.548828 0.794922 0.546875 0.796875 0.546875 0.798828 0.552734 0.804688 0.556641 0.804688 0.558594 0.802734 0.558594 0.800781 0.552734 0.794922
0 0.582031 0.792969 0.580078 0.796875 0.583984 0.802734 0.583984 0.808594 0.589844 0.814453 0.597656 0.818359 0.603516 0.816406 0.607422 0.810547 0.607422 0.804688 0.605469 0.800781 0.597656 0.792969 0.591797 0.792969 0.589844 0.794922 0.585938 0.794922
0 0.525391 0.798828 0.523438 0.800781 0.523438 0.802734 0.525391 0.804688 0.527344 0.802734 0.527344 0.800781
0 0.626953 0.806641 0.625000 0.808594 0.626953 0.810547 0.628906 0.808594
0 0.791016 0.804688 0.787109 0.808594 0.787109 0.818359 0.791016 0.822266 0.792969 0.822266 0.794922 0.824219 0.800781 0.818359 0.800781 0.816406 0.798828 0.814453 0.798828 0.812500
0 0.640625 0.808594 0.636719 0.812500 0.636719 0.814453 0.640625 0.818359 0.642578 0.818359 0.644531 0.816406 0.644531 0.812500
0 0.570312 0.814453 0.566406 0.818359 0.566406 0.820312 0.570312 0.824219 0.572266 0.824219 0.576172 0.820312 0.576172 0.818359 0.572266 0.814453
1 0.421875 0.820312 0.421875 0.822266 0.427734 0.828125 0.431641 0.828125 0.435547 0.832031 0.437500 0.830078 0.439453 0.832031 0.441406 0.830078 0.441406 0.828125 0.439453 0.826172 0.435547 0.826172 0.431641 0.822266 0.429688 0.822266 0.425781 0.818359 0.423828 0.818359
0 0.851562 0.820312 0.843750 0.820312 0.839844 0.824219 0.839844 0.828125 0.837891 0.830078 0.843750 0.835938 0.845703 0.833984 0.847656 0.833984 0.849609 0.832031 0.851562 0.832031 0.853516 0.830078 0.853516 0.822266
0 0.523438 0.832031 0.519531 0.835938 0.519531 0.837891 0.521484 0.839844 0.521484 0.841797 0.523438 0.843750 0.529297 0.843750 0.531250 0.841797 0.531250 0.835938 0.529297 0.833984 0.527344 0.833984 0.525391 0.832031
0 0.664062 0.833984 0.658203 0.843750 0.658203 0.847656 0.666016 0.855469 0.671875 0.857422 0.677734 0.851562 0.677734 0.847656 0.675781 0.845703 0.675781 0.839844 0.669922 0.833984
0 0.728516 0.833984 0.724609 0.837891 0.728516 0.841797 0.730469 0.841797 0.734375 0.837891 0.730469 0.833984
0 0.769531 0.837891 0.767578 0.837891 0.765625 0.839844 0.765625 0.841797 0.767578 0.843750 0.771484 0.839844
1 0.558594 0.853516 0.554688 0.857422 0.554688 0.863281 0.564453 0.876953 0.566406 0.886719 0.552734 0.898438 0.550781 0.904297 0.552734 0.917969 0.558594 0.925781 0.564453 0.925781 0.570312 0.921875 0.574219 0.908203 0.570312 0.896484 0.576172 0.888672 0.576172 0.878906 0.570312 0.871094 0.568359 0.861328
0 0.759766 0.859375 0.759766 0.861328 0.763672 0.865234 0.769531 0.865234 0.771484 0.863281 0.775391 0.863281 0.777344 0.861328 0.777344 0.857422 0.775391 0.855469 0.773438 0.855469 0.771484 0.853516 0.765625 0.853516
0 0.595703 0.859375 0.587891 0.867188 0.587891 0.875000 0.595703 0.882812 0.599609 0.882812 0.601562 0.880859 0.603516 0.880859 0.607422 0.876953 0.607422 0.875000 0.609375 0.873047 0.609375 0.865234 0.605469 0.861328 0.603516 0.861328 0.601562 0.859375
0 0.630859 0.861328 0.625000 0.867188 0.625000 0.875000 0.626953 0.876953 0.628906 0.876953 0.630859 0.878906 0.634766 0.878906 0.640625 0.873047 0.640625 0.867188 0.634766 0.861328
1 0.822266 0.861328 0.820312 0.861328 0.818359 0.863281 0.818359 0.871094 0.816406 0.873047 0.816406 0.875000 0.818359 0.876953 0.820312 0.876953 0.822266 0.875000 0.822266 0.867188 0.824219 0.865234 0.824219 0.863281
1 0.529297 0.863281 0.523438 0.867188 0.523438 0.878906 0.527344 0.884766 0.527344 0.898438 0.531250 0.902344 0.542969 0.904297 0.544922 0.902344 0.537109 0.890625 0.539062 0.869141 0.533203 0.863281
0 0.718750 0.869141 0.714844 0.873047 0.714844 0.878906 0.712891 0.880859 0.718750 0.886719 0.722656 0.886719 0.726562 0.882812 0.726562 0.873047 0.722656 0.869141
0 0.750000 0.869141 0.746094 0.873047 0.750000 0.876953 0.753906 0.873047
0 0.613281 0.880859 0.609375 0.884766 0.609375 0.892578 0.611328 0.894531 0.613281 0.894531 0.615234 0.896484 0.617188 0.896484 0.623047 0.890625 0.623047 0.886719 0.617188 0.880859
0 0.783203 0.890625 0.781250 0.892578 0.781250 0.898438 0.785156 0.902344 0.787109 0.902344 0.791016 0.898438 0.791016 0.894531 0.787109 0.890625
0 0.761719 0.900391 0.755859 0.900391 0.746094 0.908203 0.742188 0.921875 0.744141 0.929688 0.736328 0.939453 0.716797 0.912109 0.708984 0.916016 0.710938 0.923828 0.722656 0.939453 0.722656 0.947266 0.718750 0.953125 0.722656 0.968750 0.710938 0.978516 0.718750 0.998047 0.773438 0.998047 0.767578 0.988281 0.765625 0.970703 0.755859 0.958984 0.751953 0.937500 0.755859 0.933594 0.761719 0.933594 0.765625 0.937500 0.767578 0.935547 0.771484 0.908203
0 0.833984 0.902344 0.830078 0.906250 0.830078 0.912109 0.835938 0.917969 0.841797 0.917969 0.847656 0.912109 0.847656 0.906250 0.843750 0.902344
0 0.441406 0.910156 0.439453 0.912109 0.439453 0.916016 0.443359 0.919922 0.445312 0.919922 0.449219 0.916016 0.449219 0.914062 0.445312 0.910156
0 0.519531 0.910156 0.515625 0.914062 0.519531 0.917969 0.523438 0.914062
0 0.597656 0.912109 0.593750 0.916016 0.593750 0.917969 0.595703 0.919922 0.601562 0.919922 0.605469 0.916016 0.601562 0.912109
0 0.792969 0.910156 0.787109 0.916016 0.783203 0.925781 0.787109 0.929688 0.794922 0.929688 0.796875 0.927734 0.800781 0.931641 0.800781 0.935547 0.806641 0.939453 0.812500 0.931641 0.808594 0.927734 0.804688 0.927734 0.800781 0.923828 0.800781 0.916016 0.794922 0.910156
0 0.537109 0.919922 0.535156 0.921875 0.535156 0.927734 0.537109 0.929688 0.541016 0.925781 0.541016 0.923828
0 0.851562 0.921875 0.847656 0.925781 0.851562 0.929688 0.853516 0.929688 0.857422 0.925781 0.853516 0.921875
0 0.572266 0.943359 0.570312 0.947266 0.580078 0.957031 0.578125 0.968750 0.582031 0.972656 0.589844 0.972656 0.595703 0.966797 0.599609 0.958984 0.599609 0.953125 0.593750 0.947266 0.583984 0.947266 0.578125 0.941406
0 0.525391 0.949219 0.523438 0.951172 0.525391 0.953125 0.527344 0.953125 0.529297 0.951172 0.527344 0.949219
0 0.953125 0.962891 0.949219 0.966797 0.949219 0.968750 0.951172 0.970703 0.953125 0.970703 0.957031 0.966797
0 0.875000 0.966797 0.871094 0.970703 0.875000 0.974609 0.878906 0.970703
0 0.523438 0.972656 0.519531 0.978516 0.519531 0.984375 0.521484 0.986328 0.523438 0.992188 0.529297 0.998047 0.542969 0.998047 0.542969 0.990234 0.541016 0.988281 0.541016 0.982422 0.539062 0.980469 0.539062 0.978516 0.529297 0.970703 0.527344 0.972656
0 0.683594 0.978516 0.677734 0.984375 0.677734 0.986328 0.675781 0.988281 0.675781 0.992188 0.677734 0.994141 0.677734 0.998047 0.695312 0.998047 0.695312 0.994141 0.697266 0.992188 0.697266 0.986328 0.689453 0.978516 0.687500 0.980469 0.685547 0.978516
0 0.998047 0.988281 0.996094 0.988281 0.994141 0.990234 0.994141 0.996094 0.992188 0.998047 0.998047 0.998047
1 0.492188 0.998047 0.501953 0.998047 0.500000 0.996094 0.494141 0.996094
1 0.580078 0.998047 0.589844 0.998047 0.587891 0.996094 0.582031 0.996094
