1 0.000000 0.166016 0.000000 0.179688 0.003906 0.175781 0.001953 0.173828 0.001953 0.167969
1 0.000000 0.279297 0.000000 0.531250 0.103516 0.607422 0.068359 0.689453 0.089844 0.757812 0.158203 0.767578 0.351562 0.701172 0.373047 0.822266 0.347656 0.841797 0.328125 0.820312 0.343750 0.845703 0.300781 0.884766 0.230469 0.878906 0.214844 0.904297 0.228516 0.949219 0.279297 0.904297 0.308594 0.912109 0.335938 0.958984 0.302734 0.998047 0.347656 0.998047 0.322266 0.892578 0.378906 0.839844 0.414062 0.835938 0.429688 0.876953 0.513672 0.820312 0.562500 0.748047 0.554688 0.671875 0.541016 0.757812 0.492188 0.740234 0.453125 0.783203 0.410156 0.783203 0.359375 0.675781 0.457031 0.613281 0.357422 0.664062 0.332031 0.626953 0.314453 0.644531 0.273438 0.621094 0.263672 0.527344 0.167969 0.501953 0.154297 0.367188
1 0.826172 0.351562 0.822266 0.355469 0.824219 0.359375 0.824219 0.363281 0.826172 0.365234 0.822266 0.373047 0.822266 0.380859 0.828125 0.386719 0.830078 0.386719 0.833984 0.382812 0.833984 0.375000 0.830078 0.369141 0.830078 0.365234 0.833984 0.357422 0.828125 0.351562
0 0.689453 0.363281 0.687500 0.365234 0.689453 0.367188 0.691406 0.367188 0.693359 0.365234 0.691406 0.363281
1 0.587891 0.376953 0.589844 0.378906 0.591797 0.378906 0.593750 0.380859 0.595703 0.380859 0.597656 0.378906 0.595703 0.376953 0.591797 0.376953 0.589844 0.375000
0 0.564453 0.378906 0.562500 0.380859 0.564453 0.382812 0.566406 0.380859
0 0.611328 0.382812 0.609375 0.384766 0.615234 0.390625 0.615234 0.392578 0.617188 0.394531 0.615234 0.396484 0.617188 0.398438 0.619141 0.398438 0.623047 0.394531 0.623047 0.388672 0.617188 0.382812
0 0.851562 0.394531 0.849609 0.396484 0.849609 0.398438 0.851562 0.400391 0.853516 0.400391 0.855469 0.398438 0.855469 0.396484 0.853516 0.394531
1 0.611328 0.406250 0.607422 0.410156 0.607422 0.423828 0.611328 0.427734 0.613281 0.425781 0.613281 0.412109 0.615234 0.410156
0 0.681641 0.406250 0.679688 0.406250 0.675781 0.410156 0.675781 0.414062 0.677734 0.416016 0.679688 0.416016 0.681641 0.414062 0.681641 0.410156 0.683594 0.408203
1 0.490234 0.414062 0.486328 0.414062 0.484375 0.416016 0.484375 0.419922 0.486328 0.421875 0.480469 0.427734 0.480469 0.429688 0.482422 0.431641 0.486328 0.431641 0.488281 0.429688 0.488281 0.427734 0.486328 0.425781 0.486328 0.423828 0.490234 0.419922 0.490234 0.417969 0.492188 0.416016
0 0.548828 0.427734 0.546875 0.427734 0.544922 0.429688 0.542969 0.429688 0.541016 0.431641 0.541016 0.433594 0.546875 0.439453 0.552734 0.433594 0.552734 0.431641
1 0.593750 0.439453 0.587891 0.433594 0.583984 0.435547 0.574219 0.435547 0.572266 0.433594 0.560547 0.447266 0.558594 0.453125 0.562500 0.457031 0.570312 0.457031 0.580078 0.447266 0.591797 0.445312 0.593750 0.443359
0 0.996094 0.433594 0.992188 0.437500 0.996094 0.441406 0.998047 0.441406 0.998047 0.433594
0 0.607422 0.437500 0.605469 0.439453 0.605469 0.441406 0.607422 0.443359 0.609375 0.441406 0.609375 0.439453
0 0.632812 0.439453 0.630859 0.441406 0.632812 0.443359 0.634766 0.443359 0.636719 0.441406 0.634766 0.439453
0 0.957031 0.447266 0.953125 0.447266 0.947266 0.453125 0.947266 0.455078 0.945312 0.457031 0.945312 0.458984 0.951172 0.464844 0.953125 0.464844 0.955078 0.462891 0.957031 0.462891 0.962891 0.457031 0.962891 0.453125
0 0.580078 0.457031 0.578125 0.458984 0.582031 0.462891 0.583984 0.460938 0.583984 0.458984 0.582031 0.457031
0 0.673828 0.458984 0.671875 0.460938 0.673828 0.462891 0.675781 0.462891 0.677734 0.460938 0.675781 0.458984
0 0.822266 0.464844 0.816406 0.464844 0.808594 0.472656 0.808594 0.474609 0.804688 0.480469 0.804688 0.484375 0.808594 0.488281 0.816406 0.488281 0.818359 0.486328 0.820312 0.486328 0.824219 0.482422 0.828125 0.470703
0 0.734375 0.492188 0.730469 0.496094 0.734375 0.500000 0.736328 0.500000 0.738281 0.498047 0.738281 0.496094
0 0.697266 0.503906 0.701172 0.507812 0.703125 0.507812 0.705078 0.509766 0.708984 0.509766 0.712891 0.505859 0.707031 0.500000 0.703125 0.500000 0.701172 0.501953 0.699219 0.501953
1 0.376953 0.509766 0.382812 0.515625 0.390625 0.515625 0.392578 0.513672 0.398438 0.519531 0.402344 0.519531 0.404297 0.517578 0.404297 0.515625 0.402344 0.513672 0.398438 0.513672 0.396484 0.515625 0.390625 0.509766 0.390625 0.507812 0.386719 0.503906 0.380859 0.503906
0 0.818359 0.505859 0.816406 0.507812 0.818359 0.509766 0.820312 0.509766 0.822266 0.507812 0.820312 0.505859
0 0.429688 0.513672 0.425781 0.509766 0.417969 0.517578 0.419922 0.519531 0.425781 0.519531 0.429688 0.515625
0 0.896484 0.515625 0.892578 0.519531 0.894531 0.521484 0.896484 0.521484 0.898438 0.519531 0.898438 0.517578
0 0.683594 0.521484 0.679688 0.525391 0.681641 0.527344 0.683594 0.527344 0.685547 0.525391 0.685547 0.523438
0 0.857422 0.521484 0.853516 0.521484 0.849609 0.525391 0.849609 0.527344 0.853516 0.531250 0.855469 0.531250 0.861328 0.525391
1 0.380859 0.527344 0.378906 0.525391 0.375000 0.529297 0.363281 0.533203 0.355469 0.541016 0.355469 0.544922 0.359375 0.548828 0.363281 0.548828 0.375000 0.537109 0.375000 0.535156 0.380859 0.529297
0 0.427734 0.552734 0.429688 0.560547 0.445312 0.574219 0.474609 0.570312 0.484375 0.562500 0.480469 0.556641 0.474609 0.554688 0.464844 0.544922 0.460938 0.544922 0.445312 0.535156 0.435547 0.535156
0 0.996094 0.562500 0.992188 0.562500 0.988281 0.566406 0.992188 0.570312 0.994141 0.570312 0.998047 0.566406 0.998047 0.564453
0 0.351562 0.568359 0.349609 0.570312 0.349609 0.574219 0.351562 0.576172 0.353516 0.576172 0.357422 0.572266 0.353516 0.568359
0 0.394531 0.572266 0.392578 0.574219 0.392578 0.580078 0.394531 0.582031 0.396484 0.582031 0.400391 0.578125 0.400391 0.576172 0.396484 0.572266
0 0.650391 0.572266 0.644531 0.572266 0.638672 0.578125 0.638672 0.599609 0.642578 0.603516 0.646484 0.601562 0.652344 0.601562 0.654297 0.599609 0.658203 0.599609 0.662109 0.595703 0.656250 0.585938 0.656250 0.578125
0 0.333984 0.587891 0.330078 0.591797 0.330078 0.595703 0.333984 0.599609 0.339844 0.599609 0.343750 0.595703 0.343750 0.591797 0.339844 0.587891
0 0.531250 0.585938 0.529297 0.587891 0.531250 0.589844 0.533203 0.587891
0 0.982422 0.589844 0.978516 0.589844 0.976562 0.591797 0.974609 0.591797 0.970703 0.597656 0.970703 0.605469 0.974609 0.609375 0.980469 0.609375 0.988281 0.601562 0.988281 0.595703
0 0.386719 0.601562 0.384766 0.601562 0.380859 0.605469 0.380859 0.607422 0.378906 0.609375 0.380859 0.611328 0.382812 0.611328 0.386719 0.607422 0.386719 0.605469 0.388672 0.603516
0 0.484375 0.609375 0.480469 0.613281 0.482422 0.615234 0.484375 0.615234 0.486328 0.613281 0.486328 0.611328
0 0.511719 0.623047 0.509766 0.625000 0.509766 0.626953 0.511719 0.628906 0.513672 0.628906 0.515625 0.626953 0.515625 0.625000 0.513672 0.623047
0 0.781250 0.625000 0.779297 0.626953 0.779297 0.630859 0.781250 0.632812 0.785156 0.628906
0 0.841797 0.636719 0.837891 0.636719 0.833984 0.640625 0.833984 0.642578 0.832031 0.644531 0.832031 0.650391 0.833984 0.652344 0.835938 0.652344 0.837891 0.650391 0.841797 0.650391 0.843750 0.648438 0.843750 0.646484 0.845703 0.644531 0.845703 0.640625
0 0.910156 0.644531 0.908203 0.644531 0.904297 0.648438 0.904297 0.650391 0.908203 0.654297 0.910156 0.652344 0.912109 0.652344 0.914062 0.650391 0.912109 0.648438 0.912109 0.646484
0 0.539062 0.648438 0.537109 0.650391 0.541016 0.654297 0.542969 0.652344 0.542969 0.650391 0.541016 0.648438
0 0.599609 0.652344 0.597656 0.654297 0.601562 0.658203 0.603516 0.656250 0.603516 0.654297 0.601562 0.652344
0 0.804688 0.654297 0.802734 0.656250 0.802734 0.658203 0.804688 0.660156 0.806641 0.660156 0.808594 0.658203 0.808594 0.656250 0.806641 0.654297
0 0.591797 0.664062 0.589844 0.666016 0.589844 0.667969 0.591797 0.669922 0.593750 0.667969 0.593750 0.666016
0 0.568359 0.667969 0.566406 0.667969 0.562500 0.671875 0.562500 0.675781 0.564453 0.677734 0.566406 0.677734 0.570312 0.673828 0.570312 0.669922
0 0.724609 0.667969 0.722656 0.669922 0.722656 0.673828 0.724609 0.675781 0.728516 0.675781 0.730469 0.673828 0.730469 0.669922 0.728516 0.667969
0 0.478516 0.677734 0.472656 0.683594 0.472656 0.693359 0.476562 0.697266 0.482422 0.697266 0.488281 0.691406 0.488281 0.683594 0.482422 0.677734
0 0.570312 0.683594 0.566406 0.687500 0.566406 0.689453 0.570312 0.693359 0.574219 0.693359 0.578125 0.689453 0.572266 0.683594
0 0.523438 0.697266 0.521484 0.699219 0.521484 0.701172 0.523438 0.703125 0.525391 0.703125 0.527344 0.701172
0 0.447266 0.701172 0.445312 0.703125 0.445312 0.708984 0.447266 0.710938 0.451172 0.710938 0.453125 0.708984 0.453125 0.703125 0.451172 0.701172
0 0.820312 0.703125 0.818359 0.705078 0.824219 0.710938 0.828125 0.707031 0.824219 0.703125
0 0.425781 0.712891 0.423828 0.714844 0.421875 0.714844 0.416016 0.720703 0.416016 0.726562 0.417969 0.728516 0.417969 0.730469 0.425781 0.738281 0.431641 0.740234 0.435547 0.736328 0.435547 0.734375 0.437500 0.732422 0.437500 0.724609 0.435547 0.722656 0.435547 0.720703 0.427734 0.712891
0 0.525391 0.722656 0.521484 0.722656 0.519531 0.724609 0.513672 0.726562 0.509766 0.730469 0.507812 0.730469 0.505859 0.732422 0.505859 0.738281 0.509766 0.742188 0.513672 0.742188 0.515625 0.740234 0.515625 0.738281 0.519531 0.734375 0.521484 0.734375 0.527344 0.728516 0.527344 0.724609
0 0.763672 0.730469 0.761719 0.730469 0.757812 0.734375 0.761719 0.738281 0.765625 0.734375 0.765625 0.732422
0 0.873047 0.744141 0.871094 0.746094 0.875000 0.750000 0.876953 0.748047 0.876953 0.746094 0.875000 0.744141
0 0.978516 0.746094 0.974609 0.750000 0.974609 0.755859 0.978516 0.759766 0.982422 0.759766 0.986328 0.755859 0.986328 0.750000 0.982422 0.746094
0 0.855469 0.755859 0.851562 0.751953 0.847656 0.755859 0.849609 0.757812 0.853516 0.757812
0 0.722656 0.763672 0.720703 0.765625 0.722656 0.767578 0.724609 0.767578 0.726562 0.765625 0.724609 0.763672
0 0.744141 0.761719 0.738281 0.767578 0.738281 0.781250 0.746094 0.789062 0.751953 0.789062 0.757812 0.783203 0.757812 0.781250 0.759766 0.779297 0.759766 0.771484 0.753906 0.763672 0.751953 0.763672 0.750000 0.761719
0 0.685547 0.783203 0.681641 0.787109 0.681641 0.789062 0.683594 0.791016 0.687500 0.791016 0.689453 0.789062 0.689453 0.787109
0 0.199219 0.787109 0.195312 0.791016 0.199219 0.794922 0.201172 0.794922 0.205078 0.791016 0.201172 0.787109
0 0.664062 0.796875 0.654297 0.804688 0.652344 0.820312 0.654297 0.822266 0.654297 0.826172 0.660156 0.832031 0.664062 0.833984 0.671875 0.833984 0.685547 0.824219 0.685547 0.820312 0.687500 0.818359 0.687500 0.806641 0.685547 0.802734 0.677734 0.796875
1 0.769531 0.802734 0.767578 0.818359 0.783203 0.832031 0.781250 0.841797 0.789062 0.861328 0.798828 0.869141 0.808594 0.867188 0.826172 0.873047 0.833984 0.863281 0.832031 0.841797 0.822266 0.833984 0.802734 0.839844 0.787109 0.826172 0.791016 0.814453 0.781250 0.800781
0 0.250000 0.808594 0.246094 0.812500 0.246094 0.816406 0.248047 0.818359 0.250000 0.818359 0.253906 0.814453 0.253906 0.812500
1 0.724609 0.812500 0.712891 0.826172 0.718750 0.837891 0.714844 0.867188 0.716797 0.875000 0.722656 0.878906 0.738281 0.875000 0.742188 0.880859 0.734375 0.888672 0.742188 0.894531 0.746094 0.890625 0.744141 0.882812 0.757812 0.873047 0.757812 0.863281 0.750000 0.853516 0.744141 0.824219 0.734375 0.812500
0 0.996094 0.812500 0.992188 0.816406 0.992188 0.820312 0.998047 0.826172 0.998047 0.812500
0 0.843750 0.826172 0.837891 0.832031 0.837891 0.837891 0.841797 0.841797 0.847656 0.841797 0.849609 0.839844 0.849609 0.837891 0.851562 0.835938 0.851562 0.832031 0.845703 0.826172
0 0.259766 0.835938 0.257812 0.835938 0.255859 0.837891 0.255859 0.839844 0.257812 0.841797 0.261719 0.837891
0 0.544922 0.835938 0.541016 0.839844 0.544922 0.843750 0.546875 0.841797 0.546875 0.837891
0 0.666016 0.841797 0.656250 0.851562 0.656250 0.869141 0.658203 0.871094 0.656250 0.873047 0.658203 0.875000 0.652344 0.882812 0.644531 0.884766 0.640625 0.890625 0.640625 0.896484 0.646484 0.904297 0.654297 0.906250 0.667969 0.902344 0.679688 0.886719 0.683594 0.890625 0.677734 0.898438 0.677734 0.902344 0.681641 0.906250 0.685547 0.906250 0.695312 0.896484 0.695312 0.892578 0.699219 0.888672 0.703125 0.892578 0.708984 0.892578 0.712891 0.884766 0.712891 0.878906 0.703125 0.875000 0.699219 0.878906 0.699219 0.886719 0.695312 0.890625 0.685547 0.882812 0.691406 0.869141 0.691406 0.859375 0.677734 0.841797
0 0.535156 0.843750 0.531250 0.843750 0.527344 0.847656 0.531250 0.851562 0.533203 0.849609 0.535156 0.849609 0.537109 0.847656 0.537109 0.845703
0 0.769531 0.845703 0.767578 0.847656 0.765625 0.847656 0.763672 0.849609 0.763672 0.857422 0.767578 0.861328 0.773438 0.861328 0.777344 0.857422 0.777344 0.851562 0.771484 0.845703
0 0.541016 0.855469 0.537109 0.859375 0.539062 0.861328 0.541016 0.861328 0.542969 0.859375 0.542969 0.857422
0 0.898438 0.859375 0.894531 0.863281 0.894531 0.869141 0.900391 0.875000 0.902344 0.873047 0.904297 0.875000 0.912109 0.867188 0.910156 0.865234 0.910156 0.863281 0.906250 0.859375
0 0.642578 0.867188 0.640625 0.867188 0.638672 0.869141 0.638672 0.871094 0.636719 0.873047 0.636719 0.876953 0.640625 0.880859 0.644531 0.876953 0.644531 0.869141
0 0.611328 0.873047 0.609375 0.871094 0.607422 0.871094 0.603516 0.875000 0.605469 0.876953 0.609375 0.876953 0.611328 0.875000
0 0.919922 0.884766 0.917969 0.886719 0.917969 0.888672 0.919922 0.890625 0.921875 0.890625 0.923828 0.888672 0.923828 0.886719 0.921875 0.884766
0 0.724609 0.888672 0.722656 0.890625 0.722656 0.894531 0.724609 0.896484 0.726562 0.896484 0.728516 0.894531 0.728516 0.890625 0.726562 0.888672
0 0.853516 0.886719 0.851562 0.888672 0.851562 0.890625 0.857422 0.896484 0.861328 0.892578 0.861328 0.888672 0.859375 0.886719
0 0.953125 0.890625 0.953125 0.896484 0.955078 0.898438 0.955078 0.900391 0.958984 0.904297 0.962891 0.904297 0.964844 0.906250 0.974609 0.906250 0.978516 0.900391 0.976562 0.898438 0.976562 0.896484 0.972656 0.892578 0.972656 0.890625 0.966797 0.886719 0.957031 0.886719
0 0.884766 0.892578 0.876953 0.900391 0.892578 0.921875 0.884766 0.931641 0.884766 0.935547 0.894531 0.943359 0.900391 0.937500 0.896484 0.927734 0.904297 0.919922 0.912109 0.917969 0.916016 0.914062 0.916016 0.910156 0.912109 0.906250 0.906250 0.906250 0.892578 0.892578
0 0.765625 0.898438 0.761719 0.898438 0.757812 0.902344 0.757812 0.904297 0.763672 0.910156 0.767578 0.906250 0.767578 0.900391
0 0.855469 0.900391 0.851562 0.904297 0.853516 0.906250 0.855469 0.906250 0.857422 0.904297 0.857422 0.902344
1 0.529297 0.908203 0.529297 0.923828 0.544922 0.935547 0.574219 0.935547 0.585938 0.931641 0.599609 0.945312 0.597656 0.966797 0.603516 0.972656 0.628906 0.982422 0.636719 0.998047 0.666016 0.998047 0.658203 0.988281 0.658203 0.978516 0.650391 0.970703 0.646484 0.957031 0.613281 0.935547 0.597656 0.916016 0.583984 0.917969 0.570312 0.908203 0.560547 0.908203 0.548828 0.902344 0.537109 0.902344
0 0.808594 0.914062 0.800781 0.910156 0.792969 0.917969 0.779297 0.921875 0.777344 0.919922 0.761719 0.921875 0.750000 0.919922 0.748047 0.935547 0.763672 0.957031 0.771484 0.957031 0.785156 0.949219 0.789062 0.937500 0.808594 0.917969
0 0.824219 0.910156 0.812500 0.921875 0.816406 0.933594 0.832031 0.945312 0.835938 0.955078 0.843750 0.958984 0.851562 0.957031 0.867188 0.939453 0.865234 0.927734 0.861328 0.923828 0.855469 0.923828 0.847656 0.916016 0.835938 0.910156
1 0.371094 0.919922 0.367188 0.916016 0.363281 0.919922 0.361328 0.919922 0.359375 0.921875 0.351562 0.921875 0.349609 0.923828 0.349609 0.925781 0.351562 0.927734 0.355469 0.927734 0.359375 0.923828 0.361328 0.923828 0.363281 0.921875 0.369141 0.921875
0 0.980469 0.929688 0.974609 0.935547 0.980469 0.941406 0.984375 0.937500 0.984375 0.933594
0 0.509766 0.941406 0.505859 0.945312 0.505859 0.955078 0.507812 0.957031 0.509766 0.957031 0.513672 0.953125 0.511719 0.951172 0.511719 0.949219 0.513672 0.947266 0.513672 0.945312
0 0.927734 0.941406 0.923828 0.943359 0.916016 0.951172 0.916016 0.958984 0.921875 0.966797 0.937500 0.966797 0.943359 0.960938 0.943359 0.949219 0.935547 0.941406
0 0.800781 0.945312 0.798828 0.947266 0.800781 0.949219 0.802734 0.947266
0 0.453125 0.958984 0.457031 0.962891 0.460938 0.962891 0.468750 0.970703 0.472656 0.970703 0.476562 0.966797 0.476562 0.964844 0.478516 0.962891 0.478516 0.960938 0.476562 0.958984 0.468750 0.958984 0.466797 0.957031 0.464844 0.958984 0.458984 0.955078 0.457031 0.955078
1 0.408203 0.962891 0.404297 0.958984 0.402344 0.958984 0.400391 0.960938 0.384766 0.960938 0.378906 0.966797 0.380859 0.968750 0.380859 0.972656 0.384766 0.976562 0.386719 0.976562 0.388672 0.974609 0.390625 0.974609 0.396484 0.968750 0.400391 0.968750 0.402344 0.966797 0.406250 0.966797 0.408203 0.964844
0 0.496094 0.960938 0.492188 0.964844 0.492188 0.966797 0.496094 0.970703 0.500000 0.966797 0.500000 0.964844
0 0.695312 0.962891 0.691406 0.966797 0.691406 0.970703 0.695312 0.974609 0.699219 0.974609 0.701172 0.972656 0.701172 0.966797 0.697266 0.962891
0 0.962891 0.964844 0.958984 0.968750 0.951172 0.984375 0.953125 0.988281 0.962891 0.996094 0.960938 0.998047 0.976562 0.998047 0.974609 0.996094 0.982422 0.986328 0.982422 0.978516 0.972656 0.966797 0.968750 0.964844
0 0.671875 0.968750 0.667969 0.972656 0.667969 0.974609 0.669922 0.976562 0.669922 0.978516 0.671875 0.980469 0.673828 0.980469 0.677734 0.976562 0.677734 0.972656 0.673828 0.968750
0 0.443359 0.972656 0.437500 0.978516 0.437500 0.982422 0.441406 0.986328 0.445312 0.986328 0.447266 0.984375 0.447266 0.982422 0.449219 0.980469 0.449219 0.978516
0 0.595703 0.972656 0.593750 0.974609 0.595703 0.976562 0.597656 0.974609
0 0.789062 0.982422 0.785156 0.986328 0.789062 0.990234 0.791016 0.990234 0.794922 0.986328 0.791016 0.982422
0 0.925781 0.982422 0.923828 0.984375 0.925781 0.986328 0.927734 0.984375
0 0.373047 0.988281 0.369141 0.992188 0.373047 0.996094 0.371094 0.998047 0.376953 0.998047 0.375000 0.996094 0.378906 0.992188 0.375000 0.988281
0 0.998047 0.988281 0.994141 0.992188 0.998047 0.996094
0 0.484375 0.996094 0.484375 0.998047 0.494141 0.998047 0.490234 0.994141 0.486328 0.994141
