1 0.250000 0.000000 0.251953 0.001953 0.253906 0.001953 0.255859 0.000000
0 0.042969 0.005859 0.041016 0.005859 0.037109 0.009766 0.037109 0.013672 0.039062 0.015625 0.042969 0.015625 0.044922 0.013672 0.044922 0.007812
0 0.500000 0.011719 0.498047 0.013672 0.500000 0.015625 0.501953 0.013672
0 0.230469 0.091797 0.228516 0.093750 0.230469 0.095703 0.232422 0.093750
1 0.029297 0.093750 0.000000 0.314453 0.076172 0.250000 0.166016 0.292969 0.013672 0.363281 0.000000 0.410156 0.072266 0.441406 0.023438 0.470703 0.000000 0.435547 0.007812 0.574219 0.099609 0.648438 0.093750 0.728516 0.150391 0.708984 0.203125 0.761719 0.091797 0.828125 0.083984 0.894531 0.193359 0.841797 0.333984 0.876953 0.400391 0.845703 0.291016 0.986328 0.376953 0.998047 0.343750 0.984375 0.460938 0.822266 0.373047 0.755859 0.427734 0.728516 0.345703 0.724609 0.378906 0.666016 0.335938 0.708984 0.318359 0.634766 0.423828 0.623047 0.429688 0.697266 0.449219 0.642578 0.494141 0.691406 0.501953 0.642578 0.310547 0.533203 0.173828 0.554688 0.105469 0.398438 0.240234 0.369141 0.275391 0.308594 0.251953 0.273438 0.220703 0.335938 0.160156 0.255859 0.083984 0.248047 0.150391 0.154297 0.031250 0.242188
0 0.638672 0.119141 0.636719 0.119141 0.632812 0.123047 0.632812 0.126953 0.636719 0.130859 0.642578 0.125000 0.642578 0.123047
1 0.183594 0.152344 0.181641 0.154297 0.187500 0.160156 0.185547 0.164062 0.185547 0.169922 0.195312 0.175781 0.203125 0.177734 0.207031 0.181641 0.207031 0.183594 0.203125 0.187500 0.201172 0.185547 0.195312 0.185547 0.191406 0.181641 0.185547 0.185547 0.185547 0.191406 0.195312 0.199219 0.201172 0.199219 0.203125 0.201172 0.208984 0.197266 0.216797 0.197266 0.222656 0.203125 0.224609 0.203125 0.226562 0.199219 0.218750 0.189453 0.216797 0.181641 0.212891 0.177734 0.205078 0.173828 0.197266 0.166016 0.195312 0.160156 0.191406 0.156250
0 0.458984 0.173828 0.457031 0.175781 0.458984 0.177734 0.460938 0.177734 0.462891 0.175781 0.460938 0.173828
0 0.250000 0.197266 0.246094 0.201172 0.250000 0.205078 0.251953 0.205078 0.253906 0.203125 0.253906 0.201172
0 0.316406 0.197266 0.314453 0.197266 0.308594 0.203125 0.312500 0.207031 0.316406 0.207031 0.320312 0.203125 0.320312 0.201172
0 0.234375 0.207031 0.232422 0.208984 0.232422 0.210938 0.236328 0.214844 0.238281 0.212891 0.236328 0.210938 0.236328 0.208984
1 0.230469 0.226562 0.230469 0.228516 0.232422 0.230469 0.244141 0.230469 0.248047 0.234375 0.248047 0.236328 0.251953 0.240234 0.251953 0.242188 0.255859 0.246094 0.257812 0.244141 0.257812 0.240234 0.255859 0.238281 0.255859 0.236328 0.250000 0.230469 0.250000 0.228516 0.244141 0.222656 0.244141 0.220703 0.242188 0.218750 0.240234 0.220703 0.234375 0.222656
1 0.427734 0.228516 0.425781 0.228516 0.423828 0.230469 0.423828 0.232422 0.421875 0.234375 0.421875 0.236328 0.417969 0.240234 0.417969 0.242188 0.419922 0.244141 0.421875 0.244141 0.425781 0.240234 0.425781 0.238281 0.427734 0.236328 0.427734 0.234375 0.429688 0.232422 0.429688 0.230469
0 0.810547 0.240234 0.806641 0.240234 0.804688 0.242188 0.804688 0.244141 0.802734 0.246094 0.802734 0.248047 0.804688 0.250000 0.806641 0.250000 0.808594 0.251953 0.810547 0.250000 0.812500 0.250000 0.814453 0.248047 0.814453 0.244141
0 0.402344 0.242188 0.396484 0.242188 0.392578 0.246094 0.392578 0.251953 0.394531 0.253906 0.396484 0.253906 0.398438 0.251953 0.400391 0.251953 0.402344 0.250000 0.402344 0.248047 0.404297 0.246094 0.404297 0.244141
0 0.259766 0.251953 0.257812 0.253906 0.259766 0.255859 0.257812 0.257812 0.257812 0.259766 0.259766 0.261719 0.261719 0.261719 0.265625 0.257812 0.263672 0.255859 0.263672 0.253906 0.261719 0.251953
0 0.292969 0.263672 0.291016 0.263672 0.287109 0.267578 0.287109 0.269531 0.289062 0.271484 0.292969 0.271484 0.294922 0.269531 0.294922 0.265625
0 0.412109 0.261719 0.410156 0.263672 0.404297 0.265625 0.400391 0.269531 0.400391 0.275391 0.404297 0.279297 0.408203 0.279297 0.417969 0.285156 0.421875 0.281250 0.421875 0.277344 0.417969 0.273438 0.417969 0.269531 0.416016 0.267578 0.417969 0.265625 0.414062 0.261719
0 0.578125 0.269531 0.574219 0.273438 0.576172 0.275391 0.578125 0.275391 0.580078 0.273438 0.580078 0.271484
0 0.484375 0.283203 0.482422 0.285156 0.482422 0.289062 0.484375 0.291016 0.488281 0.287109
0 0.785156 0.289062 0.781250 0.292969 0.781250 0.298828 0.787109 0.304688 0.791016 0.304688 0.794922 0.300781 0.794922 0.294922 0.789062 0.289062
0 0.435547 0.296875 0.431641 0.292969 0.429688 0.292969 0.425781 0.296875 0.425781 0.298828 0.427734 0.300781 0.431641 0.300781
0 0.640625 0.292969 0.638672 0.292969 0.634766 0.296875 0.634766 0.298828 0.632812 0.300781 0.634766 0.302734 0.634766 0.304688 0.636719 0.306641 0.640625 0.306641 0.644531 0.302734 0.644531 0.298828 0.642578 0.296875 0.642578 0.294922
0 0.371094 0.296875 0.367188 0.300781 0.367188 0.302734 0.365234 0.304688 0.365234 0.306641 0.369141 0.312500 0.371094 0.312500 0.373047 0.314453 0.376953 0.314453 0.382812 0.308594 0.382812 0.302734 0.376953 0.296875
0 0.457031 0.302734 0.447266 0.306641 0.443359 0.310547 0.443359 0.322266 0.449219 0.326172 0.457031 0.326172 0.462891 0.320312 0.462891 0.318359 0.464844 0.316406 0.464844 0.308594 0.460938 0.304688 0.458984 0.304688
0 0.802734 0.308594 0.796875 0.316406 0.796875 0.322266 0.802734 0.328125 0.804688 0.328125 0.806641 0.330078 0.816406 0.330078 0.822266 0.322266 0.822266 0.316406 0.820312 0.314453 0.820312 0.312500 0.812500 0.306641 0.806641 0.306641 0.804688 0.308594
0 0.613281 0.308594 0.609375 0.312500 0.609375 0.314453 0.611328 0.316406 0.611328 0.318359 0.613281 0.320312 0.615234 0.320312 0.617188 0.322266 0.619141 0.322266 0.623047 0.318359 0.623047 0.316406 0.621094 0.314453 0.621094 0.312500 0.619141 0.310547 0.617188 0.310547 0.615234 0.308594
0 0.720703 0.310547 0.716797 0.310547 0.712891 0.314453 0.712891 0.318359 0.716797 0.322266 0.718750 0.322266 0.724609 0.316406 0.724609 0.314453
0 0.673828 0.318359 0.667969 0.318359 0.662109 0.324219 0.662109 0.330078 0.664062 0.332031 0.669922 0.332031 0.675781 0.326172 0.675781 0.320312
0 0.617188 0.330078 0.615234 0.332031 0.615234 0.335938 0.617188 0.337891 0.621094 0.333984
0 0.695312 0.330078 0.693359 0.330078 0.691406 0.332031 0.691406 0.333984 0.693359 0.335938 0.697266 0.332031
1 0.427734 0.337891 0.419922 0.332031 0.414062 0.337891 0.416016 0.345703 0.412109 0.349609 0.400391 0.339844 0.390625 0.341797 0.386719 0.345703 0.384766 0.353516 0.386719 0.357422 0.392578 0.361328 0.398438 0.361328 0.402344 0.357422 0.406250 0.359375 0.412109 0.357422 0.414062 0.353516 0.427734 0.341797
0 0.900391 0.341797 0.898438 0.343750 0.900391 0.345703 0.902344 0.343750
0 0.648438 0.347656 0.646484 0.349609 0.648438 0.351562 0.650391 0.351562 0.652344 0.349609 0.650391 0.347656
0 0.359375 0.357422 0.355469 0.355469 0.353516 0.357422 0.353516 0.363281 0.347656 0.369141 0.345703 0.369141 0.339844 0.363281 0.333984 0.363281 0.330078 0.369141 0.330078 0.376953 0.333984 0.380859 0.339844 0.376953 0.347656 0.376953 0.353516 0.380859 0.361328 0.371094 0.361328 0.367188 0.359375 0.365234
0 0.000000 0.361328 0.000000 0.365234 0.003906 0.365234 0.005859 0.363281 0.003906 0.361328
1 0.541016 0.369141 0.537109 0.373047 0.537109 0.376953 0.542969 0.380859 0.546875 0.380859 0.550781 0.384766 0.548828 0.390625 0.554688 0.404297 0.558594 0.408203 0.566406 0.408203 0.572266 0.400391 0.572266 0.390625 0.568359 0.380859 0.562500 0.375000 0.554688 0.378906 0.544922 0.369141
0 0.412109 0.378906 0.410156 0.380859 0.410156 0.382812 0.412109 0.384766 0.414062 0.384766 0.416016 0.382812 0.416016 0.380859 0.414062 0.378906
0 0.775391 0.380859 0.773438 0.382812 0.773438 0.386719 0.779297 0.392578 0.783203 0.388672
0 0.466797 0.388672 0.464844 0.390625 0.464844 0.392578 0.462891 0.394531 0.466797 0.398438 0.470703 0.398438 0.474609 0.394531 0.468750 0.388672
0 0.275391 0.392578 0.273438 0.394531 0.271484 0.394531 0.267578 0.398438 0.267578 0.400391 0.271484 0.404297 0.277344 0.404297 0.281250 0.400391 0.281250 0.398438
0 0.398438 0.392578 0.390625 0.396484 0.394531 0.402344 0.394531 0.414062 0.386719 0.425781 0.398438 0.433594 0.398438 0.441406 0.406250 0.449219 0.412109 0.449219 0.417969 0.443359 0.414062 0.433594 0.429688 0.414062 0.425781 0.402344 0.419922 0.396484 0.412109 0.392578
0 0.626953 0.396484 0.625000 0.396484 0.623047 0.398438 0.623047 0.400391 0.625000 0.402344 0.628906 0.398438
0 0.902344 0.400391 0.898438 0.404297 0.898438 0.410156 0.902344 0.414062 0.908203 0.414062 0.914062 0.408203 0.906250 0.400391
0 0.869141 0.410156 0.867188 0.412109 0.863281 0.412109 0.857422 0.417969 0.857422 0.419922 0.855469 0.421875 0.855469 0.425781 0.857422 0.427734 0.857422 0.429688 0.859375 0.431641 0.861328 0.431641 0.863281 0.433594 0.867188 0.433594 0.869141 0.435547 0.871094 0.433594 0.873047 0.433594 0.876953 0.429688 0.876953 0.427734 0.878906 0.425781 0.878906 0.419922
0 0.451172 0.416016 0.449219 0.417969 0.447266 0.417969 0.439453 0.425781 0.439453 0.427734 0.443359 0.431641 0.445312 0.431641 0.449219 0.427734 0.449219 0.425781 0.453125 0.421875 0.453125 0.417969
0 0.783203 0.414062 0.773438 0.421875 0.767578 0.421875 0.763672 0.425781 0.763672 0.427734 0.761719 0.429688 0.763672 0.431641 0.763672 0.435547 0.767578 0.439453 0.769531 0.439453 0.771484 0.441406 0.781250 0.441406 0.783203 0.439453 0.783203 0.437500 0.785156 0.435547 0.785156 0.429688 0.783203 0.427734 0.783203 0.425781 0.785156 0.423828 0.785156 0.416016
0 0.458984 0.423828 0.460938 0.425781 0.460938 0.427734 0.464844 0.431641 0.474609 0.431641 0.476562 0.429688 0.478516 0.429688 0.482422 0.425781 0.482422 0.423828 0.478516 0.419922 0.474609 0.419922 0.472656 0.417969 0.464844 0.417969
0 0.847656 0.429688 0.845703 0.431641 0.845703 0.433594 0.847656 0.435547 0.849609 0.433594 0.849609 0.431641
1 0.222656 0.433594 0.218750 0.437500 0.218750 0.455078 0.222656 0.458984 0.228516 0.455078 0.228516 0.445312 0.226562 0.443359 0.226562 0.439453
0 0.664062 0.435547 0.658203 0.441406 0.658203 0.445312 0.664062 0.451172 0.666016 0.451172 0.671875 0.445312 0.671875 0.441406 0.666016 0.435547
0 0.515625 0.437500 0.513672 0.439453 0.513672 0.441406 0.515625 0.443359 0.517578 0.441406 0.517578 0.439453
0 0.443359 0.447266 0.441406 0.449219 0.443359 0.451172 0.445312 0.449219
0 0.734375 0.447266 0.732422 0.447266 0.728516 0.451172 0.728516 0.453125 0.726562 0.455078 0.730469 0.458984 0.736328 0.453125 0.736328 0.449219
1 0.378906 0.451172 0.376953 0.453125 0.376953 0.455078 0.378906 0.457031 0.378906 0.458984 0.382812 0.462891 0.384766 0.462891 0.386719 0.460938 0.382812 0.457031 0.382812 0.453125 0.380859 0.451172
0 0.775391 0.451172 0.771484 0.455078 0.775391 0.458984 0.779297 0.455078
0 0.205078 0.457031 0.201172 0.460938 0.201172 0.466797 0.203125 0.468750 0.203125 0.470703 0.207031 0.474609 0.208984 0.474609 0.210938 0.472656 0.212891 0.472656 0.216797 0.468750 0.216797 0.466797 0.214844 0.464844 0.214844 0.460938 0.210938 0.457031
0 0.699219 0.464844 0.703125 0.468750 0.705078 0.468750 0.707031 0.466797 0.710938 0.466797 0.712891 0.464844 0.712891 0.462891 0.710938 0.460938 0.707031 0.460938 0.705078 0.458984 0.703125 0.458984 0.701172 0.460938 0.701172 0.462891
0 0.726562 0.478516 0.726562 0.488281 0.724609 0.490234 0.728516 0.494141 0.736328 0.494141 0.744141 0.500000 0.755859 0.500000 0.761719 0.496094 0.767578 0.498047 0.775391 0.494141 0.767578 0.486328 0.765625 0.468750 0.753906 0.458984 0.742188 0.460938 0.738281 0.464844 0.738281 0.468750
1 0.800781 0.468750 0.796875 0.472656 0.806641 0.480469 0.814453 0.496094 0.820312 0.501953 0.824219 0.501953 0.830078 0.496094 0.820312 0.484375 0.820312 0.474609 0.818359 0.470703 0.814453 0.466797 0.810547 0.466797 0.808594 0.468750
0 0.919922 0.470703 0.917969 0.472656 0.917969 0.474609 0.916016 0.476562 0.916016 0.478516 0.919922 0.482422 0.925781 0.482422 0.929688 0.478516 0.929688 0.472656 0.927734 0.470703
0 0.585938 0.478516 0.583984 0.480469 0.583984 0.484375 0.587891 0.488281 0.589844 0.488281 0.593750 0.484375 0.593750 0.482422 0.591797 0.480469 0.587891 0.480469
0 0.689453 0.480469 0.687500 0.482422 0.689453 0.484375 0.691406 0.484375 0.693359 0.482422 0.691406 0.480469
0 0.970703 0.482422 0.964844 0.482422 0.955078 0.496094 0.947266 0.498047 0.941406 0.503906 0.941406 0.517578 0.947266 0.527344 0.953125 0.531250 0.962891 0.531250 0.964844 0.529297 0.968750 0.531250 0.984375 0.515625 0.984375 0.507812 0.974609 0.496094
0 0.171875 0.486328 0.166016 0.492188 0.166016 0.494141 0.171875 0.500000 0.171875 0.501953 0.173828 0.503906 0.179688 0.503906 0.181641 0.501953 0.181641 0.498047 0.179688 0.496094 0.179688 0.494141
0 0.558594 0.484375 0.554688 0.488281 0.554688 0.500000 0.560547 0.505859 0.562500 0.505859 0.564453 0.503906 0.566406 0.503906 0.570312 0.500000 0.570312 0.494141 0.566406 0.490234 0.566406 0.488281 0.562500 0.484375
0 0.667969 0.484375 0.664062 0.484375 0.662109 0.486328 0.662109 0.488281 0.666016 0.492188 0.669922 0.488281 0.669922 0.486328
0 0.865234 0.490234 0.859375 0.496094 0.863281 0.500000 0.867188 0.500000 0.869141 0.498047 0.869141 0.494141
0 0.251953 0.494141 0.250000 0.496094 0.250000 0.498047 0.253906 0.501953 0.257812 0.501953 0.259766 0.500000 0.259766 0.496094 0.257812 0.494141
0 0.445312 0.498047 0.441406 0.494141 0.437500 0.494141 0.435547 0.496094 0.429688 0.496094 0.427734 0.498047 0.419922 0.500000 0.416016 0.505859 0.416016 0.515625 0.419922 0.519531 0.423828 0.519531 0.425781 0.521484 0.429688 0.521484 0.435547 0.517578 0.439453 0.517578 0.441406 0.515625 0.441406 0.511719 0.445312 0.503906
0 0.476562 0.492188 0.470703 0.498047 0.474609 0.503906 0.474609 0.507812 0.478516 0.511719 0.480469 0.511719 0.482422 0.513672 0.490234 0.513672 0.494141 0.509766 0.494141 0.498047 0.490234 0.494141 0.486328 0.494141 0.484375 0.492188
0 0.671875 0.494141 0.669922 0.496094 0.669922 0.498047 0.673828 0.501953 0.675781 0.500000 0.675781 0.496094 0.673828 0.494141
0 0.207031 0.498047 0.205078 0.500000 0.207031 0.501953 0.208984 0.501953 0.210938 0.500000 0.208984 0.498047
1 0.310547 0.496094 0.306641 0.496094 0.304688 0.498047 0.304688 0.503906 0.302734 0.505859 0.302734 0.507812 0.300781 0.509766 0.300781 0.513672 0.298828 0.515625 0.298828 0.517578 0.300781 0.519531 0.302734 0.519531 0.306641 0.515625 0.306641 0.513672 0.316406 0.503906 0.314453 0.501953 0.314453 0.500000
0 0.537109 0.496094 0.535156 0.498047 0.537109 0.500000 0.539062 0.500000 0.541016 0.498047 0.539062 0.496094
0 0.593750 0.496094 0.589844 0.500000 0.589844 0.503906 0.593750 0.507812 0.597656 0.503906 0.597656 0.500000
0 0.705078 0.505859 0.705078 0.515625 0.707031 0.519531 0.722656 0.533203 0.726562 0.531250 0.726562 0.523438 0.730469 0.519531 0.734375 0.523438 0.740234 0.523438 0.742188 0.525391 0.748047 0.521484 0.748047 0.519531 0.742188 0.517578 0.730469 0.503906 0.722656 0.503906 0.716797 0.498047 0.712891 0.498047
0 0.804688 0.496094 0.802734 0.498047 0.800781 0.498047 0.798828 0.500000 0.802734 0.503906 0.806641 0.503906 0.808594 0.501953 0.808594 0.500000
0 0.394531 0.501953 0.392578 0.503906 0.392578 0.509766 0.396484 0.513672 0.398438 0.513672 0.400391 0.511719 0.400391 0.503906 0.398438 0.501953
0 0.617188 0.505859 0.613281 0.509766 0.613281 0.513672 0.617188 0.517578 0.621094 0.513672 0.619141 0.511719 0.619141 0.507812
0 0.658203 0.505859 0.654297 0.509766 0.658203 0.513672 0.662109 0.509766
0 0.509766 0.513672 0.507812 0.515625 0.507812 0.521484 0.515625 0.529297 0.519531 0.529297 0.523438 0.525391 0.523438 0.519531 0.519531 0.515625 0.517578 0.515625 0.515625 0.513672
0 0.568359 0.511719 0.566406 0.513672 0.564453 0.513672 0.562500 0.515625 0.562500 0.517578 0.566406 0.521484 0.568359 0.521484 0.572266 0.517578 0.572266 0.515625
0 0.537109 0.515625 0.535156 0.515625 0.533203 0.517578 0.533203 0.519531 0.535156 0.521484 0.539062 0.517578
0 0.794922 0.515625 0.785156 0.515625 0.779297 0.519531 0.779297 0.525391 0.783203 0.529297 0.785156 0.529297 0.789062 0.533203 0.791016 0.531250 0.792969 0.531250 0.796875 0.527344 0.796875 0.525391 0.798828 0.523438 0.798828 0.521484
0 0.460938 0.519531 0.458984 0.521484 0.458984 0.527344 0.460938 0.529297 0.462891 0.529297 0.464844 0.531250 0.466797 0.531250 0.470703 0.527344 0.470703 0.523438 0.466797 0.519531
0 0.728516 0.539062 0.734375 0.544922 0.736328 0.544922 0.738281 0.542969 0.742188 0.542969 0.750000 0.550781 0.751953 0.550781 0.755859 0.546875 0.755859 0.544922 0.751953 0.541016 0.750000 0.541016 0.748047 0.542969 0.744141 0.539062 0.746094 0.537109 0.746094 0.535156 0.744141 0.533203 0.746094 0.531250 0.744141 0.529297 0.742188 0.529297 0.738281 0.533203 0.732422 0.535156
0 0.593750 0.533203 0.591797 0.535156 0.591797 0.537109 0.593750 0.539062 0.595703 0.537109 0.595703 0.535156
0 0.841797 0.531250 0.835938 0.535156 0.822266 0.535156 0.812500 0.546875 0.812500 0.552734 0.818359 0.562500 0.839844 0.572266 0.843750 0.560547 0.843750 0.544922 0.847656 0.541016 0.847656 0.535156
0 0.449219 0.535156 0.443359 0.541016 0.445312 0.546875 0.457031 0.556641 0.458984 0.556641 0.460938 0.558594 0.466797 0.558594 0.470703 0.552734 0.470703 0.544922 0.460938 0.535156
0 0.654297 0.537109 0.650391 0.541016 0.650391 0.544922 0.654297 0.548828 0.656250 0.548828 0.660156 0.544922 0.658203 0.542969 0.658203 0.541016
0 0.576172 0.539062 0.574219 0.541016 0.574219 0.542969 0.576172 0.544922 0.578125 0.542969 0.578125 0.541016
0 0.865234 0.539062 0.859375 0.544922 0.859375 0.550781 0.861328 0.552734 0.871094 0.552734 0.873047 0.550781 0.873047 0.544922 0.867188 0.539062
0 0.556641 0.544922 0.554688 0.546875 0.556641 0.548828 0.558594 0.548828 0.560547 0.546875 0.558594 0.544922
0 0.544922 0.546875 0.542969 0.548828 0.544922 0.550781 0.546875 0.548828
0 0.990234 0.546875 0.988281 0.548828 0.988281 0.552734 0.990234 0.554688 0.990234 0.556641 0.994141 0.560547 0.998047 0.560547 0.998047 0.548828 0.996094 0.546875 0.994141 0.548828 0.992188 0.548828
0 0.386719 0.552734 0.384766 0.554688 0.388672 0.558594 0.390625 0.556641 0.390625 0.554688 0.388672 0.552734
0 0.763672 0.558594 0.763672 0.562500 0.765625 0.564453 0.767578 0.564453 0.769531 0.566406 0.771484 0.566406 0.773438 0.564453 0.775391 0.564453 0.777344 0.562500 0.779297 0.562500 0.781250 0.560547 0.781250 0.558594 0.777344 0.554688 0.775391 0.554688 0.773438 0.552734 0.769531 0.552734
1 0.513672 0.556641 0.511719 0.562500 0.515625 0.576172 0.527344 0.589844 0.527344 0.595703 0.531250 0.599609 0.542969 0.591797 0.558594 0.591797 0.562500 0.587891 0.562500 0.582031 0.558594 0.578125 0.562500 0.572266 0.572266 0.580078 0.572266 0.585938 0.580078 0.595703 0.587891 0.593750 0.593750 0.599609 0.595703 0.597656 0.591797 0.591797 0.595703 0.582031 0.595703 0.568359 0.591797 0.564453 0.580078 0.566406 0.576172 0.562500 0.564453 0.558594 0.556641 0.558594 0.541016 0.574219 0.531250 0.564453 0.523438 0.562500 0.517578 0.554688
0 0.660156 0.556641 0.658203 0.556641 0.656250 0.558594 0.656250 0.560547 0.654297 0.562500 0.654297 0.566406 0.658203 0.570312 0.662109 0.566406 0.662109 0.564453 0.664062 0.562500 0.664062 0.560547
0 0.671875 0.556641 0.669922 0.558594 0.669922 0.560547 0.671875 0.562500 0.673828 0.562500 0.675781 0.560547
0 0.605469 0.558594 0.603516 0.560547 0.603516 0.564453 0.607422 0.568359 0.609375 0.568359 0.613281 0.564453 0.613281 0.560547 0.611328 0.558594
0 0.705078 0.560547 0.693359 0.564453 0.689453 0.570312 0.685547 0.591797 0.699219 0.619141 0.681641 0.630859 0.689453 0.640625 0.705078 0.632812 0.703125 0.621094 0.708984 0.615234 0.720703 0.611328 0.732422 0.617188 0.726562 0.609375 0.732422 0.589844 0.726562 0.582031 0.707031 0.574219 0.708984 0.568359
0 0.742188 0.560547 0.738281 0.564453 0.738281 0.570312 0.744141 0.576172 0.748047 0.576172 0.755859 0.568359 0.755859 0.566406 0.753906 0.564453 0.750000 0.564453 0.746094 0.560547
0 0.878906 0.558594 0.876953 0.560547 0.875000 0.560547 0.871094 0.564453 0.871094 0.570312 0.873047 0.572266 0.875000 0.572266 0.876953 0.574219 0.880859 0.574219 0.884766 0.570312 0.886719 0.570312 0.888672 0.568359 0.884766 0.564453 0.884766 0.562500 0.882812 0.560547 0.880859 0.560547
0 0.628906 0.562500 0.625000 0.566406 0.625000 0.583984 0.630859 0.593750 0.646484 0.593750 0.652344 0.582031 0.652344 0.580078 0.648438 0.576172 0.648438 0.572266 0.640625 0.564453
0 0.736328 0.582031 0.734375 0.583984 0.736328 0.585938 0.738281 0.585938 0.740234 0.583984 0.738281 0.582031
0 0.863281 0.583984 0.859375 0.583984 0.853516 0.589844 0.853516 0.595703 0.857422 0.599609 0.859375 0.599609 0.867188 0.591797 0.867188 0.587891
0 0.505859 0.587891 0.503906 0.589844 0.503906 0.591797 0.505859 0.593750 0.507812 0.593750 0.509766 0.591797
0 0.421875 0.593750 0.419922 0.595703 0.423828 0.599609 0.425781 0.597656 0.425781 0.595703 0.423828 0.593750
0 0.611328 0.593750 0.607422 0.597656 0.607422 0.601562 0.609375 0.603516 0.611328 0.603516 0.613281 0.605469 0.617188 0.601562 0.617188 0.599609
0 0.962891 0.593750 0.958984 0.597656 0.962891 0.601562 0.964844 0.601562 0.966797 0.599609 0.966797 0.597656
0 0.650391 0.597656 0.646484 0.601562 0.646484 0.611328 0.652344 0.617188 0.660156 0.617188 0.664062 0.611328 0.662109 0.609375 0.662109 0.605469 0.664062 0.603516 0.664062 0.601562 0.660156 0.597656
0 0.451172 0.603516 0.449219 0.605469 0.449219 0.607422 0.451172 0.609375 0.453125 0.607422 0.453125 0.605469
0 0.763672 0.609375 0.761719 0.611328 0.761719 0.613281 0.765625 0.617188 0.767578 0.615234 0.767578 0.611328 0.765625 0.609375
0 0.585938 0.619141 0.582031 0.623047 0.582031 0.625000 0.585938 0.628906 0.587891 0.626953 0.587891 0.621094
0 0.470703 0.623047 0.466797 0.623047 0.464844 0.625000 0.462891 0.625000 0.460938 0.626953 0.460938 0.628906 0.464844 0.632812 0.466797 0.632812 0.472656 0.626953 0.472656 0.625000
0 0.773438 0.623047 0.771484 0.625000 0.771484 0.626953 0.773438 0.628906 0.775391 0.628906 0.777344 0.626953
0 0.521484 0.630859 0.517578 0.634766 0.519531 0.636719 0.521484 0.636719 0.523438 0.634766 0.523438 0.632812
0 0.507812 0.632812 0.505859 0.634766 0.507812 0.636719 0.509766 0.634766
0 0.572266 0.634766 0.560547 0.646484 0.562500 0.648438 0.558594 0.658203 0.566406 0.667969 0.574219 0.669922 0.578125 0.673828 0.582031 0.673828 0.585938 0.669922 0.583984 0.667969 0.580078 0.667969 0.574219 0.662109 0.576172 0.658203 0.576172 0.652344 0.574219 0.650391 0.576172 0.648438 0.578125 0.638672
1 0.597656 0.640625 0.597656 0.644531 0.603516 0.650391 0.607422 0.650391 0.609375 0.652344 0.613281 0.650391 0.619141 0.654297 0.621094 0.654297 0.630859 0.642578 0.628906 0.640625 0.626953 0.642578 0.623047 0.638672 0.621094 0.640625 0.617188 0.640625 0.611328 0.634766 0.601562 0.636719
0 0.746094 0.638672 0.744141 0.640625 0.746094 0.642578 0.748047 0.640625
0 0.333984 0.648438 0.332031 0.648438 0.330078 0.650391 0.330078 0.652344 0.328125 0.654297 0.330078 0.656250 0.332031 0.656250 0.333984 0.654297 0.333984 0.652344 0.335938 0.650391
0 0.644531 0.648438 0.642578 0.648438 0.640625 0.650391 0.640625 0.654297 0.642578 0.656250 0.640625 0.658203 0.642578 0.660156 0.638672 0.664062 0.638672 0.667969 0.634766 0.671875 0.638672 0.675781 0.646484 0.675781 0.652344 0.669922 0.650391 0.664062 0.646484 0.660156 0.646484 0.650391
0 0.707031 0.654297 0.703125 0.650391 0.699219 0.650391 0.697266 0.652344 0.695312 0.652344 0.693359 0.654297 0.691406 0.654297 0.689453 0.656250 0.695312 0.662109 0.703125 0.662109 0.707031 0.658203
0 0.736328 0.652344 0.732422 0.656250 0.732422 0.666016 0.738281 0.669922 0.744141 0.669922 0.748047 0.666016 0.748047 0.656250 0.742188 0.652344
0 0.857422 0.656250 0.843750 0.656250 0.833984 0.662109 0.828125 0.660156 0.824219 0.664062 0.824219 0.671875 0.828125 0.675781 0.839844 0.675781 0.843750 0.679688 0.837891 0.687500 0.837891 0.693359 0.845703 0.699219 0.853516 0.693359 0.853516 0.687500 0.869141 0.671875 0.865234 0.662109
0 0.535156 0.662109 0.531250 0.666016 0.533203 0.667969 0.535156 0.667969 0.537109 0.669922 0.539062 0.669922 0.541016 0.667969 0.541016 0.666016 0.537109 0.662109
0 0.978516 0.666016 0.974609 0.669922 0.978516 0.673828 0.982422 0.669922
0 0.679688 0.675781 0.679688 0.681641 0.683594 0.687500 0.689453 0.689453 0.693359 0.685547 0.695312 0.685547 0.707031 0.693359 0.710938 0.691406 0.710938 0.681641 0.697266 0.671875 0.689453 0.669922 0.687500 0.671875 0.683594 0.671875
0 0.388672 0.677734 0.388672 0.683594 0.394531 0.689453 0.400391 0.689453 0.406250 0.685547 0.406250 0.679688 0.402344 0.673828 0.394531 0.673828
0 0.468750 0.673828 0.466797 0.675781 0.468750 0.677734 0.468750 0.679688 0.470703 0.681641 0.472656 0.681641 0.474609 0.679688 0.474609 0.677734 0.476562 0.675781 0.474609 0.673828
0 0.988281 0.683594 0.980469 0.683594 0.976562 0.685547 0.974609 0.691406 0.970703 0.695312 0.958984 0.693359 0.955078 0.697266 0.955078 0.705078 0.962891 0.720703 0.978516 0.710938 0.986328 0.710938 0.990234 0.707031 0.988281 0.703125 0.990234 0.685547
0 0.451172 0.691406 0.447266 0.695312 0.451172 0.699219 0.453125 0.699219 0.457031 0.695312 0.453125 0.691406
0 0.611328 0.697266 0.607422 0.701172 0.607422 0.703125 0.611328 0.707031 0.615234 0.707031 0.619141 0.703125 0.619141 0.701172 0.615234 0.697266
0 0.539062 0.714844 0.529297 0.707031 0.517578 0.708984 0.511719 0.699219 0.507812 0.701172 0.513672 0.707031 0.509766 0.712891 0.505859 0.712891 0.496094 0.705078 0.490234 0.710938 0.478516 0.714844 0.474609 0.720703 0.482422 0.730469 0.476562 0.736328 0.472656 0.753906 0.478516 0.755859 0.494141 0.744141 0.498047 0.744141 0.501953 0.748047 0.511719 0.744141 0.521484 0.753906 0.523438 0.751953 0.529297 0.753906 0.531250 0.751953 0.527344 0.748047 0.529297 0.746094 0.527344 0.744141 0.529297 0.736328 0.523438 0.734375 0.519531 0.738281 0.513672 0.732422 0.513672 0.722656 0.511719 0.720703 0.517578 0.714844 0.521484 0.714844 0.527344 0.720703 0.525391 0.722656 0.527344 0.724609 0.537109 0.720703
0 0.892578 0.703125 0.888672 0.707031 0.888672 0.708984 0.892578 0.712891 0.894531 0.712891 0.896484 0.710938 0.896484 0.707031
0 0.863281 0.722656 0.859375 0.726562 0.859375 0.728516 0.861328 0.730469 0.865234 0.730469 0.867188 0.728516 0.867188 0.726562
0 0.451172 0.726562 0.447266 0.730469 0.447266 0.738281 0.449219 0.740234 0.449219 0.744141 0.451172 0.746094 0.451172 0.748047 0.457031 0.751953 0.460938 0.748047 0.460938 0.738281 0.458984 0.736328 0.457031 0.730469
0 0.541016 0.726562 0.539062 0.728516 0.541016 0.730469 0.539062 0.732422 0.541016 0.734375 0.542969 0.732422 0.541016 0.730469 0.542969 0.728516
0 0.617188 0.728516 0.611328 0.734375 0.611328 0.750000 0.617188 0.753906 0.623047 0.753906 0.630859 0.746094 0.630859 0.744141 0.632812 0.742188 0.632812 0.734375 0.626953 0.728516
1 0.890625 0.736328 0.896484 0.746094 0.894531 0.751953 0.896484 0.755859 0.910156 0.765625 0.916016 0.765625 0.925781 0.757812 0.929688 0.757812 0.933594 0.761719 0.937500 0.757812 0.933594 0.751953 0.929688 0.755859 0.916016 0.742188 0.904297 0.740234 0.896484 0.730469
0 0.568359 0.738281 0.566406 0.740234 0.564453 0.740234 0.562500 0.742188 0.564453 0.744141 0.564453 0.746094 0.568359 0.750000 0.570312 0.750000 0.574219 0.746094 0.574219 0.744141
0 0.542969 0.748047 0.541016 0.750000 0.544922 0.753906 0.546875 0.753906 0.548828 0.751953 0.548828 0.750000 0.546875 0.748047
1 0.554688 0.753906 0.552734 0.765625 0.562500 0.775391 0.564453 0.785156 0.582031 0.798828 0.578125 0.808594 0.580078 0.824219 0.591797 0.833984 0.601562 0.833984 0.605469 0.828125 0.605469 0.814453 0.597656 0.798828 0.607422 0.791016 0.611328 0.781250 0.609375 0.775391 0.601562 0.767578 0.578125 0.761719 0.568359 0.763672
0 0.636719 0.753906 0.634766 0.753906 0.632812 0.755859 0.630859 0.755859 0.626953 0.759766 0.626953 0.761719 0.625000 0.763672 0.625000 0.765625 0.628906 0.769531 0.638672 0.769531 0.640625 0.767578 0.640625 0.765625 0.642578 0.763672 0.642578 0.761719 0.640625 0.759766 0.640625 0.757812
0 0.755859 0.755859 0.753906 0.757812 0.753906 0.759766 0.751953 0.761719 0.757812 0.767578 0.759766 0.767578 0.763672 0.763672 0.763672 0.757812 0.761719 0.755859
0 0.417969 0.757812 0.414062 0.761719 0.414062 0.763672 0.416016 0.765625 0.417969 0.765625 0.419922 0.767578 0.421875 0.767578 0.425781 0.763672 0.425781 0.761719 0.421875 0.757812
1 0.468750 0.761719 0.466797 0.763672 0.460938 0.763672 0.458984 0.765625 0.458984 0.771484 0.460938 0.773438 0.451172 0.783203 0.449219 0.783203 0.447266 0.785156 0.447266 0.789062 0.441406 0.794922 0.443359 0.796875 0.445312 0.794922 0.447266 0.794922 0.451172 0.791016 0.451172 0.789062 0.455078 0.785156 0.455078 0.783203 0.462891 0.775391 0.464844 0.775391 0.466797 0.773438 0.468750 0.773438 0.472656 0.769531 0.472656 0.767578 0.470703 0.765625 0.470703 0.763672
0 0.541016 0.761719 0.533203 0.769531 0.533203 0.773438 0.535156 0.775391 0.535156 0.777344 0.537109 0.779297 0.546875 0.779297 0.548828 0.777344 0.548828 0.775391 0.546875 0.773438 0.546875 0.771484 0.544922 0.769531 0.544922 0.765625
0 0.886719 0.761719 0.882812 0.765625 0.884766 0.767578 0.882812 0.769531 0.886719 0.773438 0.888672 0.771484 0.888672 0.767578 0.890625 0.765625
0 0.841797 0.765625 0.837891 0.769531 0.837891 0.775391 0.841797 0.779297 0.845703 0.779297 0.851562 0.773438 0.849609 0.771484 0.849609 0.769531 0.845703 0.765625
0 0.673828 0.777344 0.669922 0.781250 0.669922 0.783203 0.673828 0.787109 0.675781 0.787109 0.677734 0.785156 0.677734 0.781250
0 0.517578 0.783203 0.513672 0.783203 0.511719 0.785156 0.509766 0.785156 0.501953 0.792969 0.501953 0.794922 0.507812 0.800781 0.509766 0.800781 0.511719 0.802734 0.515625 0.802734 0.523438 0.794922 0.523438 0.789062
0 0.796875 0.783203 0.792969 0.787109 0.792969 0.789062 0.791016 0.791016 0.791016 0.798828 0.796875 0.804688 0.800781 0.804688 0.806641 0.800781 0.806641 0.798828 0.808594 0.796875 0.808594 0.789062 0.802734 0.783203
0 0.470703 0.796875 0.468750 0.798828 0.470703 0.800781 0.472656 0.798828
0 0.482422 0.804688 0.480469 0.804688 0.478516 0.802734 0.476562 0.802734 0.472656 0.806641 0.472656 0.808594 0.468750 0.812500 0.468750 0.814453 0.466797 0.816406 0.470703 0.822266 0.474609 0.822266 0.476562 0.820312 0.478516 0.820312 0.484375 0.814453 0.484375 0.812500 0.486328 0.810547 0.486328 0.808594
0 0.531250 0.802734 0.529297 0.804688 0.529297 0.806641 0.531250 0.808594 0.533203 0.808594 0.535156 0.806641 0.535156 0.804688 0.533203 0.802734
1 0.642578 0.810547 0.630859 0.814453 0.640625 0.830078 0.632812 0.869141 0.628906 0.873047 0.617188 0.873047 0.605469 0.888672 0.605469 0.900391 0.613281 0.910156 0.623047 0.910156 0.634766 0.898438 0.636719 0.880859 0.650391 0.869141 0.650391 0.861328 0.664062 0.841797 0.664062 0.833984
0 0.335938 0.818359 0.326172 0.826172 0.328125 0.832031 0.335938 0.839844 0.337891 0.837891 0.341797 0.837891 0.347656 0.832031 0.345703 0.826172
0 0.394531 0.824219 0.388672 0.818359 0.386719 0.818359 0.382812 0.822266 0.380859 0.822266 0.376953 0.826172 0.378906 0.828125 0.380859 0.828125 0.382812 0.830078 0.386719 0.830078 0.388672 0.828125 0.392578 0.828125 0.394531 0.826172
0 0.523438 0.816406 0.519531 0.820312 0.519531 0.822266 0.523438 0.826172 0.527344 0.822266 0.527344 0.820312
0 0.662109 0.816406 0.660156 0.818359 0.664062 0.822266 0.666016 0.820312 0.666016 0.818359 0.664062 0.816406
0 0.906250 0.826172 0.902344 0.830078 0.898438 0.837891 0.898438 0.845703 0.902344 0.853516 0.908203 0.859375 0.916016 0.861328 0.929688 0.849609 0.929688 0.837891 0.917969 0.826172
0 0.570312 0.828125 0.539062 0.830078 0.527344 0.841797 0.529297 0.869141 0.542969 0.884766 0.564453 0.876953 0.576172 0.859375 0.576172 0.833984
0 0.681641 0.845703 0.675781 0.847656 0.671875 0.851562 0.671875 0.853516 0.669922 0.855469 0.669922 0.865234 0.673828 0.871094 0.679688 0.871094 0.685547 0.865234 0.685547 0.863281 0.687500 0.861328 0.687500 0.851562
0 0.841797 0.847656 0.837891 0.843750 0.833984 0.843750 0.828125 0.849609 0.832031 0.853516 0.835938 0.853516
0 0.738281 0.853516 0.732422 0.853516 0.726562 0.859375 0.726562 0.863281 0.734375 0.871094 0.736328 0.869141 0.738281 0.869141 0.742188 0.865234 0.742188 0.859375 0.740234 0.857422 0.740234 0.855469
0 0.906250 0.869141 0.900391 0.871094 0.890625 0.880859 0.890625 0.884766 0.894531 0.892578 0.900391 0.898438 0.906250 0.898438 0.910156 0.896484 0.916016 0.886719 0.916016 0.876953 0.910156 0.871094
0 0.974609 0.867188 0.970703 0.871094 0.970703 0.873047 0.972656 0.875000 0.972656 0.876953 0.974609 0.878906 0.978516 0.878906 0.980469 0.876953 0.980469 0.875000 0.982422 0.873047 0.976562 0.867188
1 0.794922 0.921875 0.785156 0.902344 0.779297 0.910156 0.789062 0.919922 0.777344 0.931641 0.718750 0.929688 0.716797 0.904297 0.697266 0.873047 0.707031 0.921875 0.701172 0.935547 0.683594 0.921875 0.611328 0.953125 0.591797 0.933594 0.564453 0.968750 0.541016 0.976562 0.480469 0.970703 0.412109 0.998047 0.548828 0.998047 0.572266 0.976562 0.587891 0.984375 0.601562 0.966797 0.644531 0.949219 0.658203 0.953125 0.644531 0.976562 0.652344 0.998047 0.666016 0.998047 0.693359 0.974609 0.712891 0.986328 0.689453 0.998047 0.734375 0.998047 0.755859 0.958984 0.791016 0.957031 0.783203 0.939453
1 0.736328 0.888672 0.730469 0.894531 0.730469 0.900391 0.738281 0.912109 0.738281 0.914062 0.736328 0.916016 0.740234 0.919922 0.742188 0.919922 0.746094 0.916016 0.746094 0.914062 0.740234 0.906250 0.742188 0.904297 0.742188 0.890625 0.740234 0.888672
0 0.792969 0.890625 0.789062 0.894531 0.792969 0.898438 0.796875 0.894531
0 0.810547 0.890625 0.806641 0.894531 0.810547 0.898438 0.814453 0.894531
0 0.951172 0.906250 0.949219 0.908203 0.953125 0.912109 0.955078 0.910156
0 0.984375 0.906250 0.982422 0.908203 0.982422 0.912109 0.984375 0.914062 0.984375 0.916016 0.986328 0.917969 0.986328 0.919922 0.992188 0.925781 0.996094 0.925781 0.998047 0.923828 0.998047 0.914062 0.992188 0.908203 0.990234 0.908203 0.988281 0.906250
0 0.917969 0.919922 0.916016 0.919922 0.914062 0.921875 0.914062 0.923828 0.916016 0.925781 0.919922 0.921875
0 0.843750 0.923828 0.841797 0.925781 0.843750 0.927734 0.845703 0.925781
1 0.998047 0.935547 0.996094 0.937500 0.996094 0.939453 0.988281 0.953125 0.988281 0.957031 0.990234 0.958984 0.990234 0.960938 0.998047 0.968750
0 0.886719 0.949219 0.878906 0.951172 0.871094 0.958984 0.871094 0.962891 0.880859 0.974609 0.880859 0.978516 0.882812 0.980469 0.880859 0.988281 0.882812 0.990234 0.888672 0.982422 0.886719 0.980469 0.888672 0.976562 0.888672 0.970703 0.896484 0.962891 0.894531 0.955078
1 0.929688 0.957031 0.925781 0.960938 0.925781 0.964844 0.935547 0.974609 0.937500 0.974609 0.939453 0.976562 0.941406 0.974609 0.941406 0.970703 0.939453 0.968750 0.939453 0.966797 0.937500 0.964844 0.937500 0.962891 0.931641 0.957031
0 0.515625 0.962891 0.513672 0.962891 0.511719 0.964844 0.511719 0.966797 0.513672 0.968750 0.517578 0.964844
0 0.820312 0.962891 0.812500 0.968750 0.812500 0.984375 0.818359 0.990234 0.824219 0.990234 0.830078 0.984375 0.830078 0.982422 0.832031 0.980469 0.832031 0.966797 0.826172 0.962891
0 0.757812 0.970703 0.759766 0.972656 0.763672 0.972656 0.767578 0.976562 0.767578 0.984375 0.773438 0.988281 0.787109 0.988281 0.792969 0.982422 0.792969 0.976562 0.791016 0.972656 0.783203 0.966797 0.775391 0.968750 0.771484 0.972656 0.767578 0.972656 0.761719 0.966797
0 0.916016 0.964844 0.914062 0.964844 0.900391 0.978516 0.900391 0.982422 0.906250 0.988281 0.910156 0.988281 0.921875 0.980469 0.921875 0.970703
0 0.955078 0.972656 0.955078 0.976562 0.957031 0.978516 0.957031 0.980469 0.958984 0.982422 0.958984 0.986328 0.960938 0.988281 0.962891 0.988281 0.964844 0.986328 0.966797 0.986328 0.968750 0.984375 0.970703 0.984375 0.972656 0.986328 0.976562 0.982422 0.974609 0.980469 0.972656 0.980469 0.970703 0.978516 0.964844 0.984375 0.960938 0.980469 0.960938 0.972656 0.958984 0.970703 0.957031 0.970703
0 0.859375 0.976562 0.857422 0.978516 0.855469 0.978516 0.853516 0.980469 0.853516 0.986328 0.851562 0.988281 0.855469 0.992188 0.857422 0.990234 0.859375 0.990234 0.861328 0.988281 0.861328 0.986328 0.863281 0.984375 0.863281 0.980469
0 0.998047 0.978516 0.994141 0.978516 0.990234 0.982422 0.990234 0.984375 0.984375 0.990234 0.984375 0.992188 0.982422 0.994141 0.982422 0.998047 0.998047 0.998047
0 0.626953 0.980469 0.623047 0.986328 0.623047 0.992188 0.621094 0.994141 0.621094 0.998047 0.634766 0.998047 0.632812 0.996094 0.632812 0.986328 0.634766 0.984375 0.632812 0.982422 0.630859 0.982422 0.628906 0.980469
0 0.763672 0.988281 0.761719 0.990234 0.761719 0.992188 0.763672 0.994141 0.765625 0.992188 0.765625 0.990234
