0 0.449219 0.050781 0.445312 0.054688 0.445312 0.056641 0.449219 0.060547 0.453125 0.060547 0.457031 0.056641 0.457031 0.054688 0.453125 0.050781
0 0.837891 0.097656 0.835938 0.099609 0.833984 0.099609 0.832031 0.101562 0.832031 0.105469 0.833984 0.107422 0.837891 0.107422 0.841797 0.103516 0.841797 0.101562
0 0.220703 0.117188 0.216797 0.121094 0.222656 0.126953 0.226562 0.123047 0.226562 0.121094 0.222656 0.117188
0 0.230469 0.128906 0.226562 0.132812 0.226562 0.134766 0.230469 0.138672 0.234375 0.138672 0.238281 0.134766 0.238281 0.132812 0.234375 0.128906
1 0.000000 0.191406 0.001953 0.294922 0.082031 0.177734 0.183594 0.189453 0.000000 0.306641 0.000000 0.357422 0.134766 0.255859 0.150391 0.384766 0.039062 0.349609 0.000000 0.396484 0.000000 0.585938 0.107422 0.578125 0.101562 0.748047 0.343750 0.998047 0.425781 0.970703 0.371094 0.906250 0.468750 0.966797 0.619141 0.812500 0.501953 0.798828 0.628906 0.789062 0.658203 0.681641 0.568359 0.623047 0.636719 0.738281 0.464844 0.748047 0.466797 0.634766 0.304688 0.591797 0.365234 0.691406 0.164062 0.703125 0.132812 0.646484 0.203125 0.591797 0.152344 0.617188 0.109375 0.550781 0.173828 0.507812 0.078125 0.525391 0.115234 0.470703 0.314453 0.464844 0.207031 0.505859 0.357422 0.572266 0.417969 0.419922 0.187500 0.425781 0.234375 0.380859 0.150391 0.248047 0.199219 0.152344
0 0.220703 0.150391 0.218750 0.150391 0.207031 0.160156 0.208984 0.162109 0.208984 0.164062 0.212891 0.167969 0.212891 0.173828 0.216797 0.177734 0.220703 0.177734 0.224609 0.173828 0.224609 0.171875 0.218750 0.166016 0.218750 0.162109 0.222656 0.158203 0.222656 0.152344
0 0.781250 0.158203 0.777344 0.158203 0.773438 0.162109 0.773438 0.166016 0.777344 0.169922 0.779297 0.169922 0.783203 0.166016 0.783203 0.160156
0 0.236328 0.160156 0.234375 0.162109 0.236328 0.164062 0.238281 0.162109
0 0.173828 0.185547 0.169922 0.181641 0.166016 0.185547 0.167969 0.187500 0.171875 0.187500
0 0.451172 0.181641 0.447266 0.181641 0.443359 0.185547 0.443359 0.189453 0.447266 0.193359 0.449219 0.193359 0.453125 0.189453 0.453125 0.183594
0 0.816406 0.189453 0.812500 0.189453 0.808594 0.193359 0.808594 0.195312 0.814453 0.201172 0.818359 0.197266 0.818359 0.191406
0 0.427734 0.193359 0.421875 0.199219 0.421875 0.205078 0.425781 0.210938 0.421875 0.224609 0.429688 0.234375 0.435547 0.234375 0.445312 0.226562 0.447266 0.218750 0.445312 0.214844 0.437500 0.208984 0.435547 0.205078 0.437500 0.203125 0.437500 0.199219 0.433594 0.195312 0.429688 0.195312
0 0.394531 0.203125 0.390625 0.207031 0.390625 0.208984 0.394531 0.212891 0.396484 0.212891 0.400391 0.208984 0.400391 0.207031 0.396484 0.203125
0 0.748047 0.207031 0.746094 0.207031 0.742188 0.210938 0.742188 0.218750 0.744141 0.220703 0.748047 0.216797 0.748047 0.214844 0.750000 0.212891 0.750000 0.208984
1 0.042969 0.226562 0.044922 0.228516 0.046875 0.228516 0.048828 0.226562 0.054688 0.226562 0.056641 0.224609 0.054688 0.222656 0.048828 0.222656 0.046875 0.224609 0.044922 0.224609
0 0.226562 0.222656 0.224609 0.224609 0.224609 0.226562 0.226562 0.228516 0.228516 0.228516 0.230469 0.226562
1 0.332031 0.228516 0.326172 0.222656 0.314453 0.234375 0.294922 0.234375 0.287109 0.244141 0.287109 0.253906 0.294922 0.261719 0.306641 0.259766 0.316406 0.250000 0.320312 0.242188 0.332031 0.232422
0 0.253906 0.259766 0.250000 0.263672 0.250000 0.265625 0.248047 0.267578 0.250000 0.269531 0.250000 0.271484 0.253906 0.275391 0.261719 0.275391 0.265625 0.271484 0.265625 0.269531 0.267578 0.267578 0.267578 0.265625 0.263672 0.259766
0 0.453125 0.257812 0.449219 0.261719 0.449219 0.263672 0.451172 0.265625 0.453125 0.265625 0.457031 0.261719
0 0.234375 0.265625 0.230469 0.269531 0.230469 0.273438 0.234375 0.277344 0.238281 0.273438 0.238281 0.269531
1 0.210938 0.269531 0.207031 0.273438 0.207031 0.283203 0.210938 0.287109 0.210938 0.296875 0.212891 0.300781 0.216797 0.302734 0.222656 0.308594 0.224609 0.314453 0.234375 0.322266 0.238281 0.322266 0.242188 0.326172 0.250000 0.326172 0.257812 0.330078 0.261719 0.333984 0.265625 0.333984 0.271484 0.328125 0.269531 0.322266 0.267578 0.320312 0.261719 0.320312 0.255859 0.316406 0.251953 0.316406 0.236328 0.304688 0.230469 0.302734 0.220703 0.291016 0.220703 0.287109 0.218750 0.285156 0.220703 0.283203 0.220703 0.279297 0.218750 0.275391 0.212891 0.269531
0 0.742188 0.269531 0.738281 0.269531 0.736328 0.271484 0.740234 0.275391 0.744141 0.271484
0 0.431641 0.275391 0.427734 0.275391 0.425781 0.273438 0.419922 0.273438 0.417969 0.275391 0.412109 0.277344 0.408203 0.281250 0.408203 0.287109 0.416016 0.294922 0.423828 0.294922 0.425781 0.292969 0.431641 0.291016 0.435547 0.285156 0.435547 0.281250
0 0.468750 0.279297 0.464844 0.283203 0.464844 0.292969 0.468750 0.298828 0.470703 0.298828 0.472656 0.300781 0.478516 0.300781 0.484375 0.294922 0.484375 0.291016 0.486328 0.289062 0.484375 0.287109 0.484375 0.285156 0.480469 0.281250 0.478516 0.281250 0.476562 0.279297
0 0.324219 0.281250 0.320312 0.285156 0.320312 0.298828 0.324219 0.302734 0.326172 0.302734 0.330078 0.298828 0.330078 0.285156 0.326172 0.281250
0 0.181641 0.294922 0.179688 0.294922 0.177734 0.296875 0.177734 0.298828 0.179688 0.300781 0.183594 0.296875
0 0.455078 0.300781 0.449219 0.302734 0.445312 0.306641 0.443359 0.306641 0.439453 0.310547 0.437500 0.310547 0.435547 0.312500 0.435547 0.318359 0.439453 0.322266 0.445312 0.322266 0.458984 0.308594 0.458984 0.304688
0 0.685547 0.302734 0.683594 0.304688 0.683594 0.306641 0.685547 0.308594 0.687500 0.308594 0.689453 0.306641 0.689453 0.304688 0.687500 0.302734
0 0.724609 0.300781 0.720703 0.304688 0.720703 0.308594 0.718750 0.310547 0.720703 0.312500 0.720703 0.314453 0.724609 0.318359 0.726562 0.318359 0.728516 0.320312 0.734375 0.316406 0.734375 0.306641 0.728516 0.300781
0 0.515625 0.314453 0.509766 0.320312 0.509766 0.324219 0.513672 0.328125 0.517578 0.328125 0.519531 0.326172 0.519531 0.324219 0.521484 0.322266 0.521484 0.320312
0 0.414062 0.324219 0.406250 0.332031 0.404297 0.337891 0.408203 0.349609 0.406250 0.357422 0.419922 0.367188 0.427734 0.367188 0.431641 0.363281 0.435547 0.365234 0.439453 0.363281 0.441406 0.365234 0.447266 0.355469 0.447266 0.349609 0.435547 0.339844 0.435547 0.333984 0.429688 0.326172 0.419922 0.322266
1 0.681641 0.320312 0.679688 0.322266 0.679688 0.337891 0.681641 0.339844 0.681641 0.341797 0.687500 0.347656 0.693359 0.341797 0.693359 0.339844 0.691406 0.337891 0.691406 0.335938 0.687500 0.332031 0.687500 0.322266 0.685547 0.320312
0 0.843750 0.320312 0.839844 0.324219 0.839844 0.332031 0.843750 0.335938 0.847656 0.335938 0.851562 0.332031 0.851562 0.326172 0.845703 0.320312
0 0.576172 0.359375 0.572266 0.363281 0.572266 0.367188 0.574219 0.369141 0.574219 0.371094 0.576172 0.373047 0.580078 0.373047 0.583984 0.369141 0.583984 0.363281 0.580078 0.359375
0 0.457031 0.365234 0.453125 0.365234 0.449219 0.369141 0.449219 0.371094 0.455078 0.376953 0.460938 0.371094 0.460938 0.369141
0 0.437500 0.373047 0.435547 0.373047 0.429688 0.378906 0.429688 0.388672 0.431641 0.390625 0.437500 0.390625 0.443359 0.384766 0.443359 0.380859 0.441406 0.378906 0.441406 0.376953
1 0.560547 0.380859 0.554688 0.386719 0.554688 0.388672 0.560547 0.394531 0.562500 0.392578 0.564453 0.394531 0.570312 0.394531 0.578125 0.402344 0.576172 0.404297 0.580078 0.408203 0.582031 0.408203 0.585938 0.404297 0.585938 0.400391 0.582031 0.396484 0.580078 0.396484 0.570312 0.384766
0 0.634766 0.378906 0.630859 0.382812 0.630859 0.384766 0.628906 0.386719 0.628906 0.388672 0.630859 0.390625 0.632812 0.390625 0.634766 0.392578 0.638672 0.388672 0.638672 0.382812
0 0.404297 0.392578 0.402344 0.394531 0.406250 0.398438 0.408203 0.396484 0.408203 0.394531 0.406250 0.392578
0 0.478516 0.404297 0.484375 0.410156 0.490234 0.410156 0.492188 0.408203 0.494141 0.408203 0.498047 0.404297 0.496094 0.402344 0.498047 0.400391 0.492188 0.396484 0.484375 0.396484 0.482422 0.398438 0.482422 0.400391
0 0.537109 0.396484 0.527344 0.396484 0.517578 0.404297 0.517578 0.416016 0.519531 0.417969 0.519531 0.421875 0.525391 0.427734 0.531250 0.427734 0.542969 0.416016 0.544922 0.412109 0.544922 0.402344
0 0.697266 0.394531 0.689453 0.398438 0.685547 0.398438 0.677734 0.406250 0.677734 0.410156 0.675781 0.412109 0.677734 0.414062 0.679688 0.423828 0.687500 0.431641 0.689453 0.429688 0.699219 0.431641 0.710938 0.421875 0.710938 0.417969 0.712891 0.416016 0.710938 0.404297 0.705078 0.398438
0 0.775391 0.398438 0.771484 0.398438 0.767578 0.402344 0.765625 0.400391 0.759766 0.406250 0.759766 0.408203 0.757812 0.410156 0.757812 0.412109 0.759766 0.414062 0.759766 0.417969 0.765625 0.423828 0.767578 0.423828 0.769531 0.425781 0.779297 0.421875 0.781250 0.419922 0.781250 0.414062 0.783203 0.412109 0.781250 0.406250
0 0.574219 0.414062 0.572266 0.412109 0.570312 0.414062 0.568359 0.412109 0.564453 0.416016 0.564453 0.417969 0.566406 0.419922 0.570312 0.419922 0.572266 0.417969 0.572266 0.416016
0 0.648438 0.431641 0.644531 0.431641 0.640625 0.435547 0.640625 0.437500 0.644531 0.441406 0.646484 0.441406 0.650391 0.437500 0.650391 0.433594
0 0.972656 0.445312 0.974609 0.447266 0.980469 0.447266 0.982422 0.445312 0.984375 0.445312 0.990234 0.439453 0.990234 0.437500 0.986328 0.433594 0.976562 0.433594 0.972656 0.437500
0 0.515625 0.437500 0.511719 0.441406 0.511719 0.447266 0.515625 0.451172 0.519531 0.451172 0.525391 0.445312 0.525391 0.443359 0.523438 0.441406 0.523438 0.439453 0.521484 0.437500
0 0.623047 0.451172 0.621094 0.453125 0.623047 0.455078 0.625000 0.455078 0.626953 0.453125 0.625000 0.451172
0 0.451172 0.462891 0.449219 0.464844 0.447266 0.464844 0.445312 0.466797 0.445312 0.470703 0.451172 0.476562 0.457031 0.470703 0.457031 0.468750
0 0.470703 0.468750 0.470703 0.474609 0.472656 0.476562 0.472656 0.478516 0.478516 0.484375 0.490234 0.484375 0.492188 0.482422 0.494141 0.482422 0.500000 0.474609 0.500000 0.468750 0.496094 0.464844 0.494141 0.464844 0.492188 0.462891 0.486328 0.462891 0.484375 0.460938 0.478516 0.460938
0 0.738281 0.480469 0.734375 0.484375 0.736328 0.486328 0.736328 0.488281 0.740234 0.492188 0.744141 0.492188 0.748047 0.488281 0.748047 0.484375 0.744141 0.480469
1 0.558594 0.498047 0.552734 0.492188 0.544922 0.492188 0.542969 0.490234 0.541016 0.492188 0.539062 0.490234 0.531250 0.498047 0.525391 0.500000 0.521484 0.503906 0.523438 0.505859 0.529297 0.503906 0.539062 0.509766 0.546875 0.509766 0.554688 0.505859
0 0.662109 0.492188 0.660156 0.492188 0.658203 0.494141 0.658203 0.496094 0.660156 0.498047 0.664062 0.494141
1 0.201172 0.505859 0.199219 0.503906 0.195312 0.503906 0.191406 0.507812 0.189453 0.505859 0.185547 0.505859 0.183594 0.507812 0.185547 0.509766 0.189453 0.509766 0.193359 0.505859 0.195312 0.507812 0.199219 0.507812
0 0.935547 0.503906 0.933594 0.505859 0.931641 0.505859 0.929688 0.507812 0.929688 0.515625 0.933594 0.519531 0.935547 0.519531 0.937500 0.521484 0.939453 0.519531 0.941406 0.519531 0.943359 0.517578 0.943359 0.515625 0.945312 0.513672 0.945312 0.511719 0.943359 0.509766 0.943359 0.507812 0.941406 0.505859 0.939453 0.505859 0.937500 0.503906
1 0.468750 0.511719 0.466797 0.513672 0.466797 0.525391 0.462891 0.533203 0.462891 0.539062 0.466797 0.542969 0.478516 0.548828 0.480469 0.544922 0.474609 0.537109 0.474609 0.521484 0.472656 0.519531 0.472656 0.515625
0 0.183594 0.519531 0.179688 0.523438 0.179688 0.527344 0.181641 0.529297 0.183594 0.529297 0.185547 0.531250 0.189453 0.527344 0.189453 0.523438 0.185547 0.519531
0 0.513672 0.521484 0.509766 0.527344 0.509766 0.535156 0.515625 0.541016 0.517578 0.541016 0.519531 0.542969 0.523438 0.542969 0.529297 0.537109 0.529297 0.535156 0.531250 0.533203 0.523438 0.523438 0.521484 0.523438 0.519531 0.521484
0 0.978516 0.525391 0.976562 0.527344 0.976562 0.529297 0.974609 0.531250 0.974609 0.533203 0.980469 0.539062 0.984375 0.539062 0.990234 0.533203 0.990234 0.531250 0.988281 0.529297 0.988281 0.527344 0.986328 0.525391
1 0.273438 0.537109 0.271484 0.535156 0.267578 0.539062 0.265625 0.539062 0.248047 0.554688 0.246094 0.554688 0.244141 0.556641 0.240234 0.556641 0.238281 0.558594 0.224609 0.558594 0.220703 0.562500 0.220703 0.564453 0.222656 0.566406 0.224609 0.564453 0.230469 0.564453 0.232422 0.562500 0.238281 0.562500 0.240234 0.560547 0.244141 0.560547 0.246094 0.558594 0.248047 0.558594 0.253906 0.552734 0.259766 0.550781
0 0.414062 0.535156 0.410156 0.539062 0.410156 0.544922 0.412109 0.546875 0.414062 0.546875 0.416016 0.544922 0.416016 0.542969 0.417969 0.541016 0.417969 0.539062
0 0.673828 0.537109 0.671875 0.539062 0.673828 0.541016 0.675781 0.541016 0.677734 0.539062 0.675781 0.537109
0 0.625000 0.548828 0.623047 0.550781 0.623047 0.552734 0.625000 0.554688 0.625000 0.556641 0.628906 0.560547 0.632812 0.556641 0.632812 0.554688 0.630859 0.552734 0.630859 0.550781 0.628906 0.548828
0 0.435547 0.560547 0.437500 0.562500 0.437500 0.564453 0.439453 0.566406 0.445312 0.566406 0.447266 0.568359 0.449219 0.568359 0.453125 0.564453 0.453125 0.562500 0.451172 0.560547 0.449219 0.560547 0.445312 0.556641 0.439453 0.556641
0 0.505859 0.556641 0.503906 0.556641 0.500000 0.560547 0.500000 0.562500 0.501953 0.564453 0.505859 0.564453 0.507812 0.562500 0.507812 0.558594
0 0.849609 0.556641 0.847656 0.558594 0.847656 0.560547 0.849609 0.562500 0.851562 0.562500 0.853516 0.560547 0.853516 0.558594 0.851562 0.556641
1 0.392578 0.566406 0.388672 0.570312 0.388672 0.574219 0.382812 0.580078 0.382812 0.589844 0.386719 0.593750 0.390625 0.593750 0.396484 0.587891 0.396484 0.582031 0.392578 0.576172 0.392578 0.574219 0.394531 0.572266 0.394531 0.568359
0 0.734375 0.566406 0.732422 0.566406 0.726562 0.572266 0.726562 0.576172 0.730469 0.580078 0.732422 0.580078 0.738281 0.574219 0.738281 0.570312
0 0.615234 0.576172 0.611328 0.580078 0.611328 0.582031 0.613281 0.583984 0.615234 0.583984 0.617188 0.582031 0.615234 0.580078 0.617188 0.578125
0 0.847656 0.578125 0.843750 0.582031 0.843750 0.587891 0.849609 0.593750 0.853516 0.593750 0.857422 0.589844 0.857422 0.585938 0.855469 0.583984 0.855469 0.582031 0.853516 0.580078 0.851562 0.580078 0.849609 0.578125
0 0.470703 0.582031 0.468750 0.582031 0.464844 0.585938 0.464844 0.587891 0.466797 0.589844 0.466797 0.591797 0.468750 0.593750 0.476562 0.585938 0.474609 0.583984 0.472656 0.583984
0 0.468750 0.599609 0.466797 0.601562 0.468750 0.603516 0.470703 0.601562
1 0.513672 0.603516 0.509766 0.603516 0.505859 0.607422 0.503906 0.615234 0.498047 0.621094 0.501953 0.636719 0.496094 0.642578 0.492188 0.652344 0.494141 0.658203 0.498047 0.658203 0.505859 0.648438 0.503906 0.642578 0.507812 0.638672 0.515625 0.642578 0.519531 0.638672 0.519531 0.628906 0.527344 0.613281
0 0.722656 0.603516 0.720703 0.605469 0.720703 0.607422 0.722656 0.609375 0.724609 0.609375 0.726562 0.607422 0.726562 0.605469 0.724609 0.603516
0 0.550781 0.628906 0.548828 0.628906 0.542969 0.634766 0.546875 0.638672 0.550781 0.634766 0.550781 0.632812 0.552734 0.630859
0 0.685547 0.630859 0.683594 0.632812 0.683594 0.634766 0.685547 0.636719 0.687500 0.636719 0.689453 0.634766 0.689453 0.632812 0.687500 0.630859
0 0.210938 0.642578 0.208984 0.644531 0.210938 0.646484 0.212891 0.644531
0 0.529297 0.644531 0.527344 0.646484 0.527344 0.648438 0.529297 0.650391 0.531250 0.648438 0.531250 0.646484
0 0.222656 0.650391 0.220703 0.652344 0.222656 0.654297 0.224609 0.652344
0 0.779297 0.650391 0.777344 0.652344 0.779297 0.654297 0.781250 0.652344
0 0.742188 0.658203 0.740234 0.660156 0.742188 0.662109 0.744141 0.660156
0 0.867188 0.656250 0.859375 0.656250 0.857422 0.658203 0.855469 0.658203 0.851562 0.662109 0.851562 0.669922 0.857422 0.675781 0.861328 0.675781 0.863281 0.673828 0.865234 0.673828 0.869141 0.669922 0.869141 0.667969 0.871094 0.666016 0.871094 0.660156
0 0.724609 0.667969 0.720703 0.671875 0.720703 0.675781 0.724609 0.679688 0.726562 0.679688 0.728516 0.677734 0.728516 0.671875
0 0.468750 0.687500 0.466797 0.689453 0.468750 0.691406 0.470703 0.689453
0 0.945312 0.689453 0.941406 0.693359 0.943359 0.695312 0.945312 0.695312 0.947266 0.693359 0.947266 0.691406
0 0.906250 0.697266 0.904297 0.699219 0.902344 0.699219 0.900391 0.701172 0.900391 0.707031 0.906250 0.712891 0.908203 0.712891 0.914062 0.707031 0.914062 0.703125 0.910156 0.699219 0.908203 0.699219
0 0.607422 0.703125 0.595703 0.714844 0.599609 0.718750 0.605469 0.712891 0.613281 0.720703 0.615234 0.718750 0.617188 0.712891 0.615234 0.710938 0.615234 0.708984 0.609375 0.703125
0 0.689453 0.703125 0.687500 0.705078 0.689453 0.707031 0.691406 0.707031 0.693359 0.705078 0.691406 0.703125
0 0.699219 0.712891 0.695312 0.716797 0.697266 0.718750 0.697266 0.720703 0.703125 0.726562 0.705078 0.724609 0.703125 0.722656 0.705078 0.720703 0.705078 0.716797 0.701172 0.712891
0 0.886719 0.714844 0.884766 0.716797 0.886719 0.718750 0.888672 0.716797
0 0.910156 0.718750 0.906250 0.722656 0.906250 0.726562 0.910156 0.730469 0.912109 0.730469 0.914062 0.732422 0.917969 0.728516 0.917969 0.722656 0.916016 0.720703 0.914062 0.720703 0.912109 0.718750
1 0.693359 0.736328 0.691406 0.734375 0.683594 0.734375 0.681641 0.732422 0.673828 0.740234 0.673828 0.746094 0.675781 0.748047 0.677734 0.748047 0.683594 0.742188 0.685547 0.742188 0.689453 0.738281 0.691406 0.738281
0 0.769531 0.740234 0.763672 0.740234 0.759766 0.744141 0.759766 0.750000 0.765625 0.755859 0.773438 0.748047 0.773438 0.744141
0 0.869141 0.748047 0.867188 0.750000 0.867188 0.751953 0.865234 0.753906 0.869141 0.757812 0.873047 0.757812 0.875000 0.755859 0.875000 0.751953 0.871094 0.748047
1 0.712891 0.751953 0.703125 0.751953 0.697266 0.757812 0.697266 0.769531 0.705078 0.775391 0.691406 0.791016 0.691406 0.804688 0.695312 0.808594 0.697266 0.820312 0.703125 0.826172 0.712891 0.822266 0.716797 0.814453 0.714844 0.792969 0.726562 0.779297 0.726562 0.773438
0 0.685547 0.763672 0.681641 0.763672 0.679688 0.765625 0.679688 0.767578 0.681641 0.769531 0.683594 0.769531 0.687500 0.765625
0 0.917969 0.771484 0.916016 0.771484 0.914062 0.769531 0.912109 0.771484 0.906250 0.771484 0.902344 0.775391 0.900391 0.781250 0.906250 0.787109 0.914062 0.787109 0.917969 0.783203 0.919922 0.783203 0.921875 0.781250 0.921875 0.777344
0 0.851562 0.775391 0.849609 0.777344 0.849609 0.779297 0.851562 0.781250 0.853516 0.781250 0.855469 0.779297 0.855469 0.777344 0.853516 0.775391
0 0.931641 0.783203 0.927734 0.783203 0.921875 0.789062 0.923828 0.791016 0.923828 0.794922 0.925781 0.796875 0.929688 0.796875 0.931641 0.794922 0.933594 0.794922 0.937500 0.791016 0.937500 0.789062
0 0.800781 0.802734 0.798828 0.804688 0.798828 0.806641 0.800781 0.808594 0.800781 0.810547 0.802734 0.812500 0.804688 0.812500 0.808594 0.808594 0.808594 0.806641 0.804688 0.802734
0 0.662109 0.804688 0.660156 0.804688 0.658203 0.806641 0.658203 0.808594 0.660156 0.810547 0.664062 0.806641
0 0.769531 0.810547 0.763672 0.816406 0.763672 0.818359 0.761719 0.820312 0.765625 0.826172 0.767578 0.826172 0.771484 0.830078 0.775391 0.830078 0.781250 0.824219 0.781250 0.816406 0.779297 0.814453 0.777344 0.814453 0.773438 0.810547
0 0.378906 0.816406 0.375000 0.820312 0.380859 0.826172 0.382812 0.826172 0.386719 0.822266 0.380859 0.816406
0 0.892578 0.816406 0.888672 0.820312 0.888672 0.822266 0.890625 0.824219 0.892578 0.824219 0.894531 0.826172 0.896484 0.824219 0.896484 0.822266 0.898438 0.820312 0.894531 0.816406
0 0.970703 0.822266 0.966797 0.826172 0.968750 0.828125 0.970703 0.828125 0.972656 0.826172 0.972656 0.824219
0 0.855469 0.824219 0.853516 0.824219 0.851562 0.826172 0.849609 0.826172 0.847656 0.828125 0.847656 0.830078 0.845703 0.832031 0.845703 0.833984 0.847656 0.835938 0.849609 0.835938 0.851562 0.837891 0.853516 0.835938 0.855469 0.835938 0.859375 0.832031 0.859375 0.828125
0 0.650391 0.833984 0.642578 0.841797 0.642578 0.853516 0.652344 0.861328 0.652344 0.875000 0.654297 0.876953 0.660156 0.876953 0.671875 0.867188 0.673828 0.863281 0.673828 0.855469 0.654297 0.833984
0 0.841797 0.853516 0.837891 0.857422 0.835938 0.857422 0.833984 0.859375 0.833984 0.867188 0.839844 0.873047 0.841797 0.873047 0.843750 0.875000 0.847656 0.875000 0.851562 0.871094 0.851562 0.859375 0.845703 0.853516
0 0.593750 0.861328 0.589844 0.865234 0.589844 0.867188 0.593750 0.871094 0.597656 0.867188 0.597656 0.865234
0 0.871094 0.863281 0.869141 0.865234 0.871094 0.867188 0.873047 0.865234
0 0.437500 0.875000 0.435547 0.876953 0.435547 0.880859 0.439453 0.884766 0.441406 0.882812 0.441406 0.876953 0.439453 0.875000
1 0.556641 0.876953 0.552734 0.880859 0.552734 0.890625 0.554688 0.892578 0.554688 0.894531 0.560547 0.900391 0.560547 0.902344 0.558594 0.904297 0.558594 0.908203 0.560547 0.910156 0.562500 0.908203 0.562500 0.904297 0.560547 0.902344 0.560547 0.900391 0.566406 0.892578 0.566406 0.884766 0.560547 0.876953
1 0.998047 0.875000 0.994141 0.882812 0.994141 0.890625 0.980469 0.900391 0.980469 0.912109 0.982422 0.916016 0.992188 0.923828 0.994141 0.921875 0.998047 0.921875
0 0.703125 0.882812 0.703125 0.896484 0.699219 0.902344 0.699219 0.908203 0.712891 0.919922 0.722656 0.919922 0.734375 0.908203 0.744141 0.904297 0.742188 0.892578 0.732422 0.882812 0.728516 0.882812 0.718750 0.892578 0.710938 0.878906 0.707031 0.878906
0 0.880859 0.886719 0.878906 0.888672 0.878906 0.890625 0.880859 0.892578 0.882812 0.892578 0.884766 0.894531 0.888672 0.890625 0.888672 0.888672 0.886719 0.886719
0 0.898438 0.890625 0.896484 0.892578 0.894531 0.892578 0.892578 0.894531 0.892578 0.900391 0.896484 0.904297 0.902344 0.904297 0.906250 0.900391 0.904297 0.898438 0.904297 0.894531 0.900391 0.890625
1 0.753906 0.898438 0.753906 0.904297 0.751953 0.906250 0.755859 0.910156 0.759766 0.910156 0.763672 0.906250 0.765625 0.906250 0.769531 0.910156 0.769531 0.912109 0.777344 0.917969 0.783203 0.912109 0.783203 0.906250 0.779297 0.902344 0.773438 0.902344 0.769531 0.904297 0.765625 0.900391 0.765625 0.898438 0.759766 0.894531
0 0.806641 0.902344 0.804688 0.902344 0.802734 0.904297 0.802734 0.908203 0.804688 0.910156 0.808594 0.906250 0.808594 0.904297
0 0.863281 0.912109 0.859375 0.916016 0.859375 0.919922 0.861328 0.921875 0.867188 0.921875 0.871094 0.917969 0.871094 0.916016 0.867188 0.912109
0 0.746094 0.919922 0.744141 0.921875 0.744141 0.923828 0.742188 0.925781 0.742188 0.929688 0.746094 0.933594 0.750000 0.933594 0.753906 0.929688 0.753906 0.923828 0.750000 0.919922
0 0.945312 0.917969 0.943359 0.919922 0.943359 0.923828 0.945312 0.925781 0.947266 0.925781 0.949219 0.923828 0.949219 0.919922 0.947266 0.917969
0 0.847656 0.921875 0.845703 0.921875 0.839844 0.927734 0.839844 0.935547 0.843750 0.939453 0.847656 0.939453 0.849609 0.937500 0.851562 0.937500 0.853516 0.935547 0.853516 0.927734
0 0.726562 0.939453 0.724609 0.941406 0.724609 0.945312 0.726562 0.947266 0.714844 0.957031 0.714844 0.960938 0.716797 0.962891 0.716797 0.964844 0.720703 0.968750 0.724609 0.968750 0.726562 0.970703 0.730469 0.966797 0.730469 0.962891 0.732422 0.960938 0.732422 0.957031 0.724609 0.949219 0.730469 0.943359
0 0.763672 0.941406 0.773438 0.951172 0.779297 0.951172 0.781250 0.949219 0.781250 0.945312 0.779297 0.943359 0.777344 0.943359 0.775391 0.941406 0.771484 0.941406 0.769531 0.939453 0.765625 0.939453
0 0.544922 0.943359 0.542969 0.943359 0.541016 0.941406 0.535156 0.941406 0.533203 0.943359 0.531250 0.943359 0.525391 0.949219 0.525391 0.955078 0.531250 0.960938 0.537109 0.960938 0.539062 0.958984 0.542969 0.958984 0.546875 0.955078 0.546875 0.953125 0.548828 0.951172 0.548828 0.949219
0 0.634766 0.976562 0.630859 0.972656 0.623047 0.970703 0.601562 0.984375 0.603516 0.986328 0.603516 0.998047 0.628906 0.998047 0.636719 0.990234 0.636719 0.980469
0 0.753906 0.982422 0.748047 0.978516 0.742188 0.978516 0.740234 0.976562 0.736328 0.980469 0.732422 0.980469 0.724609 0.992188 0.724609 0.998047 0.753906 0.998047
0 0.587891 0.986328 0.585938 0.986328 0.583984 0.988281 0.583984 0.990234 0.585938 0.992188 0.589844 0.988281
