1 0.000000 0.228516 0.000000 0.359375 0.029297 0.355469 0.000000 0.392578 0.000000 0.466797 0.044922 0.507812 0.023438 0.626953 0.093750 0.685547 0.214844 0.648438 0.277344 0.660156 0.281250 0.738281 0.222656 0.791016 0.164062 0.791016 0.156250 0.832031 0.179688 0.849609 0.228516 0.820312 0.253906 0.845703 0.234375 0.945312 0.253906 0.998047 0.287109 0.998047 0.275391 0.953125 0.306641 0.939453 0.273438 0.917969 0.279297 0.843750 0.246094 0.802734 0.287109 0.759766 0.335938 0.769531 0.447266 0.708984 0.458984 0.671875 0.394531 0.718750 0.419922 0.671875 0.388672 0.597656 0.402344 0.568359 0.488281 0.564453 0.437500 0.542969 0.402344 0.562500 0.386719 0.525391 0.419922 0.542969 0.410156 0.515625 0.441406 0.513672 0.328125 0.462891 0.228516 0.566406 0.175781 0.546875 0.121094 0.476562 0.042969 0.458984 0.060547 0.304688
0 0.750000 0.328125 0.746094 0.328125 0.742188 0.332031 0.742188 0.333984 0.746094 0.337891 0.748047 0.337891 0.751953 0.333984 0.751953 0.330078
0 0.947266 0.335938 0.943359 0.339844 0.943359 0.341797 0.947266 0.345703 0.949219 0.345703 0.951172 0.343750 0.951172 0.337891 0.949219 0.335938
0 0.576172 0.351562 0.574219 0.353516 0.574219 0.355469 0.576172 0.357422 0.578125 0.355469 0.578125 0.353516
0 0.607422 0.355469 0.603516 0.359375 0.607422 0.363281 0.611328 0.359375
0 0.703125 0.359375 0.699219 0.363281 0.699219 0.367188 0.703125 0.371094 0.705078 0.371094 0.707031 0.373047 0.712891 0.373047 0.716797 0.369141 0.716797 0.365234 0.712891 0.361328 0.710938 0.361328 0.708984 0.359375
0 0.732422 0.384766 0.730469 0.386719 0.730469 0.388672 0.732422 0.390625 0.734375 0.388672 0.734375 0.386719
0 0.597656 0.394531 0.595703 0.396484 0.595703 0.400391 0.597656 0.402344 0.599609 0.402344 0.603516 0.398438 0.599609 0.394531
0 0.833984 0.402344 0.824219 0.402344 0.820312 0.406250 0.820312 0.410156 0.818359 0.412109 0.824219 0.417969 0.828125 0.417969 0.830078 0.416016 0.832031 0.416016 0.835938 0.410156 0.835938 0.404297
0 0.896484 0.402344 0.892578 0.406250 0.892578 0.408203 0.894531 0.410156 0.898438 0.410156 0.900391 0.408203 0.900391 0.406250
0 0.503906 0.406250 0.500000 0.410156 0.500000 0.414062 0.501953 0.416016 0.505859 0.416016 0.509766 0.412109
0 0.474609 0.425781 0.472656 0.427734 0.474609 0.429688 0.476562 0.427734
0 0.511719 0.431641 0.509766 0.431641 0.507812 0.433594 0.507812 0.435547 0.509766 0.437500 0.513672 0.433594
0 0.078125 0.435547 0.076172 0.437500 0.076172 0.445312 0.080078 0.449219 0.082031 0.449219 0.083984 0.447266 0.083984 0.437500 0.082031 0.435547
0 0.703125 0.451172 0.705078 0.457031 0.714844 0.466797 0.724609 0.466797 0.728516 0.460938 0.728516 0.458984 0.726562 0.457031 0.726562 0.453125 0.724609 0.451172 0.720703 0.451172 0.718750 0.449219 0.714844 0.449219 0.712891 0.447266 0.707031 0.447266
0 0.859375 0.455078 0.855469 0.458984 0.857422 0.460938 0.859375 0.460938 0.861328 0.458984 0.861328 0.457031
0 0.603516 0.466797 0.601562 0.468750 0.601562 0.470703 0.605469 0.474609 0.607422 0.472656 0.607422 0.468750 0.605469 0.466797
0 0.662109 0.468750 0.658203 0.472656 0.662109 0.476562 0.666016 0.472656
0 0.691406 0.472656 0.689453 0.474609 0.689453 0.476562 0.691406 0.478516 0.693359 0.476562 0.693359 0.474609
0 0.904297 0.476562 0.902344 0.476562 0.898438 0.480469 0.902344 0.484375 0.906250 0.480469 0.906250 0.478516
0 0.873047 0.480469 0.869141 0.480469 0.867188 0.482422 0.867188 0.484375 0.871094 0.488281 0.875000 0.484375 0.875000 0.482422
0 0.740234 0.486328 0.738281 0.486328 0.734375 0.490234 0.734375 0.494141 0.738281 0.498047 0.744141 0.492188 0.744141 0.490234
0 0.779297 0.492188 0.777344 0.494141 0.781250 0.498047 0.783203 0.496094 0.783203 0.494141 0.781250 0.492188
0 0.310547 0.501953 0.308594 0.503906 0.310547 0.505859 0.308594 0.507812 0.310547 0.509766 0.314453 0.505859
0 0.542969 0.517578 0.544922 0.523438 0.548828 0.527344 0.552734 0.527344 0.554688 0.529297 0.566406 0.529297 0.572266 0.521484 0.570312 0.519531 0.570312 0.515625 0.560547 0.505859 0.556641 0.505859 0.552734 0.509766 0.550781 0.509766
0 0.197266 0.511719 0.195312 0.513672 0.193359 0.513672 0.187500 0.521484 0.187500 0.533203 0.195312 0.541016 0.201172 0.541016 0.208984 0.533203 0.208984 0.523438 0.207031 0.521484 0.207031 0.517578 0.201172 0.511719
0 0.326172 0.513672 0.318359 0.513672 0.316406 0.515625 0.318359 0.517578 0.316406 0.519531 0.316406 0.523438 0.320312 0.527344 0.322266 0.527344 0.324219 0.525391 0.326172 0.525391 0.328125 0.523438 0.328125 0.521484 0.330078 0.519531 0.330078 0.517578
0 0.228516 0.531250 0.226562 0.533203 0.226562 0.535156 0.224609 0.537109 0.224609 0.539062 0.228516 0.542969 0.232422 0.539062 0.232422 0.537109 0.230469 0.535156 0.230469 0.533203
0 0.287109 0.537109 0.283203 0.541016 0.285156 0.542969 0.283203 0.544922 0.283203 0.546875 0.273438 0.554688 0.273438 0.558594 0.279297 0.564453 0.283203 0.564453 0.289062 0.560547 0.289062 0.550781 0.291016 0.548828 0.291016 0.541016
0 0.867188 0.535156 0.865234 0.537109 0.865234 0.542969 0.867188 0.544922 0.869141 0.544922 0.871094 0.542969 0.871094 0.537109 0.869141 0.535156
1 0.107422 0.554688 0.105469 0.552734 0.101562 0.556641 0.099609 0.556641 0.097656 0.558594 0.099609 0.560547 0.103516 0.556641 0.105469 0.556641
0 0.884766 0.552734 0.878906 0.552734 0.875000 0.556641 0.875000 0.558594 0.873047 0.560547 0.873047 0.568359 0.878906 0.574219 0.880859 0.574219 0.888672 0.566406 0.888672 0.556641
0 0.347656 0.572266 0.343750 0.568359 0.339844 0.572266 0.341797 0.574219 0.345703 0.574219
0 0.451172 0.566406 0.449219 0.568359 0.449219 0.572266 0.451172 0.574219 0.453125 0.574219 0.455078 0.572266 0.455078 0.568359 0.453125 0.566406
0 0.501953 0.578125 0.500000 0.580078 0.498047 0.578125 0.488281 0.587891 0.478516 0.587891 0.476562 0.585938 0.470703 0.585938 0.468750 0.587891 0.468750 0.589844 0.474609 0.595703 0.476562 0.593750 0.482422 0.599609 0.488281 0.593750 0.494141 0.591797 0.498047 0.595703 0.498047 0.601562 0.505859 0.607422 0.505859 0.613281 0.501953 0.617188 0.498047 0.626953 0.488281 0.636719 0.490234 0.638672 0.494141 0.638672 0.500000 0.632812 0.501953 0.632812 0.509766 0.623047 0.513672 0.625000 0.515625 0.623047 0.513672 0.621094 0.517578 0.617188 0.517578 0.603516 0.521484 0.599609 0.521484 0.595703 0.517578 0.593750
0 0.705078 0.595703 0.703125 0.597656 0.705078 0.599609 0.707031 0.597656
1 0.281250 0.599609 0.271484 0.609375 0.271484 0.611328 0.273438 0.613281 0.277344 0.613281 0.281250 0.609375 0.281250 0.607422 0.285156 0.603516
0 0.748047 0.599609 0.746094 0.601562 0.746094 0.609375 0.748047 0.611328 0.753906 0.611328 0.757812 0.607422 0.755859 0.605469 0.755859 0.603516 0.751953 0.599609
0 0.818359 0.599609 0.816406 0.601562 0.816406 0.603516 0.820312 0.607422 0.824219 0.607422 0.826172 0.605469 0.826172 0.603516 0.822266 0.599609
1 0.679688 0.609375 0.677734 0.607422 0.673828 0.607422 0.669922 0.611328 0.666016 0.611328 0.664062 0.613281 0.667969 0.617188 0.669922 0.615234 0.673828 0.615234 0.675781 0.613281 0.677734 0.613281 0.679688 0.611328
0 0.484375 0.613281 0.482422 0.615234 0.482422 0.625000 0.484375 0.626953 0.486328 0.626953 0.490234 0.623047 0.490234 0.617188 0.486328 0.613281
0 0.609375 0.623047 0.605469 0.626953 0.605469 0.628906 0.609375 0.632812 0.611328 0.632812 0.613281 0.630859 0.613281 0.628906 0.615234 0.626953 0.611328 0.623047
0 0.673828 0.654297 0.671875 0.656250 0.671875 0.660156 0.673828 0.662109 0.675781 0.662109 0.677734 0.660156 0.677734 0.656250 0.675781 0.654297
0 0.626953 0.667969 0.625000 0.667969 0.619141 0.673828 0.623047 0.677734 0.625000 0.675781 0.626953 0.675781 0.628906 0.673828 0.628906 0.669922
0 0.738281 0.681641 0.734375 0.677734 0.730469 0.681641 0.732422 0.683594 0.736328 0.683594
1 0.650391 0.691406 0.636719 0.687500 0.630859 0.693359 0.630859 0.701172 0.646484 0.722656 0.636719 0.744141 0.599609 0.742188 0.574219 0.726562 0.560547 0.742188 0.541016 0.742188 0.558594 0.757812 0.550781 0.769531 0.556641 0.792969 0.537109 0.806641 0.544922 0.824219 0.535156 0.832031 0.544922 0.837891 0.552734 0.822266 0.568359 0.824219 0.585938 0.810547 0.593750 0.814453 0.595703 0.826172 0.601562 0.822266 0.589844 0.771484 0.595703 0.759766 0.617188 0.773438 0.638672 0.763672 0.646484 0.753906 0.658203 0.751953 0.671875 0.738281 0.675781 0.722656
0 0.718750 0.687500 0.714844 0.691406 0.718750 0.695312 0.722656 0.691406
0 0.884766 0.695312 0.884766 0.697266 0.886719 0.699219 0.886719 0.701172 0.888672 0.703125 0.894531 0.703125 0.896484 0.701172 0.898438 0.701172 0.902344 0.697266 0.902344 0.695312 0.898438 0.691406 0.888672 0.691406
0 0.587891 0.699219 0.585938 0.701172 0.587891 0.703125 0.589844 0.703125 0.591797 0.701172 0.589844 0.699219
0 0.964844 0.705078 0.962891 0.707031 0.962891 0.710938 0.968750 0.718750 0.968750 0.728516 0.970703 0.730469 0.968750 0.732422 0.970703 0.734375 0.974609 0.730469 0.976562 0.730469 0.982422 0.722656 0.976562 0.716797 0.974609 0.716797 0.970703 0.712891 0.970703 0.708984 0.966797 0.705078
0 0.181641 0.714844 0.179688 0.714844 0.175781 0.718750 0.179688 0.722656 0.183594 0.718750 0.183594 0.716797
0 0.599609 0.720703 0.597656 0.722656 0.599609 0.724609 0.601562 0.722656
0 0.232422 0.722656 0.230469 0.724609 0.232422 0.726562 0.234375 0.724609
0 0.220703 0.726562 0.216797 0.730469 0.216797 0.734375 0.218750 0.736328 0.220703 0.736328 0.224609 0.732422 0.224609 0.730469
0 0.445312 0.746094 0.441406 0.746094 0.437500 0.750000 0.437500 0.753906 0.441406 0.757812 0.443359 0.755859 0.445312 0.755859 0.447266 0.753906 0.447266 0.751953 0.449219 0.750000
0 0.513672 0.751953 0.511719 0.753906 0.513672 0.755859 0.515625 0.755859 0.517578 0.753906 0.515625 0.751953
0 0.685547 0.750000 0.681641 0.753906 0.685547 0.757812 0.687500 0.757812 0.689453 0.755859 0.689453 0.751953 0.687500 0.750000
0 0.904297 0.750000 0.898438 0.755859 0.898438 0.757812 0.904297 0.763672 0.906250 0.763672 0.912109 0.757812 0.912109 0.755859 0.906250 0.750000
1 0.736328 0.767578 0.730469 0.761719 0.712891 0.769531 0.689453 0.763672 0.679688 0.787109 0.658203 0.787109 0.628906 0.777344 0.621094 0.781250 0.617188 0.791016 0.644531 0.812500 0.677734 0.798828 0.691406 0.808594 0.726562 0.798828 0.734375 0.789062
0 0.472656 0.773438 0.470703 0.775391 0.472656 0.777344 0.474609 0.777344 0.476562 0.775391 0.474609 0.773438
0 0.501953 0.781250 0.498047 0.785156 0.501953 0.789062 0.505859 0.785156
0 0.527344 0.789062 0.527344 0.791016 0.529297 0.792969 0.539062 0.792969 0.541016 0.791016 0.537109 0.787109 0.533203 0.787109 0.531250 0.785156
0 0.783203 0.806641 0.785156 0.808594 0.785156 0.810547 0.789062 0.814453 0.796875 0.814453 0.798828 0.812500 0.800781 0.812500 0.802734 0.810547 0.802734 0.806641 0.798828 0.802734 0.796875 0.802734 0.794922 0.800781 0.789062 0.800781
0 0.919922 0.806641 0.917969 0.808594 0.917969 0.810547 0.919922 0.812500 0.921875 0.810547 0.921875 0.808594
0 0.458984 0.808594 0.447266 0.812500 0.441406 0.826172 0.460938 0.847656 0.478516 0.845703 0.488281 0.853516 0.498047 0.876953 0.490234 0.892578 0.509766 0.894531 0.525391 0.882812 0.541016 0.896484 0.496094 0.925781 0.480469 0.912109 0.470703 0.927734 0.451172 0.935547 0.431641 0.927734 0.421875 0.939453 0.408203 0.929688 0.371094 0.937500 0.423828 0.974609 0.468750 0.958984 0.480469 0.947266 0.488281 0.957031 0.515625 0.947266 0.525391 0.929688 0.560547 0.912109 0.556641 0.876953 0.525391 0.855469 0.519531 0.837891 0.513672 0.833984 0.503906 0.845703 0.476562 0.816406
0 0.291016 0.812500 0.289062 0.814453 0.291016 0.816406 0.292969 0.814453
0 0.832031 0.814453 0.826172 0.820312 0.826172 0.824219 0.832031 0.830078 0.835938 0.830078 0.837891 0.828125 0.839844 0.828125 0.841797 0.826172 0.841797 0.818359 0.839844 0.816406 0.837891 0.816406 0.835938 0.814453
0 0.652344 0.818359 0.648438 0.822266 0.648438 0.826172 0.646484 0.828125 0.652344 0.833984 0.656250 0.833984 0.660156 0.830078 0.660156 0.824219 0.654297 0.818359
0 0.771484 0.816406 0.767578 0.820312 0.767578 0.822266 0.769531 0.824219 0.769531 0.826172 0.771484 0.828125 0.773438 0.828125 0.777344 0.824219 0.777344 0.822266 0.775391 0.820312 0.775391 0.818359 0.773438 0.816406
0 0.748047 0.826172 0.744141 0.822266 0.738281 0.826172 0.740234 0.835938 0.734375 0.841797 0.718750 0.839844 0.710938 0.843750 0.701172 0.839844 0.691406 0.851562 0.667969 0.843750 0.664062 0.845703 0.658203 0.859375 0.667969 0.880859 0.675781 0.886719 0.695312 0.884766 0.701172 0.878906 0.703125 0.869141 0.695312 0.857422 0.699219 0.853516 0.703125 0.855469 0.707031 0.853516 0.724609 0.873047 0.751953 0.884766 0.757812 0.878906 0.759766 0.865234 0.748047 0.849609 0.750000 0.843750 0.744141 0.835938
0 0.900391 0.820312 0.898438 0.820312 0.894531 0.824219 0.894531 0.826172 0.896484 0.828125 0.900391 0.828125 0.902344 0.826172 0.902344 0.822266
1 0.613281 0.826172 0.611328 0.826172 0.607422 0.830078 0.607422 0.833984 0.609375 0.835938 0.599609 0.843750 0.599609 0.847656 0.603516 0.851562 0.605469 0.849609 0.607422 0.849609 0.611328 0.845703 0.611328 0.843750 0.609375 0.841797 0.613281 0.837891 0.615234 0.837891 0.617188 0.835938 0.617188 0.830078
0 0.800781 0.828125 0.794922 0.828125 0.783203 0.845703 0.775391 0.853516 0.771484 0.853516 0.767578 0.857422 0.775391 0.867188 0.783203 0.867188 0.792969 0.861328 0.796875 0.861328 0.802734 0.855469 0.806641 0.845703 0.806641 0.835938
1 0.998047 0.835938 0.996094 0.837891 0.996094 0.839844 0.998047 0.841797
1 0.837891 0.841797 0.835938 0.843750 0.835938 0.845703 0.837891 0.847656 0.835938 0.849609 0.835938 0.851562 0.839844 0.855469 0.839844 0.857422 0.843750 0.861328 0.847656 0.861328 0.849609 0.859375 0.849609 0.857422 0.845703 0.853516 0.845703 0.847656 0.841797 0.841797
0 0.388672 0.847656 0.386719 0.849609 0.386719 0.851562 0.388672 0.853516 0.388672 0.855469 0.390625 0.857422 0.394531 0.857422 0.396484 0.855469 0.396484 0.853516 0.394531 0.851562 0.394531 0.849609 0.392578 0.847656
0 0.326172 0.861328 0.324219 0.859375 0.324219 0.857422 0.318359 0.851562 0.312500 0.851562 0.310547 0.853516 0.310547 0.857422 0.300781 0.865234 0.304688 0.869141 0.312500 0.859375 0.318359 0.865234 0.320312 0.865234 0.322266 0.867188 0.326172 0.863281
0 0.369141 0.851562 0.367188 0.853516 0.367188 0.855469 0.365234 0.857422 0.369141 0.861328 0.371094 0.861328 0.373047 0.863281 0.375000 0.863281 0.376953 0.865234 0.378906 0.865234 0.380859 0.863281 0.380859 0.861328 0.378906 0.859375 0.378906 0.857422 0.373047 0.851562
0 0.357422 0.861328 0.355469 0.863281 0.355469 0.865234 0.357422 0.867188 0.359375 0.867188 0.361328 0.865234
1 0.808594 0.863281 0.802734 0.869141 0.802734 0.876953 0.808594 0.884766 0.808594 0.892578 0.802734 0.902344 0.804688 0.919922 0.808594 0.923828 0.814453 0.923828 0.820312 0.919922 0.816406 0.908203 0.824219 0.898438 0.822266 0.882812 0.826172 0.873047 0.822266 0.867188
0 0.226562 0.871094 0.224609 0.873047 0.226562 0.875000 0.228516 0.873047
0 0.386719 0.882812 0.382812 0.886719 0.382812 0.888672 0.386719 0.892578 0.388672 0.892578 0.392578 0.888672 0.392578 0.886719 0.388672 0.882812
0 0.402344 0.884766 0.398438 0.888672 0.402344 0.892578 0.404297 0.892578 0.408203 0.888672 0.404297 0.884766
0 0.468750 0.884766 0.466797 0.886719 0.466797 0.888672 0.468750 0.890625 0.470703 0.888672 0.470703 0.886719
1 0.859375 0.884766 0.857422 0.884766 0.853516 0.888672 0.853516 0.890625 0.863281 0.900391 0.859375 0.904297 0.849609 0.904297 0.841797 0.914062 0.841797 0.923828 0.843750 0.925781 0.843750 0.929688 0.835938 0.937500 0.833984 0.945312 0.832031 0.947266 0.832031 0.955078 0.835938 0.958984 0.847656 0.949219 0.853516 0.939453 0.853516 0.929688 0.863281 0.917969 0.863281 0.912109 0.873047 0.904297 0.873047 0.902344 0.863281 0.894531 0.863281 0.890625 0.865234 0.888672
0 0.626953 0.886719 0.623047 0.890625 0.623047 0.892578 0.626953 0.896484 0.628906 0.896484 0.632812 0.892578 0.632812 0.890625 0.628906 0.886719
0 0.365234 0.890625 0.361328 0.894531 0.361328 0.898438 0.365234 0.902344 0.367188 0.902344 0.371094 0.898438 0.371094 0.894531 0.367188 0.890625
0 0.328125 0.900391 0.324219 0.904297 0.337891 0.914062 0.320312 0.927734 0.318359 0.939453 0.326172 0.949219 0.332031 0.951172 0.335938 0.947266 0.337891 0.939453 0.349609 0.927734 0.353516 0.919922 0.349609 0.916016 0.341797 0.916016 0.337891 0.912109 0.341797 0.908203 0.335938 0.902344
0 0.384766 0.906250 0.390625 0.912109 0.392578 0.912109 0.394531 0.910156 0.398438 0.910156 0.402344 0.906250 0.402344 0.904297 0.398438 0.900391 0.390625 0.900391
0 0.605469 0.916016 0.601562 0.919922 0.601562 0.921875 0.599609 0.923828 0.601562 0.925781 0.605469 0.925781 0.607422 0.927734 0.611328 0.927734 0.615234 0.923828 0.615234 0.919922 0.611328 0.916016
0 0.726562 0.927734 0.724609 0.929688 0.726562 0.931641 0.728516 0.931641 0.730469 0.929688 0.728516 0.927734
0 0.558594 0.931641 0.548828 0.945312 0.544922 0.978516 0.546875 0.984375 0.554688 0.990234 0.568359 0.992188 0.582031 0.978516 0.599609 0.988281 0.603516 0.984375 0.603516 0.972656 0.593750 0.966797 0.585938 0.972656 0.580078 0.966797 0.582031 0.957031 0.576172 0.943359
0 0.529297 0.939453 0.527344 0.941406 0.527344 0.943359 0.529297 0.945312 0.529297 0.947266 0.531250 0.949219 0.533203 0.949219 0.535156 0.951172 0.539062 0.947266 0.531250 0.939453
0 0.720703 0.941406 0.718750 0.943359 0.718750 0.945312 0.720703 0.947266 0.724609 0.947266 0.726562 0.945312 0.726562 0.943359 0.724609 0.941406
0 0.625000 0.947266 0.623047 0.949219 0.623047 0.951172 0.625000 0.953125 0.626953 0.951172 0.626953 0.949219
0 0.910156 0.955078 0.908203 0.955078 0.906250 0.957031 0.906250 0.958984 0.904297 0.960938 0.906250 0.962891 0.908203 0.962891 0.912109 0.958984 0.912109 0.957031
0 0.375000 0.962891 0.373047 0.964844 0.373047 0.968750 0.375000 0.970703 0.378906 0.970703 0.382812 0.966797 0.378906 0.962891
0 0.753906 0.960938 0.750000 0.966797 0.755859 0.976562 0.746094 0.988281 0.748047 0.998047 0.785156 0.998047 0.785156 0.992188 0.777344 0.982422 0.765625 0.982422 0.755859 0.972656 0.761719 0.966797 0.757812 0.960938
0 0.800781 0.970703 0.798828 0.972656 0.798828 0.974609 0.800781 0.976562 0.802734 0.974609 0.802734 0.972656
0 0.968750 0.968750 0.964844 0.972656 0.964844 0.976562 0.968750 0.980469 0.972656 0.980469 0.978516 0.974609 0.978516 0.972656 0.974609 0.968750
1 0.361328 0.982422 0.353516 0.972656 0.341797 0.972656 0.337891 0.976562 0.337891 0.982422 0.330078 0.990234 0.322266 0.992188 0.314453 0.998047 0.355469 0.998047 0.361328 0.988281
0 0.494141 0.978516 0.492188 0.980469 0.494141 0.982422 0.496094 0.982422 0.498047 0.980469 0.496094 0.978516
1 0.458984 0.998047 0.466797 0.998047 0.464844 0.996094 0.460938 0.996094
1 0.478516 0.998047 0.496094 0.998047 0.494141 0.996094 0.480469 0.996094
