0 0.128906 0.005859 0.126953 0.007812 0.126953 0.009766 0.128906 0.011719 0.130859 0.009766 0.130859 0.007812
0 0.191406 0.021484 0.189453 0.023438 0.189453 0.025391 0.191406 0.027344 0.193359 0.025391 0.193359 0.023438
0 0.160156 0.125000 0.158203 0.126953 0.160156 0.128906 0.162109 0.126953
0 0.384766 0.144531 0.380859 0.148438 0.380859 0.152344 0.384766 0.156250 0.388672 0.156250 0.392578 0.152344 0.392578 0.150391 0.388672 0.146484 0.386719 0.146484
0 0.441406 0.148438 0.445312 0.152344 0.447266 0.152344 0.451172 0.148438 0.449219 0.146484 0.443359 0.146484
1 0.066406 0.154297 0.000000 0.205078 0.000000 0.234375 0.048828 0.212891 0.068359 0.242188 0.033203 0.318359 0.000000 0.261719 0.000000 0.359375 0.029297 0.341797 0.078125 0.400391 0.050781 0.441406 0.000000 0.392578 0.000000 0.488281 0.121094 0.615234 0.101562 0.748047 0.169922 0.726562 0.099609 0.800781 0.093750 0.863281 0.199219 0.808594 0.228516 0.875000 0.250000 0.812500 0.343750 0.824219 0.359375 0.859375 0.324219 0.910156 0.353516 0.935547 0.369141 0.843750 0.443359 0.773438 0.269531 0.787109 0.318359 0.673828 0.386719 0.658203 0.326172 0.578125 0.320312 0.658203 0.228516 0.626953 0.222656 0.671875 0.154297 0.667969 0.195312 0.552734 0.167969 0.519531 0.218750 0.490234 0.154297 0.496094 0.105469 0.449219 0.154297 0.384766 0.091797 0.363281 0.132812 0.300781 0.111328 0.328125
0 0.386719 0.171875 0.384766 0.173828 0.388672 0.177734 0.390625 0.175781 0.390625 0.173828 0.388672 0.171875
0 0.369141 0.177734 0.367188 0.179688 0.369141 0.181641 0.371094 0.179688
0 0.300781 0.179688 0.296875 0.183594 0.296875 0.187500 0.300781 0.191406 0.302734 0.191406 0.306641 0.187500 0.304688 0.185547 0.304688 0.183594
0 0.351562 0.193359 0.347656 0.193359 0.345703 0.195312 0.343750 0.195312 0.337891 0.201172 0.337891 0.208984 0.341797 0.212891 0.347656 0.212891 0.349609 0.210938 0.351562 0.210938 0.355469 0.207031 0.355469 0.205078 0.357422 0.203125 0.357422 0.199219
0 0.226562 0.197266 0.222656 0.197266 0.212891 0.207031 0.212891 0.212891 0.214844 0.214844 0.224609 0.214844 0.230469 0.208984 0.230469 0.201172
0 0.015625 0.199219 0.013672 0.201172 0.015625 0.203125 0.017578 0.203125 0.019531 0.201172 0.017578 0.199219
0 0.322266 0.216797 0.318359 0.222656 0.322266 0.226562 0.322266 0.228516 0.326172 0.232422 0.333984 0.232422 0.337891 0.228516 0.337891 0.220703 0.332031 0.214844 0.326172 0.214844 0.324219 0.216797
0 0.205078 0.218750 0.201172 0.222656 0.201172 0.224609 0.203125 0.226562 0.207031 0.226562 0.208984 0.224609 0.208984 0.222656
0 0.974609 0.218750 0.970703 0.218750 0.964844 0.224609 0.964844 0.228516 0.966797 0.230469 0.966797 0.232422 0.968750 0.234375 0.970703 0.234375 0.972656 0.236328 0.974609 0.234375 0.976562 0.234375 0.978516 0.232422 0.978516 0.230469 0.980469 0.228516 0.980469 0.224609
0 0.308594 0.224609 0.304688 0.228516 0.304688 0.234375 0.308594 0.238281 0.310547 0.238281 0.314453 0.234375 0.314453 0.228516 0.310547 0.224609
0 0.179688 0.226562 0.177734 0.228516 0.177734 0.238281 0.181641 0.242188 0.183594 0.240234 0.185547 0.240234 0.189453 0.236328 0.189453 0.234375 0.181641 0.226562
0 0.039062 0.232422 0.037109 0.232422 0.035156 0.234375 0.035156 0.236328 0.037109 0.238281 0.041016 0.234375
1 0.033203 0.246094 0.029297 0.250000 0.031250 0.251953 0.029297 0.253906 0.031250 0.255859 0.031250 0.259766 0.033203 0.261719 0.035156 0.259766 0.035156 0.248047
0 0.166016 0.253906 0.162109 0.257812 0.162109 0.267578 0.164062 0.269531 0.169922 0.269531 0.173828 0.265625 0.173828 0.259766 0.167969 0.253906
0 0.980469 0.277344 0.974609 0.283203 0.974609 0.291016 0.978516 0.296875 0.986328 0.296875 0.992188 0.291016 0.992188 0.283203 0.988281 0.279297 0.986328 0.279297 0.984375 0.277344
0 0.888672 0.287109 0.886719 0.289062 0.888672 0.291016 0.890625 0.291016 0.892578 0.289062 0.890625 0.287109
0 0.679688 0.337891 0.677734 0.339844 0.675781 0.339844 0.673828 0.341797 0.677734 0.345703 0.679688 0.345703 0.681641 0.343750 0.681641 0.339844
0 0.337891 0.339844 0.333984 0.343750 0.337891 0.347656 0.339844 0.345703 0.339844 0.341797
0 0.591797 0.347656 0.587891 0.343750 0.582031 0.343750 0.574219 0.351562 0.574219 0.353516 0.576172 0.355469 0.583984 0.355469 0.585938 0.353516 0.589844 0.353516 0.591797 0.351562
0 0.615234 0.343750 0.611328 0.343750 0.605469 0.349609 0.605469 0.359375 0.609375 0.363281 0.611328 0.363281 0.615234 0.359375 0.615234 0.357422 0.617188 0.355469 0.617188 0.353516 0.619141 0.351562 0.619141 0.347656
0 0.220703 0.357422 0.218750 0.359375 0.218750 0.361328 0.226562 0.369141 0.230469 0.369141 0.232422 0.367188 0.232422 0.365234 0.234375 0.363281 0.234375 0.359375 0.232422 0.357422
0 0.433594 0.355469 0.429688 0.359375 0.435547 0.365234 0.437500 0.363281 0.437500 0.359375
0 0.687500 0.363281 0.681641 0.369141 0.681641 0.375000 0.687500 0.380859 0.691406 0.380859 0.693359 0.378906 0.693359 0.367188 0.689453 0.363281
1 0.166016 0.367188 0.158203 0.375000 0.158203 0.376953 0.160156 0.378906 0.164062 0.375000 0.164062 0.373047 0.167969 0.369141
0 0.906250 0.369141 0.904297 0.371094 0.904297 0.373047 0.906250 0.375000 0.908203 0.373047 0.908203 0.371094
1 0.025391 0.375000 0.025391 0.376953 0.027344 0.378906 0.031250 0.378906 0.033203 0.376953 0.035156 0.378906 0.037109 0.376953 0.035156 0.375000 0.033203 0.376953 0.031250 0.375000 0.029297 0.375000 0.027344 0.373047
0 0.494141 0.371094 0.492188 0.373047 0.492188 0.376953 0.496094 0.380859 0.498047 0.380859 0.501953 0.376953 0.501953 0.375000 0.498047 0.371094
1 0.255859 0.376953 0.253906 0.378906 0.253906 0.380859 0.263672 0.390625 0.263672 0.392578 0.267578 0.396484 0.267578 0.400391 0.271484 0.404297 0.275391 0.400391 0.275391 0.398438 0.271484 0.394531 0.269531 0.388672 0.259766 0.378906 0.257812 0.378906
0 0.310547 0.375000 0.304688 0.380859 0.308594 0.384766 0.310547 0.384766 0.314453 0.380859 0.314453 0.378906
0 0.539062 0.386719 0.535156 0.390625 0.535156 0.392578 0.539062 0.396484 0.544922 0.396484 0.546875 0.394531 0.546875 0.390625 0.542969 0.386719
0 0.707031 0.388672 0.705078 0.390625 0.705078 0.392578 0.708984 0.396484 0.710938 0.396484 0.712891 0.394531 0.712891 0.392578 0.708984 0.388672
0 0.347656 0.392578 0.339844 0.392578 0.337891 0.394531 0.335938 0.402344 0.332031 0.406250 0.332031 0.416016 0.337891 0.423828 0.341797 0.423828 0.349609 0.419922 0.353516 0.416016 0.355469 0.416016 0.361328 0.408203 0.361328 0.404297 0.351562 0.394531
1 0.042969 0.404297 0.041016 0.404297 0.037109 0.408203 0.035156 0.408203 0.033203 0.410156 0.035156 0.412109 0.033203 0.414062 0.035156 0.416016 0.044922 0.406250
0 0.798828 0.404297 0.796875 0.406250 0.796875 0.410156 0.798828 0.412109 0.800781 0.412109 0.802734 0.410156 0.802734 0.408203
0 0.277344 0.412109 0.275391 0.414062 0.279297 0.417969 0.281250 0.416016 0.281250 0.414062 0.279297 0.412109
0 0.203125 0.416016 0.199219 0.419922 0.199219 0.423828 0.205078 0.429688 0.208984 0.425781 0.208984 0.421875
0 0.240234 0.416016 0.238281 0.417969 0.238281 0.419922 0.236328 0.421875 0.238281 0.423828 0.244141 0.423828 0.248047 0.419922 0.248047 0.417969 0.246094 0.416016
0 0.281250 0.423828 0.277344 0.427734 0.283203 0.433594 0.285156 0.431641 0.285156 0.429688 0.287109 0.427734 0.283203 0.423828
0 0.732422 0.421875 0.730469 0.423828 0.730469 0.425781 0.732422 0.427734 0.734375 0.427734 0.736328 0.425781 0.736328 0.423828 0.734375 0.421875
0 0.271484 0.431641 0.269531 0.433594 0.269531 0.437500 0.267578 0.439453 0.267578 0.441406 0.271484 0.445312 0.273438 0.445312 0.275391 0.447266 0.277344 0.445312 0.279297 0.445312 0.283203 0.441406 0.275391 0.433594 0.273438 0.433594
0 0.328125 0.429688 0.326172 0.431641 0.326172 0.435547 0.330078 0.439453 0.333984 0.435547 0.333984 0.433594 0.330078 0.429688
0 0.607422 0.431641 0.605469 0.433594 0.605469 0.435547 0.609375 0.439453 0.611328 0.439453 0.613281 0.437500 0.613281 0.435547 0.609375 0.431641
0 0.380859 0.439453 0.378906 0.441406 0.378906 0.443359 0.380859 0.445312 0.382812 0.443359 0.382812 0.441406
0 0.251953 0.445312 0.246094 0.447266 0.232422 0.464844 0.244141 0.476562 0.248047 0.478516 0.255859 0.476562 0.263672 0.478516 0.267578 0.482422 0.259766 0.488281 0.246094 0.488281 0.236328 0.484375 0.228516 0.486328 0.228516 0.492188 0.232422 0.496094 0.244141 0.498047 0.248047 0.501953 0.248047 0.505859 0.240234 0.513672 0.248047 0.519531 0.253906 0.515625 0.251953 0.509766 0.257812 0.503906 0.263672 0.503906 0.275391 0.511719 0.277344 0.509766 0.275391 0.503906 0.283203 0.490234 0.283203 0.486328 0.273438 0.476562 0.269531 0.460938 0.261719 0.451172
0 0.310547 0.455078 0.306641 0.458984 0.306641 0.460938 0.312500 0.466797 0.314453 0.464844 0.316406 0.464844 0.318359 0.462891 0.318359 0.458984 0.316406 0.457031 0.314453 0.457031 0.312500 0.455078
0 0.828125 0.453125 0.826172 0.455078 0.826172 0.457031 0.828125 0.458984 0.830078 0.458984 0.832031 0.457031 0.832031 0.455078 0.830078 0.453125
0 0.884766 0.466797 0.882812 0.468750 0.884766 0.470703 0.886719 0.468750
0 0.294922 0.468750 0.292969 0.470703 0.292969 0.472656 0.291016 0.474609 0.291016 0.476562 0.292969 0.478516 0.292969 0.480469 0.296875 0.484375 0.302734 0.484375 0.306641 0.480469
0 0.457031 0.474609 0.455078 0.476562 0.458984 0.480469 0.460938 0.478516 0.460938 0.476562 0.458984 0.474609
0 0.646484 0.478516 0.642578 0.482422 0.642578 0.486328 0.644531 0.488281 0.646484 0.488281 0.650391 0.484375 0.650391 0.482422
0 0.890625 0.478516 0.888672 0.480469 0.890625 0.482422 0.892578 0.480469
0 0.531250 0.488281 0.529297 0.490234 0.529297 0.492188 0.533203 0.496094 0.537109 0.496094 0.539062 0.494141 0.539062 0.492188 0.535156 0.488281
0 0.703125 0.488281 0.701172 0.488281 0.699219 0.490234 0.699219 0.492188 0.701172 0.494141 0.705078 0.490234
0 0.796875 0.490234 0.791016 0.496094 0.779297 0.494141 0.773438 0.500000 0.771484 0.503906 0.771484 0.509766 0.777344 0.517578 0.785156 0.519531 0.792969 0.513672 0.794922 0.509766 0.794922 0.503906 0.792969 0.500000 0.800781 0.494141
0 0.353516 0.494141 0.349609 0.498047 0.349609 0.500000 0.351562 0.501953 0.353516 0.507812 0.361328 0.515625 0.363281 0.515625 0.365234 0.517578 0.371094 0.511719 0.371094 0.509766 0.369141 0.507812 0.369141 0.505859 0.357422 0.494141
0 0.759766 0.494141 0.757812 0.496094 0.757812 0.498047 0.761719 0.501953 0.763672 0.501953 0.765625 0.500000 0.765625 0.496094 0.763672 0.494141
0 0.871094 0.496094 0.869141 0.494141 0.867188 0.494141 0.863281 0.498047 0.865234 0.500000 0.867188 0.500000
0 0.496094 0.501953 0.494141 0.503906 0.494141 0.513672 0.500000 0.519531 0.507812 0.519531 0.511719 0.515625 0.511719 0.513672 0.513672 0.511719 0.513672 0.505859 0.507812 0.500000 0.500000 0.500000 0.498047 0.501953
1 0.384766 0.503906 0.380859 0.507812 0.380859 0.511719 0.384766 0.515625 0.388672 0.515625 0.392578 0.519531 0.394531 0.517578 0.388672 0.511719 0.388672 0.507812
1 0.740234 0.515625 0.738281 0.513672 0.736328 0.513672 0.732422 0.517578 0.728516 0.517578 0.724609 0.521484 0.726562 0.523438 0.728516 0.523438 0.730469 0.525391 0.732422 0.523438 0.734375 0.523438 0.736328 0.521484 0.736328 0.519531
0 0.376953 0.529297 0.373047 0.533203 0.375000 0.535156 0.375000 0.539062 0.380859 0.544922 0.384766 0.544922 0.388672 0.541016 0.388672 0.535156 0.386719 0.533203 0.386719 0.531250 0.384766 0.529297
0 0.250000 0.531250 0.248047 0.533203 0.248047 0.537109 0.250000 0.539062 0.250000 0.541016 0.253906 0.544922 0.255859 0.544922 0.259766 0.541016 0.259766 0.539062 0.261719 0.537109 0.261719 0.535156 0.259766 0.533203 0.253906 0.533203 0.251953 0.531250
0 0.228516 0.541016 0.224609 0.544922 0.228516 0.548828 0.232422 0.544922
0 0.447266 0.539062 0.443359 0.542969 0.443359 0.544922 0.447266 0.548828 0.451172 0.544922 0.451172 0.542969
0 0.742188 0.539062 0.740234 0.539062 0.736328 0.542969 0.736328 0.544922 0.738281 0.546875 0.740234 0.546875 0.744141 0.542969 0.744141 0.541016
0 0.773438 0.542969 0.771484 0.544922 0.771484 0.546875 0.773438 0.548828 0.775391 0.548828 0.777344 0.546875 0.777344 0.544922 0.775391 0.542969
0 0.515625 0.554688 0.511719 0.554688 0.509766 0.556641 0.505859 0.556641 0.498047 0.564453 0.498047 0.568359 0.505859 0.576172 0.507812 0.576172 0.509766 0.574219 0.513672 0.574219 0.521484 0.566406 0.521484 0.560547
0 0.748047 0.556641 0.746094 0.558594 0.748047 0.560547 0.750000 0.558594
1 0.279297 0.566406 0.279297 0.568359 0.281250 0.570312 0.291016 0.570312 0.298828 0.578125 0.300781 0.576172 0.300781 0.574219 0.294922 0.568359 0.294922 0.566406 0.292969 0.564453 0.281250 0.564453
0 0.910156 0.564453 0.908203 0.566406 0.910156 0.568359 0.912109 0.566406
0 0.697266 0.572266 0.695312 0.574219 0.695312 0.576172 0.697266 0.578125 0.699219 0.576172 0.699219 0.574219
0 0.498047 0.582031 0.496094 0.583984 0.496094 0.585938 0.498047 0.587891 0.500000 0.587891 0.501953 0.585938 0.501953 0.583984 0.500000 0.582031
0 0.527344 0.587891 0.523438 0.591797 0.527344 0.599609 0.523438 0.611328 0.527344 0.628906 0.531250 0.634766 0.535156 0.632812 0.544922 0.632812 0.552734 0.626953 0.554688 0.623047 0.554688 0.613281 0.544922 0.601562 0.539062 0.599609
0 0.695312 0.591797 0.693359 0.591797 0.691406 0.593750 0.691406 0.595703 0.693359 0.597656 0.697266 0.593750
1 0.435547 0.593750 0.427734 0.593750 0.423828 0.597656 0.423828 0.601562 0.417969 0.607422 0.410156 0.609375 0.404297 0.615234 0.404297 0.625000 0.402344 0.626953 0.406250 0.630859 0.414062 0.630859 0.431641 0.619141 0.427734 0.613281 0.427734 0.609375 0.437500 0.601562 0.439453 0.597656
0 0.509766 0.597656 0.503906 0.597656 0.498047 0.603516 0.498047 0.605469 0.501953 0.609375 0.505859 0.609375 0.511719 0.603516 0.511719 0.599609
0 0.269531 0.605469 0.267578 0.607422 0.269531 0.609375 0.271484 0.607422
0 0.289062 0.607422 0.287109 0.609375 0.287109 0.613281 0.289062 0.615234 0.291016 0.615234 0.296875 0.621094 0.300781 0.621094 0.302734 0.619141 0.302734 0.613281 0.300781 0.611328 0.298828 0.611328 0.294922 0.607422
0 0.453125 0.607422 0.451172 0.609375 0.451172 0.613281 0.443359 0.619141 0.445312 0.621094 0.449219 0.621094 0.457031 0.628906 0.458984 0.628906 0.460938 0.630859 0.464844 0.630859 0.470703 0.625000 0.470703 0.617188 0.464844 0.611328
0 0.574219 0.605469 0.568359 0.611328 0.568359 0.625000 0.550781 0.652344 0.550781 0.664062 0.558594 0.671875 0.572266 0.656250 0.585938 0.671875 0.595703 0.673828 0.601562 0.666016 0.597656 0.654297 0.609375 0.644531 0.609375 0.634766 0.601562 0.625000
0 0.826172 0.609375 0.820312 0.615234 0.820312 0.619141 0.822266 0.621094 0.826172 0.617188 0.826172 0.615234 0.828125 0.613281 0.828125 0.611328
0 0.923828 0.617188 0.919922 0.621094 0.923828 0.625000 0.927734 0.621094
0 0.699219 0.623047 0.695312 0.626953 0.699219 0.630859 0.701172 0.630859 0.703125 0.628906 0.703125 0.625000 0.701172 0.623047
0 0.619141 0.625000 0.617188 0.626953 0.619141 0.628906 0.621094 0.628906 0.623047 0.626953 0.621094 0.625000
0 0.482422 0.632812 0.476562 0.632812 0.470703 0.636719 0.466797 0.636719 0.457031 0.644531 0.455078 0.650391 0.457031 0.652344 0.457031 0.660156 0.460938 0.664062 0.466797 0.658203 0.474609 0.656250 0.476562 0.654297 0.480469 0.654297 0.488281 0.648438 0.488281 0.638672
1 0.656250 0.642578 0.654297 0.644531 0.658203 0.652344 0.658203 0.658203 0.654297 0.662109 0.650391 0.662109 0.644531 0.669922 0.652344 0.679688 0.652344 0.689453 0.658203 0.695312 0.664062 0.693359 0.673828 0.695312 0.681641 0.687500 0.681641 0.681641 0.673828 0.673828 0.667969 0.656250
0 0.755859 0.644531 0.751953 0.648438 0.757812 0.654297 0.761719 0.650391 0.761719 0.648438 0.757812 0.644531
0 0.507812 0.650391 0.503906 0.654297 0.503906 0.658203 0.507812 0.662109 0.511719 0.662109 0.515625 0.658203 0.515625 0.654297 0.511719 0.650391
0 0.714844 0.658203 0.710938 0.654297 0.707031 0.654297 0.705078 0.656250 0.705078 0.660156 0.701172 0.664062 0.703125 0.666016 0.707031 0.666016
0 0.501953 0.671875 0.500000 0.673828 0.501953 0.675781 0.503906 0.673828
0 0.544922 0.673828 0.542969 0.675781 0.544922 0.677734 0.546875 0.675781
1 0.570312 0.671875 0.568359 0.673828 0.568359 0.677734 0.570312 0.679688 0.568359 0.681641 0.568359 0.689453 0.570312 0.691406 0.570312 0.697266 0.574219 0.701172 0.578125 0.697266 0.578125 0.695312 0.576172 0.693359 0.576172 0.691406 0.574219 0.689453 0.574219 0.685547 0.572266 0.683594 0.574219 0.681641 0.574219 0.675781
0 0.460938 0.677734 0.458984 0.677734 0.453125 0.683594 0.453125 0.687500 0.457031 0.691406 0.458984 0.689453 0.460938 0.689453 0.464844 0.685547 0.464844 0.683594 0.462891 0.681641 0.462891 0.679688
0 0.615234 0.683594 0.613281 0.683594 0.609375 0.687500 0.609375 0.689453 0.607422 0.691406 0.607422 0.693359 0.609375 0.695312 0.611328 0.695312 0.617188 0.689453 0.617188 0.685547
0 0.880859 0.685547 0.875000 0.691406 0.875000 0.695312 0.876953 0.697266 0.876953 0.699219 0.878906 0.701172 0.884766 0.701172 0.888672 0.697266 0.888672 0.689453 0.884766 0.685547
0 0.744141 0.689453 0.738281 0.695312 0.738281 0.699219 0.744141 0.705078 0.750000 0.705078 0.753906 0.701172 0.753906 0.697266 0.746094 0.689453
0 0.421875 0.699219 0.419922 0.701172 0.419922 0.703125 0.421875 0.705078 0.423828 0.705078 0.425781 0.703125
0 0.724609 0.703125 0.720703 0.707031 0.724609 0.710938 0.726562 0.710938 0.728516 0.708984 0.728516 0.707031
0 0.511719 0.707031 0.509766 0.708984 0.509766 0.720703 0.513672 0.724609 0.517578 0.724609 0.519531 0.722656 0.525391 0.722656 0.529297 0.716797 0.527344 0.710938 0.521484 0.707031
0 0.542969 0.708984 0.541016 0.710938 0.541016 0.714844 0.544922 0.718750 0.546875 0.718750 0.550781 0.714844 0.550781 0.712891 0.546875 0.708984
0 0.576172 0.707031 0.574219 0.708984 0.574219 0.710938 0.576172 0.712891 0.578125 0.710938 0.578125 0.708984
0 0.779297 0.707031 0.777344 0.707031 0.771484 0.712891 0.771484 0.716797 0.775391 0.720703 0.779297 0.720703 0.783203 0.716797 0.783203 0.710938
0 0.425781 0.716797 0.421875 0.712891 0.417969 0.716797 0.419922 0.718750 0.423828 0.718750
0 0.646484 0.712891 0.644531 0.714844 0.644531 0.716797 0.646484 0.718750 0.648438 0.718750 0.650391 0.716797
0 0.689453 0.714844 0.687500 0.714844 0.685547 0.716797 0.683594 0.716797 0.679688 0.720703 0.677734 0.720703 0.675781 0.722656 0.675781 0.724609 0.679688 0.728516 0.681641 0.728516 0.685547 0.732422 0.689453 0.732422 0.695312 0.726562 0.695312 0.720703
0 0.347656 0.720703 0.343750 0.724609 0.343750 0.728516 0.345703 0.730469 0.349609 0.730469 0.353516 0.726562
0 0.591797 0.732422 0.585938 0.726562 0.576172 0.722656 0.562500 0.724609 0.552734 0.740234 0.552734 0.750000 0.554688 0.751953 0.554688 0.757812 0.552734 0.759766 0.554688 0.761719 0.560547 0.761719 0.566406 0.757812 0.578125 0.757812 0.591797 0.742188
0 0.732422 0.722656 0.730469 0.722656 0.726562 0.726562 0.726562 0.728516 0.730469 0.732422 0.736328 0.726562
0 0.390625 0.736328 0.388672 0.734375 0.386719 0.734375 0.382812 0.738281 0.384766 0.740234 0.388672 0.740234 0.390625 0.738281
0 0.455078 0.736328 0.451172 0.736328 0.449219 0.738281 0.449219 0.740234 0.447266 0.742188 0.447266 0.744141 0.451172 0.748047 0.453125 0.748047 0.458984 0.742188 0.457031 0.740234 0.457031 0.738281
0 0.480469 0.736328 0.478516 0.738281 0.478516 0.755859 0.482422 0.763672 0.488281 0.767578 0.498047 0.767578 0.503906 0.759766 0.503906 0.753906 0.500000 0.746094 0.492188 0.738281 0.488281 0.738281 0.486328 0.736328
0 0.630859 0.751953 0.628906 0.753906 0.628906 0.755859 0.632812 0.759766 0.636719 0.759766 0.638672 0.757812 0.638672 0.753906 0.636719 0.751953
0 0.339844 0.753906 0.337891 0.755859 0.337891 0.757812 0.341797 0.761719 0.345703 0.757812 0.341797 0.753906
0 0.992188 0.757812 0.990234 0.759766 0.990234 0.761719 0.992188 0.763672 0.996094 0.763672 0.998047 0.761719 0.998047 0.757812
1 0.832031 0.765625 0.826172 0.779297 0.841797 0.794922 0.841797 0.798828 0.853516 0.806641 0.855469 0.804688 0.865234 0.804688 0.869141 0.800781 0.869141 0.796875 0.865234 0.792969 0.855469 0.794922 0.851562 0.791016 0.855469 0.787109 0.853516 0.775391 0.843750 0.765625 0.837891 0.763672
0 0.949219 0.775391 0.941406 0.783203 0.941406 0.785156 0.943359 0.787109 0.943359 0.791016 0.947266 0.796875 0.949219 0.796875 0.951172 0.798828 0.957031 0.798828 0.958984 0.796875 0.960938 0.796875 0.966797 0.791016 0.966797 0.785156 0.960938 0.777344 0.958984 0.777344 0.957031 0.775391
0 0.503906 0.781250 0.501953 0.783203 0.503906 0.785156 0.505859 0.783203
0 0.462891 0.785156 0.460938 0.785156 0.455078 0.791016 0.455078 0.792969 0.453125 0.794922 0.453125 0.796875 0.455078 0.798828 0.455078 0.802734 0.458984 0.808594 0.462891 0.808594 0.470703 0.800781 0.470703 0.794922 0.468750 0.792969 0.468750 0.791016
0 0.636719 0.796875 0.634766 0.798828 0.638672 0.802734 0.640625 0.800781 0.640625 0.798828 0.638672 0.796875
0 0.921875 0.796875 0.917969 0.800781 0.921875 0.804688 0.923828 0.804688 0.925781 0.802734 0.925781 0.798828 0.923828 0.796875
0 0.587891 0.802734 0.591797 0.806641 0.599609 0.806641 0.601562 0.804688 0.601562 0.802734 0.599609 0.800781 0.589844 0.800781
1 0.958984 0.818359 0.958984 0.816406 0.953125 0.810547 0.951172 0.810547 0.949219 0.808594 0.947266 0.808594 0.943359 0.812500 0.941406 0.812500 0.939453 0.814453 0.937500 0.814453 0.935547 0.812500 0.933594 0.814453 0.933594 0.816406 0.935547 0.818359 0.939453 0.814453 0.951172 0.822266 0.953125 0.820312 0.957031 0.820312
0 0.681641 0.818359 0.677734 0.822266 0.679688 0.824219 0.681641 0.824219 0.683594 0.826172 0.687500 0.822266 0.683594 0.818359
0 0.732422 0.822266 0.728516 0.826172 0.728516 0.828125 0.734375 0.833984 0.736328 0.833984 0.740234 0.830078 0.740234 0.828125 0.734375 0.822266
0 0.398438 0.826172 0.394531 0.830078 0.394531 0.833984 0.396484 0.835938 0.398438 0.835938 0.402344 0.832031 0.402344 0.830078
0 0.716797 0.833984 0.714844 0.835938 0.714844 0.839844 0.716797 0.841797 0.718750 0.841797 0.720703 0.839844 0.718750 0.837891 0.718750 0.835938
0 0.658203 0.835938 0.632812 0.859375 0.640625 0.871094 0.652344 0.876953 0.634766 0.890625 0.632812 0.906250 0.660156 0.933594 0.671875 0.927734 0.689453 0.951172 0.701172 0.955078 0.707031 0.925781 0.718750 0.937500 0.724609 0.937500 0.753906 0.912109 0.740234 0.908203 0.732422 0.892578 0.724609 0.898438 0.724609 0.906250 0.718750 0.912109 0.708984 0.902344 0.716797 0.892578 0.712891 0.888672 0.699219 0.894531 0.705078 0.910156 0.697266 0.919922 0.689453 0.914062 0.689453 0.904297 0.677734 0.884766 0.666016 0.896484 0.654297 0.880859 0.681641 0.863281 0.683594 0.847656 0.673828 0.837891
0 0.417969 0.843750 0.412109 0.839844 0.406250 0.841797 0.404297 0.843750 0.404297 0.851562 0.398438 0.857422 0.400391 0.859375 0.404297 0.859375 0.410156 0.853516 0.414062 0.853516 0.417969 0.849609
0 0.960938 0.841797 0.958984 0.843750 0.958984 0.847656 0.960938 0.849609 0.962891 0.849609 0.966797 0.845703 0.962891 0.841797
0 0.693359 0.843750 0.691406 0.845703 0.693359 0.847656 0.695312 0.845703
0 0.894531 0.845703 0.892578 0.847656 0.892578 0.849609 0.894531 0.851562 0.898438 0.851562 0.900391 0.849609 0.896484 0.845703
0 0.480469 0.849609 0.478516 0.849609 0.474609 0.853516 0.476562 0.855469 0.474609 0.857422 0.476562 0.859375 0.478516 0.859375 0.484375 0.853516
0 0.703125 0.853516 0.701172 0.855469 0.701172 0.857422 0.703125 0.859375 0.705078 0.859375 0.707031 0.857422
0 0.806641 0.867188 0.806641 0.876953 0.810547 0.880859 0.818359 0.880859 0.822266 0.884766 0.826172 0.884766 0.833984 0.878906 0.833984 0.871094 0.828125 0.865234 0.820312 0.865234 0.818359 0.863281 0.812500 0.861328
1 0.769531 0.865234 0.765625 0.869141 0.767578 0.871094 0.767578 0.875000 0.765625 0.876953 0.765625 0.882812 0.769531 0.886719 0.773438 0.882812 0.773438 0.869141
0 0.722656 0.867188 0.720703 0.867188 0.716797 0.871094 0.716797 0.873047 0.718750 0.875000 0.720703 0.873047 0.722656 0.873047 0.724609 0.871094 0.724609 0.869141
0 0.910156 0.869141 0.908203 0.871094 0.908203 0.873047 0.910156 0.875000 0.912109 0.873047 0.912109 0.871094
0 0.695312 0.871094 0.693359 0.871094 0.689453 0.875000 0.689453 0.878906 0.693359 0.882812 0.699219 0.876953 0.699219 0.875000
0 0.873047 0.871094 0.871094 0.873047 0.875000 0.876953 0.876953 0.876953 0.878906 0.875000 0.878906 0.873047 0.876953 0.871094
0 0.949219 0.871094 0.947266 0.873047 0.949219 0.875000 0.951172 0.873047
0 0.503906 0.876953 0.501953 0.878906 0.503906 0.880859 0.505859 0.880859 0.507812 0.878906 0.505859 0.876953
1 0.380859 0.884766 0.421875 0.935547 0.423828 0.964844 0.402344 0.998047 0.496094 0.998047 0.519531 0.984375 0.550781 0.986328 0.560547 0.978516 0.572266 0.986328 0.574219 0.970703 0.587891 0.962891 0.601562 0.970703 0.605469 0.998047 0.669922 0.998047 0.669922 0.988281 0.652344 0.976562 0.662109 0.953125 0.650391 0.945312 0.621094 0.947266 0.595703 0.917969 0.583984 0.951172 0.576172 0.937500 0.568359 0.951172 0.560547 0.947266 0.562500 0.933594 0.587891 0.910156 0.572266 0.898438 0.580078 0.890625 0.574219 0.884766 0.562500 0.896484 0.537109 0.892578 0.525391 0.902344 0.529297 0.919922 0.548828 0.931641 0.466797 0.964844 0.419922 0.894531 0.394531 0.880859
0 0.964844 0.886719 0.962891 0.888672 0.962891 0.892578 0.966797 0.896484 0.970703 0.892578 0.968750 0.890625 0.968750 0.888672 0.966797 0.886719
0 0.996094 0.892578 0.990234 0.898438 0.990234 0.902344 0.996094 0.908203 0.998047 0.908203 0.998047 0.892578
0 0.830078 0.896484 0.828125 0.898438 0.830078 0.900391 0.832031 0.900391 0.833984 0.898438 0.832031 0.896484
0 0.955078 0.898438 0.953125 0.900391 0.953125 0.902344 0.955078 0.904297 0.957031 0.904297 0.958984 0.902344 0.958984 0.900391 0.957031 0.898438
0 0.857422 0.902344 0.855469 0.904297 0.855469 0.910156 0.861328 0.916016 0.865234 0.916016 0.869141 0.912109 0.865234 0.908203 0.865234 0.906250 0.861328 0.902344
1 0.888672 0.904297 0.884766 0.912109 0.896484 0.921875 0.894531 0.933594 0.898438 0.937500 0.912109 0.937500 0.921875 0.947266 0.910156 0.958984 0.904297 0.958984 0.884766 0.939453 0.878906 0.937500 0.875000 0.943359 0.882812 0.953125 0.886719 0.974609 0.896484 0.982422 0.914062 0.978516 0.927734 0.998047 0.972656 0.998047 0.970703 0.982422 0.964844 0.974609 0.964844 0.958984 0.958984 0.953125 0.951172 0.953125 0.941406 0.941406 0.927734 0.939453 0.919922 0.927734 0.908203 0.921875 0.910156 0.914062 0.906250 0.910156
0 0.794922 0.908203 0.791016 0.908203 0.787109 0.912109 0.791016 0.916016 0.796875 0.910156
0 0.939453 0.908203 0.937500 0.910156 0.937500 0.912109 0.941406 0.916016 0.943359 0.914062 0.943359 0.910156 0.941406 0.908203
0 0.837891 0.912109 0.832031 0.917969 0.832031 0.921875 0.837891 0.927734 0.841797 0.927734 0.847656 0.921875 0.847656 0.917969 0.841797 0.912109
0 0.974609 0.923828 0.968750 0.917969 0.966797 0.917969 0.958984 0.925781 0.958984 0.927734 0.960938 0.929688 0.970703 0.929688 0.974609 0.925781
0 0.779297 0.935547 0.769531 0.935547 0.767578 0.937500 0.763672 0.937500 0.757812 0.943359 0.757812 0.951172 0.761719 0.958984 0.769531 0.966797 0.777344 0.964844 0.785156 0.955078 0.785156 0.941406
0 0.992188 0.933594 0.990234 0.935547 0.992188 0.937500 0.994141 0.935547
1 0.982422 0.960938 0.980469 0.962891 0.984375 0.966797 0.984375 0.970703 0.986328 0.972656 0.986328 0.980469 0.988281 0.984375 0.994141 0.990234 0.998047 0.992188 0.998047 0.958984 0.994141 0.958984 0.992188 0.960938
0 0.724609 0.960938 0.718750 0.966797 0.718750 0.968750 0.724609 0.974609 0.730469 0.968750 0.730469 0.964844 0.728516 0.962891 0.726562 0.962891
0 0.833984 0.968750 0.832031 0.970703 0.833984 0.972656 0.835938 0.970703
0 0.744141 0.978516 0.740234 0.978516 0.736328 0.982422 0.736328 0.986328 0.738281 0.988281 0.742188 0.988281 0.746094 0.984375 0.746094 0.980469
0 0.787109 0.984375 0.783203 0.988281 0.783203 0.994141 0.787109 0.998047 0.789062 0.996094 0.789062 0.986328
0 0.904297 0.992188 0.902344 0.994141 0.902344 0.996094 0.904297 0.998047 0.906250 0.998047 0.908203 0.996094
