1 0.000000 0.150391 0.000000 0.232422 0.015625 0.171875 0.052734 0.222656 0.000000 0.296875 0.000000 0.542969 0.039062 0.675781 0.111328 0.697266 0.101562 0.757812 0.158203 0.714844 0.220703 0.759766 0.203125 0.884766 0.320312 0.892578 0.361328 0.998047 0.460938 0.998047 0.519531 0.941406 0.654297 0.998047 0.654297 0.824219 0.574219 0.822266 0.615234 0.853516 0.478516 0.886719 0.474609 0.962891 0.390625 0.978516 0.347656 0.857422 0.462891 0.839844 0.316406 0.824219 0.142578 0.679688 0.355469 0.568359 0.416016 0.628906 0.359375 0.681641 0.447266 0.662109 0.263672 0.382812 0.275391 0.443359 0.226562 0.462891 0.333984 0.535156 0.101562 0.609375 0.216797 0.410156 0.074219 0.355469 0.115234 0.294922 0.064453 0.310547 0.060547 0.183594
0 0.755859 0.160156 0.753906 0.162109 0.753906 0.164062 0.755859 0.166016 0.757812 0.164062 0.757812 0.162109
0 0.744141 0.181641 0.742188 0.183594 0.744141 0.185547 0.746094 0.185547 0.748047 0.183594 0.746094 0.181641
0 0.316406 0.208984 0.312500 0.212891 0.312500 0.216797 0.318359 0.222656 0.322266 0.222656 0.326172 0.218750 0.326172 0.212891 0.322266 0.208984
0 0.611328 0.212891 0.609375 0.212891 0.603516 0.218750 0.603516 0.226562 0.607422 0.230469 0.611328 0.230469 0.613281 0.228516 0.615234 0.228516 0.617188 0.226562 0.617188 0.218750
1 0.363281 0.220703 0.361328 0.222656 0.361328 0.224609 0.369141 0.232422 0.371094 0.232422 0.373047 0.234375 0.375000 0.232422 0.375000 0.228516 0.373047 0.226562 0.371094 0.226562 0.365234 0.220703
0 0.007812 0.228516 0.005859 0.230469 0.007812 0.232422 0.009766 0.230469
1 0.041016 0.232422 0.015625 0.255859 0.015625 0.259766 0.009766 0.265625 0.011719 0.267578 0.007812 0.271484 0.003906 0.267578 0.000000 0.267578 0.000000 0.285156 0.001953 0.283203 0.001953 0.277344 0.009766 0.269531 0.013672 0.273438 0.021484 0.265625 0.021484 0.263672 0.025391 0.259766 0.025391 0.257812 0.035156 0.248047 0.035156 0.246094 0.037109 0.244141 0.037109 0.240234 0.042969 0.234375
0 0.210938 0.232422 0.203125 0.240234 0.203125 0.242188 0.201172 0.244141 0.201172 0.251953 0.207031 0.257812 0.208984 0.257812 0.210938 0.259766 0.214844 0.259766 0.218750 0.255859 0.218750 0.248047 0.220703 0.246094 0.220703 0.244141 0.218750 0.242188 0.216797 0.236328
0 0.460938 0.238281 0.458984 0.240234 0.458984 0.244141 0.460938 0.246094 0.464844 0.246094 0.468750 0.242188 0.464844 0.238281
0 0.662109 0.253906 0.658203 0.257812 0.662109 0.261719 0.664062 0.261719 0.666016 0.259766 0.666016 0.255859 0.664062 0.253906
0 0.380859 0.259766 0.378906 0.261719 0.378906 0.263672 0.380859 0.265625 0.382812 0.263672 0.382812 0.261719
1 0.126953 0.296875 0.132812 0.302734 0.136719 0.300781 0.144531 0.291016 0.154297 0.294922 0.158203 0.291016 0.158203 0.287109 0.156250 0.285156 0.150391 0.285156 0.146484 0.287109 0.138672 0.283203 0.132812 0.283203 0.126953 0.291016
0 0.562500 0.285156 0.560547 0.287109 0.560547 0.289062 0.564453 0.292969 0.566406 0.291016 0.566406 0.287109 0.564453 0.285156
0 0.382812 0.292969 0.378906 0.292969 0.375000 0.296875 0.375000 0.298828 0.373047 0.300781 0.373047 0.304688 0.378906 0.310547 0.380859 0.310547 0.384766 0.306641 0.384766 0.302734 0.386719 0.300781 0.386719 0.296875
0 0.406250 0.294922 0.402344 0.298828 0.402344 0.300781 0.404297 0.302734 0.406250 0.302734 0.410156 0.298828
0 0.605469 0.298828 0.603516 0.300781 0.605469 0.302734 0.607422 0.300781
1 0.277344 0.308594 0.273438 0.308594 0.267578 0.316406 0.267578 0.326172 0.273438 0.333984 0.273438 0.337891 0.271484 0.339844 0.273438 0.343750 0.275391 0.343750 0.281250 0.337891 0.281250 0.333984 0.283203 0.332031 0.283203 0.328125 0.277344 0.318359 0.279297 0.314453 0.279297 0.310547
0 0.693359 0.318359 0.697266 0.322266 0.703125 0.322266 0.708984 0.316406 0.705078 0.312500 0.697266 0.312500 0.693359 0.316406
0 0.341797 0.320312 0.339844 0.322266 0.337891 0.322266 0.335938 0.324219 0.335938 0.326172 0.339844 0.330078 0.341797 0.330078 0.345703 0.326172 0.345703 0.324219
0 0.365234 0.332031 0.363281 0.333984 0.363281 0.335938 0.367188 0.339844 0.369141 0.339844 0.373047 0.335938 0.369141 0.332031
0 0.138672 0.341797 0.136719 0.343750 0.130859 0.343750 0.126953 0.347656 0.126953 0.355469 0.132812 0.361328 0.138672 0.361328 0.144531 0.355469 0.144531 0.347656
0 0.320312 0.343750 0.308594 0.351562 0.312500 0.359375 0.306641 0.369141 0.316406 0.376953 0.316406 0.388672 0.324219 0.396484 0.333984 0.388672 0.333984 0.380859 0.337891 0.373047 0.333984 0.367188 0.330078 0.367188 0.326172 0.363281 0.339844 0.355469 0.332031 0.353516 0.324219 0.343750
0 0.769531 0.347656 0.765625 0.351562 0.765625 0.361328 0.767578 0.363281 0.767578 0.365234 0.773438 0.371094 0.783203 0.371094 0.787109 0.365234 0.787109 0.357422 0.785156 0.355469 0.785156 0.353516 0.779297 0.347656
0 0.246094 0.351562 0.244141 0.353516 0.246094 0.355469 0.248047 0.355469 0.250000 0.353516 0.248047 0.351562
0 0.269531 0.357422 0.267578 0.359375 0.267578 0.365234 0.265625 0.367188 0.265625 0.369141 0.267578 0.371094 0.269531 0.371094 0.271484 0.369141 0.271484 0.367188 0.273438 0.365234 0.273438 0.361328
0 0.357422 0.359375 0.355469 0.361328 0.357422 0.363281 0.359375 0.361328
0 0.414062 0.365234 0.410156 0.365234 0.408203 0.367188 0.408203 0.369141 0.410156 0.371094 0.412109 0.371094 0.416016 0.367188
0 0.236328 0.373047 0.232422 0.369141 0.230469 0.369141 0.228516 0.371094 0.226562 0.371094 0.222656 0.375000 0.226562 0.378906 0.228516 0.376953 0.230469 0.376953 0.232422 0.375000 0.234375 0.375000
0 0.349609 0.369141 0.345703 0.373047 0.345703 0.376953 0.347656 0.378906 0.349609 0.378906 0.351562 0.380859 0.353516 0.380859 0.359375 0.375000 0.353516 0.369141
0 0.380859 0.371094 0.376953 0.375000 0.376953 0.376953 0.378906 0.378906 0.380859 0.378906 0.382812 0.380859 0.384766 0.378906 0.384766 0.375000
0 0.386719 0.386719 0.388672 0.388672 0.394531 0.388672 0.396484 0.386719 0.392578 0.382812 0.390625 0.382812
0 0.562500 0.386719 0.560547 0.388672 0.560547 0.390625 0.562500 0.392578 0.564453 0.390625 0.564453 0.388672
0 0.380859 0.390625 0.378906 0.392578 0.378906 0.394531 0.380859 0.396484 0.382812 0.394531 0.382812 0.392578
0 0.400391 0.390625 0.398438 0.392578 0.398438 0.394531 0.402344 0.398438 0.406250 0.394531 0.402344 0.390625
0 0.519531 0.396484 0.513672 0.400391 0.513672 0.402344 0.511719 0.404297 0.511719 0.406250 0.519531 0.414062 0.523438 0.414062 0.531250 0.406250 0.531250 0.402344 0.525391 0.396484
0 0.246094 0.410156 0.244141 0.412109 0.244141 0.414062 0.246094 0.416016 0.250000 0.416016 0.251953 0.414062 0.251953 0.412109 0.250000 0.410156
1 0.496094 0.417969 0.498047 0.419922 0.500000 0.419922 0.501953 0.421875 0.503906 0.421875 0.505859 0.423828 0.507812 0.423828 0.511719 0.419922 0.507812 0.416016 0.505859 0.416016 0.503906 0.417969 0.500000 0.417969 0.498047 0.416016
0 0.240234 0.423828 0.238281 0.425781 0.238281 0.427734 0.240234 0.429688 0.242188 0.429688 0.244141 0.427734 0.244141 0.425781 0.242188 0.423828
0 0.437500 0.421875 0.435547 0.423828 0.439453 0.427734 0.439453 0.431641 0.441406 0.433594 0.441406 0.437500 0.443359 0.439453 0.447266 0.439453 0.449219 0.437500 0.447266 0.435547 0.449219 0.433594 0.449219 0.425781 0.445312 0.421875
0 0.298828 0.439453 0.294922 0.443359 0.294922 0.447266 0.296875 0.449219 0.300781 0.449219 0.304688 0.445312 0.304688 0.443359 0.302734 0.441406 0.300781 0.441406
0 0.421875 0.449219 0.425781 0.453125 0.427734 0.453125 0.435547 0.445312 0.433594 0.443359 0.423828 0.443359 0.421875 0.445312
0 0.449219 0.451172 0.447266 0.453125 0.451172 0.457031 0.453125 0.455078 0.453125 0.453125 0.451172 0.451172
0 0.560547 0.460938 0.558594 0.462891 0.558594 0.468750 0.562500 0.472656 0.564453 0.472656 0.566406 0.474609 0.568359 0.474609 0.572266 0.470703 0.572266 0.466797 0.566406 0.460938
1 0.228516 0.486328 0.226562 0.486328 0.222656 0.490234 0.222656 0.492188 0.216797 0.498047 0.216797 0.501953 0.218750 0.503906 0.222656 0.500000 0.222656 0.498047 0.228516 0.492188 0.228516 0.490234 0.230469 0.488281
0 0.558594 0.496094 0.554688 0.500000 0.554688 0.503906 0.558594 0.507812 0.560547 0.507812 0.562500 0.509766 0.566406 0.505859 0.566406 0.500000 0.562500 0.496094
0 0.738281 0.501953 0.736328 0.503906 0.736328 0.505859 0.738281 0.507812 0.740234 0.505859 0.740234 0.503906
0 0.089844 0.505859 0.087891 0.507812 0.087891 0.509766 0.089844 0.511719 0.091797 0.509766 0.091797 0.507812
0 0.867188 0.511719 0.865234 0.513672 0.865234 0.515625 0.867188 0.517578 0.869141 0.515625 0.869141 0.513672
0 0.207031 0.517578 0.205078 0.519531 0.205078 0.521484 0.208984 0.525391 0.212891 0.521484 0.208984 0.517578
0 0.494141 0.593750 0.490234 0.593750 0.486328 0.597656 0.486328 0.601562 0.492188 0.607422 0.498047 0.601562 0.498047 0.597656
0 0.580078 0.595703 0.576172 0.599609 0.576172 0.603516 0.580078 0.607422 0.582031 0.605469 0.580078 0.603516 0.583984 0.599609
0 0.535156 0.601562 0.531250 0.601562 0.529297 0.603516 0.529297 0.607422 0.531250 0.609375 0.533203 0.609375 0.537109 0.605469 0.537109 0.603516
0 0.548828 0.603516 0.546875 0.605469 0.546875 0.607422 0.550781 0.611328 0.552734 0.611328 0.556641 0.607422 0.552734 0.603516
0 0.716797 0.605469 0.712891 0.609375 0.714844 0.611328 0.716797 0.611328 0.718750 0.609375 0.718750 0.607422
0 0.679688 0.609375 0.677734 0.611328 0.677734 0.617188 0.679688 0.619141 0.685547 0.619141 0.687500 0.617188 0.687500 0.611328 0.685547 0.609375
0 0.523438 0.628906 0.519531 0.632812 0.523438 0.636719 0.527344 0.632812
0 0.650391 0.644531 0.644531 0.650391 0.644531 0.652344 0.648438 0.656250 0.654297 0.656250 0.660156 0.650391 0.654297 0.644531
0 0.226562 0.666016 0.222656 0.669922 0.224609 0.671875 0.226562 0.671875 0.228516 0.669922 0.228516 0.667969
0 0.734375 0.669922 0.730469 0.669922 0.728516 0.671875 0.732422 0.675781 0.736328 0.671875
0 0.589844 0.689453 0.587891 0.691406 0.589844 0.693359 0.591797 0.691406
0 0.898438 0.687500 0.894531 0.691406 0.894531 0.695312 0.896484 0.697266 0.896484 0.701172 0.898438 0.703125 0.902344 0.703125 0.904297 0.701172 0.904297 0.691406 0.900391 0.687500
0 0.404297 0.705078 0.398438 0.705078 0.396484 0.707031 0.396484 0.718750 0.398438 0.720703 0.406250 0.712891 0.406250 0.707031
1 0.492188 0.708984 0.490234 0.707031 0.484375 0.708984 0.464844 0.707031 0.458984 0.703125 0.453125 0.708984 0.453125 0.718750 0.460938 0.728516 0.457031 0.732422 0.453125 0.732422 0.447266 0.740234 0.451172 0.744141 0.458984 0.744141 0.462891 0.740234 0.460938 0.732422 0.464844 0.728516 0.472656 0.728516 0.482422 0.718750 0.490234 0.716797
0 0.326172 0.707031 0.324219 0.708984 0.322266 0.708984 0.320312 0.710938 0.320312 0.712891 0.318359 0.714844 0.318359 0.716797 0.322266 0.720703 0.324219 0.720703 0.328125 0.716797 0.328125 0.714844 0.330078 0.712891 0.330078 0.710938
0 0.708984 0.710938 0.695312 0.738281 0.695312 0.748047 0.705078 0.759766 0.718750 0.759766 0.728516 0.751953 0.736328 0.757812 0.744141 0.757812 0.757812 0.748047 0.761719 0.738281 0.750000 0.722656 0.734375 0.720703 0.718750 0.708984
0 0.365234 0.712891 0.363281 0.714844 0.363281 0.716797 0.365234 0.718750 0.367188 0.716797 0.367188 0.714844
0 0.517578 0.722656 0.511719 0.728516 0.513672 0.730469 0.513672 0.732422 0.515625 0.734375 0.521484 0.734375 0.525391 0.730469 0.525391 0.726562 0.521484 0.722656
0 0.367188 0.728516 0.365234 0.730469 0.365234 0.734375 0.367188 0.736328 0.369141 0.736328 0.371094 0.734375 0.371094 0.730469 0.369141 0.728516
0 0.490234 0.728516 0.480469 0.736328 0.480469 0.748047 0.488281 0.753906 0.488281 0.757812 0.494141 0.763672 0.496094 0.763672 0.500000 0.759766 0.498047 0.755859 0.501953 0.751953 0.511719 0.751953 0.515625 0.748047 0.515625 0.744141 0.511719 0.738281 0.501953 0.738281 0.492188 0.728516
0 0.398438 0.734375 0.396484 0.736328 0.400391 0.740234 0.402344 0.738281 0.402344 0.736328 0.400391 0.734375
0 0.681641 0.740234 0.679688 0.742188 0.679688 0.744141 0.681641 0.746094 0.683594 0.746094 0.685547 0.744141 0.685547 0.742188 0.683594 0.740234
0 0.603516 0.742188 0.599609 0.746094 0.603516 0.750000 0.605469 0.750000 0.607422 0.748047 0.607422 0.744141 0.605469 0.742188
0 0.648438 0.748047 0.644531 0.751953 0.644531 0.753906 0.646484 0.755859 0.648438 0.755859 0.652344 0.751953
0 0.431641 0.753906 0.427734 0.757812 0.427734 0.759766 0.431641 0.763672 0.437500 0.763672 0.439453 0.761719 0.439453 0.757812 0.435547 0.753906
0 0.541016 0.757812 0.539062 0.759766 0.539062 0.761719 0.542969 0.765625 0.544922 0.763672 0.544922 0.761719
0 0.265625 0.763672 0.261719 0.767578 0.265625 0.771484 0.267578 0.769531 0.267578 0.765625
0 0.453125 0.761719 0.449219 0.765625 0.453125 0.769531 0.457031 0.765625
0 0.789062 0.761719 0.787109 0.763672 0.787109 0.765625 0.789062 0.767578 0.791016 0.767578 0.792969 0.765625
0 0.353516 0.767578 0.349609 0.771484 0.353516 0.775391 0.357422 0.771484
1 0.453125 0.781250 0.453125 0.783203 0.457031 0.787109 0.466797 0.787109 0.470703 0.791016 0.472656 0.791016 0.480469 0.798828 0.482422 0.804688 0.488281 0.808594 0.496094 0.808594 0.505859 0.816406 0.509766 0.816406 0.515625 0.810547 0.515625 0.806641 0.511719 0.802734 0.505859 0.802734 0.498047 0.796875 0.498047 0.789062 0.500000 0.787109 0.500000 0.783203 0.498047 0.781250 0.490234 0.787109 0.476562 0.787109 0.468750 0.783203 0.462891 0.777344 0.462891 0.775391 0.466797 0.771484 0.464844 0.767578 0.462891 0.769531 0.464844 0.773438 0.460938 0.777344 0.457031 0.777344
0 0.486328 0.769531 0.482422 0.773438 0.486328 0.777344 0.488281 0.777344 0.492188 0.773438 0.488281 0.769531
0 0.523438 0.775391 0.521484 0.777344 0.521484 0.783203 0.523438 0.785156 0.527344 0.785156 0.529297 0.783203 0.529297 0.779297 0.525391 0.775391
0 0.546875 0.775391 0.539062 0.781250 0.537109 0.789062 0.541016 0.794922 0.541016 0.798828 0.548828 0.806641 0.558594 0.806641 0.562500 0.802734 0.562500 0.798828 0.564453 0.796875 0.564453 0.785156 0.558594 0.777344 0.554688 0.775391
0 0.587891 0.773438 0.583984 0.777344 0.583984 0.779297 0.585938 0.781250 0.589844 0.781250 0.591797 0.779297 0.591797 0.777344
0 0.912109 0.773438 0.908203 0.777344 0.908203 0.779297 0.912109 0.783203 0.914062 0.783203 0.917969 0.779297
0 0.429688 0.781250 0.425781 0.785156 0.425781 0.789062 0.429688 0.792969 0.433594 0.792969 0.435547 0.791016 0.435547 0.785156 0.431641 0.781250
0 0.417969 0.791016 0.416016 0.791016 0.414062 0.789062 0.410156 0.789062 0.406250 0.792969 0.406250 0.798828 0.396484 0.806641 0.396484 0.810547 0.400391 0.814453 0.408203 0.804688 0.412109 0.804688 0.414062 0.806641 0.416016 0.806641 0.419922 0.802734 0.419922 0.792969
0 0.724609 0.794922 0.722656 0.796875 0.720703 0.796875 0.714844 0.802734 0.714844 0.804688 0.712891 0.806641 0.712891 0.810547 0.720703 0.818359 0.722656 0.818359 0.724609 0.820312 0.730469 0.820312 0.736328 0.816406 0.736328 0.814453 0.740234 0.810547 0.740234 0.806641 0.738281 0.804688 0.738281 0.800781 0.732422 0.794922
0 0.378906 0.808594 0.375000 0.812500 0.378906 0.816406 0.382812 0.812500
0 0.498047 0.822266 0.494141 0.826172 0.498047 0.830078 0.501953 0.826172
0 0.919922 0.820312 0.917969 0.822266 0.917969 0.824219 0.919922 0.826172 0.921875 0.826172 0.923828 0.824219 0.923828 0.822266 0.921875 0.820312
0 0.726562 0.828125 0.720703 0.828125 0.714844 0.833984 0.714844 0.845703 0.718750 0.849609 0.722656 0.849609 0.730469 0.841797 0.730469 0.837891 0.732422 0.835938 0.732422 0.833984
0 0.816406 0.830078 0.814453 0.832031 0.814453 0.833984 0.816406 0.835938 0.818359 0.835938 0.820312 0.833984 0.820312 0.832031 0.818359 0.830078
0 0.398438 0.861328 0.396484 0.863281 0.396484 0.869141 0.398438 0.871094 0.402344 0.871094 0.404297 0.869141 0.404297 0.865234 0.400391 0.861328
0 0.810547 0.875000 0.806641 0.878906 0.806641 0.888672 0.812500 0.892578 0.816406 0.892578 0.822266 0.888672 0.822266 0.886719 0.824219 0.884766 0.824219 0.882812 0.822266 0.880859 0.822266 0.878906 0.818359 0.875000
0 0.734375 0.892578 0.730469 0.896484 0.730469 0.902344 0.734375 0.906250 0.740234 0.906250 0.744141 0.902344 0.744141 0.898438 0.742188 0.896484 0.742188 0.894531 0.740234 0.892578
0 0.759766 0.908203 0.757812 0.908203 0.755859 0.910156 0.755859 0.912109 0.757812 0.914062 0.761719 0.910156
0 0.990234 0.919922 0.986328 0.923828 0.990234 0.927734 0.992188 0.927734 0.996094 0.923828 0.994141 0.921875 0.992188 0.921875
0 0.699219 0.921875 0.693359 0.923828 0.689453 0.927734 0.685547 0.927734 0.679688 0.933594 0.677734 0.937500 0.677734 0.941406 0.683594 0.947266 0.687500 0.949219 0.689453 0.947266 0.697266 0.947266 0.701172 0.945312 0.707031 0.939453 0.707031 0.933594 0.703125 0.925781
0 0.923828 0.921875 0.921875 0.923828 0.921875 0.929688 0.925781 0.933594 0.927734 0.933594 0.933594 0.927734 0.933594 0.925781 0.929688 0.921875
0 0.683594 0.970703 0.677734 0.976562 0.677734 0.980469 0.683594 0.986328 0.683594 0.990234 0.687500 0.994141 0.689453 0.992188 0.687500 0.990234 0.687500 0.986328 0.691406 0.980469 0.691406 0.974609 0.687500 0.970703
1 0.490234 0.998047 0.507812 0.998047 0.503906 0.994141 0.501953 0.994141 0.500000 0.992188 0.498047 0.992188 0.496094 0.994141 0.494141 0.994141
