0 0.296875 0.001953 0.294922 0.003906 0.294922 0.007812 0.300781 0.013672 0.302734 0.011719 0.302734 0.005859 0.300781 0.003906 0.298828 0.003906
0 0.388672 0.058594 0.375000 0.074219 0.378906 0.078125 0.384766 0.076172 0.394531 0.082031 0.398438 0.078125 0.396484 0.076172 0.396484 0.062500 0.392578 0.058594
0 0.259766 0.064453 0.257812 0.066406 0.259766 0.068359 0.261719 0.068359 0.263672 0.066406 0.261719 0.064453
1 0.023438 0.083984 0.000000 0.132812 0.070312 0.119141 0.000000 0.240234 0.085938 0.115234 0.160156 0.148438 0.123047 0.195312 0.164062 0.191406 0.093750 0.292969 0.000000 0.255859 0.031250 0.330078 0.101562 0.304688 0.000000 0.398438 0.017578 0.544922 0.093750 0.681641 0.175781 0.669922 0.167969 0.751953 0.210938 0.720703 0.248047 0.757812 0.226562 0.998047 0.380859 0.998047 0.351562 0.937500 0.275391 0.949219 0.265625 0.871094 0.449219 0.816406 0.546875 0.640625 0.496094 0.558594 0.380859 0.587891 0.414062 0.500000 0.343750 0.578125 0.306641 0.531250 0.365234 0.509766 0.330078 0.431641 0.287109 0.458984 0.279297 0.402344 0.158203 0.345703 0.226562 0.277344 0.238281 0.347656 0.267578 0.257812 0.345703 0.267578 0.242188 0.255859 0.121094 0.314453 0.177734 0.148438
1 0.386719 0.089844 0.378906 0.097656 0.378906 0.101562 0.371094 0.109375 0.371094 0.111328 0.375000 0.115234 0.378906 0.111328 0.380859 0.105469 0.390625 0.095703 0.390625 0.093750
0 0.367188 0.097656 0.363281 0.097656 0.361328 0.099609 0.365234 0.103516 0.369141 0.099609
0 0.316406 0.136719 0.312500 0.140625 0.312500 0.148438 0.316406 0.152344 0.318359 0.152344 0.320312 0.154297 0.326172 0.154297 0.330078 0.148438 0.330078 0.144531 0.332031 0.142578 0.332031 0.140625 0.328125 0.136719
1 0.013672 0.154297 0.011719 0.152344 0.009766 0.154297 0.007812 0.154297 0.005859 0.156250 0.003906 0.154297 0.001953 0.156250 0.000000 0.156250 0.000000 0.164062 0.001953 0.164062 0.009766 0.156250 0.011719 0.156250
0 0.343750 0.156250 0.341797 0.158203 0.341797 0.160156 0.343750 0.162109 0.345703 0.162109 0.347656 0.160156 0.347656 0.158203 0.345703 0.156250
0 0.228516 0.175781 0.224609 0.171875 0.220703 0.175781 0.222656 0.177734 0.226562 0.177734
0 0.093750 0.187500 0.091797 0.185547 0.085938 0.185547 0.083984 0.187500 0.078125 0.187500 0.072266 0.191406 0.076172 0.197266 0.083984 0.197266 0.089844 0.191406 0.091797 0.191406 0.093750 0.189453
0 0.302734 0.185547 0.300781 0.187500 0.300781 0.191406 0.302734 0.193359 0.308594 0.193359 0.310547 0.191406 0.310547 0.187500 0.308594 0.185547
0 0.691406 0.195312 0.689453 0.197266 0.689453 0.199219 0.691406 0.201172 0.693359 0.201172 0.695312 0.199219 0.695312 0.197266 0.693359 0.195312
0 0.234375 0.199219 0.230469 0.203125 0.236328 0.208984 0.240234 0.205078 0.240234 0.203125 0.236328 0.199219
0 0.193359 0.203125 0.191406 0.205078 0.193359 0.207031 0.195312 0.205078
0 0.199219 0.208984 0.197266 0.210938 0.197266 0.212891 0.195312 0.214844 0.197266 0.216797 0.197266 0.220703 0.201172 0.224609 0.205078 0.220703 0.205078 0.212891 0.201172 0.208984
0 0.273438 0.224609 0.269531 0.228516 0.269531 0.230469 0.273438 0.234375 0.277344 0.234375 0.281250 0.230469 0.281250 0.226562 0.279297 0.224609
0 0.349609 0.275391 0.345703 0.279297 0.345703 0.281250 0.349609 0.285156 0.351562 0.285156 0.353516 0.283203 0.351562 0.281250 0.353516 0.279297
1 0.304688 0.287109 0.302734 0.287109 0.300781 0.289062 0.300781 0.294922 0.292969 0.302734 0.292969 0.304688 0.291016 0.306641 0.292969 0.308594 0.294922 0.308594 0.296875 0.306641 0.296875 0.304688 0.300781 0.300781 0.306641 0.300781 0.310547 0.296875 0.310547 0.294922 0.306641 0.291016 0.306641 0.289062
1 0.341797 0.285156 0.339844 0.285156 0.337891 0.287109 0.337891 0.292969 0.335938 0.294922 0.335938 0.296875 0.333984 0.298828 0.337891 0.302734 0.341797 0.298828 0.339844 0.296875 0.343750 0.292969 0.343750 0.287109
0 0.312500 0.306641 0.310547 0.308594 0.310547 0.312500 0.312500 0.314453 0.314453 0.314453 0.316406 0.312500 0.316406 0.308594 0.314453 0.306641
0 0.367188 0.310547 0.365234 0.312500 0.367188 0.314453 0.369141 0.312500
1 0.287109 0.312500 0.277344 0.322266 0.273438 0.324219 0.271484 0.322266 0.257812 0.335938 0.255859 0.343750 0.259766 0.347656 0.267578 0.343750 0.277344 0.333984 0.281250 0.326172 0.281250 0.322266 0.289062 0.314453
1 0.000000 0.316406 0.000000 0.328125 0.001953 0.326172 0.001953 0.318359
0 0.347656 0.326172 0.345703 0.328125 0.347656 0.330078 0.349609 0.328125
0 0.376953 0.326172 0.375000 0.328125 0.375000 0.332031 0.376953 0.333984 0.378906 0.333984 0.382812 0.330078 0.378906 0.326172
0 0.986328 0.330078 0.984375 0.332031 0.984375 0.337891 0.986328 0.339844 0.990234 0.339844 0.992188 0.337891 0.992188 0.332031 0.990234 0.330078
0 0.000000 0.333984 0.000000 0.349609 0.003906 0.349609 0.005859 0.347656 0.007812 0.347656 0.011719 0.343750 0.013672 0.345703 0.015625 0.343750 0.015625 0.339844 0.013672 0.337891 0.011719 0.339844 0.009766 0.337891 0.005859 0.337891
0 0.738281 0.332031 0.736328 0.333984 0.738281 0.335938 0.740234 0.333984
0 0.558594 0.347656 0.556641 0.349609 0.558594 0.351562 0.560547 0.349609
0 0.333984 0.351562 0.330078 0.355469 0.332031 0.357422 0.332031 0.359375 0.333984 0.361328 0.337891 0.361328 0.339844 0.359375 0.339844 0.357422
0 0.468750 0.359375 0.464844 0.359375 0.460938 0.363281 0.460938 0.365234 0.464844 0.369141 0.466797 0.369141 0.468750 0.367188 0.468750 0.365234 0.470703 0.363281 0.470703 0.361328
0 0.498047 0.375000 0.496094 0.376953 0.496094 0.378906 0.498047 0.380859 0.500000 0.380859 0.501953 0.378906 0.501953 0.376953 0.500000 0.375000
0 0.703125 0.378906 0.699219 0.382812 0.699219 0.386719 0.703125 0.390625 0.707031 0.390625 0.710938 0.386719 0.710938 0.382812 0.707031 0.378906
0 0.341797 0.388672 0.339844 0.390625 0.339844 0.392578 0.341797 0.394531 0.343750 0.392578 0.343750 0.390625
1 0.376953 0.394531 0.380859 0.398438 0.384766 0.398438 0.394531 0.408203 0.396484 0.406250 0.396484 0.404297 0.392578 0.400391 0.390625 0.400391 0.382812 0.392578 0.378906 0.392578
0 0.421875 0.398438 0.419922 0.400391 0.419922 0.402344 0.421875 0.404297 0.423828 0.404297 0.425781 0.402344
0 0.423828 0.416016 0.410156 0.419922 0.402344 0.412109 0.396484 0.417969 0.398438 0.421875 0.392578 0.433594 0.396484 0.449219 0.392578 0.455078 0.398438 0.460938 0.402344 0.458984 0.402344 0.449219 0.412109 0.441406 0.406250 0.433594 0.410156 0.429688 0.414062 0.429688 0.421875 0.437500 0.431641 0.431641
0 0.570312 0.433594 0.568359 0.433594 0.564453 0.437500 0.564453 0.441406 0.566406 0.443359 0.570312 0.443359 0.574219 0.439453 0.574219 0.437500
0 0.447266 0.443359 0.443359 0.449219 0.443359 0.458984 0.449219 0.462891 0.453125 0.462891 0.458984 0.457031 0.458984 0.447266 0.453125 0.443359
0 0.662109 0.443359 0.660156 0.445312 0.662109 0.447266 0.664062 0.447266 0.666016 0.445312 0.664062 0.443359
1 0.423828 0.451172 0.419922 0.455078 0.425781 0.460938 0.425781 0.462891 0.429688 0.466797 0.431641 0.464844 0.433594 0.466797 0.435547 0.466797 0.437500 0.464844 0.437500 0.462891 0.425781 0.451172
0 0.494141 0.458984 0.486328 0.466797 0.486328 0.472656 0.488281 0.476562 0.496094 0.484375 0.500000 0.486328 0.507812 0.482422 0.515625 0.474609 0.517578 0.468750 0.509766 0.460938 0.505859 0.460938 0.503906 0.458984
0 0.382812 0.460938 0.376953 0.460938 0.373047 0.464844 0.373047 0.468750 0.371094 0.470703 0.375000 0.474609 0.376953 0.474609 0.378906 0.472656 0.380859 0.472656 0.384766 0.468750 0.384766 0.462891
0 0.441406 0.470703 0.439453 0.472656 0.441406 0.474609 0.443359 0.472656
0 0.396484 0.480469 0.394531 0.482422 0.396484 0.484375 0.398438 0.482422
0 0.529297 0.482422 0.525391 0.486328 0.525391 0.490234 0.527344 0.492188 0.529297 0.492188 0.531250 0.494141 0.533203 0.494141 0.539062 0.488281 0.533203 0.482422
0 0.638672 0.492188 0.634766 0.496094 0.638672 0.500000 0.640625 0.500000 0.642578 0.498047 0.642578 0.496094
0 0.441406 0.496094 0.439453 0.498047 0.439453 0.500000 0.443359 0.503906 0.447266 0.500000 0.443359 0.496094
0 0.488281 0.503906 0.482422 0.509766 0.484375 0.511719 0.484375 0.513672 0.486328 0.515625 0.488281 0.515625 0.494141 0.509766
0 0.367188 0.529297 0.365234 0.529297 0.363281 0.531250 0.363281 0.535156 0.365234 0.537109 0.367188 0.535156 0.369141 0.535156 0.371094 0.533203
0 0.724609 0.542969 0.722656 0.544922 0.724609 0.546875 0.726562 0.544922
0 0.265625 0.552734 0.263672 0.554688 0.263672 0.558594 0.267578 0.562500 0.269531 0.562500 0.271484 0.560547 0.271484 0.558594
0 0.556641 0.550781 0.552734 0.554688 0.552734 0.556641 0.554688 0.558594 0.558594 0.558594 0.560547 0.556641 0.560547 0.554688
0 0.511719 0.554688 0.509766 0.556641 0.509766 0.558594 0.511719 0.560547 0.513672 0.558594 0.513672 0.556641
1 0.542969 0.558594 0.539062 0.558594 0.537109 0.560547 0.539062 0.566406 0.535156 0.570312 0.531250 0.570312 0.525391 0.574219 0.525391 0.580078 0.531250 0.587891 0.533203 0.587891 0.539062 0.582031 0.539062 0.580078 0.541016 0.578125 0.541016 0.574219 0.542969 0.572266 0.541016 0.570312 0.541016 0.568359 0.544922 0.564453 0.544922 0.560547
0 0.587891 0.568359 0.583984 0.572266 0.583984 0.578125 0.587891 0.582031 0.591797 0.582031 0.595703 0.578125 0.595703 0.572266 0.591797 0.568359
0 0.640625 0.568359 0.636719 0.572266 0.640625 0.576172 0.642578 0.576172 0.646484 0.572266 0.642578 0.568359
0 0.744141 0.568359 0.736328 0.574219 0.736328 0.580078 0.738281 0.582031 0.744141 0.583984 0.748047 0.587891 0.748047 0.595703 0.750000 0.597656 0.753906 0.591797 0.753906 0.589844 0.751953 0.587891 0.751953 0.583984 0.750000 0.582031 0.750000 0.580078 0.751953 0.578125 0.751953 0.574219 0.746094 0.568359
0 0.267578 0.585938 0.263672 0.585938 0.261719 0.587891 0.261719 0.591797 0.263672 0.593750 0.265625 0.591797 0.267578 0.591797 0.269531 0.589844 0.269531 0.587891
0 0.576172 0.597656 0.572266 0.601562 0.576172 0.605469 0.578125 0.605469 0.582031 0.601562 0.578125 0.597656
0 0.632812 0.597656 0.630859 0.599609 0.632812 0.601562 0.634766 0.601562 0.636719 0.599609 0.634766 0.597656
0 0.482422 0.605469 0.480469 0.607422 0.482422 0.609375 0.484375 0.607422
0 0.679688 0.607422 0.677734 0.607422 0.675781 0.609375 0.675781 0.611328 0.677734 0.613281 0.681641 0.609375
0 0.572266 0.619141 0.568359 0.623047 0.568359 0.625000 0.572266 0.628906 0.574219 0.628906 0.576172 0.626953 0.576172 0.625000 0.578125 0.623047 0.574219 0.619141
0 0.457031 0.625000 0.453125 0.628906 0.457031 0.632812 0.458984 0.630859 0.458984 0.626953
0 0.437500 0.636719 0.441406 0.640625 0.443359 0.640625 0.447266 0.636719 0.449219 0.636719 0.451172 0.638672 0.453125 0.636719 0.451172 0.634766 0.449219 0.636719 0.443359 0.630859 0.441406 0.630859 0.439453 0.632812 0.439453 0.634766
0 0.916016 0.628906 0.914062 0.630859 0.914062 0.632812 0.916016 0.634766 0.916016 0.636719 0.919922 0.640625 0.921875 0.638672 0.921875 0.636719 0.919922 0.634766 0.919922 0.632812 0.921875 0.630859 0.919922 0.628906
0 0.880859 0.636719 0.876953 0.636719 0.875000 0.638672 0.878906 0.642578 0.882812 0.638672
0 0.757812 0.644531 0.755859 0.646484 0.755859 0.648438 0.757812 0.650391 0.759766 0.648438 0.759766 0.646484
0 0.824219 0.646484 0.820312 0.650391 0.820312 0.652344 0.824219 0.656250 0.826172 0.656250 0.830078 0.652344
0 0.865234 0.662109 0.863281 0.664062 0.867188 0.667969 0.869141 0.666016 0.869141 0.664062 0.867188 0.662109
0 0.771484 0.677734 0.769531 0.679688 0.769531 0.683594 0.773438 0.687500 0.775391 0.687500 0.779297 0.683594 0.777344 0.681641 0.777344 0.679688 0.775391 0.677734
1 0.871094 0.693359 0.867188 0.689453 0.863281 0.689453 0.847656 0.701172 0.843750 0.701172 0.841797 0.703125 0.837891 0.701172 0.832031 0.707031 0.832031 0.716797 0.837891 0.722656 0.845703 0.722656 0.861328 0.705078 0.869141 0.701172
0 0.724609 0.701172 0.720703 0.697266 0.712891 0.697266 0.710938 0.699219 0.708984 0.699219 0.703125 0.703125 0.703125 0.705078 0.701172 0.707031 0.701172 0.710938 0.703125 0.712891 0.708984 0.714844 0.710938 0.712891 0.712891 0.712891 0.716797 0.708984 0.718750 0.708984 0.722656 0.705078 0.722656 0.703125
0 0.916016 0.705078 0.914062 0.707031 0.916016 0.708984 0.916016 0.710938 0.917969 0.712891 0.917969 0.716797 0.921875 0.720703 0.925781 0.720703 0.929688 0.716797 0.929688 0.714844 0.919922 0.705078
0 0.810547 0.708984 0.806641 0.712891 0.806641 0.714844 0.810547 0.720703 0.810547 0.726562 0.814453 0.730469 0.820312 0.730469 0.824219 0.724609 0.824219 0.720703 0.822266 0.718750 0.822266 0.716797 0.818359 0.712891 0.816406 0.712891 0.812500 0.708984
0 0.880859 0.710938 0.876953 0.716797 0.878906 0.718750 0.878906 0.720703 0.884766 0.726562 0.888672 0.726562 0.890625 0.728516 0.892578 0.726562 0.890625 0.724609 0.892578 0.722656 0.892578 0.720703 0.894531 0.718750 0.896484 0.712891 0.894531 0.710938
0 0.982422 0.720703 0.978516 0.720703 0.974609 0.724609 0.978516 0.728516 0.980469 0.726562 0.982422 0.726562 0.984375 0.724609 0.984375 0.722656
0 0.896484 0.730469 0.892578 0.734375 0.894531 0.736328 0.896484 0.736328 0.898438 0.734375 0.898438 0.732422
0 0.943359 0.732422 0.939453 0.736328 0.943359 0.740234 0.947266 0.736328
0 0.970703 0.736328 0.968750 0.738281 0.970703 0.740234 0.972656 0.740234 0.974609 0.738281 0.972656 0.736328
1 0.824219 0.744141 0.812500 0.738281 0.800781 0.746094 0.802734 0.757812 0.796875 0.765625 0.781250 0.753906 0.771484 0.759766 0.757812 0.757812 0.748047 0.765625 0.750000 0.775391 0.744141 0.781250 0.710938 0.783203 0.707031 0.791016 0.738281 0.812500 0.722656 0.824219 0.693359 0.828125 0.687500 0.857422 0.699219 0.865234 0.728516 0.857422 0.742188 0.861328 0.740234 0.849609 0.748047 0.832031 0.744141 0.816406 0.748047 0.796875 0.767578 0.777344 0.771484 0.781250 0.767578 0.792969 0.771484 0.796875 0.785156 0.791016 0.798828 0.798828 0.802734 0.785156 0.796875 0.775391 0.814453 0.771484 0.822266 0.759766
0 0.910156 0.751953 0.908203 0.753906 0.908203 0.757812 0.910156 0.759766 0.912109 0.759766 0.916016 0.755859 0.912109 0.751953
0 0.400391 0.753906 0.398438 0.755859 0.398438 0.757812 0.400391 0.759766 0.402344 0.757812 0.402344 0.755859
0 0.892578 0.759766 0.890625 0.757812 0.880859 0.769531 0.875000 0.767578 0.869141 0.769531 0.861328 0.761719 0.857422 0.761719 0.851562 0.769531 0.855469 0.773438 0.863281 0.775391 0.869141 0.783203 0.876953 0.783203 0.880859 0.785156 0.884766 0.781250 0.884766 0.771484
0 0.398438 0.763672 0.392578 0.769531 0.392578 0.773438 0.396484 0.777344 0.398438 0.777344 0.402344 0.773438 0.402344 0.767578
0 0.501953 0.769531 0.498047 0.773438 0.501953 0.777344 0.505859 0.773438
0 0.687500 0.769531 0.685547 0.771484 0.685547 0.773438 0.683594 0.775391 0.683594 0.777344 0.689453 0.783203 0.693359 0.783203 0.697266 0.779297 0.697266 0.777344 0.699219 0.775391 0.699219 0.773438 0.695312 0.769531
0 0.433594 0.775391 0.431641 0.777344 0.431641 0.781250 0.435547 0.785156 0.437500 0.785156 0.439453 0.783203 0.439453 0.779297 0.435547 0.775391
0 0.949219 0.781250 0.947266 0.781250 0.945312 0.783203 0.943359 0.783203 0.941406 0.785156 0.941406 0.787109 0.939453 0.789062 0.939453 0.791016 0.943359 0.794922 0.945312 0.794922 0.947266 0.792969 0.949219 0.792969 0.953125 0.789062 0.953125 0.785156
0 0.990234 0.781250 0.986328 0.785156 0.986328 0.789062 0.988281 0.791016 0.988281 0.792969 0.990234 0.794922 0.994141 0.794922 0.996094 0.792969 0.994141 0.791016 0.998047 0.787109 0.992188 0.781250
0 0.677734 0.785156 0.675781 0.787109 0.677734 0.789062 0.679688 0.787109
0 0.490234 0.794922 0.486328 0.791016 0.482422 0.794922 0.484375 0.796875 0.488281 0.796875
0 0.583984 0.791016 0.582031 0.792969 0.582031 0.794922 0.583984 0.796875 0.585938 0.796875 0.587891 0.794922 0.587891 0.792969 0.585938 0.791016
0 0.642578 0.800781 0.638672 0.800781 0.636719 0.802734 0.634766 0.802734 0.630859 0.808594 0.630859 0.818359 0.636719 0.824219 0.640625 0.824219 0.642578 0.822266 0.644531 0.822266 0.648438 0.818359 0.648438 0.816406 0.650391 0.814453 0.650391 0.808594 0.648438 0.806641 0.648438 0.804688
0 0.804688 0.810547 0.802734 0.812500 0.804688 0.814453 0.806641 0.814453 0.808594 0.812500 0.806641 0.810547
0 0.916016 0.808594 0.910156 0.814453 0.910156 0.816406 0.914062 0.820312 0.917969 0.820312 0.921875 0.816406 0.921875 0.812500 0.919922 0.810547 0.917969 0.810547
0 0.992188 0.816406 0.990234 0.818359 0.988281 0.818359 0.986328 0.820312 0.984375 0.820312 0.980469 0.824219 0.980469 0.828125 0.986328 0.833984 0.990234 0.833984 0.994141 0.830078 0.994141 0.824219 0.996094 0.822266 0.996094 0.820312
0 0.857422 0.824219 0.853516 0.828125 0.857422 0.832031 0.861328 0.828125
0 0.914062 0.830078 0.896484 0.824219 0.886719 0.830078 0.884766 0.841797 0.892578 0.851562 0.884766 0.859375 0.886719 0.863281 0.890625 0.863281 0.894531 0.859375 0.892578 0.857422 0.896484 0.853516 0.906250 0.853516 0.914062 0.845703 0.917969 0.837891
1 0.962891 0.826172 0.947266 0.843750 0.951172 0.859375 0.947266 0.878906 0.960938 0.878906 0.964844 0.882812 0.957031 0.927734 0.912109 0.951172 0.908203 0.962891 0.912109 0.982422 0.894531 0.998047 0.912109 0.998047 0.931641 0.968750 0.929688 0.960938 0.935547 0.957031 0.943359 0.962891 0.947266 0.958984 0.945312 0.949219 0.976562 0.917969 0.966797 0.902344 0.976562 0.882812 0.964844 0.875000 0.964844 0.863281 0.968750 0.859375 0.992188 0.859375 0.998047 0.863281 0.998047 0.847656 0.980469 0.845703
0 0.527344 0.833984 0.523438 0.833984 0.521484 0.835938 0.521484 0.839844 0.523438 0.841797 0.525391 0.841797 0.527344 0.839844 0.527344 0.837891 0.529297 0.835938
0 0.685547 0.865234 0.650391 0.855469 0.640625 0.880859 0.625000 0.878906 0.605469 0.894531 0.595703 0.896484 0.574219 0.884766 0.556641 0.888672 0.548828 0.896484 0.550781 0.910156 0.591797 0.929688 0.580078 0.941406 0.582031 0.957031 0.568359 0.974609 0.562500 0.968750 0.564453 0.953125 0.554688 0.941406 0.531250 0.957031 0.513672 0.955078 0.507812 0.966797 0.519531 0.982422 0.537109 0.966797 0.544922 0.998047 0.677734 0.998047 0.683594 0.988281 0.677734 0.974609 0.666016 0.972656 0.650391 0.982422 0.642578 0.962891 0.615234 0.945312 0.634766 0.933594 0.625000 0.917969 0.628906 0.906250 0.667969 0.888672 0.685547 0.875000
0 0.332031 0.867188 0.328125 0.871094 0.328125 0.873047 0.332031 0.876953 0.333984 0.876953 0.337891 0.873047 0.337891 0.871094 0.333984 0.867188
0 0.591797 0.867188 0.585938 0.873047 0.585938 0.876953 0.587891 0.878906 0.587891 0.880859 0.591797 0.884766 0.593750 0.884766 0.595703 0.886719 0.601562 0.886719 0.605469 0.882812 0.605469 0.873047 0.601562 0.869141 0.599609 0.869141 0.597656 0.867188
0 0.535156 0.878906 0.537109 0.880859 0.541016 0.880859 0.546875 0.875000 0.544922 0.873047 0.537109 0.873047 0.535156 0.875000
1 0.716797 0.876953 0.714844 0.875000 0.712891 0.875000 0.708984 0.878906 0.705078 0.878906 0.703125 0.876953 0.699219 0.876953 0.695312 0.880859 0.695312 0.882812 0.699219 0.886719 0.701172 0.886719 0.707031 0.882812 0.712891 0.886719 0.716797 0.882812
0 0.171875 0.880859 0.167969 0.884766 0.167969 0.886719 0.171875 0.890625 0.173828 0.890625 0.177734 0.886719 0.177734 0.884766 0.173828 0.880859
0 0.455078 0.878906 0.447266 0.886719 0.451172 0.890625 0.451172 0.892578 0.453125 0.894531 0.455078 0.894531 0.457031 0.896484 0.458984 0.896484 0.464844 0.890625 0.464844 0.884766 0.458984 0.878906
0 0.441406 0.882812 0.437500 0.882812 0.435547 0.884766 0.435547 0.886719 0.439453 0.890625 0.443359 0.886719 0.443359 0.884766
0 0.685547 0.886719 0.679688 0.892578 0.683594 0.896484 0.687500 0.896484 0.689453 0.894531 0.689453 0.890625
0 0.722656 0.896484 0.718750 0.900391 0.718750 0.902344 0.720703 0.904297 0.724609 0.904297 0.726562 0.902344 0.726562 0.900391
1 0.792969 0.908203 0.781250 0.904297 0.775391 0.910156 0.777344 0.921875 0.753906 0.935547 0.742188 0.953125 0.703125 0.958984 0.697266 0.974609 0.708984 0.988281 0.720703 0.976562 0.738281 0.998047 0.755859 0.998047 0.759766 0.976562 0.773438 0.970703 0.787109 0.955078 0.791016 0.937500 0.785156 0.925781
0 0.472656 0.912109 0.468750 0.916016 0.468750 0.917969 0.466797 0.919922 0.470703 0.925781 0.470703 0.935547 0.474609 0.939453 0.476562 0.939453 0.480469 0.935547 0.480469 0.923828 0.482422 0.921875 0.482422 0.917969 0.476562 0.912109
1 0.730469 0.919922 0.728516 0.919922 0.722656 0.925781 0.722656 0.929688 0.720703 0.931641 0.722656 0.933594 0.718750 0.937500 0.718750 0.939453 0.724609 0.945312 0.730469 0.939453 0.730469 0.935547 0.734375 0.929688 0.734375 0.923828
0 0.833984 0.925781 0.830078 0.929688 0.832031 0.931641 0.833984 0.931641 0.835938 0.929688 0.835938 0.927734
0 0.212891 0.931641 0.207031 0.937500 0.207031 0.943359 0.212891 0.949219 0.216797 0.949219 0.222656 0.945312 0.222656 0.943359 0.224609 0.941406 0.224609 0.937500 0.218750 0.931641
0 0.419922 0.945312 0.417969 0.951172 0.421875 0.955078 0.423828 0.955078 0.425781 0.957031 0.435547 0.957031 0.441406 0.951172 0.433594 0.939453 0.429688 0.939453 0.427734 0.941406 0.425781 0.941406
0 0.697266 0.937500 0.695312 0.937500 0.689453 0.943359 0.689453 0.945312 0.691406 0.947266 0.691406 0.949219 0.693359 0.951172 0.697266 0.951172 0.701172 0.947266 0.701172 0.941406
0 0.835938 0.941406 0.826172 0.941406 0.822266 0.945312 0.812500 0.949219 0.806641 0.960938 0.808594 0.962891 0.808594 0.966797 0.814453 0.970703 0.822266 0.970703 0.830078 0.966797 0.835938 0.966797 0.843750 0.955078 0.841797 0.953125 0.841797 0.947266
0 0.466797 0.955078 0.462891 0.958984 0.462891 0.964844 0.468750 0.970703 0.476562 0.970703 0.482422 0.964844 0.482422 0.960938 0.476562 0.955078
1 0.996094 0.958984 0.988281 0.966797 0.990234 0.968750 0.990234 0.970703 0.998047 0.978516 0.998047 0.958984
0 0.810547 0.978516 0.806641 0.982422 0.808594 0.984375 0.810547 0.984375 0.812500 0.982422 0.812500 0.980469
1 0.498047 0.986328 0.492188 0.980469 0.490234 0.980469 0.486328 0.984375 0.486328 0.988281 0.482422 0.992188 0.476562 0.992188 0.474609 0.994141 0.453125 0.994141 0.451172 0.996094 0.451172 0.998047 0.494141 0.998047 0.492188 0.996094 0.496094 0.992188 0.496094 0.988281
0 0.867188 0.994141 0.867188 0.996094 0.869141 0.998047 0.880859 0.998047 0.878906 0.996094 0.878906 0.994141 0.873047 0.988281 0.871094 0.988281 0.869141 0.990234 0.869141 0.992188
