1 0.226562 0.000000 0.228516 0.001953 0.230469 0.001953 0.232422 0.000000
0 0.304688 0.023438 0.300781 0.027344 0.300781 0.031250 0.302734 0.033203 0.308594 0.033203 0.310547 0.031250 0.310547 0.027344 0.306641 0.023438
0 0.283203 0.054688 0.279297 0.054688 0.277344 0.056641 0.277344 0.060547 0.281250 0.064453 0.283203 0.062500 0.285156 0.062500 0.285156 0.058594 0.283203 0.056641
0 0.306641 0.054688 0.302734 0.058594 0.302734 0.060547 0.308594 0.066406 0.314453 0.066406 0.318359 0.062500 0.318359 0.060547 0.314453 0.056641 0.312500 0.056641 0.310547 0.054688
0 0.218750 0.074219 0.212891 0.080078 0.212891 0.082031 0.214844 0.083984 0.216797 0.083984 0.218750 0.085938 0.222656 0.082031 0.222656 0.078125
0 0.300781 0.074219 0.294922 0.074219 0.292969 0.076172 0.292969 0.078125 0.296875 0.082031 0.296875 0.083984 0.298828 0.082031 0.300781 0.082031 0.302734 0.080078 0.302734 0.076172
0 0.490234 0.107422 0.486328 0.107422 0.484375 0.109375 0.484375 0.113281 0.486328 0.115234 0.488281 0.115234 0.490234 0.113281
0 0.167969 0.111328 0.166016 0.113281 0.160156 0.113281 0.156250 0.117188 0.156250 0.121094 0.160156 0.125000 0.162109 0.125000 0.167969 0.119141 0.167969 0.117188 0.169922 0.115234 0.169922 0.113281
0 0.298828 0.115234 0.296875 0.117188 0.296875 0.119141 0.298828 0.121094 0.300781 0.121094 0.302734 0.119141 0.302734 0.117188 0.300781 0.115234
0 0.248047 0.123047 0.246094 0.125000 0.246094 0.132812 0.248047 0.132812 0.253906 0.136719 0.259766 0.136719 0.263672 0.130859 0.263672 0.126953 0.261719 0.125000 0.259766 0.125000 0.255859 0.121094 0.251953 0.121094 0.250000 0.123047
0 0.318359 0.132812 0.316406 0.134766 0.316406 0.136719 0.318359 0.138672 0.320312 0.138672 0.322266 0.136719 0.322266 0.134766 0.320312 0.132812
1 0.003906 0.142578 0.005859 0.144531 0.003906 0.146484 0.001953 0.146484 0.001953 0.148438 0.000000 0.150391 0.000000 0.166016 0.003906 0.166016 0.003906 0.164062 0.005859 0.162109 0.005859 0.158203 0.007812 0.156250 0.005859 0.154297 0.005859 0.150391 0.009766 0.146484 0.007812 0.146484
0 0.513672 0.144531 0.511719 0.146484 0.511719 0.152344 0.513672 0.154297 0.519531 0.154297 0.521484 0.152344 0.521484 0.146484 0.519531 0.144531
0 0.412109 0.158203 0.408203 0.158203 0.404297 0.162109 0.408203 0.166016 0.410156 0.166016 0.410156 0.164062 0.412109 0.162109
0 0.111328 0.160156 0.109375 0.162109 0.109375 0.164062 0.107422 0.166016 0.109375 0.166016 0.111328 0.167969 0.113281 0.167969 0.115234 0.166016 0.115234 0.162109 0.113281 0.160156
0 0.324219 0.160156 0.322266 0.162109 0.322266 0.166016 0.324219 0.167969 0.326172 0.167969 0.330078 0.164062 0.328125 0.164062
1 0.017578 0.166016 0.015625 0.164062 0.013672 0.166016 0.013672 0.167969 0.007812 0.173828 0.001953 0.173828 0.003906 0.173828 0.005859 0.175781 0.007812 0.173828 0.011719 0.173828 0.017578 0.167969
0 0.476562 0.169922 0.476562 0.179688 0.478516 0.179688 0.480469 0.181641 0.486328 0.181641 0.488281 0.179688 0.488281 0.173828 0.484375 0.169922
0 0.214844 0.171875 0.212891 0.173828 0.212891 0.177734 0.214844 0.179688 0.214844 0.181641 0.222656 0.181641 0.224609 0.179688 0.224609 0.173828 0.222656 0.171875
0 0.275391 0.171875 0.275391 0.173828 0.273438 0.175781 0.271484 0.175781 0.273438 0.177734 0.271484 0.179688 0.273438 0.181641 0.273438 0.183594 0.277344 0.187500 0.283203 0.187500 0.287109 0.183594 0.287109 0.177734 0.283203 0.173828 0.281250 0.173828 0.279297 0.171875
0 0.537109 0.185547 0.535156 0.187500 0.535156 0.193359 0.539062 0.197266 0.544922 0.197266 0.546875 0.195312 0.546875 0.187500 0.544922 0.185547
0 0.125000 0.189453 0.125000 0.191406 0.126953 0.191406 0.126953 0.189453
0 0.234375 0.187500 0.234375 0.189453 0.232422 0.191406 0.232422 0.193359 0.236328 0.197266 0.236328 0.199219 0.238281 0.199219 0.240234 0.201172 0.246094 0.201172 0.248047 0.199219 0.248047 0.195312 0.242188 0.189453 0.238281 0.189453 0.236328 0.187500
0 0.607422 0.201172 0.605469 0.203125 0.605469 0.205078 0.607422 0.207031 0.611328 0.207031 0.613281 0.205078 0.613281 0.203125 0.611328 0.201172
0 0.271484 0.214844 0.271484 0.218750 0.273438 0.220703 0.281250 0.220703 0.281250 0.218750 0.283203 0.216797 0.281250 0.214844 0.281250 0.212891 0.273438 0.212891
0 0.515625 0.228516 0.523438 0.236328 0.525391 0.236328 0.529297 0.232422 0.529297 0.230469 0.525391 0.226562 0.517578 0.226562
0 0.160156 0.234375 0.158203 0.236328 0.158203 0.238281 0.160156 0.240234 0.162109 0.240234 0.164062 0.238281 0.164062 0.236328 0.162109 0.234375
0 0.451172 0.238281 0.443359 0.246094 0.437500 0.248047 0.437500 0.259766 0.441406 0.263672 0.451172 0.263672 0.455078 0.267578 0.455078 0.271484 0.457031 0.273438 0.460938 0.267578 0.470703 0.263672 0.470703 0.257812 0.464844 0.244141 0.460938 0.240234 0.453125 0.240234
0 0.060547 0.259766 0.058594 0.261719 0.058594 0.265625 0.060547 0.267578 0.062500 0.267578 0.064453 0.265625 0.064453 0.263672 0.062500 0.261719 0.062500 0.259766
0 0.277344 0.259766 0.277344 0.267578 0.279297 0.269531 0.291016 0.269531 0.292969 0.267578 0.292969 0.263672 0.289062 0.259766
0 0.478516 0.267578 0.480469 0.269531 0.484375 0.269531 0.484375 0.267578 0.482422 0.265625 0.480469 0.265625
0 0.113281 0.271484 0.111328 0.273438 0.111328 0.275391 0.113281 0.277344 0.115234 0.275391 0.115234 0.273438
0 0.208984 0.275391 0.207031 0.275391 0.205078 0.277344 0.203125 0.277344 0.197266 0.283203 0.197266 0.289062 0.201172 0.292969 0.203125 0.292969 0.205078 0.294922 0.207031 0.292969 0.208984 0.292969 0.212891 0.289062 0.212891 0.285156 0.214844 0.283203 0.212891 0.281250 0.214844 0.279297
0 0.988281 0.273438 0.986328 0.275391 0.986328 0.277344 0.988281 0.279297 0.990234 0.277344 0.990234 0.275391
0 0.087891 0.277344 0.085938 0.279297 0.085938 0.283203 0.087891 0.285156 0.089844 0.283203 0.089844 0.279297
0 0.101562 0.277344 0.097656 0.281250 0.099609 0.283203 0.099609 0.285156 0.103516 0.289062 0.105469 0.289062 0.109375 0.285156 0.109375 0.283203 0.111328 0.281250 0.107422 0.277344
0 0.263672 0.279297 0.261719 0.281250 0.259766 0.281250 0.257812 0.283203 0.257812 0.291016 0.259766 0.292969 0.259766 0.294922 0.261719 0.296875 0.263672 0.296875 0.265625 0.294922 0.267578 0.294922 0.269531 0.292969 0.271484 0.292969 0.271484 0.285156 0.267578 0.281250 0.265625 0.281250
0 0.236328 0.281250 0.234375 0.283203 0.234375 0.285156 0.236328 0.287109 0.238281 0.287109 0.240234 0.285156 0.240234 0.283203 0.238281 0.281250
0 0.373047 0.283203 0.369141 0.283203 0.365234 0.281250 0.357422 0.285156 0.349609 0.294922 0.351562 0.296875 0.351562 0.302734 0.353516 0.304688 0.357422 0.304688 0.361328 0.308594 0.363281 0.306641 0.373047 0.306641 0.380859 0.296875 0.378906 0.294922 0.378906 0.289062
0 0.142578 0.289062 0.140625 0.289062 0.136719 0.292969 0.136719 0.296875 0.138672 0.298828 0.142578 0.298828 0.144531 0.296875 0.144531 0.291016
0 0.296875 0.289062 0.294922 0.291016 0.292969 0.291016 0.291016 0.292969 0.289062 0.292969 0.287109 0.294922 0.287109 0.296875 0.289062 0.298828 0.289062 0.300781 0.294922 0.306641 0.300781 0.306641 0.304688 0.302734 0.304688 0.300781 0.306641 0.298828 0.306641 0.292969 0.302734 0.289062
0 0.582031 0.296875 0.578125 0.300781 0.578125 0.302734 0.580078 0.304688 0.580078 0.308594 0.582031 0.310547 0.591797 0.310547 0.593750 0.308594 0.593750 0.306641 0.587891 0.300781 0.587891 0.298828 0.585938 0.296875
0 0.250000 0.306641 0.248047 0.304688 0.246094 0.304688 0.244141 0.302734 0.242188 0.302734 0.240234 0.304688 0.238281 0.304688 0.236328 0.306641 0.236328 0.314453 0.238281 0.316406 0.246094 0.316406 0.250000 0.312500
0 0.410156 0.320312 0.406250 0.322266 0.400391 0.330078 0.400391 0.343750 0.406250 0.353516 0.421875 0.357422 0.429688 0.351562 0.431641 0.343750 0.435547 0.339844 0.439453 0.339844 0.441406 0.335938 0.435547 0.332031 0.433594 0.333984 0.427734 0.326172 0.421875 0.324219 0.417969 0.320312
0 0.132812 0.324219 0.130859 0.324219 0.128906 0.326172 0.130859 0.328125 0.132812 0.326172
0 0.308594 0.326172 0.300781 0.326172 0.298828 0.328125 0.298828 0.335938 0.302734 0.339844 0.304688 0.337891 0.306641 0.337891 0.310547 0.333984 0.310547 0.328125
0 0.376953 0.326172 0.375000 0.328125 0.375000 0.332031 0.376953 0.333984 0.382812 0.333984 0.382812 0.326172
0 0.154297 0.330078 0.152344 0.328125 0.150391 0.328125 0.148438 0.330078 0.148438 0.332031 0.152344 0.332031
0 0.552734 0.328125 0.552734 0.330078 0.550781 0.332031 0.554688 0.335938 0.556641 0.335938 0.560547 0.332031 0.560547 0.330078 0.558594 0.328125
0 0.488281 0.332031 0.486328 0.332031 0.486328 0.335938 0.488281 0.333984
1 0.150391 0.335938 0.150391 0.337891 0.148438 0.339844 0.150391 0.341797
0 0.484375 0.345703 0.484375 0.349609 0.482422 0.351562 0.488281 0.357422 0.488281 0.359375 0.494141 0.359375 0.494141 0.357422 0.496094 0.355469 0.496094 0.351562 0.494141 0.349609 0.492188 0.349609 0.488281 0.345703
0 0.558594 0.353516 0.556641 0.351562 0.552734 0.351562 0.550781 0.349609 0.548828 0.351562 0.548828 0.353516 0.546875 0.355469 0.546875 0.359375 0.548828 0.361328 0.550781 0.361328 0.552734 0.359375 0.556641 0.359375 0.556641 0.357422 0.558594 0.355469
0 0.386719 0.351562 0.384766 0.353516 0.384766 0.357422 0.386719 0.359375 0.388672 0.357422 0.388672 0.355469 0.386719 0.353516
0 0.355469 0.357422 0.357422 0.359375 0.355469 0.361328 0.359375 0.365234 0.359375 0.367188 0.363281 0.371094 0.367188 0.371094 0.371094 0.367188 0.371094 0.361328 0.369141 0.359375 0.369141 0.357422 0.367188 0.357422 0.365234 0.355469 0.363281 0.355469 0.361328 0.357422
0 0.394531 0.365234 0.390625 0.365234 0.388672 0.363281 0.386719 0.363281 0.382812 0.367188 0.380859 0.367188 0.378906 0.369141 0.378906 0.373047 0.376953 0.375000 0.382812 0.380859 0.386719 0.376953 0.388672 0.376953 0.390625 0.375000 0.392578 0.375000 0.396484 0.371094 0.396484 0.367188
0 0.656250 0.365234 0.652344 0.365234 0.648438 0.369141 0.648438 0.375000 0.650391 0.376953 0.652344 0.376953 0.656250 0.373047 0.656250 0.371094 0.658203 0.369141 0.658203 0.367188
0 0.255859 0.367188 0.255859 0.371094 0.253906 0.373047 0.255859 0.373047 0.257812 0.375000 0.259766 0.375000 0.261719 0.373047 0.263672 0.373047 0.263672 0.371094 0.261719 0.369141 0.257812 0.369141
0 0.457031 0.367188 0.457031 0.373047 0.458984 0.375000 0.460938 0.375000 0.464844 0.371094 0.464844 0.369141 0.462891 0.367188
0 0.527344 0.367188 0.525391 0.369141 0.525391 0.371094 0.523438 0.373047 0.525391 0.371094 0.527344 0.373047 0.527344 0.375000 0.527344 0.373047 0.529297 0.371094 0.529297 0.369141
0 0.730469 0.367188 0.728516 0.367188 0.724609 0.371094 0.724609 0.373047 0.728516 0.376953 0.732422 0.373047 0.732422 0.369141
0 0.505859 0.373047 0.503906 0.375000 0.505859 0.376953 0.507812 0.376953 0.509766 0.375000 0.507812 0.373047
0 0.111328 0.376953 0.109375 0.378906 0.109375 0.380859 0.111328 0.382812 0.113281 0.382812 0.115234 0.380859 0.115234 0.378906 0.113281 0.376953
0 0.169922 0.375000 0.167969 0.376953 0.166016 0.376953 0.164062 0.378906 0.164062 0.380859 0.166016 0.382812 0.167969 0.382812 0.169922 0.380859 0.169922 0.378906 0.167969 0.376953
0 0.466797 0.378906 0.462891 0.382812 0.462891 0.386719 0.460938 0.388672 0.462891 0.390625 0.462891 0.394531 0.464844 0.396484 0.470703 0.396484 0.476562 0.392578 0.476562 0.382812 0.472656 0.378906
0 0.519531 0.380859 0.517578 0.378906 0.515625 0.380859 0.513672 0.380859 0.513672 0.384766 0.517578 0.384766 0.519531 0.382812
0 0.755859 0.378906 0.753906 0.380859 0.753906 0.382812 0.755859 0.384766 0.757812 0.384766 0.759766 0.386719 0.761719 0.384766 0.761719 0.380859 0.759766 0.378906
0 0.810547 0.378906 0.808594 0.380859 0.808594 0.386719 0.810547 0.388672 0.818359 0.388672 0.820312 0.386719 0.820312 0.382812 0.816406 0.378906
0 0.447266 0.384766 0.445312 0.386719 0.447266 0.388672 0.447266 0.390625 0.451172 0.390625 0.451172 0.386719 0.449219 0.384766
0 0.542969 0.412109 0.542969 0.414062 0.541016 0.416016 0.542969 0.416016 0.544922 0.417969 0.546875 0.416016 0.546875 0.414062 0.544922 0.412109
0 0.369141 0.421875 0.367188 0.423828 0.369141 0.425781 0.371094 0.425781 0.371094 0.421875
0 0.406250 0.425781 0.404297 0.425781 0.402344 0.423828 0.400391 0.423828 0.398438 0.425781 0.396484 0.425781 0.394531 0.427734 0.394531 0.429688 0.392578 0.431641 0.392578 0.435547 0.396484 0.439453 0.402344 0.439453 0.404297 0.437500 0.406250 0.437500 0.406250 0.435547 0.408203 0.433594 0.408203 0.427734
0 0.689453 0.429688 0.687500 0.427734 0.685547 0.427734 0.683594 0.429688 0.683594 0.433594 0.687500 0.433594 0.689453 0.431641
0 0.494141 0.439453 0.492188 0.439453 0.490234 0.441406 0.492188 0.443359 0.492188 0.445312 0.496094 0.441406
0 0.570312 0.441406 0.568359 0.443359 0.566406 0.443359 0.564453 0.445312 0.564453 0.447266 0.562500 0.449219 0.562500 0.451172 0.564453 0.453125 0.564453 0.455078 0.566406 0.457031 0.572266 0.457031 0.574219 0.455078 0.574219 0.447266 0.570312 0.443359
0 0.498047 0.453125 0.490234 0.453125 0.490234 0.458984 0.494141 0.462891 0.500000 0.457031 0.500000 0.455078
0 0.363281 0.458984 0.359375 0.458984 0.353516 0.464844 0.349609 0.462891 0.343750 0.470703 0.341797 0.480469 0.335938 0.484375 0.335938 0.486328 0.341797 0.488281 0.345703 0.494141 0.349609 0.494141 0.359375 0.484375 0.367188 0.490234 0.367188 0.486328 0.376953 0.472656 0.373047 0.466797
0 0.189453 0.462891 0.185547 0.462891 0.185547 0.466797 0.187500 0.466797 0.187500 0.464844
1 0.414062 0.462891 0.412109 0.462891 0.408203 0.466797 0.410156 0.468750 0.410156 0.470703 0.412109 0.472656 0.410156 0.474609 0.410156 0.478516 0.408203 0.480469 0.406250 0.480469 0.404297 0.482422 0.404297 0.484375 0.410156 0.490234 0.414062 0.486328 0.412109 0.484375 0.414062 0.482422 0.414062 0.480469 0.412109 0.478516 0.412109 0.476562 0.417969 0.470703 0.417969 0.466797
0 0.583984 0.460938 0.582031 0.462891 0.583984 0.464844 0.583984 0.466797 0.583984 0.464844 0.585938 0.462891
0 0.203125 0.468750 0.201172 0.466797 0.199219 0.468750 0.197266 0.468750 0.195312 0.470703 0.197266 0.470703 0.199219 0.472656 0.201172 0.472656 0.203125 0.470703
0 0.564453 0.466797 0.564453 0.468750 0.566406 0.468750 0.566406 0.466797
0 0.566406 0.476562 0.566406 0.478516 0.570312 0.478516 0.568359 0.476562
0 0.912109 0.478516 0.902344 0.486328 0.902344 0.496094 0.900391 0.498047 0.906250 0.513672 0.914062 0.517578 0.917969 0.517578 0.925781 0.513672 0.931641 0.505859 0.931641 0.496094 0.933594 0.492188 0.923828 0.480469 0.919922 0.478516
0 0.554688 0.486328 0.550781 0.490234 0.550781 0.494141 0.554688 0.498047 0.558594 0.498047 0.560547 0.496094 0.560547 0.488281 0.558594 0.486328
0 0.951172 0.484375 0.943359 0.492188 0.943359 0.494141 0.947266 0.500000 0.949219 0.500000 0.951172 0.501953 0.957031 0.501953 0.960938 0.498047 0.960938 0.494141 0.962891 0.492188 0.962891 0.488281 0.958984 0.484375
0 0.478516 0.496094 0.476562 0.496094 0.472656 0.500000 0.472656 0.501953 0.474609 0.503906 0.474609 0.505859 0.478516 0.505859 0.480469 0.503906 0.480469 0.498047
0 0.513672 0.505859 0.511719 0.507812 0.511719 0.509766 0.513672 0.511719 0.517578 0.511719 0.517578 0.505859
0 0.560547 0.505859 0.558594 0.503906 0.556641 0.505859 0.556641 0.507812 0.560547 0.507812
1 0.173828 0.509766 0.171875 0.507812 0.169922 0.507812 0.167969 0.509766 0.160156 0.509766 0.158203 0.511719 0.154297 0.511719 0.152344 0.513672 0.150391 0.511719 0.150391 0.513672 0.164062 0.513672 0.166016 0.511719 0.167969 0.511719 0.169922 0.509766
0 0.546875 0.509766 0.542969 0.513672 0.541016 0.513672 0.542969 0.515625 0.541016 0.517578 0.542969 0.519531 0.542969 0.521484 0.546875 0.525391 0.552734 0.525391 0.556641 0.521484 0.556641 0.517578 0.554688 0.515625 0.554688 0.513672 0.552734 0.511719 0.550781 0.511719 0.548828 0.509766
0 0.789062 0.513672 0.787109 0.511719 0.785156 0.511719 0.781250 0.515625 0.781250 0.519531 0.787109 0.519531 0.789062 0.517578
0 0.750000 0.525391 0.750000 0.529297 0.753906 0.533203 0.763672 0.533203 0.769531 0.529297 0.769531 0.523438 0.765625 0.519531 0.763672 0.519531 0.761719 0.517578 0.757812 0.517578 0.755859 0.519531 0.753906 0.519531
1 0.494141 0.525391 0.492188 0.525391 0.492188 0.527344 0.494141 0.529297 0.492188 0.531250 0.490234 0.531250 0.488281 0.533203 0.490234 0.535156 0.492188 0.535156 0.492188 0.531250 0.496094 0.527344
0 0.341797 0.527344 0.339844 0.529297 0.339844 0.535156 0.341797 0.537109 0.347656 0.537109 0.349609 0.535156 0.349609 0.529297 0.347656 0.527344
0 0.388672 0.527344 0.386719 0.529297 0.386719 0.533203 0.388672 0.535156 0.392578 0.535156 0.394531 0.533203 0.394531 0.529297 0.392578 0.527344
0 0.511719 0.529297 0.507812 0.533203 0.509766 0.533203 0.511719 0.535156 0.511719 0.537109 0.513672 0.539062 0.515625 0.539062 0.517578 0.537109 0.517578 0.533203 0.515625 0.531250 0.515625 0.529297
0 0.531250 0.533203 0.533203 0.535156 0.531250 0.537109 0.531250 0.542969 0.535156 0.548828 0.537109 0.548828 0.539062 0.550781 0.544922 0.550781 0.546875 0.552734 0.550781 0.552734 0.552734 0.550781 0.552734 0.544922 0.548828 0.541016 0.548828 0.539062 0.550781 0.537109 0.550781 0.533203 0.546875 0.533203 0.544922 0.531250 0.541016 0.531250 0.539062 0.529297 0.537109 0.529297 0.533203 0.533203
1 0.302734 0.560547 0.298828 0.560547 0.296875 0.562500 0.294922 0.560547 0.291016 0.560547 0.291016 0.564453 0.289062 0.566406 0.291016 0.566406 0.294922 0.570312 0.292969 0.572266 0.294922 0.572266 0.296875 0.574219 0.296875 0.576172 0.294922 0.578125 0.292969 0.578125 0.291016 0.576172 0.292969 0.578125 0.291016 0.580078 0.291016 0.582031 0.292969 0.582031 0.292969 0.580078 0.294922 0.578125 0.296875 0.580078 0.294922 0.578125 0.298828 0.574219 0.296875 0.574219 0.294922 0.572266 0.294922 0.570312 0.302734 0.562500 0.304688 0.562500
1 0.365234 0.562500 0.365234 0.566406 0.367188 0.568359 0.367188 0.574219 0.369141 0.576172 0.371094 0.574219 0.371094 0.568359 0.369141 0.568359 0.367188 0.566406 0.367188 0.562500
0 0.548828 0.562500 0.548828 0.564453 0.552734 0.564453 0.552734 0.562500
1 0.535156 0.576172 0.537109 0.576172 0.541016 0.580078 0.548828 0.580078 0.552734 0.583984 0.554688 0.583984 0.556641 0.585938 0.560547 0.585938 0.562500 0.583984 0.564453 0.583984 0.566406 0.582031 0.566406 0.580078 0.568359 0.578125 0.568359 0.576172 0.566406 0.574219 0.566406 0.572266 0.562500 0.568359 0.556641 0.568359 0.554688 0.570312 0.552734 0.568359 0.550781 0.568359 0.548828 0.570312 0.544922 0.570312 0.542969 0.572266 0.541016 0.572266 0.541016 0.574219 0.539062 0.576172
0 0.611328 0.570312 0.611328 0.574219 0.617188 0.580078 0.621094 0.580078 0.623047 0.578125 0.625000 0.578125 0.625000 0.572266 0.623047 0.570312 0.623047 0.568359 0.621094 0.568359 0.619141 0.566406 0.615234 0.566406
0 0.267578 0.574219 0.267578 0.580078 0.269531 0.582031 0.275391 0.582031 0.273438 0.580078 0.273438 0.574219 0.271484 0.572266 0.269531 0.574219
1 0.367188 0.583984 0.365234 0.587891 0.367188 0.589844 0.369141 0.587891 0.371094 0.589844 0.371094 0.597656 0.373047 0.599609 0.376953 0.597656 0.378906 0.599609 0.378906 0.603516 0.376953 0.605469 0.380859 0.607422 0.382812 0.603516 0.380859 0.603516 0.378906 0.599609 0.384766 0.595703 0.384766 0.591797 0.382812 0.587891 0.376953 0.587891 0.375000 0.589844 0.369141 0.583984
0 0.410156 0.593750 0.410156 0.595703 0.412109 0.595703 0.412109 0.593750
0 0.550781 0.599609 0.550781 0.601562 0.548828 0.603516 0.550781 0.605469 0.554688 0.605469 0.554688 0.601562 0.552734 0.599609
0 0.660156 0.601562 0.658203 0.603516 0.660156 0.605469 0.662109 0.603516
1 0.277344 0.609375 0.277344 0.613281 0.281250 0.613281 0.283203 0.611328 0.285156 0.611328 0.283203 0.611328 0.281250 0.609375
0 0.505859 0.609375 0.501953 0.613281 0.501953 0.617188 0.503906 0.619141 0.509766 0.619141 0.511719 0.617188 0.511719 0.611328 0.509766 0.609375 0.507812 0.611328
0 0.558594 0.617188 0.554688 0.621094 0.558594 0.625000 0.558594 0.623047 0.560547 0.621094 0.560547 0.619141
0 0.597656 0.625000 0.593750 0.621094 0.589844 0.621094 0.589844 0.625000 0.585938 0.628906 0.585938 0.630859 0.587891 0.630859 0.589844 0.628906 0.593750 0.628906
0 0.818359 0.630859 0.812500 0.636719 0.812500 0.640625 0.810547 0.642578 0.812500 0.644531 0.812500 0.648438 0.810547 0.650391 0.812500 0.656250 0.816406 0.658203 0.818359 0.664062 0.826172 0.664062 0.828125 0.666016 0.839844 0.664062 0.845703 0.656250 0.845703 0.644531 0.841797 0.638672 0.835938 0.634766 0.826172 0.630859
1 0.490234 0.632812 0.488281 0.632812 0.488281 0.634766 0.482422 0.640625 0.482422 0.642578 0.484375 0.644531 0.484375 0.648438 0.486328 0.650391 0.488281 0.650391 0.490234 0.648438 0.490234 0.646484 0.488281 0.644531 0.488281 0.642578 0.484375 0.638672 0.486328 0.636719 0.488281 0.636719 0.490234 0.634766
0 0.748047 0.634766 0.748047 0.636719 0.751953 0.640625 0.757812 0.640625 0.759766 0.638672 0.753906 0.632812 0.750000 0.632812
1 0.765625 0.634766 0.767578 0.636719 0.769531 0.636719 0.767578 0.634766
1 0.517578 0.640625 0.515625 0.640625 0.513672 0.642578 0.513672 0.646484 0.515625 0.648438 0.515625 0.654297 0.513672 0.656250 0.513672 0.658203 0.505859 0.666016 0.498047 0.658203 0.498047 0.660156 0.494141 0.664062 0.492188 0.664062 0.492188 0.666016 0.490234 0.667969 0.490234 0.671875 0.488281 0.673828 0.488281 0.677734 0.490234 0.675781 0.494141 0.679688 0.498047 0.679688 0.500000 0.677734 0.503906 0.677734 0.511719 0.669922 0.509766 0.667969 0.509766 0.666016 0.513672 0.662109 0.513672 0.656250 0.515625 0.654297 0.515625 0.652344 0.521484 0.646484 0.523438 0.646484
0 0.630859 0.654297 0.630859 0.656250 0.628906 0.658203 0.628906 0.662109 0.632812 0.662109 0.634766 0.660156 0.634766 0.658203
0 0.669922 0.654297 0.667969 0.654297 0.664062 0.658203 0.664062 0.660156 0.666016 0.662109 0.669922 0.662109 0.669922 0.660156 0.671875 0.658203 0.671875 0.656250
0 0.183594 0.662109 0.181641 0.660156 0.179688 0.660156 0.177734 0.662109 0.175781 0.662109 0.175781 0.664062 0.177734 0.666016 0.181641 0.666016 0.183594 0.664062
0 0.578125 0.662109 0.578125 0.667969 0.580078 0.667969 0.582031 0.669922 0.583984 0.667969 0.583984 0.664062 0.582031 0.664062 0.580078 0.662109
1 0.998047 0.669922 0.996094 0.671875 0.994141 0.671875 0.990234 0.675781 0.990234 0.681641 0.994141 0.685547 0.996094 0.685547 0.998047 0.687500
0 0.738281 0.673828 0.738281 0.677734 0.740234 0.677734 0.740234 0.673828
0 0.468750 0.681641 0.468750 0.683594 0.466797 0.685547 0.466797 0.687500 0.468750 0.689453 0.472656 0.689453 0.472656 0.683594 0.470703 0.681641
1 0.957031 0.685547 0.957031 0.687500 0.964844 0.695312 0.964844 0.697266 0.966797 0.699219 0.966797 0.703125 0.970703 0.708984 0.974609 0.708984 0.976562 0.710938 0.982422 0.705078 0.984375 0.705078 0.988281 0.708984 0.988281 0.712891 0.992188 0.716797 0.996094 0.716797 0.996094 0.705078 0.994141 0.703125 0.988281 0.703125 0.984375 0.699219 0.984375 0.695312 0.980469 0.691406 0.980469 0.689453 0.976562 0.689453 0.974609 0.687500 0.972656 0.687500 0.968750 0.683594 0.968750 0.681641 0.966797 0.679688 0.962891 0.679688
0 0.617188 0.695312 0.617188 0.701172 0.621094 0.701172 0.623047 0.699219 0.623047 0.697266 0.621094 0.695312
0 0.445312 0.699219 0.439453 0.708984 0.439453 0.716797 0.449219 0.724609 0.455078 0.724609 0.458984 0.720703 0.458984 0.718750 0.462891 0.712891 0.460938 0.710938 0.460938 0.703125 0.457031 0.699219
0 0.912109 0.701172 0.910156 0.703125 0.910156 0.707031 0.917969 0.714844 0.917969 0.716797 0.921875 0.716797 0.925781 0.712891 0.925781 0.710938 0.927734 0.708984 0.925781 0.707031 0.925781 0.705078 0.921875 0.701172
0 0.406250 0.707031 0.406250 0.716797 0.410156 0.720703 0.416016 0.720703 0.417969 0.718750 0.421875 0.718750 0.423828 0.720703 0.425781 0.720703 0.429688 0.716797 0.429688 0.712891 0.427734 0.710938 0.423828 0.710938 0.416016 0.703125 0.412109 0.703125
0 0.570312 0.707031 0.568359 0.705078 0.566406 0.707031 0.566406 0.708984 0.570312 0.708984
0 0.623047 0.712891 0.619141 0.716797 0.619141 0.718750 0.621094 0.720703 0.621094 0.722656 0.626953 0.722656 0.628906 0.720703 0.628906 0.716797 0.625000 0.712891
0 0.937500 0.712891 0.933594 0.716797 0.937500 0.720703 0.941406 0.720703 0.941406 0.716797
0 0.958984 0.716797 0.958984 0.718750 0.957031 0.720703 0.957031 0.722656 0.958984 0.724609 0.962891 0.724609 0.964844 0.722656 0.964844 0.718750 0.962891 0.716797
0 0.589844 0.724609 0.587891 0.726562 0.589844 0.728516 0.591797 0.728516 0.593750 0.730469 0.595703 0.728516 0.595703 0.724609
1 0.572266 0.730469 0.570312 0.732422 0.570312 0.734375 0.572266 0.736328 0.576172 0.736328 0.578125 0.738281 0.578125 0.740234 0.580078 0.742188 0.582031 0.740234 0.582031 0.738281 0.580078 0.738281 0.576172 0.734375 0.576172 0.732422 0.574219 0.730469
0 0.658203 0.734375 0.654297 0.740234 0.654297 0.748047 0.656250 0.750000 0.656250 0.751953 0.667969 0.751953 0.669922 0.750000 0.671875 0.750000 0.669922 0.748047 0.673828 0.744141 0.671875 0.742188 0.669922 0.736328 0.667969 0.734375
0 0.736328 0.740234 0.734375 0.742188 0.734375 0.746094 0.732422 0.748047 0.734375 0.750000 0.734375 0.751953 0.736328 0.750000 0.738281 0.751953 0.740234 0.751953 0.744141 0.748047 0.744141 0.742188 0.742188 0.740234
0 0.982422 0.738281 0.982422 0.740234 0.980469 0.742188 0.980469 0.744141 0.978516 0.746094 0.980469 0.746094 0.984375 0.750000 0.986328 0.750000 0.988281 0.748047 0.988281 0.746094 0.990234 0.744141 0.990234 0.742188 0.988281 0.740234 0.986328 0.740234 0.984375 0.738281
1 0.580078 0.751953 0.578125 0.753906 0.578125 0.755859 0.580078 0.757812 0.580078 0.763672 0.583984 0.763672 0.585938 0.761719 0.583984 0.759766 0.583984 0.753906 0.582031 0.751953
0 0.675781 0.750000 0.675781 0.751953 0.673828 0.753906 0.673828 0.759766 0.675781 0.759766 0.677734 0.761719 0.679688 0.761719 0.681641 0.763672 0.683594 0.763672 0.683594 0.761719 0.685547 0.759766 0.685547 0.753906 0.683594 0.751953 0.683594 0.750000
0 0.810547 0.750000 0.806641 0.750000 0.802734 0.753906 0.800781 0.753906 0.798828 0.755859 0.798828 0.757812 0.792969 0.763672 0.792969 0.767578 0.798828 0.773438 0.800781 0.773438 0.802734 0.775391 0.804688 0.775391 0.806641 0.773438 0.810547 0.773438 0.810547 0.771484 0.816406 0.763672 0.816406 0.755859
0 0.560547 0.753906 0.558594 0.755859 0.560547 0.757812 0.560547 0.759766 0.562500 0.761719 0.566406 0.761719 0.568359 0.763672 0.566406 0.761719 0.568359 0.759766 0.568359 0.757812 0.566406 0.755859 0.566406 0.753906
0 0.718750 0.767578 0.722656 0.773438 0.722656 0.779297 0.734375 0.787109 0.732422 0.800781 0.738281 0.800781 0.746094 0.808594 0.771484 0.787109 0.765625 0.781250 0.767578 0.779297 0.765625 0.777344 0.757812 0.777344 0.748047 0.773438 0.744141 0.775391 0.740234 0.769531 0.734375 0.769531 0.724609 0.761719
0 0.574219 0.775391 0.576172 0.777344 0.580078 0.777344 0.583984 0.773438 0.582031 0.773438 0.580078 0.771484 0.576172 0.771484 0.574219 0.773438
0 0.646484 0.773438 0.638672 0.773438 0.634766 0.777344 0.634766 0.779297 0.632812 0.781250 0.634766 0.783203 0.634766 0.785156 0.636719 0.787109 0.638672 0.787109 0.640625 0.789062 0.642578 0.789062 0.644531 0.787109 0.646484 0.787109 0.648438 0.785156 0.648438 0.781250 0.650391 0.779297 0.648438 0.777344 0.648438 0.775391
1 0.435547 0.787109 0.439453 0.791016 0.441406 0.789062 0.439453 0.787109 0.437500 0.789062
0 0.683594 0.787109 0.681641 0.789062 0.681641 0.794922 0.685547 0.798828 0.687500 0.798828 0.691406 0.794922 0.691406 0.789062 0.689453 0.787109
0 0.207031 0.796875 0.205078 0.798828 0.207031 0.800781 0.208984 0.800781 0.210938 0.798828 0.208984 0.796875
0 0.675781 0.814453 0.673828 0.816406 0.673828 0.818359 0.675781 0.820312 0.675781 0.822266 0.679688 0.822266 0.681641 0.820312 0.681641 0.816406 0.679688 0.814453
0 0.904297 0.816406 0.900391 0.820312 0.900391 0.830078 0.902344 0.832031 0.910156 0.832031 0.912109 0.830078 0.912109 0.828125 0.914062 0.826172 0.914062 0.820312 0.910156 0.816406
0 0.740234 0.820312 0.738281 0.822266 0.738281 0.824219 0.736328 0.826172 0.736328 0.830078 0.738281 0.832031 0.738281 0.833984 0.740234 0.833984 0.742188 0.835938 0.746094 0.835938 0.751953 0.830078 0.751953 0.824219 0.748047 0.820312
0 0.664062 0.851562 0.664062 0.857422 0.669922 0.863281 0.677734 0.863281 0.679688 0.861328 0.681641 0.861328 0.683594 0.863281 0.689453 0.863281 0.691406 0.861328 0.691406 0.857422 0.687500 0.853516 0.683594 0.853516 0.675781 0.843750 0.671875 0.843750
0 0.455078 0.857422 0.458984 0.861328 0.466797 0.861328 0.466797 0.855469 0.464844 0.855469 0.462891 0.853516 0.460938 0.853516 0.457031 0.857422
0 0.832031 0.861328 0.830078 0.863281 0.830078 0.865234 0.832031 0.867188 0.835938 0.867188 0.835938 0.863281 0.833984 0.861328
0 0.791016 0.863281 0.787109 0.865234 0.781250 0.873047 0.781250 0.888672 0.789062 0.898438 0.800781 0.900391 0.810547 0.892578 0.812500 0.888672 0.812500 0.876953 0.810547 0.875000 0.810547 0.871094 0.802734 0.863281
0 0.599609 0.888672 0.595703 0.892578 0.595703 0.894531 0.593750 0.896484 0.595703 0.898438 0.595703 0.900391 0.597656 0.902344 0.603516 0.902344 0.607422 0.898438 0.607422 0.892578 0.605469 0.890625 0.603516 0.890625 0.601562 0.888672
0 0.322266 0.892578 0.320312 0.894531 0.320312 0.900391 0.322266 0.902344 0.326172 0.902344 0.328125 0.900391 0.328125 0.898438 0.330078 0.896484 0.330078 0.894531 0.328125 0.894531 0.326172 0.892578
0 0.974609 0.896484 0.974609 0.900391 0.972656 0.902344 0.972656 0.912109 0.976562 0.916016 0.990234 0.916016 0.992188 0.914062 0.992188 0.912109 0.994141 0.910156 0.996094 0.910156 0.996094 0.900391 0.990234 0.894531 0.982422 0.894531 0.980469 0.896484
0 0.640625 0.900391 0.630859 0.908203 0.626953 0.919922 0.626953 0.927734 0.630859 0.933594 0.630859 0.939453 0.632812 0.939453 0.636719 0.945312 0.646484 0.945312 0.656250 0.935547 0.658203 0.917969 0.654297 0.908203 0.648438 0.902344
0 0.859375 0.906250 0.859375 0.908203 0.861328 0.910156 0.861328 0.914062 0.865234 0.917969 0.876953 0.917969 0.878906 0.916016 0.880859 0.916016 0.880859 0.914062 0.878906 0.912109 0.878906 0.906250 0.873047 0.900391 0.865234 0.900391
0 0.900391 0.900391 0.894531 0.900391 0.888672 0.906250 0.888672 0.912109 0.884766 0.916016 0.886719 0.917969 0.886719 0.921875 0.888672 0.921875 0.892578 0.925781 0.900391 0.917969 0.902344 0.917969 0.904297 0.916016 0.904297 0.914062 0.908203 0.910156 0.908203 0.906250 0.906250 0.904297 0.904297 0.904297
1 0.474609 0.910156 0.476562 0.910156 0.478516 0.912109 0.480469 0.912109 0.480469 0.910156 0.478516 0.908203 0.476562 0.908203
0 0.501953 0.906250 0.500000 0.908203 0.500000 0.914062 0.501953 0.916016 0.503906 0.916016 0.505859 0.914062 0.505859 0.912109 0.507812 0.910156 0.503906 0.906250
0 0.830078 0.917969 0.820312 0.927734 0.820312 0.937500 0.826172 0.945312 0.835938 0.945312 0.843750 0.937500 0.843750 0.935547 0.845703 0.933594 0.845703 0.927734 0.843750 0.925781 0.841797 0.919922 0.837891 0.919922 0.835938 0.917969
0 0.539062 0.925781 0.537109 0.927734 0.535156 0.927734 0.535156 0.929688 0.531250 0.933594 0.531250 0.943359 0.535156 0.949219 0.537109 0.949219 0.539062 0.951172 0.542969 0.951172 0.546875 0.947266 0.546875 0.945312 0.548828 0.943359 0.548828 0.935547
1 0.925781 0.939453 0.919922 0.945312 0.919922 0.947266 0.923828 0.951172 0.923828 0.955078 0.921875 0.957031 0.921875 0.958984 0.917969 0.962891 0.919922 0.964844 0.921875 0.964844 0.923828 0.966797 0.921875 0.968750 0.925781 0.972656 0.929688 0.972656 0.931641 0.974609 0.933594 0.974609 0.935547 0.972656 0.937500 0.972656 0.939453 0.970703 0.939453 0.964844 0.933594 0.958984 0.933594 0.955078 0.929688 0.951172 0.931641 0.949219 0.931641 0.945312
0 0.746094 0.947266 0.738281 0.947266 0.732422 0.953125 0.732422 0.955078 0.730469 0.957031 0.730469 0.960938 0.728516 0.962891 0.728516 0.974609 0.730469 0.976562 0.730469 0.980469 0.732422 0.982422 0.740234 0.982422 0.744141 0.978516 0.744141 0.974609 0.746094 0.972656 0.746094 0.968750 0.748047 0.966797 0.748047 0.960938 0.750000 0.958984 0.750000 0.953125 0.748047 0.951172 0.748047 0.949219
0 0.859375 0.945312 0.847656 0.945312 0.837891 0.951172 0.835938 0.955078 0.833984 0.955078 0.833984 0.964844 0.839844 0.972656 0.847656 0.972656 0.849609 0.974609 0.851562 0.970703 0.855469 0.970703 0.861328 0.966797 0.863281 0.968750 0.861328 0.966797 0.863281 0.964844 0.865234 0.951172
0 0.888672 0.949219 0.880859 0.958984 0.882812 0.968750 0.886719 0.974609 0.886719 0.980469 0.894531 0.984375 0.896484 0.982422 0.904297 0.984375 0.912109 0.978516 0.914062 0.980469 0.912109 0.988281 0.917969 0.990234 0.919922 0.982422 0.912109 0.978516 0.912109 0.974609 0.916016 0.970703 0.910156 0.960938 0.898438 0.951172
0 0.556641 0.966797 0.552734 0.970703 0.552734 0.974609 0.558594 0.980469 0.560547 0.980469 0.564453 0.976562 0.564453 0.970703 0.562500 0.968750 0.562500 0.966797
0 0.677734 0.968750 0.675781 0.970703 0.675781 0.978516 0.677734 0.978516 0.679688 0.980469 0.681641 0.980469 0.685547 0.976562 0.685547 0.970703 0.683594 0.970703 0.681641 0.968750
0 0.781250 0.968750 0.779297 0.970703 0.779297 0.974609 0.781250 0.974609 0.783203 0.972656 0.783203 0.970703
0 0.945312 0.984375 0.947266 0.986328 0.947266 0.994141 0.951172 0.998047 0.992188 0.998047 0.998047 0.990234 0.998047 0.982422 0.988281 0.972656 0.980469 0.972656 0.972656 0.968750 0.960938 0.968750
1 0.634766 0.992188 0.632812 0.990234 0.632812 0.980469 0.630859 0.978516 0.630859 0.976562 0.626953 0.972656 0.613281 0.972656 0.611328 0.974609 0.607422 0.974609 0.605469 0.976562 0.603516 0.976562 0.601562 0.978516 0.599609 0.978516 0.595703 0.982422 0.593750 0.982422 0.593750 0.984375 0.591797 0.986328 0.589844 0.986328 0.589844 0.988281 0.587891 0.990234 0.585938 0.990234 0.583984 0.992188 0.576172 0.992188 0.574219 0.994141 0.568359 0.994141 0.558594 0.984375 0.554688 0.984375 0.552734 0.982422 0.550781 0.982422 0.544922 0.976562 0.535156 0.976562 0.533203 0.978516 0.531250 0.978516 0.531250 0.982422 0.525391 0.988281 0.525391 0.990234 0.523438 0.992188 0.523438 0.994141 0.519531 0.998047 0.634766 0.998047
1 0.455078 0.998047 0.488281 0.998047 0.482422 0.992188 0.480469 0.992188 0.478516 0.990234 0.480469 0.988281 0.478516 0.990234 0.476562 0.990234 0.474609 0.988281 0.474609 0.986328 0.472656 0.986328 0.468750 0.982422 0.464844 0.982422 0.462891 0.984375 0.460938 0.984375 0.458984 0.986328 0.458984 0.990234 0.457031 0.992188 0.457031 0.996094
0 0.656250 0.986328 0.656250 0.996094 0.658203 0.996094 0.660156 0.998047 0.675781 0.998047 0.673828 0.996094 0.675781 0.994141 0.675781 0.992188 0.671875 0.986328 0.669922 0.986328 0.667969 0.984375 0.658203 0.984375
1 0.408203 0.998047 0.406250 0.996094 0.404297 0.996094 0.400391 0.992188 0.398438 0.992188 0.396484 0.990234 0.392578 0.990234 0.390625 0.988281 0.388672 0.988281 0.386719 0.990234 0.382812 0.990234 0.380859 0.992188 0.378906 0.992188 0.376953 0.994141 0.375000 0.994141 0.373047 0.996094 0.371094 0.996094 0.369141 0.998047
0 0.699219 0.992188 0.699219 0.998047 0.708984 0.998047 0.708984 0.994141 0.705078 0.990234 0.701172 0.990234
1 0.828125 0.998047 0.839844 0.998047 0.837891 0.998047 0.835938 0.996094 0.832031 0.996094 0.830078 0.998047
0 0.863281 0.000000 0.863281 0.005859 0.859375 0.005859 0.857422 0.003906 0.861328 0.000000
0 0.562500 0.015625 0.562500 0.019531 0.558594 0.019531 0.556641 0.017578 0.560547 0.013672
0 0.113281 0.023438 0.113281 0.027344 0.109375 0.027344 0.107422 0.025391 0.111328 0.021484
0 0.460938 0.027344 0.460938 0.031250 0.457031 0.031250 0.455078 0.029297 0.458984 0.025391
0 0.357422 0.044922 0.357422 0.048828 0.353516 0.048828 0.351562 0.046875 0.355469 0.042969
0 0.343750 0.046875 0.343750 0.050781 0.339844 0.050781 0.337891 0.048828 0.341797 0.044922
0 0.468750 0.060547 0.468750 0.064453 0.464844 0.064453 0.462891 0.062500 0.466797 0.058594
0 0.751953 0.060547 0.751953 0.064453 0.748047 0.064453 0.746094 0.062500 0.750000 0.058594
0 0.392578 0.093750 0.392578 0.097656 0.388672 0.097656 0.386719 0.095703 0.390625 0.091797
0 0.220703 0.095703 0.220703 0.099609 0.216797 0.099609 0.214844 0.097656 0.218750 0.093750
0 0.119141 0.099609 0.119141 0.103516 0.115234 0.103516 0.113281 0.101562 0.117188 0.097656
0 0.525391 0.107422 0.525391 0.111328 0.521484 0.111328 0.519531 0.109375 0.523438 0.105469
0 0.751953 0.107422 0.751953 0.111328 0.748047 0.111328 0.746094 0.109375 0.750000 0.105469
0 0.935547 0.109375 0.935547 0.113281 0.931641 0.113281 0.929688 0.111328 0.933594 0.107422
0 0.060547 0.123047 0.060547 0.126953 0.056641 0.126953 0.054688 0.125000 0.058594 0.121094
0 0.353516 0.123047 0.353516 0.126953 0.349609 0.126953 0.347656 0.125000 0.351562 0.121094
0 0.275391 0.125000 0.275391 0.128906 0.271484 0.128906 0.269531 0.126953 0.273438 0.123047
0 0.017578 0.132812 0.017578 0.136719 0.013672 0.136719 0.011719 0.134766 0.015625 0.130859
0 0.062500 0.138672 0.062500 0.142578 0.058594 0.142578 0.056641 0.140625 0.060547 0.136719
0 0.025391 0.140625 0.025391 0.144531 0.021484 0.144531 0.019531 0.142578 0.023438 0.138672
0 0.861328 0.144531 0.861328 0.148438 0.857422 0.148438 0.855469 0.146484 0.859375 0.142578
0 0.501953 0.150391 0.501953 0.154297 0.498047 0.154297 0.496094 0.152344 0.500000 0.148438
0 0.027344 0.152344 0.027344 0.156250 0.023438 0.156250 0.021484 0.154297 0.025391 0.150391
0 0.478516 0.152344 0.478516 0.156250 0.474609 0.156250 0.472656 0.154297 0.476562 0.150391
0 0.568359 0.152344 0.568359 0.156250 0.564453 0.156250 0.562500 0.154297 0.566406 0.150391
0 0.015625 0.154297 0.015625 0.158203 0.011719 0.158203 0.009766 0.156250 0.013672 0.152344
0 0.859375 0.154297 0.859375 0.158203 0.855469 0.158203 0.853516 0.156250 0.857422 0.152344
0 0.650391 0.158203 0.650391 0.162109 0.646484 0.162109 0.644531 0.160156 0.648438 0.156250
0 0.626953 0.160156 0.626953 0.164062 0.623047 0.164062 0.621094 0.162109 0.625000 0.158203
0 0.820312 0.162109 0.820312 0.166016 0.816406 0.166016 0.814453 0.164062 0.818359 0.160156
0 0.033203 0.166016 0.033203 0.169922 0.029297 0.169922 0.027344 0.167969 0.031250 0.164062
0 0.089844 0.167969 0.089844 0.171875 0.085938 0.171875 0.083984 0.169922 0.087891 0.166016
0 0.001953 0.177734 0.000000 0.177734 0.000000 0.171875 0.000000 0.173828 0.001953 0.175781
0 0.380859 0.185547 0.380859 0.189453 0.376953 0.189453 0.375000 0.187500 0.378906 0.183594
0 0.455078 0.185547 0.455078 0.189453 0.451172 0.189453 0.449219 0.187500 0.453125 0.183594
0 0.333984 0.187500 0.333984 0.191406 0.330078 0.191406 0.328125 0.189453 0.332031 0.185547
0 0.326172 0.207031 0.326172 0.210938 0.322266 0.210938 0.320312 0.208984 0.324219 0.205078
0 0.642578 0.230469 0.642578 0.234375 0.638672 0.234375 0.636719 0.232422 0.640625 0.228516
0 0.082031 0.234375 0.082031 0.238281 0.078125 0.238281 0.076172 0.236328 0.080078 0.232422
0 0.560547 0.238281 0.558594 0.238281 0.556641 0.240234 0.552734 0.240234 0.550781 0.238281 0.550781 0.232422 0.552734 0.230469 0.556641 0.230469 0.558594 0.232422 0.560547 0.232422
0 0.091797 0.238281 0.091797 0.242188 0.087891 0.242188 0.085938 0.240234 0.089844 0.236328
0 0.072266 0.240234 0.072266 0.244141 0.068359 0.244141 0.066406 0.242188 0.070312 0.238281
0 0.414062 0.240234 0.414062 0.244141 0.410156 0.244141 0.408203 0.242188 0.412109 0.238281
0 0.546875 0.246094 0.544922 0.246094 0.542969 0.248047 0.539062 0.248047 0.537109 0.246094 0.537109 0.240234 0.539062 0.238281 0.542969 0.238281 0.544922 0.240234 0.546875 0.240234
0 0.076172 0.248047 0.076172 0.251953 0.072266 0.251953 0.070312 0.250000 0.074219 0.246094
0 0.314453 0.248047 0.314453 0.251953 0.310547 0.251953 0.308594 0.250000 0.312500 0.246094
0 0.484375 0.248047 0.484375 0.251953 0.480469 0.251953 0.478516 0.250000 0.482422 0.246094
0 0.058594 0.250000 0.058594 0.253906 0.054688 0.253906 0.052734 0.251953 0.056641 0.248047
0 0.171875 0.250000 0.171875 0.253906 0.167969 0.253906 0.166016 0.251953 0.169922 0.248047
0 0.050781 0.251953 0.050781 0.255859 0.046875 0.255859 0.044922 0.253906 0.048828 0.250000
0 0.072266 0.253906 0.072266 0.257812 0.068359 0.257812 0.066406 0.255859 0.070312 0.251953
0 0.378906 0.257812 0.378906 0.261719 0.375000 0.261719 0.373047 0.259766 0.376953 0.255859
0 0.048828 0.259766 0.048828 0.263672 0.044922 0.263672 0.042969 0.261719 0.046875 0.257812
0 0.105469 0.259766 0.105469 0.263672 0.101562 0.263672 0.099609 0.261719 0.103516 0.257812
0 0.595703 0.263672 0.595703 0.267578 0.591797 0.267578 0.589844 0.265625 0.593750 0.261719
0 0.218750 0.265625 0.218750 0.269531 0.214844 0.269531 0.212891 0.267578 0.216797 0.263672
0 0.230469 0.269531 0.230469 0.273438 0.226562 0.273438 0.224609 0.271484 0.228516 0.267578
0 0.470703 0.279297 0.470703 0.283203 0.466797 0.283203 0.464844 0.281250 0.468750 0.277344
0 0.681641 0.279297 0.681641 0.283203 0.677734 0.283203 0.675781 0.281250 0.679688 0.277344
0 0.445312 0.287109 0.443359 0.287109 0.441406 0.289062 0.437500 0.289062 0.435547 0.287109 0.435547 0.281250 0.437500 0.279297 0.441406 0.279297 0.443359 0.281250 0.445312 0.281250
0 0.283203 0.285156 0.283203 0.289062 0.279297 0.289062 0.277344 0.287109 0.281250 0.283203
0 0.177734 0.294922 0.177734 0.298828 0.173828 0.298828 0.171875 0.296875 0.175781 0.292969
0 0.468750 0.294922 0.468750 0.298828 0.464844 0.298828 0.462891 0.296875 0.466797 0.292969
0 0.644531 0.302734 0.642578 0.302734 0.640625 0.304688 0.636719 0.304688 0.634766 0.302734 0.634766 0.296875 0.636719 0.294922 0.640625 0.294922 0.642578 0.296875 0.644531 0.296875
0 0.421875 0.300781 0.421875 0.304688 0.417969 0.304688 0.416016 0.302734 0.419922 0.298828
0 0.132812 0.304688 0.132812 0.308594 0.128906 0.308594 0.126953 0.306641 0.130859 0.302734
0 0.267578 0.304688 0.267578 0.308594 0.263672 0.308594 0.261719 0.306641 0.265625 0.302734
0 0.609375 0.310547 0.607422 0.310547 0.605469 0.312500 0.601562 0.312500 0.599609 0.310547 0.599609 0.304688 0.601562 0.302734 0.605469 0.302734 0.607422 0.304688 0.609375 0.304688
0 0.078125 0.310547 0.078125 0.314453 0.074219 0.314453 0.072266 0.312500 0.076172 0.308594
0 0.285156 0.316406 0.283203 0.316406 0.281250 0.318359 0.277344 0.318359 0.275391 0.316406 0.275391 0.310547 0.277344 0.308594 0.281250 0.308594 0.283203 0.310547 0.285156 0.310547
0 0.437500 0.314453 0.437500 0.318359 0.433594 0.318359 0.431641 0.316406 0.435547 0.312500
0 0.101562 0.316406 0.101562 0.320312 0.097656 0.320312 0.095703 0.318359 0.099609 0.314453
0 0.187500 0.322266 0.187500 0.326172 0.183594 0.326172 0.181641 0.324219 0.185547 0.320312
0 0.197266 0.322266 0.197266 0.326172 0.193359 0.326172 0.191406 0.324219 0.195312 0.320312
0 0.162109 0.326172 0.162109 0.330078 0.158203 0.330078 0.156250 0.328125 0.160156 0.324219
0 0.363281 0.326172 0.363281 0.330078 0.359375 0.330078 0.357422 0.328125 0.361328 0.324219
0 0.439453 0.326172 0.439453 0.330078 0.435547 0.330078 0.433594 0.328125 0.437500 0.324219
0 0.455078 0.330078 0.455078 0.333984 0.451172 0.333984 0.449219 0.332031 0.453125 0.328125
0 0.611328 0.330078 0.611328 0.333984 0.607422 0.333984 0.605469 0.332031 0.609375 0.328125
0 0.101562 0.333984 0.101562 0.337891 0.097656 0.337891 0.095703 0.335938 0.099609 0.332031
0 0.859375 0.339844 0.859375 0.343750 0.855469 0.343750 0.853516 0.341797 0.857422 0.337891
0 0.470703 0.347656 0.470703 0.351562 0.466797 0.351562 0.464844 0.349609 0.468750 0.345703
0 0.751953 0.351562 0.751953 0.355469 0.748047 0.355469 0.746094 0.353516 0.750000 0.349609
0 0.453125 0.353516 0.453125 0.357422 0.449219 0.357422 0.447266 0.355469 0.451172 0.351562
0 0.082031 0.355469 0.082031 0.359375 0.078125 0.359375 0.076172 0.357422 0.080078 0.353516
0 0.095703 0.359375 0.095703 0.363281 0.091797 0.363281 0.089844 0.361328 0.093750 0.357422
0 0.517578 0.363281 0.517578 0.367188 0.513672 0.367188 0.511719 0.365234 0.515625 0.361328
0 0.539062 0.363281 0.539062 0.367188 0.535156 0.367188 0.533203 0.365234 0.537109 0.361328
0 0.248047 0.373047 0.248047 0.376953 0.244141 0.376953 0.242188 0.375000 0.246094 0.371094
0 0.554688 0.373047 0.554688 0.376953 0.550781 0.376953 0.548828 0.375000 0.552734 0.371094
0 0.128906 0.376953 0.128906 0.380859 0.125000 0.380859 0.123047 0.378906 0.126953 0.375000
0 0.687500 0.380859 0.685547 0.380859 0.683594 0.382812 0.679688 0.382812 0.677734 0.380859 0.677734 0.375000 0.679688 0.373047 0.683594 0.373047 0.685547 0.375000 0.687500 0.375000
0 0.275391 0.378906 0.275391 0.382812 0.271484 0.382812 0.269531 0.380859 0.273438 0.376953
0 0.597656 0.380859 0.597656 0.384766 0.593750 0.384766 0.591797 0.382812 0.595703 0.378906
0 0.548828 0.388672 0.548828 0.392578 0.544922 0.392578 0.542969 0.390625 0.546875 0.386719
0 0.675781 0.388672 0.675781 0.392578 0.671875 0.392578 0.669922 0.390625 0.673828 0.386719
0 0.406250 0.390625 0.406250 0.394531 0.402344 0.394531 0.400391 0.392578 0.404297 0.388672
0 0.615234 0.390625 0.615234 0.394531 0.611328 0.394531 0.609375 0.392578 0.613281 0.388672
0 0.277344 0.396484 0.277344 0.400391 0.273438 0.400391 0.271484 0.398438 0.275391 0.394531
0 0.421875 0.396484 0.421875 0.400391 0.417969 0.400391 0.416016 0.398438 0.419922 0.394531
0 0.496094 0.396484 0.496094 0.400391 0.492188 0.400391 0.490234 0.398438 0.494141 0.394531
0 0.089844 0.402344 0.089844 0.406250 0.085938 0.406250 0.083984 0.404297 0.087891 0.400391
0 0.468750 0.402344 0.468750 0.406250 0.464844 0.406250 0.462891 0.404297 0.466797 0.400391
0 0.355469 0.417969 0.355469 0.421875 0.351562 0.421875 0.349609 0.419922 0.353516 0.416016
0 0.345703 0.419922 0.345703 0.423828 0.341797 0.423828 0.339844 0.421875 0.343750 0.417969
0 0.455078 0.419922 0.455078 0.423828 0.451172 0.423828 0.449219 0.421875 0.453125 0.417969
0 0.791016 0.427734 0.791016 0.431641 0.787109 0.431641 0.785156 0.429688 0.789062 0.425781
0 0.322266 0.433594 0.322266 0.437500 0.318359 0.437500 0.316406 0.435547 0.320312 0.431641
0 0.533203 0.443359 0.533203 0.447266 0.529297 0.447266 0.527344 0.445312 0.531250 0.441406
0 0.687500 0.445312 0.687500 0.449219 0.683594 0.449219 0.681641 0.447266 0.685547 0.443359
0 0.595703 0.451172 0.595703 0.455078 0.591797 0.455078 0.589844 0.453125 0.593750 0.449219
0 0.416016 0.453125 0.416016 0.457031 0.412109 0.457031 0.410156 0.455078 0.414062 0.451172
0 0.876953 0.455078 0.876953 0.458984 0.873047 0.458984 0.871094 0.457031 0.875000 0.453125
0 0.853516 0.460938 0.851562 0.460938 0.849609 0.462891 0.845703 0.462891 0.843750 0.460938 0.843750 0.455078 0.845703 0.453125 0.849609 0.453125 0.851562 0.455078 0.853516 0.455078
0 0.332031 0.466797 0.332031 0.470703 0.328125 0.470703 0.326172 0.468750 0.330078 0.464844
0 0.490234 0.472656 0.490234 0.476562 0.486328 0.476562 0.484375 0.474609 0.488281 0.470703
0 0.558594 0.472656 0.558594 0.476562 0.554688 0.476562 0.552734 0.474609 0.556641 0.470703
0 0.476562 0.476562 0.476562 0.480469 0.472656 0.480469 0.470703 0.478516 0.474609 0.474609
0 0.595703 0.476562 0.595703 0.480469 0.591797 0.480469 0.589844 0.478516 0.593750 0.474609
0 0.669922 0.480469 0.669922 0.484375 0.666016 0.484375 0.664062 0.482422 0.667969 0.478516
0 0.455078 0.488281 0.455078 0.492188 0.451172 0.492188 0.449219 0.490234 0.453125 0.486328
0 0.533203 0.488281 0.533203 0.492188 0.529297 0.492188 0.527344 0.490234 0.531250 0.486328
0 0.490234 0.492188 0.490234 0.496094 0.486328 0.496094 0.484375 0.494141 0.488281 0.490234
0 0.460938 0.496094 0.460938 0.500000 0.457031 0.500000 0.455078 0.498047 0.458984 0.494141
0 0.783203 0.498047 0.783203 0.501953 0.779297 0.501953 0.777344 0.500000 0.781250 0.496094
0 0.363281 0.501953 0.363281 0.505859 0.359375 0.505859 0.357422 0.503906 0.361328 0.500000
0 0.533203 0.507812 0.533203 0.511719 0.529297 0.511719 0.527344 0.509766 0.531250 0.505859
0 0.599609 0.509766 0.599609 0.513672 0.595703 0.513672 0.593750 0.511719 0.597656 0.507812
0 0.455078 0.511719 0.455078 0.515625 0.451172 0.515625 0.449219 0.513672 0.453125 0.509766
0 0.501953 0.511719 0.501953 0.515625 0.498047 0.515625 0.496094 0.513672 0.500000 0.509766
0 0.642578 0.515625 0.640625 0.515625 0.638672 0.517578 0.634766 0.517578 0.632812 0.515625 0.632812 0.509766 0.634766 0.507812 0.638672 0.507812 0.640625 0.509766 0.642578 0.509766
0 0.345703 0.513672 0.345703 0.517578 0.341797 0.517578 0.339844 0.515625 0.343750 0.511719
0 0.406250 0.513672 0.406250 0.517578 0.402344 0.517578 0.400391 0.515625 0.404297 0.511719
0 0.359375 0.515625 0.359375 0.519531 0.355469 0.519531 0.353516 0.517578 0.357422 0.513672
0 0.378906 0.517578 0.378906 0.521484 0.375000 0.521484 0.373047 0.519531 0.376953 0.515625
0 0.496094 0.531250 0.494141 0.531250 0.492188 0.533203 0.488281 0.533203 0.486328 0.531250 0.486328 0.525391 0.488281 0.523438 0.492188 0.523438 0.494141 0.525391 0.496094 0.525391
0 0.562500 0.527344 0.562500 0.531250 0.558594 0.531250 0.556641 0.529297 0.560547 0.525391
0 0.580078 0.527344 0.580078 0.531250 0.576172 0.531250 0.574219 0.529297 0.578125 0.525391
0 0.833984 0.527344 0.833984 0.531250 0.830078 0.531250 0.828125 0.529297 0.832031 0.525391
0 0.365234 0.529297 0.365234 0.533203 0.361328 0.533203 0.359375 0.531250 0.363281 0.527344
0 0.416016 0.529297 0.416016 0.533203 0.412109 0.533203 0.410156 0.531250 0.414062 0.527344
0 0.822266 0.529297 0.822266 0.533203 0.818359 0.533203 0.816406 0.531250 0.820312 0.527344
0 0.728516 0.533203 0.728516 0.537109 0.724609 0.537109 0.722656 0.535156 0.726562 0.531250
0 0.359375 0.537109 0.359375 0.541016 0.355469 0.541016 0.353516 0.539062 0.357422 0.535156
0 0.419922 0.537109 0.419922 0.541016 0.416016 0.541016 0.414062 0.539062 0.417969 0.535156
0 0.498047 0.539062 0.498047 0.542969 0.494141 0.542969 0.492188 0.541016 0.496094 0.537109
0 0.357422 0.542969 0.357422 0.546875 0.353516 0.546875 0.351562 0.544922 0.355469 0.541016
0 0.390625 0.542969 0.390625 0.546875 0.386719 0.546875 0.384766 0.544922 0.388672 0.541016
0 0.736328 0.542969 0.736328 0.546875 0.732422 0.546875 0.730469 0.544922 0.734375 0.541016
0 0.748047 0.542969 0.748047 0.546875 0.744141 0.546875 0.742188 0.544922 0.746094 0.541016
0 0.939453 0.544922 0.939453 0.548828 0.935547 0.548828 0.933594 0.546875 0.937500 0.542969
0 0.361328 0.550781 0.361328 0.554688 0.357422 0.554688 0.355469 0.552734 0.359375 0.548828
0 0.646484 0.550781 0.646484 0.554688 0.642578 0.554688 0.640625 0.552734 0.644531 0.548828
0 0.697266 0.550781 0.697266 0.554688 0.693359 0.554688 0.691406 0.552734 0.695312 0.548828
0 0.398438 0.552734 0.398438 0.556641 0.394531 0.556641 0.392578 0.554688 0.396484 0.550781
0 0.583984 0.554688 0.583984 0.558594 0.580078 0.558594 0.578125 0.556641 0.582031 0.552734
0 0.429688 0.558594 0.429688 0.562500 0.425781 0.562500 0.423828 0.560547 0.427734 0.556641
0 0.466797 0.558594 0.466797 0.562500 0.462891 0.562500 0.460938 0.560547 0.464844 0.556641
0 0.591797 0.560547 0.591797 0.564453 0.587891 0.564453 0.585938 0.562500 0.589844 0.558594
0 0.140625 0.574219 0.140625 0.578125 0.136719 0.578125 0.134766 0.576172 0.138672 0.572266
0 0.494141 0.574219 0.494141 0.578125 0.490234 0.578125 0.488281 0.576172 0.492188 0.572266
0 0.537109 0.576172 0.537109 0.580078 0.533203 0.580078 0.531250 0.578125 0.535156 0.574219
0 0.406250 0.578125 0.406250 0.582031 0.402344 0.582031 0.400391 0.580078 0.404297 0.576172
0 0.726562 0.585938 0.726562 0.589844 0.722656 0.589844 0.720703 0.587891 0.724609 0.583984
0 0.615234 0.587891 0.615234 0.591797 0.611328 0.591797 0.609375 0.589844 0.613281 0.585938
0 0.126953 0.589844 0.126953 0.593750 0.123047 0.593750 0.121094 0.591797 0.125000 0.587891
0 0.132812 0.591797 0.132812 0.595703 0.128906 0.595703 0.126953 0.593750 0.130859 0.589844
0 0.181641 0.591797 0.181641 0.595703 0.177734 0.595703 0.175781 0.593750 0.179688 0.589844
0 0.488281 0.591797 0.488281 0.595703 0.484375 0.595703 0.482422 0.593750 0.486328 0.589844
0 0.580078 0.591797 0.580078 0.595703 0.576172 0.595703 0.574219 0.593750 0.578125 0.589844
0 0.365234 0.595703 0.365234 0.599609 0.361328 0.599609 0.359375 0.597656 0.363281 0.593750
0 0.062500 0.597656 0.062500 0.601562 0.058594 0.601562 0.056641 0.599609 0.060547 0.595703
0 0.453125 0.597656 0.453125 0.601562 0.449219 0.601562 0.447266 0.599609 0.451172 0.595703
0 0.544922 0.605469 0.544922 0.609375 0.541016 0.609375 0.539062 0.607422 0.542969 0.603516
0 0.626953 0.605469 0.626953 0.609375 0.623047 0.609375 0.621094 0.607422 0.625000 0.603516
0 0.734375 0.605469 0.734375 0.609375 0.730469 0.609375 0.728516 0.607422 0.732422 0.603516
0 0.390625 0.607422 0.390625 0.611328 0.386719 0.611328 0.384766 0.609375 0.388672 0.605469
0 0.384766 0.611328 0.384766 0.615234 0.380859 0.615234 0.378906 0.613281 0.382812 0.609375
0 0.425781 0.611328 0.425781 0.615234 0.421875 0.615234 0.419922 0.613281 0.423828 0.609375
0 0.583984 0.615234 0.583984 0.619141 0.580078 0.619141 0.578125 0.617188 0.582031 0.613281
0 0.806641 0.615234 0.806641 0.619141 0.802734 0.619141 0.800781 0.617188 0.804688 0.613281
0 0.687500 0.621094 0.687500 0.625000 0.683594 0.625000 0.681641 0.623047 0.685547 0.619141
0 0.197266 0.623047 0.197266 0.626953 0.193359 0.626953 0.191406 0.625000 0.195312 0.621094
0 0.611328 0.623047 0.611328 0.626953 0.607422 0.626953 0.605469 0.625000 0.609375 0.621094
0 0.500000 0.625000 0.500000 0.628906 0.496094 0.628906 0.494141 0.626953 0.498047 0.623047
0 0.783203 0.625000 0.783203 0.628906 0.779297 0.628906 0.777344 0.626953 0.781250 0.623047
0 0.187500 0.634766 0.187500 0.638672 0.183594 0.638672 0.181641 0.636719 0.185547 0.632812
0 0.599609 0.638672 0.599609 0.642578 0.595703 0.642578 0.593750 0.640625 0.597656 0.636719
0 0.501953 0.640625 0.501953 0.644531 0.498047 0.644531 0.496094 0.642578 0.500000 0.638672
0 0.500000 0.652344 0.500000 0.656250 0.496094 0.656250 0.494141 0.654297 0.498047 0.650391
0 0.599609 0.652344 0.599609 0.656250 0.595703 0.656250 0.593750 0.654297 0.597656 0.650391
0 0.792969 0.662109 0.792969 0.666016 0.789062 0.666016 0.787109 0.664062 0.791016 0.660156
0 0.617188 0.667969 0.617188 0.671875 0.613281 0.671875 0.611328 0.669922 0.615234 0.666016
0 0.650391 0.667969 0.650391 0.671875 0.646484 0.671875 0.644531 0.669922 0.648438 0.666016
0 0.687500 0.669922 0.687500 0.673828 0.683594 0.673828 0.681641 0.671875 0.685547 0.667969
0 0.203125 0.677734 0.203125 0.681641 0.199219 0.681641 0.197266 0.679688 0.201172 0.675781
0 0.195312 0.681641 0.195312 0.685547 0.191406 0.685547 0.189453 0.683594 0.193359 0.679688
0 0.220703 0.681641 0.220703 0.685547 0.216797 0.685547 0.214844 0.683594 0.218750 0.679688
0 0.453125 0.681641 0.453125 0.685547 0.449219 0.685547 0.447266 0.683594 0.451172 0.679688
0 0.212891 0.685547 0.212891 0.689453 0.208984 0.689453 0.207031 0.687500 0.210938 0.683594
0 0.367188 0.685547 0.367188 0.689453 0.363281 0.689453 0.361328 0.687500 0.365234 0.683594
0 0.416016 0.685547 0.416016 0.689453 0.412109 0.689453 0.410156 0.687500 0.414062 0.683594
0 0.490234 0.685547 0.490234 0.689453 0.486328 0.689453 0.484375 0.687500 0.488281 0.683594
0 0.361328 0.695312 0.361328 0.699219 0.357422 0.699219 0.355469 0.697266 0.359375 0.693359
0 0.142578 0.697266 0.142578 0.701172 0.138672 0.701172 0.136719 0.699219 0.140625 0.695312
0 0.650391 0.697266 0.650391 0.701172 0.646484 0.701172 0.644531 0.699219 0.648438 0.695312
0 0.494141 0.699219 0.494141 0.703125 0.490234 0.703125 0.488281 0.701172 0.492188 0.697266
0 0.642578 0.699219 0.642578 0.703125 0.638672 0.703125 0.636719 0.701172 0.640625 0.697266
0 0.759766 0.699219 0.759766 0.703125 0.755859 0.703125 0.753906 0.701172 0.757812 0.697266
0 0.703125 0.705078 0.703125 0.708984 0.699219 0.708984 0.697266 0.707031 0.701172 0.703125
0 0.677734 0.707031 0.677734 0.710938 0.673828 0.710938 0.671875 0.708984 0.675781 0.705078
0 0.861328 0.710938 0.861328 0.714844 0.857422 0.714844 0.855469 0.712891 0.859375 0.708984
0 0.871094 0.710938 0.871094 0.714844 0.867188 0.714844 0.865234 0.712891 0.869141 0.708984
0 0.400391 0.714844 0.400391 0.718750 0.396484 0.718750 0.394531 0.716797 0.398438 0.712891
0 0.705078 0.726562 0.705078 0.730469 0.701172 0.730469 0.699219 0.728516 0.703125 0.724609
0 0.449219 0.730469 0.449219 0.734375 0.445312 0.734375 0.443359 0.732422 0.447266 0.728516
0 0.468750 0.730469 0.468750 0.734375 0.464844 0.734375 0.462891 0.732422 0.466797 0.728516
0 0.113281 0.732422 0.113281 0.736328 0.109375 0.736328 0.107422 0.734375 0.111328 0.730469
0 0.398438 0.732422 0.398438 0.736328 0.394531 0.736328 0.392578 0.734375 0.396484 0.730469
0 0.441406 0.732422 0.441406 0.736328 0.437500 0.736328 0.435547 0.734375 0.439453 0.730469
0 0.640625 0.740234 0.640625 0.744141 0.636719 0.744141 0.634766 0.742188 0.638672 0.738281
0 0.361328 0.744141 0.361328 0.748047 0.357422 0.748047 0.355469 0.746094 0.359375 0.742188
0 0.439453 0.748047 0.439453 0.751953 0.435547 0.751953 0.433594 0.750000 0.437500 0.746094
0 0.455078 0.748047 0.455078 0.751953 0.451172 0.751953 0.449219 0.750000 0.453125 0.746094
0 0.642578 0.748047 0.642578 0.751953 0.638672 0.751953 0.636719 0.750000 0.640625 0.746094
0 0.779297 0.748047 0.779297 0.751953 0.775391 0.751953 0.773438 0.750000 0.777344 0.746094
0 0.828125 0.748047 0.828125 0.751953 0.824219 0.751953 0.822266 0.750000 0.826172 0.746094
0 0.998047 0.746094 0.998047 0.751953 0.996094 0.751953 0.994141 0.750000
0 0.904297 0.750000 0.904297 0.753906 0.900391 0.753906 0.898438 0.751953 0.902344 0.748047
0 0.535156 0.761719 0.535156 0.765625 0.531250 0.765625 0.529297 0.763672 0.533203 0.759766
0 0.546875 0.761719 0.546875 0.765625 0.542969 0.765625 0.541016 0.763672 0.544922 0.759766
0 0.105469 0.763672 0.105469 0.767578 0.101562 0.767578 0.099609 0.765625 0.103516 0.761719
0 0.916016 0.773438 0.914062 0.773438 0.912109 0.775391 0.908203 0.775391 0.906250 0.773438 0.906250 0.767578 0.908203 0.765625 0.912109 0.765625 0.914062 0.767578 0.916016 0.767578
0 0.203125 0.775391 0.203125 0.779297 0.199219 0.779297 0.197266 0.777344 0.201172 0.773438
0 0.593750 0.775391 0.593750 0.779297 0.589844 0.779297 0.587891 0.777344 0.591797 0.773438
0 0.712891 0.775391 0.712891 0.779297 0.708984 0.779297 0.707031 0.777344 0.710938 0.773438
0 0.607422 0.777344 0.607422 0.781250 0.603516 0.781250 0.601562 0.779297 0.605469 0.775391
0 0.625000 0.777344 0.625000 0.781250 0.621094 0.781250 0.619141 0.779297 0.623047 0.775391
0 0.703125 0.779297 0.703125 0.783203 0.699219 0.783203 0.697266 0.781250 0.701172 0.777344
0 0.818359 0.787109 0.816406 0.787109 0.814453 0.789062 0.810547 0.789062 0.808594 0.787109 0.808594 0.781250 0.810547 0.779297 0.814453 0.779297 0.816406 0.781250 0.818359 0.781250
0 0.505859 0.789062 0.505859 0.792969 0.501953 0.792969 0.500000 0.791016 0.503906 0.787109
0 0.500000 0.791016 0.500000 0.794922 0.496094 0.794922 0.494141 0.792969 0.498047 0.789062
0 0.593750 0.791016 0.593750 0.794922 0.589844 0.794922 0.587891 0.792969 0.591797 0.789062
0 0.289062 0.792969 0.289062 0.796875 0.285156 0.796875 0.283203 0.794922 0.287109 0.791016
0 0.507812 0.794922 0.507812 0.798828 0.503906 0.798828 0.501953 0.796875 0.505859 0.792969
0 0.640625 0.794922 0.640625 0.798828 0.636719 0.798828 0.634766 0.796875 0.638672 0.792969
0 0.666016 0.794922 0.666016 0.798828 0.662109 0.798828 0.660156 0.796875 0.664062 0.792969
0 0.156250 0.804688 0.156250 0.808594 0.152344 0.808594 0.150391 0.806641 0.154297 0.802734
0 0.443359 0.806641 0.443359 0.810547 0.439453 0.810547 0.437500 0.808594 0.441406 0.804688
0 0.113281 0.808594 0.113281 0.812500 0.109375 0.812500 0.107422 0.810547 0.111328 0.806641
0 0.468750 0.808594 0.468750 0.812500 0.464844 0.812500 0.462891 0.810547 0.466797 0.806641
0 0.574219 0.808594 0.574219 0.812500 0.570312 0.812500 0.568359 0.810547 0.572266 0.806641
0 0.697266 0.808594 0.697266 0.812500 0.693359 0.812500 0.691406 0.810547 0.695312 0.806641
0 0.304688 0.810547 0.304688 0.814453 0.300781 0.814453 0.298828 0.812500 0.302734 0.808594
0 0.218750 0.812500 0.218750 0.816406 0.214844 0.816406 0.212891 0.814453 0.216797 0.810547
0 0.658203 0.812500 0.658203 0.816406 0.654297 0.816406 0.652344 0.814453 0.656250 0.810547
0 0.892578 0.822266 0.892578 0.826172 0.888672 0.826172 0.886719 0.824219 0.890625 0.820312
0 0.376953 0.824219 0.376953 0.828125 0.373047 0.828125 0.371094 0.826172 0.375000 0.822266
0 0.441406 0.826172 0.441406 0.830078 0.437500 0.830078 0.435547 0.828125 0.439453 0.824219
0 0.507812 0.839844 0.507812 0.843750 0.503906 0.843750 0.501953 0.841797 0.505859 0.837891
0 0.751953 0.843750 0.751953 0.847656 0.748047 0.847656 0.746094 0.845703 0.750000 0.841797
0 0.378906 0.849609 0.378906 0.853516 0.375000 0.853516 0.373047 0.851562 0.376953 0.847656
0 0.765625 0.851562 0.765625 0.855469 0.761719 0.855469 0.759766 0.853516 0.763672 0.849609
0 0.378906 0.855469 0.378906 0.859375 0.375000 0.859375 0.373047 0.857422 0.376953 0.853516
0 0.330078 0.857422 0.330078 0.861328 0.326172 0.861328 0.324219 0.859375 0.328125 0.855469
0 0.380859 0.861328 0.380859 0.865234 0.376953 0.865234 0.375000 0.863281 0.378906 0.859375
0 0.726562 0.871094 0.726562 0.875000 0.722656 0.875000 0.720703 0.873047 0.724609 0.869141
0 0.378906 0.873047 0.378906 0.876953 0.375000 0.876953 0.373047 0.875000 0.376953 0.871094
0 0.720703 0.873047 0.720703 0.876953 0.716797 0.876953 0.714844 0.875000 0.718750 0.871094
0 0.392578 0.876953 0.392578 0.880859 0.388672 0.880859 0.386719 0.878906 0.390625 0.875000
0 0.767578 0.878906 0.767578 0.882812 0.763672 0.882812 0.761719 0.880859 0.765625 0.876953
0 0.736328 0.882812 0.736328 0.886719 0.732422 0.886719 0.730469 0.884766 0.734375 0.880859
0 0.390625 0.886719 0.390625 0.890625 0.386719 0.890625 0.384766 0.888672 0.388672 0.884766
0 0.382812 0.888672 0.382812 0.892578 0.378906 0.892578 0.376953 0.890625 0.380859 0.886719
0 0.687500 0.888672 0.687500 0.892578 0.683594 0.892578 0.681641 0.890625 0.685547 0.886719
0 0.705078 0.890625 0.705078 0.894531 0.701172 0.894531 0.699219 0.892578 0.703125 0.888672
0 0.398438 0.894531 0.398438 0.898438 0.394531 0.898438 0.392578 0.896484 0.396484 0.892578
0 0.544922 0.896484 0.544922 0.900391 0.541016 0.900391 0.539062 0.898438 0.542969 0.894531
0 0.751953 0.900391 0.751953 0.904297 0.748047 0.904297 0.746094 0.902344 0.750000 0.898438
0 0.757812 0.900391 0.757812 0.904297 0.753906 0.904297 0.751953 0.902344 0.755859 0.898438
0 0.378906 0.902344 0.378906 0.906250 0.375000 0.906250 0.373047 0.904297 0.376953 0.900391
0 0.470703 0.904297 0.470703 0.908203 0.466797 0.908203 0.464844 0.906250 0.468750 0.902344
0 0.837891 0.908203 0.837891 0.912109 0.833984 0.912109 0.832031 0.910156 0.835938 0.906250
0 0.576172 0.914062 0.576172 0.917969 0.572266 0.917969 0.570312 0.916016 0.574219 0.912109
0 0.683594 0.914062 0.683594 0.917969 0.679688 0.917969 0.677734 0.916016 0.681641 0.912109
0 0.773438 0.919922 0.771484 0.919922 0.769531 0.921875 0.765625 0.921875 0.763672 0.919922 0.763672 0.914062 0.765625 0.912109 0.769531 0.912109 0.771484 0.914062 0.773438 0.914062
0 0.373047 0.917969 0.373047 0.921875 0.369141 0.921875 0.367188 0.919922 0.371094 0.916016
0 0.408203 0.917969 0.408203 0.921875 0.404297 0.921875 0.402344 0.919922 0.406250 0.916016
0 0.667969 0.917969 0.667969 0.921875 0.664062 0.921875 0.662109 0.919922 0.666016 0.916016
0 0.597656 0.919922 0.597656 0.923828 0.593750 0.923828 0.591797 0.921875 0.595703 0.917969
0 0.515625 0.921875 0.515625 0.925781 0.511719 0.925781 0.509766 0.923828 0.513672 0.919922
0 0.853516 0.931641 0.853516 0.935547 0.849609 0.935547 0.847656 0.933594 0.851562 0.929688
0 0.908203 0.933594 0.908203 0.937500 0.904297 0.937500 0.902344 0.935547 0.906250 0.931641
0 0.423828 0.935547 0.423828 0.939453 0.419922 0.939453 0.417969 0.937500 0.421875 0.933594
0 0.869141 0.935547 0.869141 0.939453 0.865234 0.939453 0.863281 0.937500 0.867188 0.933594
0 0.875000 0.945312 0.875000 0.949219 0.871094 0.949219 0.869141 0.947266 0.873047 0.943359
0 0.439453 0.951172 0.439453 0.955078 0.435547 0.955078 0.433594 0.953125 0.437500 0.949219
0 0.445312 0.957031 0.445312 0.960938 0.441406 0.960938 0.439453 0.958984 0.443359 0.955078
0 0.875000 0.957031 0.875000 0.960938 0.871094 0.960938 0.869141 0.958984 0.873047 0.955078
0 0.828125 0.958984 0.828125 0.962891 0.824219 0.962891 0.822266 0.960938 0.826172 0.957031
0 0.369141 0.968750 0.367188 0.968750 0.365234 0.970703 0.361328 0.970703 0.359375 0.968750 0.359375 0.962891 0.361328 0.960938 0.365234 0.960938 0.367188 0.962891 0.369141 0.962891
0 0.722656 0.964844 0.722656 0.968750 0.718750 0.968750 0.716797 0.966797 0.720703 0.962891
0 0.875000 0.964844 0.875000 0.968750 0.871094 0.968750 0.869141 0.966797 0.873047 0.962891
0 0.455078 0.966797 0.455078 0.970703 0.451172 0.970703 0.449219 0.968750 0.453125 0.964844
0 0.806641 0.966797 0.806641 0.970703 0.802734 0.970703 0.800781 0.968750 0.804688 0.964844
0 0.939453 0.982422 0.939453 0.986328 0.935547 0.986328 0.933594 0.984375 0.937500 0.980469
0 0.910156 0.992188 0.910156 0.996094 0.906250 0.996094 0.904297 0.994141 0.908203 0.990234
0 0.890625 0.994141 0.890625 0.998047 0.886719 0.998047 0.884766 0.996094 0.888672 0.992188
0 0.498047 0.996094 0.498047 0.998047 0.492188 0.998047 0.496094 0.994141
