0 0.115234 0.070312 0.113281 0.072266 0.113281 0.074219 0.111328 0.076172 0.111328 0.078125 0.117188 0.083984 0.123047 0.083984 0.125000 0.082031 0.125000 0.080078 0.126953 0.078125 0.126953 0.076172 0.123047 0.072266 0.121094 0.072266 0.119141 0.070312
0 0.882812 0.095703 0.880859 0.097656 0.880859 0.099609 0.882812 0.101562 0.884766 0.101562 0.886719 0.099609 0.886719 0.097656 0.884766 0.095703
0 0.414062 0.109375 0.412109 0.107422 0.410156 0.109375 0.410156 0.111328 0.414062 0.111328
0 0.638672 0.146484 0.636719 0.148438 0.636719 0.150391 0.638672 0.152344 0.640625 0.152344 0.642578 0.150391 0.642578 0.148438 0.640625 0.146484
0 0.519531 0.150391 0.519531 0.154297 0.523438 0.154297 0.525391 0.152344 0.523438 0.150391
0 0.414062 0.171875 0.410156 0.175781 0.410156 0.177734 0.414062 0.181641 0.417969 0.181641 0.419922 0.179688 0.419922 0.173828 0.417969 0.171875
0 0.246094 0.191406 0.246094 0.203125 0.261719 0.218750 0.269531 0.212891 0.267578 0.208984 0.271484 0.205078 0.283203 0.214844 0.291016 0.208984 0.283203 0.201172 0.277344 0.203125 0.273438 0.199219 0.271484 0.191406 0.261719 0.185547 0.251953 0.185547
0 0.226562 0.207031 0.224609 0.207031 0.222656 0.208984 0.222656 0.210938 0.226562 0.210938
0 0.306641 0.207031 0.304688 0.208984 0.306641 0.208984 0.308594 0.210938 0.308594 0.207031
0 0.132812 0.214844 0.130859 0.216797 0.130859 0.218750 0.132812 0.220703 0.134766 0.220703 0.136719 0.218750 0.136719 0.216797 0.134766 0.214844
0 0.470703 0.234375 0.468750 0.236328 0.468750 0.238281 0.470703 0.240234 0.472656 0.238281 0.472656 0.236328
0 0.822266 0.244141 0.818359 0.244141 0.818359 0.248047 0.820312 0.248047 0.822266 0.246094
0 0.339844 0.246094 0.337891 0.248047 0.337891 0.250000 0.339844 0.251953 0.341797 0.250000 0.341797 0.248047
0 0.126953 0.253906 0.125000 0.255859 0.125000 0.261719 0.126953 0.261719 0.128906 0.263672 0.130859 0.263672 0.134766 0.259766 0.134766 0.255859 0.132812 0.253906
0 0.345703 0.259766 0.343750 0.261719 0.343750 0.267578 0.345703 0.269531 0.347656 0.269531 0.349609 0.271484 0.351562 0.271484 0.353516 0.269531 0.353516 0.263672 0.349609 0.259766
0 0.371094 0.257812 0.369141 0.259766 0.369141 0.263672 0.367188 0.265625 0.371094 0.269531 0.376953 0.269531 0.380859 0.265625 0.380859 0.263672 0.378906 0.261719 0.378906 0.259766 0.376953 0.259766 0.375000 0.257812
0 0.314453 0.267578 0.310547 0.271484 0.310547 0.273438 0.312500 0.275391 0.316406 0.275391 0.318359 0.273438 0.318359 0.271484
0 0.248047 0.283203 0.238281 0.285156 0.234375 0.289062 0.234375 0.294922 0.230469 0.300781 0.232422 0.302734 0.234375 0.318359 0.238281 0.320312 0.244141 0.320312 0.255859 0.310547 0.261719 0.312500 0.267578 0.306641 0.267578 0.304688 0.255859 0.294922 0.253906 0.287109
0 0.396484 0.281250 0.394531 0.283203 0.394531 0.287109 0.396484 0.289062 0.400391 0.289062 0.402344 0.287109 0.402344 0.283203 0.400391 0.283203 0.398438 0.281250
0 0.464844 0.289062 0.460938 0.289062 0.460938 0.291016 0.462891 0.292969 0.464844 0.291016
0 0.330078 0.294922 0.322266 0.302734 0.322266 0.306641 0.326172 0.310547 0.320312 0.318359 0.324219 0.320312 0.322266 0.326172 0.326172 0.330078 0.328125 0.328125 0.333984 0.332031 0.339844 0.326172 0.337891 0.322266 0.339844 0.318359 0.335938 0.316406 0.333984 0.312500 0.339844 0.306641 0.343750 0.308594 0.345703 0.304688 0.339844 0.298828 0.333984 0.298828
1 0.468750 0.298828 0.464844 0.302734 0.464844 0.306641 0.470703 0.312500 0.470703 0.314453 0.468750 0.316406 0.468750 0.318359 0.466797 0.320312 0.466797 0.322266 0.470703 0.326172 0.470703 0.328125 0.472656 0.328125 0.476562 0.332031 0.478516 0.332031 0.482422 0.335938 0.490234 0.328125 0.490234 0.324219 0.486328 0.320312 0.486328 0.318359 0.482422 0.314453 0.478516 0.314453 0.472656 0.308594 0.472656 0.306641 0.474609 0.304688 0.474609 0.302734 0.470703 0.298828
0 0.353516 0.300781 0.353516 0.302734 0.351562 0.304688 0.355469 0.308594 0.355469 0.310547 0.359375 0.310547 0.363281 0.306641 0.363281 0.302734 0.361328 0.300781
0 0.294922 0.304688 0.287109 0.312500 0.287109 0.322266 0.294922 0.330078 0.296875 0.328125 0.300781 0.328125 0.304688 0.324219 0.304688 0.310547 0.300781 0.306641 0.296875 0.306641
0 0.386719 0.306641 0.382812 0.310547 0.380859 0.310547 0.380859 0.320312 0.382812 0.322266 0.382812 0.324219 0.392578 0.324219 0.394531 0.322266 0.394531 0.320312 0.396484 0.318359 0.396484 0.316406 0.398438 0.314453 0.398438 0.312500 0.394531 0.308594 0.392578 0.308594 0.390625 0.306641
0 0.652344 0.306641 0.650391 0.308594 0.650391 0.312500 0.652344 0.314453 0.654297 0.314453 0.658203 0.310547 0.658203 0.308594 0.656250 0.308594 0.654297 0.306641
0 0.867188 0.312500 0.865234 0.314453 0.865234 0.318359 0.867188 0.320312 0.869141 0.320312 0.869141 0.318359 0.871094 0.316406
0 0.357422 0.322266 0.357422 0.324219 0.355469 0.326172 0.357422 0.328125 0.357422 0.330078 0.359375 0.330078 0.361328 0.328125 0.361328 0.324219 0.359375 0.322266
0 0.400391 0.330078 0.396484 0.333984 0.396484 0.337891 0.398438 0.339844 0.402344 0.339844 0.404297 0.341797 0.404297 0.339844 0.408203 0.335938 0.408203 0.332031 0.406250 0.330078
0 0.326172 0.341797 0.322266 0.337891 0.320312 0.337891 0.318359 0.339844 0.316406 0.339844 0.310547 0.345703 0.310547 0.349609 0.312500 0.349609 0.314453 0.351562 0.318359 0.351562 0.320312 0.349609 0.322266 0.349609 0.324219 0.347656 0.326172 0.347656
0 0.339844 0.339844 0.337891 0.339844 0.335938 0.341797 0.333984 0.341797 0.333984 0.343750 0.332031 0.345703 0.332031 0.353516 0.333984 0.355469 0.339844 0.355469 0.345703 0.349609 0.343750 0.347656 0.343750 0.343750
0 0.935547 0.343750 0.935547 0.345703 0.933594 0.347656 0.933594 0.349609 0.935547 0.351562 0.935547 0.353516 0.937500 0.351562 0.939453 0.351562 0.941406 0.349609 0.941406 0.347656 0.939453 0.345703 0.937500 0.345703
0 0.468750 0.349609 0.470703 0.351562 0.470703 0.353516 0.472656 0.355469 0.476562 0.355469 0.478516 0.353516 0.478516 0.349609 0.476562 0.347656 0.472656 0.347656 0.470703 0.349609
0 0.300781 0.351562 0.298828 0.351562 0.294922 0.355469 0.294922 0.357422 0.296875 0.359375 0.296875 0.363281 0.302734 0.357422 0.302734 0.353516
1 0.308594 0.361328 0.306641 0.363281 0.310547 0.367188 0.310547 0.371094 0.316406 0.376953 0.320312 0.376953 0.320312 0.373047 0.318359 0.371094 0.318359 0.367188 0.312500 0.361328
0 0.363281 0.363281 0.361328 0.363281 0.357422 0.367188 0.347656 0.367188 0.345703 0.369141 0.345703 0.375000 0.343750 0.376953 0.345703 0.376953 0.347656 0.380859 0.355469 0.386719 0.355469 0.390625 0.357422 0.390625 0.355469 0.380859 0.357422 0.378906 0.365234 0.378906 0.369141 0.375000 0.371094 0.375000 0.371094 0.373047
0 0.285156 0.371094 0.281250 0.375000 0.281250 0.378906 0.283203 0.380859 0.289062 0.380859 0.291016 0.378906 0.291016 0.373047 0.289062 0.371094
0 0.404297 0.380859 0.402344 0.380859 0.400391 0.382812 0.400391 0.384766 0.402344 0.386719 0.402344 0.388672 0.404297 0.386719 0.406250 0.386719 0.406250 0.382812
0 0.500000 0.386719 0.498047 0.388672 0.498047 0.392578 0.501953 0.392578 0.501953 0.388672
0 0.994141 0.386719 0.992188 0.388672 0.990234 0.388672 0.984375 0.394531 0.984375 0.398438 0.986328 0.400391 0.986328 0.402344 0.988281 0.404297 0.996094 0.404297 0.998047 0.402344 0.998047 0.388672 0.996094 0.388672
0 0.291016 0.392578 0.289062 0.390625 0.287109 0.392578 0.287109 0.394531 0.291016 0.394531
0 0.412109 0.392578 0.412109 0.398438 0.414062 0.400391 0.416016 0.400391 0.417969 0.398438 0.417969 0.394531 0.416016 0.392578
0 0.355469 0.398438 0.353516 0.400391 0.355469 0.402344 0.357422 0.400391
0 0.400391 0.400391 0.396484 0.404297 0.398438 0.406250 0.398438 0.408203 0.404297 0.414062 0.404297 0.416016 0.408203 0.416016 0.410156 0.414062 0.410156 0.408203 0.408203 0.406250 0.408203 0.404297 0.404297 0.400391
0 0.867188 0.402344 0.863281 0.406250 0.863281 0.408203 0.865234 0.410156 0.865234 0.412109 0.867188 0.414062 0.867188 0.416016 0.873047 0.416016 0.875000 0.414062 0.875000 0.412109 0.876953 0.410156 0.878906 0.410156 0.878906 0.408203 0.876953 0.406250 0.876953 0.404297 0.875000 0.402344
0 0.958984 0.406250 0.955078 0.402344 0.953125 0.404297 0.951172 0.404297 0.951172 0.406250 0.949219 0.408203 0.951172 0.408203 0.953125 0.410156 0.957031 0.410156 0.958984 0.408203
0 0.835938 0.406250 0.833984 0.408203 0.833984 0.412109 0.835938 0.414062 0.839844 0.414062 0.841797 0.412109 0.841797 0.410156 0.843750 0.408203 0.841797 0.406250
0 0.419922 0.419922 0.423828 0.423828 0.425781 0.423828 0.429688 0.419922 0.427734 0.421875 0.423828 0.417969 0.421875 0.419922
0 0.865234 0.421875 0.863281 0.423828 0.863281 0.431641 0.865234 0.431641 0.867188 0.433594 0.869141 0.433594 0.873047 0.429688 0.873047 0.425781 0.869141 0.421875
0 0.464844 0.427734 0.460938 0.427734 0.460938 0.431641 0.462891 0.431641 0.464844 0.429688
0 0.425781 0.435547 0.423828 0.435547 0.421875 0.437500 0.419922 0.437500 0.419922 0.439453 0.417969 0.441406 0.417969 0.445312 0.419922 0.447266 0.423828 0.447266 0.425781 0.445312 0.425781 0.439453 0.423828 0.437500
0 0.531250 0.445312 0.529297 0.445312 0.527344 0.443359 0.525391 0.445312 0.525391 0.449219 0.529297 0.449219 0.529297 0.447266
0 0.539062 0.445312 0.537109 0.447266 0.537109 0.453125 0.539062 0.455078 0.539062 0.457031 0.542969 0.457031 0.544922 0.455078 0.546875 0.455078 0.544922 0.453125 0.546875 0.451172 0.542969 0.447266 0.542969 0.445312
0 0.447266 0.462891 0.445312 0.462891 0.443359 0.464844 0.443359 0.468750 0.445312 0.468750 0.447266 0.466797
0 0.537109 0.464844 0.535156 0.466797 0.535156 0.470703 0.537109 0.472656 0.541016 0.472656 0.542969 0.470703 0.542969 0.466797 0.541016 0.464844
0 0.849609 0.466797 0.849609 0.470703 0.851562 0.472656 0.853516 0.472656 0.855469 0.470703 0.855469 0.468750 0.853516 0.466797
0 0.814453 0.468750 0.810547 0.468750 0.808594 0.470703 0.808594 0.476562 0.810547 0.478516 0.812500 0.478516 0.816406 0.474609 0.816406 0.470703
0 0.353516 0.476562 0.351562 0.476562 0.349609 0.474609 0.345703 0.478516 0.345703 0.480469 0.343750 0.482422 0.345703 0.480469 0.347656 0.482422 0.351562 0.482422 0.353516 0.480469
1 0.525391 0.488281 0.525391 0.492188 0.523438 0.494141 0.523438 0.496094 0.525391 0.496094 0.531250 0.501953 0.544922 0.501953 0.550781 0.507812 0.552734 0.507812 0.554688 0.509766 0.556641 0.509766 0.560547 0.505859 0.562500 0.505859 0.562500 0.503906 0.556641 0.498047 0.552734 0.498047 0.546875 0.492188 0.546875 0.490234 0.542969 0.484375 0.537109 0.484375 0.535156 0.482422 0.533203 0.482422 0.531250 0.484375 0.529297 0.484375 0.529297 0.486328 0.527344 0.488281
0 0.572266 0.488281 0.568359 0.484375 0.566406 0.484375 0.564453 0.486328 0.564453 0.490234 0.562500 0.492188 0.564453 0.490234 0.566406 0.492188 0.570312 0.492188 0.572266 0.490234
0 0.503906 0.490234 0.501953 0.492188 0.500000 0.492188 0.500000 0.494141 0.501953 0.496094 0.503906 0.496094 0.505859 0.494141 0.505859 0.492188
0 0.455078 0.494141 0.449219 0.503906 0.449219 0.507812 0.451172 0.509766 0.451172 0.513672 0.455078 0.521484 0.458984 0.521484 0.460938 0.523438 0.462891 0.521484 0.464844 0.523438 0.468750 0.521484 0.474609 0.509766 0.474609 0.498047 0.466797 0.494141
0 0.771484 0.492188 0.771484 0.494141 0.769531 0.496094 0.771484 0.498047 0.775391 0.498047 0.775391 0.492188
0 0.591797 0.498047 0.589844 0.500000 0.589844 0.505859 0.591797 0.507812 0.595703 0.507812 0.595703 0.503906 0.597656 0.501953 0.597656 0.500000 0.595703 0.498047
0 0.396484 0.501953 0.394531 0.500000 0.392578 0.500000 0.390625 0.501953 0.388672 0.501953 0.390625 0.503906 0.394531 0.503906
0 0.525391 0.509766 0.523438 0.511719 0.525391 0.513672 0.527344 0.513672 0.529297 0.511719 0.527344 0.509766
0 0.562500 0.515625 0.558594 0.515625 0.558594 0.519531 0.560547 0.519531 0.562500 0.517578
0 0.642578 0.519531 0.640625 0.521484 0.640625 0.527344 0.648438 0.535156 0.650391 0.535156 0.652344 0.533203 0.652344 0.529297 0.650391 0.527344 0.650391 0.525391 0.648438 0.523438 0.648438 0.521484 0.646484 0.519531
0 0.365234 0.523438 0.363281 0.525391 0.361328 0.525391 0.363281 0.527344 0.361328 0.529297 0.363281 0.531250 0.367188 0.531250 0.369141 0.529297 0.369141 0.527344
0 0.382812 0.529297 0.384766 0.531250 0.382812 0.533203 0.386719 0.537109 0.386719 0.533203 0.388672 0.531250 0.388672 0.529297
0 0.505859 0.527344 0.503906 0.529297 0.503906 0.531250 0.505859 0.533203 0.507812 0.531250 0.507812 0.529297
0 0.902344 0.531250 0.900391 0.531250 0.898438 0.533203 0.894531 0.533203 0.894531 0.542969 0.896484 0.542969 0.898438 0.544922 0.902344 0.544922 0.904297 0.542969 0.904297 0.533203
0 0.410156 0.537109 0.408203 0.539062 0.408203 0.542969 0.410156 0.542969 0.412109 0.544922 0.414062 0.542969 0.414062 0.539062 0.412109 0.537109
0 0.626953 0.541016 0.621094 0.546875 0.619141 0.554688 0.621094 0.556641 0.619141 0.560547 0.623047 0.568359 0.626953 0.570312 0.628906 0.576172 0.638672 0.568359 0.648438 0.570312 0.648438 0.566406 0.644531 0.562500 0.644531 0.554688 0.648438 0.548828 0.656250 0.550781 0.658203 0.542969 0.652344 0.541016 0.642578 0.546875 0.634766 0.541016
0 0.714844 0.550781 0.712891 0.552734 0.712891 0.558594 0.714844 0.560547 0.720703 0.560547 0.722656 0.558594 0.722656 0.552734 0.720703 0.552734 0.718750 0.550781
0 0.373047 0.556641 0.367188 0.562500 0.367188 0.564453 0.365234 0.566406 0.365234 0.572266 0.367188 0.574219 0.373047 0.574219 0.373047 0.572266 0.376953 0.568359 0.376953 0.566406 0.378906 0.564453 0.378906 0.562500 0.376953 0.560547 0.376953 0.558594 0.375000 0.558594
0 0.750000 0.554688 0.748047 0.554688 0.748047 0.560547 0.750000 0.558594 0.751953 0.558594 0.751953 0.556641
0 0.777344 0.556641 0.775391 0.556641 0.773438 0.558594 0.775391 0.560547 0.777344 0.558594
1 0.599609 0.574219 0.595703 0.578125 0.599609 0.582031 0.599609 0.583984 0.601562 0.585938 0.599609 0.587891 0.599609 0.589844 0.597656 0.591797 0.597656 0.593750 0.599609 0.595703 0.613281 0.595703 0.619141 0.601562 0.619141 0.603516 0.617188 0.605469 0.617188 0.607422 0.619141 0.609375 0.621094 0.609375 0.626953 0.603516 0.626953 0.601562 0.625000 0.599609 0.623047 0.599609 0.619141 0.595703 0.619141 0.587891 0.617188 0.585938 0.613281 0.585938 0.611328 0.583984 0.609375 0.583984
0 0.699219 0.574219 0.699219 0.576172 0.701172 0.576172 0.701172 0.574219
0 0.943359 0.576172 0.937500 0.582031 0.939453 0.583984 0.939453 0.595703 0.943359 0.599609 0.947266 0.599609 0.951172 0.595703 0.953125 0.595703 0.953125 0.585938 0.949219 0.582031 0.949219 0.580078 0.947266 0.580078
0 0.552734 0.587891 0.548828 0.591797 0.548828 0.597656 0.552734 0.603516 0.554688 0.603516 0.560547 0.607422 0.562500 0.605469 0.562500 0.603516 0.564453 0.601562 0.564453 0.599609 0.566406 0.597656 0.566406 0.595703 0.562500 0.589844 0.560547 0.589844 0.558594 0.587891
0 0.578125 0.587891 0.574219 0.591797 0.574219 0.597656 0.572266 0.599609 0.572266 0.601562 0.574219 0.603516 0.574219 0.609375 0.578125 0.613281 0.582031 0.613281 0.583984 0.611328 0.585938 0.611328 0.591797 0.605469 0.591797 0.601562 0.593750 0.599609 0.591797 0.597656 0.591797 0.595703 0.583984 0.587891
0 0.353516 0.591797 0.355469 0.593750 0.355469 0.595703 0.357422 0.595703 0.357422 0.591797
0 0.394531 0.595703 0.394531 0.597656 0.396484 0.597656 0.398438 0.599609 0.400391 0.599609 0.402344 0.597656 0.404297 0.597656 0.400391 0.593750 0.400391 0.591797 0.398438 0.591797 0.398438 0.593750 0.396484 0.595703
0 0.529297 0.591797 0.529297 0.595703 0.525391 0.599609 0.525391 0.601562 0.523438 0.603516 0.523438 0.607422 0.525391 0.609375 0.525391 0.611328 0.531250 0.617188 0.537109 0.617188 0.542969 0.611328 0.542969 0.603516 0.544922 0.601562 0.542969 0.601562 0.541016 0.599609 0.542969 0.597656 0.541016 0.595703 0.531250 0.595703 0.529297 0.593750
1 0.193359 0.599609 0.195312 0.601562 0.195312 0.605469 0.193359 0.607422 0.193359 0.609375 0.191406 0.611328 0.191406 0.615234 0.195312 0.619141 0.201172 0.619141 0.203125 0.621094 0.203125 0.623047 0.201172 0.625000 0.203125 0.626953 0.205078 0.626953 0.205078 0.623047 0.203125 0.621094 0.203125 0.619141 0.205078 0.617188 0.205078 0.607422 0.201172 0.603516 0.199219 0.605469
0 0.376953 0.603516 0.373047 0.599609 0.369141 0.599609 0.361328 0.607422 0.361328 0.615234 0.373047 0.615234 0.376953 0.611328 0.376953 0.609375 0.378906 0.607422 0.376953 0.605469
0 0.123047 0.603516 0.121094 0.601562 0.119141 0.603516 0.117188 0.603516 0.119141 0.605469 0.117188 0.607422 0.123047 0.607422 0.121094 0.607422 0.119141 0.605469 0.121094 0.603516
1 0.208984 0.615234 0.210938 0.617188 0.210938 0.619141 0.212891 0.621094 0.212891 0.626953 0.214844 0.626953 0.216797 0.625000 0.218750 0.626953 0.222656 0.623047 0.224609 0.623047 0.226562 0.625000 0.228516 0.623047 0.226562 0.621094 0.228516 0.619141 0.230469 0.619141 0.230469 0.617188 0.232422 0.615234 0.234375 0.615234 0.236328 0.613281 0.238281 0.613281 0.240234 0.615234 0.242188 0.615234 0.244141 0.617188 0.248047 0.617188 0.250000 0.619141 0.251953 0.617188 0.263672 0.617188 0.263672 0.615234 0.265625 0.613281 0.265625 0.609375 0.263672 0.607422 0.261719 0.609375 0.257812 0.609375 0.255859 0.607422 0.253906 0.607422 0.253906 0.611328 0.250000 0.615234 0.248047 0.615234 0.246094 0.613281 0.248047 0.611328 0.248047 0.607422 0.248047 0.609375 0.246094 0.611328 0.238281 0.611328 0.234375 0.607422 0.232422 0.609375 0.232422 0.611328 0.230469 0.613281 0.226562 0.613281 0.224609 0.611328 0.224609 0.609375 0.222656 0.609375 0.222656 0.611328 0.220703 0.613281 0.218750 0.611328 0.220703 0.613281 0.216797 0.617188 0.214844 0.617188 0.212891 0.615234 0.210938 0.617188
0 0.941406 0.607422 0.937500 0.607422 0.935547 0.609375 0.935547 0.619141 0.937500 0.617188 0.939453 0.617188 0.941406 0.615234 0.941406 0.613281 0.943359 0.611328 0.943359 0.609375
0 0.828125 0.611328 0.826172 0.613281 0.826172 0.615234 0.824219 0.617188 0.824219 0.619141 0.826172 0.621094 0.826172 0.623047 0.828125 0.625000 0.833984 0.625000 0.837891 0.621094 0.837891 0.615234 0.833984 0.611328
0 0.921875 0.609375 0.919922 0.611328 0.919922 0.615234 0.921875 0.617188 0.925781 0.617188 0.927734 0.615234 0.927734 0.613281 0.923828 0.609375
0 0.507812 0.625000 0.505859 0.626953 0.507812 0.628906 0.509766 0.628906 0.509766 0.626953
0 0.626953 0.628906 0.623047 0.625000 0.617188 0.625000 0.617188 0.626953 0.609375 0.634766 0.607422 0.632812 0.609375 0.634766 0.609375 0.638672 0.611328 0.638672 0.613281 0.636719 0.625000 0.636719 0.626953 0.634766
0 0.341797 0.640625 0.341797 0.642578 0.339844 0.644531 0.339844 0.646484 0.341797 0.648438 0.345703 0.648438 0.347656 0.646484 0.347656 0.642578 0.345703 0.640625
0 0.490234 0.644531 0.490234 0.646484 0.492188 0.648438 0.494141 0.648438 0.496094 0.646484 0.498047 0.648438 0.496094 0.646484 0.496094 0.644531 0.494141 0.642578 0.492188 0.642578
0 0.576172 0.662109 0.574219 0.664062 0.574219 0.671875 0.576172 0.673828 0.580078 0.673828 0.583984 0.669922 0.583984 0.664062 0.582031 0.664062 0.580078 0.662109
0 0.517578 0.666016 0.515625 0.667969 0.515625 0.669922 0.513672 0.671875 0.513672 0.673828 0.515625 0.671875 0.517578 0.673828 0.517578 0.675781 0.519531 0.675781 0.521484 0.677734 0.523438 0.675781 0.521484 0.673828 0.521484 0.667969 0.519531 0.666016
0 0.626953 0.666016 0.625000 0.667969 0.621094 0.667969 0.617188 0.671875 0.617188 0.675781 0.615234 0.677734 0.611328 0.675781 0.609375 0.677734 0.611328 0.679688 0.613281 0.677734 0.617188 0.681641 0.617188 0.687500 0.625000 0.697266 0.630859 0.697266 0.636719 0.693359 0.640625 0.685547 0.636719 0.677734 0.636719 0.671875 0.632812 0.667969
0 0.708984 0.664062 0.703125 0.667969 0.703125 0.673828 0.707031 0.677734 0.707031 0.679688 0.712891 0.679688 0.714844 0.681641 0.722656 0.673828 0.720703 0.671875 0.718750 0.671875 0.714844 0.667969 0.714844 0.666016 0.712891 0.666016 0.710938 0.664062
0 0.660156 0.673828 0.662109 0.675781 0.664062 0.675781 0.666016 0.677734 0.667969 0.677734 0.667969 0.675781 0.669922 0.673828 0.669922 0.671875 0.667969 0.671875 0.666016 0.669922 0.662109 0.673828
0 0.869141 0.675781 0.867188 0.677734 0.867188 0.681641 0.869141 0.683594 0.869141 0.685547 0.873047 0.685547 0.873047 0.683594 0.875000 0.681641 0.876953 0.681641 0.875000 0.679688 0.876953 0.677734 0.875000 0.675781
0 0.589844 0.681641 0.585938 0.681641 0.583984 0.683594 0.583984 0.689453 0.582031 0.691406 0.582031 0.693359 0.583984 0.695312 0.591797 0.687500 0.591797 0.683594
1 0.730469 0.679688 0.728516 0.681641 0.730469 0.681641 0.732422 0.683594 0.726562 0.689453 0.726562 0.697266 0.728516 0.699219 0.730469 0.699219 0.732422 0.701172 0.734375 0.701172 0.738281 0.697266 0.738281 0.691406 0.732422 0.685547 0.732422 0.679688
0 0.974609 0.679688 0.972656 0.681641 0.972656 0.685547 0.976562 0.685547 0.976562 0.681641
0 0.386719 0.687500 0.386719 0.691406 0.388672 0.693359 0.390625 0.693359 0.392578 0.691406 0.394531 0.691406 0.396484 0.689453 0.394531 0.689453 0.392578 0.687500
0 0.941406 0.687500 0.939453 0.689453 0.939453 0.691406 0.941406 0.693359 0.941406 0.695312 0.943359 0.697266 0.943359 0.699219 0.947266 0.699219 0.951172 0.695312 0.951172 0.689453 0.949219 0.687500
0 0.654297 0.695312 0.654297 0.699219 0.658203 0.699219 0.656250 0.697266 0.656250 0.695312
0 0.500000 0.710938 0.500000 0.714844 0.501953 0.712891 0.503906 0.714844 0.501953 0.718750 0.503906 0.716797 0.509766 0.716797 0.511719 0.720703 0.517578 0.724609 0.521484 0.724609 0.529297 0.718750 0.527344 0.710938 0.519531 0.707031 0.517578 0.708984 0.515625 0.705078 0.509766 0.705078 0.509766 0.710938 0.507812 0.712891 0.501953 0.712891
0 0.582031 0.707031 0.582031 0.708984 0.580078 0.710938 0.580078 0.712891 0.582031 0.712891 0.583984 0.714844 0.589844 0.714844 0.591797 0.712891 0.591797 0.708984 0.587891 0.705078 0.585938 0.705078 0.583984 0.707031
0 0.775391 0.707031 0.773438 0.708984 0.773438 0.710938 0.775391 0.712891 0.777344 0.710938 0.777344 0.708984
0 0.654297 0.712891 0.650391 0.712891 0.644531 0.718750 0.646484 0.720703 0.644531 0.722656 0.652344 0.730469 0.656250 0.726562 0.658203 0.726562 0.658203 0.724609 0.660156 0.722656 0.660156 0.718750 0.658203 0.716797 0.658203 0.714844 0.656250 0.714844
0 0.376953 0.716797 0.376953 0.718750 0.375000 0.720703 0.375000 0.724609 0.376953 0.726562 0.378906 0.726562 0.380859 0.724609 0.380859 0.720703
0 0.671875 0.722656 0.673828 0.724609 0.673828 0.728516 0.675781 0.730469 0.679688 0.730469 0.681641 0.732422 0.683594 0.730469 0.685547 0.730469 0.685547 0.722656 0.683594 0.720703 0.675781 0.720703 0.673828 0.722656
0 0.800781 0.720703 0.798828 0.722656 0.798828 0.724609 0.800781 0.726562 0.804688 0.726562 0.806641 0.724609 0.806641 0.722656 0.804688 0.720703
0 0.339844 0.730469 0.337891 0.728516 0.335938 0.730469 0.335938 0.732422 0.339844 0.732422
0 0.513672 0.732422 0.513672 0.734375 0.509766 0.738281 0.509766 0.740234 0.507812 0.742188 0.507812 0.746094 0.505859 0.748047 0.507812 0.750000 0.509766 0.750000 0.511719 0.751953 0.511719 0.753906 0.515625 0.753906 0.521484 0.759766 0.523438 0.757812 0.527344 0.757812 0.527344 0.755859 0.529297 0.753906 0.527344 0.751953 0.527344 0.744141 0.525391 0.742188 0.525391 0.740234 0.519531 0.732422
0 0.546875 0.732422 0.542969 0.732422 0.542969 0.734375 0.539062 0.738281 0.537109 0.738281 0.535156 0.740234 0.535156 0.742188 0.537109 0.744141 0.541016 0.744141 0.542969 0.746094 0.544922 0.746094 0.550781 0.740234 0.552734 0.740234 0.554688 0.738281 0.552734 0.736328 0.548828 0.736328 0.546875 0.734375
0 0.455078 0.734375 0.453125 0.736328 0.455078 0.738281 0.457031 0.736328
0 0.806641 0.734375 0.804688 0.736328 0.804688 0.744141 0.808594 0.748047 0.810547 0.748047 0.816406 0.742188 0.814453 0.740234 0.814453 0.738281 0.810547 0.734375
0 0.408203 0.740234 0.406250 0.742188 0.406250 0.746094 0.408203 0.748047 0.412109 0.748047 0.412109 0.746094 0.414062 0.744141 0.414062 0.742188 0.412109 0.740234
1 0.480469 0.738281 0.480469 0.740234 0.484375 0.740234 0.486328 0.742188 0.488281 0.740234 0.486328 0.738281
0 0.716797 0.744141 0.712891 0.748047 0.712891 0.753906 0.716797 0.757812 0.720703 0.757812 0.722656 0.755859 0.722656 0.753906 0.724609 0.751953 0.724609 0.748047 0.722656 0.748047 0.718750 0.744141
0 0.742188 0.744141 0.738281 0.748047 0.738281 0.751953 0.736328 0.753906 0.734375 0.750000 0.736328 0.753906 0.734375 0.755859 0.738281 0.759766 0.736328 0.765625 0.738281 0.767578 0.742188 0.767578 0.744141 0.765625 0.748047 0.767578 0.751953 0.767578 0.757812 0.761719 0.757812 0.757812 0.746094 0.746094 0.748047 0.744141 0.746094 0.746094
0 0.835938 0.742188 0.833984 0.742188 0.832031 0.744141 0.830078 0.744141 0.830078 0.746094 0.832031 0.748047 0.832031 0.750000 0.833984 0.750000 0.835938 0.748047 0.837891 0.748047 0.837891 0.744141
0 0.363281 0.750000 0.361328 0.751953 0.363281 0.753906 0.363281 0.755859 0.367188 0.755859 0.367188 0.750000
0 0.285156 0.759766 0.281250 0.755859 0.279297 0.757812 0.277344 0.757812 0.275391 0.759766 0.275391 0.765625 0.277344 0.765625 0.279297 0.763672 0.283203 0.763672 0.285156 0.761719
0 0.492188 0.757812 0.490234 0.759766 0.490234 0.767578 0.492188 0.769531 0.494141 0.769531 0.496094 0.767578 0.498047 0.767578 0.496094 0.767578 0.494141 0.765625 0.496094 0.763672 0.494141 0.761719 0.494141 0.759766
0 0.451172 0.761719 0.447266 0.765625 0.447266 0.771484 0.451172 0.775391 0.457031 0.775391 0.457031 0.773438 0.460938 0.769531 0.460938 0.763672 0.457031 0.763672 0.455078 0.761719
0 0.623047 0.765625 0.623047 0.773438 0.626953 0.777344 0.632812 0.777344 0.634766 0.775391 0.634766 0.771484 0.632812 0.769531 0.632812 0.765625
0 0.832031 0.767578 0.832031 0.773438 0.833984 0.775391 0.837891 0.775391 0.839844 0.773438 0.839844 0.769531 0.837891 0.769531 0.835938 0.767578
0 0.531250 0.777344 0.527344 0.777344 0.525391 0.779297 0.521484 0.775391 0.521484 0.771484 0.521484 0.777344 0.519531 0.779297 0.519531 0.781250 0.515625 0.785156 0.515625 0.789062 0.527344 0.777344 0.529297 0.779297 0.529297 0.781250 0.531250 0.779297
0 0.609375 0.777344 0.611328 0.779297 0.613281 0.777344 0.615234 0.779297 0.613281 0.777344 0.613281 0.775391 0.611328 0.775391
0 0.748047 0.773438 0.746094 0.775391 0.746094 0.779297 0.748047 0.781250 0.751953 0.777344
0 0.916016 0.773438 0.914062 0.775391 0.914062 0.777344 0.916016 0.779297 0.917969 0.779297 0.919922 0.777344 0.919922 0.775391 0.917969 0.773438
0 0.656250 0.783203 0.652344 0.787109 0.652344 0.791016 0.654297 0.792969 0.660156 0.792969 0.664062 0.789062 0.664062 0.787109 0.660156 0.783203
0 0.927734 0.781250 0.927734 0.785156 0.925781 0.787109 0.925781 0.789062 0.923828 0.791016 0.923828 0.792969 0.925781 0.794922 0.925781 0.796875 0.927734 0.796875 0.929688 0.798828 0.933594 0.798828 0.937500 0.794922 0.937500 0.789062 0.931641 0.783203 0.929688 0.785156 0.927734 0.783203
0 0.564453 0.796875 0.566406 0.798828 0.568359 0.798828 0.570312 0.800781 0.572266 0.800781 0.574219 0.798828 0.576172 0.798828 0.578125 0.796875 0.580078 0.796875 0.583984 0.792969 0.583984 0.789062 0.582031 0.787109 0.570312 0.787109 0.568359 0.789062 0.566406 0.789062 0.566406 0.791016 0.564453 0.792969
0 0.853516 0.785156 0.849609 0.789062 0.849609 0.798828 0.853516 0.804688 0.861328 0.804688 0.865234 0.800781 0.865234 0.791016 0.859375 0.785156
0 0.269531 0.791016 0.267578 0.791016 0.265625 0.792969 0.263672 0.792969 0.261719 0.794922 0.261719 0.802734 0.263672 0.804688 0.267578 0.804688 0.269531 0.802734 0.273438 0.802734 0.275391 0.800781 0.275391 0.796875
0 0.291016 0.792969 0.287109 0.796875 0.287109 0.800781 0.291016 0.804688 0.292969 0.804688 0.294922 0.802734 0.294922 0.794922 0.292969 0.792969
0 0.720703 0.796875 0.718750 0.798828 0.718750 0.800781 0.720703 0.802734 0.724609 0.798828 0.722656 0.798828
0 0.314453 0.800781 0.312500 0.802734 0.312500 0.804688 0.314453 0.806641 0.316406 0.806641 0.316406 0.800781
0 0.513672 0.810547 0.511719 0.808594 0.507812 0.808594 0.505859 0.810547 0.505859 0.812500 0.503906 0.814453 0.505859 0.816406 0.509766 0.816406 0.513672 0.812500
0 0.666016 0.812500 0.666016 0.816406 0.669922 0.816406 0.669922 0.814453 0.667969 0.812500
0 0.687500 0.812500 0.689453 0.814453 0.687500 0.816406 0.689453 0.818359 0.695312 0.818359 0.695312 0.814453 0.689453 0.814453
1 0.630859 0.816406 0.628906 0.816406 0.630859 0.818359 0.623047 0.826172 0.623047 0.828125 0.621094 0.830078 0.615234 0.830078 0.613281 0.832031 0.613281 0.837891 0.617188 0.841797 0.623047 0.841797 0.626953 0.837891 0.626953 0.833984 0.630859 0.830078 0.628906 0.828125 0.628906 0.826172 0.626953 0.826172 0.625000 0.824219 0.626953 0.822266 0.630859 0.822266 0.632812 0.820312 0.632812 0.818359
0 0.785156 0.818359 0.775391 0.828125 0.779297 0.832031 0.781250 0.832031 0.783203 0.833984 0.791016 0.833984 0.794922 0.828125 0.794922 0.826172 0.792969 0.824219 0.792969 0.820312 0.791016 0.820312 0.789062 0.818359
0 0.742188 0.822266 0.740234 0.824219 0.740234 0.828125 0.742188 0.830078 0.744141 0.830078 0.746094 0.828125 0.746094 0.824219 0.744141 0.822266
0 0.929688 0.820312 0.927734 0.822266 0.929688 0.824219 0.931641 0.824219 0.931641 0.822266
0 0.582031 0.832031 0.580078 0.833984 0.578125 0.833984 0.576172 0.832031 0.578125 0.833984 0.576172 0.835938 0.572266 0.835938 0.566406 0.841797 0.568359 0.843750 0.566406 0.845703 0.572266 0.851562 0.578125 0.851562 0.580078 0.849609 0.580078 0.843750 0.582031 0.841797 0.580078 0.839844 0.583984 0.835938 0.583984 0.833984
0 0.554688 0.849609 0.552734 0.851562 0.552734 0.853516 0.554688 0.855469 0.556641 0.855469 0.558594 0.853516 0.558594 0.851562 0.556641 0.849609
0 0.625000 0.847656 0.621094 0.851562 0.621094 0.855469 0.623047 0.857422 0.623047 0.859375 0.625000 0.859375 0.626953 0.861328 0.630859 0.861328 0.634766 0.857422 0.634766 0.853516 0.630859 0.849609 0.632812 0.847656
0 0.656250 0.851562 0.652344 0.855469 0.652344 0.861328 0.654297 0.863281 0.660156 0.863281 0.662109 0.861328 0.662109 0.855469 0.660156 0.853516 0.658203 0.853516
1 0.998047 0.853516 0.998047 0.855469 0.994141 0.859375 0.994141 0.863281 0.996094 0.865234 0.996094 0.867188 0.998047 0.869141
0 0.701172 0.857422 0.699219 0.859375 0.697266 0.859375 0.695312 0.861328 0.695312 0.867188 0.697266 0.869141 0.701172 0.869141 0.705078 0.865234 0.705078 0.863281 0.703125 0.861328 0.703125 0.859375
0 0.957031 0.857422 0.955078 0.859375 0.958984 0.863281 0.960938 0.861328 0.960938 0.859375 0.958984 0.857422
0 0.507812 0.875000 0.513672 0.876953 0.505859 0.882812 0.507812 0.888672 0.519531 0.892578 0.525391 0.886719 0.539062 0.904297 0.548828 0.906250 0.552734 0.910156 0.552734 0.917969 0.560547 0.921875 0.558594 0.908203 0.568359 0.894531 0.570312 0.878906 0.560547 0.871094 0.539062 0.865234 0.529297 0.875000 0.527344 0.884766 0.511719 0.873047
0 0.625000 0.875000 0.626953 0.876953 0.621094 0.882812 0.628906 0.892578 0.623047 0.904297 0.623047 0.919922 0.628906 0.929688 0.638672 0.935547 0.652344 0.935547 0.664062 0.929688 0.669922 0.921875 0.669922 0.906250 0.656250 0.876953 0.644531 0.884766 0.636719 0.875000 0.632812 0.875000 0.628906 0.880859
0 0.912109 0.890625 0.912109 0.902344 0.923828 0.917969 0.935547 0.917969 0.945312 0.906250 0.953125 0.912109 0.958984 0.912109 0.960938 0.906250 0.970703 0.898438 0.968750 0.894531 0.962891 0.894531 0.949219 0.902344 0.941406 0.894531 0.939453 0.884766 0.925781 0.876953 0.921875 0.876953
0 0.697266 0.884766 0.695312 0.886719 0.695312 0.890625 0.697266 0.892578 0.697266 0.896484 0.693359 0.900391 0.693359 0.902344 0.699219 0.908203 0.705078 0.908203 0.705078 0.906250 0.707031 0.904297 0.708984 0.904297 0.708984 0.900391 0.707031 0.898438 0.707031 0.896484 0.701172 0.890625 0.701172 0.886719 0.699219 0.884766
0 0.796875 0.888672 0.794922 0.888672 0.792969 0.886719 0.789062 0.890625 0.789062 0.892578 0.791016 0.894531 0.794922 0.894531 0.796875 0.892578
0 0.773438 0.900391 0.771484 0.902344 0.771484 0.906250 0.773438 0.908203 0.775391 0.908203 0.779297 0.904297 0.775391 0.900391
0 0.605469 0.906250 0.603516 0.908203 0.603516 0.912109 0.611328 0.919922 0.613281 0.919922 0.615234 0.917969 0.615234 0.916016 0.613281 0.914062 0.613281 0.912109 0.611328 0.910156 0.611328 0.908203 0.609375 0.906250
0 0.326172 0.910156 0.328125 0.912109 0.328125 0.914062 0.326172 0.916016 0.328125 0.914062 0.330078 0.916016 0.330078 0.912109 0.328125 0.910156
0 0.566406 0.927734 0.564453 0.929688 0.564453 0.931641 0.566406 0.933594 0.568359 0.933594 0.570312 0.931641 0.570312 0.929688 0.568359 0.927734
1 0.533203 0.929688 0.529297 0.933594 0.527344 0.933594 0.527344 0.935547 0.521484 0.941406 0.521484 0.953125 0.535156 0.966797 0.535156 0.972656 0.533203 0.974609 0.535156 0.986328 0.542969 0.994141 0.542969 0.996094 0.542969 0.986328 0.544922 0.984375 0.546875 0.986328 0.546875 0.996094 0.552734 0.996094 0.554688 0.994141 0.556641 0.996094 0.562500 0.996094 0.556641 0.990234 0.558594 0.986328 0.556641 0.982422 0.556641 0.966797 0.558594 0.962891 0.546875 0.949219 0.546875 0.945312 0.542969 0.941406 0.541016 0.933594
0 0.603516 0.931641 0.601562 0.933594 0.601562 0.937500 0.603516 0.939453 0.605469 0.937500 0.605469 0.933594
0 0.900391 0.935547 0.898438 0.937500 0.898438 0.941406 0.896484 0.943359 0.896484 0.947266 0.898438 0.949219 0.898438 0.951172 0.896484 0.953125 0.898438 0.953125 0.902344 0.957031 0.902344 0.958984 0.914062 0.958984 0.916016 0.957031 0.917969 0.957031 0.917969 0.945312 0.916016 0.943359 0.916016 0.941406 0.910156 0.935547
0 0.843750 0.939453 0.841797 0.941406 0.839844 0.941406 0.839844 0.943359 0.835938 0.947266 0.837891 0.949219 0.837891 0.955078 0.843750 0.960938 0.849609 0.960938 0.855469 0.955078 0.855469 0.945312 0.849609 0.939453
0 0.400391 0.962891 0.396484 0.962891 0.396484 0.964844 0.398438 0.966797 0.400391 0.964844
0 0.421875 0.960938 0.421875 0.964844 0.423828 0.964844 0.423828 0.960938
0 0.648438 0.970703 0.642578 0.972656 0.642578 0.976562 0.636719 0.982422 0.634766 0.982422 0.628906 0.988281 0.626953 0.988281 0.626953 0.998047 0.654297 0.998047 0.654297 0.982422 0.650391 0.978516 0.650391 0.972656
0 0.775391 0.970703 0.775391 0.972656 0.779297 0.976562 0.777344 0.978516 0.779297 0.980469 0.779297 0.982422 0.785156 0.986328 0.789062 0.986328 0.794922 0.980469 0.796875 0.980469 0.792969 0.974609 0.792969 0.970703 0.791016 0.970703 0.789062 0.968750 0.787109 0.970703 0.779297 0.970703 0.777344 0.968750
0 0.810547 0.972656 0.804688 0.978516 0.804688 0.984375 0.806641 0.986328 0.806641 0.988281 0.808594 0.988281 0.810547 0.990234 0.812500 0.990234 0.820312 0.982422 0.818359 0.980469 0.818359 0.978516 0.814453 0.974609 0.812500 0.974609
0 0.828125 0.974609 0.826172 0.976562 0.826172 0.980469 0.824219 0.982422 0.826172 0.982422 0.828125 0.984375 0.828125 0.986328 0.830078 0.986328 0.832031 0.988281 0.833984 0.988281 0.837891 0.984375 0.837891 0.978516 0.833984 0.974609
0 0.503906 0.984375 0.501953 0.986328 0.501953 0.988281 0.503906 0.990234 0.505859 0.990234 0.507812 0.988281 0.507812 0.986328 0.505859 0.984375
0 0.910156 0.986328 0.908203 0.988281 0.908203 0.992188 0.906250 0.994141 0.910156 0.998047 0.914062 0.998047 0.916016 0.996094 0.916016 0.988281 0.914062 0.988281 0.912109 0.986328
0 0.697266 0.992188 0.697266 0.998047 0.710938 0.998047 0.712891 0.996094 0.707031 0.990234 0.699219 0.990234
1 0.724609 0.998047 0.732422 0.998047 0.730469 0.998047 0.728516 0.996094 0.726562 0.996094
1 0.894531 0.998047 0.900391 0.998047 0.898438 0.998047 0.896484 0.996094
0 0.304688 0.007812 0.304688 0.011719 0.300781 0.011719 0.298828 0.009766 0.302734 0.005859
0 0.091797 0.025391 0.091797 0.029297 0.087891 0.029297 0.085938 0.027344 0.089844 0.023438
0 0.296875 0.027344 0.296875 0.031250 0.292969 0.031250 0.291016 0.029297 0.294922 0.025391
0 0.283203 0.050781 0.283203 0.054688 0.279297 0.054688 0.277344 0.052734 0.281250 0.048828
0 0.429688 0.064453 0.429688 0.068359 0.425781 0.068359 0.423828 0.066406 0.427734 0.062500
0 0.498047 0.070312 0.498047 0.074219 0.494141 0.074219 0.492188 0.072266 0.496094 0.068359
0 0.707031 0.091797 0.707031 0.095703 0.703125 0.095703 0.701172 0.093750 0.705078 0.089844
0 0.773438 0.095703 0.773438 0.099609 0.769531 0.099609 0.767578 0.097656 0.771484 0.093750
0 0.845703 0.105469 0.845703 0.109375 0.841797 0.109375 0.839844 0.107422 0.843750 0.103516
0 0.998047 0.136719 0.998047 0.142578 0.996094 0.142578 0.994141 0.140625
0 0.765625 0.148438 0.765625 0.152344 0.761719 0.152344 0.759766 0.150391 0.763672 0.146484
0 0.298828 0.154297 0.298828 0.158203 0.294922 0.158203 0.292969 0.156250 0.296875 0.152344
0 0.041016 0.167969 0.041016 0.171875 0.037109 0.171875 0.035156 0.169922 0.039062 0.166016
0 0.820312 0.173828 0.820312 0.177734 0.816406 0.177734 0.814453 0.175781 0.818359 0.171875
0 0.060547 0.175781 0.060547 0.179688 0.056641 0.179688 0.054688 0.177734 0.058594 0.173828
0 0.052734 0.177734 0.052734 0.181641 0.048828 0.181641 0.046875 0.179688 0.050781 0.175781
0 0.849609 0.183594 0.849609 0.187500 0.845703 0.187500 0.843750 0.185547 0.847656 0.181641
0 0.078125 0.185547 0.078125 0.189453 0.074219 0.189453 0.072266 0.187500 0.076172 0.183594
0 0.205078 0.185547 0.205078 0.189453 0.201172 0.189453 0.199219 0.187500 0.203125 0.183594
0 0.826172 0.185547 0.826172 0.189453 0.822266 0.189453 0.820312 0.187500 0.824219 0.183594
0 0.132812 0.191406 0.132812 0.195312 0.128906 0.195312 0.126953 0.193359 0.130859 0.189453
0 0.769531 0.199219 0.769531 0.203125 0.765625 0.203125 0.763672 0.201172 0.767578 0.197266
0 0.050781 0.207031 0.050781 0.210938 0.046875 0.210938 0.044922 0.208984 0.048828 0.205078
0 0.031250 0.208984 0.031250 0.212891 0.027344 0.212891 0.025391 0.210938 0.029297 0.207031
0 0.892578 0.210938 0.892578 0.214844 0.888672 0.214844 0.886719 0.212891 0.890625 0.208984
0 0.070312 0.218750 0.068359 0.220703 0.068359 0.222656 0.066406 0.224609 0.060547 0.224609 0.058594 0.222656 0.058594 0.220703 0.056641 0.218750 0.056641 0.216797 0.058594 0.214844 0.058594 0.212891 0.060547 0.210938 0.066406 0.210938 0.068359 0.212891 0.068359 0.214844 0.070312 0.216797
0 0.472656 0.216797 0.472656 0.220703 0.468750 0.220703 0.466797 0.218750 0.470703 0.214844
0 0.087891 0.220703 0.087891 0.224609 0.083984 0.224609 0.082031 0.222656 0.085938 0.218750
0 0.166016 0.222656 0.166016 0.226562 0.162109 0.226562 0.160156 0.224609 0.164062 0.220703
0 0.013672 0.226562 0.013672 0.230469 0.009766 0.230469 0.007812 0.228516 0.011719 0.224609
0 0.759766 0.226562 0.759766 0.230469 0.755859 0.230469 0.753906 0.228516 0.757812 0.224609
0 0.062500 0.228516 0.062500 0.232422 0.058594 0.232422 0.056641 0.230469 0.060547 0.226562
0 0.052734 0.230469 0.052734 0.234375 0.048828 0.234375 0.046875 0.232422 0.050781 0.228516
0 0.039062 0.234375 0.039062 0.238281 0.035156 0.238281 0.033203 0.236328 0.037109 0.232422
0 0.085938 0.238281 0.083984 0.238281 0.082031 0.240234 0.078125 0.240234 0.076172 0.238281 0.076172 0.232422 0.078125 0.230469 0.082031 0.230469 0.083984 0.232422 0.085938 0.232422
0 0.099609 0.236328 0.099609 0.240234 0.095703 0.240234 0.093750 0.238281 0.097656 0.234375
0 0.378906 0.238281 0.378906 0.242188 0.375000 0.242188 0.373047 0.240234 0.376953 0.236328
0 0.736328 0.238281 0.736328 0.242188 0.732422 0.242188 0.730469 0.240234 0.734375 0.236328
0 0.064453 0.244141 0.062500 0.244141 0.060547 0.246094 0.056641 0.246094 0.054688 0.244141 0.054688 0.238281 0.056641 0.236328 0.060547 0.236328 0.062500 0.238281 0.064453 0.238281
0 0.072266 0.240234 0.072266 0.244141 0.068359 0.244141 0.066406 0.242188 0.070312 0.238281
0 0.091797 0.240234 0.091797 0.244141 0.087891 0.244141 0.085938 0.242188 0.089844 0.238281
0 0.173828 0.240234 0.173828 0.244141 0.169922 0.244141 0.167969 0.242188 0.171875 0.238281
0 0.421875 0.240234 0.421875 0.244141 0.417969 0.244141 0.416016 0.242188 0.419922 0.238281
0 0.078125 0.242188 0.078125 0.246094 0.074219 0.246094 0.072266 0.244141 0.076172 0.240234
0 0.046875 0.244141 0.046875 0.248047 0.042969 0.248047 0.041016 0.246094 0.044922 0.242188
0 0.015625 0.251953 0.015625 0.255859 0.011719 0.255859 0.009766 0.253906 0.013672 0.250000
0 0.056641 0.255859 0.056641 0.259766 0.052734 0.259766 0.050781 0.257812 0.054688 0.253906
0 0.048828 0.259766 0.048828 0.263672 0.044922 0.263672 0.042969 0.261719 0.046875 0.257812
0 0.105469 0.259766 0.105469 0.263672 0.101562 0.263672 0.099609 0.261719 0.103516 0.257812
0 0.416016 0.261719 0.416016 0.265625 0.412109 0.265625 0.410156 0.263672 0.414062 0.259766
0 0.402344 0.267578 0.400391 0.267578 0.398438 0.269531 0.394531 0.269531 0.392578 0.267578 0.392578 0.261719 0.394531 0.259766 0.398438 0.259766 0.400391 0.261719 0.402344 0.261719
0 0.423828 0.263672 0.423828 0.267578 0.419922 0.267578 0.417969 0.265625 0.421875 0.261719
0 0.175781 0.265625 0.175781 0.269531 0.171875 0.269531 0.169922 0.267578 0.173828 0.263672
0 0.414062 0.267578 0.414062 0.271484 0.410156 0.271484 0.408203 0.269531 0.412109 0.265625
0 0.333984 0.269531 0.333984 0.273438 0.330078 0.273438 0.328125 0.271484 0.332031 0.267578
0 0.187500 0.271484 0.187500 0.275391 0.183594 0.275391 0.181641 0.273438 0.185547 0.269531
0 0.298828 0.271484 0.298828 0.275391 0.294922 0.275391 0.292969 0.273438 0.296875 0.269531
0 0.414062 0.279297 0.414062 0.283203 0.410156 0.283203 0.408203 0.281250 0.412109 0.277344
0 0.107422 0.292969 0.107422 0.296875 0.103516 0.296875 0.101562 0.294922 0.105469 0.291016
0 0.044922 0.296875 0.044922 0.300781 0.041016 0.300781 0.039062 0.298828 0.042969 0.294922
0 0.220703 0.296875 0.220703 0.300781 0.216797 0.300781 0.214844 0.298828 0.218750 0.294922
0 0.281250 0.304688 0.279297 0.304688 0.277344 0.306641 0.273438 0.306641 0.271484 0.304688 0.271484 0.298828 0.273438 0.296875 0.277344 0.296875 0.279297 0.298828 0.281250 0.298828
0 0.429688 0.300781 0.429688 0.304688 0.425781 0.304688 0.423828 0.302734 0.427734 0.298828
0 0.314453 0.304688 0.314453 0.308594 0.310547 0.308594 0.308594 0.306641 0.312500 0.302734
0 0.085938 0.310547 0.085938 0.314453 0.082031 0.314453 0.080078 0.312500 0.083984 0.308594
0 0.433594 0.320312 0.433594 0.324219 0.429688 0.324219 0.427734 0.322266 0.431641 0.318359
0 0.457031 0.324219 0.457031 0.328125 0.453125 0.328125 0.451172 0.326172 0.455078 0.322266
0 0.189453 0.326172 0.189453 0.330078 0.185547 0.330078 0.183594 0.328125 0.187500 0.324219
0 0.244141 0.332031 0.244141 0.335938 0.240234 0.335938 0.238281 0.333984 0.242188 0.330078
0 0.125000 0.333984 0.125000 0.337891 0.121094 0.337891 0.119141 0.335938 0.123047 0.332031
0 0.285156 0.339844 0.285156 0.343750 0.281250 0.343750 0.279297 0.341797 0.283203 0.337891
0 0.353516 0.339844 0.353516 0.343750 0.349609 0.343750 0.347656 0.341797 0.351562 0.337891
0 0.361328 0.339844 0.361328 0.343750 0.357422 0.343750 0.355469 0.341797 0.359375 0.337891
0 0.859375 0.339844 0.859375 0.343750 0.855469 0.343750 0.853516 0.341797 0.857422 0.337891
0 0.232422 0.345703 0.232422 0.349609 0.228516 0.349609 0.226562 0.347656 0.230469 0.343750
0 0.548828 0.347656 0.548828 0.351562 0.544922 0.351562 0.542969 0.349609 0.546875 0.345703
0 0.283203 0.355469 0.283203 0.359375 0.279297 0.359375 0.277344 0.357422 0.281250 0.353516
0 0.152344 0.357422 0.152344 0.361328 0.148438 0.361328 0.146484 0.359375 0.150391 0.355469
0 0.710938 0.357422 0.710938 0.361328 0.707031 0.361328 0.705078 0.359375 0.708984 0.355469
0 0.240234 0.359375 0.240234 0.363281 0.236328 0.363281 0.234375 0.361328 0.238281 0.357422
0 0.195312 0.361328 0.195312 0.365234 0.191406 0.365234 0.189453 0.363281 0.193359 0.359375
0 0.423828 0.365234 0.423828 0.369141 0.419922 0.369141 0.417969 0.367188 0.421875 0.363281
0 0.300781 0.369141 0.300781 0.373047 0.296875 0.373047 0.294922 0.371094 0.298828 0.367188
0 0.542969 0.369141 0.542969 0.373047 0.539062 0.373047 0.537109 0.371094 0.541016 0.367188
0 0.177734 0.373047 0.177734 0.376953 0.173828 0.376953 0.171875 0.375000 0.175781 0.371094
0 0.552734 0.373047 0.552734 0.376953 0.548828 0.376953 0.546875 0.375000 0.550781 0.371094
0 0.203125 0.375000 0.203125 0.378906 0.199219 0.378906 0.197266 0.376953 0.201172 0.373047
0 0.888672 0.375000 0.888672 0.378906 0.884766 0.378906 0.882812 0.376953 0.886719 0.373047
0 0.490234 0.378906 0.490234 0.382812 0.486328 0.382812 0.484375 0.380859 0.488281 0.376953
0 0.515625 0.380859 0.515625 0.384766 0.511719 0.384766 0.509766 0.382812 0.513672 0.378906
0 0.328125 0.386719 0.328125 0.390625 0.324219 0.390625 0.322266 0.388672 0.326172 0.384766
0 0.369141 0.386719 0.369141 0.390625 0.365234 0.390625 0.363281 0.388672 0.367188 0.384766
0 0.595703 0.386719 0.595703 0.390625 0.591797 0.390625 0.589844 0.388672 0.593750 0.384766
0 0.675781 0.388672 0.675781 0.392578 0.671875 0.392578 0.669922 0.390625 0.673828 0.386719
0 0.343750 0.396484 0.343750 0.400391 0.339844 0.400391 0.337891 0.398438 0.341797 0.394531
0 0.804688 0.396484 0.804688 0.400391 0.800781 0.400391 0.798828 0.398438 0.802734 0.394531
0 0.500000 0.398438 0.500000 0.402344 0.496094 0.402344 0.494141 0.400391 0.498047 0.396484
0 0.310547 0.402344 0.310547 0.406250 0.306641 0.406250 0.304688 0.404297 0.308594 0.400391
0 0.468750 0.402344 0.468750 0.406250 0.464844 0.406250 0.462891 0.404297 0.466797 0.400391
0 0.281250 0.404297 0.281250 0.408203 0.277344 0.408203 0.275391 0.406250 0.279297 0.402344
0 0.388672 0.404297 0.388672 0.408203 0.384766 0.408203 0.382812 0.406250 0.386719 0.402344
0 0.580078 0.404297 0.580078 0.408203 0.576172 0.408203 0.574219 0.406250 0.578125 0.402344
0 0.478516 0.408203 0.478516 0.412109 0.474609 0.412109 0.472656 0.410156 0.476562 0.406250
0 0.640625 0.408203 0.640625 0.412109 0.636719 0.412109 0.634766 0.410156 0.638672 0.406250
0 0.804688 0.417969 0.804688 0.421875 0.800781 0.421875 0.798828 0.419922 0.802734 0.416016
0 0.541016 0.421875 0.541016 0.425781 0.537109 0.425781 0.535156 0.423828 0.539062 0.419922
0 0.666016 0.421875 0.666016 0.425781 0.662109 0.425781 0.660156 0.423828 0.664062 0.419922
0 0.833984 0.431641 0.832031 0.431641 0.830078 0.433594 0.826172 0.433594 0.824219 0.431641 0.824219 0.425781 0.826172 0.423828 0.830078 0.423828 0.832031 0.425781 0.833984 0.425781
0 0.515625 0.429688 0.515625 0.433594 0.511719 0.433594 0.509766 0.431641 0.513672 0.427734
0 0.542969 0.435547 0.541016 0.435547 0.539062 0.437500 0.535156 0.437500 0.533203 0.435547 0.533203 0.429688 0.535156 0.427734 0.539062 0.427734 0.541016 0.429688 0.542969 0.429688
0 0.626953 0.433594 0.626953 0.437500 0.623047 0.437500 0.621094 0.435547 0.625000 0.431641
0 0.443359 0.435547 0.443359 0.439453 0.439453 0.439453 0.437500 0.437500 0.441406 0.433594
0 0.892578 0.435547 0.892578 0.439453 0.888672 0.439453 0.886719 0.437500 0.890625 0.433594
0 0.640625 0.437500 0.640625 0.441406 0.636719 0.441406 0.634766 0.439453 0.638672 0.435547
0 0.580078 0.439453 0.580078 0.443359 0.576172 0.443359 0.574219 0.441406 0.578125 0.437500
0 0.517578 0.443359 0.517578 0.447266 0.513672 0.447266 0.511719 0.445312 0.515625 0.441406
0 0.562500 0.443359 0.562500 0.447266 0.558594 0.447266 0.556641 0.445312 0.560547 0.441406
0 0.685547 0.445312 0.685547 0.449219 0.681641 0.449219 0.679688 0.447266 0.683594 0.443359
0 0.916016 0.447266 0.916016 0.451172 0.912109 0.451172 0.910156 0.449219 0.914062 0.445312
0 0.441406 0.449219 0.441406 0.453125 0.437500 0.453125 0.435547 0.451172 0.439453 0.447266
0 0.509766 0.449219 0.509766 0.453125 0.505859 0.453125 0.503906 0.451172 0.507812 0.447266
0 0.408203 0.451172 0.408203 0.455078 0.404297 0.455078 0.402344 0.453125 0.406250 0.449219
0 0.466797 0.464844 0.466797 0.468750 0.462891 0.468750 0.460938 0.466797 0.464844 0.462891
0 0.500000 0.464844 0.500000 0.468750 0.496094 0.468750 0.494141 0.466797 0.498047 0.462891
0 0.425781 0.466797 0.425781 0.470703 0.421875 0.470703 0.419922 0.468750 0.423828 0.464844
0 0.783203 0.466797 0.783203 0.470703 0.779297 0.470703 0.777344 0.468750 0.781250 0.464844
0 0.789062 0.472656 0.789062 0.476562 0.785156 0.476562 0.783203 0.474609 0.787109 0.470703
0 0.902344 0.476562 0.900391 0.476562 0.898438 0.478516 0.894531 0.478516 0.892578 0.476562 0.892578 0.470703 0.894531 0.468750 0.898438 0.468750 0.900391 0.470703 0.902344 0.470703
0 0.687500 0.480469 0.687500 0.484375 0.683594 0.484375 0.681641 0.482422 0.685547 0.478516
0 0.453125 0.482422 0.453125 0.486328 0.449219 0.486328 0.447266 0.484375 0.451172 0.480469
0 0.515625 0.482422 0.515625 0.486328 0.511719 0.486328 0.509766 0.484375 0.513672 0.480469
0 0.558594 0.484375 0.558594 0.488281 0.554688 0.488281 0.552734 0.486328 0.556641 0.482422
0 0.484375 0.486328 0.484375 0.490234 0.480469 0.490234 0.478516 0.488281 0.482422 0.484375
0 0.658203 0.494141 0.658203 0.498047 0.654297 0.498047 0.652344 0.496094 0.656250 0.492188
0 0.482422 0.496094 0.482422 0.500000 0.478516 0.500000 0.476562 0.498047 0.480469 0.494141
0 0.492188 0.496094 0.492188 0.500000 0.488281 0.500000 0.486328 0.498047 0.490234 0.494141
0 0.521484 0.496094 0.521484 0.500000 0.517578 0.500000 0.515625 0.498047 0.519531 0.494141
0 0.812500 0.498047 0.812500 0.501953 0.808594 0.501953 0.806641 0.500000 0.810547 0.496094
0 0.484375 0.505859 0.484375 0.509766 0.480469 0.509766 0.478516 0.507812 0.482422 0.503906
0 0.984375 0.505859 0.984375 0.509766 0.980469 0.509766 0.978516 0.507812 0.982422 0.503906
0 0.375000 0.507812 0.375000 0.511719 0.371094 0.511719 0.369141 0.509766 0.373047 0.505859
0 0.433594 0.511719 0.433594 0.515625 0.429688 0.515625 0.427734 0.513672 0.431641 0.509766
0 0.443359 0.511719 0.443359 0.515625 0.439453 0.515625 0.437500 0.513672 0.441406 0.509766
0 0.765625 0.511719 0.765625 0.515625 0.761719 0.515625 0.759766 0.513672 0.763672 0.509766
0 0.791016 0.511719 0.791016 0.515625 0.787109 0.515625 0.785156 0.513672 0.789062 0.509766
0 0.386719 0.513672 0.386719 0.517578 0.382812 0.517578 0.380859 0.515625 0.384766 0.511719
0 0.609375 0.513672 0.609375 0.517578 0.605469 0.517578 0.603516 0.515625 0.607422 0.511719
0 0.509766 0.517578 0.509766 0.521484 0.505859 0.521484 0.503906 0.519531 0.507812 0.515625
0 0.603516 0.523438 0.603516 0.527344 0.599609 0.527344 0.597656 0.525391 0.601562 0.521484
0 0.455078 0.527344 0.455078 0.531250 0.451172 0.531250 0.449219 0.529297 0.453125 0.525391
0 0.580078 0.527344 0.580078 0.531250 0.576172 0.531250 0.574219 0.529297 0.578125 0.525391
0 0.876953 0.531250 0.875000 0.531250 0.873047 0.533203 0.869141 0.533203 0.867188 0.531250 0.867188 0.525391 0.869141 0.523438 0.873047 0.523438 0.875000 0.525391 0.876953 0.525391
0 0.400391 0.531250 0.400391 0.535156 0.396484 0.535156 0.394531 0.533203 0.398438 0.529297
0 0.533203 0.531250 0.533203 0.535156 0.529297 0.535156 0.527344 0.533203 0.531250 0.529297
0 0.480469 0.535156 0.480469 0.539062 0.476562 0.539062 0.474609 0.537109 0.478516 0.533203
0 0.458984 0.541016 0.458984 0.544922 0.455078 0.544922 0.453125 0.542969 0.457031 0.539062
0 0.398438 0.544922 0.398438 0.548828 0.394531 0.548828 0.392578 0.546875 0.396484 0.542969
0 0.496094 0.544922 0.496094 0.548828 0.492188 0.548828 0.490234 0.546875 0.494141 0.542969
0 0.671875 0.546875 0.671875 0.550781 0.667969 0.550781 0.666016 0.548828 0.669922 0.544922
0 0.531250 0.548828 0.531250 0.552734 0.527344 0.552734 0.525391 0.550781 0.529297 0.546875
0 0.400391 0.554688 0.400391 0.558594 0.396484 0.558594 0.394531 0.556641 0.398438 0.552734
0 0.736328 0.558594 0.736328 0.562500 0.732422 0.562500 0.730469 0.560547 0.734375 0.556641
0 0.578125 0.560547 0.578125 0.564453 0.574219 0.564453 0.572266 0.562500 0.576172 0.558594
0 0.589844 0.560547 0.589844 0.564453 0.585938 0.564453 0.583984 0.562500 0.587891 0.558594
0 0.818359 0.564453 0.816406 0.564453 0.814453 0.566406 0.810547 0.566406 0.808594 0.564453 0.808594 0.558594 0.810547 0.556641 0.814453 0.556641 0.816406 0.558594 0.818359 0.558594
0 0.406250 0.562500 0.406250 0.566406 0.402344 0.566406 0.400391 0.564453 0.404297 0.560547
0 0.595703 0.562500 0.595703 0.566406 0.591797 0.566406 0.589844 0.564453 0.593750 0.560547
0 0.615234 0.562500 0.615234 0.566406 0.611328 0.566406 0.609375 0.564453 0.613281 0.560547
0 0.861328 0.562500 0.861328 0.566406 0.857422 0.566406 0.855469 0.564453 0.859375 0.560547
0 0.460938 0.564453 0.460938 0.568359 0.457031 0.568359 0.455078 0.566406 0.458984 0.562500
0 0.515625 0.566406 0.515625 0.570312 0.511719 0.570312 0.509766 0.568359 0.513672 0.564453
0 0.560547 0.568359 0.560547 0.572266 0.556641 0.572266 0.554688 0.570312 0.558594 0.566406
0 0.001953 0.578125 0.000000 0.578125 0.000000 0.572266 0.000000 0.574219 0.001953 0.576172
0 0.738281 0.574219 0.738281 0.578125 0.734375 0.578125 0.732422 0.576172 0.736328 0.572266
0 0.748047 0.574219 0.748047 0.578125 0.744141 0.578125 0.742188 0.576172 0.746094 0.572266
0 0.341797 0.576172 0.341797 0.580078 0.337891 0.580078 0.335938 0.578125 0.339844 0.574219
0 0.552734 0.576172 0.552734 0.580078 0.548828 0.580078 0.546875 0.578125 0.550781 0.574219
0 0.878906 0.576172 0.878906 0.580078 0.875000 0.580078 0.873047 0.578125 0.876953 0.574219
0 0.406250 0.578125 0.406250 0.582031 0.402344 0.582031 0.400391 0.580078 0.404297 0.576172
0 0.445312 0.578125 0.445312 0.582031 0.441406 0.582031 0.439453 0.580078 0.443359 0.576172
0 0.503906 0.578125 0.503906 0.582031 0.500000 0.582031 0.498047 0.580078 0.501953 0.576172
0 0.533203 0.578125 0.533203 0.582031 0.529297 0.582031 0.527344 0.580078 0.531250 0.576172
0 0.564453 0.578125 0.564453 0.582031 0.560547 0.582031 0.558594 0.580078 0.562500 0.576172
0 0.673828 0.580078 0.673828 0.583984 0.669922 0.583984 0.667969 0.582031 0.671875 0.578125
0 0.916016 0.580078 0.916016 0.583984 0.912109 0.583984 0.910156 0.582031 0.914062 0.578125
0 0.464844 0.582031 0.464844 0.585938 0.460938 0.585938 0.458984 0.583984 0.462891 0.580078
0 0.453125 0.585938 0.453125 0.589844 0.449219 0.589844 0.447266 0.587891 0.451172 0.583984
0 0.035156 0.589844 0.035156 0.593750 0.031250 0.593750 0.029297 0.591797 0.033203 0.587891
0 0.498047 0.589844 0.498047 0.593750 0.494141 0.593750 0.492188 0.591797 0.496094 0.587891
0 0.515625 0.589844 0.515625 0.593750 0.511719 0.593750 0.509766 0.591797 0.513672 0.587891
0 0.638672 0.591797 0.638672 0.595703 0.634766 0.595703 0.632812 0.593750 0.636719 0.589844
0 0.390625 0.593750 0.390625 0.597656 0.386719 0.597656 0.384766 0.595703 0.388672 0.591797
0 0.443359 0.597656 0.441406 0.597656 0.439453 0.599609 0.435547 0.599609 0.433594 0.597656 0.433594 0.591797 0.435547 0.589844 0.439453 0.589844 0.441406 0.591797 0.443359 0.591797
0 0.517578 0.597656 0.517578 0.601562 0.513672 0.601562 0.511719 0.599609 0.515625 0.595703
0 0.351562 0.605469 0.351562 0.609375 0.347656 0.609375 0.345703 0.607422 0.349609 0.603516
0 0.408203 0.605469 0.408203 0.609375 0.404297 0.609375 0.402344 0.607422 0.406250 0.603516
0 0.599609 0.605469 0.599609 0.609375 0.595703 0.609375 0.593750 0.607422 0.597656 0.603516
0 0.498047 0.607422 0.498047 0.611328 0.494141 0.611328 0.492188 0.609375 0.496094 0.605469
0 0.507812 0.607422 0.507812 0.611328 0.503906 0.611328 0.501953 0.609375 0.505859 0.605469
0 0.648438 0.607422 0.648438 0.611328 0.644531 0.611328 0.642578 0.609375 0.646484 0.605469
0 0.437500 0.609375 0.437500 0.613281 0.433594 0.613281 0.431641 0.611328 0.435547 0.607422
0 0.517578 0.611328 0.517578 0.615234 0.513672 0.615234 0.511719 0.613281 0.515625 0.609375
0 0.566406 0.611328 0.566406 0.615234 0.562500 0.615234 0.560547 0.613281 0.564453 0.609375
0 0.802734 0.611328 0.802734 0.615234 0.798828 0.615234 0.796875 0.613281 0.800781 0.609375
0 0.816406 0.611328 0.816406 0.615234 0.812500 0.615234 0.810547 0.613281 0.814453 0.609375
0 0.865234 0.611328 0.865234 0.615234 0.861328 0.615234 0.859375 0.613281 0.863281 0.609375
0 0.382812 0.617188 0.382812 0.621094 0.378906 0.621094 0.376953 0.619141 0.380859 0.615234
0 0.648438 0.617188 0.648438 0.621094 0.644531 0.621094 0.642578 0.619141 0.646484 0.615234
0 0.375000 0.621094 0.375000 0.625000 0.371094 0.625000 0.369141 0.623047 0.373047 0.619141
0 0.523438 0.621094 0.523438 0.625000 0.519531 0.625000 0.517578 0.623047 0.521484 0.619141
0 0.050781 0.623047 0.050781 0.626953 0.046875 0.626953 0.044922 0.625000 0.048828 0.621094
0 0.353516 0.623047 0.353516 0.626953 0.349609 0.626953 0.347656 0.625000 0.351562 0.621094
0 0.529297 0.625000 0.529297 0.628906 0.525391 0.628906 0.523438 0.626953 0.527344 0.623047
0 0.638672 0.625000 0.638672 0.628906 0.634766 0.628906 0.632812 0.626953 0.636719 0.623047
0 0.328125 0.628906 0.328125 0.632812 0.324219 0.632812 0.322266 0.630859 0.326172 0.626953
0 0.343750 0.628906 0.343750 0.632812 0.339844 0.632812 0.337891 0.630859 0.341797 0.626953
0 0.500000 0.630859 0.500000 0.634766 0.496094 0.634766 0.494141 0.632812 0.498047 0.628906
0 0.531250 0.630859 0.531250 0.634766 0.527344 0.634766 0.525391 0.632812 0.529297 0.628906
0 0.548828 0.630859 0.548828 0.634766 0.544922 0.634766 0.542969 0.632812 0.546875 0.628906
0 0.593750 0.632812 0.593750 0.636719 0.589844 0.636719 0.587891 0.634766 0.591797 0.630859
0 0.976562 0.632812 0.976562 0.636719 0.972656 0.636719 0.970703 0.634766 0.974609 0.630859
0 0.052734 0.636719 0.052734 0.640625 0.048828 0.640625 0.046875 0.638672 0.050781 0.634766
0 0.326172 0.636719 0.326172 0.640625 0.322266 0.640625 0.320312 0.638672 0.324219 0.634766
0 0.359375 0.636719 0.359375 0.640625 0.355469 0.640625 0.353516 0.638672 0.357422 0.634766
0 0.544922 0.636719 0.544922 0.640625 0.541016 0.640625 0.539062 0.638672 0.542969 0.634766
0 0.638672 0.636719 0.638672 0.640625 0.634766 0.640625 0.632812 0.638672 0.636719 0.634766
0 0.929688 0.638672 0.929688 0.642578 0.925781 0.642578 0.923828 0.640625 0.927734 0.636719
0 0.939453 0.638672 0.939453 0.642578 0.935547 0.642578 0.933594 0.640625 0.937500 0.636719
0 0.666016 0.646484 0.664062 0.646484 0.662109 0.648438 0.658203 0.648438 0.656250 0.646484 0.656250 0.640625 0.658203 0.638672 0.662109 0.638672 0.664062 0.640625 0.666016 0.640625
0 0.359375 0.646484 0.359375 0.650391 0.355469 0.650391 0.353516 0.648438 0.357422 0.644531
0 0.570312 0.646484 0.570312 0.650391 0.566406 0.650391 0.564453 0.648438 0.568359 0.644531
0 0.626953 0.646484 0.626953 0.650391 0.623047 0.650391 0.621094 0.648438 0.625000 0.644531
0 0.796875 0.648438 0.796875 0.652344 0.792969 0.652344 0.791016 0.650391 0.794922 0.646484
0 0.330078 0.652344 0.330078 0.656250 0.326172 0.656250 0.324219 0.654297 0.328125 0.650391
0 0.357422 0.652344 0.357422 0.656250 0.353516 0.656250 0.351562 0.654297 0.355469 0.650391
0 0.863281 0.652344 0.863281 0.656250 0.859375 0.656250 0.857422 0.654297 0.861328 0.650391
0 0.500000 0.654297 0.500000 0.658203 0.496094 0.658203 0.494141 0.656250 0.498047 0.652344
0 0.617188 0.654297 0.617188 0.658203 0.613281 0.658203 0.611328 0.656250 0.615234 0.652344
0 0.626953 0.654297 0.626953 0.658203 0.623047 0.658203 0.621094 0.656250 0.625000 0.652344
0 0.921875 0.654297 0.921875 0.658203 0.917969 0.658203 0.916016 0.656250 0.919922 0.652344
0 0.314453 0.656250 0.314453 0.660156 0.310547 0.660156 0.308594 0.658203 0.312500 0.654297
0 0.531250 0.656250 0.531250 0.660156 0.527344 0.660156 0.525391 0.658203 0.529297 0.654297
0 0.609375 0.656250 0.609375 0.660156 0.605469 0.660156 0.603516 0.658203 0.607422 0.654297
0 0.064453 0.658203 0.064453 0.662109 0.060547 0.662109 0.058594 0.660156 0.062500 0.656250
0 0.562500 0.660156 0.562500 0.664062 0.558594 0.664062 0.556641 0.662109 0.560547 0.658203
0 0.330078 0.666016 0.330078 0.669922 0.326172 0.669922 0.324219 0.667969 0.328125 0.664062
0 0.082031 0.667969 0.082031 0.671875 0.078125 0.671875 0.076172 0.669922 0.080078 0.666016
0 0.449219 0.671875 0.447266 0.671875 0.445312 0.673828 0.441406 0.673828 0.439453 0.671875 0.439453 0.666016 0.441406 0.664062 0.445312 0.664062 0.447266 0.666016 0.449219 0.666016
0 0.732422 0.669922 0.732422 0.673828 0.728516 0.673828 0.726562 0.671875 0.730469 0.667969
0 0.429688 0.671875 0.429688 0.675781 0.425781 0.675781 0.423828 0.673828 0.427734 0.669922
0 0.406250 0.673828 0.406250 0.677734 0.402344 0.677734 0.400391 0.675781 0.404297 0.671875
0 0.535156 0.673828 0.535156 0.677734 0.531250 0.677734 0.529297 0.675781 0.533203 0.671875
0 0.453125 0.677734 0.453125 0.681641 0.449219 0.681641 0.447266 0.679688 0.451172 0.675781
0 0.076172 0.679688 0.076172 0.683594 0.072266 0.683594 0.070312 0.681641 0.074219 0.677734
0 0.445312 0.679688 0.445312 0.683594 0.441406 0.683594 0.439453 0.681641 0.443359 0.677734
0 0.529297 0.683594 0.529297 0.687500 0.525391 0.687500 0.523438 0.685547 0.527344 0.681641
0 0.888672 0.683594 0.888672 0.687500 0.884766 0.687500 0.882812 0.685547 0.886719 0.681641
0 0.355469 0.685547 0.355469 0.689453 0.351562 0.689453 0.349609 0.687500 0.353516 0.683594
0 0.367188 0.685547 0.367188 0.689453 0.363281 0.689453 0.361328 0.687500 0.365234 0.683594
0 0.416016 0.685547 0.416016 0.689453 0.412109 0.689453 0.410156 0.687500 0.414062 0.683594
0 0.429688 0.685547 0.429688 0.689453 0.425781 0.689453 0.423828 0.687500 0.427734 0.683594
0 0.437500 0.685547 0.437500 0.689453 0.433594 0.689453 0.431641 0.687500 0.435547 0.683594
0 0.677734 0.685547 0.677734 0.689453 0.673828 0.689453 0.671875 0.687500 0.675781 0.683594
0 0.763672 0.685547 0.763672 0.689453 0.759766 0.689453 0.757812 0.687500 0.761719 0.683594
0 0.373047 0.687500 0.373047 0.691406 0.369141 0.691406 0.367188 0.689453 0.371094 0.685547
0 0.783203 0.687500 0.783203 0.691406 0.779297 0.691406 0.777344 0.689453 0.781250 0.685547
0 0.546875 0.689453 0.546875 0.693359 0.542969 0.693359 0.541016 0.691406 0.544922 0.687500
0 0.080078 0.693359 0.080078 0.697266 0.076172 0.697266 0.074219 0.695312 0.078125 0.691406
0 0.371094 0.693359 0.371094 0.697266 0.367188 0.697266 0.365234 0.695312 0.369141 0.691406
0 0.353516 0.695312 0.353516 0.699219 0.349609 0.699219 0.347656 0.697266 0.351562 0.693359
0 0.791016 0.697266 0.791016 0.701172 0.787109 0.701172 0.785156 0.699219 0.789062 0.695312
0 0.810547 0.697266 0.810547 0.701172 0.806641 0.701172 0.804688 0.699219 0.808594 0.695312
0 0.845703 0.697266 0.845703 0.701172 0.841797 0.701172 0.839844 0.699219 0.843750 0.695312
0 0.265625 0.699219 0.265625 0.703125 0.261719 0.703125 0.259766 0.701172 0.263672 0.697266
0 0.392578 0.699219 0.392578 0.703125 0.388672 0.703125 0.386719 0.701172 0.390625 0.697266
0 0.671875 0.699219 0.671875 0.703125 0.667969 0.703125 0.666016 0.701172 0.669922 0.697266
0 0.281250 0.701172 0.281250 0.705078 0.277344 0.705078 0.275391 0.703125 0.279297 0.699219
0 0.361328 0.701172 0.361328 0.705078 0.357422 0.705078 0.355469 0.703125 0.359375 0.699219
0 0.605469 0.701172 0.605469 0.705078 0.601562 0.705078 0.599609 0.703125 0.603516 0.699219
0 0.689453 0.701172 0.689453 0.705078 0.685547 0.705078 0.683594 0.703125 0.687500 0.699219
0 0.707031 0.701172 0.707031 0.705078 0.703125 0.705078 0.701172 0.703125 0.705078 0.699219
0 0.816406 0.705078 0.816406 0.708984 0.812500 0.708984 0.810547 0.707031 0.814453 0.703125
0 0.230469 0.707031 0.230469 0.710938 0.226562 0.710938 0.224609 0.708984 0.228516 0.705078
0 0.416016 0.707031 0.416016 0.710938 0.412109 0.710938 0.410156 0.708984 0.414062 0.705078
0 0.169922 0.710938 0.169922 0.714844 0.166016 0.714844 0.164062 0.712891 0.167969 0.708984
0 0.751953 0.710938 0.751953 0.714844 0.748047 0.714844 0.746094 0.712891 0.750000 0.708984
0 0.183594 0.714844 0.183594 0.718750 0.179688 0.718750 0.177734 0.716797 0.181641 0.712891
0 0.218750 0.714844 0.218750 0.718750 0.214844 0.718750 0.212891 0.716797 0.216797 0.712891
0 0.394531 0.714844 0.394531 0.718750 0.390625 0.718750 0.388672 0.716797 0.392578 0.712891
0 0.400391 0.714844 0.400391 0.718750 0.396484 0.718750 0.394531 0.716797 0.398438 0.712891
0 0.408203 0.714844 0.408203 0.718750 0.404297 0.718750 0.402344 0.716797 0.406250 0.712891
0 0.734375 0.714844 0.734375 0.718750 0.730469 0.718750 0.728516 0.716797 0.732422 0.712891
0 0.984375 0.714844 0.984375 0.718750 0.980469 0.718750 0.978516 0.716797 0.982422 0.712891
0 0.537109 0.716797 0.537109 0.720703 0.533203 0.720703 0.531250 0.718750 0.535156 0.714844
0 0.068359 0.718750 0.068359 0.722656 0.064453 0.722656 0.062500 0.720703 0.066406 0.716797
0 0.462891 0.722656 0.462891 0.726562 0.458984 0.726562 0.457031 0.724609 0.460938 0.720703
0 0.906250 0.722656 0.906250 0.726562 0.902344 0.726562 0.900391 0.724609 0.904297 0.720703
0 0.634766 0.724609 0.634766 0.728516 0.630859 0.728516 0.628906 0.726562 0.632812 0.722656
0 0.205078 0.726562 0.205078 0.730469 0.201172 0.730469 0.199219 0.728516 0.203125 0.724609
0 0.423828 0.726562 0.423828 0.730469 0.419922 0.730469 0.417969 0.728516 0.421875 0.724609
0 0.882812 0.726562 0.882812 0.730469 0.878906 0.730469 0.876953 0.728516 0.880859 0.724609
0 0.960938 0.730469 0.958984 0.730469 0.957031 0.732422 0.953125 0.732422 0.951172 0.730469 0.951172 0.724609 0.953125 0.722656 0.957031 0.722656 0.958984 0.724609 0.960938 0.724609
0 0.238281 0.728516 0.238281 0.732422 0.234375 0.732422 0.232422 0.730469 0.236328 0.726562
0 0.400391 0.728516 0.400391 0.732422 0.396484 0.732422 0.394531 0.730469 0.398438 0.726562
0 0.529297 0.728516 0.529297 0.732422 0.525391 0.732422 0.523438 0.730469 0.527344 0.726562
0 0.310547 0.730469 0.310547 0.734375 0.306641 0.734375 0.304688 0.732422 0.308594 0.728516
0 0.330078 0.730469 0.330078 0.734375 0.326172 0.734375 0.324219 0.732422 0.328125 0.728516
0 0.718750 0.730469 0.718750 0.734375 0.714844 0.734375 0.712891 0.732422 0.716797 0.728516
0 0.767578 0.730469 0.767578 0.734375 0.763672 0.734375 0.761719 0.732422 0.765625 0.728516
0 0.826172 0.730469 0.826172 0.734375 0.822266 0.734375 0.820312 0.732422 0.824219 0.728516
0 0.251953 0.732422 0.251953 0.736328 0.248047 0.736328 0.246094 0.734375 0.250000 0.730469
0 0.503906 0.732422 0.503906 0.736328 0.500000 0.736328 0.498047 0.734375 0.501953 0.730469
0 0.947266 0.732422 0.947266 0.736328 0.943359 0.736328 0.941406 0.734375 0.945312 0.730469
0 0.701172 0.734375 0.701172 0.738281 0.697266 0.738281 0.695312 0.736328 0.699219 0.732422
0 0.775391 0.738281 0.775391 0.742188 0.771484 0.742188 0.769531 0.740234 0.773438 0.736328
0 0.119141 0.740234 0.119141 0.744141 0.115234 0.744141 0.113281 0.742188 0.117188 0.738281
0 0.125000 0.740234 0.125000 0.744141 0.121094 0.744141 0.119141 0.742188 0.123047 0.738281
0 0.759766 0.740234 0.759766 0.744141 0.755859 0.744141 0.753906 0.742188 0.757812 0.738281
0 0.121094 0.746094 0.121094 0.750000 0.117188 0.750000 0.115234 0.748047 0.119141 0.744141
0 0.148438 0.746094 0.148438 0.750000 0.144531 0.750000 0.142578 0.748047 0.146484 0.744141
0 0.292969 0.746094 0.292969 0.750000 0.289062 0.750000 0.287109 0.748047 0.291016 0.744141
0 0.470703 0.746094 0.470703 0.750000 0.466797 0.750000 0.464844 0.748047 0.468750 0.744141
0 0.570312 0.746094 0.570312 0.750000 0.566406 0.750000 0.564453 0.748047 0.568359 0.744141
0 0.646484 0.750000 0.644531 0.750000 0.642578 0.751953 0.638672 0.751953 0.636719 0.750000 0.636719 0.744141 0.638672 0.742188 0.642578 0.742188 0.644531 0.744141 0.646484 0.744141
0 0.328125 0.748047 0.328125 0.751953 0.324219 0.751953 0.322266 0.750000 0.326172 0.746094
0 0.673828 0.748047 0.673828 0.751953 0.669922 0.751953 0.667969 0.750000 0.671875 0.746094
0 0.380859 0.750000 0.380859 0.753906 0.376953 0.753906 0.375000 0.751953 0.378906 0.748047
0 0.904297 0.750000 0.904297 0.753906 0.900391 0.753906 0.898438 0.751953 0.902344 0.748047
0 0.580078 0.753906 0.580078 0.757812 0.576172 0.757812 0.574219 0.755859 0.578125 0.751953
0 0.390625 0.757812 0.390625 0.761719 0.386719 0.761719 0.384766 0.759766 0.388672 0.755859
0 0.064453 0.761719 0.064453 0.765625 0.060547 0.765625 0.058594 0.763672 0.062500 0.759766
0 0.535156 0.761719 0.535156 0.765625 0.531250 0.765625 0.529297 0.763672 0.533203 0.759766
0 0.570312 0.761719 0.570312 0.765625 0.566406 0.765625 0.564453 0.763672 0.568359 0.759766
0 0.578125 0.761719 0.578125 0.765625 0.574219 0.765625 0.572266 0.763672 0.576172 0.759766
0 0.607422 0.761719 0.607422 0.765625 0.603516 0.765625 0.601562 0.763672 0.605469 0.759766
0 0.691406 0.761719 0.691406 0.765625 0.687500 0.765625 0.685547 0.763672 0.689453 0.759766
0 0.730469 0.761719 0.730469 0.765625 0.726562 0.765625 0.724609 0.763672 0.728516 0.759766
0 0.378906 0.763672 0.378906 0.767578 0.375000 0.767578 0.373047 0.765625 0.376953 0.761719
0 0.439453 0.763672 0.439453 0.767578 0.435547 0.767578 0.433594 0.765625 0.437500 0.761719
0 0.505859 0.763672 0.505859 0.767578 0.501953 0.767578 0.500000 0.765625 0.503906 0.761719
0 0.552734 0.763672 0.552734 0.767578 0.548828 0.767578 0.546875 0.765625 0.550781 0.761719
0 0.800781 0.763672 0.800781 0.767578 0.796875 0.767578 0.794922 0.765625 0.798828 0.761719
0 0.363281 0.769531 0.361328 0.769531 0.359375 0.771484 0.355469 0.771484 0.353516 0.769531 0.353516 0.763672 0.355469 0.761719 0.359375 0.761719 0.361328 0.763672 0.363281 0.763672
0 0.775391 0.765625 0.775391 0.769531 0.771484 0.769531 0.769531 0.767578 0.773438 0.763672
0 0.154297 0.771484 0.154297 0.775391 0.150391 0.775391 0.148438 0.773438 0.152344 0.769531
0 0.314453 0.777344 0.314453 0.781250 0.310547 0.781250 0.308594 0.779297 0.312500 0.775391
0 0.349609 0.777344 0.349609 0.781250 0.345703 0.781250 0.343750 0.779297 0.347656 0.775391
0 0.707031 0.777344 0.707031 0.781250 0.703125 0.781250 0.701172 0.779297 0.705078 0.775391
0 0.267578 0.779297 0.267578 0.783203 0.263672 0.783203 0.261719 0.781250 0.265625 0.777344
0 0.595703 0.779297 0.595703 0.783203 0.591797 0.783203 0.589844 0.781250 0.593750 0.777344
0 0.796875 0.779297 0.796875 0.783203 0.792969 0.783203 0.791016 0.781250 0.794922 0.777344
0 0.873047 0.779297 0.873047 0.783203 0.869141 0.783203 0.867188 0.781250 0.871094 0.777344
0 0.765625 0.781250 0.765625 0.785156 0.761719 0.785156 0.759766 0.783203 0.763672 0.779297
0 0.558594 0.785156 0.558594 0.789062 0.554688 0.789062 0.552734 0.787109 0.556641 0.783203
0 0.316406 0.791016 0.316406 0.794922 0.312500 0.794922 0.310547 0.792969 0.314453 0.789062
0 0.251953 0.792969 0.251953 0.796875 0.248047 0.796875 0.246094 0.794922 0.250000 0.791016
0 0.332031 0.792969 0.332031 0.796875 0.328125 0.796875 0.326172 0.794922 0.330078 0.791016
0 0.601562 0.792969 0.601562 0.796875 0.597656 0.796875 0.595703 0.794922 0.599609 0.791016
0 0.359375 0.796875 0.359375 0.800781 0.355469 0.800781 0.353516 0.798828 0.357422 0.794922
0 0.349609 0.798828 0.349609 0.802734 0.345703 0.802734 0.343750 0.800781 0.347656 0.796875
0 0.953125 0.798828 0.953125 0.802734 0.949219 0.802734 0.947266 0.800781 0.951172 0.796875
0 0.140625 0.802734 0.140625 0.806641 0.136719 0.806641 0.134766 0.804688 0.138672 0.800781
0 0.875000 0.802734 0.875000 0.806641 0.871094 0.806641 0.869141 0.804688 0.873047 0.800781
0 0.126953 0.806641 0.126953 0.810547 0.123047 0.810547 0.121094 0.808594 0.125000 0.804688
0 0.875000 0.808594 0.875000 0.812500 0.871094 0.812500 0.869141 0.810547 0.873047 0.806641
0 0.343750 0.810547 0.343750 0.814453 0.339844 0.814453 0.337891 0.812500 0.341797 0.808594
0 0.720703 0.812500 0.720703 0.816406 0.716797 0.816406 0.714844 0.814453 0.718750 0.810547
0 0.601562 0.814453 0.601562 0.818359 0.597656 0.818359 0.595703 0.816406 0.599609 0.812500
0 0.873047 0.818359 0.873047 0.822266 0.869141 0.822266 0.867188 0.820312 0.871094 0.816406
0 0.808594 0.820312 0.808594 0.824219 0.804688 0.824219 0.802734 0.822266 0.806641 0.818359
0 0.568359 0.826172 0.566406 0.826172 0.564453 0.828125 0.560547 0.828125 0.558594 0.826172 0.558594 0.820312 0.560547 0.818359 0.564453 0.818359 0.566406 0.820312 0.568359 0.820312
0 0.328125 0.826172 0.328125 0.830078 0.324219 0.830078 0.322266 0.828125 0.326172 0.824219
0 0.470703 0.826172 0.470703 0.830078 0.466797 0.830078 0.464844 0.828125 0.468750 0.824219
0 0.505859 0.826172 0.505859 0.830078 0.501953 0.830078 0.500000 0.828125 0.503906 0.824219
0 0.720703 0.826172 0.720703 0.830078 0.716797 0.830078 0.714844 0.828125 0.718750 0.824219
0 0.435547 0.830078 0.435547 0.833984 0.431641 0.833984 0.429688 0.832031 0.433594 0.828125
0 0.517578 0.830078 0.517578 0.833984 0.513672 0.833984 0.511719 0.832031 0.515625 0.828125
0 0.849609 0.832031 0.849609 0.835938 0.845703 0.835938 0.843750 0.833984 0.847656 0.830078
0 0.984375 0.832031 0.984375 0.835938 0.980469 0.835938 0.978516 0.833984 0.982422 0.830078
0 0.765625 0.833984 0.765625 0.837891 0.761719 0.837891 0.759766 0.835938 0.763672 0.832031
0 0.560547 0.835938 0.560547 0.839844 0.556641 0.839844 0.554688 0.837891 0.558594 0.833984
0 0.605469 0.835938 0.605469 0.839844 0.601562 0.839844 0.599609 0.837891 0.603516 0.833984
0 0.636719 0.835938 0.636719 0.839844 0.632812 0.839844 0.630859 0.837891 0.634766 0.833984
0 0.718750 0.839844 0.718750 0.843750 0.714844 0.843750 0.712891 0.841797 0.716797 0.837891
0 0.726562 0.839844 0.726562 0.843750 0.722656 0.843750 0.720703 0.841797 0.724609 0.837891
0 0.152344 0.841797 0.152344 0.845703 0.148438 0.845703 0.146484 0.843750 0.150391 0.839844
0 0.449219 0.841797 0.449219 0.845703 0.445312 0.845703 0.443359 0.843750 0.447266 0.839844
0 0.517578 0.841797 0.517578 0.845703 0.513672 0.845703 0.511719 0.843750 0.515625 0.839844
0 0.640625 0.841797 0.640625 0.845703 0.636719 0.845703 0.634766 0.843750 0.638672 0.839844
0 0.603516 0.843750 0.603516 0.847656 0.599609 0.847656 0.597656 0.845703 0.601562 0.841797
0 0.751953 0.843750 0.751953 0.847656 0.748047 0.847656 0.746094 0.845703 0.750000 0.841797
0 0.775391 0.843750 0.775391 0.847656 0.771484 0.847656 0.769531 0.845703 0.773438 0.841797
0 0.998047 0.843750 0.998047 0.849609 0.996094 0.849609 0.994141 0.847656
0 0.142578 0.847656 0.142578 0.851562 0.138672 0.851562 0.136719 0.849609 0.140625 0.845703
0 0.806641 0.853516 0.806641 0.857422 0.802734 0.857422 0.800781 0.855469 0.804688 0.851562
0 0.142578 0.855469 0.142578 0.859375 0.138672 0.859375 0.136719 0.857422 0.140625 0.853516
0 0.500000 0.855469 0.500000 0.859375 0.496094 0.859375 0.494141 0.857422 0.498047 0.853516
0 0.738281 0.855469 0.738281 0.859375 0.734375 0.859375 0.732422 0.857422 0.736328 0.853516
0 0.939453 0.855469 0.939453 0.859375 0.935547 0.859375 0.933594 0.857422 0.937500 0.853516
0 0.546875 0.857422 0.546875 0.861328 0.542969 0.861328 0.541016 0.859375 0.544922 0.855469
0 0.583984 0.861328 0.583984 0.865234 0.580078 0.865234 0.578125 0.863281 0.582031 0.859375
0 0.783203 0.861328 0.783203 0.865234 0.779297 0.865234 0.777344 0.863281 0.781250 0.859375
0 0.798828 0.861328 0.798828 0.865234 0.794922 0.865234 0.792969 0.863281 0.796875 0.859375
0 0.814453 0.861328 0.814453 0.865234 0.810547 0.865234 0.808594 0.863281 0.812500 0.859375
0 0.468750 0.863281 0.468750 0.867188 0.464844 0.867188 0.462891 0.865234 0.466797 0.861328
0 0.486328 0.863281 0.486328 0.867188 0.482422 0.867188 0.480469 0.865234 0.484375 0.861328
0 0.609375 0.865234 0.609375 0.869141 0.605469 0.869141 0.603516 0.867188 0.607422 0.863281
0 0.753906 0.865234 0.753906 0.869141 0.750000 0.869141 0.748047 0.867188 0.751953 0.863281
0 0.236328 0.869141 0.236328 0.873047 0.232422 0.873047 0.230469 0.871094 0.234375 0.867188
0 0.591797 0.871094 0.591797 0.875000 0.587891 0.875000 0.585938 0.873047 0.589844 0.869141
0 0.718750 0.871094 0.718750 0.875000 0.714844 0.875000 0.712891 0.873047 0.716797 0.869141
0 0.486328 0.873047 0.486328 0.876953 0.482422 0.876953 0.480469 0.875000 0.484375 0.871094
0 0.582031 0.875000 0.582031 0.878906 0.578125 0.878906 0.576172 0.876953 0.580078 0.873047
0 0.613281 0.876953 0.613281 0.880859 0.609375 0.880859 0.607422 0.878906 0.611328 0.875000
0 0.476562 0.878906 0.476562 0.882812 0.472656 0.882812 0.470703 0.880859 0.474609 0.876953
0 0.486328 0.882812 0.486328 0.886719 0.482422 0.886719 0.480469 0.884766 0.484375 0.880859
0 0.599609 0.882812 0.599609 0.886719 0.595703 0.886719 0.593750 0.884766 0.597656 0.880859
0 0.736328 0.882812 0.736328 0.886719 0.732422 0.886719 0.730469 0.884766 0.734375 0.880859
0 0.611328 0.886719 0.611328 0.890625 0.607422 0.890625 0.605469 0.888672 0.609375 0.884766
0 0.486328 0.888672 0.486328 0.892578 0.482422 0.892578 0.480469 0.890625 0.484375 0.886719
0 0.675781 0.888672 0.675781 0.892578 0.671875 0.892578 0.669922 0.890625 0.673828 0.886719
0 0.687500 0.888672 0.687500 0.892578 0.683594 0.892578 0.681641 0.890625 0.685547 0.886719
0 0.267578 0.890625 0.267578 0.894531 0.263672 0.894531 0.261719 0.892578 0.265625 0.888672
0 0.833984 0.896484 0.833984 0.900391 0.830078 0.900391 0.828125 0.898438 0.832031 0.894531
0 0.486328 0.898438 0.486328 0.902344 0.482422 0.902344 0.480469 0.900391 0.484375 0.896484
0 0.814453 0.898438 0.814453 0.902344 0.810547 0.902344 0.808594 0.900391 0.812500 0.896484
0 0.751953 0.900391 0.751953 0.904297 0.748047 0.904297 0.746094 0.902344 0.750000 0.898438
0 0.757812 0.900391 0.757812 0.904297 0.753906 0.904297 0.751953 0.902344 0.755859 0.898438
0 0.267578 0.902344 0.267578 0.906250 0.263672 0.906250 0.261719 0.904297 0.265625 0.900391
0 0.572266 0.902344 0.572266 0.906250 0.568359 0.906250 0.566406 0.904297 0.570312 0.900391
0 0.501953 0.904297 0.501953 0.908203 0.498047 0.908203 0.496094 0.906250 0.500000 0.902344
0 0.687500 0.904297 0.687500 0.908203 0.683594 0.908203 0.681641 0.906250 0.685547 0.902344
0 0.859375 0.904297 0.859375 0.908203 0.855469 0.908203 0.853516 0.906250 0.857422 0.902344
0 0.373047 0.906250 0.373047 0.910156 0.369141 0.910156 0.367188 0.908203 0.371094 0.904297
0 0.535156 0.908203 0.535156 0.912109 0.531250 0.912109 0.529297 0.910156 0.533203 0.906250
0 0.314453 0.910156 0.314453 0.914062 0.310547 0.914062 0.308594 0.912109 0.312500 0.908203
0 0.375000 0.912109 0.375000 0.916016 0.371094 0.916016 0.369141 0.914062 0.373047 0.910156
0 0.490234 0.912109 0.490234 0.916016 0.486328 0.916016 0.484375 0.914062 0.488281 0.910156
0 0.589844 0.914062 0.589844 0.917969 0.585938 0.917969 0.583984 0.916016 0.587891 0.912109
0 0.683594 0.914062 0.683594 0.917969 0.679688 0.917969 0.677734 0.916016 0.681641 0.912109
0 0.527344 0.916016 0.527344 0.919922 0.523438 0.919922 0.521484 0.917969 0.525391 0.914062
0 0.779297 0.916016 0.779297 0.919922 0.775391 0.919922 0.773438 0.917969 0.777344 0.914062
0 0.314453 0.917969 0.314453 0.921875 0.310547 0.921875 0.308594 0.919922 0.312500 0.916016
0 0.578125 0.917969 0.578125 0.921875 0.574219 0.921875 0.572266 0.919922 0.576172 0.916016
0 0.390625 0.919922 0.390625 0.923828 0.386719 0.923828 0.384766 0.921875 0.388672 0.917969
0 0.597656 0.919922 0.597656 0.923828 0.593750 0.923828 0.591797 0.921875 0.595703 0.917969
0 0.687500 0.919922 0.687500 0.923828 0.683594 0.923828 0.681641 0.921875 0.685547 0.917969
0 0.722656 0.921875 0.722656 0.925781 0.718750 0.925781 0.716797 0.923828 0.720703 0.919922
0 0.406250 0.931641 0.406250 0.935547 0.402344 0.935547 0.400391 0.933594 0.404297 0.929688
0 0.500000 0.933594 0.500000 0.937500 0.496094 0.937500 0.494141 0.935547 0.498047 0.931641
0 0.949219 0.933594 0.949219 0.937500 0.945312 0.937500 0.943359 0.935547 0.947266 0.931641
0 0.517578 0.935547 0.517578 0.939453 0.513672 0.939453 0.511719 0.937500 0.515625 0.933594
0 0.476562 0.939453 0.476562 0.943359 0.472656 0.943359 0.470703 0.941406 0.474609 0.937500
0 0.625000 0.939453 0.625000 0.943359 0.621094 0.943359 0.619141 0.941406 0.623047 0.937500
0 0.726562 0.941406 0.726562 0.945312 0.722656 0.945312 0.720703 0.943359 0.724609 0.939453
0 0.935547 0.943359 0.935547 0.947266 0.931641 0.947266 0.929688 0.945312 0.933594 0.941406
0 0.595703 0.945312 0.595703 0.949219 0.591797 0.949219 0.589844 0.947266 0.593750 0.943359
0 0.470703 0.949219 0.470703 0.953125 0.466797 0.953125 0.464844 0.951172 0.468750 0.947266
0 0.562500 0.949219 0.562500 0.953125 0.558594 0.953125 0.556641 0.951172 0.560547 0.947266
0 0.765625 0.949219 0.765625 0.953125 0.761719 0.953125 0.759766 0.951172 0.763672 0.947266
0 0.929688 0.949219 0.929688 0.953125 0.925781 0.953125 0.923828 0.951172 0.927734 0.947266
0 0.380859 0.951172 0.380859 0.955078 0.376953 0.955078 0.375000 0.953125 0.378906 0.949219
0 0.500000 0.951172 0.500000 0.955078 0.496094 0.955078 0.494141 0.953125 0.498047 0.949219
0 0.640625 0.951172 0.640625 0.955078 0.636719 0.955078 0.634766 0.953125 0.638672 0.949219
0 0.476562 0.953125 0.476562 0.957031 0.472656 0.957031 0.470703 0.955078 0.474609 0.951172
0 0.593750 0.957031 0.593750 0.960938 0.589844 0.960938 0.587891 0.958984 0.591797 0.955078
0 0.437500 0.964844 0.437500 0.968750 0.433594 0.968750 0.431641 0.966797 0.435547 0.962891
0 0.517578 0.964844 0.517578 0.968750 0.513672 0.968750 0.511719 0.966797 0.515625 0.962891
0 0.580078 0.964844 0.580078 0.968750 0.576172 0.968750 0.574219 0.966797 0.578125 0.962891
0 0.767578 0.964844 0.767578 0.968750 0.763672 0.968750 0.761719 0.966797 0.765625 0.962891
0 0.968750 0.964844 0.968750 0.968750 0.964844 0.968750 0.962891 0.966797 0.966797 0.962891
0 0.826172 0.966797 0.826172 0.970703 0.822266 0.970703 0.820312 0.968750 0.824219 0.964844
0 0.861328 0.966797 0.861328 0.970703 0.857422 0.970703 0.855469 0.968750 0.859375 0.964844
0 0.871094 0.966797 0.871094 0.970703 0.867188 0.970703 0.865234 0.968750 0.869141 0.964844
0 0.271484 0.972656 0.271484 0.976562 0.267578 0.976562 0.265625 0.974609 0.269531 0.970703
0 0.486328 0.978516 0.486328 0.982422 0.482422 0.982422 0.480469 0.980469 0.484375 0.976562
0 0.330078 0.980469 0.330078 0.984375 0.326172 0.984375 0.324219 0.982422 0.328125 0.978516
0 0.470703 0.980469 0.470703 0.984375 0.466797 0.984375 0.464844 0.982422 0.468750 0.978516
0 0.869141 0.980469 0.869141 0.984375 0.865234 0.984375 0.863281 0.982422 0.867188 0.978516
0 0.621094 0.984375 0.621094 0.988281 0.617188 0.988281 0.615234 0.986328 0.619141 0.982422
0 0.886719 0.990234 0.886719 0.994141 0.882812 0.994141 0.880859 0.992188 0.884766 0.988281
0 0.802734 0.992188 0.802734 0.996094 0.798828 0.996094 0.796875 0.994141 0.800781 0.990234
0 0.562500 0.996094 0.562500 0.998047 0.556641 0.998047 0.560547 0.994141
0 0.578125 0.996094 0.578125 0.998047 0.572266 0.998047 0.576172 0.994141
0 0.677734 0.996094 0.677734 0.998047 0.671875 0.998047 0.675781 0.994141
