0 0.437500 0.001953 0.439453 0.003906 0.443359 0.003906 0.447266 0.000000 0.437500 0.000000
0 0.791016 0.078125 0.791016 0.082031 0.792969 0.083984 0.796875 0.083984 0.798828 0.082031 0.798828 0.080078 0.796875 0.078125
0 0.470703 0.101562 0.468750 0.103516 0.468750 0.105469 0.470703 0.107422 0.474609 0.107422 0.476562 0.105469 0.476562 0.103516 0.474609 0.101562
0 0.126953 0.113281 0.123047 0.119141 0.123047 0.123047 0.125000 0.125000 0.125000 0.126953 0.126953 0.128906 0.130859 0.128906 0.132812 0.130859 0.134766 0.130859 0.136719 0.128906 0.138672 0.130859 0.142578 0.126953 0.142578 0.117188 0.138672 0.113281
0 0.814453 0.113281 0.812500 0.115234 0.812500 0.121094 0.814453 0.123047 0.818359 0.123047 0.820312 0.121094 0.820312 0.115234 0.818359 0.115234 0.816406 0.113281
0 0.492188 0.125000 0.490234 0.126953 0.490234 0.128906 0.492188 0.130859 0.496094 0.130859 0.498047 0.128906 0.498047 0.126953 0.496094 0.125000
0 0.412109 0.130859 0.410156 0.132812 0.410156 0.134766 0.414062 0.134766 0.416016 0.136719 0.417969 0.134766 0.417969 0.132812 0.416016 0.130859
0 0.224609 0.134766 0.222656 0.132812 0.220703 0.134766 0.220703 0.136719 0.224609 0.136719
0 0.537109 0.142578 0.535156 0.144531 0.535156 0.148438 0.537109 0.150391 0.541016 0.150391 0.542969 0.148438 0.542969 0.144531 0.541016 0.144531 0.539062 0.142578
0 0.048828 0.175781 0.044922 0.179688 0.044922 0.183594 0.048828 0.187500 0.050781 0.187500 0.056641 0.191406 0.060547 0.191406 0.064453 0.187500 0.064453 0.181641 0.060547 0.177734 0.058594 0.177734 0.056641 0.175781
0 0.642578 0.187500 0.640625 0.189453 0.640625 0.193359 0.642578 0.195312 0.646484 0.195312 0.648438 0.193359 0.648438 0.191406 0.644531 0.187500
0 0.980469 0.187500 0.976562 0.191406 0.976562 0.195312 0.980469 0.199219 0.986328 0.199219 0.986328 0.197266 0.988281 0.195312 0.988281 0.191406 0.986328 0.191406 0.982422 0.187500
0 0.507812 0.203125 0.505859 0.205078 0.505859 0.207031 0.507812 0.208984 0.511719 0.208984 0.513672 0.207031 0.513672 0.205078 0.511719 0.205078 0.509766 0.203125
0 0.662109 0.212891 0.660156 0.214844 0.654297 0.214844 0.652344 0.216797 0.652344 0.218750 0.648438 0.222656 0.652344 0.226562 0.652344 0.230469 0.654297 0.230469 0.656250 0.232422 0.666016 0.232422 0.671875 0.226562 0.671875 0.224609 0.669922 0.222656 0.667969 0.216797 0.666016 0.216797
0 0.917969 0.222656 0.916016 0.222656 0.914062 0.224609 0.910156 0.224609 0.908203 0.226562 0.908203 0.232422 0.912109 0.236328 0.917969 0.236328 0.921875 0.232422 0.921875 0.226562
0 0.640625 0.230469 0.638672 0.232422 0.638672 0.234375 0.640625 0.234375 0.642578 0.236328 0.646484 0.232422 0.644531 0.232422 0.642578 0.230469
0 0.396484 0.238281 0.396484 0.246094 0.398438 0.248047 0.404297 0.248047 0.406250 0.246094 0.406250 0.238281 0.404297 0.236328 0.400391 0.236328 0.398438 0.238281
0 0.376953 0.263672 0.376953 0.269531 0.378906 0.271484 0.386719 0.271484 0.388672 0.273438 0.390625 0.273438 0.392578 0.271484 0.392578 0.265625 0.390625 0.263672 0.384766 0.263672 0.382812 0.261719 0.378906 0.261719
0 0.318359 0.289062 0.312500 0.294922 0.312500 0.296875 0.310547 0.298828 0.310547 0.302734 0.312500 0.304688 0.312500 0.306641 0.316406 0.310547 0.328125 0.310547 0.328125 0.308594 0.332031 0.302734 0.332031 0.296875 0.330078 0.294922 0.330078 0.292969 0.326172 0.289062
0 0.914062 0.289062 0.912109 0.291016 0.912109 0.292969 0.914062 0.294922 0.916016 0.294922 0.917969 0.292969 0.917969 0.291016 0.916016 0.289062
0 0.240234 0.294922 0.236328 0.298828 0.232422 0.306641 0.234375 0.308594 0.232422 0.310547 0.238281 0.322266 0.242188 0.324219 0.246094 0.330078 0.250000 0.330078 0.255859 0.318359 0.251953 0.314453 0.251953 0.310547 0.250000 0.308594 0.250000 0.300781 0.244141 0.294922
1 0.294922 0.292969 0.291016 0.296875 0.294922 0.300781 0.294922 0.302734 0.296875 0.302734 0.298828 0.304688 0.296875 0.306641 0.298828 0.308594 0.300781 0.308594 0.302734 0.306641 0.302734 0.304688 0.298828 0.300781 0.298828 0.296875
1 0.339844 0.298828 0.339844 0.302734 0.345703 0.308594 0.351562 0.308594 0.353516 0.306641 0.363281 0.312500 0.369141 0.312500 0.373047 0.316406 0.371094 0.318359 0.371094 0.324219 0.373047 0.326172 0.373047 0.328125 0.378906 0.328125 0.382812 0.324219 0.382812 0.318359 0.378906 0.314453 0.378906 0.310547 0.376953 0.308594 0.376953 0.306641 0.375000 0.306641 0.373047 0.304688 0.373047 0.302734 0.369141 0.302734 0.365234 0.298828 0.363281 0.298828 0.361328 0.300781 0.357422 0.300781 0.347656 0.292969 0.343750 0.296875 0.341797 0.296875
0 0.460938 0.300781 0.458984 0.298828 0.457031 0.298828 0.453125 0.302734 0.453125 0.304688 0.455078 0.302734 0.457031 0.304688 0.458984 0.304688 0.460938 0.302734
0 0.412109 0.335938 0.412109 0.341797 0.414062 0.343750 0.419922 0.343750 0.423828 0.339844 0.423828 0.337891 0.419922 0.333984 0.416016 0.333984 0.414062 0.335938
0 0.441406 0.333984 0.439453 0.335938 0.439453 0.337891 0.437500 0.339844 0.439453 0.339844 0.441406 0.341797 0.445312 0.341797 0.445312 0.335938 0.443359 0.333984
0 0.382812 0.341797 0.382812 0.349609 0.384766 0.351562 0.390625 0.351562 0.392578 0.349609 0.392578 0.345703 0.386719 0.339844 0.384766 0.341797
0 0.826172 0.349609 0.824219 0.351562 0.818359 0.351562 0.810547 0.359375 0.810547 0.365234 0.808594 0.367188 0.810547 0.369141 0.810547 0.375000 0.812500 0.375000 0.818359 0.380859 0.822266 0.378906 0.826172 0.380859 0.835938 0.373047 0.835938 0.359375 0.833984 0.355469
0 0.320312 0.351562 0.318359 0.351562 0.314453 0.355469 0.318359 0.359375 0.318359 0.357422 0.322266 0.353516
0 0.554688 0.353516 0.550781 0.357422 0.550781 0.365234 0.552734 0.367188 0.552734 0.369141 0.558594 0.369141 0.562500 0.365234 0.562500 0.355469 0.560547 0.353516 0.558594 0.355469 0.556641 0.353516
0 0.279297 0.361328 0.277344 0.363281 0.277344 0.365234 0.279297 0.367188 0.281250 0.367188 0.283203 0.365234 0.283203 0.363281 0.281250 0.361328
0 0.353516 0.369141 0.359375 0.375000 0.363281 0.371094 0.365234 0.371094 0.363281 0.369141 0.363281 0.367188 0.361328 0.365234 0.355469 0.365234 0.355469 0.367188
0 0.380859 0.363281 0.380859 0.365234 0.378906 0.367188 0.378906 0.371094 0.380859 0.373047 0.386719 0.373047 0.386719 0.367188 0.384766 0.365234 0.382812 0.365234
0 0.410156 0.365234 0.408203 0.363281 0.406250 0.365234 0.406250 0.367188 0.408203 0.367188
0 0.644531 0.365234 0.642578 0.367188 0.644531 0.369141 0.646484 0.367188
0 0.738281 0.365234 0.738281 0.373047 0.740234 0.375000 0.740234 0.376953 0.742188 0.376953 0.744141 0.378906 0.750000 0.378906 0.751953 0.376953 0.751953 0.375000 0.753906 0.373047 0.755859 0.373047 0.753906 0.371094 0.753906 0.365234 0.751953 0.365234 0.750000 0.363281 0.744141 0.363281 0.742188 0.365234
0 0.421875 0.367188 0.419922 0.369141 0.419922 0.373047 0.421875 0.375000 0.425781 0.375000 0.427734 0.373047 0.427734 0.369141 0.425781 0.367188
0 0.869141 0.382812 0.869141 0.386719 0.867188 0.388672 0.867188 0.394531 0.869141 0.396484 0.869141 0.398438 0.873047 0.398438 0.875000 0.400391 0.880859 0.400391 0.886719 0.394531 0.886719 0.392578 0.888672 0.390625 0.888672 0.386719 0.886719 0.386719 0.882812 0.380859 0.873047 0.380859 0.871094 0.382812
0 0.740234 0.386719 0.738281 0.388672 0.742188 0.392578 0.744141 0.392578 0.744141 0.390625 0.746094 0.388672 0.744141 0.388672 0.742188 0.386719
1 0.365234 0.396484 0.363281 0.398438 0.373047 0.408203 0.371094 0.410156 0.375000 0.410156 0.371094 0.406250 0.371094 0.404297 0.369141 0.402344 0.369141 0.398438 0.367188 0.396484
0 0.408203 0.400391 0.400391 0.400391 0.396484 0.404297 0.396484 0.412109 0.398438 0.414062 0.402344 0.414062 0.404297 0.416016 0.406250 0.414062 0.408203 0.414062 0.410156 0.412109 0.410156 0.410156 0.412109 0.408203 0.412109 0.404297
0 0.974609 0.416016 0.972656 0.417969 0.972656 0.421875 0.974609 0.423828 0.978516 0.423828 0.980469 0.421875 0.980469 0.417969 0.978516 0.416016
0 0.375000 0.417969 0.375000 0.423828 0.376953 0.425781 0.380859 0.425781 0.380859 0.423828 0.382812 0.421875 0.378906 0.417969
0 0.695312 0.427734 0.687500 0.427734 0.679688 0.431641 0.679688 0.435547 0.675781 0.437500 0.677734 0.441406 0.675781 0.443359 0.677734 0.445312 0.675781 0.447266 0.679688 0.455078 0.687500 0.457031 0.689453 0.458984 0.701172 0.453125 0.705078 0.445312 0.705078 0.439453 0.701172 0.431641 0.699219 0.431641
0 0.353516 0.431641 0.351562 0.429688 0.349609 0.429688 0.347656 0.431641 0.347656 0.435547 0.351562 0.435547 0.353516 0.433594
0 0.871094 0.431641 0.869141 0.429688 0.867188 0.429688 0.865234 0.431641 0.865234 0.433594 0.869141 0.433594
0 0.921875 0.443359 0.919922 0.445312 0.919922 0.447266 0.921875 0.449219 0.923828 0.449219 0.925781 0.447266 0.925781 0.445312 0.923828 0.443359
0 0.216797 0.460938 0.214844 0.462891 0.212891 0.462891 0.210938 0.464844 0.210938 0.470703 0.212891 0.472656 0.212891 0.474609 0.214844 0.474609 0.216797 0.476562 0.220703 0.476562 0.222656 0.474609 0.224609 0.474609 0.226562 0.472656 0.226562 0.466797 0.220703 0.460938
0 0.183594 0.468750 0.181641 0.470703 0.181641 0.472656 0.183594 0.474609 0.185547 0.472656 0.185547 0.470703
0 0.757812 0.470703 0.748047 0.474609 0.740234 0.484375 0.740234 0.494141 0.744141 0.501953 0.750000 0.505859 0.761719 0.505859 0.765625 0.503906 0.771484 0.494141 0.771484 0.482422 0.769531 0.478516 0.763672 0.472656 0.759766 0.472656
0 0.681641 0.476562 0.679688 0.478516 0.679688 0.480469 0.681641 0.482422 0.685547 0.482422 0.685547 0.476562
0 0.986328 0.480469 0.984375 0.482422 0.984375 0.484375 0.986328 0.486328 0.988281 0.484375 0.988281 0.482422
0 0.589844 0.484375 0.585938 0.488281 0.585938 0.494141 0.589844 0.498047 0.591797 0.498047 0.593750 0.500000 0.595703 0.500000 0.597656 0.498047 0.597656 0.496094 0.599609 0.494141 0.599609 0.488281 0.595703 0.484375
0 0.955078 0.486328 0.949219 0.492188 0.949219 0.501953 0.955078 0.507812 0.957031 0.507812 0.958984 0.509766 0.962891 0.509766 0.970703 0.501953 0.968750 0.500000 0.970703 0.498047 0.964844 0.488281 0.962891 0.488281 0.960938 0.486328
1 0.271484 0.492188 0.269531 0.490234 0.267578 0.490234 0.261719 0.496094 0.259766 0.496094 0.257812 0.498047 0.257812 0.500000 0.259766 0.501953 0.263672 0.501953 0.263672 0.500000 0.265625 0.498047 0.267578 0.498047 0.271484 0.494141
0 0.248047 0.494141 0.246094 0.496094 0.246094 0.498047 0.244141 0.500000 0.244141 0.505859 0.246094 0.507812 0.250000 0.507812 0.251953 0.505859 0.251953 0.500000 0.250000 0.498047 0.250000 0.496094
0 0.642578 0.500000 0.640625 0.501953 0.640625 0.503906 0.642578 0.505859 0.642578 0.507812 0.646484 0.507812 0.650391 0.503906 0.650391 0.501953 0.648438 0.500000
0 0.814453 0.500000 0.814453 0.503906 0.816406 0.505859 0.822266 0.505859 0.822266 0.501953 0.820312 0.500000
0 0.595703 0.503906 0.589844 0.509766 0.589844 0.515625 0.591797 0.517578 0.601562 0.517578 0.605469 0.513672 0.605469 0.507812 0.601562 0.503906
0 0.794922 0.507812 0.792969 0.509766 0.792969 0.513672 0.796875 0.517578 0.800781 0.517578 0.802734 0.515625 0.802734 0.511719 0.800781 0.509766 0.800781 0.507812
0 0.224609 0.513672 0.224609 0.515625 0.226562 0.517578 0.228516 0.517578 0.230469 0.515625 0.228516 0.513672
0 0.640625 0.513672 0.636719 0.513672 0.634766 0.515625 0.632812 0.515625 0.630859 0.517578 0.630859 0.525391 0.638672 0.525391 0.642578 0.521484 0.642578 0.517578 0.640625 0.515625
1 0.710938 0.513672 0.712891 0.515625 0.710938 0.517578 0.710938 0.519531 0.712891 0.521484 0.707031 0.527344 0.710938 0.531250 0.710938 0.533203 0.718750 0.533203 0.726562 0.541016 0.726562 0.542969 0.730469 0.546875 0.734375 0.542969 0.736328 0.542969 0.738281 0.541016 0.738281 0.537109 0.736328 0.535156 0.734375 0.535156 0.732422 0.533203 0.726562 0.533203 0.720703 0.527344 0.720703 0.521484 0.712891 0.513672
0 0.179688 0.515625 0.177734 0.517578 0.179688 0.519531 0.181641 0.517578
0 0.572266 0.517578 0.564453 0.517578 0.558594 0.523438 0.558594 0.525391 0.554688 0.529297 0.554688 0.533203 0.558594 0.537109 0.570312 0.537109 0.574219 0.533203 0.574219 0.527344 0.576172 0.525391 0.576172 0.523438
0 0.820312 0.517578 0.818359 0.515625 0.816406 0.515625 0.814453 0.517578 0.814453 0.521484 0.818359 0.521484 0.820312 0.519531
0 0.773438 0.519531 0.765625 0.523438 0.765625 0.525391 0.761719 0.527344 0.761719 0.539062 0.763672 0.542969 0.771484 0.548828 0.783203 0.548828 0.791016 0.542969 0.792969 0.531250 0.794922 0.529297 0.792969 0.531250 0.787109 0.523438
0 0.916016 0.521484 0.914062 0.523438 0.914062 0.525391 0.916016 0.527344 0.917969 0.527344 0.917969 0.523438
0 0.933594 0.531250 0.933594 0.533203 0.935547 0.533203 0.937500 0.535156 0.937500 0.537109 0.941406 0.537109 0.947266 0.541016 0.955078 0.541016 0.960938 0.535156 0.960938 0.529297 0.953125 0.521484 0.945312 0.521484 0.943359 0.523438 0.941406 0.523438
0 0.666016 0.527344 0.664062 0.529297 0.662109 0.529297 0.662109 0.531250 0.664062 0.533203 0.666016 0.533203 0.667969 0.531250 0.667969 0.529297
0 0.976562 0.539062 0.970703 0.539062 0.964844 0.544922 0.966797 0.546875 0.966797 0.548828 0.968750 0.550781 0.970703 0.548828 0.972656 0.550781 0.974609 0.548828 0.976562 0.548828 0.976562 0.546875 0.978516 0.544922 0.976562 0.542969
0 0.353516 0.546875 0.349609 0.546875 0.341797 0.554688 0.341797 0.556641 0.337891 0.560547 0.335938 0.560547 0.345703 0.570312 0.349609 0.570312 0.353516 0.566406 0.353516 0.564453 0.355469 0.562500 0.355469 0.560547 0.353516 0.558594 0.353516 0.552734 0.355469 0.550781 0.355469 0.548828
0 0.707031 0.556641 0.705078 0.558594 0.705078 0.560547 0.703125 0.562500 0.703125 0.564453 0.705078 0.564453 0.707031 0.566406 0.710938 0.566406 0.714844 0.562500 0.714844 0.560547 0.710938 0.556641
0 0.806641 0.556641 0.804688 0.558594 0.806641 0.560547
0 0.947266 0.558594 0.945312 0.558594 0.943359 0.560547 0.943359 0.562500 0.947266 0.562500
0 0.462891 0.562500 0.460938 0.564453 0.460938 0.566406 0.462891 0.568359 0.464844 0.568359 0.466797 0.566406 0.466797 0.564453 0.464844 0.562500
0 0.601562 0.562500 0.599609 0.564453 0.599609 0.566406 0.601562 0.568359 0.603516 0.566406 0.603516 0.564453
0 0.439453 0.568359 0.439453 0.570312 0.437500 0.572266 0.437500 0.574219 0.441406 0.578125 0.441406 0.580078 0.445312 0.580078 0.449219 0.576172 0.447266 0.574219 0.449219 0.572266 0.445312 0.568359
0 0.666016 0.566406 0.664062 0.566406 0.660156 0.570312 0.660156 0.578125 0.662109 0.580078 0.666016 0.580078 0.669922 0.576172 0.671875 0.576172 0.669922 0.574219 0.669922 0.568359 0.667969 0.568359
0 0.896484 0.570312 0.898438 0.572266 0.902344 0.572266 0.902344 0.570312 0.900391 0.568359 0.898438 0.568359
0 0.773438 0.572266 0.771484 0.570312 0.767578 0.570312 0.763672 0.574219 0.763672 0.576172 0.771484 0.576172 0.773438 0.574219
0 0.591797 0.574219 0.589844 0.576172 0.589844 0.583984 0.591797 0.585938 0.599609 0.585938 0.601562 0.583984 0.601562 0.576172 0.599609 0.574219
0 0.623047 0.574219 0.617188 0.574219 0.615234 0.576172 0.613281 0.576172 0.613281 0.578125 0.611328 0.580078 0.611328 0.583984 0.613281 0.585938 0.613281 0.587891 0.617188 0.593750 0.619141 0.591797 0.625000 0.591797 0.625000 0.589844 0.628906 0.585938 0.628906 0.582031 0.625000 0.578125 0.625000 0.576172
0 0.275391 0.580078 0.275391 0.585938 0.277344 0.587891 0.279297 0.585938 0.279297 0.582031 0.277344 0.580078
0 0.501953 0.580078 0.500000 0.582031 0.498047 0.582031 0.496094 0.583984 0.496094 0.585938 0.498047 0.587891 0.501953 0.587891 0.503906 0.585938 0.500000 0.582031
0 0.876953 0.578125 0.873047 0.578125 0.869141 0.582031 0.869141 0.587891 0.873047 0.591797 0.875000 0.591797 0.880859 0.585938 0.880859 0.582031
0 0.195312 0.591797 0.191406 0.595703 0.191406 0.597656 0.193359 0.599609 0.195312 0.599609 0.197266 0.597656 0.197266 0.593750
0 0.578125 0.593750 0.576172 0.599609 0.572266 0.601562 0.572266 0.605469 0.570312 0.607422 0.572266 0.609375 0.576172 0.623047 0.585938 0.628906 0.589844 0.626953 0.593750 0.628906 0.593750 0.626953 0.595703 0.625000 0.599609 0.625000 0.601562 0.621094 0.601562 0.609375 0.591797 0.597656 0.587891 0.597656 0.583984 0.593750
1 0.998047 0.595703 0.996094 0.597656 0.996094 0.599609 0.998047 0.601562
0 0.929688 0.597656 0.929688 0.599609 0.933594 0.603516 0.935547 0.601562 0.935547 0.597656
0 0.386719 0.603516 0.380859 0.603516 0.378906 0.605469 0.378906 0.615234 0.380859 0.617188 0.380859 0.619141 0.382812 0.617188 0.384766 0.617188 0.384766 0.615234 0.388672 0.611328 0.388672 0.605469
0 0.955078 0.601562 0.947266 0.601562 0.941406 0.607422 0.941406 0.613281 0.937500 0.621094 0.937500 0.632812 0.939453 0.632812 0.943359 0.636719 0.953125 0.634766 0.958984 0.623047 0.958984 0.607422
0 0.451172 0.605469 0.445312 0.611328 0.445312 0.615234 0.449219 0.619141 0.449219 0.628906 0.451172 0.630859 0.455078 0.630859 0.462891 0.623047 0.462891 0.621094 0.455078 0.613281 0.455078 0.609375
0 0.777344 0.605469 0.771484 0.607422 0.771484 0.609375 0.761719 0.617188 0.761719 0.621094 0.759766 0.623047 0.761719 0.625000 0.761719 0.630859 0.767578 0.634766 0.771484 0.634766 0.779297 0.628906 0.779297 0.613281 0.781250 0.611328 0.781250 0.607422 0.779297 0.607422
0 0.923828 0.607422 0.923828 0.609375 0.925781 0.611328 0.927734 0.609375 0.925781 0.607422
0 0.818359 0.611328 0.816406 0.613281 0.814453 0.613281 0.814453 0.623047 0.818359 0.626953 0.820312 0.626953 0.824219 0.623047 0.824219 0.621094 0.826172 0.619141 0.826172 0.617188 0.824219 0.615234 0.824219 0.613281 0.822266 0.613281 0.820312 0.611328
0 0.867188 0.611328 0.863281 0.615234 0.863281 0.623047 0.865234 0.625000 0.865234 0.626953 0.869141 0.630859 0.871094 0.628906 0.873047 0.630859 0.878906 0.628906 0.878906 0.626953 0.882812 0.621094 0.882812 0.617188 0.876953 0.611328
0 0.259766 0.613281 0.257812 0.615234 0.257812 0.617188 0.259766 0.619141 0.261719 0.619141 0.263672 0.617188 0.263672 0.615234 0.261719 0.613281
0 0.542969 0.615234 0.539062 0.619141 0.539062 0.623047 0.542969 0.623047 0.544922 0.625000 0.546875 0.623047 0.548828 0.623047 0.546875 0.621094 0.546875 0.617188 0.544922 0.615234
0 0.373047 0.621094 0.371094 0.619141 0.369141 0.619141 0.363281 0.623047 0.361328 0.623047 0.359375 0.621094 0.355469 0.621094 0.349609 0.626953 0.349609 0.634766 0.353516 0.638672 0.363281 0.634766 0.365234 0.632812 0.365234 0.630859 0.371094 0.625000 0.373047 0.625000
0 0.839844 0.619141 0.837891 0.621094 0.837891 0.623047 0.839844 0.625000 0.843750 0.625000 0.843750 0.621094 0.841797 0.619141
0 0.324219 0.625000 0.322266 0.626953 0.324219 0.628906 0.326172 0.628906 0.326172 0.625000
0 0.484375 0.625000 0.482422 0.625000 0.478516 0.628906 0.480469 0.628906 0.482422 0.630859 0.482422 0.634766 0.484375 0.632812 0.484375 0.630859 0.486328 0.628906 0.484375 0.626953
0 0.439453 0.630859 0.439453 0.632812 0.437500 0.634766 0.437500 0.638672 0.443359 0.644531 0.441406 0.646484 0.445312 0.652344 0.443359 0.654297 0.445312 0.652344 0.451172 0.650391 0.457031 0.644531 0.457031 0.642578 0.453125 0.638672 0.453125 0.636719 0.451172 0.636719 0.449219 0.638672 0.445312 0.638672 0.443359 0.636719 0.443359 0.634766
0 0.496094 0.630859 0.494141 0.632812 0.494141 0.636719 0.496094 0.638672 0.500000 0.638672 0.501953 0.636719 0.501953 0.632812 0.500000 0.630859
0 0.615234 0.628906 0.605469 0.628906 0.605469 0.630859 0.601562 0.634766 0.601562 0.642578 0.603516 0.644531 0.605469 0.644531 0.607422 0.646484 0.609375 0.644531 0.613281 0.644531 0.619141 0.638672 0.619141 0.632812
0 0.531250 0.632812 0.523438 0.632812 0.521484 0.634766 0.519531 0.634766 0.517578 0.636719 0.517578 0.642578 0.521484 0.646484 0.525391 0.646484 0.527344 0.644531 0.529297 0.644531 0.535156 0.638672 0.531250 0.634766
0 0.582031 0.634766 0.580078 0.636719 0.580078 0.642578 0.582031 0.642578 0.583984 0.644531 0.587891 0.644531 0.589844 0.642578 0.589844 0.636719 0.587891 0.634766
0 0.812500 0.640625 0.814453 0.644531 0.822266 0.644531 0.828125 0.650391 0.828125 0.652344 0.832031 0.652344 0.833984 0.654297 0.835938 0.652344 0.841797 0.652344 0.847656 0.644531 0.847656 0.642578 0.837891 0.634766 0.833984 0.634766 0.832031 0.636719 0.824219 0.636719 0.820312 0.632812 0.818359 0.634766 0.814453 0.634766 0.814453 0.638672
1 0.419922 0.638672 0.417969 0.640625 0.417969 0.646484 0.421875 0.646484 0.423828 0.644531 0.425781 0.646484 0.425781 0.648438 0.427734 0.650391 0.427734 0.652344 0.429688 0.654297 0.433594 0.654297 0.433594 0.650391 0.421875 0.638672
0 0.705078 0.636719 0.701172 0.640625 0.701172 0.644531 0.705078 0.648438 0.710938 0.648438 0.712891 0.646484 0.712891 0.640625 0.710938 0.638672 0.710938 0.636719
0 0.888672 0.638672 0.886719 0.640625 0.888672 0.642578 0.888672 0.644531 0.886719 0.646484 0.884766 0.646484 0.888672 0.646484 0.890625 0.648438 0.896484 0.648438 0.898438 0.646484 0.898438 0.640625 0.896484 0.638672
0 0.923828 0.640625 0.921875 0.640625 0.919922 0.638672 0.914062 0.638672 0.910156 0.642578 0.908203 0.642578 0.908203 0.644531 0.902344 0.652344 0.902344 0.658203 0.908203 0.662109 0.917969 0.662109 0.919922 0.660156 0.921875 0.660156 0.927734 0.654297 0.927734 0.652344 0.929688 0.650391 0.927734 0.648438 0.927734 0.644531
0 0.335938 0.640625 0.333984 0.642578 0.333984 0.644531 0.335938 0.646484 0.337891 0.646484 0.337891 0.640625
0 0.472656 0.640625 0.470703 0.640625 0.466797 0.646484 0.462891 0.646484 0.460938 0.648438 0.460938 0.658203 0.466797 0.662109 0.468750 0.662109 0.472656 0.658203 0.472656 0.656250 0.474609 0.654297 0.474609 0.650391 0.472656 0.650391 0.468750 0.646484 0.468750 0.644531 0.470703 0.642578 0.472656 0.642578
1 0.625000 0.642578 0.625000 0.644531 0.626953 0.646484 0.628906 0.646484 0.630859 0.644531 0.632812 0.646484 0.634766 0.646484 0.636719 0.644531 0.636719 0.640625 0.634766 0.640625 0.632812 0.642578 0.630859 0.642578 0.628906 0.640625 0.626953 0.640625
0 0.787109 0.646484 0.792969 0.652344 0.798828 0.652344 0.798828 0.648438 0.796875 0.646484 0.796875 0.644531 0.794922 0.642578 0.791016 0.646484
0 0.984375 0.642578 0.984375 0.650391 0.986328 0.652344 0.992188 0.652344 0.994141 0.650391 0.994141 0.646484 0.990234 0.642578
0 0.876953 0.644531 0.873047 0.648438 0.873047 0.652344 0.871094 0.654297 0.871094 0.656250 0.875000 0.660156 0.876953 0.660156 0.878906 0.662109 0.880859 0.662109 0.882812 0.660156 0.882812 0.658203 0.880859 0.656250 0.880859 0.650391 0.878906 0.648438 0.878906 0.644531
1 0.296875 0.660156 0.300781 0.664062 0.304688 0.664062 0.306641 0.662109 0.316406 0.671875 0.320312 0.667969 0.324219 0.667969 0.326172 0.666016 0.328125 0.667969 0.330078 0.667969 0.332031 0.666016 0.332031 0.664062 0.328125 0.660156 0.322266 0.660156 0.320312 0.658203 0.316406 0.658203 0.314453 0.656250 0.312500 0.656250 0.310547 0.654297 0.308594 0.654297 0.304688 0.650391 0.300781 0.654297 0.300781 0.656250
0 0.681641 0.648438 0.679688 0.648438 0.677734 0.650391 0.679688 0.652344 0.681641 0.650391
0 0.783203 0.650391 0.781250 0.648438 0.779297 0.648438 0.777344 0.650391 0.777344 0.652344 0.781250 0.652344
0 0.337891 0.656250 0.339844 0.656250 0.341797 0.654297 0.337891 0.654297
1 0.718750 0.652344 0.714844 0.656250 0.705078 0.658203 0.699219 0.664062 0.693359 0.662109 0.689453 0.666016 0.689453 0.667969 0.693359 0.671875 0.693359 0.677734 0.689453 0.681641 0.683594 0.679688 0.675781 0.687500 0.677734 0.689453 0.673828 0.693359 0.677734 0.697266 0.679688 0.703125 0.687500 0.708984 0.693359 0.710938 0.697266 0.707031 0.697266 0.705078 0.703125 0.699219 0.701172 0.691406 0.707031 0.685547 0.714844 0.687500 0.718750 0.683594 0.718750 0.671875 0.712891 0.666016 0.722656 0.658203 0.722656 0.656250
0 0.599609 0.664062 0.595703 0.660156 0.593750 0.662109 0.591797 0.662109 0.591797 0.664062 0.593750 0.666016 0.595703 0.666016 0.597656 0.664062
0 0.742188 0.660156 0.730469 0.664062 0.730469 0.667969 0.728516 0.669922 0.728516 0.673828 0.732422 0.677734 0.732422 0.681641 0.734375 0.679688 0.736328 0.679688 0.738281 0.681641 0.744141 0.679688 0.748047 0.675781 0.748047 0.673828 0.750000 0.671875 0.750000 0.667969
0 0.775391 0.662109 0.773438 0.664062 0.773438 0.666016 0.775391 0.666016 0.777344 0.667969 0.779297 0.666016 0.779297 0.664062 0.777344 0.662109
0 0.429688 0.666016 0.427734 0.664062 0.425781 0.664062 0.423828 0.666016 0.423828 0.669922 0.427734 0.669922 0.429688 0.667969
0 0.837891 0.669922 0.839844 0.671875 0.837891 0.673828 0.837891 0.677734 0.839844 0.679688 0.839844 0.681641 0.835938 0.685547 0.835938 0.689453 0.837891 0.691406 0.841797 0.691406 0.843750 0.689453 0.849609 0.689453 0.853516 0.685547 0.853516 0.681641 0.855469 0.679688 0.855469 0.677734 0.851562 0.673828 0.845703 0.673828 0.841797 0.669922
0 0.457031 0.671875 0.457031 0.679688 0.458984 0.681641 0.464844 0.681641 0.466797 0.679688 0.468750 0.681641 0.468750 0.673828 0.466797 0.671875
0 0.318359 0.677734 0.314453 0.681641 0.316406 0.683594 0.320312 0.683594 0.320312 0.679688
0 0.783203 0.679688 0.783203 0.683594 0.781250 0.685547 0.789062 0.691406 0.785156 0.697266 0.785156 0.703125 0.789062 0.699219 0.804688 0.705078 0.814453 0.703125 0.810547 0.699219 0.804688 0.699219 0.800781 0.695312 0.804688 0.689453 0.804688 0.679688 0.800781 0.675781 0.787109 0.675781
0 0.431641 0.679688 0.427734 0.683594 0.427734 0.689453 0.429688 0.691406 0.433594 0.691406 0.435547 0.693359 0.439453 0.689453 0.439453 0.683594 0.437500 0.681641 0.435547 0.681641 0.433594 0.679688
0 0.613281 0.681641 0.611328 0.679688 0.609375 0.681641 0.609375 0.683594 0.613281 0.683594
0 0.755859 0.681641 0.753906 0.683594 0.755859 0.685547 0.757812 0.685547 0.759766 0.683594 0.757812 0.681641
0 0.873047 0.681641 0.871094 0.681641 0.869141 0.683594 0.867188 0.683594 0.863281 0.687500 0.863281 0.689453 0.867188 0.693359 0.871094 0.693359 0.873047 0.691406 0.875000 0.691406 0.875000 0.689453 0.876953 0.687500 0.876953 0.685547
0 0.886719 0.679688 0.884766 0.681641 0.884766 0.689453 0.886719 0.691406 0.888672 0.691406 0.890625 0.693359 0.892578 0.693359 0.896484 0.689453 0.896484 0.683594 0.892578 0.679688
0 0.341797 0.683594 0.339844 0.685547 0.337891 0.685547 0.335938 0.683594 0.333984 0.685547 0.332031 0.685547 0.332031 0.693359 0.333984 0.695312 0.335938 0.695312 0.339844 0.691406 0.341797 0.691406 0.339844 0.689453 0.341797 0.687500 0.343750 0.687500 0.343750 0.685547
0 0.386719 0.685547 0.384766 0.687500 0.382812 0.687500 0.380859 0.689453 0.380859 0.691406 0.388672 0.699219 0.392578 0.695312 0.392578 0.693359 0.394531 0.691406 0.388672 0.685547
0 0.400391 0.689453 0.400391 0.691406 0.402344 0.693359 0.406250 0.693359 0.406250 0.691406 0.404297 0.689453
0 0.457031 0.691406 0.455078 0.689453 0.453125 0.691406 0.453125 0.693359 0.451172 0.695312 0.453125 0.693359 0.455078 0.695312 0.457031 0.695312
0 0.357422 0.691406 0.355469 0.693359 0.355469 0.695312 0.357422 0.697266 0.359375 0.697266 0.359375 0.693359
0 0.824219 0.693359 0.822266 0.691406 0.820312 0.693359 0.820312 0.695312 0.822266 0.695312
0 0.378906 0.699219 0.376953 0.697266 0.375000 0.697266 0.373047 0.699219 0.373047 0.703125 0.376953 0.703125 0.378906 0.701172
1 0.566406 0.722656 0.572266 0.728516 0.580078 0.722656 0.591797 0.730469 0.597656 0.728516 0.605469 0.738281 0.621094 0.742188 0.636719 0.755859 0.646484 0.750000 0.664062 0.751953 0.667969 0.746094 0.667969 0.736328 0.664062 0.732422 0.664062 0.726562 0.652344 0.712891 0.648438 0.712891 0.646484 0.718750 0.640625 0.724609 0.638672 0.722656 0.634766 0.726562 0.625000 0.726562 0.623047 0.724609 0.611328 0.726562 0.607422 0.722656 0.601562 0.728516 0.597656 0.724609 0.597656 0.714844 0.587891 0.697266 0.582031 0.697266 0.576172 0.701172 0.576172 0.710938
0 0.904297 0.708984 0.910156 0.708984 0.910156 0.705078 0.906250 0.705078 0.906250 0.707031
0 0.767578 0.710938 0.765625 0.712891 0.765625 0.714844 0.767578 0.716797 0.769531 0.716797 0.769531 0.710938
0 0.855469 0.710938 0.847656 0.720703 0.847656 0.728516 0.855469 0.738281 0.859375 0.740234 0.869141 0.740234 0.875000 0.734375 0.876953 0.734375 0.876953 0.732422 0.871094 0.724609 0.871094 0.718750 0.869141 0.718750 0.863281 0.712891
0 0.884766 0.710938 0.882812 0.712891 0.884766 0.714844 0.884766 0.716797 0.886719 0.718750 0.888672 0.716797 0.888672 0.712891 0.886719 0.712891
1 0.685547 0.714844 0.683594 0.714844 0.681641 0.716797 0.679688 0.716797 0.677734 0.718750 0.677734 0.722656 0.673828 0.726562 0.673828 0.728516 0.675781 0.730469 0.677734 0.730469 0.679688 0.728516 0.681641 0.730469 0.683594 0.730469 0.683594 0.728516 0.681641 0.726562 0.683594 0.724609 0.685547 0.724609 0.687500 0.722656 0.687500 0.716797
0 0.830078 0.720703 0.828125 0.722656 0.828125 0.724609 0.830078 0.726562 0.832031 0.726562 0.833984 0.724609 0.833984 0.722656 0.832031 0.720703
0 0.712891 0.724609 0.710938 0.726562 0.710938 0.730469 0.712891 0.732422 0.718750 0.732422 0.718750 0.726562 0.716797 0.724609
0 0.753906 0.722656 0.750000 0.726562 0.750000 0.734375 0.746094 0.738281 0.746094 0.748047 0.748047 0.751953 0.757812 0.759766 0.761719 0.757812 0.767578 0.757812 0.773438 0.751953 0.773438 0.738281 0.771484 0.736328 0.771484 0.732422 0.763672 0.730469 0.761719 0.728516 0.761719 0.722656
0 0.800781 0.740234 0.800781 0.748047 0.804688 0.751953 0.808594 0.751953 0.810547 0.750000 0.810547 0.742188 0.808594 0.742188 0.806641 0.740234
0 0.689453 0.750000 0.687500 0.751953 0.687500 0.753906 0.689453 0.755859 0.687500 0.757812 0.689453 0.759766 0.689453 0.763672 0.691406 0.763672 0.693359 0.765625 0.695312 0.765625 0.697266 0.763672 0.699219 0.763672 0.699219 0.761719 0.701172 0.759766 0.701172 0.755859 0.703125 0.753906 0.701172 0.751953 0.701172 0.750000 0.699219 0.751953 0.697266 0.750000
0 0.400391 0.757812 0.398438 0.759766 0.398438 0.761719 0.400391 0.763672 0.402344 0.763672 0.404297 0.761719 0.404297 0.759766 0.402344 0.757812
0 0.849609 0.759766 0.847656 0.761719 0.845703 0.761719 0.849609 0.765625 0.851562 0.763672 0.851562 0.761719
0 0.597656 0.767578 0.601562 0.771484 0.601562 0.773438 0.603516 0.775391 0.605469 0.775391 0.609375 0.779297 0.611328 0.779297 0.613281 0.777344 0.615234 0.777344 0.615234 0.767578 0.613281 0.765625 0.607422 0.765625 0.605469 0.763672 0.603516 0.765625 0.599609 0.765625
0 0.380859 0.767578 0.380859 0.769531 0.378906 0.771484 0.378906 0.775391 0.376953 0.777344 0.378906 0.779297 0.376953 0.781250 0.376953 0.783203 0.380859 0.789062 0.384766 0.789062 0.392578 0.781250 0.392578 0.775391 0.388672 0.771484 0.388672 0.769531 0.386719 0.767578
0 0.412109 0.767578 0.410156 0.769531 0.410156 0.771484 0.412109 0.773438 0.416016 0.773438 0.417969 0.771484 0.417969 0.769531 0.416016 0.767578
0 0.406250 0.771484 0.402344 0.771484 0.402344 0.773438 0.404297 0.775391 0.404297 0.777344 0.406250 0.775391
0 0.669922 0.769531 0.667969 0.771484 0.666016 0.769531 0.660156 0.775391 0.660156 0.783203 0.664062 0.787109 0.667969 0.787109 0.669922 0.785156 0.671875 0.785156 0.671875 0.783203 0.673828 0.781250 0.675781 0.781250 0.673828 0.779297 0.673828 0.773438
1 0.701172 0.773438 0.699219 0.775391 0.697266 0.775391 0.693359 0.779297 0.693359 0.781250 0.695312 0.783203 0.693359 0.785156 0.693359 0.787109 0.695312 0.789062 0.697266 0.787109 0.701172 0.791016 0.701172 0.796875 0.699219 0.798828 0.699219 0.800781 0.701172 0.802734 0.705078 0.802734 0.708984 0.798828 0.707031 0.796875 0.707031 0.794922 0.705078 0.792969 0.705078 0.791016 0.707031 0.789062 0.707031 0.787109 0.705078 0.785156 0.705078 0.781250 0.707031 0.779297 0.707031 0.777344 0.703125 0.773438
0 0.730469 0.775391 0.720703 0.783203 0.724609 0.785156 0.722656 0.787109 0.722656 0.792969 0.724609 0.794922 0.730469 0.794922 0.736328 0.800781 0.734375 0.802734 0.734375 0.808594 0.740234 0.814453 0.742188 0.814453 0.750000 0.806641 0.750000 0.802734 0.746094 0.798828 0.746094 0.794922 0.742188 0.787109 0.742188 0.781250
1 0.841797 0.787109 0.843750 0.789062 0.843750 0.791016 0.845703 0.792969 0.853516 0.792969 0.855469 0.791016 0.859375 0.791016 0.863281 0.794922 0.865234 0.794922 0.865234 0.792969 0.863281 0.792969 0.853516 0.783203 0.851562 0.783203 0.849609 0.781250 0.845703 0.781250 0.843750 0.783203 0.843750 0.785156
0 0.617188 0.787109 0.617188 0.789062 0.615234 0.791016 0.615234 0.792969 0.613281 0.794922 0.615234 0.796875 0.615234 0.798828 0.617188 0.800781 0.621094 0.800781 0.621094 0.798828 0.625000 0.794922 0.623047 0.792969 0.623047 0.789062 0.621094 0.789062 0.619141 0.787109
0 0.822266 0.785156 0.820312 0.787109 0.820312 0.792969 0.822266 0.794922 0.830078 0.794922 0.830078 0.792969 0.832031 0.791016 0.832031 0.787109 0.830078 0.785156
0 0.976562 0.789062 0.974609 0.791016 0.974609 0.792969 0.976562 0.794922 0.978516 0.794922 0.980469 0.792969 0.980469 0.791016 0.978516 0.789062
0 0.378906 0.796875 0.375000 0.796875 0.373047 0.798828 0.373047 0.800781 0.371094 0.802734 0.375000 0.806641 0.375000 0.808594 0.376953 0.806641 0.380859 0.806641 0.382812 0.804688 0.382812 0.800781
1 0.761719 0.798828 0.759766 0.798828 0.757812 0.800781 0.757812 0.804688 0.759766 0.806641 0.759766 0.810547 0.761719 0.812500 0.759766 0.814453 0.759766 0.816406 0.761719 0.818359 0.757812 0.822266 0.757812 0.824219 0.759766 0.826172 0.753906 0.832031 0.751953 0.830078 0.750000 0.830078 0.748047 0.832031 0.750000 0.833984 0.746094 0.837891 0.746094 0.839844 0.742188 0.843750 0.742188 0.845703 0.744141 0.845703 0.748047 0.841797 0.753906 0.843750 0.753906 0.841797 0.751953 0.839844 0.751953 0.835938 0.757812 0.830078 0.757812 0.828125 0.759766 0.826172 0.761719 0.826172 0.763672 0.828125 0.765625 0.826172 0.765625 0.822266 0.775391 0.814453 0.765625 0.804688 0.765625 0.802734
0 0.888672 0.796875 0.884766 0.796875 0.880859 0.800781 0.882812 0.802734 0.882812 0.804688 0.884766 0.806641 0.886719 0.806641 0.890625 0.802734 0.890625 0.798828
0 0.419922 0.802734 0.416016 0.802734 0.414062 0.804688 0.414062 0.810547 0.416016 0.812500 0.417969 0.812500 0.419922 0.810547 0.421875 0.810547 0.423828 0.808594 0.423828 0.806641
0 0.681641 0.802734 0.679688 0.804688 0.681641 0.806641 0.681641 0.812500 0.683594 0.814453 0.685547 0.814453 0.687500 0.816406 0.689453 0.816406 0.691406 0.818359 0.693359 0.818359 0.693359 0.816406 0.691406 0.814453 0.691406 0.808594 0.693359 0.806641 0.693359 0.804688 0.691406 0.802734 0.687500 0.806641 0.683594 0.802734
0 0.490234 0.806641 0.488281 0.804688 0.486328 0.804688 0.484375 0.806641 0.484375 0.810547 0.488281 0.810547 0.490234 0.808594
0 0.853516 0.806641 0.855469 0.808594 0.859375 0.808594 0.859375 0.806641 0.857422 0.804688 0.855469 0.804688
0 0.871094 0.810547 0.869141 0.812500 0.869141 0.814453 0.867188 0.816406 0.869141 0.818359 0.871094 0.818359 0.873047 0.816406 0.873047 0.812500
1 0.423828 0.816406 0.419922 0.820312 0.419922 0.826172 0.417969 0.828125 0.417969 0.832031 0.421875 0.828125 0.421875 0.826172 0.423828 0.824219 0.425781 0.824219 0.427734 0.822266 0.427734 0.820312
0 0.560547 0.822266 0.560547 0.824219 0.564453 0.828125 0.570312 0.828125 0.572266 0.826172 0.574219 0.826172 0.576172 0.828125 0.578125 0.828125 0.580078 0.826172 0.580078 0.824219 0.578125 0.822266 0.576172 0.822266 0.570312 0.816406 0.566406 0.816406 0.564453 0.818359 0.562500 0.818359 0.562500 0.820312
0 0.664062 0.824219 0.658203 0.820312 0.650391 0.824219 0.642578 0.818359 0.632812 0.826172 0.626953 0.828125 0.625000 0.832031 0.636719 0.845703 0.634766 0.849609 0.638672 0.851562 0.642578 0.847656 0.640625 0.845703 0.644531 0.843750 0.646484 0.833984 0.650391 0.830078 0.660156 0.830078
0 0.732422 0.818359 0.730469 0.820312 0.730469 0.822266 0.732422 0.824219 0.734375 0.824219 0.736328 0.822266 0.736328 0.820312 0.734375 0.818359
0 0.888672 0.826172 0.888672 0.833984 0.896484 0.843750 0.906250 0.843750 0.908203 0.841797 0.912109 0.841797 0.914062 0.843750 0.914062 0.841797 0.917969 0.839844 0.917969 0.835938 0.916016 0.833984 0.916016 0.828125 0.906250 0.820312 0.902344 0.820312 0.900391 0.818359 0.892578 0.822266
0 0.484375 0.820312 0.482422 0.822266 0.480469 0.822266 0.480469 0.832031 0.482422 0.833984 0.488281 0.833984 0.490234 0.832031 0.490234 0.824219 0.486328 0.820312
1 0.705078 0.822266 0.699219 0.822266 0.699219 0.824219 0.701172 0.826172 0.701172 0.828125 0.695312 0.833984 0.693359 0.833984 0.691406 0.835938 0.691406 0.841797 0.693359 0.843750 0.693359 0.845703 0.697266 0.845703 0.699219 0.847656 0.701172 0.845703 0.703125 0.845703 0.703125 0.843750 0.705078 0.841797 0.705078 0.837891 0.703125 0.835938 0.705078 0.833984 0.705078 0.832031 0.703125 0.830078 0.703125 0.826172 0.705078 0.824219
0 0.843750 0.822266 0.843750 0.824219 0.841797 0.826172 0.841797 0.828125 0.843750 0.830078 0.843750 0.832031 0.847656 0.832031 0.849609 0.830078 0.851562 0.830078 0.851562 0.828125 0.853516 0.826172 0.849609 0.822266
0 0.861328 0.828125 0.861328 0.830078 0.865234 0.833984 0.865234 0.835938 0.867188 0.837891 0.873047 0.837891 0.876953 0.833984 0.869141 0.826172 0.863281 0.826172
0 0.599609 0.832031 0.597656 0.833984 0.597656 0.837891 0.599609 0.839844 0.603516 0.839844 0.605469 0.837891 0.605469 0.833984 0.603516 0.832031
0 0.564453 0.837891 0.564453 0.841797 0.568359 0.845703 0.572266 0.845703 0.576172 0.849609 0.578125 0.847656 0.580078 0.847656 0.580078 0.843750 0.582031 0.841797 0.578125 0.837891 0.578125 0.835938 0.576172 0.835938 0.574219 0.837891 0.572266 0.837891 0.570312 0.835938 0.566406 0.835938
1 0.654297 0.843750 0.654297 0.851562 0.664062 0.855469 0.652344 0.873047 0.658203 0.892578 0.646484 0.902344 0.636719 0.894531 0.640625 0.888672 0.636719 0.882812 0.626953 0.888672 0.638672 0.900391 0.638672 0.910156 0.671875 0.916016 0.689453 0.892578 0.722656 0.916016 0.744141 0.916016 0.781250 0.957031 0.787109 0.955078 0.789062 0.947266 0.783203 0.939453 0.796875 0.908203 0.787109 0.878906 0.775391 0.880859 0.761719 0.894531 0.763672 0.910156 0.755859 0.923828 0.744141 0.910156 0.746094 0.896484 0.734375 0.888672 0.716797 0.894531 0.707031 0.888672 0.689453 0.892578 0.681641 0.875000 0.677734 0.880859 0.673828 0.876953 0.681641 0.853516 0.675781 0.857422 0.667969 0.851562 0.671875 0.839844
0 0.236328 0.845703 0.232422 0.849609 0.232422 0.853516 0.236328 0.857422 0.238281 0.857422 0.240234 0.855469 0.240234 0.847656 0.238281 0.845703
0 0.285156 0.843750 0.283203 0.845703 0.283203 0.849609 0.285156 0.851562 0.287109 0.851562 0.289062 0.849609 0.289062 0.845703 0.287109 0.843750
0 0.859375 0.843750 0.857422 0.845703 0.851562 0.845703 0.849609 0.847656 0.851562 0.849609 0.847656 0.853516 0.845703 0.853516 0.841797 0.859375 0.843750 0.865234 0.847656 0.869141 0.855469 0.869141 0.857422 0.867188 0.859375 0.867188 0.859375 0.863281 0.861328 0.861328 0.859375 0.859375 0.861328 0.857422 0.859375 0.857422 0.855469 0.851562 0.857422 0.849609 0.859375 0.849609
0 0.917969 0.847656 0.917969 0.855469 0.919922 0.857422 0.923828 0.857422 0.925781 0.855469 0.925781 0.851562 0.923828 0.849609 0.921875 0.849609 0.919922 0.847656
1 0.943359 0.849609 0.939453 0.853516 0.939453 0.855469 0.937500 0.857422 0.937500 0.859375 0.935547 0.861328 0.935547 0.863281 0.941406 0.869141 0.949219 0.869141 0.955078 0.875000 0.955078 0.882812 0.957031 0.882812 0.960938 0.886719 0.962891 0.886719 0.968750 0.880859 0.968750 0.875000 0.962891 0.869141 0.960938 0.869141 0.958984 0.871094 0.953125 0.865234 0.953125 0.857422 0.955078 0.855469 0.955078 0.853516 0.949219 0.853516 0.945312 0.849609
0 0.443359 0.851562 0.443359 0.853516 0.447266 0.853516 0.445312 0.851562
1 0.626953 0.853516 0.625000 0.855469 0.625000 0.857422 0.626953 0.859375 0.626953 0.861328 0.628906 0.861328 0.630859 0.863281 0.628906 0.865234 0.628906 0.867188 0.630859 0.869141 0.634766 0.865234 0.634766 0.863281 0.630859 0.859375 0.630859 0.857422 0.628906 0.855469 0.628906 0.853516
0 0.691406 0.851562 0.689453 0.853516 0.691406 0.855469 0.693359 0.853516
0 0.787109 0.853516 0.787109 0.855469 0.789062 0.857422 0.791016 0.857422 0.792969 0.855469 0.792969 0.853516
0 0.810547 0.855469 0.804688 0.861328 0.804688 0.865234 0.808594 0.869141 0.812500 0.869141 0.816406 0.865234 0.816406 0.859375 0.814453 0.857422 0.812500 0.857422
0 0.611328 0.863281 0.607422 0.867188 0.609375 0.869141 0.609375 0.873047 0.611328 0.875000 0.607422 0.878906 0.607422 0.880859 0.605469 0.882812 0.605469 0.884766 0.611328 0.890625 0.615234 0.886719 0.619141 0.886719 0.621094 0.884766 0.617188 0.880859 0.621094 0.876953 0.615234 0.871094 0.617188 0.869141
0 0.761719 0.863281 0.759766 0.865234 0.757812 0.865234 0.757812 0.867188 0.759766 0.869141 0.759766 0.871094 0.761719 0.871094 0.761719 0.869141 0.763672 0.867188 0.761719 0.865234
0 0.318359 0.869141 0.316406 0.871094 0.316406 0.876953 0.318359 0.878906 0.322266 0.878906 0.326172 0.875000 0.326172 0.873047 0.322266 0.869141
0 0.984375 0.871094 0.982422 0.873047 0.982422 0.875000 0.980469 0.876953 0.980469 0.882812 0.982422 0.884766 0.988281 0.884766 0.990234 0.886719 0.994141 0.882812 0.994141 0.875000 0.990234 0.871094
0 0.890625 0.878906 0.888672 0.880859 0.888672 0.888672 0.890625 0.888672 0.892578 0.890625 0.896484 0.890625 0.900391 0.886719 0.900391 0.878906
0 0.289062 0.892578 0.287109 0.894531 0.287109 0.896484 0.289062 0.898438 0.291016 0.896484 0.291016 0.894531
1 0.882812 0.898438 0.878906 0.902344 0.875000 0.902344 0.873047 0.904297 0.871094 0.916016 0.875000 0.919922 0.873047 0.921875 0.875000 0.925781 0.861328 0.941406 0.865234 0.945312 0.865234 0.947266 0.876953 0.958984 0.880859 0.960938 0.878906 0.962891 0.882812 0.966797 0.890625 0.966797 0.896484 0.960938 0.894531 0.958984 0.894531 0.955078 0.898438 0.951172 0.898438 0.947266 0.892578 0.947266 0.884766 0.939453 0.886719 0.935547 0.884766 0.933594 0.898438 0.921875 0.898438 0.917969 0.902344 0.914062 0.902344 0.908203 0.890625 0.902344 0.886719 0.898438
0 0.943359 0.910156 0.939453 0.916016 0.939453 0.925781 0.941406 0.929688 0.947266 0.935547 0.958984 0.935547 0.964844 0.929688 0.964844 0.917969 0.957031 0.910156 0.953125 0.908203 0.947266 0.908203
0 0.593750 0.910156 0.593750 0.916016 0.595703 0.917969 0.599609 0.917969 0.601562 0.916016 0.601562 0.912109 0.599609 0.912109 0.597656 0.910156
0 0.828125 0.917969 0.826172 0.917969 0.822266 0.921875 0.822266 0.923828 0.824219 0.925781 0.826172 0.925781 0.828125 0.923828
0 0.726562 0.923828 0.724609 0.925781 0.724609 0.927734 0.726562 0.929688 0.728516 0.929688 0.730469 0.927734 0.730469 0.925781 0.728516 0.923828
0 0.833984 0.927734 0.832031 0.929688 0.832031 0.933594 0.833984 0.935547 0.837891 0.935547 0.839844 0.933594 0.839844 0.929688 0.837891 0.927734
0 0.613281 0.929688 0.607422 0.933594 0.605469 0.941406 0.617188 0.953125 0.617188 0.958984 0.623047 0.964844 0.625000 0.972656 0.634766 0.978516 0.642578 0.972656 0.644531 0.966797 0.650391 0.960938 0.648438 0.947266 0.632812 0.931641 0.621094 0.933594 0.617188 0.929688
0 0.658203 0.933594 0.656250 0.935547 0.654297 0.935547 0.654297 0.937500 0.652344 0.939453 0.652344 0.943359 0.654297 0.945312 0.658203 0.945312 0.660156 0.943359 0.662109 0.943359 0.662109 0.939453 0.658203 0.935547
0 0.726562 0.935547 0.728516 0.937500 0.728516 0.941406 0.730469 0.941406 0.732422 0.939453 0.732422 0.935547
0 0.812500 0.937500 0.812500 0.939453 0.816406 0.943359 0.818359 0.943359 0.820312 0.941406 0.820312 0.937500 0.818359 0.935547 0.816406 0.935547 0.814453 0.937500
1 0.689453 0.943359 0.689453 0.945312 0.691406 0.947266 0.693359 0.947266 0.695312 0.949219 0.697266 0.949219 0.699219 0.951172 0.699219 0.953125 0.701172 0.955078 0.705078 0.955078 0.707031 0.957031 0.710938 0.953125 0.714844 0.953125 0.716797 0.951172 0.716797 0.947266 0.714844 0.945312 0.712891 0.945312 0.710938 0.947266 0.708984 0.947266 0.705078 0.951172 0.703125 0.951172 0.695312 0.943359 0.695312 0.941406 0.693359 0.939453
0 0.529297 0.941406 0.529297 0.943359 0.527344 0.945312 0.527344 0.947266 0.529297 0.949219 0.529297 0.951172 0.531250 0.953125 0.533203 0.951172 0.535156 0.951172 0.535156 0.949219 0.533203 0.947266 0.533203 0.943359 0.531250 0.943359
0 0.576172 0.941406 0.570312 0.947266 0.572266 0.951172 0.570312 0.953125 0.572266 0.955078 0.570312 0.957031 0.574219 0.958984 0.574219 0.964844 0.572266 0.966797 0.574219 0.964844 0.576172 0.968750 0.583984 0.972656 0.599609 0.962891 0.603516 0.957031 0.595703 0.955078 0.593750 0.953125 0.593750 0.949219 0.583984 0.941406
0 0.669922 0.943359 0.666016 0.947266 0.666016 0.955078 0.664062 0.957031 0.664062 0.960938 0.669922 0.966797 0.673828 0.966797 0.677734 0.962891 0.677734 0.958984 0.679688 0.957031 0.679688 0.949219 0.677734 0.947266 0.677734 0.945312 0.675781 0.945312 0.673828 0.943359
0 0.804688 0.949219 0.802734 0.951172 0.804688 0.953125 0.806641 0.951172
0 0.757812 0.960938 0.755859 0.960938 0.751953 0.964844 0.751953 0.968750 0.750000 0.970703 0.755859 0.976562 0.757812 0.974609 0.759766 0.974609 0.763672 0.970703 0.761719 0.968750 0.761719 0.964844
0 0.826172 0.962891 0.824219 0.964844 0.824219 0.966797 0.826172 0.968750 0.830078 0.968750 0.832031 0.966797 0.832031 0.964844 0.830078 0.962891
0 0.968750 0.970703 0.966797 0.972656 0.966797 0.978516 0.968750 0.978516 0.972656 0.974609
0 0.261719 0.974609 0.259766 0.976562 0.259766 0.980469 0.261719 0.982422 0.265625 0.982422 0.267578 0.980469 0.267578 0.976562 0.265625 0.974609
0 0.855469 0.980469 0.851562 0.984375 0.851562 0.992188 0.855469 0.996094 0.857422 0.996094 0.859375 0.998047 0.869141 0.998047 0.867188 0.996094 0.867188 0.986328 0.861328 0.980469
0 0.621094 0.992188 0.621094 0.998047 0.636719 0.998047 0.634766 0.996094 0.634766 0.992188 0.632812 0.992188 0.630859 0.990234 0.628906 0.990234 0.626953 0.988281 0.625000 0.990234 0.623047 0.990234
0 0.736328 0.990234 0.736328 0.994141 0.738281 0.996094 0.740234 0.996094 0.742188 0.994141 0.742188 0.992188 0.740234 0.990234
1 0.818359 0.996094 0.818359 0.998047 0.845703 0.998047 0.843750 0.996094 0.843750 0.994141 0.833984 0.994141 0.832031 0.992188 0.830078 0.992188 0.828125 0.990234 0.822266 0.990234 0.820312 0.992188 0.820312 0.994141
0 0.927734 0.996094 0.927734 0.998047 0.937500 0.998047 0.937500 0.996094 0.935547 0.994141 0.929688 0.994141
0 0.830078 0.039062 0.830078 0.042969 0.826172 0.042969 0.824219 0.041016 0.828125 0.037109
0 0.392578 0.044922 0.392578 0.048828 0.388672 0.048828 0.386719 0.046875 0.390625 0.042969
0 0.699219 0.044922 0.699219 0.048828 0.695312 0.048828 0.693359 0.046875 0.697266 0.042969
0 0.458984 0.054688 0.458984 0.058594 0.455078 0.058594 0.453125 0.056641 0.457031 0.052734
0 0.841797 0.080078 0.839844 0.082031 0.839844 0.083984 0.837891 0.085938 0.832031 0.085938 0.830078 0.083984 0.830078 0.082031 0.828125 0.080078 0.828125 0.078125 0.830078 0.076172 0.830078 0.074219 0.832031 0.072266 0.837891 0.072266 0.839844 0.074219 0.839844 0.076172 0.841797 0.078125
0 0.296875 0.083984 0.296875 0.087891 0.292969 0.087891 0.291016 0.085938 0.294922 0.082031
0 0.867188 0.087891 0.865234 0.089844 0.865234 0.091797 0.863281 0.093750 0.857422 0.093750 0.855469 0.091797 0.855469 0.089844 0.853516 0.087891 0.853516 0.085938 0.855469 0.083984 0.855469 0.082031 0.857422 0.080078 0.863281 0.080078 0.865234 0.082031 0.865234 0.083984 0.867188 0.085938
0 0.650391 0.107422 0.650391 0.111328 0.646484 0.111328 0.644531 0.109375 0.648438 0.105469
0 0.781250 0.123047 0.781250 0.126953 0.777344 0.126953 0.775391 0.125000 0.779297 0.121094
0 0.001953 0.130859 0.000000 0.130859 0.000000 0.125000 0.000000 0.126953 0.001953 0.128906
0 0.091797 0.130859 0.091797 0.134766 0.087891 0.134766 0.085938 0.132812 0.089844 0.128906
0 0.001953 0.164062 0.000000 0.164062 0.000000 0.158203 0.000000 0.160156 0.001953 0.162109
0 0.015625 0.167969 0.015625 0.171875 0.011719 0.171875 0.009766 0.169922 0.013672 0.166016
0 0.009766 0.177734 0.007812 0.177734 0.005859 0.179688 0.001953 0.179688 0.000000 0.177734 0.000000 0.171875 0.001953 0.169922 0.005859 0.169922 0.007812 0.171875 0.009766 0.171875
0 0.171875 0.177734 0.171875 0.181641 0.167969 0.181641 0.166016 0.179688 0.169922 0.175781
0 0.439453 0.181641 0.439453 0.185547 0.435547 0.185547 0.433594 0.183594 0.437500 0.179688
0 0.017578 0.185547 0.017578 0.189453 0.013672 0.189453 0.011719 0.187500 0.015625 0.183594
0 0.673828 0.187500 0.673828 0.191406 0.669922 0.191406 0.667969 0.189453 0.671875 0.185547
0 0.687500 0.189453 0.687500 0.193359 0.683594 0.193359 0.681641 0.191406 0.685547 0.187500
0 0.001953 0.208984 0.000000 0.208984 0.000000 0.203125 0.000000 0.205078 0.001953 0.207031
0 0.220703 0.207031 0.220703 0.210938 0.216797 0.210938 0.214844 0.208984 0.218750 0.205078
0 0.070312 0.220703 0.068359 0.222656 0.068359 0.224609 0.066406 0.226562 0.060547 0.226562 0.058594 0.224609 0.058594 0.222656 0.056641 0.220703 0.056641 0.218750 0.058594 0.216797 0.058594 0.214844 0.060547 0.212891 0.066406 0.212891 0.068359 0.214844 0.068359 0.216797 0.070312 0.218750
0 0.998047 0.228516 0.994141 0.228516 0.992188 0.226562 0.992188 0.220703 0.994141 0.218750 0.998047 0.218750
0 0.001953 0.228516 0.000000 0.228516 0.000000 0.222656 0.000000 0.224609 0.001953 0.226562
0 0.052734 0.230469 0.052734 0.234375 0.048828 0.234375 0.046875 0.232422 0.050781 0.228516
0 0.001953 0.236328 0.000000 0.236328 0.000000 0.230469 0.000000 0.232422 0.001953 0.234375
0 0.851562 0.232422 0.851562 0.236328 0.847656 0.236328 0.845703 0.234375 0.849609 0.230469
0 0.099609 0.236328 0.099609 0.240234 0.095703 0.240234 0.093750 0.238281 0.097656 0.234375
0 0.021484 0.238281 0.021484 0.242188 0.017578 0.242188 0.015625 0.240234 0.019531 0.236328
0 0.064453 0.244141 0.062500 0.244141 0.060547 0.246094 0.056641 0.246094 0.054688 0.244141 0.054688 0.238281 0.056641 0.236328 0.060547 0.236328 0.062500 0.238281 0.064453 0.238281
0 0.072266 0.240234 0.072266 0.244141 0.068359 0.244141 0.066406 0.242188 0.070312 0.238281
0 0.142578 0.240234 0.142578 0.244141 0.138672 0.244141 0.136719 0.242188 0.140625 0.238281
0 0.500000 0.240234 0.500000 0.244141 0.496094 0.244141 0.494141 0.242188 0.498047 0.238281
0 0.078125 0.242188 0.078125 0.246094 0.074219 0.246094 0.072266 0.244141 0.076172 0.240234
0 0.046875 0.244141 0.046875 0.248047 0.042969 0.248047 0.041016 0.246094 0.044922 0.242188
0 0.419922 0.246094 0.419922 0.250000 0.416016 0.250000 0.414062 0.248047 0.417969 0.244141
0 0.875000 0.246094 0.875000 0.250000 0.871094 0.250000 0.869141 0.248047 0.873047 0.244141
0 0.070312 0.253906 0.070312 0.257812 0.066406 0.257812 0.064453 0.255859 0.068359 0.251953
0 0.056641 0.255859 0.056641 0.259766 0.052734 0.259766 0.050781 0.257812 0.054688 0.253906
0 0.080078 0.257812 0.080078 0.261719 0.076172 0.261719 0.074219 0.259766 0.078125 0.255859
0 0.064453 0.263672 0.064453 0.267578 0.060547 0.267578 0.058594 0.265625 0.062500 0.261719
0 0.128906 0.263672 0.128906 0.267578 0.125000 0.267578 0.123047 0.265625 0.126953 0.261719
0 0.169922 0.267578 0.169922 0.271484 0.166016 0.271484 0.164062 0.269531 0.167969 0.265625
0 0.349609 0.279297 0.349609 0.283203 0.345703 0.283203 0.343750 0.281250 0.347656 0.277344
0 0.263672 0.294922 0.263672 0.298828 0.259766 0.298828 0.257812 0.296875 0.261719 0.292969
0 0.761719 0.294922 0.761719 0.298828 0.757812 0.298828 0.755859 0.296875 0.759766 0.292969
0 0.267578 0.304688 0.267578 0.308594 0.263672 0.308594 0.261719 0.306641 0.265625 0.302734
0 0.220703 0.308594 0.220703 0.312500 0.216797 0.312500 0.214844 0.310547 0.218750 0.306641
0 0.306641 0.314453 0.306641 0.318359 0.302734 0.318359 0.300781 0.316406 0.304688 0.312500
0 0.753906 0.322266 0.748047 0.328125 0.742188 0.328125 0.736328 0.322266 0.736328 0.316406 0.742188 0.310547 0.748047 0.310547 0.753906 0.316406
0 0.363281 0.324219 0.363281 0.328125 0.359375 0.328125 0.357422 0.326172 0.361328 0.322266
0 0.189453 0.326172 0.189453 0.330078 0.185547 0.330078 0.183594 0.328125 0.187500 0.324219
0 0.328125 0.326172 0.328125 0.330078 0.324219 0.330078 0.322266 0.328125 0.326172 0.324219
0 0.166016 0.332031 0.166016 0.335938 0.162109 0.335938 0.160156 0.333984 0.164062 0.330078
0 0.265625 0.332031 0.265625 0.335938 0.261719 0.335938 0.259766 0.333984 0.263672 0.330078
0 0.361328 0.332031 0.361328 0.335938 0.357422 0.335938 0.355469 0.333984 0.359375 0.330078
0 0.199219 0.333984 0.199219 0.337891 0.195312 0.337891 0.193359 0.335938 0.197266 0.332031
0 0.375000 0.339844 0.375000 0.343750 0.371094 0.343750 0.369141 0.341797 0.373047 0.337891
0 0.171875 0.341797 0.171875 0.345703 0.167969 0.345703 0.166016 0.343750 0.169922 0.339844
0 0.480469 0.345703 0.478516 0.345703 0.476562 0.347656 0.472656 0.347656 0.470703 0.345703 0.470703 0.339844 0.472656 0.337891 0.476562 0.337891 0.478516 0.339844 0.480469 0.339844
0 0.708984 0.355469 0.708984 0.359375 0.705078 0.359375 0.703125 0.357422 0.707031 0.353516
0 0.267578 0.357422 0.267578 0.361328 0.263672 0.361328 0.261719 0.359375 0.265625 0.355469
0 0.185547 0.361328 0.185547 0.365234 0.181641 0.365234 0.179688 0.363281 0.183594 0.359375
0 0.298828 0.361328 0.298828 0.365234 0.294922 0.365234 0.292969 0.363281 0.296875 0.359375
0 0.533203 0.361328 0.533203 0.365234 0.529297 0.365234 0.527344 0.363281 0.531250 0.359375
0 0.265625 0.365234 0.265625 0.369141 0.261719 0.369141 0.259766 0.367188 0.263672 0.363281
0 0.148438 0.371094 0.148438 0.375000 0.144531 0.375000 0.142578 0.373047 0.146484 0.369141
0 0.156250 0.371094 0.156250 0.375000 0.152344 0.375000 0.150391 0.373047 0.154297 0.369141
0 0.203125 0.373047 0.203125 0.376953 0.199219 0.376953 0.197266 0.375000 0.201172 0.371094
0 0.802734 0.373047 0.802734 0.376953 0.798828 0.376953 0.796875 0.375000 0.800781 0.371094
0 0.218750 0.375000 0.218750 0.378906 0.214844 0.378906 0.212891 0.376953 0.216797 0.373047
0 0.185547 0.376953 0.185547 0.380859 0.181641 0.380859 0.179688 0.378906 0.183594 0.375000
0 0.308594 0.376953 0.308594 0.380859 0.304688 0.380859 0.302734 0.378906 0.306641 0.375000
0 0.312500 0.384766 0.312500 0.388672 0.308594 0.388672 0.306641 0.386719 0.310547 0.382812
0 0.195312 0.386719 0.195312 0.390625 0.191406 0.390625 0.189453 0.388672 0.193359 0.384766
0 0.488281 0.386719 0.488281 0.390625 0.484375 0.390625 0.482422 0.388672 0.486328 0.384766
0 0.208984 0.388672 0.208984 0.392578 0.205078 0.392578 0.203125 0.390625 0.207031 0.386719
0 0.414062 0.388672 0.414062 0.392578 0.410156 0.392578 0.408203 0.390625 0.412109 0.386719
0 0.158203 0.392578 0.158203 0.396484 0.154297 0.396484 0.152344 0.394531 0.156250 0.390625
0 0.312500 0.404297 0.312500 0.408203 0.308594 0.408203 0.306641 0.406250 0.310547 0.402344
0 0.388672 0.404297 0.388672 0.408203 0.384766 0.408203 0.382812 0.406250 0.386719 0.402344
0 0.308594 0.414062 0.308594 0.417969 0.304688 0.417969 0.302734 0.416016 0.306641 0.412109
0 0.353516 0.416016 0.353516 0.419922 0.349609 0.419922 0.347656 0.417969 0.351562 0.414062
0 0.417969 0.417969 0.417969 0.421875 0.414062 0.421875 0.412109 0.419922 0.416016 0.416016
0 0.341797 0.427734 0.341797 0.431641 0.337891 0.431641 0.335938 0.429688 0.339844 0.425781
0 0.783203 0.433594 0.783203 0.437500 0.779297 0.437500 0.777344 0.435547 0.781250 0.431641
0 0.582031 0.439453 0.580078 0.439453 0.578125 0.441406 0.574219 0.441406 0.572266 0.439453 0.572266 0.433594 0.574219 0.431641 0.578125 0.431641 0.580078 0.433594 0.582031 0.433594
0 0.738281 0.435547 0.738281 0.439453 0.734375 0.439453 0.732422 0.437500 0.736328 0.433594
0 0.546875 0.453125 0.544922 0.453125 0.542969 0.455078 0.539062 0.455078 0.537109 0.453125 0.537109 0.447266 0.539062 0.445312 0.542969 0.445312 0.544922 0.447266 0.546875 0.447266
0 0.988281 0.468750 0.988281 0.472656 0.984375 0.472656 0.982422 0.470703 0.986328 0.466797
0 0.001953 0.482422 0.000000 0.482422 0.000000 0.476562 0.000000 0.478516 0.001953 0.480469
0 0.376953 0.480469 0.376953 0.484375 0.373047 0.484375 0.371094 0.482422 0.375000 0.478516
0 0.263672 0.482422 0.263672 0.486328 0.259766 0.486328 0.257812 0.484375 0.261719 0.480469
0 0.287109 0.486328 0.287109 0.490234 0.283203 0.490234 0.281250 0.488281 0.285156 0.484375
0 0.796875 0.488281 0.796875 0.492188 0.792969 0.492188 0.791016 0.490234 0.794922 0.486328
0 0.535156 0.496094 0.535156 0.500000 0.531250 0.500000 0.529297 0.498047 0.533203 0.494141
0 0.560547 0.496094 0.560547 0.500000 0.556641 0.500000 0.554688 0.498047 0.558594 0.494141
0 0.886719 0.496094 0.886719 0.500000 0.882812 0.500000 0.880859 0.498047 0.884766 0.494141
0 0.011719 0.503906 0.011719 0.507812 0.007812 0.507812 0.005859 0.505859 0.009766 0.501953
0 0.388672 0.513672 0.386719 0.513672 0.384766 0.515625 0.380859 0.515625 0.378906 0.513672 0.378906 0.507812 0.380859 0.505859 0.384766 0.505859 0.386719 0.507812 0.388672 0.507812
0 0.265625 0.511719 0.265625 0.515625 0.261719 0.515625 0.259766 0.513672 0.263672 0.509766
0 0.582031 0.511719 0.582031 0.515625 0.578125 0.515625 0.576172 0.513672 0.580078 0.509766
0 0.376953 0.513672 0.376953 0.517578 0.373047 0.517578 0.371094 0.515625 0.375000 0.511719
0 0.671875 0.513672 0.671875 0.517578 0.667969 0.517578 0.666016 0.515625 0.669922 0.511719
0 0.751953 0.513672 0.751953 0.517578 0.748047 0.517578 0.746094 0.515625 0.750000 0.511719
0 0.250000 0.515625 0.250000 0.519531 0.246094 0.519531 0.244141 0.517578 0.248047 0.513672
0 0.009766 0.527344 0.009766 0.531250 0.005859 0.531250 0.003906 0.529297 0.005859 0.527344 0.005859 0.525391
0 0.382812 0.529297 0.382812 0.533203 0.378906 0.533203 0.376953 0.531250 0.380859 0.527344
0 0.845703 0.531250 0.845703 0.535156 0.841797 0.535156 0.839844 0.533203 0.843750 0.529297
0 0.601562 0.537109 0.599609 0.537109 0.597656 0.539062 0.593750 0.539062 0.591797 0.537109 0.591797 0.531250 0.593750 0.529297 0.597656 0.529297 0.599609 0.531250 0.601562 0.531250
0 0.390625 0.539062 0.390625 0.542969 0.386719 0.542969 0.384766 0.541016 0.388672 0.537109
0 0.210938 0.542969 0.210938 0.546875 0.207031 0.546875 0.205078 0.544922 0.208984 0.541016
0 0.533203 0.548828 0.531250 0.548828 0.529297 0.550781 0.525391 0.550781 0.523438 0.548828 0.523438 0.542969 0.525391 0.541016 0.529297 0.541016 0.531250 0.542969 0.533203 0.542969
0 0.681641 0.550781 0.679688 0.552734 0.679688 0.554688 0.677734 0.556641 0.671875 0.556641 0.669922 0.554688 0.669922 0.552734 0.667969 0.550781 0.667969 0.548828 0.669922 0.546875 0.669922 0.544922 0.671875 0.542969 0.677734 0.542969 0.679688 0.544922 0.679688 0.546875 0.681641 0.548828
0 0.203125 0.550781 0.203125 0.554688 0.199219 0.554688 0.197266 0.552734 0.201172 0.548828
0 0.433594 0.550781 0.433594 0.554688 0.429688 0.554688 0.427734 0.552734 0.431641 0.548828
0 0.332031 0.552734 0.332031 0.556641 0.328125 0.556641 0.326172 0.554688 0.330078 0.550781
0 0.195312 0.558594 0.195312 0.562500 0.191406 0.562500 0.189453 0.560547 0.193359 0.556641
0 0.408203 0.558594 0.408203 0.562500 0.404297 0.562500 0.402344 0.560547 0.406250 0.556641
0 0.548828 0.574219 0.546875 0.574219 0.544922 0.576172 0.541016 0.576172 0.539062 0.574219 0.539062 0.568359 0.541016 0.566406 0.544922 0.566406 0.546875 0.568359 0.548828 0.568359
0 0.392578 0.576172 0.392578 0.580078 0.388672 0.580078 0.386719 0.578125 0.390625 0.574219
0 0.572266 0.576172 0.572266 0.580078 0.568359 0.580078 0.566406 0.578125 0.570312 0.574219
0 0.525391 0.582031 0.523438 0.583984 0.523438 0.585938 0.521484 0.587891 0.515625 0.587891 0.513672 0.585938 0.513672 0.583984 0.511719 0.582031 0.511719 0.580078 0.513672 0.578125 0.513672 0.576172 0.515625 0.574219 0.521484 0.574219 0.523438 0.576172 0.523438 0.578125 0.525391 0.580078
0 0.250000 0.582031 0.250000 0.585938 0.246094 0.585938 0.244141 0.583984 0.248047 0.580078
0 0.837891 0.582031 0.837891 0.585938 0.833984 0.585938 0.832031 0.583984 0.835938 0.580078
0 0.005859 0.593750 0.001953 0.593750 0.000000 0.591797 0.000000 0.589844 0.001953 0.587891 0.005859 0.589844
0 0.658203 0.589844 0.658203 0.593750 0.654297 0.593750 0.652344 0.591797 0.656250 0.587891
0 0.171875 0.591797 0.171875 0.595703 0.167969 0.595703 0.166016 0.593750 0.169922 0.589844
0 0.845703 0.593750 0.845703 0.597656 0.841797 0.597656 0.839844 0.595703 0.843750 0.591797
0 0.468750 0.597656 0.468750 0.601562 0.464844 0.601562 0.462891 0.599609 0.466797 0.595703
0 0.750000 0.601562 0.750000 0.605469 0.746094 0.605469 0.744141 0.603516 0.748047 0.599609
0 0.412109 0.607422 0.412109 0.611328 0.408203 0.611328 0.406250 0.609375 0.410156 0.605469
0 0.609375 0.607422 0.609375 0.611328 0.605469 0.611328 0.603516 0.609375 0.607422 0.605469
0 0.839844 0.607422 0.839844 0.611328 0.835938 0.611328 0.833984 0.609375 0.837891 0.605469
0 0.802734 0.611328 0.802734 0.615234 0.798828 0.615234 0.796875 0.613281 0.800781 0.609375
0 0.851562 0.611328 0.851562 0.615234 0.847656 0.615234 0.845703 0.613281 0.849609 0.609375
0 0.181641 0.613281 0.181641 0.617188 0.177734 0.617188 0.175781 0.615234 0.179688 0.611328
0 0.220703 0.615234 0.220703 0.619141 0.216797 0.619141 0.214844 0.617188 0.218750 0.613281
0 0.558594 0.619141 0.558594 0.623047 0.554688 0.623047 0.552734 0.621094 0.556641 0.617188
0 0.998047 0.625000 0.994141 0.625000 0.992188 0.623047 0.992188 0.617188 0.994141 0.615234 0.998047 0.615234
0 0.343750 0.621094 0.343750 0.625000 0.339844 0.625000 0.337891 0.623047 0.341797 0.619141
0 0.421875 0.621094 0.421875 0.625000 0.417969 0.625000 0.416016 0.623047 0.419922 0.619141
0 0.156250 0.623047 0.156250 0.626953 0.152344 0.626953 0.150391 0.625000 0.154297 0.621094
0 0.197266 0.623047 0.197266 0.626953 0.193359 0.626953 0.191406 0.625000 0.195312 0.621094
0 0.628906 0.626953 0.626953 0.626953 0.625000 0.628906 0.621094 0.628906 0.619141 0.626953 0.619141 0.621094 0.621094 0.619141 0.625000 0.619141 0.626953 0.621094 0.628906 0.621094
0 0.513672 0.625000 0.513672 0.628906 0.509766 0.628906 0.507812 0.626953 0.511719 0.623047
0 0.187500 0.634766 0.187500 0.638672 0.183594 0.638672 0.181641 0.636719 0.185547 0.632812
0 0.564453 0.638672 0.562500 0.638672 0.560547 0.640625 0.556641 0.640625 0.554688 0.638672 0.554688 0.632812 0.556641 0.630859 0.560547 0.630859 0.562500 0.632812 0.564453 0.632812
0 0.683594 0.638672 0.683594 0.642578 0.679688 0.642578 0.677734 0.640625 0.681641 0.636719
0 0.382812 0.640625 0.382812 0.644531 0.378906 0.644531 0.376953 0.642578 0.380859 0.638672
0 0.484375 0.644531 0.484375 0.648438 0.480469 0.648438 0.478516 0.646484 0.482422 0.642578
0 0.080078 0.646484 0.080078 0.650391 0.076172 0.650391 0.074219 0.648438 0.078125 0.644531
0 0.355469 0.648438 0.355469 0.652344 0.351562 0.652344 0.349609 0.650391 0.353516 0.646484
0 0.083984 0.652344 0.083984 0.656250 0.080078 0.656250 0.078125 0.654297 0.082031 0.650391
0 0.410156 0.652344 0.410156 0.656250 0.406250 0.656250 0.404297 0.654297 0.408203 0.650391
0 0.490234 0.654297 0.490234 0.658203 0.486328 0.658203 0.484375 0.656250 0.488281 0.652344
0 0.617188 0.654297 0.617188 0.658203 0.613281 0.658203 0.611328 0.656250 0.615234 0.652344
0 0.531250 0.656250 0.531250 0.660156 0.527344 0.660156 0.525391 0.658203 0.529297 0.654297
0 0.609375 0.656250 0.609375 0.660156 0.605469 0.660156 0.603516 0.658203 0.607422 0.654297
0 0.896484 0.656250 0.896484 0.660156 0.892578 0.660156 0.890625 0.658203 0.894531 0.654297
0 0.246094 0.658203 0.246094 0.662109 0.242188 0.662109 0.240234 0.660156 0.244141 0.656250
0 0.861328 0.658203 0.861328 0.662109 0.857422 0.662109 0.855469 0.660156 0.859375 0.656250
0 0.562500 0.660156 0.562500 0.664062 0.558594 0.664062 0.556641 0.662109 0.560547 0.658203
0 0.292969 0.662109 0.292969 0.666016 0.289062 0.666016 0.287109 0.664062 0.291016 0.660156
0 0.267578 0.664062 0.267578 0.667969 0.263672 0.667969 0.261719 0.666016 0.265625 0.662109
0 0.443359 0.664062 0.443359 0.667969 0.439453 0.667969 0.437500 0.666016 0.441406 0.662109
0 0.626953 0.666016 0.626953 0.669922 0.623047 0.669922 0.621094 0.667969 0.625000 0.664062
0 0.660156 0.666016 0.660156 0.669922 0.656250 0.669922 0.654297 0.667969 0.658203 0.664062
0 0.931641 0.667969 0.931641 0.671875 0.927734 0.671875 0.925781 0.669922 0.929688 0.666016
0 0.451172 0.669922 0.451172 0.673828 0.447266 0.673828 0.445312 0.671875 0.449219 0.667969
0 0.560547 0.675781 0.560547 0.679688 0.556641 0.679688 0.554688 0.677734 0.558594 0.673828
0 0.365234 0.677734 0.365234 0.681641 0.361328 0.681641 0.359375 0.679688 0.363281 0.675781
0 0.453125 0.677734 0.453125 0.681641 0.449219 0.681641 0.447266 0.679688 0.451172 0.675781
0 0.554688 0.677734 0.554688 0.681641 0.550781 0.681641 0.548828 0.679688 0.552734 0.675781
0 0.982422 0.679688 0.982422 0.683594 0.978516 0.683594 0.976562 0.681641 0.980469 0.677734
0 0.562500 0.685547 0.562500 0.689453 0.558594 0.689453 0.556641 0.687500 0.560547 0.683594
0 0.734375 0.685547 0.734375 0.689453 0.730469 0.689453 0.728516 0.687500 0.732422 0.683594
0 0.373047 0.687500 0.373047 0.691406 0.369141 0.691406 0.367188 0.689453 0.371094 0.685547
0 0.419922 0.687500 0.419922 0.691406 0.416016 0.691406 0.414062 0.689453 0.417969 0.685547
0 0.748047 0.687500 0.748047 0.691406 0.744141 0.691406 0.742188 0.689453 0.746094 0.685547
0 0.730469 0.693359 0.730469 0.697266 0.726562 0.697266 0.724609 0.695312 0.728516 0.691406
0 0.714844 0.697266 0.714844 0.701172 0.710938 0.701172 0.708984 0.699219 0.712891 0.695312
0 0.931641 0.697266 0.931641 0.701172 0.927734 0.701172 0.925781 0.699219 0.929688 0.695312
0 0.671875 0.699219 0.671875 0.703125 0.667969 0.703125 0.666016 0.701172 0.669922 0.697266
0 0.066406 0.701172 0.066406 0.705078 0.062500 0.705078 0.060547 0.703125 0.064453 0.699219
0 0.642578 0.701172 0.642578 0.705078 0.638672 0.705078 0.636719 0.703125 0.640625 0.699219
0 0.859375 0.701172 0.859375 0.705078 0.855469 0.705078 0.853516 0.703125 0.857422 0.699219
0 0.564453 0.703125 0.564453 0.707031 0.560547 0.707031 0.558594 0.705078 0.562500 0.701172
0 0.785156 0.705078 0.785156 0.708984 0.781250 0.708984 0.779297 0.707031 0.783203 0.703125
0 0.876953 0.710938 0.876953 0.714844 0.873047 0.714844 0.871094 0.712891 0.875000 0.708984
0 0.748047 0.712891 0.748047 0.716797 0.744141 0.716797 0.742188 0.714844 0.746094 0.710938
0 0.537109 0.714844 0.537109 0.718750 0.533203 0.718750 0.531250 0.716797 0.535156 0.712891
0 0.609375 0.714844 0.609375 0.718750 0.605469 0.718750 0.603516 0.716797 0.607422 0.712891
0 0.960938 0.714844 0.960938 0.718750 0.957031 0.718750 0.955078 0.716797 0.958984 0.712891
0 0.984375 0.714844 0.984375 0.718750 0.980469 0.718750 0.978516 0.716797 0.982422 0.712891
0 0.781250 0.716797 0.781250 0.720703 0.777344 0.720703 0.775391 0.718750 0.779297 0.714844
0 0.552734 0.730469 0.552734 0.734375 0.548828 0.734375 0.546875 0.732422 0.550781 0.728516
0 0.789062 0.730469 0.789062 0.734375 0.785156 0.734375 0.783203 0.732422 0.787109 0.728516
0 0.568359 0.740234 0.566406 0.740234 0.564453 0.742188 0.560547 0.742188 0.558594 0.740234 0.558594 0.734375 0.560547 0.732422 0.564453 0.732422 0.566406 0.734375 0.568359 0.734375
0 0.117188 0.746094 0.117188 0.750000 0.113281 0.750000 0.111328 0.748047 0.115234 0.744141
0 0.175781 0.746094 0.175781 0.750000 0.171875 0.750000 0.169922 0.748047 0.173828 0.744141
0 0.468750 0.746094 0.468750 0.750000 0.464844 0.750000 0.462891 0.748047 0.466797 0.744141
0 0.595703 0.746094 0.595703 0.750000 0.591797 0.750000 0.589844 0.748047 0.593750 0.744141
0 0.785156 0.746094 0.785156 0.750000 0.781250 0.750000 0.779297 0.748047 0.783203 0.744141
0 0.619141 0.748047 0.619141 0.751953 0.615234 0.751953 0.613281 0.750000 0.617188 0.746094
0 0.863281 0.748047 0.863281 0.751953 0.859375 0.751953 0.857422 0.750000 0.861328 0.746094
0 0.904297 0.748047 0.904297 0.751953 0.900391 0.751953 0.898438 0.750000 0.902344 0.746094
0 0.501953 0.750000 0.501953 0.753906 0.498047 0.753906 0.496094 0.751953 0.500000 0.748047
0 0.048828 0.759766 0.048828 0.763672 0.044922 0.763672 0.042969 0.761719 0.046875 0.757812
0 0.656250 0.759766 0.656250 0.763672 0.652344 0.763672 0.650391 0.761719 0.654297 0.757812
0 0.578125 0.761719 0.578125 0.765625 0.574219 0.765625 0.572266 0.763672 0.576172 0.759766
0 0.630859 0.761719 0.630859 0.765625 0.626953 0.765625 0.625000 0.763672 0.628906 0.759766
0 0.750000 0.761719 0.750000 0.765625 0.746094 0.765625 0.744141 0.763672 0.748047 0.759766
0 0.812500 0.763672 0.812500 0.767578 0.808594 0.767578 0.806641 0.765625 0.810547 0.761719
0 0.921875 0.763672 0.921875 0.767578 0.917969 0.767578 0.916016 0.765625 0.919922 0.761719
0 0.767578 0.765625 0.767578 0.769531 0.763672 0.769531 0.761719 0.767578 0.765625 0.763672
0 0.585938 0.769531 0.585938 0.773438 0.582031 0.773438 0.580078 0.771484 0.583984 0.767578
0 0.902344 0.771484 0.902344 0.775391 0.898438 0.775391 0.896484 0.773438 0.900391 0.769531
0 0.955078 0.771484 0.955078 0.775391 0.951172 0.775391 0.949219 0.773438 0.953125 0.769531
0 0.625000 0.777344 0.625000 0.781250 0.621094 0.781250 0.619141 0.779297 0.623047 0.775391
0 0.173828 0.779297 0.173828 0.783203 0.169922 0.783203 0.167969 0.781250 0.171875 0.777344
0 0.580078 0.779297 0.580078 0.783203 0.576172 0.783203 0.574219 0.781250 0.578125 0.777344
0 0.634766 0.779297 0.634766 0.783203 0.630859 0.783203 0.628906 0.781250 0.632812 0.777344
0 0.800781 0.779297 0.800781 0.783203 0.796875 0.783203 0.794922 0.781250 0.798828 0.777344
0 0.441406 0.781250 0.441406 0.785156 0.437500 0.785156 0.435547 0.783203 0.439453 0.779297
0 0.904297 0.781250 0.904297 0.785156 0.900391 0.785156 0.898438 0.783203 0.902344 0.779297
0 0.871094 0.783203 0.871094 0.787109 0.867188 0.787109 0.865234 0.785156 0.869141 0.781250
0 0.937500 0.783203 0.937500 0.787109 0.933594 0.787109 0.931641 0.785156 0.935547 0.781250
0 0.958984 0.785156 0.958984 0.789062 0.955078 0.789062 0.953125 0.787109 0.957031 0.783203
0 0.455078 0.789062 0.455078 0.792969 0.451172 0.792969 0.449219 0.791016 0.453125 0.787109
0 0.531250 0.789062 0.531250 0.792969 0.527344 0.792969 0.525391 0.791016 0.529297 0.787109
0 0.902344 0.791016 0.902344 0.794922 0.898438 0.794922 0.896484 0.792969 0.900391 0.789062
0 0.578125 0.792969 0.578125 0.796875 0.574219 0.796875 0.572266 0.794922 0.576172 0.791016
0 0.601562 0.792969 0.601562 0.796875 0.597656 0.796875 0.595703 0.794922 0.599609 0.791016
0 0.912109 0.794922 0.912109 0.798828 0.908203 0.798828 0.906250 0.796875 0.910156 0.792969
0 0.658203 0.800781 0.658203 0.804688 0.654297 0.804688 0.652344 0.802734 0.656250 0.798828
0 0.142578 0.802734 0.142578 0.806641 0.138672 0.806641 0.136719 0.804688 0.140625 0.800781
0 0.908203 0.804688 0.908203 0.808594 0.904297 0.808594 0.902344 0.806641 0.906250 0.802734
0 0.126953 0.806641 0.126953 0.810547 0.123047 0.810547 0.121094 0.808594 0.125000 0.804688
0 0.902344 0.810547 0.902344 0.814453 0.898438 0.814453 0.896484 0.812500 0.900391 0.808594
0 0.449219 0.812500 0.449219 0.816406 0.445312 0.816406 0.443359 0.814453 0.447266 0.810547
0 0.914062 0.812500 0.914062 0.816406 0.910156 0.816406 0.908203 0.814453 0.912109 0.810547
0 0.587891 0.820312 0.587891 0.824219 0.583984 0.824219 0.582031 0.822266 0.585938 0.818359
0 0.376953 0.824219 0.376953 0.828125 0.373047 0.828125 0.371094 0.826172 0.375000 0.822266
0 0.812500 0.826172 0.812500 0.830078 0.808594 0.830078 0.806641 0.828125 0.810547 0.824219
0 0.884766 0.833984 0.884766 0.837891 0.880859 0.837891 0.878906 0.835938 0.882812 0.832031
0 0.408203 0.837891 0.408203 0.841797 0.404297 0.841797 0.402344 0.839844 0.406250 0.835938
0 0.435547 0.839844 0.435547 0.843750 0.431641 0.843750 0.429688 0.841797 0.433594 0.837891
0 0.726562 0.839844 0.726562 0.843750 0.722656 0.843750 0.720703 0.841797 0.724609 0.837891
0 0.806641 0.839844 0.806641 0.843750 0.802734 0.843750 0.800781 0.841797 0.804688 0.837891
0 0.939453 0.839844 0.939453 0.843750 0.935547 0.843750 0.933594 0.841797 0.937500 0.837891
0 0.785156 0.841797 0.785156 0.845703 0.781250 0.845703 0.779297 0.843750 0.783203 0.839844
0 0.128906 0.843750 0.128906 0.847656 0.125000 0.847656 0.123047 0.845703 0.126953 0.841797
0 0.615234 0.845703 0.615234 0.849609 0.611328 0.849609 0.609375 0.847656 0.613281 0.843750
0 0.841797 0.851562 0.839844 0.851562 0.837891 0.853516 0.833984 0.853516 0.832031 0.851562 0.832031 0.845703 0.833984 0.843750 0.837891 0.843750 0.839844 0.845703 0.841797 0.845703
0 0.423828 0.851562 0.423828 0.855469 0.419922 0.855469 0.417969 0.853516 0.421875 0.849609
0 0.708984 0.859375 0.707031 0.859375 0.705078 0.861328 0.701172 0.861328 0.699219 0.859375 0.699219 0.853516 0.701172 0.851562 0.705078 0.851562 0.707031 0.853516 0.708984 0.853516
0 0.714844 0.863281 0.714844 0.867188 0.710938 0.867188 0.708984 0.865234 0.712891 0.861328
0 0.738281 0.873047 0.736328 0.873047 0.734375 0.875000 0.730469 0.875000 0.728516 0.873047 0.728516 0.867188 0.730469 0.865234 0.734375 0.865234 0.736328 0.867188 0.738281 0.867188
0 0.705078 0.871094 0.705078 0.875000 0.701172 0.875000 0.699219 0.873047 0.703125 0.869141
0 0.578125 0.873047 0.578125 0.876953 0.574219 0.876953 0.572266 0.875000 0.576172 0.871094
0 0.232422 0.886719 0.232422 0.890625 0.228516 0.890625 0.226562 0.888672 0.230469 0.884766
0 0.570312 0.886719 0.570312 0.890625 0.566406 0.890625 0.564453 0.888672 0.568359 0.884766
0 0.814453 0.888672 0.814453 0.892578 0.810547 0.892578 0.808594 0.890625 0.812500 0.886719
0 0.919922 0.888672 0.919922 0.892578 0.916016 0.892578 0.914062 0.890625 0.917969 0.886719
0 0.447266 0.900391 0.447266 0.904297 0.443359 0.904297 0.441406 0.902344 0.445312 0.898438
0 0.267578 0.902344 0.267578 0.906250 0.263672 0.906250 0.261719 0.904297 0.265625 0.900391
0 0.453125 0.902344 0.453125 0.906250 0.449219 0.906250 0.447266 0.904297 0.451172 0.900391
0 0.628906 0.904297 0.628906 0.908203 0.625000 0.908203 0.623047 0.906250 0.626953 0.902344
0 0.812500 0.910156 0.812500 0.914062 0.808594 0.914062 0.806641 0.912109 0.810547 0.908203
0 0.187500 0.916016 0.187500 0.919922 0.183594 0.919922 0.181641 0.917969 0.185547 0.914062
0 0.708984 0.917969 0.708984 0.921875 0.705078 0.921875 0.703125 0.919922 0.707031 0.916016
0 0.847656 0.917969 0.847656 0.921875 0.843750 0.921875 0.841797 0.919922 0.845703 0.916016
0 0.720703 0.931641 0.720703 0.935547 0.716797 0.935547 0.714844 0.933594 0.718750 0.929688
0 0.755859 0.933594 0.755859 0.937500 0.751953 0.937500 0.750000 0.935547 0.753906 0.931641
0 0.554688 0.935547 0.554688 0.939453 0.550781 0.939453 0.548828 0.937500 0.552734 0.933594
0 0.595703 0.935547 0.595703 0.939453 0.591797 0.939453 0.589844 0.937500 0.593750 0.933594
0 0.796875 0.935547 0.796875 0.939453 0.792969 0.939453 0.791016 0.937500 0.794922 0.933594
0 0.855469 0.935547 0.855469 0.939453 0.851562 0.939453 0.849609 0.937500 0.853516 0.933594
0 0.828125 0.949219 0.828125 0.953125 0.824219 0.953125 0.822266 0.951172 0.826172 0.947266
0 0.843750 0.949219 0.843750 0.953125 0.839844 0.953125 0.837891 0.951172 0.841797 0.947266
0 0.548828 0.953125 0.548828 0.957031 0.544922 0.957031 0.542969 0.955078 0.546875 0.951172
0 0.708984 0.960938 0.708984 0.964844 0.705078 0.964844 0.703125 0.962891 0.707031 0.958984
0 0.566406 0.964844 0.566406 0.968750 0.562500 0.968750 0.560547 0.966797 0.564453 0.962891
0 0.654297 0.964844 0.654297 0.968750 0.650391 0.968750 0.648438 0.966797 0.652344 0.962891
0 0.845703 0.970703 0.845703 0.974609 0.841797 0.974609 0.839844 0.972656 0.843750 0.968750
0 0.958984 0.972656 0.958984 0.976562 0.955078 0.976562 0.953125 0.974609 0.957031 0.970703
0 0.281250 0.980469 0.281250 0.984375 0.277344 0.984375 0.275391 0.982422 0.279297 0.978516
0 0.830078 0.980469 0.830078 0.984375 0.826172 0.984375 0.824219 0.982422 0.828125 0.978516
0 0.892578 0.980469 0.892578 0.984375 0.888672 0.984375 0.886719 0.982422 0.890625 0.978516
