0 0.011719 0.025391 0.001953 0.025391 0.000000 0.027344 0.000000 0.037109 0.001953 0.039062 0.003906 0.039062 0.005859 0.041016 0.007812 0.039062 0.009766 0.039062 0.013672 0.035156 0.013672 0.027344
0 0.964844 0.082031 0.962891 0.083984 0.962891 0.085938 0.964844 0.087891 0.966797 0.085938 0.966797 0.083984
0 0.142578 0.089844 0.136719 0.089844 0.128906 0.097656 0.128906 0.101562 0.130859 0.103516 0.136719 0.103516 0.138672 0.105469 0.144531 0.099609 0.144531 0.091797
0 0.603516 0.152344 0.601562 0.150391 0.599609 0.152344 0.599609 0.154297 0.601562 0.154297
0 0.707031 0.150391 0.705078 0.152344 0.707031 0.154297 0.708984 0.154297 0.710938 0.152344 0.708984 0.150391
0 0.449219 0.175781 0.445312 0.179688 0.445312 0.183594 0.447266 0.185547 0.453125 0.185547 0.455078 0.183594 0.455078 0.177734 0.453125 0.175781
0 0.324219 0.203125 0.322266 0.205078 0.324219 0.207031 0.326172 0.205078
0 0.289062 0.220703 0.289062 0.226562 0.296875 0.234375 0.300781 0.234375 0.304688 0.238281 0.316406 0.228516 0.322266 0.234375 0.330078 0.230469 0.326172 0.224609 0.320312 0.226562 0.312500 0.218750 0.310547 0.212891 0.302734 0.207031 0.298828 0.207031 0.292969 0.212891 0.292969 0.216797
0 0.271484 0.212891 0.267578 0.212891 0.265625 0.214844 0.267578 0.216797 0.269531 0.216797 0.271484 0.214844
0 0.166016 0.218750 0.164062 0.220703 0.162109 0.220703 0.162109 0.222656 0.164062 0.224609 0.166016 0.224609 0.167969 0.222656 0.167969 0.220703
0 0.867188 0.232422 0.863281 0.228516 0.861328 0.230469 0.861328 0.234375 0.865234 0.234375
0 0.396484 0.250000 0.394531 0.251953 0.396484 0.253906 0.398438 0.251953
0 0.437500 0.251953 0.435547 0.253906 0.437500 0.255859 0.439453 0.253906
0 0.417969 0.255859 0.416016 0.253906 0.414062 0.253906 0.410156 0.257812 0.412109 0.259766 0.416016 0.259766 0.417969 0.257812
0 0.130859 0.265625 0.126953 0.269531 0.126953 0.273438 0.128906 0.275391 0.134766 0.275391 0.136719 0.273438 0.136719 0.267578 0.134766 0.265625
0 0.406250 0.267578 0.404297 0.267578 0.402344 0.269531 0.400391 0.269531 0.398438 0.271484 0.398438 0.277344 0.400391 0.279297 0.404297 0.279297 0.410156 0.273438 0.410156 0.271484
0 0.335938 0.277344 0.333984 0.279297 0.333984 0.283203 0.335938 0.283203 0.337891 0.285156 0.337891 0.283203 0.339844 0.281250 0.339844 0.279297 0.337891 0.277344
0 0.400391 0.289062 0.398438 0.291016 0.398438 0.296875 0.400391 0.298828 0.408203 0.298828 0.408203 0.296875 0.410156 0.294922 0.410156 0.291016 0.408203 0.291016 0.406250 0.289062
0 0.462891 0.291016 0.460938 0.292969 0.460938 0.300781 0.462891 0.302734 0.464844 0.302734 0.466797 0.300781 0.466797 0.292969 0.464844 0.292969
0 0.505859 0.298828 0.505859 0.300781 0.507812 0.302734 0.509766 0.302734 0.509766 0.298828
0 0.279297 0.308594 0.273438 0.312500 0.265625 0.333984 0.271484 0.341797 0.283203 0.345703 0.285156 0.341797 0.294922 0.339844 0.298828 0.333984 0.298828 0.322266 0.296875 0.320312 0.296875 0.316406 0.289062 0.310547
0 0.683594 0.308594 0.681641 0.310547 0.681641 0.312500 0.683594 0.314453 0.687500 0.314453 0.689453 0.312500 0.689453 0.310547 0.687500 0.308594
0 0.351562 0.314453 0.351562 0.318359 0.353516 0.320312 0.355469 0.320312 0.357422 0.318359 0.357422 0.314453
1 0.384766 0.320312 0.382812 0.320312 0.378906 0.326172 0.378906 0.335938 0.382812 0.339844 0.384766 0.339844 0.388672 0.343750 0.382812 0.349609 0.376953 0.349609 0.376953 0.353516 0.375000 0.355469 0.380859 0.361328 0.382812 0.359375 0.388672 0.359375 0.390625 0.357422 0.390625 0.349609 0.394531 0.345703 0.386719 0.337891 0.390625 0.332031 0.390625 0.326172
1 0.371094 0.333984 0.365234 0.328125 0.357422 0.328125 0.351562 0.333984 0.351562 0.337891 0.347656 0.341797 0.345703 0.341797 0.343750 0.339844 0.341797 0.339844 0.339844 0.341797 0.333984 0.341797 0.332031 0.339844 0.330078 0.339844 0.326172 0.343750 0.326172 0.349609 0.330078 0.353516 0.335938 0.351562 0.339844 0.355469 0.353516 0.341797 0.355469 0.343750 0.361328 0.343750 0.363281 0.341797 0.365234 0.341797 0.369141 0.337891 0.369141 0.335938
0 0.960938 0.330078 0.958984 0.332031 0.958984 0.333984 0.960938 0.335938 0.962891 0.335938 0.964844 0.333984 0.964844 0.332031 0.962891 0.330078
0 0.404297 0.335938 0.404297 0.341797 0.406250 0.343750 0.408203 0.341797 0.414062 0.341797 0.414062 0.335938 0.412109 0.333984 0.406250 0.333984
0 0.421875 0.347656 0.419922 0.349609 0.419922 0.351562 0.421875 0.353516 0.425781 0.353516 0.425781 0.351562 0.427734 0.349609 0.425781 0.347656
0 0.441406 0.347656 0.437500 0.351562 0.437500 0.353516 0.439453 0.355469 0.439453 0.359375 0.443359 0.363281 0.453125 0.363281 0.455078 0.361328 0.455078 0.353516 0.449219 0.347656
0 0.402344 0.361328 0.402344 0.363281 0.408203 0.363281 0.408203 0.361328 0.406250 0.359375 0.404297 0.359375
0 0.357422 0.373047 0.357422 0.375000 0.359375 0.376953 0.361328 0.376953 0.363281 0.378906 0.371094 0.378906 0.373047 0.380859 0.375000 0.380859 0.375000 0.378906 0.378906 0.375000 0.376953 0.373047 0.376953 0.369141 0.361328 0.369141
0 0.458984 0.371094 0.458984 0.373047 0.460938 0.375000 0.460938 0.376953 0.468750 0.376953 0.470703 0.375000 0.470703 0.371094 0.468750 0.369141 0.460938 0.369141
0 0.535156 0.369141 0.533203 0.371094 0.533203 0.375000 0.535156 0.376953 0.539062 0.376953 0.541016 0.375000 0.541016 0.371094 0.539062 0.369141
0 0.328125 0.375000 0.324219 0.378906 0.324219 0.380859 0.328125 0.384766 0.333984 0.384766 0.333984 0.380859 0.335938 0.378906 0.332031 0.375000
1 0.349609 0.380859 0.347656 0.382812 0.349609 0.384766 0.347656 0.386719 0.347656 0.390625 0.345703 0.392578 0.345703 0.394531 0.347656 0.396484 0.349609 0.394531 0.349609 0.392578 0.347656 0.390625 0.353516 0.384766
1 0.390625 0.380859 0.384766 0.380859 0.380859 0.384766 0.380859 0.390625 0.382812 0.392578 0.382812 0.396484 0.380859 0.398438 0.380859 0.400391 0.382812 0.402344 0.384766 0.402344 0.386719 0.400391 0.386719 0.396484 0.392578 0.390625 0.392578 0.382812
0 0.392578 0.396484 0.394531 0.398438 0.396484 0.404297 0.398438 0.402344 0.404297 0.402344 0.410156 0.408203 0.412109 0.408203 0.416016 0.404297 0.416016 0.396484 0.412109 0.392578 0.412109 0.390625 0.410156 0.390625 0.408203 0.388672 0.406250 0.388672 0.404297 0.390625 0.398438 0.390625
0 0.115234 0.396484 0.113281 0.394531 0.111328 0.394531 0.109375 0.396484 0.107422 0.396484 0.107422 0.398438 0.109375 0.400391 0.113281 0.400391 0.115234 0.398438
0 0.912109 0.398438 0.908203 0.394531 0.904297 0.398438 0.906250 0.400391 0.908203 0.400391 0.910156 0.398438
0 0.365234 0.398438 0.363281 0.398438 0.357422 0.404297 0.357422 0.406250 0.361328 0.410156 0.365234 0.410156 0.369141 0.406250 0.369141 0.402344
0 0.324219 0.404297 0.322266 0.402344 0.318359 0.402344 0.314453 0.406250 0.314453 0.412109 0.322266 0.412109 0.324219 0.410156
0 0.929688 0.417969 0.929688 0.419922 0.931641 0.419922 0.933594 0.421875 0.933594 0.423828 0.935547 0.423828 0.937500 0.425781 0.945312 0.425781 0.951172 0.421875 0.949219 0.419922 0.949219 0.417969 0.945312 0.414062 0.945312 0.412109 0.935547 0.412109 0.933594 0.414062 0.931641 0.414062 0.931641 0.416016
1 0.478516 0.419922 0.476562 0.419922 0.474609 0.417969 0.472656 0.417969 0.470703 0.419922 0.468750 0.419922 0.468750 0.421875 0.462891 0.427734 0.462891 0.429688 0.464844 0.429688 0.466797 0.431641 0.468750 0.431641 0.470703 0.429688 0.470703 0.427734 0.472656 0.425781 0.474609 0.425781 0.476562 0.423828 0.478516 0.423828
0 0.324219 0.423828 0.324219 0.425781 0.326172 0.427734 0.330078 0.427734 0.332031 0.429688 0.335938 0.425781 0.333984 0.423828 0.332031 0.423828 0.330078 0.421875 0.328125 0.421875 0.326172 0.423828
0 0.310547 0.431641 0.308594 0.433594 0.308594 0.437500 0.310547 0.437500 0.312500 0.439453 0.314453 0.439453 0.316406 0.437500 0.316406 0.433594 0.314453 0.431641
1 0.283203 0.447266 0.285156 0.447266 0.289062 0.451172 0.292969 0.451172 0.294922 0.453125 0.298828 0.449219 0.298828 0.447266 0.296875 0.447266 0.294922 0.445312 0.285156 0.445312
0 0.498047 0.445312 0.496094 0.445312 0.494141 0.447266 0.496094 0.449219 0.498047 0.447266
0 0.537109 0.449219 0.535156 0.451172 0.535156 0.453125 0.537109 0.455078 0.539062 0.455078 0.539062 0.453125 0.541016 0.451172 0.539062 0.451172
1 0.582031 0.458984 0.580078 0.458984 0.576172 0.462891 0.574219 0.462891 0.572266 0.464844 0.572266 0.468750 0.574219 0.470703 0.578125 0.466797 0.578125 0.464844 0.580078 0.462891 0.582031 0.462891
0 0.457031 0.466797 0.460938 0.470703 0.462891 0.470703 0.464844 0.468750 0.466797 0.468750 0.466797 0.466797 0.462891 0.462891 0.458984 0.462891 0.458984 0.464844
0 0.908203 0.466797 0.910156 0.468750 0.914062 0.468750 0.914062 0.464844 0.910156 0.464844
0 0.767578 0.468750 0.765625 0.470703 0.769531 0.474609 0.771484 0.474609 0.773438 0.472656 0.773438 0.470703 0.771484 0.468750
0 0.453125 0.472656 0.451172 0.474609 0.451172 0.478516 0.453125 0.480469 0.455078 0.480469 0.457031 0.482422 0.455078 0.480469 0.457031 0.478516 0.457031 0.474609 0.455078 0.472656
0 0.486328 0.476562 0.484375 0.478516 0.482422 0.478516 0.482422 0.486328 0.486328 0.486328 0.488281 0.488281 0.490234 0.486328 0.490234 0.478516 0.488281 0.476562
0 0.609375 0.478516 0.605469 0.478516 0.601562 0.482422 0.601562 0.486328 0.605469 0.490234 0.607422 0.490234 0.609375 0.488281 0.611328 0.488281 0.611328 0.486328 0.613281 0.484375 0.611328 0.482422 0.611328 0.480469
0 0.839844 0.478516 0.837891 0.480469 0.837891 0.482422 0.839844 0.484375 0.841797 0.482422 0.841797 0.480469
0 0.453125 0.486328 0.451172 0.488281 0.451172 0.494141 0.453125 0.496094 0.457031 0.496094 0.458984 0.498047 0.458984 0.496094 0.460938 0.494141 0.460938 0.488281 0.458984 0.486328
0 0.591797 0.486328 0.589844 0.486328 0.587891 0.484375 0.585938 0.484375 0.583984 0.486328 0.583984 0.492188 0.582031 0.494141 0.582031 0.498047 0.585938 0.498047 0.585938 0.496094 0.591797 0.490234
0 0.648438 0.488281 0.646484 0.490234 0.646484 0.492188 0.648438 0.494141 0.650391 0.494141 0.652344 0.492188 0.652344 0.490234 0.650391 0.488281
0 0.908203 0.500000 0.906250 0.500000 0.906250 0.501953 0.904297 0.503906 0.902344 0.503906 0.904297 0.505859 0.904297 0.507812 0.908203 0.507812 0.910156 0.505859 0.910156 0.501953
0 0.580078 0.505859 0.570312 0.513672 0.568359 0.517578 0.568359 0.523438 0.578125 0.531250 0.589844 0.531250 0.597656 0.525391 0.599609 0.519531 0.591797 0.509766
0 0.449219 0.509766 0.449219 0.513672 0.457031 0.513672 0.457031 0.509766 0.455078 0.507812 0.451172 0.507812
0 0.162109 0.513672 0.162109 0.515625 0.160156 0.517578 0.160156 0.519531 0.164062 0.523438 0.166016 0.523438 0.167969 0.521484 0.169922 0.521484 0.169922 0.513672
0 0.638672 0.519531 0.636719 0.521484 0.636719 0.523438 0.638672 0.525391 0.638672 0.527344 0.642578 0.527344 0.644531 0.525391 0.644531 0.521484 0.642578 0.519531
0 0.392578 0.523438 0.390625 0.525391 0.390625 0.527344 0.392578 0.529297 0.396484 0.529297 0.398438 0.527344 0.398438 0.525391 0.396484 0.523438
0 0.509766 0.525391 0.501953 0.525391 0.494141 0.533203 0.494141 0.537109 0.492188 0.539062 0.492188 0.542969 0.494141 0.544922 0.494141 0.550781 0.498047 0.550781 0.500000 0.552734 0.505859 0.552734 0.509766 0.550781 0.515625 0.544922 0.515625 0.541016 0.517578 0.537109 0.515625 0.535156 0.515625 0.531250 0.513672 0.527344
0 0.607422 0.525391 0.603516 0.529297 0.603516 0.539062 0.605469 0.541016 0.613281 0.541016 0.617188 0.537109 0.617188 0.529297 0.615234 0.529297 0.611328 0.525391
0 0.958984 0.523438 0.957031 0.525391 0.958984 0.527344 0.958984 0.533203 0.962891 0.533203 0.966797 0.529297 0.966797 0.527344 0.962891 0.523438
0 0.466797 0.529297 0.464844 0.529297 0.462891 0.531250 0.462891 0.533203 0.464844 0.535156 0.466797 0.533203
0 0.414062 0.531250 0.410156 0.531250 0.406250 0.535156 0.406250 0.541016 0.408203 0.542969 0.412109 0.542969 0.416016 0.539062 0.417969 0.539062 0.417969 0.537109 0.416016 0.535156 0.416016 0.533203
0 0.662109 0.533203 0.660156 0.535156 0.660156 0.537109 0.664062 0.541016 0.666016 0.541016 0.667969 0.539062 0.667969 0.535156 0.666016 0.533203
0 0.396484 0.541016 0.394531 0.541016 0.388672 0.546875 0.388672 0.548828 0.386719 0.550781 0.386719 0.552734 0.390625 0.556641 0.394531 0.556641 0.398438 0.552734 0.398438 0.548828 0.400391 0.546875 0.400391 0.544922
0 0.812500 0.550781 0.812500 0.552734 0.814453 0.554688 0.816406 0.552734 0.818359 0.552734 0.818359 0.550781
1 0.714844 0.556641 0.714844 0.562500 0.722656 0.570312 0.722656 0.572266 0.720703 0.574219 0.720703 0.576172 0.722656 0.578125 0.724609 0.578125 0.730469 0.572266 0.730469 0.566406 0.728516 0.566406 0.726562 0.568359 0.724609 0.568359 0.720703 0.564453 0.720703 0.560547 0.716797 0.556641
0 0.751953 0.558594 0.750000 0.560547 0.750000 0.568359 0.755859 0.568359 0.757812 0.566406 0.757812 0.564453 0.759766 0.562500 0.755859 0.558594
0 0.667969 0.564453 0.664062 0.564453 0.660156 0.566406 0.654297 0.572266 0.654297 0.583984 0.664062 0.593750 0.675781 0.587891 0.677734 0.583984 0.677734 0.578125 0.679688 0.576172 0.675781 0.568359
0 0.416016 0.576172 0.414062 0.578125 0.417969 0.582031 0.419922 0.582031 0.421875 0.580078 0.419922 0.578125 0.421875 0.576172
0 0.716797 0.585938 0.714844 0.587891 0.714844 0.589844 0.716797 0.591797 0.720703 0.591797 0.720703 0.587891 0.718750 0.585938
0 0.656250 0.603516 0.650391 0.611328 0.656250 0.625000 0.660156 0.626953 0.664062 0.625000 0.671875 0.630859 0.677734 0.630859 0.681641 0.625000 0.681641 0.621094 0.660156 0.601562
0 0.787109 0.601562 0.783203 0.601562 0.783203 0.603516 0.785156 0.605469 0.787109 0.603516
0 0.474609 0.613281 0.474609 0.617188 0.476562 0.619141 0.478516 0.619141 0.480469 0.617188 0.480469 0.613281
0 0.628906 0.613281 0.623047 0.619141 0.623047 0.628906 0.628906 0.634766 0.636719 0.634766 0.642578 0.628906 0.644531 0.623047 0.640625 0.619141 0.640625 0.615234 0.638672 0.615234 0.636719 0.613281
0 0.607422 0.617188 0.599609 0.617188 0.595703 0.621094 0.595703 0.623047 0.593750 0.625000 0.595703 0.626953 0.593750 0.628906 0.593750 0.630859 0.595703 0.630859 0.601562 0.634766 0.603516 0.634766 0.605469 0.632812 0.607422 0.632812 0.611328 0.628906 0.611328 0.621094
0 0.980469 0.617188 0.978516 0.619141 0.978516 0.621094 0.980469 0.623047 0.984375 0.623047 0.986328 0.621094 0.986328 0.619141 0.984375 0.617188
0 0.589844 0.630859 0.582031 0.625000 0.570312 0.630859 0.570312 0.632812 0.566406 0.636719 0.566406 0.640625 0.568359 0.642578 0.564453 0.648438 0.568359 0.650391 0.576172 0.644531 0.580078 0.646484 0.587891 0.642578 0.591797 0.636719
0 0.863281 0.625000 0.859375 0.628906 0.859375 0.634766 0.863281 0.638672 0.869141 0.638672 0.873047 0.634766 0.873047 0.628906 0.869141 0.625000
0 0.216797 0.638672 0.216797 0.646484 0.218750 0.648438 0.220703 0.648438 0.222656 0.650391 0.228516 0.650391 0.232422 0.646484 0.232422 0.640625 0.228516 0.636719 0.226562 0.636719 0.224609 0.634766 0.222656 0.636719 0.220703 0.636719 0.218750 0.638672
0 0.541016 0.640625 0.541016 0.642578 0.542969 0.644531 0.544922 0.644531 0.544922 0.642578 0.542969 0.640625
0 0.710938 0.642578 0.708984 0.644531 0.708984 0.646484 0.710938 0.648438 0.714844 0.648438 0.716797 0.646484 0.716797 0.644531 0.714844 0.642578
0 0.695312 0.644531 0.693359 0.646484 0.695312 0.648438 0.697266 0.648438 0.699219 0.646484 0.697266 0.644531
0 0.660156 0.652344 0.658203 0.654297 0.658203 0.660156 0.660156 0.662109 0.666016 0.662109 0.669922 0.658203 0.669922 0.654297 0.667969 0.652344
0 0.544922 0.677734 0.542969 0.677734 0.541016 0.675781 0.539062 0.677734 0.535156 0.677734 0.533203 0.679688 0.533203 0.681641 0.537109 0.685547 0.541016 0.685547 0.541016 0.683594 0.542969 0.681641 0.542969 0.679688
0 0.580078 0.681641 0.578125 0.683594 0.576172 0.683594 0.574219 0.685547 0.574219 0.687500 0.576172 0.689453 0.580078 0.689453 0.582031 0.687500 0.582031 0.685547 0.580078 0.683594
0 0.732422 0.687500 0.736328 0.693359 0.751953 0.693359 0.755859 0.689453 0.755859 0.687500 0.753906 0.685547 0.753906 0.681641 0.746094 0.681641 0.744141 0.679688 0.738281 0.681641
0 0.552734 0.687500 0.552734 0.689453 0.546875 0.697266 0.546875 0.701172 0.544922 0.703125 0.546875 0.707031 0.544922 0.710938 0.552734 0.720703 0.558594 0.720703 0.564453 0.714844 0.564453 0.708984 0.568359 0.703125 0.564453 0.701172 0.564453 0.693359 0.560547 0.689453 0.554688 0.691406
0 0.464844 0.691406 0.462891 0.693359 0.462891 0.697266 0.464844 0.699219 0.468750 0.699219 0.470703 0.697266 0.470703 0.693359 0.468750 0.691406
0 0.486328 0.691406 0.484375 0.691406 0.484375 0.695312 0.486328 0.693359
0 0.660156 0.697266 0.654297 0.703125 0.652344 0.701172 0.654297 0.703125 0.652344 0.705078 0.652344 0.712891 0.656250 0.720703 0.666016 0.724609 0.667969 0.722656 0.671875 0.722656 0.677734 0.710938 0.671875 0.699219 0.667969 0.699219 0.666016 0.697266
0 0.951172 0.695312 0.951172 0.699219 0.949219 0.701172 0.951172 0.703125 0.951172 0.705078 0.953125 0.705078 0.955078 0.703125 0.958984 0.703125 0.958984 0.699219 0.957031 0.699219 0.953125 0.695312
0 0.787109 0.699219 0.785156 0.701172 0.785156 0.705078 0.783203 0.707031 0.789062 0.707031 0.791016 0.708984 0.794922 0.705078 0.794922 0.703125 0.791016 0.699219
0 0.628906 0.707031 0.628906 0.712891 0.630859 0.714844 0.636719 0.714844 0.640625 0.710938 0.638672 0.708984 0.640625 0.707031 0.638672 0.707031 0.636719 0.705078 0.632812 0.705078 0.630859 0.707031
0 0.732422 0.712891 0.734375 0.712891 0.736328 0.710938 0.732422 0.710938
0 0.578125 0.714844 0.576172 0.716797 0.576172 0.722656 0.578125 0.724609 0.582031 0.724609 0.583984 0.722656 0.583984 0.716797 0.582031 0.716797 0.580078 0.714844
0 0.794922 0.716797 0.794922 0.718750 0.792969 0.720703 0.792969 0.726562 0.796875 0.730469 0.800781 0.730469 0.804688 0.726562 0.804688 0.720703 0.802734 0.718750 0.798828 0.718750 0.796875 0.716797
0 0.394531 0.724609 0.392578 0.726562 0.392578 0.728516 0.394531 0.730469 0.396484 0.730469 0.398438 0.728516
0 0.458984 0.724609 0.457031 0.726562 0.457031 0.728516 0.458984 0.730469 0.460938 0.730469 0.464844 0.726562 0.462891 0.726562 0.460938 0.724609
0 0.556641 0.736328 0.554688 0.738281 0.556641 0.740234 0.558594 0.740234 0.558594 0.736328
0 0.572266 0.736328 0.566406 0.742188 0.566406 0.748047 0.568359 0.750000 0.570312 0.755859 0.576172 0.755859 0.578125 0.753906 0.580078 0.753906 0.583984 0.757812 0.587891 0.753906 0.587891 0.751953 0.585938 0.750000 0.583984 0.750000 0.580078 0.746094 0.580078 0.740234 0.576172 0.736328
0 0.667969 0.736328 0.666016 0.738281 0.664062 0.738281 0.662109 0.740234 0.662109 0.744141 0.664062 0.746094 0.664062 0.748047 0.669922 0.748047 0.669922 0.746094 0.671875 0.744141 0.673828 0.744141 0.671875 0.742188 0.671875 0.740234
1 0.519531 0.740234 0.517578 0.740234 0.517578 0.742188 0.515625 0.744141 0.513672 0.744141 0.513672 0.748047 0.511719 0.750000 0.511719 0.755859 0.513672 0.757812 0.515625 0.755859 0.517578 0.755859 0.517578 0.753906 0.521484 0.750000 0.521484 0.744141 0.519531 0.742188
0 0.865234 0.746094 0.863281 0.748047 0.863281 0.759766 0.865234 0.761719 0.869141 0.761719 0.873047 0.757812 0.873047 0.751953 0.871094 0.750000 0.871094 0.748047 0.869141 0.746094
0 0.882812 0.753906 0.880859 0.755859 0.880859 0.757812 0.882812 0.759766 0.886719 0.759766 0.888672 0.757812 0.888672 0.755859 0.886719 0.753906
0 0.550781 0.761719 0.548828 0.759766 0.546875 0.761719 0.546875 0.763672 0.548828 0.763672
0 0.433594 0.761719 0.431641 0.763672 0.431641 0.765625 0.433594 0.767578 0.435547 0.767578 0.437500 0.765625 0.437500 0.763672 0.435547 0.761719
0 0.707031 0.767578 0.708984 0.769531 0.708984 0.773438 0.712891 0.779297 0.718750 0.779297 0.718750 0.777344 0.720703 0.775391 0.722656 0.775391 0.722656 0.769531 0.718750 0.763672 0.716797 0.765625 0.714844 0.763672 0.714844 0.765625 0.708984 0.769531
1 0.769531 0.765625 0.765625 0.761719 0.763672 0.761719 0.761719 0.763672 0.761719 0.767578 0.757812 0.771484 0.753906 0.771484 0.751953 0.773438 0.751953 0.775391 0.750000 0.777344 0.751953 0.779297 0.759766 0.771484 0.761719 0.771484 0.763672 0.769531 0.765625 0.771484 0.767578 0.771484 0.769531 0.769531
1 0.552734 0.785156 0.552734 0.789062 0.556641 0.789062 0.556641 0.787109 0.558594 0.785156 0.562500 0.785156 0.568359 0.789062 0.570312 0.787109 0.578125 0.787109 0.580078 0.785156 0.582031 0.785156 0.585938 0.789062 0.587891 0.789062 0.589844 0.787109 0.591797 0.787109 0.591797 0.785156 0.589844 0.783203 0.591797 0.781250 0.587891 0.781250 0.585938 0.779297 0.583984 0.781250 0.582031 0.781250 0.580078 0.779297 0.580078 0.775391 0.578125 0.773438 0.578125 0.771484 0.576172 0.771484 0.570312 0.767578 0.568359 0.769531 0.564453 0.769531 0.558594 0.775391 0.558594 0.779297
0 0.583984 0.767578 0.582031 0.765625 0.580078 0.767578
0 0.619141 0.765625 0.619141 0.767578 0.617188 0.769531 0.617188 0.771484 0.619141 0.773438 0.623047 0.773438 0.623047 0.765625 0.621094 0.767578
0 0.339844 0.771484 0.337891 0.773438 0.337891 0.781250 0.339844 0.783203 0.343750 0.783203 0.343750 0.781250 0.345703 0.779297 0.347656 0.779297 0.345703 0.777344 0.345703 0.773438 0.343750 0.771484
0 0.611328 0.775391 0.611328 0.777344 0.609375 0.779297 0.611328 0.781250 0.615234 0.781250 0.617188 0.779297 0.613281 0.775391
0 0.673828 0.777344 0.671875 0.779297 0.669922 0.779297 0.669922 0.781250 0.667969 0.783203 0.667969 0.787109 0.673828 0.792969 0.675781 0.792969 0.679688 0.789062 0.679688 0.783203 0.677734 0.781250 0.677734 0.779297 0.675781 0.779297
1 0.808594 0.781250 0.808594 0.783203 0.806641 0.785156 0.808594 0.787109 0.808594 0.798828 0.812500 0.802734 0.812500 0.808594 0.814453 0.810547 0.814453 0.814453 0.816406 0.814453 0.822266 0.808594 0.822266 0.806641 0.818359 0.802734 0.818359 0.800781 0.816406 0.798828 0.818359 0.796875 0.820312 0.796875 0.822266 0.794922 0.822266 0.792969 0.818359 0.789062 0.816406 0.789062
0 0.458984 0.787109 0.457031 0.787109 0.453125 0.791016 0.453125 0.792969 0.455078 0.794922 0.458984 0.794922 0.460938 0.792969 0.460938 0.789062
1 0.580078 0.796875 0.583984 0.796875 0.587891 0.800781 0.589844 0.800781 0.591797 0.798828 0.591797 0.796875 0.589844 0.796875 0.587891 0.798828 0.585938 0.798828 0.582031 0.794922
0 0.994141 0.796875 0.992188 0.796875 0.990234 0.794922 0.988281 0.794922 0.986328 0.796875 0.978516 0.796875 0.976562 0.798828 0.976562 0.800781 0.984375 0.808594 0.984375 0.810547 0.992188 0.810547 0.996094 0.806641 0.996094 0.798828
0 0.433594 0.800781 0.431641 0.798828 0.429688 0.798828 0.427734 0.796875 0.427734 0.798828 0.425781 0.800781 0.425781 0.804688 0.429688 0.804688
0 0.705078 0.798828 0.701172 0.802734 0.701172 0.806641 0.705078 0.810547 0.708984 0.810547 0.710938 0.808594 0.710938 0.800781 0.708984 0.800781 0.707031 0.798828
0 0.173828 0.802734 0.173828 0.806641 0.175781 0.806641 0.177734 0.808594 0.179688 0.808594 0.181641 0.806641 0.181641 0.802734 0.179688 0.800781 0.177734 0.800781 0.175781 0.802734
0 0.480469 0.806641 0.480469 0.810547 0.478516 0.812500 0.478516 0.820312 0.480469 0.822266 0.488281 0.822266 0.488281 0.820312 0.490234 0.818359 0.490234 0.812500 0.488281 0.810547 0.488281 0.806641 0.486328 0.806641 0.484375 0.808594 0.482422 0.806641
0 0.330078 0.812500 0.326172 0.808594 0.322266 0.812500 0.324219 0.814453 0.326172 0.814453 0.328125 0.812500
0 0.500000 0.810547 0.498047 0.812500 0.501953 0.816406 0.494141 0.826172 0.498047 0.830078 0.486328 0.843750 0.480469 0.845703 0.478516 0.853516 0.486328 0.855469 0.494141 0.845703 0.509766 0.861328 0.521484 0.843750 0.521484 0.837891 0.515625 0.832031 0.517578 0.816406 0.515625 0.814453 0.507812 0.816406
0 0.335938 0.812500 0.335938 0.816406 0.337891 0.816406 0.339844 0.814453 0.337891 0.812500
0 0.892578 0.812500 0.892578 0.814453 0.890625 0.816406 0.890625 0.824219 0.892578 0.826172 0.892578 0.828125 0.896484 0.832031 0.904297 0.832031 0.908203 0.828125 0.908203 0.818359 0.902344 0.812500
0 0.824219 0.822266 0.824219 0.824219 0.822266 0.826172 0.824219 0.828125 0.828125 0.828125 0.828125 0.824219 0.826172 0.822266
0 0.253906 0.824219 0.250000 0.828125 0.250000 0.832031 0.251953 0.833984 0.253906 0.833984 0.255859 0.832031 0.255859 0.826172
0 0.537109 0.824219 0.535156 0.826172 0.533203 0.826172 0.533203 0.828125 0.531250 0.830078 0.531250 0.833984 0.535156 0.837891 0.541016 0.837891 0.544922 0.833984 0.544922 0.828125 0.541016 0.824219
0 0.601562 0.826172 0.599609 0.824219 0.597656 0.824219 0.595703 0.826172 0.595703 0.830078 0.599609 0.830078 0.601562 0.828125
0 0.617188 0.824219 0.615234 0.826172 0.615234 0.828125 0.613281 0.830078 0.613281 0.833984 0.617188 0.837891 0.623047 0.837891 0.626953 0.833984 0.626953 0.828125 0.625000 0.826172 0.625000 0.824219
0 0.574219 0.832031 0.572266 0.833984 0.572266 0.835938 0.574219 0.837891 0.578125 0.837891 0.580078 0.835938 0.580078 0.832031
0 0.642578 0.837891 0.640625 0.839844 0.640625 0.843750 0.642578 0.845703 0.644531 0.845703 0.646484 0.843750 0.646484 0.839844 0.644531 0.837891
1 0.544922 0.845703 0.541016 0.849609 0.541016 0.851562 0.546875 0.857422 0.544922 0.859375 0.544922 0.865234 0.546875 0.867188 0.548828 0.867188 0.552734 0.863281 0.546875 0.857422 0.548828 0.855469 0.546875 0.853516 0.548828 0.851562 0.548828 0.847656 0.546875 0.845703
0 0.824219 0.845703 0.820312 0.849609 0.820312 0.857422 0.826172 0.863281 0.832031 0.863281 0.833984 0.861328 0.833984 0.859375 0.837891 0.855469 0.835938 0.855469 0.833984 0.853516 0.833984 0.849609 0.830078 0.845703
0 0.357422 0.847656 0.355469 0.849609 0.355469 0.851562 0.357422 0.853516 0.359375 0.853516 0.361328 0.851562 0.361328 0.849609 0.359375 0.847656
0 0.794922 0.847656 0.792969 0.849609 0.792969 0.851562 0.794922 0.853516 0.798828 0.853516 0.800781 0.851562 0.800781 0.849609 0.798828 0.847656
0 0.289062 0.855469 0.289062 0.863281 0.291016 0.863281 0.292969 0.865234 0.294922 0.865234 0.296875 0.863281 0.298828 0.863281 0.300781 0.861328 0.302734 0.861328 0.304688 0.859375 0.298828 0.853516 0.291016 0.853516
0 0.361328 0.857422 0.361328 0.859375 0.359375 0.861328 0.359375 0.865234 0.361328 0.867188 0.365234 0.867188 0.367188 0.865234 0.369141 0.865234 0.367188 0.863281 0.367188 0.857422
0 0.564453 0.859375 0.562500 0.861328 0.562500 0.863281 0.564453 0.865234 0.568359 0.865234 0.570312 0.863281 0.570312 0.861328 0.568359 0.859375
0 0.638672 0.867188 0.636719 0.869141 0.632812 0.865234 0.628906 0.869141 0.628906 0.871094 0.625000 0.875000 0.628906 0.875000 0.630859 0.876953 0.632812 0.876953 0.636719 0.873047 0.638672 0.873047
0 0.771484 0.863281 0.769531 0.865234 0.769531 0.867188 0.771484 0.869141 0.773438 0.867188 0.773438 0.865234
0 0.732422 0.869141 0.732422 0.873047 0.734375 0.873047 0.736328 0.871094 0.734375 0.869141
0 0.662109 0.873047 0.662109 0.878906 0.666016 0.882812 0.671875 0.882812 0.675781 0.878906 0.673828 0.876953 0.673828 0.875000 0.671875 0.873047 0.669922 0.873047 0.667969 0.871094 0.666016 0.871094 0.664062 0.873047
0 0.621094 0.878906 0.619141 0.880859 0.617188 0.880859 0.615234 0.882812 0.615234 0.888672 0.617188 0.890625 0.617188 0.892578 0.619141 0.894531 0.619141 0.896484 0.625000 0.896484 0.626953 0.894531 0.626953 0.890625 0.628906 0.888672 0.628906 0.886719 0.626953 0.884766 0.626953 0.882812 0.623047 0.878906
0 0.699219 0.880859 0.697266 0.882812 0.697266 0.888672 0.699219 0.890625 0.701172 0.890625 0.703125 0.892578 0.703125 0.890625 0.705078 0.888672 0.707031 0.888672 0.707031 0.886719 0.705078 0.884766 0.705078 0.882812 0.703125 0.880859
0 0.673828 0.890625 0.673828 0.892578 0.669922 0.896484 0.669922 0.902344 0.675781 0.908203 0.681641 0.902344 0.681641 0.892578 0.679688 0.894531 0.677734 0.892578 0.675781 0.892578
0 0.599609 0.904297 0.585938 0.894531 0.570312 0.894531 0.558594 0.902344 0.558594 0.916016 0.556641 0.917969 0.558594 0.919922 0.558594 0.929688 0.562500 0.933594 0.570312 0.933594 0.572266 0.931641 0.580078 0.931641 0.595703 0.921875 0.597656 0.906250
0 0.765625 0.894531 0.761719 0.898438 0.761719 0.902344 0.763672 0.904297 0.769531 0.904297 0.771484 0.902344 0.771484 0.900391 0.769531 0.898438 0.769531 0.896484 0.767578 0.894531
0 0.619141 0.906250 0.617188 0.908203 0.617188 0.910156 0.619141 0.912109 0.621094 0.912109 0.623047 0.910156 0.623047 0.908203 0.621094 0.906250
0 0.712891 0.906250 0.710938 0.908203 0.712891 0.910156 0.714844 0.908203
0 0.970703 0.908203 0.964844 0.912109 0.962891 0.919922 0.958984 0.921875 0.960938 0.923828 0.960938 0.937500 0.964844 0.943359 0.964844 0.947266 0.978516 0.953125 0.984375 0.951172 0.990234 0.945312 0.994141 0.925781 0.984375 0.910156 0.980469 0.908203
0 0.652344 0.935547 0.656250 0.945312 0.658203 0.943359 0.662109 0.947266 0.667969 0.962891 0.677734 0.968750 0.691406 0.966797 0.699219 0.957031 0.710938 0.962891 0.720703 0.947266 0.718750 0.943359 0.712891 0.943359 0.710938 0.949219 0.703125 0.951172 0.705078 0.933594 0.695312 0.921875 0.697266 0.919922 0.695312 0.921875 0.681641 0.916016 0.669922 0.921875 0.660156 0.933594
0 0.605469 0.919922 0.601562 0.919922 0.601562 0.921875 0.603516 0.923828 0.603516 0.921875
0 0.871094 0.937500 0.867188 0.941406 0.867188 0.943359 0.869141 0.945312 0.875000 0.945312 0.875000 0.943359 0.873047 0.941406 0.873047 0.939453
0 0.595703 0.941406 0.591797 0.945312 0.591797 0.949219 0.593750 0.951172 0.599609 0.951172 0.601562 0.949219 0.601562 0.943359 0.599609 0.941406
0 0.755859 0.945312 0.753906 0.947266 0.753906 0.957031 0.757812 0.960938 0.763672 0.960938 0.769531 0.955078 0.769531 0.951172 0.763672 0.945312
0 0.560547 0.962891 0.560547 0.968750 0.556641 0.972656 0.556641 0.980469 0.560547 0.984375 0.560547 0.988281 0.568359 0.996094 0.574219 0.996094 0.576172 0.988281 0.578125 0.996094 0.583984 0.996094 0.585938 0.986328 0.587891 0.996094 0.587891 0.992188 0.593750 0.986328 0.587891 0.984375 0.580078 0.976562 0.578125 0.964844 0.570312 0.958984
0 0.949219 0.957031 0.943359 0.964844 0.943359 0.974609 0.947266 0.980469 0.949219 0.980469 0.951172 0.982422 0.958984 0.982422 0.966797 0.972656 0.966797 0.970703 0.964844 0.968750 0.966797 0.966797 0.966797 0.964844 0.962891 0.960938 0.962891 0.958984 0.960938 0.958984 0.958984 0.957031
0 0.632812 0.962891 0.630859 0.964844 0.632812 0.966797 0.634766 0.966797 0.636719 0.964844 0.634766 0.962891
0 0.853516 0.964844 0.849609 0.968750 0.849609 0.970703 0.851562 0.972656 0.855469 0.972656 0.857422 0.970703 0.857422 0.968750
0 0.890625 0.968750 0.884766 0.974609 0.884766 0.978516 0.882812 0.980469 0.882812 0.982422 0.884766 0.984375 0.884766 0.988281 0.888672 0.992188 0.894531 0.992188 0.902344 0.984375 0.902344 0.974609 0.898438 0.970703 0.892578 0.970703
0 0.667969 0.972656 0.666016 0.974609 0.666016 0.976562 0.667969 0.978516 0.669922 0.976562 0.669922 0.974609
0 0.601562 0.976562 0.599609 0.978516 0.601562 0.980469 0.603516 0.978516
0 0.705078 0.982422 0.703125 0.984375 0.701172 0.984375 0.699219 0.986328 0.699219 0.990234 0.701172 0.992188 0.707031 0.992188 0.708984 0.990234 0.708984 0.986328
0 0.884766 0.996094 0.884766 0.998047 0.888672 0.998047 0.886719 0.996094
0 0.335938 0.001953 0.332031 0.001953 0.330078 0.000000 0.335938 0.000000
0 0.328125 0.017578 0.328125 0.021484 0.324219 0.021484 0.322266 0.019531 0.326172 0.015625
0 0.470703 0.023438 0.470703 0.027344 0.466797 0.027344 0.464844 0.025391 0.468750 0.021484
0 0.093750 0.033203 0.093750 0.037109 0.089844 0.037109 0.087891 0.035156 0.091797 0.031250
0 0.310547 0.039062 0.310547 0.042969 0.306641 0.042969 0.304688 0.041016 0.308594 0.037109
0 0.546875 0.056641 0.546875 0.060547 0.542969 0.060547 0.541016 0.058594 0.544922 0.054688
0 0.777344 0.082031 0.777344 0.085938 0.773438 0.085938 0.771484 0.083984 0.775391 0.080078
0 0.900391 0.095703 0.900391 0.099609 0.896484 0.099609 0.894531 0.097656 0.898438 0.093750
0 0.478516 0.101562 0.478516 0.105469 0.474609 0.105469 0.472656 0.103516 0.476562 0.099609
0 0.849609 0.142578 0.849609 0.146484 0.845703 0.146484 0.843750 0.144531 0.847656 0.140625
0 0.921875 0.144531 0.921875 0.148438 0.917969 0.148438 0.916016 0.146484 0.919922 0.142578
0 0.619141 0.152344 0.619141 0.156250 0.615234 0.156250 0.613281 0.154297 0.617188 0.150391
0 0.039062 0.156250 0.039062 0.160156 0.035156 0.160156 0.033203 0.158203 0.037109 0.154297
0 0.351562 0.162109 0.351562 0.166016 0.347656 0.166016 0.345703 0.164062 0.349609 0.160156
0 0.062500 0.169922 0.062500 0.173828 0.058594 0.173828 0.056641 0.171875 0.060547 0.167969
0 0.921875 0.173828 0.921875 0.177734 0.917969 0.177734 0.916016 0.175781 0.919922 0.171875
0 0.224609 0.183594 0.224609 0.187500 0.220703 0.187500 0.218750 0.185547 0.222656 0.181641
0 0.521484 0.203125 0.521484 0.207031 0.517578 0.207031 0.515625 0.205078 0.519531 0.201172
0 0.878906 0.205078 0.878906 0.208984 0.875000 0.208984 0.873047 0.207031 0.876953 0.203125
0 0.531250 0.208984 0.531250 0.212891 0.527344 0.212891 0.525391 0.210938 0.529297 0.207031
0 0.998047 0.212891 0.998047 0.218750 0.996094 0.218750 0.994141 0.216797
0 0.519531 0.216797 0.519531 0.220703 0.515625 0.220703 0.513672 0.218750 0.517578 0.214844
0 0.792969 0.232422 0.792969 0.236328 0.789062 0.236328 0.787109 0.234375 0.791016 0.230469
0 0.082031 0.234375 0.082031 0.238281 0.078125 0.238281 0.076172 0.236328 0.080078 0.232422
0 0.091797 0.238281 0.091797 0.242188 0.087891 0.242188 0.085938 0.240234 0.089844 0.236328
0 0.078125 0.246094 0.078125 0.250000 0.074219 0.250000 0.072266 0.248047 0.076172 0.244141
0 0.070312 0.253906 0.070312 0.257812 0.066406 0.257812 0.064453 0.255859 0.068359 0.251953
0 0.470703 0.257812 0.470703 0.261719 0.466797 0.261719 0.464844 0.259766 0.468750 0.255859
0 0.447266 0.269531 0.447266 0.273438 0.443359 0.273438 0.441406 0.271484 0.445312 0.267578
0 0.046875 0.275391 0.046875 0.279297 0.042969 0.279297 0.041016 0.277344 0.044922 0.273438
0 0.419922 0.275391 0.419922 0.279297 0.416016 0.279297 0.414062 0.277344 0.417969 0.273438
0 0.392578 0.277344 0.392578 0.281250 0.388672 0.281250 0.386719 0.279297 0.390625 0.275391
0 0.218750 0.279297 0.218750 0.283203 0.214844 0.283203 0.212891 0.281250 0.216797 0.277344
0 0.107422 0.292969 0.107422 0.296875 0.103516 0.296875 0.101562 0.294922 0.105469 0.291016
0 0.994141 0.292969 0.994141 0.296875 0.990234 0.296875 0.988281 0.294922 0.992188 0.291016
0 0.044922 0.294922 0.044922 0.298828 0.041016 0.298828 0.039062 0.296875 0.042969 0.292969
0 0.408203 0.304688 0.408203 0.308594 0.404297 0.308594 0.402344 0.306641 0.406250 0.302734
0 0.433594 0.310547 0.433594 0.314453 0.429688 0.314453 0.427734 0.312500 0.431641 0.308594
0 0.306641 0.314453 0.306641 0.318359 0.302734 0.318359 0.300781 0.316406 0.304688 0.312500
0 0.314453 0.320312 0.314453 0.324219 0.310547 0.324219 0.308594 0.322266 0.312500 0.318359
0 0.572266 0.320312 0.572266 0.324219 0.568359 0.324219 0.566406 0.322266 0.570312 0.318359
0 0.203125 0.326172 0.203125 0.330078 0.199219 0.330078 0.197266 0.328125 0.201172 0.324219
0 0.726562 0.328125 0.726562 0.332031 0.722656 0.332031 0.720703 0.330078 0.724609 0.326172
0 0.453125 0.332031 0.453125 0.335938 0.449219 0.335938 0.447266 0.333984 0.451172 0.330078
0 0.859375 0.339844 0.859375 0.343750 0.855469 0.343750 0.853516 0.341797 0.857422 0.337891
0 0.500000 0.345703 0.500000 0.349609 0.496094 0.349609 0.494141 0.347656 0.498047 0.343750
0 0.531250 0.351562 0.531250 0.355469 0.527344 0.355469 0.525391 0.353516 0.529297 0.349609
0 0.357422 0.355469 0.357422 0.359375 0.353516 0.359375 0.351562 0.357422 0.355469 0.353516
0 0.314453 0.357422 0.314453 0.361328 0.310547 0.361328 0.308594 0.359375 0.312500 0.355469
0 0.324219 0.357422 0.324219 0.361328 0.320312 0.361328 0.318359 0.359375 0.322266 0.355469
0 0.410156 0.369141 0.410156 0.373047 0.406250 0.373047 0.404297 0.371094 0.408203 0.367188
0 0.626953 0.371094 0.626953 0.375000 0.623047 0.375000 0.621094 0.373047 0.625000 0.369141
0 0.158203 0.373047 0.158203 0.376953 0.154297 0.376953 0.152344 0.375000 0.156250 0.371094
0 0.167969 0.376953 0.167969 0.380859 0.164062 0.380859 0.162109 0.378906 0.166016 0.375000
0 0.296875 0.376953 0.296875 0.380859 0.292969 0.380859 0.291016 0.378906 0.294922 0.375000
0 0.412109 0.378906 0.412109 0.382812 0.408203 0.382812 0.406250 0.380859 0.410156 0.376953
0 0.314453 0.380859 0.314453 0.384766 0.310547 0.384766 0.308594 0.382812 0.312500 0.378906
0 0.488281 0.386719 0.488281 0.390625 0.484375 0.390625 0.482422 0.388672 0.486328 0.384766
0 0.533203 0.386719 0.533203 0.390625 0.529297 0.390625 0.527344 0.388672 0.531250 0.384766
0 0.158203 0.388672 0.158203 0.392578 0.154297 0.392578 0.152344 0.390625 0.156250 0.386719
0 0.220703 0.388672 0.220703 0.392578 0.216797 0.392578 0.214844 0.390625 0.218750 0.386719
0 0.244141 0.388672 0.244141 0.392578 0.240234 0.392578 0.238281 0.390625 0.242188 0.386719
0 0.281250 0.388672 0.281250 0.392578 0.277344 0.392578 0.275391 0.390625 0.279297 0.386719
0 0.675781 0.388672 0.675781 0.392578 0.671875 0.392578 0.669922 0.390625 0.673828 0.386719
0 0.640625 0.394531 0.640625 0.398438 0.636719 0.398438 0.634766 0.396484 0.638672 0.392578
0 0.072266 0.396484 0.072266 0.400391 0.068359 0.400391 0.066406 0.398438 0.070312 0.394531
0 0.607422 0.398438 0.607422 0.402344 0.603516 0.402344 0.601562 0.400391 0.605469 0.396484
0 0.335938 0.400391 0.335938 0.404297 0.332031 0.404297 0.330078 0.402344 0.333984 0.398438
0 0.437500 0.400391 0.437500 0.404297 0.433594 0.404297 0.431641 0.402344 0.435547 0.398438
0 0.542969 0.402344 0.542969 0.406250 0.539062 0.406250 0.537109 0.404297 0.541016 0.400391
0 0.199219 0.404297 0.199219 0.408203 0.195312 0.408203 0.193359 0.406250 0.197266 0.402344
0 0.890625 0.408203 0.890625 0.412109 0.886719 0.412109 0.884766 0.410156 0.888672 0.406250
0 0.589844 0.412109 0.589844 0.416016 0.585938 0.416016 0.583984 0.414062 0.587891 0.410156
0 0.427734 0.414062 0.427734 0.417969 0.423828 0.417969 0.421875 0.416016 0.425781 0.412109
0 0.208984 0.419922 0.208984 0.423828 0.205078 0.423828 0.203125 0.421875 0.207031 0.417969
0 0.302734 0.419922 0.302734 0.423828 0.298828 0.423828 0.296875 0.421875 0.300781 0.417969
0 0.220703 0.421875 0.220703 0.425781 0.216797 0.425781 0.214844 0.423828 0.218750 0.419922
0 0.628906 0.421875 0.628906 0.425781 0.625000 0.425781 0.623047 0.423828 0.626953 0.419922
0 0.214844 0.423828 0.214844 0.427734 0.210938 0.427734 0.208984 0.425781 0.212891 0.421875
0 0.455078 0.431641 0.455078 0.435547 0.451172 0.435547 0.449219 0.433594 0.453125 0.429688
0 0.285156 0.433594 0.285156 0.437500 0.281250 0.437500 0.279297 0.435547 0.283203 0.431641
0 0.423828 0.435547 0.423828 0.439453 0.419922 0.439453 0.417969 0.437500 0.421875 0.433594
0 0.599609 0.441406 0.597656 0.441406 0.595703 0.443359 0.591797 0.443359 0.589844 0.441406 0.589844 0.435547 0.591797 0.433594 0.595703 0.433594 0.597656 0.435547 0.599609 0.435547
0 0.484375 0.443359 0.484375 0.447266 0.480469 0.447266 0.478516 0.445312 0.482422 0.441406
0 0.736328 0.443359 0.736328 0.447266 0.732422 0.447266 0.730469 0.445312 0.734375 0.441406
0 0.259766 0.445312 0.259766 0.449219 0.255859 0.449219 0.253906 0.447266 0.257812 0.443359
0 0.710938 0.453125 0.710938 0.457031 0.707031 0.457031 0.705078 0.455078 0.708984 0.451172
0 0.658203 0.464844 0.658203 0.468750 0.654297 0.468750 0.652344 0.466797 0.656250 0.462891
0 0.955078 0.466797 0.955078 0.470703 0.951172 0.470703 0.949219 0.468750 0.953125 0.464844
0 0.769531 0.482422 0.769531 0.486328 0.765625 0.486328 0.763672 0.484375 0.767578 0.480469
0 0.501953 0.484375 0.501953 0.488281 0.498047 0.488281 0.496094 0.486328 0.500000 0.482422
0 0.740234 0.490234 0.740234 0.494141 0.736328 0.494141 0.734375 0.492188 0.738281 0.488281
0 0.482422 0.494141 0.482422 0.498047 0.478516 0.498047 0.476562 0.496094 0.480469 0.492188
0 0.539062 0.494141 0.539062 0.498047 0.535156 0.498047 0.533203 0.496094 0.537109 0.492188
0 0.375000 0.498047 0.375000 0.501953 0.371094 0.501953 0.369141 0.500000 0.373047 0.496094
0 0.998047 0.503906 0.998047 0.509766 0.996094 0.509766 0.994141 0.507812
0 0.523438 0.511719 0.523438 0.515625 0.519531 0.515625 0.517578 0.513672 0.521484 0.509766
0 0.660156 0.513672 0.660156 0.517578 0.656250 0.517578 0.654297 0.515625 0.658203 0.511719
0 0.783203 0.513672 0.783203 0.517578 0.779297 0.517578 0.777344 0.515625 0.781250 0.511719
0 0.406250 0.515625 0.406250 0.519531 0.402344 0.519531 0.400391 0.517578 0.404297 0.513672
0 0.890625 0.515625 0.890625 0.519531 0.886719 0.519531 0.884766 0.517578 0.888672 0.513672
0 0.564453 0.527344 0.564453 0.531250 0.560547 0.531250 0.558594 0.529297 0.562500 0.525391
0 0.486328 0.529297 0.486328 0.533203 0.482422 0.533203 0.480469 0.531250 0.484375 0.527344
0 0.376953 0.535156 0.376953 0.539062 0.373047 0.539062 0.371094 0.537109 0.375000 0.533203
0 0.539062 0.535156 0.539062 0.539062 0.535156 0.539062 0.533203 0.537109 0.537109 0.533203
0 0.689453 0.535156 0.689453 0.539062 0.685547 0.539062 0.683594 0.537109 0.687500 0.533203
0 0.751953 0.535156 0.751953 0.539062 0.748047 0.539062 0.746094 0.537109 0.750000 0.533203
0 0.986328 0.542969 0.984375 0.542969 0.982422 0.544922 0.978516 0.544922 0.976562 0.542969 0.976562 0.537109 0.978516 0.535156 0.982422 0.535156 0.984375 0.537109 0.986328 0.537109
0 0.763672 0.541016 0.763672 0.544922 0.759766 0.544922 0.757812 0.542969 0.761719 0.539062
0 0.689453 0.544922 0.687500 0.546875 0.687500 0.548828 0.685547 0.550781 0.679688 0.550781 0.677734 0.548828 0.677734 0.546875 0.675781 0.544922 0.675781 0.542969 0.677734 0.541016 0.677734 0.539062 0.679688 0.537109 0.685547 0.537109 0.687500 0.539062 0.687500 0.541016 0.689453 0.542969
0 0.373047 0.544922 0.373047 0.548828 0.369141 0.548828 0.367188 0.546875 0.371094 0.542969
0 0.726562 0.546875 0.726562 0.550781 0.722656 0.550781 0.720703 0.548828 0.724609 0.544922
0 0.437500 0.550781 0.437500 0.554688 0.433594 0.554688 0.431641 0.552734 0.435547 0.548828
0 0.005859 0.562500 0.001953 0.562500 0.000000 0.560547 0.000000 0.558594 0.001953 0.556641 0.005859 0.558594
0 0.541016 0.558594 0.541016 0.562500 0.537109 0.562500 0.535156 0.560547 0.539062 0.556641
0 0.972656 0.558594 0.972656 0.562500 0.968750 0.562500 0.966797 0.560547 0.970703 0.556641
0 0.736328 0.560547 0.736328 0.564453 0.732422 0.564453 0.730469 0.562500 0.734375 0.558594
0 0.546875 0.574219 0.546875 0.578125 0.542969 0.578125 0.541016 0.576172 0.544922 0.572266
0 0.765625 0.574219 0.765625 0.578125 0.761719 0.578125 0.759766 0.576172 0.763672 0.572266
0 0.638672 0.576172 0.638672 0.580078 0.634766 0.580078 0.632812 0.578125 0.636719 0.574219
0 0.406250 0.578125 0.406250 0.582031 0.402344 0.582031 0.400391 0.580078 0.404297 0.576172
0 0.394531 0.580078 0.394531 0.583984 0.390625 0.583984 0.388672 0.582031 0.392578 0.578125
0 0.355469 0.582031 0.355469 0.585938 0.351562 0.585938 0.349609 0.583984 0.353516 0.580078
0 0.568359 0.582031 0.568359 0.585938 0.564453 0.585938 0.562500 0.583984 0.566406 0.580078
0 0.705078 0.582031 0.705078 0.585938 0.701172 0.585938 0.699219 0.583984 0.703125 0.580078
0 0.626953 0.589844 0.626953 0.593750 0.623047 0.593750 0.621094 0.591797 0.625000 0.587891
0 0.390625 0.591797 0.390625 0.595703 0.386719 0.595703 0.384766 0.593750 0.388672 0.589844
0 0.546875 0.591797 0.546875 0.595703 0.542969 0.595703 0.541016 0.593750 0.544922 0.589844
0 0.699219 0.593750 0.699219 0.597656 0.695312 0.597656 0.693359 0.595703 0.697266 0.591797
0 0.453125 0.597656 0.453125 0.601562 0.449219 0.601562 0.447266 0.599609 0.451172 0.595703
0 0.468750 0.597656 0.468750 0.601562 0.464844 0.601562 0.462891 0.599609 0.466797 0.595703
0 0.546875 0.599609 0.546875 0.603516 0.542969 0.603516 0.541016 0.601562 0.544922 0.597656
0 0.718750 0.601562 0.718750 0.605469 0.714844 0.605469 0.712891 0.603516 0.716797 0.599609
0 0.750000 0.601562 0.750000 0.605469 0.746094 0.605469 0.744141 0.603516 0.748047 0.599609
0 0.564453 0.605469 0.564453 0.609375 0.560547 0.609375 0.558594 0.607422 0.562500 0.603516
0 0.595703 0.605469 0.595703 0.609375 0.591797 0.609375 0.589844 0.607422 0.593750 0.603516
0 0.406250 0.609375 0.406250 0.613281 0.402344 0.613281 0.400391 0.611328 0.404297 0.607422
0 0.544922 0.621094 0.544922 0.625000 0.541016 0.625000 0.539062 0.623047 0.542969 0.619141
0 0.445312 0.623047 0.445312 0.626953 0.441406 0.626953 0.439453 0.625000 0.443359 0.621094
0 0.455078 0.623047 0.455078 0.626953 0.451172 0.626953 0.449219 0.625000 0.453125 0.621094
0 0.552734 0.623047 0.552734 0.626953 0.548828 0.626953 0.546875 0.625000 0.550781 0.621094
0 0.968750 0.625000 0.968750 0.628906 0.964844 0.628906 0.962891 0.626953 0.966797 0.623047
0 0.466797 0.626953 0.466797 0.630859 0.462891 0.630859 0.460938 0.628906 0.464844 0.625000
0 0.484375 0.628906 0.484375 0.632812 0.480469 0.632812 0.478516 0.630859 0.482422 0.626953
0 0.548828 0.630859 0.548828 0.634766 0.544922 0.634766 0.542969 0.632812 0.546875 0.628906
0 0.656250 0.630859 0.656250 0.634766 0.652344 0.634766 0.650391 0.632812 0.654297 0.628906
0 0.048828 0.636719 0.048828 0.640625 0.044922 0.640625 0.042969 0.638672 0.046875 0.634766
0 0.478516 0.636719 0.478516 0.640625 0.474609 0.640625 0.472656 0.638672 0.476562 0.634766
0 0.759766 0.636719 0.759766 0.640625 0.755859 0.640625 0.753906 0.638672 0.757812 0.634766
0 0.738281 0.638672 0.738281 0.642578 0.734375 0.642578 0.732422 0.640625 0.736328 0.636719
0 0.390625 0.648438 0.390625 0.652344 0.386719 0.652344 0.384766 0.650391 0.388672 0.646484
0 0.539062 0.650391 0.539062 0.654297 0.535156 0.654297 0.533203 0.652344 0.537109 0.648438
0 0.544922 0.652344 0.544922 0.656250 0.541016 0.656250 0.539062 0.654297 0.542969 0.650391
0 0.593750 0.652344 0.593750 0.656250 0.589844 0.656250 0.587891 0.654297 0.591797 0.650391
0 0.632812 0.652344 0.632812 0.656250 0.628906 0.656250 0.626953 0.654297 0.630859 0.650391
0 0.617188 0.654297 0.617188 0.658203 0.613281 0.658203 0.611328 0.656250 0.615234 0.652344
0 0.828125 0.654297 0.828125 0.658203 0.824219 0.658203 0.822266 0.656250 0.826172 0.652344
0 0.609375 0.656250 0.609375 0.660156 0.605469 0.660156 0.603516 0.658203 0.607422 0.654297
0 0.562500 0.660156 0.562500 0.664062 0.558594 0.664062 0.556641 0.662109 0.560547 0.658203
0 0.626953 0.666016 0.626953 0.669922 0.623047 0.669922 0.621094 0.667969 0.625000 0.664062
0 0.373047 0.667969 0.373047 0.671875 0.369141 0.671875 0.367188 0.669922 0.371094 0.666016
0 0.396484 0.669922 0.396484 0.673828 0.392578 0.673828 0.390625 0.671875 0.394531 0.667969
0 0.449219 0.669922 0.449219 0.673828 0.445312 0.673828 0.443359 0.671875 0.447266 0.667969
0 0.705078 0.669922 0.705078 0.673828 0.701172 0.673828 0.699219 0.671875 0.703125 0.667969
0 0.369141 0.675781 0.369141 0.679688 0.365234 0.679688 0.363281 0.677734 0.367188 0.673828
0 0.552734 0.681641 0.552734 0.685547 0.548828 0.685547 0.546875 0.683594 0.550781 0.679688
0 0.375000 0.699219 0.375000 0.703125 0.371094 0.703125 0.369141 0.701172 0.373047 0.697266
0 0.580078 0.699219 0.580078 0.703125 0.576172 0.703125 0.574219 0.701172 0.578125 0.697266
0 0.593750 0.699219 0.593750 0.703125 0.589844 0.703125 0.587891 0.701172 0.591797 0.697266
0 0.683594 0.699219 0.683594 0.703125 0.679688 0.703125 0.677734 0.701172 0.681641 0.697266
0 0.699219 0.699219 0.699219 0.703125 0.695312 0.703125 0.693359 0.701172 0.697266 0.697266
0 0.501953 0.701172 0.501953 0.705078 0.498047 0.705078 0.496094 0.703125 0.500000 0.699219
0 0.507812 0.701172 0.507812 0.705078 0.503906 0.705078 0.501953 0.703125 0.505859 0.699219
0 0.890625 0.705078 0.890625 0.708984 0.886719 0.708984 0.884766 0.707031 0.888672 0.703125
0 0.603516 0.707031 0.603516 0.710938 0.599609 0.710938 0.597656 0.708984 0.601562 0.705078
0 0.503906 0.708984 0.503906 0.712891 0.500000 0.712891 0.498047 0.710938 0.501953 0.707031
0 0.470703 0.710938 0.470703 0.714844 0.466797 0.714844 0.464844 0.712891 0.468750 0.708984
0 0.724609 0.710938 0.724609 0.714844 0.720703 0.714844 0.718750 0.712891 0.722656 0.708984
0 0.750000 0.710938 0.750000 0.714844 0.746094 0.714844 0.744141 0.712891 0.748047 0.708984
0 0.347656 0.716797 0.347656 0.720703 0.343750 0.720703 0.341797 0.718750 0.345703 0.714844
0 0.830078 0.722656 0.828125 0.722656 0.826172 0.724609 0.822266 0.724609 0.820312 0.722656 0.820312 0.716797 0.822266 0.714844 0.826172 0.714844 0.828125 0.716797 0.830078 0.716797
0 0.445312 0.724609 0.445312 0.728516 0.441406 0.728516 0.439453 0.726562 0.443359 0.722656
0 0.687500 0.726562 0.687500 0.730469 0.683594 0.730469 0.681641 0.728516 0.685547 0.724609
0 0.548828 0.728516 0.548828 0.732422 0.544922 0.732422 0.542969 0.730469 0.546875 0.726562
0 0.384766 0.730469 0.384766 0.734375 0.380859 0.734375 0.378906 0.732422 0.382812 0.728516
0 0.593750 0.730469 0.593750 0.734375 0.589844 0.734375 0.587891 0.732422 0.591797 0.728516
0 0.607422 0.730469 0.607422 0.734375 0.603516 0.734375 0.601562 0.732422 0.605469 0.728516
0 0.742188 0.730469 0.742188 0.734375 0.738281 0.734375 0.736328 0.732422 0.740234 0.728516
0 0.826172 0.730469 0.826172 0.734375 0.822266 0.734375 0.820312 0.732422 0.824219 0.728516
0 0.960938 0.734375 0.960938 0.738281 0.957031 0.738281 0.955078 0.736328 0.958984 0.732422
0 0.687500 0.736328 0.687500 0.740234 0.683594 0.740234 0.681641 0.738281 0.685547 0.734375
0 0.412109 0.738281 0.412109 0.742188 0.408203 0.742188 0.406250 0.740234 0.410156 0.736328
0 0.546875 0.738281 0.546875 0.742188 0.542969 0.742188 0.541016 0.740234 0.544922 0.736328
0 0.798828 0.742188 0.798828 0.746094 0.794922 0.746094 0.792969 0.744141 0.796875 0.740234
0 0.533203 0.744141 0.533203 0.748047 0.529297 0.748047 0.527344 0.746094 0.531250 0.742188
0 0.728516 0.746094 0.728516 0.750000 0.724609 0.750000 0.722656 0.748047 0.726562 0.744141
0 0.812500 0.746094 0.812500 0.750000 0.808594 0.750000 0.806641 0.748047 0.810547 0.744141
0 0.775391 0.748047 0.775391 0.751953 0.771484 0.751953 0.769531 0.750000 0.773438 0.746094
0 0.099609 0.751953 0.099609 0.755859 0.095703 0.755859 0.093750 0.753906 0.097656 0.750000
0 0.751953 0.751953 0.751953 0.755859 0.748047 0.755859 0.746094 0.753906 0.750000 0.750000
0 0.398438 0.753906 0.398438 0.757812 0.394531 0.757812 0.392578 0.755859 0.396484 0.751953
0 0.630859 0.753906 0.630859 0.757812 0.626953 0.757812 0.625000 0.755859 0.628906 0.751953
0 0.095703 0.761719 0.095703 0.765625 0.091797 0.765625 0.089844 0.763672 0.093750 0.759766
0 0.607422 0.761719 0.607422 0.765625 0.603516 0.765625 0.601562 0.763672 0.605469 0.759766
0 0.701172 0.761719 0.701172 0.765625 0.697266 0.765625 0.695312 0.763672 0.699219 0.759766
0 0.509766 0.763672 0.509766 0.767578 0.505859 0.767578 0.503906 0.765625 0.507812 0.761719
0 0.806641 0.763672 0.806641 0.767578 0.802734 0.767578 0.800781 0.765625 0.804688 0.761719
0 0.447266 0.767578 0.447266 0.771484 0.443359 0.771484 0.441406 0.769531 0.445312 0.765625
0 0.689453 0.767578 0.689453 0.771484 0.685547 0.771484 0.683594 0.769531 0.687500 0.765625
0 0.734375 0.767578 0.734375 0.771484 0.730469 0.771484 0.728516 0.769531 0.732422 0.765625
0 0.923828 0.771484 0.921875 0.771484 0.919922 0.773438 0.916016 0.773438 0.914062 0.771484 0.914062 0.765625 0.916016 0.763672 0.919922 0.763672 0.921875 0.765625 0.923828 0.765625
0 0.414062 0.775391 0.414062 0.779297 0.410156 0.779297 0.408203 0.777344 0.412109 0.773438
0 0.486328 0.777344 0.486328 0.781250 0.482422 0.781250 0.480469 0.779297 0.484375 0.775391
0 0.371094 0.779297 0.371094 0.783203 0.367188 0.783203 0.365234 0.781250 0.369141 0.777344
0 0.640625 0.783203 0.638672 0.783203 0.636719 0.785156 0.632812 0.785156 0.630859 0.783203 0.630859 0.777344 0.632812 0.775391 0.636719 0.775391 0.638672 0.777344 0.640625 0.777344
0 0.175781 0.783203 0.175781 0.787109 0.171875 0.787109 0.169922 0.785156 0.173828 0.781250
0 0.734375 0.787109 0.734375 0.791016 0.730469 0.791016 0.728516 0.789062 0.732422 0.785156
0 0.601562 0.792969 0.601562 0.796875 0.597656 0.796875 0.595703 0.794922 0.599609 0.791016
0 0.636719 0.792969 0.636719 0.796875 0.632812 0.796875 0.630859 0.794922 0.634766 0.791016
0 0.322266 0.794922 0.322266 0.798828 0.318359 0.798828 0.316406 0.796875 0.320312 0.792969
0 0.478516 0.794922 0.478516 0.798828 0.474609 0.798828 0.472656 0.796875 0.476562 0.792969
0 0.925781 0.798828 0.923828 0.798828 0.921875 0.800781 0.917969 0.800781 0.916016 0.798828 0.916016 0.792969 0.917969 0.791016 0.921875 0.791016 0.923828 0.792969 0.925781 0.792969
0 0.500000 0.800781 0.498047 0.800781 0.496094 0.802734 0.492188 0.802734 0.490234 0.800781 0.490234 0.794922 0.492188 0.792969 0.496094 0.792969 0.498047 0.794922 0.500000 0.794922
0 0.533203 0.798828 0.533203 0.802734 0.529297 0.802734 0.527344 0.800781 0.531250 0.796875
0 0.591797 0.808594 0.591797 0.812500 0.587891 0.812500 0.585938 0.810547 0.589844 0.806641
0 0.304688 0.810547 0.304688 0.814453 0.300781 0.814453 0.298828 0.812500 0.302734 0.808594
0 0.542969 0.810547 0.542969 0.814453 0.539062 0.814453 0.537109 0.812500 0.541016 0.808594
0 0.689453 0.810547 0.689453 0.814453 0.685547 0.814453 0.683594 0.812500 0.687500 0.808594
0 0.394531 0.814453 0.394531 0.818359 0.390625 0.818359 0.388672 0.816406 0.392578 0.812500
0 0.699219 0.816406 0.699219 0.820312 0.695312 0.820312 0.693359 0.818359 0.697266 0.814453
0 0.669922 0.820312 0.669922 0.824219 0.666016 0.824219 0.664062 0.822266 0.667969 0.818359
0 0.863281 0.820312 0.863281 0.824219 0.859375 0.824219 0.857422 0.822266 0.861328 0.818359
0 0.376953 0.824219 0.376953 0.828125 0.373047 0.828125 0.371094 0.826172 0.375000 0.822266
0 0.470703 0.824219 0.470703 0.828125 0.466797 0.828125 0.464844 0.826172 0.468750 0.822266
0 0.875000 0.824219 0.875000 0.828125 0.871094 0.828125 0.869141 0.826172 0.873047 0.822266
0 0.847656 0.826172 0.847656 0.830078 0.843750 0.830078 0.841797 0.828125 0.845703 0.824219
0 0.560547 0.828125 0.560547 0.832031 0.556641 0.832031 0.554688 0.830078 0.558594 0.826172
0 0.466797 0.830078 0.466797 0.833984 0.462891 0.833984 0.460938 0.832031 0.464844 0.828125
0 0.806641 0.833984 0.804688 0.833984 0.802734 0.835938 0.798828 0.835938 0.796875 0.833984 0.796875 0.828125 0.798828 0.826172 0.802734 0.826172 0.804688 0.828125 0.806641 0.828125
0 0.392578 0.832031 0.392578 0.835938 0.388672 0.835938 0.386719 0.833984 0.390625 0.830078
0 0.892578 0.837891 0.892578 0.841797 0.888672 0.841797 0.886719 0.839844 0.890625 0.835938
0 0.183594 0.839844 0.183594 0.843750 0.179688 0.843750 0.177734 0.841797 0.181641 0.837891
0 0.328125 0.839844 0.328125 0.843750 0.324219 0.843750 0.322266 0.841797 0.326172 0.837891
0 0.466797 0.839844 0.466797 0.843750 0.462891 0.843750 0.460938 0.841797 0.464844 0.837891
0 0.718750 0.839844 0.718750 0.843750 0.714844 0.843750 0.712891 0.841797 0.716797 0.837891
0 0.818359 0.839844 0.818359 0.843750 0.814453 0.843750 0.812500 0.841797 0.816406 0.837891
0 0.583984 0.845703 0.583984 0.849609 0.580078 0.849609 0.578125 0.847656 0.582031 0.843750
0 0.863281 0.845703 0.863281 0.849609 0.859375 0.849609 0.857422 0.847656 0.861328 0.843750
0 0.689453 0.847656 0.689453 0.851562 0.685547 0.851562 0.683594 0.849609 0.687500 0.845703
0 0.783203 0.847656 0.783203 0.851562 0.779297 0.851562 0.777344 0.849609 0.781250 0.845703
0 0.859375 0.855469 0.859375 0.859375 0.855469 0.859375 0.853516 0.857422 0.857422 0.853516
0 0.343750 0.857422 0.343750 0.861328 0.339844 0.861328 0.337891 0.859375 0.341797 0.855469
0 0.642578 0.857422 0.642578 0.861328 0.638672 0.861328 0.636719 0.859375 0.640625 0.855469
0 0.951172 0.859375 0.951172 0.863281 0.947266 0.863281 0.945312 0.861328 0.949219 0.857422
0 0.376953 0.861328 0.376953 0.865234 0.373047 0.865234 0.371094 0.863281 0.375000 0.859375
0 0.650391 0.861328 0.650391 0.865234 0.646484 0.865234 0.644531 0.863281 0.648438 0.859375
0 0.597656 0.871094 0.597656 0.875000 0.593750 0.875000 0.591797 0.873047 0.595703 0.869141
0 0.509766 0.873047 0.509766 0.876953 0.505859 0.876953 0.503906 0.875000 0.507812 0.871094
0 0.578125 0.873047 0.578125 0.876953 0.574219 0.876953 0.572266 0.875000 0.576172 0.871094
0 0.687500 0.873047 0.687500 0.876953 0.683594 0.876953 0.681641 0.875000 0.685547 0.871094
0 0.753906 0.878906 0.753906 0.882812 0.750000 0.882812 0.748047 0.880859 0.751953 0.876953
0 0.953125 0.878906 0.953125 0.882812 0.949219 0.882812 0.947266 0.880859 0.951172 0.876953
0 0.892578 0.880859 0.892578 0.884766 0.888672 0.884766 0.886719 0.882812 0.890625 0.878906
0 0.640625 0.886719 0.640625 0.890625 0.636719 0.890625 0.634766 0.888672 0.638672 0.884766
0 0.509766 0.888672 0.509766 0.892578 0.505859 0.892578 0.503906 0.890625 0.507812 0.886719
0 0.660156 0.888672 0.660156 0.892578 0.656250 0.892578 0.654297 0.890625 0.658203 0.886719
0 0.861328 0.888672 0.861328 0.892578 0.857422 0.892578 0.855469 0.890625 0.859375 0.886719
0 0.238281 0.902344 0.238281 0.906250 0.234375 0.906250 0.232422 0.904297 0.236328 0.900391
0 0.267578 0.902344 0.267578 0.906250 0.263672 0.906250 0.261719 0.904297 0.265625 0.900391
0 0.955078 0.908203 0.955078 0.912109 0.951172 0.912109 0.949219 0.910156 0.953125 0.906250
0 0.998047 0.908203 0.998047 0.912109 0.994141 0.912109 0.992188 0.910156 0.996094 0.906250
0 0.500000 0.910156 0.500000 0.914062 0.496094 0.914062 0.494141 0.912109 0.498047 0.908203
0 0.742188 0.916016 0.740234 0.917969 0.740234 0.919922 0.738281 0.921875 0.732422 0.921875 0.730469 0.919922 0.730469 0.917969 0.728516 0.916016 0.728516 0.914062 0.730469 0.912109 0.730469 0.910156 0.732422 0.908203 0.738281 0.908203 0.740234 0.910156 0.740234 0.912109 0.742188 0.914062
0 0.314453 0.916016 0.314453 0.919922 0.310547 0.919922 0.308594 0.917969 0.312500 0.914062
0 0.705078 0.916016 0.705078 0.919922 0.701172 0.919922 0.699219 0.917969 0.703125 0.914062
0 0.548828 0.917969 0.548828 0.921875 0.544922 0.921875 0.542969 0.919922 0.546875 0.916016
0 0.621094 0.919922 0.621094 0.923828 0.617188 0.923828 0.615234 0.921875 0.619141 0.917969
0 0.892578 0.919922 0.892578 0.923828 0.888672 0.923828 0.886719 0.921875 0.890625 0.917969
0 0.320312 0.923828 0.320312 0.927734 0.316406 0.927734 0.314453 0.925781 0.318359 0.921875
0 0.330078 0.923828 0.330078 0.927734 0.326172 0.927734 0.324219 0.925781 0.328125 0.921875
0 0.500000 0.925781 0.500000 0.929688 0.496094 0.929688 0.494141 0.927734 0.498047 0.923828
0 0.619141 0.935547 0.619141 0.939453 0.615234 0.939453 0.613281 0.937500 0.617188 0.933594
0 0.408203 0.949219 0.408203 0.953125 0.404297 0.953125 0.402344 0.951172 0.406250 0.947266
0 0.628906 0.949219 0.628906 0.953125 0.625000 0.953125 0.623047 0.951172 0.626953 0.947266
0 0.542969 0.951172 0.542969 0.955078 0.539062 0.955078 0.537109 0.953125 0.541016 0.949219
0 0.640625 0.951172 0.640625 0.955078 0.636719 0.955078 0.634766 0.953125 0.638672 0.949219
0 0.548828 0.953125 0.548828 0.957031 0.544922 0.957031 0.542969 0.955078 0.546875 0.951172
0 0.822266 0.955078 0.822266 0.958984 0.818359 0.958984 0.816406 0.957031 0.820312 0.953125
0 0.429688 0.957031 0.429688 0.960938 0.425781 0.960938 0.423828 0.958984 0.427734 0.955078
0 0.542969 0.958984 0.542969 0.962891 0.539062 0.962891 0.537109 0.960938 0.541016 0.957031
0 0.423828 0.960938 0.423828 0.964844 0.419922 0.964844 0.417969 0.962891 0.421875 0.958984
0 0.433594 0.964844 0.433594 0.968750 0.429688 0.968750 0.427734 0.966797 0.431641 0.962891
0 0.548828 0.964844 0.548828 0.968750 0.544922 0.968750 0.542969 0.966797 0.546875 0.962891
0 0.878906 0.966797 0.878906 0.970703 0.875000 0.970703 0.873047 0.968750 0.876953 0.964844
0 0.445312 0.968750 0.445312 0.972656 0.441406 0.972656 0.439453 0.970703 0.443359 0.966797
0 0.935547 0.974609 0.935547 0.978516 0.931641 0.978516 0.929688 0.976562 0.933594 0.972656
0 0.378906 0.980469 0.378906 0.984375 0.375000 0.984375 0.373047 0.982422 0.376953 0.978516
0 0.593750 0.982422 0.593750 0.986328 0.589844 0.986328 0.587891 0.984375 0.591797 0.980469
0 0.876953 0.982422 0.876953 0.986328 0.873047 0.986328 0.871094 0.984375 0.875000 0.980469
0 0.621094 0.984375 0.621094 0.988281 0.617188 0.988281 0.615234 0.986328 0.619141 0.982422
0 0.470703 0.990234 0.470703 0.994141 0.466797 0.994141 0.464844 0.992188 0.468750 0.988281
0 0.603516 0.990234 0.603516 0.994141 0.599609 0.994141 0.597656 0.992188 0.601562 0.988281
0 0.968750 0.990234 0.968750 0.994141 0.964844 0.994141 0.962891 0.992188 0.966797 0.988281
0 0.587891 0.998047 0.574219 0.998047 0.574219 0.996094 0.576172 0.994141 0.576172 0.992188 0.578125 0.990234 0.583984 0.990234 0.585938 0.992188 0.585938 0.994141 0.587891 0.996094
0 0.664062 0.996094 0.664062 0.998047 0.658203 0.998047 0.662109 0.994141
0 0.820312 0.996094 0.820312 0.998047 0.814453 0.998047 0.818359 0.994141
