0 0.173828 0.054688 0.171875 0.054688 0.169922 0.056641 0.167969 0.056641 0.167969 0.058594 0.166016 0.060547 0.166016 0.064453 0.167969 0.066406 0.169922 0.066406 0.171875 0.068359 0.177734 0.062500 0.175781 0.060547 0.175781 0.056641
0 0.113281 0.064453 0.111328 0.064453 0.109375 0.066406 0.107422 0.066406 0.105469 0.068359 0.105469 0.074219 0.107422 0.076172 0.113281 0.076172 0.117188 0.072266 0.117188 0.070312 0.115234 0.068359 0.115234 0.066406
0 0.156250 0.103516 0.152344 0.107422 0.154297 0.107422 0.156250 0.109375 0.158203 0.109375 0.160156 0.107422
0 0.251953 0.113281 0.250000 0.115234 0.250000 0.119141 0.251953 0.121094 0.255859 0.121094 0.257812 0.119141 0.257812 0.115234 0.255859 0.113281
0 0.208984 0.130859 0.207031 0.132812 0.207031 0.136719 0.208984 0.138672 0.212891 0.138672 0.214844 0.136719 0.214844 0.132812 0.212891 0.130859
0 0.294922 0.130859 0.294922 0.134766 0.296875 0.134766 0.296875 0.130859
0 0.330078 0.175781 0.328125 0.173828 0.326172 0.175781 0.326172 0.177734 0.330078 0.177734
0 0.738281 0.208984 0.734375 0.212891 0.734375 0.214844 0.738281 0.218750 0.744141 0.218750 0.746094 0.216797 0.746094 0.212891 0.744141 0.210938 0.744141 0.208984
0 0.263672 0.212891 0.263672 0.216797 0.265625 0.216797 0.265625 0.212891
0 0.873047 0.224609 0.871094 0.226562 0.873047 0.228516 0.875000 0.228516 0.875000 0.224609
0 0.238281 0.228516 0.236328 0.230469 0.238281 0.232422 0.240234 0.230469
0 0.251953 0.238281 0.255859 0.242188 0.261719 0.242188 0.265625 0.238281 0.265625 0.236328 0.267578 0.234375 0.269531 0.234375 0.265625 0.230469 0.255859 0.230469 0.253906 0.232422 0.253906 0.234375 0.251953 0.236328
0 0.789062 0.234375 0.787109 0.236328 0.789062 0.238281 0.791016 0.238281 0.792969 0.236328 0.791016 0.234375
0 0.681641 0.248047 0.679688 0.250000 0.679688 0.251953 0.681641 0.253906 0.683594 0.251953 0.683594 0.250000
0 0.539062 0.250000 0.537109 0.251953 0.537109 0.253906 0.539062 0.255859 0.541016 0.255859 0.542969 0.253906 0.542969 0.251953 0.541016 0.250000
0 0.283203 0.263672 0.283203 0.265625 0.285156 0.267578 0.285156 0.263672
0 0.292969 0.269531 0.292969 0.273438 0.294922 0.271484
1 0.359375 0.277344 0.357422 0.275391 0.355469 0.277344 0.351562 0.277344 0.351562 0.279297 0.359375 0.279297
0 0.550781 0.281250 0.548828 0.283203 0.550781 0.285156 0.552734 0.283203
0 0.955078 0.306641 0.953125 0.308594 0.953125 0.312500 0.955078 0.314453 0.957031 0.314453 0.958984 0.312500 0.958984 0.308594 0.957031 0.306641
0 0.957031 0.322266 0.955078 0.324219 0.957031 0.326172 0.958984 0.324219
0 0.482422 0.326172 0.480469 0.328125 0.480469 0.330078 0.482422 0.332031 0.486328 0.332031 0.488281 0.330078 0.488281 0.328125 0.486328 0.326172
0 0.609375 0.324219 0.607422 0.326172 0.607422 0.328125 0.605469 0.330078 0.605469 0.332031 0.609375 0.335938 0.613281 0.335938 0.615234 0.337891 0.619141 0.337891 0.619141 0.333984 0.617188 0.332031 0.617188 0.326172 0.615234 0.324219
0 0.867188 0.324219 0.865234 0.326172 0.867188 0.328125 0.869141 0.328125 0.871094 0.326172 0.869141 0.324219
0 0.310547 0.328125 0.310547 0.330078 0.312500 0.332031 0.314453 0.330078 0.312500 0.328125
0 0.224609 0.339844 0.222656 0.341797 0.224609 0.343750 0.226562 0.343750 0.226562 0.341797
0 0.304688 0.349609 0.302734 0.347656 0.300781 0.349609
0 0.589844 0.359375 0.589844 0.367188 0.597656 0.373047 0.601562 0.378906 0.607422 0.378906 0.619141 0.369141 0.621094 0.371094 0.626953 0.371094 0.632812 0.363281 0.628906 0.357422 0.626953 0.359375 0.625000 0.357422 0.617188 0.357422 0.603516 0.347656 0.599609 0.347656
0 0.269531 0.353516 0.267578 0.355469 0.267578 0.357422 0.269531 0.359375 0.269531 0.361328 0.271484 0.363281 0.273438 0.361328 0.273438 0.355469 0.271484 0.353516
0 0.289062 0.359375 0.287109 0.361328 0.289062 0.363281 0.291016 0.363281 0.292969 0.361328 0.291016 0.359375
0 0.566406 0.359375 0.564453 0.361328 0.564453 0.363281 0.566406 0.365234 0.570312 0.365234 0.572266 0.363281 0.570312 0.361328 0.570312 0.359375
0 0.757812 0.361328 0.755859 0.363281 0.755859 0.365234 0.757812 0.367188 0.759766 0.367188 0.761719 0.365234 0.761719 0.363281 0.759766 0.361328
0 0.226562 0.363281 0.224609 0.365234 0.224609 0.367188 0.226562 0.369141 0.228516 0.367188 0.228516 0.365234
0 0.310547 0.369141 0.308594 0.367188 0.306641 0.367188 0.304688 0.369141 0.304688 0.373047 0.308594 0.373047 0.310547 0.371094
1 0.302734 0.378906 0.302734 0.380859 0.298828 0.384766 0.298828 0.386719 0.300781 0.388672 0.304688 0.384766 0.302734 0.382812
0 0.308594 0.380859 0.308594 0.382812 0.312500 0.382812 0.310547 0.380859
0 0.955078 0.384766 0.955078 0.388672 0.958984 0.388672 0.960938 0.386719 0.958984 0.384766
0 0.324219 0.388672 0.324219 0.392578 0.326172 0.394531 0.330078 0.394531 0.330078 0.392578 0.332031 0.390625 0.330078 0.388672
1 0.296875 0.390625 0.296875 0.392578 0.294922 0.394531 0.294922 0.400391 0.296875 0.400391 0.298828 0.398438 0.298828 0.392578
0 0.398438 0.396484 0.396484 0.396484 0.394531 0.398438 0.396484 0.400391 0.398438 0.398438
0 0.347656 0.408203 0.345703 0.406250 0.345703 0.404297 0.343750 0.404297 0.341797 0.402344 0.339844 0.404297 0.337891 0.404297 0.335938 0.406250 0.332031 0.406250 0.330078 0.408203 0.330078 0.410156 0.332031 0.412109 0.335938 0.412109 0.337891 0.414062 0.339844 0.412109 0.341797 0.412109 0.345703 0.408203
1 0.367188 0.410156 0.363281 0.414062 0.363281 0.416016 0.367188 0.416016 0.375000 0.423828 0.375000 0.429688 0.373047 0.431641 0.373047 0.433594 0.375000 0.435547 0.376953 0.435547 0.376953 0.433594 0.380859 0.429688 0.382812 0.429688 0.384766 0.427734 0.380859 0.423828 0.380859 0.421875 0.375000 0.419922
1 0.785156 0.425781 0.785156 0.427734 0.789062 0.431641 0.791016 0.431641 0.796875 0.437500 0.796875 0.441406 0.798828 0.443359 0.800781 0.443359 0.802734 0.445312 0.806641 0.445312 0.810547 0.449219 0.812500 0.449219 0.818359 0.443359 0.820312 0.443359 0.820312 0.441406 0.816406 0.437500 0.816406 0.435547 0.812500 0.431641 0.808594 0.431641 0.806641 0.429688 0.804688 0.431641 0.792969 0.419922 0.791016 0.419922
0 0.898438 0.417969 0.896484 0.419922 0.896484 0.421875 0.898438 0.423828 0.900391 0.423828 0.902344 0.421875 0.902344 0.419922 0.900391 0.417969
0 0.308594 0.421875 0.306641 0.423828 0.308594 0.425781 0.310547 0.425781 0.312500 0.423828 0.310547 0.421875
0 0.443359 0.427734 0.441406 0.429688 0.443359 0.431641 0.445312 0.431641 0.447266 0.429688 0.445312 0.427734
0 0.568359 0.429688 0.566406 0.429688 0.560547 0.425781 0.556641 0.425781 0.550781 0.429688 0.550781 0.433594 0.548828 0.435547 0.548828 0.439453 0.552734 0.443359 0.560547 0.443359 0.562500 0.441406 0.564453 0.441406 0.568359 0.437500
0 0.369141 0.441406 0.365234 0.441406 0.363281 0.443359 0.363281 0.447266 0.365234 0.449219 0.367188 0.449219 0.371094 0.445312 0.371094 0.443359
0 0.744141 0.458984 0.740234 0.458984 0.740234 0.462891 0.742188 0.464844 0.744141 0.462891
0 0.818359 0.472656 0.816406 0.474609 0.816406 0.482422 0.818359 0.484375 0.824219 0.484375 0.826172 0.482422 0.826172 0.474609 0.824219 0.472656
0 0.339844 0.478516 0.339844 0.480469 0.341797 0.482422 0.347656 0.482422 0.347656 0.476562 0.341797 0.476562
0 0.535156 0.484375 0.535156 0.496094 0.533203 0.498047 0.535156 0.496094 0.537109 0.498047 0.537109 0.501953 0.544922 0.507812 0.556641 0.507812 0.564453 0.503906 0.570312 0.494141 0.568359 0.482422 0.562500 0.478516 0.542969 0.476562
0 0.929688 0.480469 0.925781 0.484375 0.927734 0.484375 0.929688 0.486328 0.931641 0.486328 0.933594 0.484375 0.933594 0.482422 0.931641 0.480469
0 0.804688 0.490234 0.800781 0.490234 0.798828 0.492188 0.798828 0.498047 0.800781 0.500000 0.802734 0.500000 0.806641 0.496094 0.808594 0.496094 0.808594 0.494141
1 0.298828 0.494141 0.296875 0.494141 0.294922 0.496094 0.292969 0.496094 0.291016 0.498047 0.289062 0.498047 0.289062 0.500000 0.291016 0.501953 0.292969 0.501953 0.294922 0.500000 0.296875 0.500000 0.298828 0.498047
0 0.736328 0.496094 0.734375 0.498047 0.734375 0.505859 0.738281 0.509766 0.744141 0.509766 0.746094 0.511719 0.748047 0.509766 0.750000 0.509766 0.753906 0.505859 0.753906 0.503906 0.751953 0.501953 0.751953 0.500000 0.748047 0.496094 0.746094 0.496094 0.744141 0.494141 0.742188 0.496094
0 0.632812 0.496094 0.630859 0.498047 0.632812 0.500000 0.634766 0.500000 0.636719 0.498047 0.634766 0.496094
0 0.675781 0.505859 0.671875 0.509766 0.671875 0.515625 0.673828 0.515625 0.675781 0.517578 0.677734 0.517578 0.679688 0.515625 0.679688 0.509766 0.677734 0.507812 0.677734 0.505859
0 0.623047 0.509766 0.617188 0.515625 0.617188 0.517578 0.623047 0.523438 0.626953 0.523438 0.628906 0.521484 0.630859 0.521484 0.630859 0.513672 0.626953 0.509766
0 0.568359 0.521484 0.564453 0.525391 0.564453 0.529297 0.568359 0.533203 0.572266 0.533203 0.574219 0.531250 0.574219 0.525391 0.570312 0.521484
0 0.656250 0.527344 0.650391 0.521484 0.648438 0.523438 0.642578 0.523438 0.636719 0.527344 0.636719 0.529297 0.634766 0.531250 0.634766 0.535156 0.638672 0.539062 0.640625 0.539062 0.642578 0.541016 0.646484 0.541016 0.648438 0.539062 0.650391 0.539062 0.654297 0.535156 0.654297 0.533203 0.656250 0.531250
0 0.679688 0.531250 0.677734 0.533203 0.677734 0.535156 0.679688 0.537109 0.683594 0.537109 0.685547 0.535156 0.685547 0.533203 0.683594 0.531250
1 0.761719 0.541016 0.755859 0.535156 0.753906 0.535156 0.750000 0.539062 0.750000 0.541016 0.740234 0.550781 0.738281 0.550781 0.734375 0.546875 0.732422 0.548828 0.732422 0.550781 0.734375 0.552734 0.738281 0.552734 0.742188 0.556641 0.744141 0.556641 0.751953 0.548828 0.753906 0.548828 0.755859 0.546875 0.759766 0.546875 0.761719 0.544922
0 0.441406 0.541016 0.439453 0.542969 0.439453 0.546875 0.441406 0.546875 0.443359 0.548828 0.445312 0.546875 0.445312 0.542969 0.443359 0.541016
0 0.791016 0.541016 0.789062 0.542969 0.785156 0.542969 0.781250 0.544922 0.781250 0.548828 0.777344 0.554688 0.777344 0.556641 0.781250 0.558594 0.781250 0.566406 0.785156 0.570312 0.789062 0.570312 0.792969 0.568359 0.792969 0.560547 0.796875 0.556641 0.800781 0.556641 0.802734 0.552734 0.802734 0.548828 0.798828 0.544922
0 0.595703 0.562500 0.593750 0.564453 0.593750 0.566406 0.595703 0.568359 0.597656 0.568359 0.599609 0.566406 0.599609 0.564453 0.597656 0.562500
1 0.519531 0.572266 0.515625 0.576172 0.511719 0.583984 0.513672 0.587891 0.511719 0.591797 0.515625 0.599609 0.511719 0.603516 0.509766 0.601562 0.505859 0.603516 0.501953 0.599609 0.500000 0.601562 0.494141 0.601562 0.490234 0.599609 0.484375 0.605469 0.476562 0.607422 0.478516 0.609375 0.476562 0.611328 0.476562 0.619141 0.474609 0.623047 0.486328 0.625000 0.492188 0.621094 0.496094 0.623047 0.498047 0.621094 0.501953 0.621094 0.505859 0.625000 0.507812 0.623047 0.511719 0.625000 0.515625 0.621094 0.517578 0.617188 0.515625 0.611328 0.517578 0.609375 0.513672 0.605469 0.513672 0.601562 0.517578 0.597656 0.519531 0.599609 0.525391 0.587891 0.523438 0.583984 0.523438 0.576172
0 0.791016 0.574219 0.789062 0.574219 0.787109 0.576172 0.785156 0.576172 0.781250 0.580078 0.781250 0.582031 0.785156 0.585938 0.787109 0.585938 0.789062 0.583984 0.791016 0.583984 0.792969 0.582031 0.792969 0.580078 0.794922 0.578125
0 0.943359 0.574219 0.939453 0.578125 0.939453 0.582031 0.941406 0.583984 0.945312 0.583984 0.947266 0.582031 0.947266 0.578125
0 0.984375 0.574219 0.980469 0.574219 0.982422 0.576172 0.982422 0.578125 0.982422 0.576172
0 0.882812 0.582031 0.880859 0.580078 0.878906 0.582031 0.878906 0.583984 0.882812 0.583984
1 0.574219 0.597656 0.576172 0.601562 0.580078 0.599609 0.599609 0.619141 0.605469 0.619141 0.609375 0.615234 0.607422 0.609375 0.593750 0.597656 0.593750 0.589844 0.591797 0.587891 0.589844 0.589844 0.583984 0.589844
0 0.605469 0.591797 0.607422 0.593750 0.607422 0.597656 0.609375 0.597656 0.611328 0.599609 0.615234 0.599609 0.615234 0.597656 0.617188 0.595703 0.617188 0.591797 0.613281 0.587891 0.611328 0.587891 0.607422 0.591797
0 0.912109 0.593750 0.908203 0.597656 0.908203 0.601562 0.910156 0.603516 0.912109 0.603516 0.914062 0.605469 0.914062 0.607422 0.919922 0.613281 0.925781 0.613281 0.925781 0.611328 0.927734 0.609375 0.927734 0.601562 0.923828 0.597656 0.919922 0.597656 0.917969 0.595703 0.914062 0.595703
0 0.650391 0.597656 0.644531 0.603516 0.644531 0.605469 0.646484 0.607422 0.646484 0.609375 0.648438 0.611328 0.650391 0.611328 0.652344 0.613281 0.654297 0.613281 0.658203 0.609375 0.658203 0.601562 0.654297 0.597656
1 0.148438 0.603516 0.146484 0.605469 0.148438 0.607422 0.148438 0.609375 0.152344 0.613281 0.154297 0.611328 0.152344 0.609375 0.152344 0.607422
0 0.847656 0.607422 0.847656 0.609375 0.845703 0.611328 0.845703 0.617188 0.849609 0.621094 0.849609 0.623047 0.859375 0.623047 0.863281 0.619141 0.863281 0.609375 0.859375 0.605469 0.851562 0.605469 0.849609 0.607422
0 0.425781 0.611328 0.425781 0.615234 0.427734 0.617188 0.427734 0.619141 0.439453 0.619141 0.441406 0.617188 0.441406 0.613281 0.439453 0.613281 0.437500 0.611328 0.433594 0.611328 0.431641 0.609375 0.427734 0.609375
0 0.728516 0.617188 0.724609 0.613281 0.720703 0.613281 0.714844 0.619141 0.714844 0.623047 0.716797 0.625000 0.720703 0.625000 0.722656 0.623047 0.726562 0.623047 0.726562 0.621094 0.728516 0.619141
0 0.378906 0.628906 0.375000 0.623047 0.367188 0.619141 0.355469 0.628906 0.345703 0.621094 0.341797 0.621094 0.333984 0.630859 0.337891 0.634766 0.332031 0.640625 0.322266 0.638672 0.318359 0.644531 0.332031 0.652344 0.339844 0.642578 0.341797 0.644531 0.347656 0.642578 0.357422 0.654297 0.361328 0.654297 0.378906 0.640625
0 0.966797 0.619141 0.962891 0.623047 0.962891 0.625000 0.964844 0.625000 0.966797 0.626953 0.970703 0.626953 0.970703 0.621094 0.968750 0.619141
0 0.746094 0.621094 0.744141 0.623047 0.742188 0.623047 0.742188 0.625000 0.740234 0.626953 0.740234 0.630859 0.744141 0.634766 0.748047 0.634766 0.751953 0.630859 0.751953 0.626953 0.750000 0.625000 0.750000 0.623047 0.748047 0.623047
0 0.794922 0.623047 0.794922 0.625000 0.792969 0.626953 0.792969 0.630859 0.794922 0.632812 0.796875 0.632812 0.798828 0.634766 0.800781 0.634766 0.804688 0.630859 0.804688 0.625000 0.802734 0.623047
0 0.621094 0.625000 0.617188 0.628906 0.617188 0.630859 0.621094 0.634766 0.623047 0.634766 0.626953 0.630859 0.626953 0.628906 0.623047 0.625000
0 0.833984 0.625000 0.833984 0.626953 0.837891 0.626953 0.835938 0.625000
0 0.910156 0.626953 0.906250 0.626953 0.906250 0.628906 0.908203 0.630859 0.910156 0.628906
0 0.978516 0.625000 0.974609 0.628906 0.974609 0.630859 0.976562 0.632812 0.978516 0.632812 0.980469 0.630859 0.980469 0.626953
0 0.439453 0.630859 0.437500 0.632812 0.433594 0.632812 0.433594 0.634766 0.429688 0.638672 0.429688 0.640625 0.431641 0.642578 0.433594 0.642578 0.435547 0.644531 0.439453 0.644531 0.443359 0.640625 0.443359 0.634766
0 0.460938 0.638672 0.455078 0.638672 0.451172 0.642578 0.451172 0.644531 0.457031 0.650391 0.462891 0.644531 0.460938 0.642578
0 0.841797 0.640625 0.839844 0.642578 0.839844 0.648438 0.841797 0.650391 0.849609 0.650391 0.849609 0.642578 0.847656 0.640625
0 0.808594 0.644531 0.806641 0.646484 0.804688 0.646484 0.802734 0.648438 0.802734 0.650391 0.804688 0.652344 0.808594 0.652344 0.810547 0.650391 0.810547 0.646484
0 0.873047 0.650391 0.871094 0.650391 0.865234 0.656250 0.865234 0.660156 0.869141 0.664062 0.871094 0.664062 0.873047 0.662109 0.875000 0.662109 0.875000 0.656250 0.873047 0.654297
0 0.613281 0.652344 0.611328 0.654297 0.611328 0.658203 0.613281 0.660156 0.615234 0.660156 0.617188 0.658203 0.617188 0.654297 0.615234 0.652344
0 0.464844 0.660156 0.462891 0.662109 0.462891 0.664062 0.464844 0.666016 0.466797 0.664062 0.466797 0.662109
0 0.500000 0.662109 0.498047 0.662109 0.496094 0.664062 0.498047 0.666016 0.498047 0.667969 0.501953 0.664062
1 0.689453 0.662109 0.689453 0.666016 0.687500 0.667969 0.687500 0.669922 0.691406 0.673828 0.689453 0.675781 0.691406 0.675781 0.693359 0.677734 0.695312 0.675781 0.693359 0.673828 0.691406 0.673828 0.689453 0.671875 0.691406 0.669922 0.691406 0.664062
0 0.902344 0.660156 0.900391 0.662109 0.900391 0.664062 0.898438 0.666016 0.900391 0.667969 0.906250 0.667969 0.908203 0.666016 0.908203 0.664062 0.904297 0.660156
0 0.316406 0.664062 0.312500 0.664062 0.310547 0.666016 0.310547 0.669922 0.314453 0.673828 0.316406 0.671875 0.316406 0.669922 0.318359 0.667969 0.316406 0.666016
0 0.707031 0.666016 0.707031 0.667969 0.705078 0.669922 0.705078 0.671875 0.708984 0.675781 0.710938 0.675781 0.714844 0.671875 0.714844 0.667969 0.712891 0.666016
0 0.769531 0.666016 0.765625 0.669922 0.765625 0.677734 0.767578 0.679688 0.769531 0.677734 0.773438 0.677734 0.775391 0.675781 0.775391 0.669922 0.773438 0.667969 0.771484 0.667969
0 0.521484 0.671875 0.517578 0.677734 0.513672 0.679688 0.515625 0.681641 0.515625 0.689453 0.519531 0.699219 0.525391 0.705078 0.535156 0.708984 0.546875 0.705078 0.552734 0.695312 0.552734 0.683594 0.537109 0.671875 0.531250 0.669922
0 0.792969 0.675781 0.792969 0.677734 0.796875 0.683594 0.802734 0.683594 0.804688 0.681641 0.808594 0.681641 0.812500 0.677734 0.812500 0.671875 0.800781 0.671875 0.798828 0.669922 0.796875 0.669922
0 0.925781 0.673828 0.927734 0.675781 0.931641 0.675781 0.935547 0.671875 0.935547 0.669922 0.933594 0.671875 0.931641 0.669922 0.927734 0.669922 0.925781 0.671875
0 0.832031 0.671875 0.832031 0.675781 0.833984 0.675781 0.833984 0.671875
0 0.324219 0.679688 0.318359 0.687500 0.318359 0.691406 0.320312 0.693359 0.322266 0.699219 0.324219 0.699219 0.328125 0.703125 0.332031 0.703125 0.337891 0.699219 0.339844 0.701172 0.335938 0.695312 0.335938 0.691406 0.337891 0.689453 0.337891 0.681641 0.332031 0.677734 0.328125 0.677734 0.326172 0.679688
0 0.363281 0.677734 0.361328 0.679688 0.355469 0.679688 0.349609 0.685547 0.349609 0.691406 0.353516 0.695312 0.361328 0.695312 0.363281 0.693359 0.363281 0.689453 0.365234 0.687500 0.365234 0.681641 0.363281 0.679688
0 0.679688 0.681641 0.671875 0.681641 0.669922 0.683594 0.664062 0.685547 0.664062 0.697266 0.666016 0.699219 0.675781 0.703125 0.677734 0.701172 0.681641 0.701172 0.681641 0.699219 0.683594 0.697266 0.685547 0.697266 0.685547 0.689453 0.683594 0.687500 0.683594 0.685547
0 0.781250 0.681641 0.779297 0.683594 0.777344 0.683594 0.777344 0.689453 0.779297 0.691406 0.783203 0.691406 0.785156 0.689453 0.785156 0.683594 0.783203 0.683594
0 0.968750 0.681641 0.966797 0.683594 0.966797 0.685547 0.968750 0.687500 0.970703 0.687500 0.972656 0.685547 0.972656 0.683594 0.970703 0.681641
0 0.906250 0.685547 0.900391 0.689453 0.896484 0.699219 0.898438 0.701172 0.898438 0.705078 0.900391 0.707031 0.902344 0.707031 0.904297 0.708984 0.912109 0.708984 0.914062 0.707031 0.916016 0.707031 0.921875 0.701172 0.921875 0.691406 0.914062 0.685547
0 0.935547 0.683594 0.933594 0.685547 0.933594 0.693359 0.935547 0.695312 0.939453 0.695312 0.943359 0.691406 0.943359 0.685547 0.941406 0.683594
0 0.710938 0.687500 0.708984 0.689453 0.708984 0.695312 0.710938 0.697266 0.716797 0.697266 0.716797 0.695312 0.718750 0.693359 0.718750 0.691406 0.716797 0.689453 0.716797 0.687500
1 0.632812 0.699219 0.626953 0.693359 0.619141 0.693359 0.617188 0.691406 0.615234 0.693359 0.605469 0.693359 0.597656 0.699219 0.591797 0.699219 0.587891 0.695312 0.585938 0.695312 0.583984 0.693359 0.580078 0.693359 0.578125 0.695312 0.576172 0.695312 0.570312 0.701172 0.570312 0.705078 0.576172 0.710938 0.580078 0.710938 0.583984 0.714844 0.589844 0.708984 0.599609 0.708984 0.601562 0.707031 0.609375 0.707031 0.611328 0.708984 0.613281 0.707031 0.615234 0.708984 0.621094 0.708984 0.623047 0.707031 0.625000 0.708984 0.626953 0.708984 0.632812 0.705078
1 0.830078 0.699219 0.826172 0.695312 0.822266 0.699219 0.818359 0.699219 0.816406 0.701172 0.814453 0.699219 0.812500 0.699219 0.812500 0.701172 0.816406 0.705078 0.820312 0.701172 0.824219 0.705078 0.826172 0.705078 0.830078 0.701172
0 0.847656 0.701172 0.853516 0.701172 0.855469 0.699219 0.853516 0.697266 0.849609 0.697266 0.849609 0.699219
0 0.867188 0.699219 0.865234 0.701172 0.865234 0.703125 0.867188 0.705078 0.869141 0.705078 0.871094 0.703125 0.871094 0.701172 0.869141 0.699219
0 0.363281 0.705078 0.363281 0.708984 0.365234 0.708984 0.365234 0.707031
0 0.400391 0.703125 0.396484 0.707031 0.398438 0.708984 0.398438 0.712891 0.400391 0.714844 0.398438 0.716797 0.400391 0.714844 0.402344 0.714844 0.404297 0.716797 0.408203 0.712891 0.408203 0.710938 0.406250 0.708984 0.406250 0.707031 0.404297 0.705078 0.404297 0.703125
0 0.759766 0.703125 0.759766 0.707031 0.761719 0.707031 0.763672 0.705078 0.761719 0.703125
0 0.164062 0.710938 0.164062 0.712891 0.166016 0.712891 0.166016 0.710938
0 0.173828 0.710938 0.171875 0.712891 0.173828 0.714844 0.175781 0.714844 0.177734 0.712891 0.175781 0.710938
0 0.732422 0.710938 0.736328 0.714844 0.738281 0.712891 0.736328 0.710938
0 0.871094 0.710938 0.869141 0.710938 0.869141 0.714844 0.871094 0.712891
0 0.128906 0.714844 0.126953 0.714844 0.125000 0.716797 0.126953 0.718750 0.128906 0.716797
0 0.357422 0.716797 0.351562 0.722656 0.359375 0.730469 0.361328 0.730469 0.369141 0.722656 0.369141 0.720703 0.367188 0.718750 0.365234 0.720703 0.363281 0.718750 0.359375 0.718750
0 0.910156 0.716797 0.900391 0.724609 0.900391 0.728516 0.904297 0.734375 0.904297 0.740234 0.910156 0.746094 0.914062 0.746094 0.916016 0.748047 0.917969 0.746094 0.921875 0.751953 0.925781 0.750000 0.921875 0.746094 0.927734 0.738281 0.927734 0.726562 0.921875 0.720703 0.921875 0.718750 0.917969 0.716797
0 0.490234 0.722656 0.486328 0.722656 0.484375 0.724609 0.484375 0.726562 0.486328 0.728516 0.486328 0.730469 0.488281 0.728516 0.490234 0.728516
1 0.873047 0.724609 0.871094 0.726562 0.869141 0.726562 0.869141 0.730469 0.863281 0.736328 0.863281 0.742188 0.865234 0.744141 0.865234 0.750000 0.867188 0.751953 0.867188 0.753906 0.869141 0.755859 0.873047 0.755859 0.875000 0.757812 0.876953 0.755859 0.878906 0.755859 0.880859 0.753906 0.882812 0.753906 0.882812 0.751953 0.878906 0.748047 0.878906 0.746094 0.876953 0.744141 0.876953 0.738281 0.878906 0.736328 0.878906 0.732422 0.875000 0.728516 0.875000 0.726562
1 0.998047 0.724609 0.996094 0.726562 0.996094 0.728516 0.998047 0.730469
0 0.382812 0.730469 0.380859 0.728516 0.376953 0.732422 0.380859 0.732422
0 0.646484 0.732422 0.640625 0.730469 0.628906 0.742188 0.628906 0.751953 0.630859 0.753906 0.634766 0.753906 0.636719 0.751953 0.642578 0.751953 0.646484 0.748047 0.648438 0.748047 0.648438 0.746094 0.650391 0.744141 0.650391 0.738281
0 0.794922 0.730469 0.789062 0.738281 0.789062 0.748047 0.792969 0.753906 0.792969 0.757812 0.798828 0.761719 0.808594 0.761719 0.814453 0.755859 0.814453 0.751953 0.816406 0.750000 0.814453 0.748047 0.814453 0.738281 0.804688 0.730469
0 0.371094 0.738281 0.369141 0.738281 0.365234 0.742188 0.365234 0.744141 0.367188 0.746094 0.369141 0.746094 0.371094 0.744141
0 0.380859 0.744141 0.380859 0.746094 0.378906 0.748047 0.380859 0.748047 0.382812 0.750000 0.386719 0.750000 0.386719 0.748047 0.382812 0.744141
0 0.777344 0.750000 0.775391 0.751953 0.771484 0.751953 0.771484 0.759766 0.773438 0.761719 0.771484 0.763672 0.773438 0.761719 0.775391 0.763672 0.779297 0.763672 0.779297 0.761719 0.781250 0.759766 0.781250 0.753906 0.777344 0.753906 0.775391 0.751953
0 0.773438 0.773438 0.763672 0.763672 0.751953 0.765625 0.751953 0.767578 0.746094 0.773438 0.746094 0.779297 0.748047 0.781250 0.746094 0.785156 0.742188 0.787109 0.742188 0.792969 0.746094 0.792969 0.748047 0.794922 0.746094 0.792969 0.750000 0.789062 0.757812 0.792969 0.759766 0.791016 0.761719 0.792969 0.765625 0.791016 0.773438 0.781250
1 0.437500 0.783203 0.437500 0.779297 0.439453 0.777344 0.441406 0.777344 0.443359 0.779297 0.449219 0.779297 0.451172 0.781250 0.451172 0.783203 0.453125 0.781250 0.457031 0.781250 0.458984 0.779297 0.460938 0.779297 0.462891 0.777344 0.464844 0.777344 0.466797 0.775391 0.468750 0.775391 0.468750 0.773438 0.470703 0.771484 0.470703 0.769531 0.468750 0.767578 0.468750 0.765625 0.464844 0.765625 0.462891 0.767578 0.453125 0.767578 0.451172 0.765625 0.443359 0.765625 0.437500 0.771484 0.437500 0.773438 0.439453 0.775391 0.439453 0.777344 0.437500 0.779297
0 0.986328 0.775391 0.986328 0.777344 0.984375 0.779297 0.982422 0.779297 0.982422 0.781250 0.980469 0.783203 0.980469 0.789062 0.992188 0.802734 0.998047 0.802734 0.998047 0.777344 0.996094 0.775391
0 0.669922 0.781250 0.662109 0.781250 0.652344 0.791016 0.652344 0.800781 0.650391 0.804688 0.656250 0.814453 0.664062 0.814453 0.666016 0.812500 0.669922 0.812500 0.675781 0.806641 0.675781 0.802734 0.677734 0.800781 0.677734 0.787109
0 0.937500 0.787109 0.933594 0.787109 0.931641 0.789062 0.931641 0.791016 0.935547 0.794922 0.939453 0.791016 0.939453 0.789062
0 0.914062 0.791016 0.910156 0.794922 0.910156 0.798828 0.912109 0.800781 0.917969 0.800781 0.919922 0.798828 0.919922 0.794922 0.916016 0.791016
1 0.847656 0.798828 0.843750 0.794922 0.835938 0.794922 0.833984 0.796875 0.828125 0.796875 0.826172 0.798828 0.822266 0.794922 0.816406 0.792969 0.814453 0.794922 0.814453 0.796875 0.808594 0.802734 0.806641 0.800781 0.796875 0.800781 0.794922 0.802734 0.789062 0.802734 0.787109 0.804688 0.787109 0.806641 0.802734 0.822266 0.806641 0.822266 0.812500 0.816406 0.812500 0.810547 0.810547 0.808594 0.810547 0.804688 0.814453 0.800781 0.816406 0.802734 0.818359 0.802734 0.822266 0.798828 0.824219 0.800781 0.824219 0.802734 0.839844 0.802734 0.841797 0.800781 0.843750 0.802734 0.845703 0.802734 0.847656 0.800781
0 0.119141 0.806641 0.117188 0.806641 0.115234 0.808594 0.117188 0.810547 0.119141 0.808594
0 0.998047 0.806641 0.992188 0.806641 0.988281 0.810547 0.988281 0.816406 0.992188 0.820312 0.994141 0.820312 0.996094 0.818359 0.998047 0.818359
0 0.705078 0.810547 0.703125 0.812500 0.703125 0.816406 0.705078 0.818359 0.708984 0.818359 0.710938 0.816406 0.710938 0.814453 0.708984 0.812500 0.708984 0.810547
1 0.767578 0.810547 0.761719 0.816406 0.761719 0.833984 0.771484 0.843750 0.775391 0.861328 0.787109 0.873047 0.779297 0.884766 0.779297 0.892578 0.791016 0.904297 0.812500 0.896484 0.824219 0.884766 0.828125 0.886719 0.826172 0.863281 0.804688 0.855469 0.783203 0.830078 0.783203 0.820312
0 0.921875 0.812500 0.916016 0.818359 0.916016 0.822266 0.914062 0.824219 0.914062 0.826172 0.919922 0.832031 0.929688 0.832031 0.933594 0.828125 0.935547 0.828125 0.933594 0.826172 0.933594 0.820312 0.929688 0.814453 0.927734 0.814453 0.925781 0.812500
0 0.589844 0.822266 0.589844 0.830078 0.595703 0.833984 0.601562 0.833984 0.603516 0.835938 0.609375 0.835938 0.613281 0.830078 0.613281 0.824219 0.607422 0.818359 0.601562 0.818359 0.599609 0.816406 0.597656 0.816406 0.595703 0.818359 0.593750 0.818359
1 0.505859 0.822266 0.507812 0.824219 0.509766 0.824219 0.511719 0.826172 0.515625 0.826172 0.517578 0.824219 0.517578 0.822266 0.515625 0.820312 0.513672 0.820312 0.511719 0.822266 0.509766 0.822266 0.507812 0.820312
0 0.736328 0.822266 0.722656 0.832031 0.728516 0.849609 0.724609 0.853516 0.708984 0.849609 0.701172 0.861328 0.707031 0.875000 0.699219 0.884766 0.699219 0.896484 0.710938 0.906250 0.718750 0.902344 0.726562 0.890625 0.736328 0.884766 0.736328 0.876953 0.746094 0.867188 0.755859 0.865234 0.761719 0.855469 0.753906 0.837891
0 0.837891 0.822266 0.835938 0.824219 0.835938 0.828125 0.837891 0.830078 0.839844 0.830078 0.843750 0.826172 0.839844 0.822266
0 0.474609 0.826172 0.472656 0.828125 0.472656 0.830078 0.474609 0.832031 0.476562 0.832031 0.478516 0.830078 0.478516 0.828125 0.476562 0.826172
0 0.878906 0.830078 0.878906 0.832031 0.884766 0.837891 0.888672 0.837891 0.896484 0.845703 0.900391 0.845703 0.902344 0.843750 0.904297 0.843750 0.910156 0.837891 0.910156 0.835938 0.912109 0.833984 0.904297 0.826172 0.902344 0.826172 0.900391 0.824219 0.896484 0.824219 0.890625 0.828125 0.880859 0.828125
1 0.998047 0.824219 0.996094 0.826172 0.994141 0.826172 0.994141 0.832031 0.998047 0.835938
0 0.966797 0.830078 0.964844 0.830078 0.962891 0.832031 0.962891 0.835938 0.966797 0.835938
0 0.445312 0.832031 0.443359 0.833984 0.443359 0.835938 0.441406 0.837891 0.439453 0.837891 0.441406 0.839844 0.439453 0.841797 0.441406 0.843750 0.441406 0.847656 0.445312 0.851562 0.449219 0.851562 0.451172 0.853516 0.457031 0.847656 0.458984 0.847656 0.460938 0.845703 0.462891 0.839844 0.457031 0.833984 0.451172 0.833984 0.449219 0.832031
0 0.482422 0.839844 0.480469 0.841797 0.480469 0.845703 0.482422 0.847656 0.486328 0.847656 0.488281 0.845703 0.488281 0.839844
0 0.687500 0.841797 0.685547 0.843750 0.683594 0.841797 0.681641 0.843750 0.679688 0.843750 0.671875 0.857422 0.677734 0.863281 0.683594 0.863281 0.685547 0.865234 0.693359 0.859375 0.693359 0.853516 0.695312 0.851562 0.691406 0.845703 0.693359 0.843750 0.691406 0.845703
1 0.195312 0.851562 0.193359 0.849609 0.191406 0.849609 0.189453 0.851562 0.183594 0.851562 0.183594 0.853516 0.185547 0.851562 0.189453 0.851562 0.191406 0.853516 0.193359 0.853516
0 0.654297 0.847656 0.652344 0.849609 0.652344 0.851562 0.650391 0.853516 0.650391 0.855469 0.652344 0.857422 0.652344 0.859375 0.654297 0.861328 0.662109 0.861328 0.662109 0.859375 0.664062 0.857422 0.664062 0.855469 0.662109 0.853516 0.662109 0.851562 0.660156 0.849609 0.658203 0.849609 0.656250 0.847656
0 0.498047 0.873047 0.490234 0.873047 0.490234 0.875000 0.488281 0.876953 0.486328 0.876953 0.486328 0.888672 0.490234 0.892578 0.496094 0.890625 0.500000 0.886719 0.503906 0.886719 0.503906 0.880859 0.501953 0.878906 0.501953 0.876953
0 0.675781 0.871094 0.671875 0.875000 0.671875 0.882812 0.673828 0.884766 0.679688 0.884766 0.683594 0.880859 0.683594 0.876953 0.681641 0.875000 0.681641 0.873047 0.679688 0.873047 0.677734 0.871094
1 0.937500 0.882812 0.943359 0.888672 0.943359 0.894531 0.951172 0.902344 0.953125 0.902344 0.955078 0.900391 0.958984 0.900391 0.960938 0.902344 0.962891 0.902344 0.964844 0.904297 0.966797 0.904297 0.968750 0.906250 0.970703 0.906250 0.976562 0.900391 0.976562 0.896484 0.972656 0.892578 0.968750 0.892578 0.962891 0.888672 0.962891 0.886719 0.960938 0.884766 0.960938 0.882812 0.958984 0.880859 0.958984 0.878906 0.951172 0.871094 0.941406 0.880859 0.939453 0.880859
0 0.927734 0.878906 0.925781 0.880859 0.925781 0.882812 0.927734 0.884766 0.929688 0.884766 0.931641 0.882812 0.931641 0.880859 0.929688 0.878906
0 0.460938 0.884766 0.457031 0.888672 0.457031 0.894531 0.460938 0.898438 0.460938 0.900391 0.464844 0.900391 0.466797 0.902344 0.472656 0.902344 0.476562 0.896484 0.476562 0.892578 0.474609 0.890625 0.474609 0.888672 0.472656 0.888672 0.466797 0.884766
0 0.519531 0.882812 0.517578 0.884766 0.517578 0.886719 0.519531 0.888672 0.521484 0.888672 0.521484 0.884766
0 0.378906 0.892578 0.376953 0.894531 0.376953 0.896484 0.378906 0.898438 0.382812 0.898438 0.384766 0.896484 0.384766 0.894531 0.382812 0.892578
0 0.529297 0.892578 0.527344 0.894531 0.525391 0.894531 0.523438 0.896484 0.523438 0.904297 0.527344 0.908203 0.533203 0.908203 0.535156 0.906250 0.535156 0.896484 0.531250 0.892578
0 0.675781 0.890625 0.677734 0.892578 0.675781 0.894531 0.673828 0.894531 0.675781 0.896484 0.675781 0.898438 0.679688 0.898438 0.681641 0.896484 0.681641 0.892578 0.677734 0.892578
0 0.923828 0.892578 0.917969 0.896484 0.917969 0.914062 0.921875 0.919922 0.931641 0.921875 0.939453 0.916016 0.939453 0.900391 0.931641 0.892578
0 0.585938 0.896484 0.583984 0.896484 0.582031 0.894531 0.574219 0.894531 0.564453 0.904297 0.564453 0.912109 0.568359 0.916016 0.574219 0.916016 0.578125 0.912109 0.580078 0.912109 0.585938 0.906250 0.585938 0.904297 0.587891 0.902344
0 0.648438 0.894531 0.646484 0.896484 0.646484 0.898438 0.648438 0.900391 0.650391 0.900391 0.652344 0.898438 0.652344 0.896484 0.650391 0.894531
1 0.123047 0.898438 0.115234 0.906250 0.115234 0.908203 0.117188 0.910156 0.117188 0.912109 0.119141 0.912109 0.121094 0.910156 0.121094 0.908203 0.126953 0.902344
0 0.173828 0.904297 0.175781 0.906250 0.175781 0.908203 0.177734 0.908203 0.177734 0.904297
0 0.402344 0.902344 0.398438 0.906250 0.398438 0.910156 0.404297 0.916016 0.408203 0.916016 0.410156 0.914062 0.410156 0.908203 0.404297 0.902344
0 0.845703 0.904297 0.847656 0.906250 0.851562 0.906250 0.851562 0.904297 0.849609 0.902344 0.847656 0.902344
0 0.339844 0.906250 0.335938 0.910156 0.335938 0.923828 0.341797 0.929688 0.343750 0.929688 0.345703 0.931641 0.353516 0.931641 0.355469 0.929688 0.355469 0.927734 0.357422 0.925781 0.357422 0.921875 0.359375 0.919922 0.357422 0.917969 0.359375 0.912109 0.353516 0.906250 0.349609 0.906250 0.347656 0.908203 0.345703 0.908203 0.343750 0.906250
0 0.427734 0.908203 0.423828 0.908203 0.421875 0.910156 0.421875 0.916016 0.423828 0.917969 0.425781 0.917969 0.429688 0.914062 0.429688 0.910156
0 0.681641 0.906250 0.667969 0.917969 0.667969 0.921875 0.666016 0.923828 0.667969 0.925781 0.667969 0.929688 0.669922 0.933594 0.677734 0.939453 0.693359 0.939453 0.701172 0.933594 0.701172 0.929688 0.705078 0.923828 0.705078 0.917969 0.697266 0.906250
0 0.449219 0.912109 0.449219 0.916016 0.451172 0.914062
0 0.371094 0.916016 0.367188 0.919922 0.367188 0.925781 0.369141 0.927734 0.369141 0.929688 0.373047 0.933594 0.376953 0.933594 0.378906 0.931641 0.378906 0.929688 0.380859 0.927734 0.380859 0.917969 0.378906 0.916016
0 0.457031 0.921875 0.455078 0.923828 0.455078 0.927734 0.458984 0.931641 0.460938 0.931641 0.464844 0.927734 0.464844 0.925781 0.460938 0.921875
0 0.640625 0.921875 0.640625 0.923828 0.642578 0.925781 0.642578 0.921875
0 0.242188 0.925781 0.240234 0.927734 0.240234 0.929688 0.242188 0.931641 0.244141 0.929688 0.244141 0.927734
0 0.656250 0.927734 0.656250 0.931641 0.660156 0.931641 0.660156 0.927734
0 0.802734 0.925781 0.800781 0.927734 0.800781 0.931641 0.802734 0.933594 0.806641 0.933594 0.808594 0.931641 0.808594 0.927734 0.806641 0.925781
0 0.388672 0.929688 0.388672 0.933594 0.390625 0.933594 0.390625 0.929688
0 0.582031 0.929688 0.580078 0.929688 0.578125 0.931641 0.578125 0.937500 0.580078 0.939453 0.583984 0.935547 0.583984 0.931641
0 0.904297 0.935547 0.902344 0.937500 0.900391 0.937500 0.900391 0.939453 0.904297 0.943359 0.904297 0.941406 0.906250 0.939453 0.906250 0.937500
0 0.859375 0.937500 0.857422 0.939453 0.855469 0.939453 0.857422 0.941406 0.857422 0.943359 0.855469 0.945312 0.859375 0.949219 0.861328 0.949219 0.865234 0.945312 0.865234 0.941406 0.863281 0.939453 0.861328 0.939453
0 0.972656 0.937500 0.968750 0.943359 0.968750 0.947266 0.976562 0.955078 0.984375 0.955078 0.984375 0.953125 0.986328 0.951172 0.986328 0.943359 0.984375 0.941406 0.984375 0.939453 0.982422 0.939453 0.980469 0.937500
0 0.998047 0.937500 0.996094 0.937500 0.992188 0.941406 0.994141 0.943359 0.994141 0.945312 0.998047 0.945312
1 0.587891 0.941406 0.582031 0.947266 0.580078 0.957031 0.591797 0.972656 0.593750 0.972656 0.597656 0.978516 0.599609 0.976562 0.603516 0.980469 0.601562 0.986328 0.605469 0.990234 0.605469 0.996094 0.636719 0.996094 0.642578 0.988281 0.638672 0.984375 0.636719 0.978516 0.626953 0.972656 0.623047 0.974609 0.621094 0.978516 0.623047 0.982422 0.619141 0.986328 0.615234 0.986328 0.605469 0.976562 0.605469 0.972656 0.613281 0.962891 0.611328 0.960938 0.605469 0.962891 0.593750 0.951172 0.593750 0.943359 0.591797 0.941406
0 0.365234 0.945312 0.365234 0.947266 0.363281 0.949219 0.363281 0.955078 0.365234 0.957031 0.371094 0.957031 0.373047 0.955078 0.373047 0.949219 0.369141 0.945312
1 0.470703 0.949219 0.468750 0.947266 0.462891 0.947266 0.460938 0.949219 0.457031 0.949219 0.455078 0.951172 0.455078 0.953125 0.457031 0.953125 0.458984 0.951172 0.460938 0.951172 0.462891 0.953125 0.464844 0.953125 0.466797 0.955078 0.470703 0.951172
0 0.507812 0.945312 0.505859 0.947266 0.505859 0.949219 0.507812 0.951172 0.509766 0.951172 0.509766 0.949219 0.511719 0.947266 0.509766 0.945312
0 0.818359 0.947266 0.816406 0.949219 0.814453 0.949219 0.814453 0.951172 0.818359 0.955078 0.822266 0.951172 0.822266 0.949219 0.820312 0.949219
0 0.843750 0.945312 0.841797 0.947266 0.841797 0.949219 0.839844 0.951172 0.841797 0.951172 0.843750 0.953125 0.843750 0.955078 0.845703 0.955078 0.847656 0.957031 0.847656 0.955078 0.851562 0.951172 0.853516 0.951172 0.851562 0.949219 0.851562 0.947266 0.849609 0.945312
0 0.867188 0.949219 0.855469 0.962891 0.855469 0.972656 0.861328 0.976562 0.865234 0.976562 0.871094 0.982422 0.878906 0.982422 0.884766 0.972656 0.882812 0.970703 0.884766 0.968750 0.884766 0.962891 0.888672 0.955078 0.882812 0.949219
0 0.687500 0.957031 0.685547 0.958984 0.683594 0.958984 0.683594 0.960938 0.685547 0.962891 0.687500 0.962891 0.689453 0.960938 0.689453 0.958984
0 0.816406 0.962891 0.808594 0.962891 0.804688 0.966797 0.804688 0.968750 0.802734 0.970703 0.802734 0.976562 0.808594 0.982422 0.812500 0.982422 0.814453 0.980469 0.816406 0.980469 0.820312 0.974609 0.820312 0.966797
0 0.501953 0.966797 0.500000 0.968750 0.500000 0.972656 0.501953 0.974609 0.505859 0.974609 0.507812 0.972656 0.507812 0.970703 0.503906 0.966797
0 0.935547 0.964844 0.933594 0.966797 0.931641 0.966797 0.931641 0.970703 0.933594 0.972656 0.935547 0.972656 0.937500 0.974609 0.941406 0.970703 0.941406 0.968750 0.937500 0.964844
0 0.966797 0.966797 0.968750 0.968750 0.968750 0.970703 0.970703 0.970703 0.970703 0.966797
0 0.738281 0.970703 0.734375 0.974609 0.734375 0.978516 0.738281 0.982422 0.742188 0.982422 0.746094 0.978516 0.746094 0.972656 0.744141 0.972656 0.742188 0.970703
0 0.833984 0.974609 0.830078 0.978516 0.830078 0.980469 0.828125 0.982422 0.832031 0.986328 0.832031 0.988281 0.835938 0.988281 0.837891 0.990234 0.841797 0.986328 0.841797 0.984375 0.843750 0.982422 0.843750 0.980469 0.841797 0.978516 0.841797 0.976562 0.839844 0.974609
1 0.671875 0.980469 0.667969 0.980469 0.666016 0.982422 0.666016 0.984375 0.667969 0.986328 0.667969 0.988281 0.667969 0.986328 0.671875 0.982422
0 0.951172 0.988281 0.951172 0.998047 0.974609 0.998047 0.974609 0.992188 0.972656 0.990234 0.972656 0.988281 0.968750 0.984375 0.968750 0.982422 0.966797 0.984375 0.964844 0.982422 0.957031 0.982422
1 0.486328 0.998047 0.519531 0.998047 0.515625 0.994141 0.515625 0.992188 0.511719 0.988281 0.509766 0.988281 0.507812 0.986328 0.500000 0.986328 0.496094 0.990234 0.494141 0.990234 0.494141 0.994141 0.490234 0.998047
0 0.554688 0.984375 0.552734 0.986328 0.552734 0.990234 0.554688 0.992188 0.556641 0.992188 0.558594 0.990234 0.558594 0.986328 0.556641 0.984375
0 0.710938 0.984375 0.707031 0.984375 0.705078 0.986328 0.703125 0.986328 0.705078 0.988281 0.705078 0.992188 0.707031 0.994141 0.708984 0.994141 0.712891 0.990234 0.714844 0.990234 0.712891 0.988281 0.712891 0.986328
1 0.787109 0.996094 0.787109 0.998047 0.810547 0.998047 0.804688 0.992188 0.802734 0.992188 0.800781 0.990234 0.794922 0.990234 0.792969 0.992188 0.791016 0.992188
1 0.654297 0.998047 0.664062 0.998047 0.662109 0.998047 0.660156 0.996094 0.656250 0.996094
0 0.468750 0.011719 0.468750 0.015625 0.464844 0.015625 0.462891 0.013672 0.466797 0.009766
0 0.433594 0.033203 0.433594 0.037109 0.429688 0.037109 0.427734 0.035156 0.431641 0.031250
0 0.259766 0.037109 0.259766 0.041016 0.255859 0.041016 0.253906 0.039062 0.257812 0.035156
0 0.548828 0.042969 0.548828 0.046875 0.544922 0.046875 0.542969 0.044922 0.546875 0.041016
0 0.017578 0.048828 0.015625 0.048828 0.013672 0.050781 0.009766 0.050781 0.007812 0.048828 0.007812 0.042969 0.009766 0.041016 0.013672 0.041016 0.015625 0.042969 0.017578 0.042969
0 0.468750 0.048828 0.468750 0.052734 0.464844 0.052734 0.462891 0.050781 0.466797 0.046875
0 0.513672 0.050781 0.513672 0.054688 0.509766 0.054688 0.507812 0.052734 0.511719 0.048828
0 0.000000 0.058594 0.000000 0.048828 0.001953 0.050781 0.003906 0.050781 0.003906 0.056641 0.001953 0.056641
0 0.015625 0.064453 0.013672 0.064453 0.011719 0.066406 0.007812 0.066406 0.005859 0.064453 0.005859 0.058594 0.007812 0.056641 0.011719 0.056641 0.013672 0.058594 0.015625 0.058594
0 0.292969 0.062500 0.292969 0.066406 0.289062 0.066406 0.287109 0.064453 0.291016 0.060547
0 0.322266 0.070312 0.322266 0.074219 0.318359 0.074219 0.316406 0.072266 0.320312 0.068359
0 0.007812 0.080078 0.003906 0.080078 0.001953 0.078125 0.001953 0.076172 0.003906 0.074219 0.007812 0.076172
0 0.019531 0.076172 0.019531 0.080078 0.015625 0.080078 0.013672 0.078125 0.017578 0.074219
0 0.515625 0.089844 0.515625 0.093750 0.511719 0.093750 0.509766 0.091797 0.513672 0.087891
0 0.001953 0.095703 0.000000 0.095703 0.000000 0.089844 0.000000 0.091797 0.001953 0.093750
0 0.099609 0.091797 0.099609 0.095703 0.095703 0.095703 0.093750 0.093750 0.097656 0.089844
0 0.480469 0.091797 0.480469 0.095703 0.476562 0.095703 0.474609 0.093750 0.478516 0.089844
0 0.384766 0.097656 0.384766 0.101562 0.380859 0.101562 0.378906 0.099609 0.382812 0.095703
0 0.591797 0.097656 0.591797 0.101562 0.587891 0.101562 0.585938 0.099609 0.589844 0.095703
0 0.462891 0.105469 0.462891 0.109375 0.458984 0.109375 0.457031 0.107422 0.460938 0.103516
0 0.730469 0.107422 0.730469 0.111328 0.726562 0.111328 0.724609 0.109375 0.728516 0.105469
0 0.126953 0.115234 0.126953 0.119141 0.123047 0.119141 0.121094 0.117188 0.125000 0.113281
0 0.240234 0.115234 0.240234 0.119141 0.236328 0.119141 0.234375 0.117188 0.238281 0.113281
0 0.347656 0.117188 0.347656 0.121094 0.343750 0.121094 0.341797 0.119141 0.345703 0.115234
0 0.677734 0.121094 0.677734 0.125000 0.673828 0.125000 0.671875 0.123047 0.675781 0.119141
0 0.542969 0.130859 0.542969 0.134766 0.539062 0.134766 0.537109 0.132812 0.541016 0.128906
0 0.205078 0.142578 0.205078 0.146484 0.201172 0.146484 0.199219 0.144531 0.203125 0.140625
0 0.234375 0.152344 0.234375 0.156250 0.230469 0.156250 0.228516 0.154297 0.232422 0.150391
0 0.271484 0.154297 0.271484 0.158203 0.267578 0.158203 0.265625 0.156250 0.269531 0.152344
0 0.361328 0.154297 0.361328 0.158203 0.357422 0.158203 0.355469 0.156250 0.359375 0.152344
0 0.591797 0.154297 0.591797 0.158203 0.587891 0.158203 0.585938 0.156250 0.589844 0.152344
0 0.666016 0.156250 0.666016 0.160156 0.662109 0.160156 0.660156 0.158203 0.664062 0.154297
0 0.033203 0.158203 0.033203 0.162109 0.029297 0.162109 0.027344 0.160156 0.031250 0.156250
0 0.546875 0.162109 0.546875 0.166016 0.542969 0.166016 0.541016 0.164062 0.544922 0.160156
0 0.287109 0.167969 0.287109 0.171875 0.283203 0.171875 0.281250 0.169922 0.285156 0.166016
0 0.205078 0.173828 0.205078 0.177734 0.201172 0.177734 0.199219 0.175781 0.203125 0.171875
0 0.244141 0.177734 0.244141 0.181641 0.240234 0.181641 0.238281 0.179688 0.242188 0.175781
0 0.927734 0.181641 0.927734 0.185547 0.923828 0.185547 0.921875 0.183594 0.925781 0.179688
0 0.207031 0.183594 0.207031 0.187500 0.203125 0.187500 0.201172 0.185547 0.205078 0.181641
0 0.312500 0.183594 0.312500 0.187500 0.308594 0.187500 0.306641 0.185547 0.310547 0.181641
0 0.669922 0.183594 0.669922 0.187500 0.666016 0.187500 0.664062 0.185547 0.667969 0.181641
0 0.343750 0.189453 0.343750 0.193359 0.339844 0.193359 0.337891 0.191406 0.341797 0.187500
0 0.281250 0.191406 0.281250 0.195312 0.277344 0.195312 0.275391 0.193359 0.279297 0.189453
0 0.339844 0.199219 0.339844 0.203125 0.335938 0.203125 0.333984 0.201172 0.337891 0.197266
0 0.410156 0.207031 0.410156 0.210938 0.406250 0.210938 0.404297 0.208984 0.408203 0.205078
0 0.279297 0.218750 0.279297 0.222656 0.275391 0.222656 0.273438 0.220703 0.277344 0.216797
0 0.320312 0.224609 0.320312 0.228516 0.316406 0.228516 0.314453 0.226562 0.318359 0.222656
0 0.218750 0.230469 0.218750 0.234375 0.214844 0.234375 0.212891 0.232422 0.216797 0.228516
0 0.187500 0.246094 0.187500 0.250000 0.183594 0.250000 0.181641 0.248047 0.185547 0.244141
0 0.308594 0.246094 0.308594 0.250000 0.304688 0.250000 0.302734 0.248047 0.306641 0.244141
0 0.158203 0.248047 0.158203 0.251953 0.154297 0.251953 0.152344 0.250000 0.156250 0.246094
0 0.339844 0.251953 0.339844 0.255859 0.335938 0.255859 0.333984 0.253906 0.337891 0.250000
0 0.392578 0.251953 0.392578 0.255859 0.388672 0.255859 0.386719 0.253906 0.390625 0.250000
0 0.308594 0.253906 0.308594 0.257812 0.304688 0.257812 0.302734 0.255859 0.306641 0.251953
0 0.177734 0.261719 0.177734 0.265625 0.173828 0.265625 0.171875 0.263672 0.175781 0.259766
0 0.849609 0.273438 0.849609 0.277344 0.845703 0.277344 0.843750 0.275391 0.847656 0.271484
0 0.281250 0.277344 0.281250 0.281250 0.277344 0.281250 0.275391 0.279297 0.279297 0.275391
0 0.404297 0.277344 0.404297 0.281250 0.400391 0.281250 0.398438 0.279297 0.402344 0.275391
0 0.863281 0.285156 0.863281 0.289062 0.859375 0.289062 0.857422 0.287109 0.861328 0.283203
0 0.287109 0.294922 0.287109 0.298828 0.283203 0.298828 0.281250 0.296875 0.285156 0.292969
0 0.296875 0.294922 0.296875 0.298828 0.292969 0.298828 0.291016 0.296875 0.294922 0.292969
0 0.453125 0.294922 0.453125 0.298828 0.449219 0.298828 0.447266 0.296875 0.451172 0.292969
0 0.332031 0.304688 0.332031 0.308594 0.328125 0.308594 0.326172 0.306641 0.330078 0.302734
0 0.351562 0.314453 0.351562 0.318359 0.347656 0.318359 0.345703 0.316406 0.349609 0.312500
0 0.312500 0.316406 0.312500 0.320312 0.308594 0.320312 0.306641 0.318359 0.310547 0.314453
0 0.298828 0.320312 0.298828 0.324219 0.294922 0.324219 0.292969 0.322266 0.296875 0.318359
0 0.392578 0.320312 0.392578 0.324219 0.388672 0.324219 0.386719 0.322266 0.390625 0.318359
0 0.351562 0.324219 0.351562 0.328125 0.347656 0.328125 0.345703 0.326172 0.349609 0.322266
0 0.140625 0.328125 0.140625 0.332031 0.136719 0.332031 0.134766 0.330078 0.138672 0.326172
0 0.287109 0.328125 0.287109 0.332031 0.283203 0.332031 0.281250 0.330078 0.285156 0.326172
0 0.328125 0.330078 0.328125 0.333984 0.324219 0.333984 0.322266 0.332031 0.326172 0.328125
0 0.511719 0.330078 0.511719 0.333984 0.507812 0.333984 0.505859 0.332031 0.509766 0.328125
0 0.457031 0.335938 0.457031 0.339844 0.453125 0.339844 0.451172 0.337891 0.455078 0.333984
0 0.179688 0.339844 0.179688 0.343750 0.175781 0.343750 0.173828 0.341797 0.177734 0.337891
0 0.335938 0.339844 0.335938 0.343750 0.332031 0.343750 0.330078 0.341797 0.333984 0.337891
0 0.599609 0.339844 0.599609 0.343750 0.595703 0.343750 0.593750 0.341797 0.597656 0.337891
0 0.154297 0.341797 0.154297 0.345703 0.150391 0.345703 0.148438 0.343750 0.152344 0.339844
0 0.804688 0.341797 0.804688 0.345703 0.800781 0.345703 0.798828 0.343750 0.802734 0.339844
0 0.996094 0.347656 0.994141 0.347656 0.992188 0.349609 0.988281 0.349609 0.986328 0.347656 0.986328 0.341797 0.988281 0.339844 0.992188 0.339844 0.994141 0.341797 0.996094 0.341797
0 0.949219 0.347656 0.949219 0.351562 0.945312 0.351562 0.943359 0.349609 0.947266 0.345703
0 0.251953 0.351562 0.251953 0.355469 0.248047 0.355469 0.246094 0.353516 0.250000 0.349609
0 0.259766 0.351562 0.259766 0.355469 0.255859 0.355469 0.253906 0.353516 0.257812 0.349609
0 0.531250 0.351562 0.531250 0.355469 0.527344 0.355469 0.525391 0.353516 0.529297 0.349609
0 0.345703 0.357422 0.345703 0.361328 0.341797 0.361328 0.339844 0.359375 0.343750 0.355469
0 0.404297 0.357422 0.404297 0.361328 0.400391 0.361328 0.398438 0.359375 0.402344 0.355469
0 0.265625 0.367188 0.265625 0.371094 0.261719 0.371094 0.259766 0.369141 0.263672 0.365234
0 0.349609 0.367188 0.349609 0.371094 0.345703 0.371094 0.343750 0.369141 0.347656 0.365234
0 0.482422 0.367188 0.482422 0.371094 0.478516 0.371094 0.476562 0.369141 0.480469 0.365234
0 0.388672 0.371094 0.388672 0.375000 0.384766 0.375000 0.382812 0.373047 0.386719 0.369141
0 0.367188 0.373047 0.367188 0.376953 0.363281 0.376953 0.361328 0.375000 0.365234 0.371094
0 0.294922 0.380859 0.294922 0.384766 0.291016 0.384766 0.289062 0.382812 0.292969 0.378906
0 0.388672 0.380859 0.388672 0.384766 0.384766 0.384766 0.382812 0.382812 0.386719 0.378906
0 0.505859 0.380859 0.505859 0.384766 0.501953 0.384766 0.500000 0.382812 0.503906 0.378906
0 0.982422 0.380859 0.982422 0.384766 0.978516 0.384766 0.976562 0.382812 0.980469 0.378906
0 0.261719 0.382812 0.261719 0.386719 0.257812 0.386719 0.255859 0.384766 0.259766 0.380859
0 0.564453 0.382812 0.564453 0.386719 0.560547 0.386719 0.558594 0.384766 0.562500 0.380859
0 0.312500 0.388672 0.312500 0.392578 0.308594 0.392578 0.306641 0.390625 0.310547 0.386719
0 0.486328 0.388672 0.486328 0.392578 0.482422 0.392578 0.480469 0.390625 0.484375 0.386719
0 0.923828 0.388672 0.923828 0.392578 0.919922 0.392578 0.917969 0.390625 0.921875 0.386719
0 0.271484 0.390625 0.271484 0.394531 0.267578 0.394531 0.265625 0.392578 0.269531 0.388672
0 0.912109 0.394531 0.910156 0.394531 0.908203 0.396484 0.904297 0.396484 0.902344 0.394531 0.902344 0.388672 0.904297 0.386719 0.908203 0.386719 0.910156 0.388672 0.912109 0.388672
0 0.257812 0.396484 0.257812 0.400391 0.253906 0.400391 0.251953 0.398438 0.255859 0.394531
0 0.308594 0.402344 0.308594 0.406250 0.304688 0.406250 0.302734 0.404297 0.306641 0.400391
0 0.355469 0.402344 0.355469 0.406250 0.351562 0.406250 0.349609 0.404297 0.353516 0.400391
0 0.435547 0.402344 0.435547 0.406250 0.431641 0.406250 0.429688 0.404297 0.433594 0.400391
0 0.603516 0.402344 0.603516 0.406250 0.599609 0.406250 0.597656 0.404297 0.601562 0.400391
0 0.283203 0.404297 0.283203 0.408203 0.279297 0.408203 0.277344 0.406250 0.281250 0.402344
0 0.447266 0.404297 0.447266 0.408203 0.443359 0.408203 0.441406 0.406250 0.445312 0.402344
0 0.220703 0.406250 0.220703 0.410156 0.216797 0.410156 0.214844 0.408203 0.218750 0.404297
0 0.396484 0.406250 0.396484 0.410156 0.392578 0.410156 0.390625 0.408203 0.394531 0.404297
0 0.404297 0.412109 0.404297 0.416016 0.400391 0.416016 0.398438 0.414062 0.402344 0.410156
0 0.505859 0.414062 0.505859 0.417969 0.501953 0.417969 0.500000 0.416016 0.503906 0.412109
0 0.578125 0.421875 0.578125 0.425781 0.574219 0.425781 0.572266 0.423828 0.576172 0.419922
0 0.345703 0.423828 0.345703 0.427734 0.341797 0.427734 0.339844 0.425781 0.343750 0.421875
0 0.828125 0.427734 0.828125 0.431641 0.824219 0.431641 0.822266 0.429688 0.826172 0.425781
0 0.425781 0.435547 0.425781 0.439453 0.421875 0.439453 0.419922 0.437500 0.423828 0.433594
0 0.623047 0.447266 0.621094 0.447266 0.619141 0.449219 0.615234 0.449219 0.613281 0.447266 0.613281 0.441406 0.615234 0.439453 0.619141 0.439453 0.621094 0.441406 0.623047 0.441406
0 0.759766 0.449219 0.759766 0.453125 0.755859 0.453125 0.753906 0.451172 0.757812 0.447266
0 0.708984 0.453125 0.708984 0.457031 0.705078 0.457031 0.703125 0.455078 0.707031 0.451172
0 0.464844 0.464844 0.464844 0.468750 0.460938 0.468750 0.458984 0.466797 0.462891 0.462891
0 0.513672 0.464844 0.513672 0.468750 0.509766 0.468750 0.507812 0.466797 0.511719 0.462891
0 0.484375 0.482422 0.484375 0.486328 0.480469 0.486328 0.478516 0.484375 0.482422 0.480469
0 0.769531 0.482422 0.769531 0.486328 0.765625 0.486328 0.763672 0.484375 0.767578 0.480469
0 0.501953 0.484375 0.501953 0.488281 0.498047 0.488281 0.496094 0.486328 0.500000 0.482422
0 0.410156 0.492188 0.410156 0.496094 0.406250 0.496094 0.404297 0.494141 0.408203 0.490234
0 0.460938 0.496094 0.460938 0.500000 0.457031 0.500000 0.455078 0.498047 0.458984 0.494141
0 0.923828 0.496094 0.923828 0.500000 0.919922 0.500000 0.917969 0.498047 0.921875 0.494141
0 0.978516 0.496094 0.978516 0.500000 0.974609 0.500000 0.972656 0.498047 0.976562 0.494141
0 0.484375 0.505859 0.484375 0.509766 0.480469 0.509766 0.478516 0.507812 0.482422 0.503906
0 0.060547 0.509766 0.060547 0.513672 0.056641 0.513672 0.054688 0.511719 0.058594 0.507812
0 0.433594 0.511719 0.433594 0.515625 0.429688 0.515625 0.427734 0.513672 0.431641 0.509766
0 0.765625 0.511719 0.765625 0.515625 0.761719 0.515625 0.759766 0.513672 0.763672 0.509766
0 0.611328 0.519531 0.611328 0.523438 0.607422 0.523438 0.605469 0.521484 0.609375 0.517578
0 0.416016 0.523438 0.416016 0.527344 0.412109 0.527344 0.410156 0.525391 0.414062 0.521484
0 0.423828 0.523438 0.423828 0.527344 0.419922 0.527344 0.417969 0.525391 0.421875 0.521484
0 0.033203 0.527344 0.033203 0.531250 0.029297 0.531250 0.027344 0.529297 0.031250 0.525391
0 0.539062 0.527344 0.539062 0.531250 0.535156 0.531250 0.533203 0.529297 0.537109 0.525391
0 0.791016 0.529297 0.791016 0.533203 0.787109 0.533203 0.785156 0.531250 0.789062 0.527344
0 0.419922 0.537109 0.419922 0.541016 0.416016 0.541016 0.414062 0.539062 0.417969 0.535156
0 0.845703 0.541016 0.845703 0.544922 0.841797 0.544922 0.839844 0.542969 0.843750 0.539062
0 0.968750 0.542969 0.968750 0.546875 0.964844 0.546875 0.962891 0.544922 0.966797 0.541016
0 0.375000 0.544922 0.375000 0.548828 0.371094 0.548828 0.369141 0.546875 0.373047 0.542969
0 0.486328 0.544922 0.486328 0.548828 0.482422 0.548828 0.480469 0.546875 0.484375 0.542969
0 0.894531 0.548828 0.892578 0.548828 0.890625 0.550781 0.886719 0.550781 0.884766 0.548828 0.884766 0.542969 0.886719 0.541016 0.890625 0.541016 0.892578 0.542969 0.894531 0.542969
0 0.361328 0.558594 0.361328 0.562500 0.357422 0.562500 0.355469 0.560547 0.359375 0.556641
0 0.615234 0.558594 0.615234 0.562500 0.611328 0.562500 0.609375 0.560547 0.613281 0.556641
0 0.648438 0.558594 0.648438 0.562500 0.644531 0.562500 0.642578 0.560547 0.646484 0.556641
0 0.189453 0.562500 0.189453 0.566406 0.185547 0.566406 0.183594 0.564453 0.187500 0.560547
0 0.531250 0.562500 0.531250 0.566406 0.527344 0.566406 0.525391 0.564453 0.529297 0.560547
0 0.542969 0.572266 0.542969 0.576172 0.539062 0.576172 0.537109 0.574219 0.541016 0.570312
0 0.134766 0.574219 0.134766 0.578125 0.130859 0.578125 0.128906 0.576172 0.132812 0.572266
0 0.375000 0.574219 0.375000 0.578125 0.371094 0.578125 0.369141 0.576172 0.373047 0.572266
0 0.738281 0.574219 0.738281 0.578125 0.734375 0.578125 0.732422 0.576172 0.736328 0.572266
0 0.408203 0.576172 0.408203 0.580078 0.404297 0.580078 0.402344 0.578125 0.406250 0.574219
0 0.505859 0.576172 0.505859 0.580078 0.501953 0.580078 0.500000 0.578125 0.503906 0.574219
0 0.437500 0.578125 0.437500 0.582031 0.433594 0.582031 0.431641 0.580078 0.435547 0.576172
0 0.453125 0.585938 0.453125 0.589844 0.449219 0.589844 0.447266 0.587891 0.451172 0.583984
0 0.464844 0.585938 0.464844 0.589844 0.460938 0.589844 0.458984 0.587891 0.462891 0.583984
0 0.503906 0.585938 0.503906 0.589844 0.500000 0.589844 0.498047 0.587891 0.501953 0.583984
0 0.890625 0.587891 0.890625 0.591797 0.886719 0.591797 0.884766 0.589844 0.888672 0.585938
0 0.144531 0.589844 0.144531 0.593750 0.140625 0.593750 0.138672 0.591797 0.142578 0.587891
0 0.357422 0.589844 0.357422 0.593750 0.353516 0.593750 0.351562 0.591797 0.355469 0.587891
0 0.427734 0.591797 0.427734 0.595703 0.423828 0.595703 0.421875 0.593750 0.425781 0.589844
0 0.470703 0.591797 0.470703 0.595703 0.466797 0.595703 0.464844 0.593750 0.468750 0.589844
0 0.125000 0.593750 0.125000 0.597656 0.121094 0.597656 0.119141 0.595703 0.123047 0.591797
0 0.156250 0.593750 0.156250 0.597656 0.152344 0.597656 0.150391 0.595703 0.154297 0.591797
0 0.476562 0.593750 0.476562 0.597656 0.472656 0.597656 0.470703 0.595703 0.474609 0.591797
0 0.134766 0.597656 0.134766 0.601562 0.130859 0.601562 0.128906 0.599609 0.132812 0.595703
0 0.548828 0.603516 0.548828 0.607422 0.544922 0.607422 0.542969 0.605469 0.546875 0.601562
0 0.351562 0.605469 0.351562 0.609375 0.347656 0.609375 0.345703 0.607422 0.349609 0.603516
0 0.388672 0.605469 0.388672 0.609375 0.384766 0.609375 0.382812 0.607422 0.386719 0.603516
0 0.453125 0.605469 0.453125 0.609375 0.449219 0.609375 0.447266 0.607422 0.451172 0.603516
0 0.140625 0.607422 0.140625 0.611328 0.136719 0.611328 0.134766 0.609375 0.138672 0.605469
0 0.824219 0.607422 0.824219 0.611328 0.820312 0.611328 0.818359 0.609375 0.822266 0.605469
0 0.384766 0.611328 0.384766 0.615234 0.380859 0.615234 0.378906 0.613281 0.382812 0.609375
0 0.531250 0.611328 0.531250 0.615234 0.527344 0.615234 0.525391 0.613281 0.529297 0.609375
0 0.158203 0.621094 0.158203 0.625000 0.154297 0.625000 0.152344 0.623047 0.156250 0.619141
0 0.177734 0.623047 0.177734 0.626953 0.173828 0.626953 0.171875 0.625000 0.175781 0.621094
0 0.509766 0.628906 0.509766 0.632812 0.505859 0.632812 0.503906 0.630859 0.507812 0.626953
0 0.173828 0.630859 0.173828 0.634766 0.169922 0.634766 0.167969 0.632812 0.171875 0.628906
0 0.183594 0.630859 0.183594 0.634766 0.179688 0.634766 0.177734 0.632812 0.181641 0.628906
0 0.500000 0.630859 0.500000 0.634766 0.496094 0.634766 0.494141 0.632812 0.498047 0.628906
0 0.531250 0.630859 0.531250 0.634766 0.527344 0.634766 0.525391 0.632812 0.529297 0.628906
0 0.609375 0.630859 0.609375 0.634766 0.605469 0.634766 0.603516 0.632812 0.607422 0.628906
0 0.492188 0.634766 0.492188 0.638672 0.488281 0.638672 0.486328 0.636719 0.490234 0.632812
0 0.173828 0.638672 0.173828 0.642578 0.169922 0.642578 0.167969 0.640625 0.171875 0.636719
0 0.388672 0.650391 0.388672 0.654297 0.384766 0.654297 0.382812 0.652344 0.386719 0.648438
0 0.646484 0.650391 0.646484 0.654297 0.642578 0.654297 0.640625 0.652344 0.644531 0.648438
0 0.345703 0.652344 0.345703 0.656250 0.341797 0.656250 0.339844 0.654297 0.343750 0.650391
0 0.410156 0.652344 0.410156 0.656250 0.406250 0.656250 0.404297 0.654297 0.408203 0.650391
0 0.427734 0.652344 0.427734 0.656250 0.423828 0.656250 0.421875 0.654297 0.425781 0.650391
0 0.550781 0.652344 0.550781 0.656250 0.546875 0.656250 0.544922 0.654297 0.548828 0.650391
0 0.632812 0.652344 0.632812 0.656250 0.628906 0.656250 0.626953 0.654297 0.630859 0.650391
0 0.941406 0.664062 0.941406 0.667969 0.937500 0.667969 0.935547 0.666016 0.939453 0.662109
0 0.626953 0.666016 0.626953 0.669922 0.623047 0.669922 0.621094 0.667969 0.625000 0.664062
0 0.144531 0.667969 0.144531 0.671875 0.140625 0.671875 0.138672 0.669922 0.142578 0.666016
0 0.453125 0.667969 0.453125 0.671875 0.449219 0.671875 0.447266 0.669922 0.451172 0.666016
0 0.578125 0.667969 0.578125 0.671875 0.574219 0.671875 0.572266 0.669922 0.576172 0.666016
0 0.621094 0.667969 0.621094 0.671875 0.617188 0.671875 0.615234 0.669922 0.619141 0.666016
0 0.187500 0.669922 0.187500 0.673828 0.183594 0.673828 0.181641 0.671875 0.185547 0.667969
0 0.736328 0.669922 0.736328 0.673828 0.732422 0.673828 0.730469 0.671875 0.734375 0.667969
0 0.742188 0.669922 0.742188 0.673828 0.738281 0.673828 0.736328 0.671875 0.740234 0.667969
0 0.824219 0.677734 0.824219 0.681641 0.820312 0.681641 0.818359 0.679688 0.822266 0.675781
0 0.705078 0.681641 0.705078 0.685547 0.701172 0.685547 0.699219 0.683594 0.703125 0.679688
0 0.451172 0.685547 0.451172 0.689453 0.447266 0.689453 0.445312 0.687500 0.449219 0.683594
0 0.814453 0.685547 0.814453 0.689453 0.810547 0.689453 0.808594 0.687500 0.812500 0.683594
0 0.505859 0.689453 0.505859 0.693359 0.501953 0.693359 0.500000 0.691406 0.503906 0.687500
0 0.281250 0.693359 0.281250 0.697266 0.277344 0.697266 0.275391 0.695312 0.279297 0.691406
0 0.755859 0.693359 0.755859 0.697266 0.751953 0.697266 0.750000 0.695312 0.753906 0.691406
0 0.220703 0.697266 0.220703 0.701172 0.216797 0.701172 0.214844 0.699219 0.218750 0.695312
0 0.357422 0.701172 0.357422 0.705078 0.353516 0.705078 0.351562 0.703125 0.355469 0.699219
0 0.501953 0.701172 0.501953 0.705078 0.498047 0.705078 0.496094 0.703125 0.500000 0.699219
0 0.558594 0.701172 0.558594 0.705078 0.554688 0.705078 0.552734 0.703125 0.556641 0.699219
0 0.841797 0.701172 0.841797 0.705078 0.837891 0.705078 0.835938 0.703125 0.839844 0.699219
0 0.375000 0.703125 0.375000 0.707031 0.371094 0.707031 0.369141 0.705078 0.373047 0.701172
0 0.470703 0.705078 0.470703 0.708984 0.466797 0.708984 0.464844 0.707031 0.468750 0.703125
0 0.341797 0.707031 0.341797 0.710938 0.337891 0.710938 0.335938 0.708984 0.339844 0.705078
0 0.751953 0.710938 0.751953 0.714844 0.748047 0.714844 0.746094 0.712891 0.750000 0.708984
0 0.345703 0.714844 0.345703 0.718750 0.341797 0.718750 0.339844 0.716797 0.343750 0.712891
0 0.535156 0.714844 0.535156 0.718750 0.531250 0.718750 0.529297 0.716797 0.533203 0.712891
0 0.609375 0.714844 0.609375 0.718750 0.605469 0.718750 0.603516 0.716797 0.607422 0.712891
0 0.839844 0.714844 0.839844 0.718750 0.835938 0.718750 0.833984 0.716797 0.837891 0.712891
0 0.216797 0.716797 0.216797 0.720703 0.212891 0.720703 0.210938 0.718750 0.214844 0.714844
0 0.277344 0.716797 0.277344 0.720703 0.273438 0.720703 0.271484 0.718750 0.275391 0.714844
0 0.503906 0.716797 0.503906 0.720703 0.500000 0.720703 0.498047 0.718750 0.501953 0.714844
0 0.568359 0.716797 0.568359 0.720703 0.564453 0.720703 0.562500 0.718750 0.566406 0.714844
0 0.935547 0.716797 0.935547 0.720703 0.931641 0.720703 0.929688 0.718750 0.933594 0.714844
0 0.328125 0.718750 0.328125 0.722656 0.324219 0.722656 0.322266 0.720703 0.326172 0.716797
0 0.886719 0.718750 0.886719 0.722656 0.882812 0.722656 0.880859 0.720703 0.884766 0.716797
0 0.779297 0.722656 0.777344 0.724609 0.777344 0.726562 0.775391 0.728516 0.769531 0.728516 0.767578 0.726562 0.767578 0.724609 0.765625 0.722656 0.765625 0.720703 0.767578 0.718750 0.767578 0.716797 0.769531 0.714844 0.775391 0.714844 0.777344 0.716797 0.777344 0.718750 0.779297 0.720703
0 0.626953 0.722656 0.626953 0.726562 0.623047 0.726562 0.621094 0.724609 0.625000 0.720703
0 0.890625 0.724609 0.890625 0.728516 0.886719 0.728516 0.884766 0.726562 0.888672 0.722656
0 0.205078 0.726562 0.205078 0.730469 0.201172 0.730469 0.199219 0.728516 0.203125 0.724609
0 0.898438 0.730469 0.898438 0.734375 0.894531 0.734375 0.892578 0.732422 0.896484 0.728516
0 0.316406 0.732422 0.316406 0.736328 0.312500 0.736328 0.310547 0.734375 0.314453 0.730469
0 0.576172 0.732422 0.576172 0.736328 0.572266 0.736328 0.570312 0.734375 0.574219 0.730469
0 0.673828 0.732422 0.673828 0.736328 0.669922 0.736328 0.667969 0.734375 0.671875 0.730469
0 0.494141 0.734375 0.494141 0.738281 0.490234 0.738281 0.488281 0.736328 0.492188 0.732422
0 0.828125 0.734375 0.828125 0.738281 0.824219 0.738281 0.822266 0.736328 0.826172 0.732422
0 0.527344 0.736328 0.527344 0.740234 0.523438 0.740234 0.521484 0.738281 0.525391 0.734375
0 0.609375 0.736328 0.609375 0.740234 0.605469 0.740234 0.603516 0.738281 0.607422 0.734375
0 0.833984 0.742188 0.833984 0.746094 0.830078 0.746094 0.828125 0.744141 0.832031 0.740234
0 0.595703 0.746094 0.595703 0.750000 0.591797 0.750000 0.589844 0.748047 0.593750 0.744141
0 0.609375 0.746094 0.609375 0.750000 0.605469 0.750000 0.603516 0.748047 0.607422 0.744141
0 0.728516 0.746094 0.728516 0.750000 0.724609 0.750000 0.722656 0.748047 0.726562 0.744141
0 0.734375 0.746094 0.734375 0.750000 0.730469 0.750000 0.728516 0.748047 0.732422 0.744141
0 0.402344 0.748047 0.402344 0.751953 0.398438 0.751953 0.396484 0.750000 0.400391 0.746094
0 0.470703 0.748047 0.470703 0.751953 0.466797 0.751953 0.464844 0.750000 0.468750 0.746094
0 0.302734 0.750000 0.302734 0.753906 0.298828 0.753906 0.296875 0.751953 0.300781 0.748047
0 0.904297 0.750000 0.904297 0.753906 0.900391 0.753906 0.898438 0.751953 0.902344 0.748047
0 0.767578 0.751953 0.767578 0.755859 0.763672 0.755859 0.761719 0.753906 0.765625 0.750000
0 0.707031 0.755859 0.707031 0.759766 0.703125 0.759766 0.701172 0.757812 0.705078 0.753906
0 0.748047 0.757812 0.748047 0.761719 0.744141 0.761719 0.742188 0.759766 0.746094 0.755859
0 0.113281 0.761719 0.113281 0.765625 0.109375 0.765625 0.107422 0.763672 0.111328 0.759766
0 0.294922 0.761719 0.294922 0.765625 0.291016 0.765625 0.289062 0.763672 0.292969 0.759766
0 0.363281 0.761719 0.363281 0.765625 0.359375 0.765625 0.357422 0.763672 0.361328 0.759766
0 0.607422 0.761719 0.607422 0.765625 0.603516 0.765625 0.601562 0.763672 0.605469 0.759766
0 0.691406 0.761719 0.691406 0.765625 0.687500 0.765625 0.685547 0.763672 0.689453 0.759766
0 0.384766 0.763672 0.384766 0.767578 0.380859 0.767578 0.378906 0.765625 0.382812 0.761719
0 0.564453 0.763672 0.564453 0.767578 0.560547 0.767578 0.558594 0.765625 0.562500 0.761719
0 0.621094 0.763672 0.621094 0.767578 0.617188 0.767578 0.615234 0.765625 0.619141 0.761719
0 0.330078 0.765625 0.330078 0.769531 0.326172 0.769531 0.324219 0.767578 0.328125 0.763672
0 0.734375 0.767578 0.734375 0.771484 0.730469 0.771484 0.728516 0.769531 0.732422 0.765625
0 0.781250 0.767578 0.781250 0.771484 0.777344 0.771484 0.775391 0.769531 0.779297 0.765625
0 0.833984 0.769531 0.833984 0.773438 0.830078 0.773438 0.828125 0.771484 0.832031 0.767578
0 0.615234 0.773438 0.615234 0.777344 0.611328 0.777344 0.609375 0.775391 0.613281 0.771484
0 0.171875 0.775391 0.171875 0.779297 0.167969 0.779297 0.166016 0.777344 0.169922 0.773438
0 0.740234 0.775391 0.740234 0.779297 0.736328 0.779297 0.734375 0.777344 0.738281 0.773438
0 0.431641 0.777344 0.431641 0.781250 0.427734 0.781250 0.425781 0.779297 0.429688 0.775391
0 0.490234 0.777344 0.490234 0.781250 0.486328 0.781250 0.484375 0.779297 0.488281 0.775391
0 0.517578 0.779297 0.517578 0.783203 0.513672 0.783203 0.511719 0.781250 0.515625 0.777344
0 0.634766 0.779297 0.634766 0.783203 0.630859 0.783203 0.628906 0.781250 0.632812 0.777344
0 0.687500 0.779297 0.687500 0.783203 0.683594 0.783203 0.681641 0.781250 0.685547 0.777344
0 0.277344 0.781250 0.277344 0.785156 0.273438 0.785156 0.271484 0.783203 0.275391 0.779297
0 0.865234 0.787109 0.863281 0.789062 0.863281 0.791016 0.861328 0.792969 0.855469 0.792969 0.853516 0.791016 0.853516 0.789062 0.851562 0.787109 0.851562 0.785156 0.853516 0.783203 0.853516 0.781250 0.855469 0.779297 0.861328 0.779297 0.863281 0.781250 0.863281 0.783203 0.865234 0.785156
0 0.238281 0.792969 0.238281 0.796875 0.234375 0.796875 0.232422 0.794922 0.236328 0.791016
0 0.250000 0.792969 0.250000 0.796875 0.246094 0.796875 0.244141 0.794922 0.248047 0.791016
0 0.640625 0.792969 0.640625 0.796875 0.636719 0.796875 0.634766 0.794922 0.638672 0.791016
0 0.773438 0.792969 0.773438 0.796875 0.769531 0.796875 0.767578 0.794922 0.771484 0.791016
0 0.455078 0.794922 0.455078 0.798828 0.451172 0.798828 0.449219 0.796875 0.453125 0.792969
0 0.783203 0.794922 0.783203 0.798828 0.779297 0.798828 0.777344 0.796875 0.781250 0.792969
0 0.189453 0.800781 0.189453 0.804688 0.185547 0.804688 0.183594 0.802734 0.187500 0.798828
0 0.533203 0.800781 0.533203 0.804688 0.529297 0.804688 0.527344 0.802734 0.531250 0.798828
0 0.505859 0.802734 0.505859 0.806641 0.501953 0.806641 0.500000 0.804688 0.503906 0.800781
0 0.642578 0.804688 0.642578 0.808594 0.638672 0.808594 0.636719 0.806641 0.640625 0.802734
0 0.500000 0.806641 0.500000 0.810547 0.496094 0.810547 0.494141 0.808594 0.498047 0.804688
0 0.583984 0.806641 0.583984 0.810547 0.580078 0.810547 0.578125 0.808594 0.582031 0.804688
0 0.287109 0.808594 0.287109 0.812500 0.283203 0.812500 0.281250 0.810547 0.285156 0.806641
0 0.425781 0.808594 0.425781 0.812500 0.421875 0.812500 0.419922 0.810547 0.423828 0.806641
0 0.476562 0.808594 0.476562 0.812500 0.472656 0.812500 0.470703 0.810547 0.474609 0.806641
0 0.591797 0.808594 0.591797 0.812500 0.587891 0.812500 0.585938 0.810547 0.589844 0.806641
0 0.685547 0.808594 0.685547 0.812500 0.681641 0.812500 0.679688 0.810547 0.683594 0.806641
0 0.576172 0.810547 0.576172 0.814453 0.572266 0.814453 0.570312 0.812500 0.574219 0.808594
0 0.751953 0.810547 0.751953 0.814453 0.748047 0.814453 0.746094 0.812500 0.750000 0.808594
0 0.455078 0.822266 0.453125 0.822266 0.451172 0.824219 0.447266 0.824219 0.445312 0.822266 0.445312 0.816406 0.447266 0.814453 0.451172 0.814453 0.453125 0.816406 0.455078 0.816406
0 0.582031 0.822266 0.582031 0.826172 0.578125 0.826172 0.576172 0.824219 0.580078 0.820312
0 0.494141 0.824219 0.494141 0.828125 0.490234 0.828125 0.488281 0.826172 0.492188 0.822266
0 0.695312 0.826172 0.693359 0.828125 0.693359 0.830078 0.691406 0.832031 0.685547 0.832031 0.683594 0.830078 0.683594 0.828125 0.681641 0.826172 0.681641 0.824219 0.683594 0.822266 0.683594 0.820312 0.685547 0.818359 0.691406 0.818359 0.693359 0.820312 0.693359 0.822266 0.695312 0.824219
0 0.707031 0.824219 0.707031 0.828125 0.703125 0.828125 0.701172 0.826172 0.705078 0.822266
0 0.623047 0.826172 0.623047 0.830078 0.619141 0.830078 0.617188 0.828125 0.621094 0.824219
0 0.812500 0.826172 0.812500 0.830078 0.808594 0.830078 0.806641 0.828125 0.810547 0.824219
0 0.191406 0.828125 0.191406 0.832031 0.187500 0.832031 0.185547 0.830078 0.189453 0.826172
0 0.259766 0.832031 0.259766 0.835938 0.255859 0.835938 0.253906 0.833984 0.257812 0.830078
0 0.193359 0.839844 0.193359 0.843750 0.189453 0.843750 0.187500 0.841797 0.191406 0.837891
0 0.515625 0.839844 0.515625 0.843750 0.511719 0.843750 0.509766 0.841797 0.513672 0.837891
0 0.703125 0.839844 0.703125 0.843750 0.699219 0.843750 0.697266 0.841797 0.701172 0.837891
0 0.199219 0.841797 0.199219 0.845703 0.195312 0.845703 0.193359 0.843750 0.197266 0.839844
0 0.669922 0.841797 0.669922 0.845703 0.666016 0.845703 0.664062 0.843750 0.667969 0.839844
0 0.640625 0.847656 0.640625 0.851562 0.636719 0.851562 0.634766 0.849609 0.638672 0.845703
0 0.533203 0.851562 0.533203 0.855469 0.529297 0.855469 0.527344 0.853516 0.531250 0.849609
0 0.562500 0.853516 0.562500 0.857422 0.558594 0.857422 0.556641 0.855469 0.560547 0.851562
0 0.478516 0.855469 0.478516 0.859375 0.474609 0.859375 0.472656 0.857422 0.476562 0.853516
0 0.617188 0.857422 0.617188 0.861328 0.613281 0.861328 0.611328 0.859375 0.615234 0.855469
0 0.996094 0.859375 0.994141 0.861328 0.994141 0.863281 0.992188 0.865234 0.986328 0.865234 0.984375 0.863281 0.984375 0.861328 0.982422 0.859375 0.982422 0.857422 0.984375 0.855469 0.984375 0.853516 0.986328 0.851562 0.992188 0.851562 0.994141 0.853516 0.994141 0.855469 0.996094 0.857422
0 0.421875 0.859375 0.421875 0.863281 0.417969 0.863281 0.416016 0.861328 0.419922 0.857422
0 0.580078 0.863281 0.580078 0.867188 0.576172 0.867188 0.574219 0.865234 0.578125 0.861328
0 0.759766 0.871094 0.759766 0.875000 0.755859 0.875000 0.753906 0.873047 0.757812 0.869141
0 0.753906 0.878906 0.753906 0.882812 0.750000 0.882812 0.748047 0.880859 0.751953 0.876953
0 0.189453 0.880859 0.189453 0.884766 0.185547 0.884766 0.183594 0.882812 0.187500 0.878906
0 0.861328 0.880859 0.861328 0.884766 0.857422 0.884766 0.855469 0.882812 0.859375 0.878906
0 0.843750 0.886719 0.843750 0.890625 0.839844 0.890625 0.837891 0.888672 0.841797 0.884766
0 0.443359 0.888672 0.443359 0.892578 0.439453 0.892578 0.437500 0.890625 0.441406 0.886719
0 0.689453 0.888672 0.689453 0.892578 0.685547 0.892578 0.683594 0.890625 0.687500 0.886719
0 0.736328 0.894531 0.736328 0.898438 0.732422 0.898438 0.730469 0.896484 0.734375 0.892578
0 0.597656 0.898438 0.597656 0.902344 0.593750 0.902344 0.591797 0.900391 0.595703 0.896484
0 0.248047 0.900391 0.248047 0.904297 0.244141 0.904297 0.242188 0.902344 0.246094 0.898438
0 0.447266 0.900391 0.447266 0.904297 0.443359 0.904297 0.441406 0.902344 0.445312 0.898438
0 0.757812 0.900391 0.757812 0.904297 0.753906 0.904297 0.751953 0.902344 0.755859 0.898438
0 0.195312 0.910156 0.195312 0.914062 0.191406 0.914062 0.189453 0.912109 0.193359 0.908203
0 0.230469 0.917969 0.230469 0.921875 0.226562 0.921875 0.224609 0.919922 0.228516 0.916016
0 0.658203 0.917969 0.658203 0.921875 0.654297 0.921875 0.652344 0.919922 0.656250 0.916016
0 0.718750 0.919922 0.718750 0.923828 0.714844 0.923828 0.712891 0.921875 0.716797 0.917969
0 0.851562 0.919922 0.851562 0.923828 0.847656 0.923828 0.845703 0.921875 0.849609 0.917969
0 0.541016 0.921875 0.541016 0.925781 0.537109 0.925781 0.535156 0.923828 0.539062 0.919922
0 0.269531 0.933594 0.269531 0.937500 0.265625 0.937500 0.263672 0.935547 0.267578 0.931641
0 0.554688 0.935547 0.554688 0.939453 0.550781 0.939453 0.548828 0.937500 0.552734 0.933594
0 0.611328 0.937500 0.611328 0.941406 0.607422 0.941406 0.605469 0.939453 0.609375 0.935547
0 0.628906 0.949219 0.628906 0.953125 0.625000 0.953125 0.623047 0.951172 0.626953 0.947266
0 0.642578 0.951172 0.642578 0.955078 0.638672 0.955078 0.636719 0.953125 0.640625 0.949219
0 0.781250 0.951172 0.781250 0.955078 0.777344 0.955078 0.775391 0.953125 0.779297 0.949219
0 0.558594 0.955078 0.558594 0.958984 0.554688 0.958984 0.552734 0.957031 0.556641 0.953125
0 0.730469 0.958984 0.730469 0.962891 0.726562 0.962891 0.724609 0.960938 0.728516 0.957031
0 0.554688 0.964844 0.554688 0.968750 0.550781 0.968750 0.548828 0.966797 0.552734 0.962891
0 0.794922 0.964844 0.794922 0.968750 0.791016 0.968750 0.789062 0.966797 0.792969 0.962891
0 0.847656 0.964844 0.847656 0.968750 0.843750 0.968750 0.841797 0.966797 0.845703 0.962891
0 0.832031 0.966797 0.832031 0.970703 0.828125 0.970703 0.826172 0.968750 0.830078 0.964844
0 0.525391 0.982422 0.525391 0.986328 0.521484 0.986328 0.519531 0.984375 0.523438 0.980469
0 0.488281 0.986328 0.488281 0.990234 0.484375 0.990234 0.482422 0.988281 0.486328 0.984375
0 0.587891 0.988281 0.587891 0.992188 0.583984 0.992188 0.582031 0.990234 0.585938 0.986328
0 0.529297 0.992188 0.529297 0.996094 0.525391 0.996094 0.523438 0.994141 0.527344 0.990234
0 0.875000 0.992188 0.875000 0.996094 0.871094 0.996094 0.869141 0.994141 0.873047 0.990234
0 0.910156 0.992188 0.910156 0.996094 0.906250 0.996094 0.904297 0.994141 0.908203 0.990234
0 0.611328 0.998047 0.601562 0.998047 0.601562 0.994141 0.603516 0.992188 0.607422 0.992188 0.609375 0.994141 0.611328 0.994141
0 0.939453 0.996094 0.939453 0.998047 0.933594 0.998047 0.937500 0.994141
