0 0.167969 0.056641 0.166016 0.056641 0.164062 0.058594 0.162109 0.058594 0.160156 0.060547 0.160156 0.064453 0.162109 0.066406 0.167969 0.066406 0.169922 0.064453 0.169922 0.058594
0 0.103516 0.060547 0.101562 0.062500 0.101562 0.064453 0.099609 0.066406 0.099609 0.068359 0.103516 0.072266 0.107422 0.072266 0.111328 0.068359 0.111328 0.064453 0.109375 0.062500 0.109375 0.060547
0 0.062500 0.062500 0.058594 0.062500 0.056641 0.064453 0.056641 0.066406 0.058594 0.068359 0.060547 0.068359 0.062500 0.066406
0 0.244141 0.113281 0.242188 0.113281 0.238281 0.117188 0.238281 0.119141 0.240234 0.121094 0.244141 0.121094 0.246094 0.119141 0.246094 0.115234
0 0.191406 0.130859 0.191406 0.132812 0.193359 0.134766 0.197266 0.134766 0.199219 0.136719 0.205078 0.136719 0.207031 0.134766 0.207031 0.132812 0.205078 0.130859 0.203125 0.130859 0.201172 0.128906 0.193359 0.128906
0 0.722656 0.207031 0.720703 0.208984 0.720703 0.214844 0.722656 0.216797 0.730469 0.216797 0.732422 0.214844 0.732422 0.210938 0.728516 0.207031
0 0.263672 0.226562 0.261719 0.224609 0.259766 0.224609 0.257812 0.222656 0.255859 0.222656 0.253906 0.224609 0.251953 0.224609 0.246094 0.230469 0.246094 0.232422 0.250000 0.236328 0.257812 0.236328 0.261719 0.232422 0.261719 0.230469 0.263672 0.228516
0 0.849609 0.228516 0.849609 0.232422 0.851562 0.232422 0.851562 0.228516
0 0.773438 0.234375 0.773438 0.238281 0.777344 0.238281 0.779297 0.236328 0.777344 0.234375
1 0.230469 0.240234 0.232422 0.242188 0.234375 0.242188 0.236328 0.240234
0 0.660156 0.246094 0.658203 0.248047 0.658203 0.251953 0.662109 0.251953 0.662109 0.248047
0 0.517578 0.250000 0.515625 0.251953 0.517578 0.253906 0.519531 0.253906 0.521484 0.251953 0.519531 0.250000
0 0.281250 0.273438 0.281250 0.275391 0.285156 0.279297 0.287109 0.277344 0.287109 0.275391 0.285156 0.273438
0 0.351562 0.289062 0.351562 0.292969 0.353516 0.292969 0.355469 0.291016 0.353516 0.289062
0 0.529297 0.292969 0.529297 0.294922 0.533203 0.294922 0.533203 0.292969
0 0.390625 0.310547 0.386719 0.310547 0.384766 0.312500 0.386719 0.314453 0.388672 0.314453 0.390625 0.312500
0 0.941406 0.308594 0.939453 0.310547 0.939453 0.312500 0.941406 0.314453 0.943359 0.314453 0.945312 0.312500 0.945312 0.310547 0.943359 0.308594
0 0.480469 0.322266 0.476562 0.322266 0.474609 0.324219 0.474609 0.326172 0.478516 0.330078 0.482422 0.326172 0.482422 0.324219
0 0.599609 0.322266 0.597656 0.324219 0.597656 0.328125 0.595703 0.330078 0.599609 0.333984 0.605469 0.333984 0.607422 0.332031 0.607422 0.324219 0.605469 0.322266
0 0.931641 0.320312 0.929688 0.322266 0.931641 0.324219 0.933594 0.322266
0 0.849609 0.324219 0.847656 0.326172 0.849609 0.328125 0.851562 0.328125 0.853516 0.326172 0.851562 0.324219
0 0.308594 0.328125 0.306641 0.330078 0.304688 0.330078 0.304688 0.333984 0.308594 0.333984 0.310547 0.332031 0.308594 0.330078
0 0.576172 0.353516 0.576172 0.357422 0.580078 0.361328 0.580078 0.365234 0.585938 0.369141 0.589844 0.367188 0.595703 0.367188 0.597656 0.369141 0.601562 0.367188 0.611328 0.369141 0.617188 0.361328 0.617188 0.357422 0.615234 0.355469 0.605469 0.353516 0.599609 0.347656 0.599609 0.343750 0.595703 0.345703 0.591797 0.341797 0.585938 0.341797
0 0.300781 0.349609 0.298828 0.347656 0.296875 0.349609 0.296875 0.351562 0.300781 0.351562
0 0.427734 0.353516 0.425781 0.351562 0.423828 0.353516 0.423828 0.355469 0.425781 0.355469
1 0.271484 0.359375 0.271484 0.367188 0.269531 0.369141 0.267578 0.369141 0.273438 0.369141 0.273438 0.361328
0 0.556641 0.359375 0.554688 0.361328 0.554688 0.363281 0.556641 0.365234 0.560547 0.365234 0.562500 0.363281 0.562500 0.361328 0.560547 0.359375
0 0.287109 0.365234 0.287109 0.367188 0.292969 0.367188 0.292969 0.363281 0.289062 0.363281
0 0.298828 0.367188 0.298828 0.371094 0.300781 0.371094 0.302734 0.373047 0.304688 0.371094 0.304688 0.367188
0 0.746094 0.369141 0.742188 0.369141 0.742188 0.371094 0.744141 0.373047 0.746094 0.371094
0 0.294922 0.378906 0.294922 0.380859 0.292969 0.382812 0.292969 0.384766 0.294922 0.386719 0.296875 0.384766 0.296875 0.382812 0.294922 0.380859
0 0.933594 0.380859 0.933594 0.382812 0.931641 0.384766 0.935547 0.388672 0.937500 0.388672 0.937500 0.386719 0.939453 0.384766 0.935547 0.380859
0 0.320312 0.384766 0.318359 0.386719 0.318359 0.390625 0.320312 0.390625 0.322266 0.392578 0.324219 0.390625 0.324219 0.386719 0.322266 0.384766
1 0.333984 0.400391 0.332031 0.402344 0.332031 0.404297 0.335938 0.408203 0.335938 0.414062 0.337891 0.414062 0.335938 0.412109 0.335938 0.408203 0.333984 0.406250 0.335938 0.404297 0.337891 0.404297
0 0.375000 0.404297 0.373047 0.402344 0.371094 0.404297 0.371094 0.406250 0.373047 0.406250
1 0.779297 0.416016 0.773438 0.421875 0.773438 0.423828 0.789062 0.439453 0.791016 0.439453 0.792969 0.441406 0.794922 0.441406 0.798828 0.445312 0.800781 0.445312 0.808594 0.437500 0.808594 0.433594 0.806641 0.433594 0.800781 0.427734 0.798828 0.427734 0.796875 0.425781 0.794922 0.425781 0.792969 0.423828 0.789062 0.423828 0.781250 0.416016
0 0.876953 0.417969 0.875000 0.419922 0.875000 0.421875 0.876953 0.423828 0.878906 0.421875 0.878906 0.419922
0 0.544922 0.421875 0.541016 0.425781 0.541016 0.435547 0.544922 0.439453 0.554688 0.439453 0.560547 0.433594 0.560547 0.429688 0.558594 0.427734 0.558594 0.425781 0.552734 0.421875
0 0.720703 0.455078 0.720703 0.458984 0.722656 0.460938 0.724609 0.460938 0.726562 0.458984 0.726562 0.457031 0.724609 0.455078
1 0.335938 0.466797 0.337891 0.468750 0.343750 0.468750 0.345703 0.466797 0.343750 0.464844 0.339844 0.464844 0.337891 0.466797
0 0.798828 0.464844 0.796875 0.466797 0.796875 0.468750 0.794922 0.470703 0.796875 0.472656 0.796875 0.474609 0.798828 0.476562 0.800781 0.476562 0.802734 0.478516 0.806641 0.474609 0.806641 0.466797 0.804688 0.464844
0 0.552734 0.472656 0.544922 0.468750 0.531250 0.470703 0.525391 0.476562 0.521484 0.484375 0.521484 0.490234 0.533203 0.501953 0.544922 0.501953 0.552734 0.494141 0.554688 0.494141 0.558594 0.486328 0.558594 0.480469
0 0.902344 0.478516 0.902344 0.480469 0.904297 0.482422 0.906250 0.482422 0.908203 0.480469 0.910156 0.480469 0.910156 0.478516 0.908203 0.476562 0.904297 0.476562
0 0.781250 0.484375 0.777344 0.488281 0.777344 0.490234 0.781250 0.494141 0.785156 0.494141 0.787109 0.492188 0.787109 0.486328 0.785156 0.484375
0 0.718750 0.488281 0.718750 0.490234 0.716797 0.492188 0.716797 0.494141 0.718750 0.496094 0.718750 0.500000 0.722656 0.503906 0.724609 0.503906 0.726562 0.505859 0.732422 0.505859 0.736328 0.501953 0.736328 0.494141 0.730469 0.488281
0 0.619141 0.494141 0.615234 0.494141 0.615234 0.496094 0.617188 0.498047 0.619141 0.496094
0 0.605469 0.501953 0.601562 0.505859 0.601562 0.513672 0.605469 0.517578 0.613281 0.517578 0.611328 0.515625 0.617188 0.511719 0.615234 0.509766 0.615234 0.505859 0.611328 0.501953
0 0.658203 0.501953 0.656250 0.503906 0.656250 0.509766 0.658203 0.511719 0.662109 0.511719 0.664062 0.509766 0.664062 0.505859 0.660156 0.501953
0 0.628906 0.513672 0.623047 0.519531 0.623047 0.523438 0.621094 0.525391 0.621094 0.527344 0.623047 0.529297 0.623047 0.531250 0.625000 0.531250 0.626953 0.533203 0.634766 0.533203 0.642578 0.525391 0.642578 0.517578 0.638672 0.513672
0 0.564453 0.519531 0.560547 0.515625 0.558594 0.515625 0.556641 0.517578 0.554688 0.517578 0.552734 0.519531 0.552734 0.521484 0.554688 0.523438 0.554688 0.525391 0.562500 0.525391 0.564453 0.523438
0 0.914062 0.517578 0.912109 0.515625 0.910156 0.515625 0.908203 0.517578 0.908203 0.519531 0.912109 0.519531
0 0.666016 0.525391 0.664062 0.525391 0.660156 0.529297 0.660156 0.531250 0.662109 0.533203 0.666016 0.533203 0.667969 0.531250 0.667969 0.527344
1 0.746094 0.535156 0.738281 0.527344 0.734375 0.527344 0.732422 0.529297 0.732422 0.535156 0.728516 0.539062 0.730469 0.541016 0.726562 0.544922 0.724609 0.542969 0.722656 0.542969 0.718750 0.539062 0.716797 0.541016 0.714844 0.541016 0.714844 0.542969 0.716797 0.544922 0.716797 0.546875 0.718750 0.546875 0.720703 0.544922 0.726562 0.544922 0.730469 0.541016 0.732422 0.542969 0.736328 0.539062 0.742188 0.539062
0 0.781250 0.537109 0.779297 0.537109 0.777344 0.535156 0.775391 0.535156 0.769531 0.539062 0.767578 0.537109 0.761719 0.537109 0.761719 0.539062 0.759766 0.541016 0.759766 0.552734 0.765625 0.560547 0.771484 0.560547 0.775391 0.556641 0.775391 0.552734 0.783203 0.544922 0.783203 0.539062
0 0.429688 0.542969 0.425781 0.542969 0.423828 0.544922 0.423828 0.546875 0.427734 0.546875 0.429688 0.544922
0 0.585938 0.558594 0.583984 0.556641 0.582031 0.556641 0.580078 0.558594 0.580078 0.562500 0.583984 0.562500 0.585938 0.560547
0 0.507812 0.564453 0.503906 0.568359 0.503906 0.570312 0.498047 0.578125 0.500000 0.580078 0.500000 0.585938 0.501953 0.587891 0.507812 0.587891 0.513672 0.583984 0.519531 0.585938 0.519531 0.583984 0.515625 0.583984 0.511719 0.580078 0.511719 0.572266 0.509766 0.570312 0.511719 0.568359
0 0.763672 0.570312 0.763672 0.572266 0.771484 0.580078 0.773438 0.580078 0.777344 0.576172 0.777344 0.570312 0.773438 0.570312 0.771484 0.568359 0.767578 0.568359 0.765625 0.570312
0 0.919922 0.568359 0.916016 0.572266 0.919922 0.576172 0.923828 0.576172 0.923828 0.574219 0.925781 0.572266 0.921875 0.568359
0 0.960938 0.568359 0.958984 0.570312 0.958984 0.572266 0.960938 0.574219 0.962891 0.574219 0.964844 0.572266 0.964844 0.570312 0.962891 0.568359
1 0.294922 0.570312 0.292969 0.572266 0.294922 0.572266 0.296875 0.574219 0.296875 0.576172 0.298828 0.576172 0.300781 0.578125 0.300781 0.582031 0.304688 0.585938 0.302734 0.583984 0.302734 0.578125 0.300781 0.578125 0.298828 0.576172 0.300781 0.574219 0.302734 0.574219 0.300781 0.574219 0.298828 0.572266 0.296875 0.572266
0 0.857422 0.576172 0.855469 0.576172 0.855469 0.580078 0.857422 0.578125
1 0.570312 0.582031 0.566406 0.585938 0.566406 0.591797 0.570312 0.595703 0.570312 0.601562 0.580078 0.611328 0.582031 0.611328 0.585938 0.615234 0.587891 0.615234 0.589844 0.613281 0.589844 0.609375 0.591797 0.607422 0.589844 0.605469 0.589844 0.603516 0.585938 0.599609 0.582031 0.599609 0.580078 0.597656 0.580078 0.583984 0.578125 0.583984 0.576172 0.582031
0 0.593750 0.582031 0.591797 0.583984 0.591797 0.587891 0.593750 0.589844 0.593750 0.591797 0.599609 0.591797 0.603516 0.587891 0.601562 0.585938 0.601562 0.583984 0.599609 0.582031
0 0.888672 0.589844 0.888672 0.591797 0.890625 0.593750 0.890625 0.597656 0.892578 0.597656 0.898438 0.603516 0.904297 0.603516 0.908203 0.599609 0.908203 0.597656 0.900391 0.589844 0.898438 0.589844 0.896484 0.587891 0.890625 0.587891
0 0.507812 0.603516 0.505859 0.599609 0.498047 0.593750 0.496094 0.595703 0.492188 0.591797 0.484375 0.589844 0.480469 0.593750 0.464844 0.599609 0.464844 0.605469 0.460938 0.609375 0.460938 0.613281 0.464844 0.617188 0.472656 0.617188 0.480469 0.611328 0.486328 0.611328 0.496094 0.617188 0.501953 0.617188 0.507812 0.611328
0 0.632812 0.591797 0.634766 0.593750 0.628906 0.597656 0.628906 0.605469 0.636719 0.613281 0.636719 0.611328 0.642578 0.605469 0.642578 0.601562 0.640625 0.599609 0.640625 0.597656 0.638672 0.595703 0.636719 0.595703
0 0.832031 0.593750 0.828125 0.597656 0.828125 0.607422 0.832031 0.611328 0.833984 0.611328 0.835938 0.613281 0.839844 0.613281 0.841797 0.611328 0.843750 0.611328 0.843750 0.609375 0.845703 0.607422 0.845703 0.601562 0.843750 0.599609 0.843750 0.595703 0.841797 0.593750
0 0.150391 0.597656 0.148438 0.599609 0.148438 0.601562 0.146484 0.603516 0.146484 0.607422 0.148438 0.607422 0.152344 0.603516 0.152344 0.599609
1 0.410156 0.603516 0.417969 0.611328 0.423828 0.611328 0.425781 0.609375 0.429688 0.609375 0.429688 0.607422 0.431641 0.605469 0.431641 0.603516 0.429688 0.601562 0.423828 0.601562 0.421875 0.599609 0.419922 0.601562 0.416016 0.601562 0.414062 0.603516 0.412109 0.601562
0 0.455078 0.601562 0.453125 0.603516 0.451172 0.603516 0.449219 0.605469 0.451172 0.607422 0.453125 0.607422 0.455078 0.605469
0 0.705078 0.603516 0.699219 0.609375 0.705078 0.615234 0.707031 0.615234 0.710938 0.611328 0.710938 0.607422 0.707031 0.603516
0 0.328125 0.613281 0.328125 0.621094 0.324219 0.625000 0.332031 0.634766 0.333984 0.632812 0.339844 0.634766 0.343750 0.638672 0.345703 0.646484 0.353516 0.644531 0.361328 0.632812 0.365234 0.634766 0.365234 0.628906 0.369141 0.623047 0.367188 0.615234 0.359375 0.611328 0.357422 0.615234 0.353516 0.613281 0.343750 0.621094 0.332031 0.609375
0 0.728516 0.611328 0.722656 0.617188 0.722656 0.619141 0.726562 0.623047 0.726562 0.625000 0.732422 0.625000 0.736328 0.621094 0.736328 0.617188 0.734375 0.615234 0.734375 0.613281 0.732422 0.613281 0.730469 0.611328
0 0.693359 0.615234 0.691406 0.617188 0.691406 0.619141 0.693359 0.621094 0.695312 0.621094 0.697266 0.619141 0.697266 0.617188 0.695312 0.615234
0 0.779297 0.615234 0.777344 0.617188 0.777344 0.619141 0.775391 0.621094 0.775391 0.625000 0.777344 0.626953 0.783203 0.626953 0.787109 0.623047 0.787109 0.619141 0.783203 0.615234
0 0.949219 0.613281 0.945312 0.617188 0.945312 0.619141 0.947266 0.621094 0.947266 0.623047 0.951172 0.626953 0.953125 0.626953 0.955078 0.625000 0.955078 0.617188 0.953125 0.615234 0.951172 0.615234
0 0.607422 0.619141 0.603516 0.619141 0.601562 0.621094 0.601562 0.623047 0.603516 0.625000 0.603516 0.626953 0.601562 0.628906 0.603516 0.626953 0.605469 0.626953 0.607422 0.625000 0.609375 0.625000 0.609375 0.621094
1 0.421875 0.626953 0.423828 0.628906 0.421875 0.630859 0.423828 0.632812 0.425781 0.632812 0.427734 0.630859 0.429688 0.632812 0.433594 0.632812 0.435547 0.630859 0.437500 0.630859 0.441406 0.634766 0.441406 0.638672 0.445312 0.642578 0.451172 0.636719 0.451172 0.634766 0.447266 0.630859 0.445312 0.630859 0.443359 0.632812 0.441406 0.630859 0.439453 0.630859 0.431641 0.623047 0.429688 0.623047 0.427734 0.621094 0.425781 0.623047 0.423828 0.623047 0.423828 0.625000
0 0.876953 0.623047 0.876953 0.626953 0.880859 0.626953 0.880859 0.623047
0 0.826172 0.630859 0.824219 0.632812 0.822266 0.632812 0.820312 0.634766 0.820312 0.638672 0.824219 0.642578 0.828125 0.642578 0.830078 0.640625 0.832031 0.640625 0.832031 0.634766 0.830078 0.632812 0.828125 0.632812
0 0.779297 0.640625 0.777344 0.642578 0.777344 0.644531 0.779297 0.646484 0.783203 0.646484 0.785156 0.644531 0.785156 0.642578 0.783203 0.640625
0 0.847656 0.644531 0.845703 0.646484 0.845703 0.650391 0.849609 0.654297 0.851562 0.654297 0.855469 0.650391 0.855469 0.646484 0.853516 0.644531
0 0.445312 0.650391 0.443359 0.652344 0.443359 0.654297 0.445312 0.656250 0.447266 0.656250 0.447266 0.652344
0 0.599609 0.648438 0.597656 0.650391 0.597656 0.652344 0.595703 0.654297 0.597656 0.654297 0.601562 0.658203 0.605469 0.654297 0.605469 0.652344 0.601562 0.648438
0 0.880859 0.650391 0.878906 0.652344 0.878906 0.656250 0.880859 0.658203 0.882812 0.658203 0.884766 0.656250 0.884766 0.652344 0.882812 0.650391
0 0.308594 0.652344 0.306641 0.652344 0.302734 0.656250 0.302734 0.658203 0.306641 0.662109 0.306641 0.664062 0.308594 0.662109 0.310547 0.662109 0.310547 0.660156 0.312500 0.658203 0.310547 0.656250 0.310547 0.654297
0 0.671875 0.652344 0.669922 0.652344 0.666016 0.656250 0.666016 0.658203 0.667969 0.660156 0.671875 0.660156 0.673828 0.658203 0.673828 0.654297
0 0.488281 0.660156 0.486328 0.658203 0.484375 0.660156 0.484375 0.662109 0.486328 0.662109
0 0.757812 0.660156 0.755859 0.660156 0.753906 0.658203 0.751953 0.660156 0.750000 0.660156 0.748047 0.662109 0.748047 0.667969 0.750000 0.669922 0.755859 0.669922 0.757812 0.667969 0.757812 0.666016 0.759766 0.664062 0.757812 0.662109
0 0.511719 0.662109 0.505859 0.667969 0.501953 0.675781 0.505859 0.687500 0.511719 0.695312 0.515625 0.697266 0.521484 0.697266 0.523438 0.699219 0.533203 0.697266 0.541016 0.687500 0.541016 0.677734 0.539062 0.673828 0.523438 0.662109
0 0.775391 0.666016 0.775391 0.671875 0.777344 0.673828 0.785156 0.673828 0.787109 0.671875 0.789062 0.671875 0.789062 0.666016 0.787109 0.666016 0.783203 0.662109 0.779297 0.662109
0 0.908203 0.660156 0.906250 0.662109 0.904297 0.662109 0.904297 0.666016 0.906250 0.667969 0.906250 0.669922 0.908203 0.667969 0.910156 0.667969 0.912109 0.666016 0.912109 0.664062
0 0.691406 0.664062 0.689453 0.666016 0.689453 0.669922 0.691406 0.671875 0.695312 0.671875 0.697266 0.669922 0.697266 0.666016 0.695312 0.664062
0 0.808594 0.666016 0.806641 0.667969 0.808594 0.669922 0.810547 0.667969
1 0.357422 0.671875 0.353516 0.667969 0.351562 0.669922 0.345703 0.671875 0.341797 0.675781 0.335938 0.669922 0.333984 0.669922 0.332031 0.671875 0.320312 0.671875 0.318359 0.669922 0.316406 0.669922 0.312500 0.673828 0.312500 0.683594 0.318359 0.689453 0.320312 0.687500 0.324219 0.687500 0.326172 0.685547 0.326172 0.683594 0.332031 0.677734 0.337891 0.683594 0.343750 0.685547 0.345703 0.683594 0.347656 0.683594 0.349609 0.681641 0.349609 0.679688
0 0.679688 0.669922 0.677734 0.667969 0.671875 0.667969 0.666016 0.671875 0.662109 0.671875 0.660156 0.669922 0.656250 0.671875 0.650391 0.677734 0.650391 0.687500 0.658203 0.693359 0.667969 0.691406 0.671875 0.685547 0.671875 0.677734 0.675781 0.675781 0.679688 0.671875
0 0.914062 0.673828 0.910156 0.677734 0.910156 0.681641 0.912109 0.683594 0.914062 0.683594 0.916016 0.685547 0.919922 0.685547 0.923828 0.681641 0.923828 0.679688 0.917969 0.673828
0 0.943359 0.671875 0.941406 0.673828 0.943359 0.675781 0.943359 0.677734 0.947266 0.677734 0.949219 0.675781 0.949219 0.673828 0.947266 0.671875
0 0.695312 0.677734 0.693359 0.679688 0.693359 0.681641 0.691406 0.683594 0.691406 0.685547 0.693359 0.685547 0.695312 0.687500 0.695312 0.689453 0.699219 0.689453 0.703125 0.685547 0.703125 0.681641 0.699219 0.677734
0 0.892578 0.677734 0.890625 0.679688 0.888672 0.679688 0.882812 0.685547 0.882812 0.695312 0.886719 0.699219 0.892578 0.699219 0.894531 0.701172 0.898438 0.701172 0.900391 0.699219 0.902344 0.699219 0.908203 0.693359 0.908203 0.689453 0.906250 0.687500 0.906250 0.683594 0.904297 0.683594 0.896484 0.677734
1 0.621094 0.689453 0.611328 0.679688 0.601562 0.679688 0.597656 0.683594 0.595703 0.683594 0.589844 0.689453 0.589844 0.691406 0.587891 0.693359 0.585938 0.691406 0.580078 0.693359 0.574219 0.687500 0.574219 0.685547 0.572266 0.683594 0.568359 0.683594 0.566406 0.685547 0.564453 0.685547 0.558594 0.691406 0.558594 0.693359 0.568359 0.705078 0.572266 0.705078 0.576172 0.701172 0.582031 0.701172 0.587891 0.705078 0.591797 0.705078 0.599609 0.697266 0.605469 0.697266 0.607422 0.699219 0.609375 0.699219 0.611328 0.697266 0.617188 0.697266 0.621094 0.693359
0 0.757812 0.679688 0.755859 0.681641 0.757812 0.683594 0.757812 0.685547 0.759766 0.687500 0.763672 0.687500 0.763672 0.681641 0.761719 0.679688
1 0.787109 0.683594 0.791016 0.687500 0.791016 0.689453 0.798828 0.697266 0.800781 0.697266 0.802734 0.699219 0.804688 0.699219 0.806641 0.697266 0.806641 0.695312 0.804688 0.693359 0.802734 0.693359 0.800781 0.695312 0.798828 0.693359 0.798828 0.691406 0.794922 0.687500 0.792969 0.687500 0.789062 0.683594
0 0.396484 0.689453 0.394531 0.691406 0.392578 0.691406 0.390625 0.689453 0.388672 0.689453 0.388672 0.691406 0.384766 0.695312 0.384766 0.699219 0.386719 0.701172 0.388672 0.701172 0.390625 0.703125 0.396484 0.697266 0.396484 0.695312 0.394531 0.693359 0.394531 0.691406
0 0.826172 0.687500 0.824219 0.689453 0.824219 0.691406 0.826172 0.693359 0.830078 0.693359 0.832031 0.691406 0.832031 0.689453 0.830078 0.687500
0 0.349609 0.693359 0.345703 0.695312 0.347656 0.699219 0.339844 0.703125 0.337891 0.705078 0.337891 0.708984 0.333984 0.712891 0.341797 0.718750 0.343750 0.718750 0.347656 0.714844 0.349609 0.716797 0.357422 0.712891 0.357422 0.705078 0.359375 0.703125 0.357422 0.705078 0.353516 0.703125 0.349609 0.699219 0.351562 0.697266
1 0.843750 0.693359 0.841797 0.693359 0.839844 0.695312 0.839844 0.697266 0.841797 0.699219 0.841797 0.701172 0.837891 0.705078 0.839844 0.707031 0.841797 0.705078 0.841797 0.703125 0.843750 0.701172
0 0.160156 0.697266 0.158203 0.699219 0.158203 0.703125 0.160156 0.703125 0.162109 0.701172 0.162109 0.699219
0 0.738281 0.695312 0.738281 0.699219 0.740234 0.701172 0.742188 0.699219 0.742188 0.697266 0.740234 0.695312
0 0.173828 0.699219 0.167969 0.705078 0.171875 0.708984 0.173828 0.708984 0.175781 0.707031 0.175781 0.701172
0 0.714844 0.703125 0.710938 0.707031 0.712891 0.708984 0.714844 0.708984 0.716797 0.707031 0.716797 0.705078
0 0.945312 0.703125 0.945312 0.705078 0.943359 0.707031 0.941406 0.707031 0.941406 0.708984 0.943359 0.710938 0.941406 0.712891 0.943359 0.714844 0.951172 0.714844 0.953125 0.712891 0.953125 0.707031 0.949219 0.703125
0 0.462891 0.714844 0.464844 0.716797 0.466797 0.714844 0.468750 0.714844 0.470703 0.712891 0.468750 0.710938 0.466797 0.712891 0.464844 0.710938 0.462891 0.712891
0 0.880859 0.712891 0.880859 0.718750 0.882812 0.720703 0.886719 0.720703 0.888672 0.718750 0.892578 0.720703 0.892578 0.732422 0.898438 0.738281 0.908203 0.740234 0.914062 0.736328 0.916016 0.732422 0.916016 0.716797 0.906250 0.710938 0.898438 0.710938 0.892578 0.716797 0.890625 0.716797 0.886719 0.710938 0.882812 0.710938
0 0.982422 0.712891 0.980469 0.714844 0.980469 0.724609 0.984375 0.728516 0.988281 0.728516 0.990234 0.726562 0.992188 0.726562 0.994141 0.724609 0.994141 0.718750 0.992188 0.716797 0.992188 0.714844 0.990234 0.712891
1 0.347656 0.722656 0.347656 0.724609 0.351562 0.724609 0.353516 0.726562 0.353516 0.730469 0.355469 0.732422 0.361328 0.732422 0.361328 0.726562 0.359375 0.724609 0.355469 0.724609 0.353516 0.726562 0.349609 0.722656 0.349609 0.720703
0 0.367188 0.718750 0.365234 0.718750 0.363281 0.720703 0.365234 0.722656 0.367188 0.720703
0 0.636719 0.726562 0.630859 0.720703 0.625000 0.720703 0.623047 0.722656 0.621094 0.722656 0.615234 0.728516 0.613281 0.728516 0.609375 0.732422 0.609375 0.736328 0.613281 0.740234 0.628906 0.740234 0.630859 0.738281 0.632812 0.738281 0.636719 0.734375
0 0.781250 0.722656 0.777344 0.726562 0.777344 0.744141 0.779297 0.746094 0.777344 0.750000 0.779297 0.748047 0.787109 0.753906 0.796875 0.751953 0.802734 0.744141 0.802734 0.732422 0.791016 0.722656
0 0.509766 0.726562 0.507812 0.728516 0.509766 0.730469 0.511719 0.728516
1 0.306641 0.730469 0.302734 0.734375 0.302734 0.738281 0.300781 0.740234 0.300781 0.744141 0.298828 0.746094 0.298828 0.751953 0.294922 0.755859 0.294922 0.757812 0.287109 0.765625 0.279297 0.765625 0.277344 0.763672 0.275391 0.765625 0.275391 0.767578 0.277344 0.769531 0.273438 0.773438 0.271484 0.779297 0.277344 0.785156 0.281250 0.781250 0.287109 0.781250 0.291016 0.777344 0.289062 0.775391 0.291016 0.773438 0.292969 0.773438 0.298828 0.767578 0.302734 0.767578 0.304688 0.765625 0.304688 0.761719 0.300781 0.757812 0.300781 0.755859 0.302734 0.753906 0.300781 0.751953 0.308594 0.746094 0.310547 0.746094 0.314453 0.742188 0.314453 0.738281
0 0.335938 0.730469 0.333984 0.732422 0.332031 0.732422 0.326172 0.738281 0.326172 0.744141 0.328125 0.746094 0.332031 0.746094 0.333984 0.748047 0.337891 0.748047 0.337891 0.742188 0.339844 0.740234 0.339844 0.738281 0.337891 0.736328 0.337891 0.732422
0 0.371094 0.730469 0.369141 0.732422 0.369141 0.736328 0.371094 0.736328 0.373047 0.734375 0.373047 0.732422
0 0.289062 0.738281 0.291016 0.740234 0.292969 0.740234 0.292969 0.738281
0 0.353516 0.738281 0.349609 0.738281 0.347656 0.740234 0.347656 0.744141 0.349609 0.746094 0.349609 0.748047 0.353516 0.744141 0.355469 0.744141 0.355469 0.740234
0 0.976562 0.746094 0.972656 0.750000 0.974609 0.751953 0.974609 0.753906 0.976562 0.755859 0.978516 0.755859 0.980469 0.753906 0.980469 0.748047 0.978516 0.746094
0 0.761719 0.750000 0.753906 0.750000 0.753906 0.751953 0.750000 0.755859 0.744141 0.755859 0.736328 0.763672 0.736328 0.773438 0.742188 0.783203 0.750000 0.785156 0.751953 0.783203 0.755859 0.783203 0.759766 0.779297 0.761719 0.775391 0.761719 0.767578 0.759766 0.765625 0.759766 0.761719 0.763672 0.755859 0.763672 0.751953
1 0.429688 0.761719 0.429688 0.763672 0.431641 0.765625 0.433594 0.765625 0.435547 0.767578 0.435547 0.765625 0.437500 0.763672 0.439453 0.765625 0.439453 0.767578 0.441406 0.769531 0.445312 0.769531 0.447266 0.767578 0.449219 0.767578 0.451172 0.769531 0.453125 0.769531 0.458984 0.763672 0.457031 0.761719 0.455078 0.761719 0.453125 0.759766 0.451172 0.759766 0.449219 0.761719 0.447266 0.761719 0.445312 0.759766 0.441406 0.759766 0.435547 0.753906 0.431641 0.757812 0.431641 0.759766
0 0.263672 0.765625 0.261719 0.767578 0.259766 0.765625 0.257812 0.767578 0.257812 0.769531 0.259766 0.771484 0.263672 0.767578
0 0.968750 0.769531 0.964844 0.773438 0.964844 0.783203 0.966797 0.787109 0.968750 0.787109 0.978516 0.794922 0.982422 0.794922 0.984375 0.796875 0.986328 0.794922 0.990234 0.794922 0.992188 0.792969 0.992188 0.787109 0.990234 0.787109 0.986328 0.783203 0.986328 0.775391 0.984375 0.771484 0.978516 0.765625
0 0.656250 0.771484 0.648438 0.771484 0.644531 0.773438 0.638672 0.781250 0.638672 0.794922 0.640625 0.798828 0.648438 0.804688 0.658203 0.800781 0.662109 0.794922 0.664062 0.796875 0.662109 0.794922 0.664062 0.779297
0 0.728516 0.775391 0.726562 0.777344 0.724609 0.777344 0.724609 0.783203 0.726562 0.785156 0.728516 0.785156 0.730469 0.783203 0.730469 0.777344
0 0.839844 0.775391 0.837891 0.773438 0.835938 0.773438 0.835938 0.777344 0.833984 0.779297 0.835938 0.779297
0 0.906250 0.779297 0.908203 0.781250 0.906250 0.783203 0.906250 0.785156 0.908203 0.787109 0.912109 0.787109 0.914062 0.785156 0.914062 0.783203 0.912109 0.783203 0.910156 0.781250 0.910156 0.779297 0.908203 0.781250
0 0.826172 0.783203 0.818359 0.783203 0.818359 0.785156 0.812500 0.791016 0.812500 0.792969 0.816406 0.796875 0.818359 0.796875 0.820312 0.794922 0.822266 0.794922 0.828125 0.789062 0.826172 0.787109
0 0.888672 0.783203 0.888672 0.785156 0.886719 0.787109 0.886719 0.792969 0.888672 0.792969 0.890625 0.794922 0.896484 0.789062 0.892578 0.785156 0.890625 0.785156
0 0.117188 0.791016 0.115234 0.792969 0.117188 0.794922 0.119141 0.792969
0 0.968750 0.804688 0.968750 0.812500 0.970703 0.814453 0.976562 0.814453 0.978516 0.812500 0.980469 0.812500 0.980469 0.810547 0.978516 0.808594 0.980469 0.806641 0.976562 0.802734 0.970703 0.802734
0 0.685547 0.806641 0.685547 0.812500 0.687500 0.814453 0.691406 0.814453 0.691406 0.812500 0.693359 0.810547 0.689453 0.806641
1 0.751953 0.806641 0.748047 0.812500 0.750000 0.816406 0.746094 0.820312 0.746094 0.824219 0.755859 0.832031 0.759766 0.847656 0.771484 0.863281 0.769531 0.869141 0.769531 0.884766 0.777344 0.892578 0.791016 0.892578 0.806641 0.880859 0.812500 0.880859 0.816406 0.876953 0.816406 0.869141 0.812500 0.865234 0.816406 0.859375 0.812500 0.853516 0.785156 0.841797 0.781250 0.833984 0.769531 0.820312 0.767578 0.812500 0.761719 0.806641 0.755859 0.804688
0 0.904297 0.804688 0.902344 0.806641 0.902344 0.818359 0.908203 0.824219 0.914062 0.824219 0.916016 0.822266 0.917969 0.822266 0.917969 0.818359 0.919922 0.816406 0.919922 0.814453 0.917969 0.812500 0.917969 0.808594 0.914062 0.804688
0 0.501953 0.814453 0.498047 0.810547 0.498047 0.808594 0.496094 0.810547 0.492188 0.810547 0.490234 0.812500 0.492188 0.814453 0.498047 0.814453 0.500000 0.816406
0 0.578125 0.812500 0.578125 0.820312 0.582031 0.824219 0.583984 0.824219 0.585938 0.826172 0.589844 0.826172 0.591797 0.824219 0.597656 0.824219 0.601562 0.820312 0.601562 0.816406 0.599609 0.814453 0.599609 0.812500 0.597656 0.812500 0.593750 0.808594 0.582031 0.808594
0 0.460938 0.814453 0.458984 0.816406 0.458984 0.818359 0.460938 0.820312 0.462891 0.820312 0.462891 0.816406
0 0.720703 0.814453 0.716797 0.814453 0.708984 0.826172 0.716797 0.839844 0.710938 0.845703 0.697266 0.843750 0.691406 0.849609 0.693359 0.871094 0.687500 0.880859 0.687500 0.890625 0.691406 0.894531 0.705078 0.892578 0.714844 0.878906 0.748047 0.851562 0.748047 0.843750 0.738281 0.826172
0 0.876953 0.816406 0.876953 0.820312 0.875000 0.822266 0.875000 0.830078 0.880859 0.835938 0.890625 0.835938 0.894531 0.832031 0.894531 0.828125 0.896484 0.826172 0.894531 0.824219 0.894531 0.822266 0.888672 0.816406 0.886719 0.816406 0.884766 0.814453 0.882812 0.816406
0 0.818359 0.816406 0.816406 0.818359 0.816406 0.820312 0.818359 0.822266 0.822266 0.822266 0.824219 0.820312 0.824219 0.818359 0.822266 0.816406
0 0.853516 0.816406 0.851562 0.818359 0.853516 0.820312 0.853516 0.822266 0.857422 0.826172 0.859375 0.826172 0.861328 0.824219 0.861328 0.818359 0.859375 0.816406
0 0.982422 0.816406 0.978516 0.820312 0.978516 0.826172 0.980469 0.828125 0.988281 0.828125 0.990234 0.826172 0.990234 0.820312 0.986328 0.816406
0 0.449219 0.822266 0.447266 0.824219 0.437500 0.824219 0.435547 0.826172 0.433594 0.826172 0.433594 0.828125 0.429688 0.832031 0.427734 0.832031 0.427734 0.833984 0.429688 0.835938 0.427734 0.837891 0.429688 0.837891 0.431641 0.839844 0.431641 0.841797 0.433594 0.841797 0.435547 0.843750 0.441406 0.839844 0.443359 0.841797 0.443359 0.839844 0.445312 0.837891 0.447266 0.837891 0.447266 0.835938 0.451172 0.832031 0.451172 0.826172 0.449219 0.824219
0 0.945312 0.826172 0.945312 0.828125 0.943359 0.830078 0.943359 0.832031 0.945312 0.833984 0.949219 0.830078
0 0.470703 0.828125 0.468750 0.830078 0.468750 0.833984 0.472656 0.837891 0.474609 0.837891 0.476562 0.835938 0.476562 0.830078 0.474609 0.828125
0 0.181641 0.832031 0.177734 0.832031 0.175781 0.833984 0.177734 0.835938 0.179688 0.835938 0.181641 0.833984
0 0.671875 0.832031 0.666016 0.837891 0.664062 0.837891 0.662109 0.839844 0.658203 0.839844 0.658203 0.843750 0.662109 0.847656 0.662109 0.851562 0.666016 0.855469 0.669922 0.855469 0.671875 0.857422 0.677734 0.851562 0.679688 0.851562 0.679688 0.849609 0.681641 0.847656 0.681641 0.843750 0.683594 0.841797 0.675781 0.833984 0.673828 0.833984
0 0.638672 0.837891 0.638672 0.839844 0.636719 0.841797 0.636719 0.843750 0.638672 0.845703 0.638672 0.847656 0.640625 0.847656 0.642578 0.849609 0.646484 0.849609 0.646484 0.847656 0.650391 0.843750 0.644531 0.837891
0 0.486328 0.865234 0.484375 0.865234 0.482422 0.867188 0.480469 0.867188 0.476562 0.871094 0.476562 0.873047 0.474609 0.875000 0.474609 0.880859 0.476562 0.882812 0.484375 0.882812 0.486328 0.880859 0.488281 0.880859 0.490234 0.878906 0.492188 0.878906 0.492188 0.871094
0 0.667969 0.863281 0.662109 0.863281 0.660156 0.865234 0.660156 0.867188 0.658203 0.869141 0.658203 0.875000 0.654297 0.878906 0.652344 0.878906 0.656250 0.882812 0.660156 0.882812 0.660156 0.880859 0.664062 0.876953 0.666016 0.876953 0.671875 0.873047 0.669922 0.871094 0.669922 0.865234
0 0.992188 0.863281 0.988281 0.867188 0.988281 0.871094 0.992188 0.875000 0.998047 0.875000 0.998047 0.865234 0.996094 0.863281
0 0.906250 0.871094 0.906250 0.875000 0.904297 0.876953 0.914062 0.876953 0.916016 0.878906 0.916016 0.876953 0.917969 0.875000 0.917969 0.871094 0.916016 0.869141 0.910156 0.869141 0.908203 0.871094
0 0.505859 0.871094 0.503906 0.871094 0.501953 0.873047 0.501953 0.875000 0.503906 0.876953 0.505859 0.875000 0.507812 0.875000 0.505859 0.873047
0 0.453125 0.875000 0.449219 0.878906 0.447266 0.878906 0.447266 0.888672 0.453125 0.894531 0.460938 0.894531 0.462891 0.892578 0.462891 0.882812 0.460938 0.880859 0.460938 0.875000
0 0.517578 0.880859 0.515625 0.882812 0.513672 0.882812 0.511719 0.884766 0.511719 0.892578 0.513672 0.894531 0.515625 0.894531 0.517578 0.896484 0.519531 0.896484 0.523438 0.892578 0.523438 0.884766 0.519531 0.880859
0 0.119141 0.884766 0.117188 0.886719 0.117188 0.888672 0.119141 0.890625 0.119141 0.892578 0.121094 0.894531 0.123047 0.894531 0.126953 0.890625 0.126953 0.888672 0.123047 0.884766
0 0.378906 0.884766 0.376953 0.882812 0.375000 0.882812 0.373047 0.884766 0.373047 0.888672 0.376953 0.888672 0.378906 0.886719
0 0.628906 0.882812 0.626953 0.884766 0.626953 0.886719 0.628906 0.888672 0.632812 0.888672 0.634766 0.886719 0.634766 0.884766 0.632812 0.882812
0 0.570312 0.886719 0.564453 0.886719 0.554688 0.892578 0.554688 0.894531 0.550781 0.900391 0.550781 0.902344 0.554688 0.908203 0.558594 0.908203 0.560547 0.906250 0.562500 0.906250 0.566406 0.902344 0.566406 0.900391 0.568359 0.898438 0.570312 0.898438 0.570312 0.896484 0.572266 0.894531 0.572266 0.888672
0 0.396484 0.892578 0.396484 0.894531 0.394531 0.896484 0.394531 0.898438 0.396484 0.900391 0.396484 0.902344 0.398438 0.904297 0.398438 0.906250 0.400391 0.908203 0.402344 0.908203 0.406250 0.904297 0.406250 0.898438 0.402344 0.894531 0.398438 0.894531
0 0.332031 0.898438 0.328125 0.902344 0.328125 0.912109 0.339844 0.923828 0.345703 0.923828 0.349609 0.919922 0.349609 0.904297 0.347656 0.902344 0.347656 0.900391 0.345703 0.898438
0 0.414062 0.898438 0.414062 0.900391 0.412109 0.902344 0.412109 0.906250 0.414062 0.908203 0.417969 0.908203 0.419922 0.906250 0.419922 0.902344 0.416016 0.898438
0 0.685547 0.898438 0.671875 0.898438 0.662109 0.904297 0.656250 0.910156 0.656250 0.914062 0.660156 0.917969 0.658203 0.919922 0.667969 0.929688 0.673828 0.929688 0.677734 0.925781 0.681641 0.925781 0.687500 0.921875 0.691406 0.908203
0 0.437500 0.902344 0.437500 0.906250 0.439453 0.906250 0.441406 0.904297 0.439453 0.902344
0 0.236328 0.906250 0.234375 0.908203 0.234375 0.910156 0.236328 0.912109 0.238281 0.910156 0.238281 0.908203
0 0.365234 0.906250 0.361328 0.910156 0.361328 0.919922 0.365234 0.923828 0.371094 0.923828 0.375000 0.919922 0.376953 0.919922 0.375000 0.917969 0.375000 0.910156 0.371094 0.906250
0 0.621094 0.908203 0.617188 0.908203 0.617188 0.910156 0.619141 0.912109 0.621094 0.910156
0 0.451172 0.910156 0.447266 0.914062 0.447266 0.916016 0.451172 0.919922 0.455078 0.919922 0.457031 0.917969 0.457031 0.912109 0.455078 0.910156
0 0.634766 0.912109 0.634766 0.914062 0.632812 0.916016 0.634766 0.917969 0.636719 0.917969 0.638672 0.916016 0.638672 0.914062 0.636719 0.912109
0 0.787109 0.916016 0.785156 0.917969 0.785156 0.921875 0.787109 0.923828 0.791016 0.923828 0.792969 0.921875 0.792969 0.917969 0.791016 0.916016
0 0.875000 0.923828 0.873047 0.925781 0.876953 0.929688 0.878906 0.929688 0.880859 0.927734 0.880859 0.925781 0.878906 0.923828
0 0.951172 0.935547 0.951172 0.941406 0.957031 0.947266 0.964844 0.947266 0.964844 0.945312 0.968750 0.941406 0.970703 0.941406 0.972656 0.939453 0.976562 0.939453 0.976562 0.935547 0.974609 0.933594 0.972656 0.933594 0.970703 0.935547 0.968750 0.933594 0.966797 0.933594 0.960938 0.927734 0.957031 0.927734 0.953125 0.931641 0.953125 0.933594
0 0.791016 0.931641 0.791016 0.935547 0.794922 0.935547 0.796875 0.933594 0.794922 0.931641
1 0.841797 0.933594 0.839844 0.931641 0.837891 0.931641 0.837891 0.933594 0.833984 0.937500 0.828125 0.937500 0.826172 0.935547 0.824219 0.937500 0.822266 0.937500 0.820312 0.939453 0.822266 0.941406 0.822266 0.943359 0.824219 0.945312 0.826172 0.945312 0.835938 0.935547 0.841797 0.935547
0 0.359375 0.935547 0.357422 0.937500 0.355469 0.937500 0.353516 0.939453 0.353516 0.945312 0.355469 0.947266 0.359375 0.947266 0.361328 0.945312 0.361328 0.943359 0.363281 0.941406 0.363281 0.939453
0 0.462891 0.937500 0.458984 0.933594 0.453125 0.939453 0.449219 0.939453 0.447266 0.941406 0.447266 0.943359 0.449219 0.943359 0.451172 0.941406 0.453125 0.941406 0.457031 0.945312 0.458984 0.945312 0.460938 0.943359 0.460938 0.939453
0 0.494141 0.939453 0.490234 0.939453 0.488281 0.941406 0.488281 0.943359 0.490234 0.945312 0.492188 0.945312 0.494141 0.943359
0 0.865234 0.937500 0.847656 0.941406 0.839844 0.949219 0.839844 0.962891 0.841797 0.964844 0.847656 0.964844 0.851562 0.972656 0.859375 0.978516 0.867188 0.972656 0.867188 0.960938 0.865234 0.958984 0.873047 0.953125 0.873047 0.943359
0 0.666016 0.943359 0.662109 0.943359 0.662109 0.945312 0.664062 0.947266 0.666016 0.945312
0 0.498047 0.958984 0.494141 0.955078 0.490234 0.958984 0.490234 0.962891 0.496094 0.962891 0.498047 0.960938
0 0.794922 0.953125 0.789062 0.958984 0.789062 0.970703 0.792969 0.976562 0.798828 0.976562 0.800781 0.974609 0.802734 0.974609 0.802734 0.970703 0.804688 0.968750 0.804688 0.960938 0.802734 0.958984 0.802734 0.957031 0.798828 0.953125
0 0.910156 0.960938 0.912109 0.960938 0.914062 0.962891 0.919922 0.962891 0.919922 0.958984 0.917969 0.957031 0.914062 0.957031
0 0.722656 0.962891 0.720703 0.964844 0.720703 0.972656 0.724609 0.976562 0.728516 0.976562 0.732422 0.972656 0.732422 0.966797 0.728516 0.962891
0 0.943359 0.960938 0.943359 0.962891 0.945312 0.964844 0.947266 0.964844 0.947266 0.960938
0 0.644531 0.966797 0.644531 0.972656 0.646484 0.972656 0.648438 0.970703 0.648438 0.968750 0.646484 0.966797
0 0.820312 0.966797 0.818359 0.968750 0.816406 0.968750 0.814453 0.970703 0.814453 0.978516 0.816406 0.980469 0.818359 0.980469 0.820312 0.982422 0.822266 0.982422 0.826172 0.978516 0.826172 0.970703 0.824219 0.968750 0.822266 0.968750
0 0.541016 0.970703 0.539062 0.972656 0.539062 0.974609 0.541016 0.976562 0.544922 0.976562 0.544922 0.972656 0.542969 0.970703
0 0.472656 0.980469 0.472656 0.984375 0.474609 0.986328 0.478516 0.984375 0.484375 0.990234 0.488281 0.998047 0.501953 0.998047 0.507812 0.986328 0.507812 0.984375 0.500000 0.974609 0.488281 0.974609 0.484375 0.976562 0.482422 0.980469
0 0.570312 0.972656 0.568359 0.972656 0.568359 0.974609 0.566406 0.976562 0.564453 0.976562 0.568359 0.980469 0.566406 0.982422 0.568359 0.980469 0.570312 0.982422 0.574219 0.978516 0.574219 0.976562
0 0.693359 0.974609 0.689453 0.974609 0.685547 0.978516 0.685547 0.980469 0.687500 0.982422 0.689453 0.982422 0.691406 0.984375 0.693359 0.982422 0.695312 0.982422 0.695312 0.976562
0 0.935547 0.974609 0.935547 0.976562 0.933594 0.978516 0.933594 0.986328 0.935547 0.988281 0.937500 0.994141 0.941406 0.994141 0.943359 0.996094 0.947266 0.996094 0.949219 0.994141 0.951172 0.994141 0.955078 0.990234 0.955078 0.980469 0.949219 0.974609 0.945312 0.974609 0.943359 0.972656 0.941406 0.972656 0.939453 0.974609
0 0.771484 0.988281 0.771484 0.996094 0.773438 0.998047 0.796875 0.998047 0.798828 0.996094 0.798828 0.990234 0.791016 0.980469 0.777344 0.980469
0 0.638672 0.986328 0.638672 0.988281 0.636719 0.990234 0.640625 0.994141 0.642578 0.994141 0.642578 0.992188 0.644531 0.990234 0.644531 0.988281 0.642578 0.986328
0 0.453125 0.988281 0.451172 0.990234 0.451172 0.994141 0.453125 0.996094 0.453125 0.998047 0.457031 0.998047 0.458984 0.996094 0.458984 0.990234 0.457031 0.988281
0 0.671875 0.990234 0.669922 0.992188 0.669922 0.994141 0.673828 0.998047 0.675781 0.998047 0.675781 0.992188 0.673828 0.990234
1 0.804688 0.988281 0.808594 0.992188 0.808594 0.994141 0.806641 0.996094 0.806641 0.998047 0.824219 0.998047 0.820312 0.994141 0.818359 0.994141 0.816406 0.992188 0.814453 0.992188 0.810547 0.988281
1 0.394531 0.998047 0.388672 0.992188 0.386719 0.994141 0.382812 0.994141 0.380859 0.996094 0.378906 0.996094 0.376953 0.998047 0.375000 0.998047
1 0.406250 0.996094 0.406250 0.998047 0.419922 0.998047 0.419922 0.996094 0.417969 0.994141 0.414062 0.994141 0.412109 0.992188 0.410156 0.994141 0.408203 0.994141
0 0.855469 0.992188 0.851562 0.992188 0.851562 0.994141 0.853516 0.996094 0.855469 0.994141
1 0.533203 0.998047 0.539062 0.998047 0.537109 0.996094 0.535156 0.996094
0 0.455078 0.039062 0.455078 0.042969 0.451172 0.042969 0.449219 0.041016 0.453125 0.037109
0 0.539062 0.039062 0.539062 0.042969 0.535156 0.042969 0.533203 0.041016 0.537109 0.037109
0 0.505859 0.048828 0.505859 0.052734 0.501953 0.052734 0.500000 0.050781 0.503906 0.046875
0 0.421875 0.056641 0.421875 0.060547 0.417969 0.060547 0.416016 0.058594 0.419922 0.054688
0 0.009766 0.060547 0.009766 0.064453 0.005859 0.064453 0.003906 0.062500 0.005859 0.060547 0.005859 0.058594
0 0.994141 0.060547 0.994141 0.064453 0.990234 0.064453 0.988281 0.062500 0.992188 0.058594
0 0.236328 0.074219 0.236328 0.078125 0.232422 0.078125 0.230469 0.076172 0.234375 0.072266
0 0.443359 0.074219 0.443359 0.078125 0.439453 0.078125 0.437500 0.076172 0.441406 0.072266
0 0.052734 0.076172 0.052734 0.080078 0.048828 0.080078 0.046875 0.078125 0.050781 0.074219
0 0.287109 0.085938 0.287109 0.089844 0.283203 0.089844 0.281250 0.087891 0.285156 0.083984
0 0.474609 0.087891 0.474609 0.091797 0.470703 0.091797 0.468750 0.089844 0.472656 0.085938
0 0.314453 0.091797 0.314453 0.095703 0.310547 0.095703 0.308594 0.093750 0.312500 0.089844
0 0.570312 0.121094 0.570312 0.125000 0.566406 0.125000 0.564453 0.123047 0.568359 0.119141
0 0.451172 0.128906 0.451172 0.132812 0.447266 0.132812 0.445312 0.130859 0.449219 0.126953
0 0.697266 0.130859 0.697266 0.134766 0.693359 0.134766 0.691406 0.132812 0.695312 0.128906
0 0.187500 0.136719 0.187500 0.140625 0.183594 0.140625 0.181641 0.138672 0.185547 0.134766
0 0.345703 0.136719 0.345703 0.140625 0.341797 0.140625 0.339844 0.138672 0.343750 0.134766
0 0.408203 0.142578 0.408203 0.146484 0.404297 0.146484 0.402344 0.144531 0.406250 0.140625
0 0.644531 0.142578 0.644531 0.146484 0.640625 0.146484 0.638672 0.144531 0.642578 0.140625
0 0.082031 0.148438 0.082031 0.152344 0.078125 0.152344 0.076172 0.150391 0.080078 0.146484
0 0.294922 0.150391 0.294922 0.154297 0.291016 0.154297 0.289062 0.152344 0.292969 0.148438
0 0.523438 0.152344 0.523438 0.156250 0.519531 0.156250 0.517578 0.154297 0.521484 0.150391
0 0.078125 0.154297 0.078125 0.158203 0.074219 0.158203 0.072266 0.156250 0.076172 0.152344
0 0.070312 0.162109 0.070312 0.166016 0.066406 0.166016 0.064453 0.164062 0.068359 0.160156
0 0.658203 0.162109 0.658203 0.166016 0.654297 0.166016 0.652344 0.164062 0.656250 0.160156
0 0.078125 0.169922 0.078125 0.173828 0.074219 0.173828 0.072266 0.171875 0.076172 0.167969
0 0.220703 0.169922 0.220703 0.173828 0.216797 0.173828 0.214844 0.171875 0.218750 0.167969
0 0.265625 0.169922 0.265625 0.173828 0.261719 0.173828 0.259766 0.171875 0.263672 0.167969
0 0.355469 0.169922 0.355469 0.173828 0.351562 0.173828 0.349609 0.171875 0.353516 0.167969
0 0.568359 0.173828 0.568359 0.177734 0.564453 0.177734 0.562500 0.175781 0.566406 0.171875
0 0.636719 0.175781 0.636719 0.179688 0.632812 0.179688 0.630859 0.177734 0.634766 0.173828
0 0.025391 0.177734 0.025391 0.181641 0.021484 0.181641 0.019531 0.179688 0.023438 0.175781
0 0.087891 0.179688 0.087891 0.183594 0.083984 0.183594 0.082031 0.181641 0.085938 0.177734
0 0.097656 0.179688 0.097656 0.183594 0.093750 0.183594 0.091797 0.181641 0.095703 0.177734
0 0.203125 0.181641 0.203125 0.185547 0.199219 0.185547 0.197266 0.183594 0.201172 0.179688
0 0.527344 0.181641 0.527344 0.185547 0.523438 0.185547 0.521484 0.183594 0.525391 0.179688
0 0.009766 0.183594 0.009766 0.187500 0.005859 0.187500 0.003906 0.185547 0.005859 0.183594 0.005859 0.181641
0 0.281250 0.183594 0.281250 0.187500 0.277344 0.187500 0.275391 0.185547 0.279297 0.181641
0 0.908203 0.183594 0.908203 0.187500 0.904297 0.187500 0.902344 0.185547 0.906250 0.181641
0 0.078125 0.185547 0.078125 0.189453 0.074219 0.189453 0.072266 0.187500 0.076172 0.183594
0 0.107422 0.185547 0.107422 0.189453 0.103516 0.189453 0.101562 0.187500 0.105469 0.183594
0 0.298828 0.185547 0.298828 0.189453 0.294922 0.189453 0.292969 0.187500 0.296875 0.183594
0 0.095703 0.187500 0.095703 0.191406 0.091797 0.191406 0.089844 0.189453 0.093750 0.185547
0 0.208984 0.187500 0.208984 0.191406 0.205078 0.191406 0.203125 0.189453 0.207031 0.185547
0 0.001953 0.193359 0.000000 0.193359 0.000000 0.187500 0.000000 0.189453 0.001953 0.191406
0 0.238281 0.191406 0.238281 0.195312 0.234375 0.195312 0.232422 0.193359 0.236328 0.189453
0 0.326172 0.191406 0.326172 0.195312 0.322266 0.195312 0.320312 0.193359 0.324219 0.189453
0 0.064453 0.197266 0.064453 0.201172 0.060547 0.201172 0.058594 0.199219 0.062500 0.195312
0 0.310547 0.197266 0.310547 0.201172 0.306641 0.201172 0.304688 0.199219 0.308594 0.195312
0 0.103516 0.199219 0.103516 0.203125 0.099609 0.203125 0.097656 0.201172 0.101562 0.197266
0 0.113281 0.199219 0.113281 0.203125 0.109375 0.203125 0.107422 0.201172 0.111328 0.197266
0 0.642578 0.203125 0.642578 0.207031 0.638672 0.207031 0.636719 0.205078 0.640625 0.201172
0 0.064453 0.205078 0.064453 0.208984 0.060547 0.208984 0.058594 0.207031 0.062500 0.203125
0 0.072266 0.205078 0.072266 0.208984 0.068359 0.208984 0.066406 0.207031 0.070312 0.203125
0 0.273438 0.205078 0.273438 0.208984 0.269531 0.208984 0.267578 0.207031 0.271484 0.203125
0 0.341797 0.205078 0.341797 0.208984 0.337891 0.208984 0.335938 0.207031 0.339844 0.203125
0 0.408203 0.205078 0.408203 0.208984 0.404297 0.208984 0.402344 0.207031 0.406250 0.203125
0 0.769531 0.205078 0.769531 0.208984 0.765625 0.208984 0.763672 0.207031 0.767578 0.203125
0 0.375000 0.208984 0.375000 0.212891 0.371094 0.212891 0.369141 0.210938 0.373047 0.207031
0 0.064453 0.210938 0.064453 0.214844 0.060547 0.214844 0.058594 0.212891 0.062500 0.208984
0 0.361328 0.210938 0.361328 0.214844 0.357422 0.214844 0.355469 0.212891 0.359375 0.208984
0 0.445312 0.214844 0.445312 0.218750 0.441406 0.218750 0.439453 0.216797 0.443359 0.212891
0 0.062500 0.220703 0.062500 0.224609 0.058594 0.224609 0.056641 0.222656 0.060547 0.218750
0 0.167969 0.236328 0.167969 0.240234 0.164062 0.240234 0.162109 0.238281 0.166016 0.234375
0 0.318359 0.238281 0.318359 0.242188 0.314453 0.242188 0.312500 0.240234 0.316406 0.236328
0 0.402344 0.240234 0.402344 0.244141 0.398438 0.244141 0.396484 0.242188 0.400391 0.238281
0 0.308594 0.255859 0.308594 0.259766 0.304688 0.259766 0.302734 0.257812 0.306641 0.253906
0 0.181641 0.257812 0.181641 0.261719 0.177734 0.261719 0.175781 0.259766 0.179688 0.255859
0 0.298828 0.261719 0.298828 0.265625 0.294922 0.265625 0.292969 0.263672 0.296875 0.259766
0 0.335938 0.263672 0.335938 0.267578 0.332031 0.267578 0.330078 0.265625 0.333984 0.261719
0 0.386719 0.265625 0.386719 0.269531 0.382812 0.269531 0.380859 0.267578 0.384766 0.263672
0 0.175781 0.271484 0.175781 0.275391 0.171875 0.275391 0.169922 0.273438 0.173828 0.269531
0 0.830078 0.277344 0.830078 0.281250 0.826172 0.281250 0.824219 0.279297 0.828125 0.275391
0 0.349609 0.283203 0.349609 0.287109 0.345703 0.287109 0.343750 0.285156 0.347656 0.281250
0 0.283203 0.287109 0.283203 0.291016 0.279297 0.291016 0.277344 0.289062 0.281250 0.285156
0 0.396484 0.291016 0.396484 0.294922 0.392578 0.294922 0.390625 0.292969 0.394531 0.289062
0 0.292969 0.300781 0.292969 0.304688 0.289062 0.304688 0.287109 0.302734 0.291016 0.298828
0 0.267578 0.304688 0.267578 0.308594 0.263672 0.308594 0.261719 0.306641 0.265625 0.302734
0 0.328125 0.304688 0.328125 0.308594 0.324219 0.308594 0.322266 0.306641 0.326172 0.302734
0 0.443359 0.306641 0.443359 0.310547 0.439453 0.310547 0.437500 0.308594 0.441406 0.304688
0 0.890625 0.310547 0.890625 0.314453 0.886719 0.314453 0.884766 0.312500 0.888672 0.308594
0 0.306641 0.314453 0.306641 0.318359 0.302734 0.318359 0.300781 0.316406 0.304688 0.312500
0 0.349609 0.322266 0.349609 0.326172 0.345703 0.326172 0.343750 0.324219 0.347656 0.320312
0 0.300781 0.326172 0.300781 0.330078 0.296875 0.330078 0.294922 0.328125 0.298828 0.324219
0 0.388672 0.328125 0.388672 0.332031 0.384766 0.332031 0.382812 0.330078 0.386719 0.326172
0 0.271484 0.339844 0.271484 0.343750 0.267578 0.343750 0.265625 0.341797 0.269531 0.337891
0 0.171875 0.341797 0.171875 0.345703 0.167969 0.345703 0.166016 0.343750 0.169922 0.339844
0 0.312500 0.341797 0.312500 0.345703 0.308594 0.345703 0.306641 0.343750 0.310547 0.339844
0 0.970703 0.345703 0.968750 0.345703 0.966797 0.347656 0.962891 0.347656 0.960938 0.345703 0.960938 0.339844 0.962891 0.337891 0.966797 0.337891 0.968750 0.339844 0.970703 0.339844
0 0.478516 0.345703 0.478516 0.349609 0.474609 0.349609 0.472656 0.347656 0.476562 0.343750
0 0.220703 0.347656 0.220703 0.351562 0.216797 0.351562 0.214844 0.349609 0.218750 0.345703
0 0.365234 0.353516 0.365234 0.357422 0.361328 0.357422 0.359375 0.355469 0.363281 0.351562
0 0.375000 0.353516 0.375000 0.357422 0.371094 0.357422 0.369141 0.355469 0.373047 0.351562
0 0.921875 0.353516 0.921875 0.357422 0.917969 0.357422 0.916016 0.355469 0.919922 0.351562
0 0.357422 0.355469 0.357422 0.359375 0.353516 0.359375 0.351562 0.357422 0.355469 0.353516
0 0.324219 0.357422 0.324219 0.361328 0.320312 0.361328 0.318359 0.359375 0.322266 0.355469
0 0.511719 0.359375 0.511719 0.363281 0.507812 0.363281 0.505859 0.361328 0.509766 0.357422
0 0.257812 0.363281 0.257812 0.367188 0.253906 0.367188 0.251953 0.365234 0.255859 0.361328
0 0.386719 0.363281 0.386719 0.367188 0.382812 0.367188 0.380859 0.365234 0.384766 0.361328
0 0.232422 0.365234 0.232422 0.369141 0.228516 0.369141 0.226562 0.367188 0.230469 0.363281
0 0.248047 0.367188 0.248047 0.371094 0.244141 0.371094 0.242188 0.369141 0.246094 0.365234
0 0.267578 0.369141 0.267578 0.373047 0.263672 0.373047 0.261719 0.371094 0.265625 0.367188
0 0.410156 0.371094 0.410156 0.375000 0.406250 0.375000 0.404297 0.373047 0.408203 0.369141
0 0.486328 0.373047 0.486328 0.376953 0.482422 0.376953 0.480469 0.375000 0.484375 0.371094
0 0.140625 0.375000 0.140625 0.378906 0.136719 0.378906 0.134766 0.376953 0.138672 0.373047
0 0.218750 0.376953 0.218750 0.380859 0.214844 0.380859 0.212891 0.378906 0.216797 0.375000
0 0.451172 0.378906 0.451172 0.382812 0.447266 0.382812 0.445312 0.380859 0.449219 0.376953
0 0.250000 0.382812 0.250000 0.386719 0.246094 0.386719 0.244141 0.384766 0.248047 0.380859
0 0.886719 0.388672 0.884766 0.388672 0.882812 0.390625 0.878906 0.390625 0.876953 0.388672 0.876953 0.382812 0.878906 0.380859 0.882812 0.380859 0.884766 0.382812 0.886719 0.382812
0 0.310547 0.386719 0.310547 0.390625 0.306641 0.390625 0.304688 0.388672 0.308594 0.384766
0 0.488281 0.386719 0.488281 0.390625 0.484375 0.390625 0.482422 0.388672 0.486328 0.384766
0 0.273438 0.388672 0.273438 0.392578 0.269531 0.392578 0.267578 0.390625 0.271484 0.386719
0 0.349609 0.388672 0.349609 0.392578 0.345703 0.392578 0.343750 0.390625 0.347656 0.386719
0 0.375000 0.388672 0.375000 0.392578 0.371094 0.392578 0.369141 0.390625 0.373047 0.386719
0 0.544922 0.388672 0.544922 0.392578 0.541016 0.392578 0.539062 0.390625 0.542969 0.386719
0 0.296875 0.396484 0.296875 0.400391 0.292969 0.400391 0.291016 0.398438 0.294922 0.394531
0 0.437500 0.400391 0.437500 0.404297 0.433594 0.404297 0.431641 0.402344 0.435547 0.398438
0 0.244141 0.402344 0.244141 0.406250 0.240234 0.406250 0.238281 0.404297 0.242188 0.400391
0 0.283203 0.402344 0.283203 0.406250 0.279297 0.406250 0.277344 0.404297 0.281250 0.400391
0 0.347656 0.402344 0.347656 0.406250 0.343750 0.406250 0.341797 0.404297 0.345703 0.400391
0 0.308594 0.408203 0.308594 0.412109 0.304688 0.412109 0.302734 0.410156 0.306641 0.406250
0 0.433594 0.410156 0.433594 0.414062 0.429688 0.414062 0.427734 0.412109 0.431641 0.408203
0 0.316406 0.414062 0.316406 0.417969 0.312500 0.417969 0.310547 0.416016 0.314453 0.412109
0 0.488281 0.416016 0.488281 0.419922 0.484375 0.419922 0.482422 0.417969 0.486328 0.414062
0 0.392578 0.419922 0.392578 0.423828 0.388672 0.423828 0.386719 0.421875 0.390625 0.417969
0 0.414062 0.439453 0.414062 0.443359 0.410156 0.443359 0.408203 0.441406 0.412109 0.437500
0 0.601562 0.445312 0.599609 0.445312 0.597656 0.447266 0.593750 0.447266 0.591797 0.445312 0.591797 0.439453 0.593750 0.437500 0.597656 0.437500 0.599609 0.439453 0.601562 0.439453
0 0.783203 0.445312 0.783203 0.449219 0.779297 0.449219 0.777344 0.447266 0.781250 0.443359
0 0.548828 0.449219 0.548828 0.453125 0.544922 0.453125 0.542969 0.451172 0.546875 0.447266
0 0.464844 0.464844 0.464844 0.468750 0.460938 0.468750 0.458984 0.466797 0.462891 0.462891
0 0.601562 0.478516 0.601562 0.482422 0.597656 0.482422 0.595703 0.480469 0.599609 0.476562
0 0.501953 0.484375 0.501953 0.488281 0.498047 0.488281 0.496094 0.486328 0.500000 0.482422
0 0.484375 0.490234 0.484375 0.494141 0.480469 0.494141 0.478516 0.492188 0.482422 0.488281
0 0.392578 0.492188 0.392578 0.496094 0.388672 0.496094 0.386719 0.494141 0.390625 0.490234
0 0.492188 0.496094 0.492188 0.500000 0.488281 0.500000 0.486328 0.498047 0.490234 0.494141
0 0.365234 0.498047 0.365234 0.501953 0.361328 0.501953 0.359375 0.500000 0.363281 0.496094
0 0.951172 0.501953 0.949219 0.501953 0.947266 0.503906 0.943359 0.503906 0.941406 0.501953 0.941406 0.496094 0.943359 0.494141 0.947266 0.494141 0.949219 0.496094 0.951172 0.496094
0 0.433594 0.511719 0.433594 0.515625 0.429688 0.515625 0.427734 0.513672 0.431641 0.509766
0 0.533203 0.511719 0.533203 0.515625 0.529297 0.515625 0.527344 0.513672 0.531250 0.509766
0 0.814453 0.513672 0.814453 0.517578 0.810547 0.517578 0.808594 0.515625 0.812500 0.511719
0 0.585938 0.525391 0.583984 0.525391 0.582031 0.527344 0.578125 0.527344 0.576172 0.525391 0.576172 0.519531 0.578125 0.517578 0.582031 0.517578 0.583984 0.519531 0.585938 0.519531
0 0.402344 0.523438 0.402344 0.527344 0.398438 0.527344 0.396484 0.525391 0.400391 0.521484
0 0.416016 0.523438 0.416016 0.527344 0.412109 0.527344 0.410156 0.525391 0.414062 0.521484
0 0.941406 0.539062 0.941406 0.542969 0.937500 0.542969 0.935547 0.541016 0.939453 0.537109
0 0.867188 0.544922 0.865234 0.544922 0.863281 0.546875 0.859375 0.546875 0.857422 0.544922 0.857422 0.539062 0.859375 0.537109 0.863281 0.537109 0.865234 0.539062 0.867188 0.539062
0 0.816406 0.542969 0.816406 0.546875 0.812500 0.546875 0.810547 0.544922 0.814453 0.541016
0 0.390625 0.544922 0.390625 0.548828 0.386719 0.548828 0.384766 0.546875 0.388672 0.542969
0 0.462891 0.544922 0.462891 0.548828 0.458984 0.548828 0.457031 0.546875 0.460938 0.542969
0 0.634766 0.554688 0.634766 0.558594 0.630859 0.558594 0.628906 0.556641 0.632812 0.552734
0 0.994141 0.554688 0.994141 0.558594 0.990234 0.558594 0.988281 0.556641 0.992188 0.552734
0 0.353516 0.558594 0.353516 0.562500 0.349609 0.562500 0.347656 0.560547 0.351562 0.556641
0 0.617188 0.558594 0.617188 0.562500 0.613281 0.562500 0.611328 0.560547 0.615234 0.556641
0 0.134766 0.574219 0.134766 0.578125 0.130859 0.578125 0.128906 0.576172 0.132812 0.572266
0 0.140625 0.574219 0.140625 0.578125 0.136719 0.578125 0.134766 0.576172 0.138672 0.572266
0 0.357422 0.574219 0.357422 0.578125 0.353516 0.578125 0.351562 0.576172 0.355469 0.572266
0 0.546875 0.574219 0.546875 0.578125 0.542969 0.578125 0.541016 0.576172 0.544922 0.572266
0 0.417969 0.576172 0.417969 0.580078 0.414062 0.580078 0.412109 0.578125 0.416016 0.574219
0 0.140625 0.580078 0.140625 0.583984 0.136719 0.583984 0.134766 0.582031 0.138672 0.578125
0 0.470703 0.582031 0.470703 0.585938 0.466797 0.585938 0.464844 0.583984 0.468750 0.580078
0 0.626953 0.582031 0.626953 0.585938 0.623047 0.585938 0.621094 0.583984 0.625000 0.580078
0 0.343750 0.583984 0.343750 0.587891 0.339844 0.587891 0.337891 0.585938 0.341797 0.582031
0 0.412109 0.583984 0.412109 0.587891 0.408203 0.587891 0.406250 0.585938 0.410156 0.582031
0 0.453125 0.585938 0.453125 0.589844 0.449219 0.589844 0.447266 0.587891 0.451172 0.583984
0 0.457031 0.591797 0.457031 0.595703 0.453125 0.595703 0.451172 0.593750 0.455078 0.589844
0 0.462891 0.591797 0.462891 0.595703 0.458984 0.595703 0.457031 0.593750 0.460938 0.589844
0 0.515625 0.591797 0.515625 0.595703 0.511719 0.595703 0.509766 0.593750 0.513672 0.589844
0 0.718750 0.591797 0.718750 0.595703 0.714844 0.595703 0.712891 0.593750 0.716797 0.589844
0 0.125000 0.593750 0.125000 0.597656 0.121094 0.597656 0.119141 0.595703 0.123047 0.591797
0 0.134766 0.597656 0.134766 0.601562 0.130859 0.601562 0.128906 0.599609 0.132812 0.595703
0 0.330078 0.601562 0.330078 0.605469 0.326172 0.605469 0.324219 0.603516 0.328125 0.599609
0 0.388672 0.605469 0.388672 0.609375 0.384766 0.609375 0.382812 0.607422 0.386719 0.603516
0 0.792969 0.605469 0.792969 0.609375 0.789062 0.609375 0.787109 0.607422 0.791016 0.603516
0 0.140625 0.607422 0.140625 0.611328 0.136719 0.611328 0.134766 0.609375 0.138672 0.605469
0 0.531250 0.609375 0.531250 0.613281 0.527344 0.613281 0.525391 0.611328 0.529297 0.607422
0 0.564453 0.611328 0.564453 0.615234 0.560547 0.615234 0.558594 0.613281 0.562500 0.609375
0 0.482422 0.621094 0.482422 0.625000 0.478516 0.625000 0.476562 0.623047 0.480469 0.619141
0 0.578125 0.621094 0.578125 0.625000 0.574219 0.625000 0.572266 0.623047 0.576172 0.619141
0 0.810547 0.621094 0.810547 0.625000 0.806641 0.625000 0.804688 0.623047 0.808594 0.619141
0 0.179688 0.623047 0.179688 0.626953 0.175781 0.626953 0.173828 0.625000 0.177734 0.621094
0 0.595703 0.626953 0.595703 0.630859 0.591797 0.630859 0.589844 0.628906 0.593750 0.625000
0 0.509766 0.630859 0.509766 0.634766 0.505859 0.634766 0.503906 0.632812 0.507812 0.628906
0 0.484375 0.632812 0.484375 0.636719 0.480469 0.636719 0.478516 0.634766 0.482422 0.630859
0 0.177734 0.638672 0.177734 0.642578 0.173828 0.642578 0.171875 0.640625 0.175781 0.636719
0 0.298828 0.646484 0.298828 0.650391 0.294922 0.650391 0.292969 0.648438 0.296875 0.644531
0 0.626953 0.646484 0.626953 0.650391 0.623047 0.650391 0.621094 0.648438 0.625000 0.644531
0 0.476562 0.648438 0.476562 0.652344 0.472656 0.652344 0.470703 0.650391 0.474609 0.646484
0 0.683594 0.648438 0.683594 0.652344 0.679688 0.652344 0.677734 0.650391 0.681641 0.646484
0 0.359375 0.652344 0.359375 0.656250 0.355469 0.656250 0.353516 0.654297 0.357422 0.650391
0 0.410156 0.652344 0.410156 0.656250 0.406250 0.656250 0.404297 0.654297 0.408203 0.650391
0 0.812500 0.654297 0.812500 0.658203 0.808594 0.658203 0.806641 0.656250 0.810547 0.652344
0 0.136719 0.656250 0.136719 0.660156 0.132812 0.660156 0.130859 0.658203 0.134766 0.654297
0 0.582031 0.656250 0.582031 0.660156 0.578125 0.660156 0.576172 0.658203 0.580078 0.654297
0 0.562500 0.660156 0.562500 0.664062 0.558594 0.664062 0.556641 0.662109 0.560547 0.658203
0 0.177734 0.662109 0.177734 0.666016 0.173828 0.666016 0.171875 0.664062 0.175781 0.660156
0 0.617188 0.666016 0.617188 0.669922 0.613281 0.669922 0.611328 0.667969 0.615234 0.664062
0 0.626953 0.666016 0.626953 0.669922 0.623047 0.669922 0.621094 0.667969 0.625000 0.664062
0 0.384766 0.667969 0.384766 0.671875 0.380859 0.671875 0.378906 0.669922 0.382812 0.666016
0 0.453125 0.667969 0.453125 0.671875 0.449219 0.671875 0.447266 0.669922 0.451172 0.666016
0 0.498047 0.667969 0.498047 0.671875 0.494141 0.671875 0.492188 0.669922 0.496094 0.666016
0 0.718750 0.669922 0.718750 0.673828 0.714844 0.673828 0.712891 0.671875 0.716797 0.667969
0 0.548828 0.671875 0.548828 0.675781 0.544922 0.675781 0.542969 0.673828 0.546875 0.669922
0 0.367188 0.673828 0.367188 0.677734 0.363281 0.677734 0.361328 0.675781 0.365234 0.671875
0 0.195312 0.681641 0.195312 0.685547 0.191406 0.685547 0.189453 0.683594 0.193359 0.679688
0 0.203125 0.681641 0.203125 0.685547 0.199219 0.685547 0.197266 0.683594 0.201172 0.679688
0 0.474609 0.683594 0.474609 0.687500 0.470703 0.687500 0.468750 0.685547 0.472656 0.681641
0 0.367188 0.685547 0.367188 0.689453 0.363281 0.689453 0.361328 0.687500 0.365234 0.683594
0 0.376953 0.687500 0.376953 0.691406 0.373047 0.691406 0.371094 0.689453 0.375000 0.685547
0 0.730469 0.687500 0.730469 0.691406 0.726562 0.691406 0.724609 0.689453 0.728516 0.685547
0 0.859375 0.689453 0.859375 0.693359 0.855469 0.693359 0.853516 0.691406 0.857422 0.687500
0 0.546875 0.693359 0.546875 0.697266 0.542969 0.697266 0.541016 0.695312 0.544922 0.691406
0 0.314453 0.697266 0.314453 0.701172 0.310547 0.701172 0.308594 0.699219 0.312500 0.695312
0 0.322266 0.697266 0.322266 0.701172 0.318359 0.701172 0.316406 0.699219 0.320312 0.695312
0 0.187500 0.699219 0.187500 0.703125 0.183594 0.703125 0.181641 0.701172 0.185547 0.697266
0 0.210938 0.699219 0.210938 0.703125 0.207031 0.703125 0.205078 0.701172 0.208984 0.697266
0 0.664062 0.699219 0.664062 0.703125 0.660156 0.703125 0.658203 0.701172 0.662109 0.697266
0 0.126953 0.701172 0.126953 0.705078 0.123047 0.705078 0.121094 0.703125 0.125000 0.699219
0 0.816406 0.705078 0.816406 0.708984 0.812500 0.708984 0.810547 0.707031 0.814453 0.703125
0 0.533203 0.708984 0.533203 0.712891 0.529297 0.712891 0.527344 0.710938 0.531250 0.707031
0 0.394531 0.714844 0.394531 0.718750 0.390625 0.718750 0.388672 0.716797 0.392578 0.712891
0 0.410156 0.714844 0.410156 0.718750 0.406250 0.718750 0.404297 0.716797 0.408203 0.712891
0 0.486328 0.714844 0.486328 0.718750 0.482422 0.718750 0.480469 0.716797 0.484375 0.712891
0 0.541016 0.716797 0.541016 0.720703 0.537109 0.720703 0.535156 0.718750 0.539062 0.714844
0 0.609375 0.716797 0.609375 0.720703 0.605469 0.720703 0.603516 0.718750 0.607422 0.714844
0 0.759766 0.720703 0.757812 0.720703 0.755859 0.722656 0.751953 0.722656 0.750000 0.720703 0.750000 0.714844 0.751953 0.712891 0.755859 0.712891 0.757812 0.714844 0.759766 0.714844
0 0.328125 0.718750 0.328125 0.722656 0.324219 0.722656 0.322266 0.720703 0.326172 0.716797
0 0.589844 0.718750 0.589844 0.722656 0.585938 0.722656 0.583984 0.720703 0.587891 0.716797
0 0.384766 0.730469 0.384766 0.734375 0.380859 0.734375 0.378906 0.732422 0.382812 0.728516
0 0.589844 0.730469 0.589844 0.734375 0.585938 0.734375 0.583984 0.732422 0.587891 0.728516
0 0.562500 0.732422 0.562500 0.736328 0.558594 0.736328 0.556641 0.734375 0.560547 0.730469
0 0.873047 0.732422 0.873047 0.736328 0.869141 0.736328 0.867188 0.734375 0.871094 0.730469
0 0.451172 0.734375 0.451172 0.738281 0.447266 0.738281 0.445312 0.736328 0.449219 0.732422
0 0.576172 0.734375 0.576172 0.738281 0.572266 0.738281 0.570312 0.736328 0.574219 0.732422
0 0.759766 0.740234 0.759766 0.744141 0.755859 0.744141 0.753906 0.742188 0.757812 0.738281
0 0.873047 0.740234 0.873047 0.744141 0.869141 0.744141 0.867188 0.742188 0.871094 0.738281
0 0.371094 0.746094 0.371094 0.750000 0.367188 0.750000 0.365234 0.748047 0.369141 0.744141
0 0.443359 0.746094 0.443359 0.750000 0.439453 0.750000 0.437500 0.748047 0.441406 0.744141
0 0.611328 0.746094 0.611328 0.750000 0.607422 0.750000 0.605469 0.748047 0.609375 0.744141
0 0.640625 0.746094 0.640625 0.750000 0.636719 0.750000 0.634766 0.748047 0.638672 0.744141
0 0.728516 0.746094 0.728516 0.750000 0.724609 0.750000 0.722656 0.748047 0.726562 0.744141
0 0.361328 0.750000 0.361328 0.753906 0.357422 0.753906 0.355469 0.751953 0.359375 0.748047
0 0.705078 0.750000 0.705078 0.753906 0.701172 0.753906 0.699219 0.751953 0.703125 0.748047
0 0.904297 0.750000 0.904297 0.753906 0.900391 0.753906 0.898438 0.751953 0.902344 0.748047
0 0.593750 0.751953 0.593750 0.755859 0.589844 0.755859 0.587891 0.753906 0.591797 0.750000
0 0.675781 0.751953 0.675781 0.755859 0.671875 0.755859 0.669922 0.753906 0.673828 0.750000
0 0.322266 0.753906 0.322266 0.757812 0.318359 0.757812 0.316406 0.755859 0.320312 0.751953
0 0.355469 0.753906 0.355469 0.757812 0.351562 0.757812 0.349609 0.755859 0.353516 0.751953
0 0.691406 0.761719 0.691406 0.765625 0.687500 0.765625 0.685547 0.763672 0.689453 0.759766
0 0.509766 0.763672 0.509766 0.767578 0.505859 0.767578 0.503906 0.765625 0.507812 0.761719
0 0.621094 0.763672 0.621094 0.767578 0.617188 0.767578 0.615234 0.765625 0.619141 0.761719
0 0.800781 0.763672 0.800781 0.767578 0.796875 0.767578 0.794922 0.765625 0.798828 0.761719
0 0.246094 0.765625 0.246094 0.769531 0.242188 0.769531 0.240234 0.767578 0.244141 0.763672
0 0.175781 0.775391 0.175781 0.779297 0.171875 0.779297 0.169922 0.777344 0.173828 0.773438
0 0.240234 0.777344 0.240234 0.781250 0.236328 0.781250 0.234375 0.779297 0.238281 0.775391
0 0.486328 0.777344 0.486328 0.781250 0.482422 0.781250 0.480469 0.779297 0.484375 0.775391
0 0.619141 0.777344 0.619141 0.781250 0.615234 0.781250 0.613281 0.779297 0.617188 0.775391
0 0.871094 0.777344 0.871094 0.781250 0.867188 0.781250 0.865234 0.779297 0.869141 0.775391
0 0.302734 0.779297 0.302734 0.783203 0.298828 0.783203 0.296875 0.781250 0.300781 0.777344
0 0.248047 0.781250 0.248047 0.785156 0.244141 0.785156 0.242188 0.783203 0.246094 0.779297
0 0.929688 0.781250 0.929688 0.785156 0.925781 0.785156 0.923828 0.783203 0.927734 0.779297
0 0.455078 0.789062 0.455078 0.792969 0.451172 0.792969 0.449219 0.791016 0.453125 0.787109
0 0.492188 0.789062 0.492188 0.792969 0.488281 0.792969 0.486328 0.791016 0.490234 0.787109
0 0.519531 0.792969 0.519531 0.796875 0.515625 0.796875 0.513672 0.794922 0.517578 0.791016
0 0.578125 0.792969 0.578125 0.796875 0.574219 0.796875 0.572266 0.794922 0.576172 0.791016
0 0.402344 0.794922 0.402344 0.798828 0.398438 0.798828 0.396484 0.796875 0.400391 0.792969
0 0.494141 0.794922 0.494141 0.798828 0.490234 0.798828 0.488281 0.796875 0.492188 0.792969
0 0.607422 0.794922 0.607422 0.798828 0.603516 0.798828 0.601562 0.796875 0.605469 0.792969
0 0.593750 0.796875 0.593750 0.800781 0.589844 0.800781 0.587891 0.798828 0.591797 0.794922
0 0.126953 0.806641 0.126953 0.810547 0.123047 0.810547 0.121094 0.808594 0.125000 0.804688
0 0.177734 0.806641 0.177734 0.810547 0.173828 0.810547 0.171875 0.808594 0.175781 0.804688
0 0.705078 0.806641 0.705078 0.810547 0.701172 0.810547 0.699219 0.808594 0.703125 0.804688
0 0.248047 0.808594 0.248047 0.812500 0.244141 0.812500 0.242188 0.810547 0.246094 0.806641
0 0.519531 0.808594 0.519531 0.812500 0.515625 0.812500 0.513672 0.810547 0.517578 0.806641
0 0.259766 0.810547 0.259766 0.814453 0.255859 0.814453 0.253906 0.812500 0.257812 0.808594
0 0.736328 0.810547 0.736328 0.814453 0.732422 0.814453 0.730469 0.812500 0.734375 0.808594
0 0.449219 0.812500 0.449219 0.816406 0.445312 0.816406 0.443359 0.814453 0.447266 0.810547
0 0.562500 0.812500 0.562500 0.816406 0.558594 0.816406 0.556641 0.814453 0.560547 0.810547
0 0.658203 0.812500 0.658203 0.816406 0.654297 0.816406 0.652344 0.814453 0.656250 0.810547
0 0.675781 0.818359 0.673828 0.818359 0.671875 0.820312 0.667969 0.820312 0.666016 0.818359 0.666016 0.812500 0.667969 0.810547 0.671875 0.810547 0.673828 0.812500 0.675781 0.812500
0 0.931641 0.820312 0.931641 0.824219 0.927734 0.824219 0.925781 0.822266 0.929688 0.818359
0 0.189453 0.824219 0.189453 0.828125 0.185547 0.828125 0.183594 0.826172 0.187500 0.822266
0 0.492188 0.824219 0.492188 0.828125 0.488281 0.828125 0.486328 0.826172 0.490234 0.822266
0 0.503906 0.824219 0.503906 0.828125 0.500000 0.828125 0.498047 0.826172 0.501953 0.822266
0 0.562500 0.824219 0.562500 0.828125 0.558594 0.828125 0.556641 0.826172 0.560547 0.822266
0 0.687500 0.824219 0.687500 0.828125 0.683594 0.828125 0.681641 0.826172 0.685547 0.822266
0 0.701172 0.826172 0.701172 0.830078 0.697266 0.830078 0.695312 0.828125 0.699219 0.824219
0 0.812500 0.826172 0.812500 0.830078 0.808594 0.830078 0.806641 0.828125 0.810547 0.824219
0 0.199219 0.830078 0.199219 0.833984 0.195312 0.833984 0.193359 0.832031 0.197266 0.828125
0 0.296875 0.833984 0.296875 0.837891 0.292969 0.837891 0.291016 0.835938 0.294922 0.832031
0 0.292969 0.839844 0.292969 0.843750 0.289062 0.843750 0.287109 0.841797 0.291016 0.837891
0 0.521484 0.839844 0.521484 0.843750 0.517578 0.843750 0.515625 0.841797 0.519531 0.837891
0 0.615234 0.839844 0.615234 0.843750 0.611328 0.843750 0.609375 0.841797 0.613281 0.837891
0 0.625000 0.839844 0.625000 0.843750 0.621094 0.843750 0.619141 0.841797 0.623047 0.837891
0 0.656250 0.851562 0.656250 0.855469 0.652344 0.855469 0.650391 0.853516 0.654297 0.849609
0 0.972656 0.853516 0.970703 0.855469 0.970703 0.857422 0.968750 0.859375 0.962891 0.859375 0.960938 0.857422 0.960938 0.855469 0.958984 0.853516 0.958984 0.851562 0.960938 0.849609 0.960938 0.847656 0.962891 0.845703 0.968750 0.845703 0.970703 0.847656 0.970703 0.849609 0.972656 0.851562
0 0.421875 0.859375 0.421875 0.863281 0.417969 0.863281 0.416016 0.861328 0.419922 0.857422
0 0.748047 0.863281 0.748047 0.867188 0.744141 0.867188 0.742188 0.865234 0.746094 0.861328
0 0.755859 0.865234 0.755859 0.869141 0.751953 0.869141 0.750000 0.867188 0.753906 0.863281
0 0.847656 0.865234 0.847656 0.869141 0.843750 0.869141 0.841797 0.867188 0.845703 0.863281
0 0.416016 0.873047 0.416016 0.876953 0.412109 0.876953 0.410156 0.875000 0.414062 0.871094
0 0.531250 0.873047 0.531250 0.876953 0.527344 0.876953 0.525391 0.875000 0.529297 0.871094
0 0.578125 0.873047 0.578125 0.876953 0.574219 0.876953 0.572266 0.875000 0.576172 0.871094
0 0.548828 0.876953 0.548828 0.880859 0.544922 0.880859 0.542969 0.878906 0.546875 0.875000
0 0.742188 0.878906 0.742188 0.882812 0.738281 0.882812 0.736328 0.880859 0.740234 0.876953
0 0.753906 0.878906 0.753906 0.882812 0.750000 0.882812 0.748047 0.880859 0.751953 0.876953
0 0.171875 0.880859 0.171875 0.884766 0.167969 0.884766 0.166016 0.882812 0.169922 0.878906
0 0.736328 0.882812 0.736328 0.886719 0.732422 0.886719 0.730469 0.884766 0.734375 0.880859
0 0.667969 0.884766 0.667969 0.888672 0.664062 0.888672 0.662109 0.886719 0.666016 0.882812
0 0.441406 0.888672 0.441406 0.892578 0.437500 0.892578 0.435547 0.890625 0.439453 0.886719
0 0.232422 0.892578 0.232422 0.896484 0.228516 0.896484 0.226562 0.894531 0.230469 0.890625
0 0.820312 0.892578 0.820312 0.896484 0.816406 0.896484 0.814453 0.894531 0.818359 0.890625
0 0.857422 0.902344 0.857422 0.906250 0.853516 0.906250 0.851562 0.904297 0.855469 0.900391
0 0.580078 0.904297 0.580078 0.908203 0.576172 0.908203 0.574219 0.906250 0.578125 0.902344
0 0.644531 0.906250 0.644531 0.910156 0.640625 0.910156 0.638672 0.908203 0.642578 0.904297
0 0.251953 0.910156 0.251953 0.914062 0.248047 0.914062 0.246094 0.912109 0.250000 0.908203
0 0.818359 0.910156 0.818359 0.914062 0.814453 0.914062 0.812500 0.912109 0.816406 0.908203
0 0.384766 0.917969 0.384766 0.921875 0.380859 0.921875 0.378906 0.919922 0.382812 0.916016
0 0.527344 0.917969 0.527344 0.921875 0.523438 0.921875 0.521484 0.919922 0.525391 0.916016
0 0.843750 0.917969 0.843750 0.921875 0.839844 0.921875 0.837891 0.919922 0.841797 0.916016
0 0.568359 0.923828 0.568359 0.927734 0.564453 0.927734 0.562500 0.925781 0.566406 0.921875
0 0.695312 0.923828 0.695312 0.927734 0.691406 0.927734 0.689453 0.925781 0.693359 0.921875
0 0.265625 0.931641 0.265625 0.935547 0.261719 0.935547 0.259766 0.933594 0.263672 0.929688
0 0.554688 0.935547 0.554688 0.939453 0.550781 0.939453 0.548828 0.937500 0.552734 0.933594
0 0.593750 0.935547 0.593750 0.939453 0.589844 0.939453 0.587891 0.937500 0.591797 0.933594
0 0.921875 0.935547 0.921875 0.939453 0.917969 0.939453 0.916016 0.937500 0.919922 0.933594
0 0.996094 0.937500 0.996094 0.941406 0.992188 0.941406 0.990234 0.939453 0.994141 0.935547
0 0.267578 0.939453 0.267578 0.943359 0.263672 0.943359 0.261719 0.941406 0.265625 0.937500
0 0.611328 0.939453 0.611328 0.943359 0.607422 0.943359 0.605469 0.941406 0.609375 0.937500
0 0.542969 0.943359 0.542969 0.947266 0.539062 0.947266 0.537109 0.945312 0.541016 0.941406
0 0.699219 0.947266 0.699219 0.951172 0.695312 0.951172 0.693359 0.949219 0.697266 0.945312
0 0.533203 0.949219 0.533203 0.953125 0.529297 0.953125 0.527344 0.951172 0.531250 0.947266
0 0.833984 0.958984 0.833984 0.962891 0.830078 0.962891 0.828125 0.960938 0.832031 0.957031
0 0.568359 0.960938 0.568359 0.964844 0.564453 0.964844 0.562500 0.962891 0.566406 0.958984
0 0.833984 0.964844 0.833984 0.968750 0.830078 0.968750 0.828125 0.966797 0.832031 0.962891
0 0.767578 0.966797 0.767578 0.970703 0.763672 0.970703 0.761719 0.968750 0.765625 0.964844
0 0.533203 0.980469 0.533203 0.984375 0.529297 0.984375 0.527344 0.982422 0.531250 0.978516
0 0.888672 0.986328 0.886719 0.986328 0.884766 0.988281 0.880859 0.988281 0.878906 0.986328 0.878906 0.980469 0.880859 0.978516 0.884766 0.978516 0.886719 0.980469 0.888672 0.980469
0 0.875000 0.992188 0.875000 0.996094 0.871094 0.996094 0.869141 0.994141 0.873047 0.990234
0 0.603516 0.998047 0.589844 0.998047 0.589844 0.996094 0.591797 0.994141 0.591797 0.992188 0.593750 0.990234 0.599609 0.990234 0.601562 0.992188 0.601562 0.994141 0.603516 0.996094
0 0.621094 0.998047 0.603516 0.998047 0.603516 0.994141 0.609375 0.988281 0.615234 0.988281 0.621094 0.994141
0 0.753906 0.996094 0.753906 0.998047 0.748047 0.998047 0.751953 0.994141
0 0.765625 0.996094 0.765625 0.998047 0.759766 0.998047 0.763672 0.994141
0 0.921875 0.998047 0.912109 0.998047 0.912109 0.994141 0.914062 0.992188 0.917969 0.992188 0.919922 0.994141 0.921875 0.994141
