0 0.119141 0.003906 0.115234 0.003906 0.113281 0.005859 0.113281 0.007812 0.115234 0.009766 0.117188 0.009766 0.119141 0.007812
0 0.857422 0.052734 0.855469 0.054688 0.855469 0.058594 0.857422 0.060547 0.861328 0.060547 0.863281 0.058594 0.863281 0.054688 0.861328 0.052734
0 0.900391 0.056641 0.898438 0.058594 0.898438 0.060547 0.900391 0.062500 0.904297 0.062500 0.906250 0.060547 0.902344 0.056641
0 0.441406 0.113281 0.439453 0.115234 0.441406 0.117188 0.443359 0.117188 0.445312 0.115234 0.443359 0.113281
0 0.410156 0.126953 0.406250 0.130859 0.406250 0.138672 0.408203 0.140625 0.408203 0.142578 0.414062 0.142578 0.416016 0.140625 0.416016 0.130859 0.412109 0.126953
0 0.498047 0.126953 0.496094 0.128906 0.496094 0.130859 0.498047 0.132812 0.500000 0.132812 0.501953 0.130859 0.501953 0.128906 0.500000 0.126953
0 0.447266 0.140625 0.445312 0.142578 0.445312 0.148438 0.447266 0.150391 0.455078 0.150391 0.457031 0.148438 0.457031 0.142578 0.455078 0.140625
0 0.417969 0.148438 0.416016 0.148438 0.410156 0.154297 0.410156 0.158203 0.408203 0.160156 0.408203 0.164062 0.412109 0.167969 0.419922 0.167969 0.421875 0.166016 0.421875 0.164062 0.425781 0.158203 0.425781 0.156250 0.423828 0.154297 0.423828 0.152344
0 0.394531 0.160156 0.392578 0.162109 0.390625 0.162109 0.386719 0.166016 0.386719 0.175781 0.388672 0.177734 0.388672 0.179688 0.390625 0.179688 0.392578 0.181641 0.400391 0.181641 0.404297 0.177734 0.404297 0.175781 0.406250 0.173828 0.406250 0.169922 0.404297 0.167969 0.404297 0.166016 0.400391 0.162109
0 0.386719 0.203125 0.384766 0.205078 0.386719 0.207031 0.388672 0.205078
0 0.876953 0.205078 0.875000 0.207031 0.875000 0.210938 0.876953 0.212891 0.878906 0.212891 0.880859 0.210938 0.880859 0.207031 0.878906 0.205078
0 0.380859 0.228516 0.376953 0.228516 0.375000 0.230469 0.375000 0.232422 0.378906 0.236328 0.380859 0.234375
0 0.302734 0.234375 0.298828 0.238281 0.298828 0.240234 0.296875 0.242188 0.296875 0.246094 0.298828 0.248047 0.298828 0.250000 0.304688 0.255859 0.310547 0.255859 0.316406 0.251953 0.316406 0.240234 0.310547 0.234375
0 0.388672 0.246094 0.388672 0.248047 0.390625 0.248047 0.390625 0.246094
1 0.404297 0.257812 0.402344 0.261719 0.394531 0.267578 0.394531 0.273438 0.386719 0.277344 0.378906 0.287109 0.382812 0.291016 0.382812 0.294922 0.384766 0.294922 0.388672 0.300781 0.394531 0.300781 0.404297 0.292969 0.402344 0.289062 0.404297 0.283203 0.400391 0.279297 0.402344 0.277344 0.402344 0.269531 0.408203 0.263672
0 0.341797 0.261719 0.335938 0.267578 0.335938 0.269531 0.337891 0.271484 0.337891 0.273438 0.341797 0.277344 0.347656 0.277344 0.351562 0.273438 0.351562 0.267578 0.349609 0.265625 0.349609 0.263672 0.347656 0.263672 0.345703 0.261719
0 0.617188 0.275391 0.617188 0.277344 0.619141 0.279297 0.621094 0.279297 0.621094 0.275391
0 0.535156 0.281250 0.533203 0.283203 0.533203 0.285156 0.535156 0.287109 0.535156 0.289062 0.537109 0.289062 0.537109 0.287109 0.539062 0.285156
0 0.564453 0.285156 0.562500 0.287109 0.564453 0.289062 0.566406 0.289062 0.566406 0.285156
0 0.535156 0.298828 0.533203 0.300781 0.533203 0.302734 0.535156 0.304688 0.537109 0.304688 0.539062 0.302734 0.539062 0.300781 0.537109 0.298828
0 0.283203 0.304688 0.281250 0.306641 0.283203 0.308594
1 0.492188 0.308594 0.488281 0.308594 0.482422 0.314453 0.482422 0.318359 0.484375 0.320312 0.476562 0.328125 0.470703 0.328125 0.468750 0.330078 0.466797 0.330078 0.462891 0.333984 0.462891 0.335938 0.472656 0.345703 0.474609 0.345703 0.480469 0.339844 0.484375 0.339844 0.494141 0.330078 0.496094 0.330078 0.498047 0.328125 0.498047 0.324219 0.494141 0.320312 0.494141 0.318359 0.496094 0.316406 0.496094 0.314453
0 0.529297 0.310547 0.527344 0.308594 0.525391 0.308594 0.523438 0.310547 0.523438 0.314453 0.527344 0.314453 0.529297 0.312500
0 0.285156 0.316406 0.289062 0.320312 0.291016 0.320312 0.292969 0.318359 0.292969 0.316406 0.291016 0.314453 0.289062 0.314453 0.287109 0.316406
0 0.457031 0.312500 0.455078 0.314453 0.457031 0.316406 0.458984 0.316406 0.460938 0.314453 0.458984 0.312500
0 0.302734 0.322266 0.300781 0.324219 0.300781 0.330078 0.302734 0.332031 0.304688 0.332031 0.308594 0.328125 0.308594 0.326172 0.304688 0.322266
0 0.353516 0.322266 0.349609 0.326172 0.349609 0.333984 0.351562 0.335938 0.353516 0.341797 0.363281 0.341797 0.367188 0.337891 0.367188 0.335938 0.369141 0.333984 0.369141 0.332031 0.367188 0.330078 0.367188 0.326172 0.361328 0.322266
0 0.509766 0.322266 0.507812 0.324219 0.507812 0.332031 0.509766 0.333984 0.511719 0.333984 0.513672 0.335938 0.515625 0.335938 0.517578 0.333984 0.517578 0.332031 0.519531 0.330078 0.519531 0.324219 0.517578 0.322266
0 0.570312 0.324219 0.572266 0.326172 0.576172 0.326172 0.576172 0.322266 0.572266 0.322266
0 0.255859 0.328125 0.253906 0.330078 0.255859 0.332031 0.257812 0.332031 0.259766 0.330078 0.257812 0.328125
0 0.216797 0.333984 0.214844 0.335938 0.214844 0.337891 0.216797 0.339844 0.218750 0.339844 0.220703 0.337891 0.220703 0.335938 0.218750 0.333984
0 0.314453 0.341797 0.312500 0.339844 0.310547 0.339844 0.308594 0.341797 0.308594 0.345703 0.312500 0.345703 0.314453 0.343750
0 0.091797 0.343750 0.089844 0.345703 0.089844 0.347656 0.091797 0.349609 0.093750 0.349609 0.095703 0.347656 0.095703 0.345703 0.093750 0.343750
0 0.722656 0.357422 0.722656 0.361328 0.726562 0.365234 0.732422 0.365234 0.736328 0.361328 0.736328 0.357422 0.734375 0.355469 0.732422 0.355469 0.730469 0.353516 0.728516 0.353516 0.724609 0.357422
0 0.462891 0.355469 0.458984 0.355469 0.457031 0.357422 0.455078 0.357422 0.455078 0.359375 0.453125 0.361328 0.453125 0.365234 0.449219 0.371094 0.449219 0.375000 0.451172 0.376953 0.458984 0.376953 0.460938 0.375000 0.460938 0.373047 0.466797 0.367188 0.466797 0.363281 0.464844 0.361328 0.464844 0.357422
0 0.548828 0.365234 0.544922 0.365234 0.542969 0.367188 0.544922 0.369141 0.546875 0.369141 0.548828 0.367188
0 0.412109 0.369141 0.408203 0.373047 0.408203 0.375000 0.412109 0.378906 0.416016 0.378906 0.419922 0.375000 0.419922 0.371094 0.417969 0.369141
0 0.513672 0.373047 0.513672 0.378906 0.517578 0.378906 0.519531 0.376953 0.517578 0.375000 0.515625 0.375000
0 0.130859 0.384766 0.132812 0.386719 0.132812 0.388672 0.136719 0.388672 0.142578 0.384766 0.148438 0.384766 0.152344 0.380859 0.152344 0.376953 0.150391 0.375000 0.136719 0.375000 0.130859 0.378906
0 0.162109 0.375000 0.160156 0.376953 0.160156 0.378906 0.158203 0.380859 0.158203 0.386719 0.160156 0.388672 0.166016 0.388672 0.169922 0.384766 0.169922 0.378906 0.166016 0.375000
1 0.318359 0.384766 0.320312 0.386719 0.324219 0.382812 0.328125 0.382812 0.326172 0.380859 0.324219 0.380859 0.322266 0.382812 0.320312 0.380859 0.318359 0.382812
0 0.273438 0.382812 0.269531 0.386719 0.269531 0.392578 0.271484 0.392578 0.273438 0.394531 0.273438 0.396484 0.275391 0.398438 0.277344 0.398438 0.279297 0.396484 0.281250 0.396484 0.283203 0.394531 0.283203 0.388672 0.277344 0.382812
0 0.341797 0.388672 0.337891 0.388672 0.332031 0.394531 0.333984 0.396484 0.332031 0.398438 0.332031 0.400391 0.333984 0.400391 0.337891 0.404297 0.339844 0.404297 0.343750 0.400391 0.343750 0.396484 0.345703 0.394531 0.343750 0.392578 0.343750 0.390625
0 0.585938 0.388672 0.585938 0.390625 0.587891 0.392578 0.589844 0.392578 0.591797 0.390625 0.591797 0.388672
0 0.191406 0.390625 0.189453 0.392578 0.189453 0.396484 0.191406 0.398438 0.193359 0.398438 0.195312 0.396484 0.195312 0.392578 0.193359 0.390625
0 0.496094 0.390625 0.494141 0.392578 0.494141 0.398438 0.496094 0.400391 0.501953 0.400391 0.503906 0.398438 0.503906 0.394531 0.500000 0.390625
0 0.906250 0.390625 0.906250 0.392578 0.904297 0.394531 0.904297 0.404297 0.906250 0.406250 0.910156 0.406250 0.912109 0.404297 0.914062 0.404297 0.914062 0.402344 0.916016 0.400391 0.916016 0.398438 0.917969 0.396484 0.917969 0.394531 0.916016 0.392578 0.914062 0.392578 0.912109 0.390625
0 0.552734 0.394531 0.550781 0.396484 0.550781 0.398438 0.552734 0.400391 0.556641 0.400391 0.556641 0.394531
0 0.425781 0.404297 0.421875 0.408203 0.425781 0.412109 0.427734 0.412109 0.429688 0.410156 0.429688 0.408203
0 0.513672 0.406250 0.511719 0.408203 0.511719 0.410156 0.513672 0.412109 0.517578 0.412109 0.519531 0.410156 0.519531 0.408203 0.517578 0.406250
0 0.474609 0.410156 0.470703 0.414062 0.470703 0.416016 0.472656 0.417969 0.474609 0.417969 0.476562 0.419922 0.476562 0.417969 0.478516 0.416016 0.478516 0.414062
1 0.326172 0.419922 0.324219 0.417969 0.322266 0.417969 0.320312 0.419922 0.318359 0.419922 0.318359 0.423828 0.314453 0.427734 0.312500 0.425781 0.308594 0.425781 0.306641 0.427734 0.306641 0.429688 0.308594 0.431641 0.312500 0.431641 0.316406 0.427734 0.318359 0.427734 0.320312 0.425781 0.322266 0.427734 0.324219 0.427734 0.326172 0.425781
0 0.533203 0.417969 0.533203 0.419922 0.535156 0.419922 0.535156 0.417969
0 0.546875 0.423828 0.542969 0.427734 0.542969 0.433594 0.544922 0.435547 0.554688 0.435547 0.556641 0.433594 0.556641 0.429688 0.550781 0.423828
0 0.689453 0.425781 0.691406 0.427734 0.693359 0.425781
0 0.914062 0.427734 0.910156 0.431641 0.910156 0.435547 0.914062 0.439453 0.916016 0.439453 0.917969 0.437500 0.919922 0.437500 0.921875 0.435547 0.921875 0.433594 0.919922 0.431641 0.919922 0.429688 0.917969 0.429688 0.916016 0.427734
0 0.500000 0.429688 0.492188 0.429688 0.486328 0.435547 0.486328 0.437500 0.488281 0.439453 0.488281 0.443359 0.490234 0.443359 0.492188 0.445312 0.496094 0.445312 0.498047 0.443359 0.500000 0.443359 0.501953 0.441406 0.501953 0.431641
0 0.941406 0.431641 0.941406 0.435547 0.943359 0.437500 0.947266 0.437500 0.949219 0.435547 0.949219 0.433594 0.947266 0.431641
0 0.279297 0.435547 0.277344 0.437500 0.279297 0.439453 0.279297 0.441406 0.283203 0.441406 0.285156 0.439453 0.285156 0.437500 0.283203 0.435547
0 0.527344 0.435547 0.525391 0.437500 0.527344 0.439453 0.529297 0.437500
0 0.207031 0.441406 0.203125 0.445312 0.203125 0.455078 0.205078 0.457031 0.207031 0.457031 0.208984 0.458984 0.210938 0.458984 0.212891 0.457031 0.214844 0.457031 0.218750 0.453125 0.218750 0.451172 0.220703 0.449219 0.212891 0.441406
1 0.328125 0.445312 0.326172 0.447266 0.328125 0.449219 0.328125 0.451172 0.330078 0.451172 0.332031 0.453125 0.328125 0.457031 0.328125 0.458984 0.326172 0.460938 0.326172 0.468750 0.328125 0.470703 0.328125 0.472656 0.335938 0.480469 0.339844 0.480469 0.341797 0.482422 0.343750 0.482422 0.345703 0.480469 0.347656 0.482422 0.349609 0.482422 0.353516 0.486328 0.357422 0.482422 0.355469 0.480469 0.357422 0.478516 0.357422 0.476562 0.353516 0.470703 0.353516 0.466797 0.351562 0.464844 0.349609 0.458984 0.343750 0.453125 0.339844 0.453125 0.337891 0.451172 0.335938 0.453125 0.332031 0.453125 0.330078 0.451172 0.330078 0.447266
0 0.615234 0.447266 0.613281 0.449219 0.615234 0.451172 0.617188 0.449219
0 0.416016 0.451172 0.416016 0.455078 0.417969 0.457031 0.421875 0.457031 0.423828 0.455078 0.423828 0.451172
0 0.525391 0.457031 0.525391 0.458984 0.527344 0.458984 0.527344 0.457031
0 0.189453 0.462891 0.187500 0.464844 0.189453 0.466797 0.191406 0.464844
0 0.142578 0.464844 0.138672 0.468750 0.136719 0.468750 0.136719 0.470703 0.134766 0.472656 0.134766 0.474609 0.136719 0.476562 0.136719 0.478516 0.140625 0.482422 0.142578 0.482422 0.144531 0.484375 0.144531 0.482422 0.150391 0.478516 0.150391 0.476562 0.152344 0.474609 0.152344 0.470703 0.148438 0.466797 0.146484 0.466797 0.144531 0.464844
1 0.419922 0.464844 0.416016 0.468750 0.419922 0.472656 0.419922 0.474609 0.421875 0.476562 0.421875 0.478516 0.423828 0.478516 0.429688 0.484375 0.429688 0.490234 0.425781 0.494141 0.425781 0.498047 0.429688 0.501953 0.441406 0.501953 0.443359 0.500000 0.443359 0.498047 0.447266 0.494141 0.447266 0.492188 0.443359 0.488281 0.443359 0.486328 0.439453 0.482422 0.437500 0.482422 0.435547 0.480469 0.435547 0.478516 0.433594 0.478516 0.427734 0.472656 0.427734 0.470703 0.421875 0.464844
0 0.521484 0.466797 0.521484 0.468750 0.523438 0.468750 0.523438 0.466797
0 0.615234 0.466797 0.617188 0.468750 0.619141 0.468750 0.621094 0.466797 0.623047 0.466797 0.621094 0.464844 0.617188 0.464844
0 0.082031 0.470703 0.082031 0.472656 0.080078 0.474609 0.080078 0.478516 0.083984 0.482422 0.087891 0.482422 0.089844 0.480469 0.089844 0.472656 0.087891 0.470703
0 0.097656 0.472656 0.097656 0.478516 0.103516 0.482422 0.109375 0.482422 0.111328 0.480469 0.115234 0.480469 0.119141 0.476562 0.121094 0.476562 0.121094 0.472656 0.117188 0.468750 0.101562 0.468750
0 0.384766 0.468750 0.382812 0.470703 0.382812 0.474609 0.380859 0.476562 0.380859 0.478516 0.384766 0.482422 0.390625 0.482422 0.392578 0.480469 0.392578 0.478516 0.386719 0.472656 0.386719 0.470703
0 0.628906 0.468750 0.626953 0.470703 0.628906 0.472656 0.630859 0.472656 0.632812 0.470703 0.630859 0.468750
0 0.681641 0.470703 0.679688 0.472656 0.681641 0.474609 0.681641 0.476562 0.683594 0.476562 0.685547 0.474609 0.685547 0.472656 0.683594 0.470703
0 0.312500 0.474609 0.312500 0.476562 0.314453 0.478516 0.314453 0.474609
0 0.412109 0.474609 0.408203 0.474609 0.406250 0.472656 0.404297 0.474609 0.402344 0.474609 0.400391 0.476562 0.400391 0.480469 0.402344 0.482422 0.402344 0.484375 0.410156 0.484375 0.414062 0.480469 0.414062 0.478516 0.412109 0.476562
0 0.160156 0.480469 0.158203 0.480469 0.156250 0.482422 0.156250 0.486328 0.158203 0.488281 0.158203 0.490234 0.160156 0.488281 0.162109 0.488281 0.166016 0.484375 0.164062 0.484375
1 0.363281 0.486328 0.363281 0.490234 0.361328 0.492188 0.361328 0.494141 0.359375 0.496094 0.361328 0.498047 0.363281 0.498047 0.365234 0.500000 0.371094 0.500000 0.376953 0.505859 0.376953 0.507812 0.380859 0.511719 0.382812 0.511719 0.384766 0.513672 0.386719 0.511719 0.388672 0.511719 0.392578 0.507812 0.384766 0.500000 0.378906 0.500000 0.375000 0.496094 0.375000 0.486328 0.371094 0.482422 0.369141 0.482422 0.365234 0.486328
0 0.251953 0.484375 0.250000 0.486328 0.250000 0.488281 0.251953 0.490234 0.253906 0.488281 0.253906 0.486328
1 0.474609 0.486328 0.472656 0.486328 0.472656 0.488281 0.470703 0.490234 0.470703 0.494141 0.472656 0.496094 0.470703 0.498047 0.472656 0.500000 0.470703 0.501953 0.468750 0.501953 0.468750 0.503906 0.470703 0.505859 0.472656 0.503906 0.474609 0.503906 0.480469 0.500000 0.480469 0.494141 0.476562 0.490234 0.474609 0.490234 0.472656 0.488281
0 0.591797 0.486328 0.587891 0.486328 0.587891 0.488281 0.589844 0.490234 0.591797 0.488281
0 0.507812 0.490234 0.507812 0.492188 0.505859 0.494141 0.507812 0.496094 0.509766 0.494141 0.509766 0.492188
0 0.726562 0.490234 0.724609 0.492188 0.724609 0.500000 0.726562 0.501953 0.734375 0.501953 0.736328 0.500000 0.736328 0.492188 0.734375 0.490234
0 0.308594 0.498047 0.308594 0.500000 0.314453 0.505859 0.312500 0.507812 0.312500 0.513672 0.318359 0.513672 0.324219 0.517578 0.328125 0.517578 0.332031 0.513672 0.339844 0.513672 0.335938 0.511719 0.337891 0.507812 0.335938 0.505859 0.337891 0.503906 0.333984 0.501953 0.335938 0.500000 0.333984 0.496094 0.332031 0.496094 0.328125 0.501953 0.318359 0.500000 0.314453 0.496094 0.310547 0.496094
0 0.232422 0.500000 0.232422 0.505859 0.234375 0.507812 0.238281 0.507812 0.240234 0.505859 0.240234 0.501953 0.238281 0.500000
1 0.503906 0.501953 0.500000 0.505859 0.494141 0.505859 0.492188 0.503906 0.490234 0.503906 0.492188 0.505859 0.500000 0.505859 0.501953 0.503906 0.503906 0.503906
0 0.921875 0.503906 0.919922 0.505859 0.919922 0.511719 0.921875 0.513672 0.927734 0.513672 0.929688 0.511719 0.929688 0.505859 0.927734 0.503906
0 0.613281 0.507812 0.611328 0.507812 0.607422 0.511719 0.607422 0.513672 0.609375 0.515625 0.611328 0.515625 0.613281 0.513672 0.615234 0.513672 0.615234 0.509766
0 0.494141 0.511719 0.492188 0.513672 0.492188 0.517578 0.494141 0.517578 0.496094 0.515625 0.496094 0.513672
0 0.753906 0.511719 0.751953 0.513672 0.750000 0.513672 0.753906 0.517578 0.755859 0.515625 0.755859 0.513672
0 0.970703 0.511719 0.968750 0.513672 0.968750 0.519531 0.970703 0.521484 0.974609 0.521484 0.978516 0.517578 0.978516 0.515625 0.974609 0.511719
0 0.560547 0.515625 0.558594 0.515625 0.554688 0.519531 0.554688 0.523438 0.556641 0.525391 0.560547 0.525391 0.564453 0.521484 0.564453 0.519531
0 0.582031 0.515625 0.580078 0.515625 0.578125 0.517578 0.578125 0.521484 0.580078 0.521484 0.582031 0.519531
0 0.841797 0.521484 0.843750 0.523438 0.843750 0.525391 0.847656 0.525391 0.855469 0.533203 0.861328 0.533203 0.869141 0.525391 0.869141 0.519531 0.865234 0.515625 0.853516 0.515625 0.849609 0.519531 0.843750 0.519531
0 0.173828 0.519531 0.171875 0.521484 0.169922 0.521484 0.167969 0.523438 0.167969 0.525391 0.171875 0.529297 0.175781 0.529297 0.177734 0.527344 0.177734 0.523438
0 0.232422 0.519531 0.230469 0.521484 0.230469 0.523438 0.232422 0.525391 0.234375 0.525391 0.236328 0.523438 0.236328 0.521484 0.234375 0.519531
0 0.646484 0.519531 0.644531 0.519531 0.640625 0.523438 0.640625 0.525391 0.642578 0.527344 0.646484 0.527344 0.648438 0.525391 0.648438 0.521484
0 0.666016 0.519531 0.664062 0.521484 0.662109 0.521484 0.662109 0.523438 0.664062 0.525391 0.666016 0.525391 0.667969 0.523438 0.667969 0.521484
1 0.771484 0.519531 0.767578 0.519531 0.759766 0.527344 0.757812 0.533203 0.750000 0.539062 0.748047 0.542969 0.751953 0.546875 0.751953 0.548828 0.755859 0.550781 0.761719 0.548828 0.761719 0.546875 0.769531 0.539062 0.773438 0.541016 0.781250 0.533203 0.777344 0.525391
0 0.988281 0.521484 0.988281 0.523438 0.992188 0.527344 0.994141 0.525391 0.996094 0.525391 0.996094 0.521484 0.994141 0.519531 0.990234 0.519531
0 0.523438 0.529297 0.527344 0.533203 0.529297 0.533203 0.531250 0.535156 0.533203 0.533203 0.533203 0.529297 0.531250 0.527344 0.529297 0.527344 0.527344 0.529297
0 0.593750 0.527344 0.591797 0.529297 0.591797 0.533203 0.595703 0.537109 0.597656 0.537109 0.601562 0.533203 0.599609 0.531250 0.599609 0.529297 0.597656 0.527344
0 0.300781 0.535156 0.300781 0.537109 0.302734 0.537109 0.304688 0.539062 0.312500 0.539062 0.314453 0.537109 0.314453 0.535156 0.310547 0.531250 0.304688 0.531250
0 0.968750 0.531250 0.966797 0.533203 0.966797 0.542969 0.968750 0.542969 0.970703 0.544922 0.978516 0.544922 0.980469 0.542969 0.980469 0.539062 0.978516 0.537109 0.978516 0.533203 0.976562 0.531250
0 0.121094 0.537109 0.119141 0.539062 0.119141 0.541016 0.121094 0.542969 0.123047 0.542969 0.123047 0.539062
0 0.484375 0.537109 0.482422 0.539062 0.482422 0.541016 0.484375 0.542969 0.486328 0.541016 0.486328 0.539062
0 0.550781 0.541016 0.548828 0.542969 0.548828 0.546875 0.550781 0.548828 0.556641 0.548828 0.556641 0.546875 0.558594 0.544922 0.558594 0.542969 0.556641 0.541016
0 0.785156 0.546875 0.783203 0.548828 0.783203 0.554688 0.781250 0.556641 0.781250 0.564453 0.785156 0.570312 0.789062 0.570312 0.791016 0.568359 0.792969 0.568359 0.792969 0.566406 0.794922 0.564453 0.794922 0.556641 0.789062 0.550781 0.789062 0.548828 0.787109 0.546875
0 0.980469 0.548828 0.980469 0.550781 0.978516 0.552734 0.982422 0.556641 0.982422 0.558594 0.988281 0.558594 0.990234 0.556641 0.990234 0.550781 0.988281 0.548828 0.988281 0.546875 0.984375 0.546875 0.982422 0.548828
0 0.507812 0.554688 0.505859 0.554688 0.503906 0.556641 0.503906 0.558594 0.501953 0.560547 0.503906 0.562500 0.503906 0.564453 0.505859 0.562500 0.507812 0.562500 0.509766 0.560547 0.509766 0.556641
0 0.533203 0.554688 0.531250 0.556641 0.533203 0.558594
0 0.923828 0.556641 0.919922 0.560547 0.919922 0.562500 0.917969 0.564453 0.917969 0.570312 0.919922 0.572266 0.919922 0.574219 0.921875 0.574219 0.923828 0.576172 0.929688 0.576172 0.931641 0.574219 0.933594 0.574219 0.935547 0.576172 0.935547 0.560547 0.931641 0.556641
0 0.490234 0.560547 0.490234 0.562500 0.492188 0.564453 0.494141 0.564453 0.496094 0.562500 0.496094 0.560547
0 0.960938 0.560547 0.960938 0.562500 0.958984 0.564453 0.958984 0.566406 0.960938 0.568359 0.962891 0.566406 0.962891 0.562500
0 0.595703 0.562500 0.593750 0.564453 0.595703 0.566406 0.597656 0.566406 0.599609 0.564453 0.597656 0.562500
0 0.357422 0.566406 0.355469 0.566406 0.353516 0.568359 0.357422 0.568359
0 0.986328 0.566406 0.982422 0.566406 0.980469 0.568359 0.976562 0.568359 0.974609 0.570312 0.974609 0.576172 0.976562 0.578125 0.980469 0.578125 0.982422 0.580078 0.988281 0.574219 0.988281 0.568359
0 0.228516 0.574219 0.230469 0.574219 0.232422 0.572266 0.228516 0.572266
0 0.318359 0.570312 0.318359 0.574219 0.320312 0.576172 0.322266 0.574219 0.322266 0.572266 0.320312 0.570312
0 0.455078 0.576172 0.451172 0.572266 0.449219 0.574219 0.447266 0.574219 0.443359 0.578125 0.443359 0.580078 0.445312 0.580078 0.447266 0.582031 0.453125 0.582031 0.455078 0.580078
1 0.357422 0.580078 0.365234 0.580078 0.363281 0.580078 0.361328 0.578125 0.363281 0.576172 0.361328 0.578125 0.359375 0.576172 0.361328 0.578125 0.359375 0.580078
0 0.621094 0.574219 0.619141 0.576172 0.619141 0.587891 0.621094 0.591797 0.628906 0.597656 0.640625 0.601562 0.646484 0.595703 0.646484 0.587891 0.644531 0.583984 0.634766 0.574219
0 0.660156 0.574219 0.656250 0.578125 0.656250 0.582031 0.658203 0.583984 0.658203 0.585938 0.660156 0.585938 0.662109 0.587891 0.664062 0.587891 0.666016 0.585938 0.667969 0.585938 0.667969 0.583984 0.669922 0.582031 0.669922 0.580078 0.667969 0.578125 0.667969 0.576172 0.666016 0.574219
0 0.998047 0.576172 0.994141 0.576172 0.992188 0.578125 0.994141 0.580078 0.996094 0.580078 0.998047 0.578125
1 0.390625 0.580078 0.386719 0.583984 0.386719 0.585938 0.384766 0.587891 0.384766 0.589844 0.386719 0.591797 0.388672 0.589844 0.388672 0.587891 0.390625 0.585938
0 0.867188 0.582031 0.863281 0.582031 0.861328 0.580078 0.859375 0.582031 0.855469 0.582031 0.853516 0.583984 0.853516 0.585938 0.851562 0.587891 0.851562 0.591797 0.849609 0.593750 0.849609 0.595703 0.851562 0.597656 0.851562 0.601562 0.853516 0.601562 0.855469 0.603516 0.863281 0.603516 0.865234 0.601562 0.865234 0.599609 0.871094 0.593750 0.871094 0.587891
0 0.419922 0.582031 0.414062 0.585938 0.414062 0.589844 0.404297 0.601562 0.408203 0.626953 0.406250 0.628906 0.402344 0.626953 0.404297 0.634766 0.412109 0.636719 0.421875 0.632812 0.437500 0.615234 0.437500 0.609375 0.431641 0.609375 0.425781 0.601562 0.427734 0.589844
0 0.566406 0.582031 0.564453 0.582031 0.562500 0.583984 0.560547 0.583984 0.558594 0.585938 0.558594 0.589844 0.560547 0.591797 0.566406 0.591797 0.568359 0.589844 0.568359 0.583984
0 0.587891 0.585938 0.585938 0.583984 0.583984 0.583984 0.582031 0.585938 0.580078 0.585938 0.578125 0.587891 0.578125 0.589844 0.580078 0.591797 0.578125 0.593750 0.580078 0.591797 0.582031 0.591797 0.583984 0.593750 0.585938 0.591797 0.587891 0.591797
0 0.488281 0.597656 0.486328 0.599609 0.488281 0.601562 0.490234 0.599609
0 0.523438 0.605469 0.523438 0.609375 0.525391 0.611328 0.527344 0.609375 0.529297 0.609375 0.527344 0.607422 0.527344 0.605469
0 0.628906 0.605469 0.626953 0.607422 0.626953 0.609375 0.628906 0.611328 0.630859 0.611328 0.632812 0.609375 0.632812 0.607422 0.630859 0.605469
0 0.945312 0.607422 0.937500 0.607422 0.931641 0.613281 0.931641 0.615234 0.933594 0.617188 0.933594 0.621094 0.937500 0.625000 0.939453 0.623047 0.945312 0.623047 0.949219 0.617188 0.949219 0.613281 0.945312 0.609375
0 0.539062 0.615234 0.535156 0.615234 0.531250 0.619141 0.529297 0.619141 0.525391 0.623047 0.523438 0.623047 0.523438 0.632812 0.527344 0.638672 0.537109 0.638672 0.542969 0.632812 0.542969 0.619141
0 0.556641 0.621094 0.552734 0.621094 0.550781 0.623047 0.550781 0.625000 0.554688 0.625000 0.554688 0.623047
0 0.916016 0.621094 0.914062 0.623047 0.914062 0.625000 0.916016 0.626953 0.917969 0.625000 0.917969 0.623047
0 0.976562 0.621094 0.972656 0.625000 0.972656 0.632812 0.974609 0.634766 0.980469 0.634766 0.982422 0.632812 0.984375 0.632812 0.984375 0.630859 0.986328 0.628906 0.984375 0.626953 0.984375 0.625000 0.982422 0.623047 0.980469 0.623047 0.978516 0.621094
0 0.230469 0.628906 0.232422 0.630859 0.234375 0.630859 0.238281 0.634766 0.242188 0.634766 0.242188 0.632812 0.246094 0.628906 0.246094 0.626953 0.244141 0.625000 0.238281 0.625000 0.236328 0.626953 0.232422 0.626953
0 0.884766 0.626953 0.882812 0.628906 0.882812 0.632812 0.884766 0.632812 0.886719 0.630859 0.886719 0.628906
1 0.443359 0.630859 0.441406 0.630859 0.439453 0.628906 0.439453 0.630859 0.435547 0.634766 0.431641 0.634766 0.431641 0.636719 0.433594 0.638672 0.431641 0.640625 0.433594 0.638672 0.435547 0.638672 0.439453 0.634766 0.441406 0.634766 0.443359 0.632812
1 0.462891 0.630859 0.462891 0.632812 0.464844 0.630859 0.468750 0.634766 0.474609 0.634766 0.474609 0.628906 0.466797 0.628906 0.464844 0.630859
1 0.486328 0.640625 0.486328 0.642578 0.490234 0.646484 0.496094 0.646484 0.498047 0.648438 0.503906 0.642578 0.505859 0.642578 0.515625 0.652344 0.513672 0.654297 0.513672 0.656250 0.515625 0.658203 0.515625 0.662109 0.521484 0.667969 0.523438 0.667969 0.523438 0.666016 0.531250 0.658203 0.531250 0.656250 0.523438 0.648438 0.523438 0.646484 0.517578 0.646484 0.503906 0.634766 0.501953 0.634766 0.500000 0.636719 0.498047 0.634766 0.496094 0.636719 0.490234 0.636719
1 0.443359 0.640625 0.443359 0.642578 0.447266 0.646484 0.453125 0.646484 0.455078 0.648438 0.457031 0.648438 0.460938 0.652344 0.464844 0.648438 0.464844 0.640625 0.460938 0.640625 0.457031 0.636719 0.451172 0.640625 0.449219 0.640625 0.447266 0.638672 0.445312 0.638672
1 0.742188 0.636719 0.742188 0.644531 0.738281 0.648438 0.738281 0.652344 0.736328 0.654297 0.738281 0.656250 0.734375 0.660156 0.744141 0.669922 0.746094 0.667969 0.750000 0.671875 0.746094 0.685547 0.753906 0.691406 0.753906 0.695312 0.746094 0.703125 0.748047 0.705078 0.744141 0.707031 0.746094 0.710938 0.744141 0.714844 0.750000 0.720703 0.753906 0.720703 0.759766 0.714844 0.761719 0.708984 0.765625 0.707031 0.773438 0.697266 0.763672 0.683594 0.765625 0.681641 0.765625 0.675781 0.763672 0.673828 0.761719 0.675781 0.751953 0.667969 0.755859 0.660156 0.755859 0.654297 0.751953 0.648438 0.751953 0.638672 0.750000 0.636719
0 0.683594 0.642578 0.681641 0.644531 0.681641 0.648438 0.683594 0.650391 0.687500 0.650391 0.687500 0.648438 0.689453 0.646484 0.689453 0.644531 0.687500 0.642578
0 0.796875 0.640625 0.792969 0.644531 0.792969 0.650391 0.794922 0.650391 0.796875 0.652344 0.802734 0.652344 0.804688 0.650391 0.804688 0.644531 0.800781 0.640625
1 0.480469 0.646484 0.480469 0.648438 0.482422 0.650391 0.482422 0.662109 0.494141 0.673828 0.496094 0.673828 0.500000 0.669922 0.500000 0.667969 0.501953 0.666016 0.501953 0.662109 0.498047 0.658203 0.492188 0.658203
0 0.326172 0.648438 0.324219 0.650391 0.324219 0.652344 0.326172 0.654297 0.328125 0.654297 0.330078 0.652344 0.330078 0.650391 0.328125 0.648438
1 0.320312 0.662109 0.314453 0.656250 0.308594 0.662109 0.306641 0.660156 0.306641 0.664062 0.304688 0.666016 0.300781 0.666016 0.298828 0.667969 0.298828 0.669922 0.300781 0.671875 0.302734 0.671875 0.302734 0.669922 0.304688 0.667969 0.304688 0.666016 0.306641 0.664062 0.310547 0.664062 0.312500 0.662109 0.316406 0.662109 0.318359 0.664062 0.320312 0.664062
0 0.468750 0.656250 0.466797 0.658203 0.466797 0.660156 0.468750 0.662109 0.468750 0.664062 0.468750 0.662109 0.470703 0.660156 0.470703 0.658203
0 0.208984 0.664062 0.207031 0.666016 0.207031 0.669922 0.208984 0.669922 0.210938 0.667969 0.210938 0.666016
0 0.857422 0.667969 0.855469 0.673828 0.857422 0.675781 0.857422 0.677734 0.863281 0.681641 0.867188 0.681641 0.869141 0.683594 0.871094 0.683594 0.873047 0.681641 0.875000 0.681641 0.875000 0.679688 0.878906 0.675781 0.878906 0.671875 0.871094 0.664062 0.865234 0.664062 0.863281 0.666016
0 0.701172 0.671875 0.701172 0.675781 0.703125 0.675781 0.705078 0.677734 0.710938 0.677734 0.710938 0.671875 0.708984 0.669922 0.705078 0.669922 0.703125 0.671875
1 0.322266 0.679688 0.322266 0.681641 0.324219 0.679688 0.326172 0.681641 0.326172 0.679688
0 0.628906 0.699219 0.625000 0.707031 0.625000 0.720703 0.634766 0.730469 0.664062 0.734375 0.671875 0.732422 0.679688 0.720703 0.679688 0.710938 0.683594 0.705078 0.667969 0.689453 0.644531 0.687500
0 0.333984 0.693359 0.333984 0.695312 0.332031 0.697266 0.333984 0.699219 0.333984 0.701172 0.337891 0.701172 0.339844 0.699219 0.339844 0.695312 0.337891 0.693359
0 0.734375 0.693359 0.730469 0.693359 0.728516 0.695312 0.732422 0.699219 0.736328 0.695312
0 0.875000 0.691406 0.875000 0.693359 0.871094 0.697266 0.871094 0.701172 0.869141 0.703125 0.869141 0.705078 0.871094 0.707031 0.871094 0.718750 0.873047 0.720703 0.878906 0.720703 0.880859 0.718750 0.880859 0.716797 0.884766 0.712891 0.884766 0.697266 0.880859 0.693359 0.876953 0.693359
0 0.109375 0.701172 0.109375 0.707031 0.111328 0.708984 0.113281 0.708984 0.115234 0.707031 0.115234 0.703125 0.113281 0.701172
0 0.488281 0.699219 0.484375 0.699219 0.482422 0.701172 0.480469 0.701172 0.480469 0.703125 0.478516 0.705078 0.478516 0.708984 0.482422 0.712891 0.486328 0.712891 0.492188 0.707031 0.492188 0.705078 0.490234 0.703125 0.490234 0.701172
0 0.591797 0.701172 0.589844 0.701172 0.587891 0.703125 0.589844 0.705078 0.591797 0.703125
0 0.837891 0.701172 0.835938 0.703125 0.835938 0.707031 0.837891 0.708984 0.839844 0.708984 0.841797 0.707031 0.841797 0.703125 0.839844 0.701172
0 0.841797 0.716797 0.843750 0.718750 0.841797 0.720703 0.843750 0.722656 0.843750 0.724609 0.847656 0.728516 0.855469 0.728516 0.859375 0.724609 0.859375 0.720703 0.855469 0.716797 0.855469 0.714844 0.853516 0.714844 0.851562 0.712891 0.847656 0.712891 0.843750 0.716797
0 0.498047 0.722656 0.494141 0.722656 0.490234 0.726562 0.490234 0.738281 0.494141 0.742188 0.496094 0.740234 0.498047 0.740234 0.501953 0.736328 0.501953 0.726562
0 0.958984 0.722656 0.957031 0.724609 0.957031 0.728516 0.958984 0.730469 0.958984 0.734375 0.968750 0.734375 0.968750 0.732422 0.970703 0.730469 0.970703 0.724609 0.968750 0.722656
1 0.681641 0.732422 0.679688 0.734375 0.679688 0.736328 0.681641 0.734375
0 0.816406 0.732422 0.814453 0.730469 0.812500 0.732422 0.810547 0.732422 0.810547 0.736328 0.814453 0.736328 0.816406 0.734375
0 0.914062 0.730469 0.912109 0.732422 0.912109 0.734375 0.910156 0.736328 0.910156 0.738281 0.912109 0.740234 0.912109 0.742188 0.917969 0.742188 0.919922 0.740234 0.921875 0.740234 0.921875 0.738281 0.923828 0.736328 0.923828 0.732422 0.921875 0.730469
0 0.640625 0.746094 0.632812 0.738281 0.621094 0.748047 0.615234 0.744141 0.613281 0.746094 0.607422 0.740234 0.601562 0.740234 0.597656 0.744141 0.599609 0.750000 0.613281 0.761719 0.611328 0.763672 0.613281 0.765625 0.617188 0.763672 0.619141 0.765625 0.626953 0.763672 0.628906 0.755859
0 0.710938 0.738281 0.708984 0.740234 0.707031 0.740234 0.705078 0.742188 0.705078 0.746094 0.707031 0.748047 0.710938 0.748047 0.712891 0.746094 0.712891 0.740234
0 0.193359 0.744141 0.191406 0.746094 0.189453 0.744141 0.187500 0.746094 0.187500 0.755859 0.191406 0.755859 0.193359 0.753906 0.195312 0.753906 0.193359 0.751953 0.195312 0.750000 0.195312 0.748047 0.193359 0.746094
0 0.869141 0.744141 0.865234 0.748047 0.865234 0.750000 0.863281 0.751953 0.867188 0.755859 0.869141 0.755859 0.873047 0.751953 0.873047 0.748047
0 0.925781 0.744141 0.923828 0.746094 0.923828 0.748047 0.921875 0.750000 0.923828 0.751953 0.923828 0.753906 0.925781 0.755859 0.927734 0.755859 0.929688 0.757812 0.931641 0.757812 0.933594 0.755859 0.935547 0.755859 0.935547 0.748047 0.933594 0.746094 0.931641 0.746094 0.929688 0.744141
0 0.542969 0.750000 0.542969 0.753906 0.544922 0.755859 0.546875 0.755859 0.548828 0.753906 0.548828 0.751953 0.546875 0.750000
0 0.585938 0.753906 0.587891 0.755859 0.591797 0.755859 0.591797 0.751953 0.587891 0.751953
1 0.845703 0.751953 0.841797 0.757812 0.849609 0.765625 0.849609 0.769531 0.847656 0.771484 0.847656 0.773438 0.851562 0.777344 0.851562 0.779297 0.857422 0.785156 0.863281 0.779297 0.863281 0.777344 0.857422 0.771484 0.853516 0.775391 0.849609 0.769531 0.849609 0.765625 0.853516 0.761719 0.857422 0.761719 0.857422 0.757812 0.859375 0.755859 0.855469 0.751953
0 0.527344 0.757812 0.529297 0.759766 0.527344 0.761719 0.527344 0.763672 0.529297 0.765625 0.531250 0.765625 0.533203 0.763672 0.533203 0.761719 0.531250 0.759766 0.529297 0.759766
0 0.703125 0.757812 0.699219 0.761719 0.699219 0.765625 0.703125 0.769531 0.708984 0.769531 0.710938 0.767578 0.710938 0.759766 0.708984 0.757812
0 0.435547 0.769531 0.435547 0.775391 0.439453 0.779297 0.447266 0.779297 0.449219 0.777344 0.449219 0.773438 0.443359 0.767578 0.439453 0.767578 0.437500 0.769531
0 0.666016 0.767578 0.666016 0.769531 0.662109 0.773438 0.662109 0.779297 0.666016 0.783203 0.669922 0.783203 0.671875 0.785156 0.673828 0.783203 0.675781 0.783203 0.675781 0.781250 0.677734 0.779297 0.677734 0.775391 0.675781 0.773438 0.675781 0.771484 0.671875 0.767578
0 0.882812 0.765625 0.880859 0.767578 0.880859 0.769531 0.882812 0.769531 0.884766 0.771484 0.886719 0.769531 0.886719 0.767578 0.884766 0.765625
0 0.552734 0.779297 0.548828 0.779297 0.546875 0.781250 0.548828 0.783203 0.550781 0.783203 0.550781 0.781250
1 0.632812 0.796875 0.623047 0.787109 0.619141 0.791016 0.617188 0.791016 0.611328 0.796875 0.609375 0.796875 0.607422 0.798828 0.601562 0.794922 0.599609 0.794922 0.595703 0.798828 0.591797 0.798828 0.591797 0.802734 0.589844 0.804688 0.589844 0.806641 0.593750 0.812500 0.597656 0.812500 0.599609 0.814453 0.601562 0.812500 0.605469 0.812500 0.607422 0.810547 0.617188 0.810547 0.619141 0.808594 0.621094 0.808594 0.623047 0.806641 0.625000 0.806641 0.626953 0.804688 0.628906 0.804688 0.632812 0.800781
0 0.685547 0.787109 0.683594 0.789062 0.683594 0.791016 0.685547 0.792969 0.689453 0.792969 0.691406 0.791016 0.687500 0.787109
0 0.841797 0.787109 0.839844 0.789062 0.835938 0.789062 0.830078 0.794922 0.830078 0.800781 0.835938 0.806641 0.841797 0.806641 0.843750 0.804688 0.845703 0.804688 0.845703 0.802734 0.847656 0.800781 0.847656 0.792969
0 0.873047 0.791016 0.873047 0.796875 0.876953 0.800781 0.888672 0.800781 0.890625 0.798828 0.896484 0.796875 0.896484 0.791016 0.890625 0.785156 0.876953 0.785156
0 0.808594 0.791016 0.804688 0.794922 0.804688 0.796875 0.806641 0.798828 0.812500 0.798828 0.814453 0.796875 0.814453 0.794922 0.810547 0.791016
0 0.761719 0.802734 0.759766 0.804688 0.759766 0.806641 0.761719 0.808594 0.765625 0.808594 0.765625 0.804688 0.763672 0.802734
0 0.521484 0.806641 0.519531 0.808594 0.519531 0.812500 0.521484 0.814453 0.523438 0.814453 0.525391 0.812500 0.525391 0.808594 0.523438 0.806641
0 0.863281 0.804688 0.863281 0.810547 0.855469 0.818359 0.857422 0.820312 0.855469 0.822266 0.857422 0.824219 0.859375 0.830078 0.861328 0.830078 0.863281 0.832031 0.869141 0.832031 0.876953 0.826172 0.876953 0.816406 0.873047 0.812500 0.873047 0.808594 0.871094 0.806641 0.865234 0.806641
0 0.921875 0.808594 0.921875 0.814453 0.923828 0.816406 0.925781 0.816406 0.931641 0.820312 0.933594 0.820312 0.935547 0.818359 0.937500 0.818359 0.939453 0.816406 0.941406 0.816406 0.941406 0.808594 0.937500 0.804688 0.925781 0.804688
0 0.636719 0.814453 0.634766 0.814453 0.632812 0.816406 0.628906 0.816406 0.625000 0.822266 0.625000 0.826172 0.628906 0.832031 0.632812 0.832031 0.634766 0.830078 0.636719 0.830078 0.640625 0.826172 0.640625 0.824219 0.638672 0.822266 0.638672 0.818359 0.636719 0.816406
0 0.580078 0.816406 0.580078 0.818359 0.578125 0.820312 0.580078 0.822266 0.583984 0.822266 0.583984 0.818359 0.582031 0.818359
0 0.650391 0.818359 0.648438 0.820312 0.648438 0.822266 0.650391 0.824219 0.652344 0.824219 0.654297 0.822266 0.654297 0.820312 0.652344 0.818359
0 0.607422 0.822266 0.605469 0.820312 0.603516 0.820312 0.599609 0.824219 0.597656 0.824219 0.595703 0.826172 0.593750 0.826172 0.591797 0.828125 0.593750 0.830078 0.593750 0.832031 0.595703 0.832031 0.597656 0.833984 0.601562 0.833984 0.603516 0.832031 0.603516 0.830078 0.607422 0.826172
0 0.476562 0.824219 0.472656 0.828125 0.472656 0.832031 0.474609 0.833984 0.474609 0.835938 0.480469 0.835938 0.482422 0.833984 0.482422 0.828125 0.478516 0.824219
0 0.808594 0.832031 0.806641 0.833984 0.806641 0.835938 0.808594 0.837891 0.812500 0.837891 0.812500 0.833984 0.810547 0.832031
0 0.841797 0.832031 0.839844 0.833984 0.839844 0.835938 0.841797 0.837891 0.843750 0.837891 0.845703 0.835938 0.845703 0.833984 0.843750 0.832031
0 0.880859 0.833984 0.878906 0.835938 0.878906 0.839844 0.884766 0.845703 0.886719 0.843750 0.888672 0.843750 0.888672 0.841797 0.882812 0.835938 0.882812 0.833984
0 0.439453 0.837891 0.437500 0.835938 0.435547 0.835938 0.433594 0.837891 0.433594 0.841797 0.437500 0.841797 0.439453 0.839844
1 0.476562 0.841797 0.474609 0.839844 0.470703 0.839844 0.468750 0.841797 0.468750 0.843750 0.466797 0.845703 0.464844 0.845703 0.464844 0.847656 0.462891 0.849609 0.462891 0.853516 0.460938 0.855469 0.458984 0.855469 0.457031 0.857422 0.460938 0.857422 0.460938 0.855469 0.462891 0.853516 0.464844 0.853516 0.466797 0.855469 0.468750 0.855469 0.470703 0.853516 0.470703 0.851562 0.474609 0.847656 0.474609 0.843750
0 0.824219 0.841797 0.824219 0.843750 0.822266 0.845703 0.822266 0.851562 0.824219 0.853516 0.826172 0.853516 0.828125 0.855469 0.830078 0.855469 0.830078 0.853516 0.833984 0.849609 0.833984 0.845703 0.832031 0.843750 0.830078 0.843750 0.828125 0.841797
0 0.552734 0.843750 0.550781 0.845703 0.550781 0.847656 0.548828 0.849609 0.552734 0.853516 0.554688 0.853516 0.556641 0.855469 0.558594 0.855469 0.562500 0.851562 0.562500 0.845703 0.560547 0.843750
0 0.505859 0.849609 0.503906 0.851562 0.505859 0.853516 0.507812 0.851562
0 0.859375 0.853516 0.859375 0.855469 0.861328 0.857422 0.861328 0.859375 0.865234 0.859375 0.867188 0.857422 0.869141 0.857422 0.869141 0.853516 0.867188 0.851562 0.861328 0.851562
1 0.625000 0.869141 0.621094 0.871094 0.609375 0.861328 0.601562 0.863281 0.593750 0.855469 0.585938 0.855469 0.580078 0.861328 0.564453 0.861328 0.568359 0.869141 0.574219 0.869141 0.583984 0.861328 0.595703 0.865234 0.605469 0.876953 0.603516 0.880859 0.611328 0.906250 0.605469 0.912109 0.591797 0.916016 0.580078 0.933594 0.576172 0.931641 0.552734 0.941406 0.562500 0.941406 0.562500 0.945312 0.546875 0.947266 0.541016 0.964844 0.550781 0.978516 0.576172 0.962891 0.580078 0.957031 0.576172 0.951172 0.591797 0.933594 0.609375 0.937500 0.617188 0.927734 0.619141 0.912109 0.613281 0.906250 0.611328 0.896484 0.626953 0.875000
0 0.964844 0.859375 0.962891 0.861328 0.958984 0.857422 0.955078 0.861328 0.953125 0.859375 0.951172 0.861328 0.949219 0.861328 0.947266 0.863281 0.947266 0.867188 0.945312 0.869141 0.947266 0.875000 0.949219 0.875000 0.951172 0.876953 0.960938 0.876953 0.962891 0.875000 0.962891 0.873047 0.966797 0.869141 0.966797 0.867188 0.964844 0.865234
0 0.447266 0.859375 0.445312 0.861328 0.445312 0.869141 0.447266 0.871094 0.449219 0.871094 0.453125 0.867188 0.453125 0.863281 0.451172 0.861328 0.449219 0.861328
0 0.757812 0.861328 0.753906 0.861328 0.751953 0.863281 0.753906 0.865234 0.753906 0.867188 0.757812 0.863281
0 0.546875 0.865234 0.546875 0.867188 0.550781 0.867188 0.550781 0.865234
1 0.529297 0.871094 0.527344 0.871094 0.525391 0.869141 0.523438 0.871094 0.525391 0.873047 0.523438 0.875000 0.521484 0.875000 0.519531 0.876953 0.515625 0.876953 0.513672 0.878906 0.515625 0.880859 0.517578 0.880859 0.521484 0.876953 0.525391 0.876953 0.529297 0.873047
0 0.652344 0.869141 0.648438 0.873047 0.648438 0.875000 0.650391 0.876953 0.656250 0.876953 0.656250 0.871094 0.654297 0.869141
0 0.988281 0.869141 0.982422 0.875000 0.982422 0.878906 0.986328 0.882812 0.988281 0.880859 0.990234 0.880859 0.994141 0.876953 0.994141 0.875000
1 0.378906 0.875000 0.378906 0.876953 0.380859 0.878906 0.386719 0.878906 0.388672 0.880859 0.390625 0.878906 0.396484 0.884766 0.396484 0.888672 0.398438 0.890625 0.400391 0.890625 0.402344 0.888672 0.404297 0.888672 0.408203 0.884766 0.408203 0.882812 0.410156 0.880859 0.410156 0.876953 0.408203 0.875000 0.398438 0.875000 0.396484 0.876953 0.394531 0.875000 0.392578 0.875000 0.390625 0.876953 0.388672 0.875000 0.386719 0.875000 0.382812 0.871094
1 0.570312 0.876953 0.566406 0.880859 0.566406 0.882812 0.564453 0.884766 0.564453 0.890625 0.568359 0.894531 0.568359 0.896484 0.562500 0.902344 0.562500 0.904297 0.560547 0.906250 0.560547 0.912109 0.562500 0.914062 0.566406 0.910156 0.568359 0.910156 0.570312 0.908203 0.572266 0.908203 0.574219 0.906250 0.574219 0.904297 0.572266 0.902344 0.572266 0.900391 0.576172 0.896484 0.576172 0.894531 0.578125 0.892578 0.578125 0.890625 0.576172 0.888672 0.576172 0.884766 0.578125 0.882812 0.578125 0.880859 0.576172 0.878906 0.572266 0.878906
0 0.849609 0.880859 0.849609 0.882812 0.851562 0.884766 0.853516 0.884766 0.853516 0.880859
0 0.966797 0.878906 0.966797 0.880859 0.964844 0.882812 0.964844 0.884766 0.960938 0.888672 0.962891 0.888672 0.966797 0.892578 0.974609 0.892578 0.976562 0.890625 0.976562 0.884766 0.974609 0.884766 0.970703 0.880859 0.968750 0.880859
0 0.814453 0.884766 0.806641 0.892578 0.806641 0.900391 0.802734 0.904297 0.806641 0.910156 0.806641 0.929688 0.810547 0.939453 0.820312 0.945312 0.828125 0.941406 0.845703 0.939453 0.849609 0.931641 0.845703 0.923828 0.833984 0.914062 0.835938 0.910156 0.830078 0.904297 0.828125 0.890625 0.820312 0.884766
0 0.865234 0.896484 0.865234 0.898438 0.869141 0.902344 0.871094 0.900391 0.873047 0.902344 0.880859 0.902344 0.886719 0.906250 0.888672 0.906250 0.888672 0.902344 0.886719 0.900391 0.888672 0.898438 0.890625 0.898438 0.888672 0.892578 0.880859 0.892578 0.876953 0.888672 0.875000 0.888672
0 0.957031 0.888672 0.951172 0.888672 0.949219 0.890625 0.951172 0.892578 0.951172 0.894531 0.953125 0.894531 0.957031 0.890625
0 0.851562 0.894531 0.847656 0.898438 0.847656 0.902344 0.849609 0.904297 0.849609 0.906250 0.851562 0.906250 0.853516 0.908203 0.855469 0.908203 0.859375 0.904297 0.859375 0.902344 0.861328 0.900391 0.861328 0.898438 0.859375 0.898438 0.857422 0.896484 0.855469 0.896484 0.853516 0.894531
0 0.412109 0.900391 0.410156 0.902344 0.410156 0.904297 0.408203 0.906250 0.408203 0.908203 0.410156 0.908203 0.412109 0.910156 0.414062 0.910156 0.416016 0.908203 0.416016 0.904297
0 0.943359 0.912109 0.941406 0.914062 0.939453 0.914062 0.937500 0.916016 0.937500 0.919922 0.943359 0.925781 0.945312 0.925781 0.947266 0.927734 0.949219 0.925781 0.951172 0.925781 0.955078 0.921875 0.955078 0.917969 0.949219 0.912109
0 0.365234 0.914062 0.363281 0.914062 0.361328 0.916016 0.359375 0.914062 0.355469 0.917969 0.355469 0.919922 0.357422 0.921875 0.359375 0.921875 0.361328 0.923828 0.363281 0.921875 0.365234 0.921875 0.367188 0.919922 0.365234 0.917969
0 0.394531 0.921875 0.394531 0.931641 0.396484 0.935547 0.398438 0.935547 0.402344 0.939453 0.414062 0.939453 0.427734 0.927734 0.427734 0.923828 0.425781 0.921875 0.427734 0.919922 0.423828 0.917969 0.414062 0.917969 0.412109 0.919922 0.398438 0.917969
0 0.884766 0.917969 0.882812 0.919922 0.882812 0.923828 0.884766 0.925781 0.886719 0.925781 0.888672 0.923828 0.888672 0.919922 0.886719 0.917969
0 0.685547 0.921875 0.681641 0.931641 0.677734 0.929688 0.671875 0.933594 0.666016 0.951172 0.669922 0.968750 0.685547 0.980469 0.693359 0.980469 0.705078 0.970703 0.708984 0.962891 0.714844 0.962891 0.720703 0.955078 0.695312 0.933594 0.683594 0.929688
0 0.474609 0.929688 0.474609 0.933594 0.476562 0.935547 0.480469 0.935547 0.482422 0.933594 0.482422 0.931641 0.480469 0.929688
0 0.359375 0.935547 0.355469 0.939453 0.359375 0.943359 0.361328 0.943359 0.363281 0.941406 0.363281 0.939453
0 0.652344 0.943359 0.650391 0.945312 0.650391 0.949219 0.652344 0.951172 0.656250 0.951172 0.658203 0.949219 0.658203 0.947266 0.654297 0.943359
0 0.996094 0.945312 0.992188 0.949219 0.982422 0.947266 0.978516 0.951172 0.957031 0.953125 0.957031 0.960938 0.949219 0.972656 0.958984 0.982422 0.962891 0.996094 0.968750 0.996094 0.970703 0.980469 0.972656 0.996094 0.980469 0.996094 0.982422 0.986328 0.984375 0.996094 0.992188 0.996094 0.996094 0.990234 0.996094 0.978516 0.992188 0.974609 0.996094 0.964844 0.988281 0.962891 0.996094 0.960938
0 0.505859 0.955078 0.503906 0.957031 0.505859 0.958984 0.507812 0.958984 0.509766 0.957031 0.507812 0.955078
0 0.531250 0.955078 0.529297 0.955078 0.527344 0.957031 0.529297 0.958984 0.531250 0.957031
0 0.763672 0.955078 0.763672 0.957031 0.761719 0.958984 0.761719 0.960938 0.765625 0.964844 0.771484 0.964844 0.775391 0.960938 0.775391 0.958984 0.769531 0.953125 0.767578 0.953125 0.765625 0.955078
0 0.888672 0.955078 0.884766 0.958984 0.884766 0.964844 0.886719 0.966797 0.888672 0.966797 0.890625 0.968750 0.894531 0.964844 0.894531 0.958984 0.892578 0.957031 0.890625 0.957031
1 0.820312 0.957031 0.820312 0.958984 0.816406 0.962891 0.820312 0.966797 0.822266 0.966797 0.824219 0.968750 0.826172 0.968750 0.828125 0.966797 0.826172 0.964844 0.826172 0.962891
0 0.628906 0.962891 0.623047 0.968750 0.623047 0.978516 0.625000 0.980469 0.634766 0.980469 0.636719 0.978516 0.638672 0.978516 0.642578 0.974609 0.642578 0.972656 0.638672 0.968750 0.638672 0.966797 0.636719 0.966797 0.632812 0.962891
0 0.435547 0.968750 0.435547 0.970703 0.429688 0.976562 0.429688 0.978516 0.433594 0.982422 0.435547 0.982422 0.439453 0.978516 0.439453 0.974609 0.437500 0.972656 0.437500 0.970703
0 0.591797 0.970703 0.589844 0.972656 0.583984 0.972656 0.583984 0.974609 0.582031 0.976562 0.582031 0.980469 0.583984 0.982422 0.587891 0.982422 0.591797 0.978516 0.591797 0.976562 0.593750 0.974609 0.591797 0.974609 0.589844 0.972656
0 0.517578 0.978516 0.515625 0.976562 0.513672 0.976562 0.511719 0.978516 0.511719 0.982422 0.515625 0.982422 0.517578 0.980469
0 0.542969 0.986328 0.539062 0.986328 0.537109 0.984375 0.537109 0.982422 0.531250 0.980469 0.527344 0.984375 0.525391 0.984375 0.523438 0.986328 0.523438 0.988281 0.519531 0.994141 0.519531 0.998047 0.539062 0.998047 0.541016 0.996094 0.541016 0.992188 0.542969 0.990234
0 0.859375 0.980469 0.855469 0.984375 0.857422 0.986328 0.859375 0.986328 0.861328 0.984375 0.861328 0.982422
1 0.908203 0.992188 0.906250 0.990234 0.906250 0.988281 0.904297 0.986328 0.904297 0.984375 0.902344 0.984375 0.898438 0.980469 0.890625 0.980469 0.882812 0.988281 0.882812 0.990234 0.880859 0.992188 0.878906 0.992188 0.876953 0.994141 0.873047 0.994141 0.871094 0.996094 0.871094 0.998047 0.908203 0.998047
1 0.414062 0.992188 0.408203 0.992188 0.404297 0.988281 0.398438 0.988281 0.396484 0.990234 0.392578 0.990234 0.390625 0.992188 0.388672 0.992188 0.386719 0.994141 0.384766 0.994141 0.380859 0.998047 0.414062 0.998047
1 0.304688 0.998047 0.318359 0.998047 0.316406 0.996094 0.306641 0.996094
0 0.605469 0.998047 0.603516 0.996094 0.601562 0.998047
0 0.662109 0.998047 0.660156 0.996094 0.658203 0.998047
0 0.236328 0.001953 0.232422 0.001953 0.230469 0.000000 0.236328 0.000000
0 0.042969 0.031250 0.042969 0.035156 0.039062 0.035156 0.037109 0.033203 0.041016 0.029297
0 0.095703 0.042969 0.095703 0.046875 0.091797 0.046875 0.089844 0.044922 0.093750 0.041016
0 0.496094 0.068359 0.496094 0.072266 0.492188 0.072266 0.490234 0.070312 0.494141 0.066406
0 0.236328 0.078125 0.236328 0.082031 0.232422 0.082031 0.230469 0.080078 0.234375 0.076172
0 0.173828 0.097656 0.173828 0.101562 0.169922 0.101562 0.167969 0.099609 0.171875 0.095703
0 0.265625 0.097656 0.265625 0.101562 0.261719 0.101562 0.259766 0.099609 0.263672 0.095703
0 0.429688 0.115234 0.429688 0.119141 0.425781 0.119141 0.423828 0.117188 0.427734 0.113281
0 0.386719 0.126953 0.384766 0.126953 0.382812 0.128906 0.378906 0.128906 0.376953 0.126953 0.376953 0.121094 0.378906 0.119141 0.382812 0.119141 0.384766 0.121094 0.386719 0.121094
0 0.972656 0.132812 0.972656 0.136719 0.968750 0.136719 0.966797 0.134766 0.970703 0.130859
0 0.531250 0.134766 0.531250 0.138672 0.527344 0.138672 0.525391 0.136719 0.529297 0.132812
0 0.392578 0.148438 0.392578 0.152344 0.388672 0.152344 0.386719 0.150391 0.390625 0.146484
0 0.046875 0.160156 0.046875 0.164062 0.042969 0.164062 0.041016 0.162109 0.044922 0.158203
0 0.136719 0.162109 0.136719 0.166016 0.132812 0.166016 0.130859 0.164062 0.134766 0.160156
0 0.673828 0.185547 0.673828 0.189453 0.669922 0.189453 0.667969 0.187500 0.671875 0.183594
0 0.343750 0.189453 0.343750 0.193359 0.339844 0.193359 0.337891 0.191406 0.341797 0.187500
0 0.525391 0.191406 0.525391 0.195312 0.521484 0.195312 0.519531 0.193359 0.523438 0.189453
0 0.679688 0.199219 0.679688 0.203125 0.675781 0.203125 0.673828 0.201172 0.677734 0.197266
0 0.408203 0.205078 0.408203 0.208984 0.404297 0.208984 0.402344 0.207031 0.406250 0.203125
0 0.050781 0.207031 0.050781 0.210938 0.046875 0.210938 0.044922 0.208984 0.048828 0.205078
0 0.048828 0.214844 0.048828 0.218750 0.044922 0.218750 0.042969 0.216797 0.046875 0.212891
0 0.066406 0.220703 0.064453 0.222656 0.064453 0.224609 0.062500 0.226562 0.056641 0.226562 0.054688 0.224609 0.054688 0.222656 0.052734 0.220703 0.052734 0.218750 0.054688 0.216797 0.054688 0.214844 0.056641 0.212891 0.062500 0.212891 0.064453 0.214844 0.064453 0.216797 0.066406 0.218750
0 0.080078 0.222656 0.078125 0.222656 0.076172 0.224609 0.072266 0.224609 0.070312 0.222656 0.070312 0.216797 0.072266 0.214844 0.076172 0.214844 0.078125 0.216797 0.080078 0.216797
0 0.046875 0.224609 0.046875 0.228516 0.042969 0.228516 0.041016 0.226562 0.044922 0.222656
0 0.076172 0.228516 0.076172 0.232422 0.072266 0.232422 0.070312 0.230469 0.074219 0.226562
0 0.052734 0.230469 0.052734 0.234375 0.048828 0.234375 0.046875 0.232422 0.050781 0.228516
0 0.080078 0.234375 0.080078 0.238281 0.076172 0.238281 0.074219 0.236328 0.078125 0.232422
0 0.355469 0.238281 0.355469 0.242188 0.351562 0.242188 0.349609 0.240234 0.353516 0.236328
0 0.062500 0.244141 0.060547 0.244141 0.058594 0.246094 0.054688 0.246094 0.052734 0.244141 0.052734 0.238281 0.054688 0.236328 0.058594 0.236328 0.060547 0.238281 0.062500 0.238281
0 0.072266 0.240234 0.072266 0.244141 0.068359 0.244141 0.066406 0.242188 0.070312 0.238281
0 0.078125 0.242188 0.078125 0.246094 0.074219 0.246094 0.072266 0.244141 0.076172 0.240234
0 0.187500 0.242188 0.187500 0.246094 0.183594 0.246094 0.181641 0.244141 0.185547 0.240234
0 0.046875 0.244141 0.046875 0.248047 0.042969 0.248047 0.041016 0.246094 0.044922 0.242188
0 0.363281 0.250000 0.363281 0.253906 0.359375 0.253906 0.357422 0.251953 0.361328 0.248047
0 0.660156 0.251953 0.660156 0.255859 0.656250 0.255859 0.654297 0.253906 0.658203 0.250000
0 0.046875 0.253906 0.046875 0.257812 0.042969 0.257812 0.041016 0.255859 0.044922 0.251953
0 0.056641 0.255859 0.056641 0.259766 0.052734 0.259766 0.050781 0.257812 0.054688 0.253906
0 0.085938 0.255859 0.085938 0.259766 0.082031 0.259766 0.080078 0.257812 0.083984 0.253906
0 0.048828 0.259766 0.048828 0.263672 0.044922 0.263672 0.042969 0.261719 0.046875 0.257812
0 0.371094 0.259766 0.371094 0.263672 0.367188 0.263672 0.365234 0.261719 0.369141 0.257812
0 0.521484 0.267578 0.521484 0.271484 0.517578 0.271484 0.515625 0.269531 0.519531 0.265625
0 0.345703 0.289062 0.345703 0.292969 0.341797 0.292969 0.339844 0.291016 0.343750 0.287109
0 0.796875 0.289062 0.796875 0.292969 0.792969 0.292969 0.791016 0.291016 0.794922 0.287109
0 0.107422 0.292969 0.107422 0.296875 0.103516 0.296875 0.101562 0.294922 0.105469 0.291016
0 0.359375 0.294922 0.359375 0.298828 0.355469 0.298828 0.353516 0.296875 0.357422 0.292969
0 0.476562 0.306641 0.476562 0.310547 0.472656 0.310547 0.470703 0.308594 0.474609 0.304688
0 0.400391 0.308594 0.400391 0.312500 0.396484 0.312500 0.394531 0.310547 0.398438 0.306641
0 0.568359 0.308594 0.568359 0.312500 0.564453 0.312500 0.562500 0.310547 0.566406 0.306641
0 0.080078 0.312500 0.080078 0.316406 0.076172 0.316406 0.074219 0.314453 0.078125 0.310547
0 0.109375 0.324219 0.109375 0.328125 0.105469 0.328125 0.103516 0.326172 0.107422 0.322266
0 0.458984 0.326172 0.458984 0.330078 0.455078 0.330078 0.453125 0.328125 0.457031 0.324219
0 0.626953 0.335938 0.626953 0.339844 0.623047 0.339844 0.621094 0.337891 0.625000 0.333984
0 0.205078 0.339844 0.205078 0.343750 0.201172 0.343750 0.199219 0.341797 0.203125 0.337891
0 0.564453 0.339844 0.564453 0.343750 0.560547 0.343750 0.558594 0.341797 0.562500 0.337891
0 0.078125 0.341797 0.078125 0.345703 0.074219 0.345703 0.072266 0.343750 0.076172 0.339844
0 0.328125 0.341797 0.328125 0.345703 0.324219 0.345703 0.322266 0.343750 0.326172 0.339844
0 0.232422 0.345703 0.232422 0.349609 0.228516 0.349609 0.226562 0.347656 0.230469 0.343750
0 0.298828 0.349609 0.298828 0.353516 0.294922 0.353516 0.292969 0.351562 0.296875 0.347656
0 0.111328 0.351562 0.111328 0.355469 0.107422 0.355469 0.105469 0.353516 0.109375 0.349609
0 0.320312 0.353516 0.320312 0.357422 0.316406 0.357422 0.314453 0.355469 0.318359 0.351562
0 0.357422 0.355469 0.357422 0.359375 0.353516 0.359375 0.351562 0.357422 0.355469 0.353516
0 0.148438 0.357422 0.148438 0.361328 0.144531 0.361328 0.142578 0.359375 0.146484 0.355469
0 0.345703 0.357422 0.345703 0.361328 0.341797 0.361328 0.339844 0.359375 0.343750 0.355469
0 0.496094 0.357422 0.496094 0.361328 0.492188 0.361328 0.490234 0.359375 0.494141 0.355469
0 0.664062 0.357422 0.664062 0.361328 0.660156 0.361328 0.658203 0.359375 0.662109 0.355469
0 0.298828 0.361328 0.298828 0.365234 0.294922 0.365234 0.292969 0.363281 0.296875 0.359375
0 0.349609 0.367188 0.349609 0.371094 0.345703 0.371094 0.343750 0.369141 0.347656 0.365234
0 0.798828 0.367188 0.798828 0.371094 0.794922 0.371094 0.792969 0.369141 0.796875 0.365234
0 0.689453 0.369141 0.689453 0.373047 0.685547 0.373047 0.683594 0.371094 0.687500 0.367188
0 0.296875 0.373047 0.296875 0.376953 0.292969 0.376953 0.291016 0.375000 0.294922 0.371094
0 0.328125 0.373047 0.328125 0.376953 0.324219 0.376953 0.322266 0.375000 0.326172 0.371094
0 0.250000 0.376953 0.250000 0.380859 0.246094 0.380859 0.244141 0.378906 0.248047 0.375000
0 0.384766 0.376953 0.384766 0.380859 0.380859 0.380859 0.378906 0.378906 0.382812 0.375000
0 0.296875 0.380859 0.296875 0.384766 0.292969 0.384766 0.291016 0.382812 0.294922 0.378906
0 0.251953 0.386719 0.251953 0.390625 0.248047 0.390625 0.246094 0.388672 0.250000 0.384766
0 0.531250 0.386719 0.531250 0.390625 0.527344 0.390625 0.525391 0.388672 0.529297 0.384766
0 0.220703 0.388672 0.220703 0.392578 0.216797 0.392578 0.214844 0.390625 0.218750 0.386719
0 0.386719 0.388672 0.386719 0.392578 0.382812 0.392578 0.380859 0.390625 0.384766 0.386719
0 0.406250 0.390625 0.406250 0.394531 0.402344 0.394531 0.400391 0.392578 0.404297 0.388672
0 0.105469 0.398438 0.105469 0.402344 0.101562 0.402344 0.099609 0.400391 0.103516 0.396484
0 0.787109 0.404297 0.781250 0.410156 0.775391 0.410156 0.769531 0.404297 0.769531 0.398438 0.775391 0.392578 0.781250 0.392578 0.787109 0.398438
0 0.361328 0.402344 0.361328 0.406250 0.357422 0.406250 0.355469 0.404297 0.359375 0.400391
0 0.447266 0.402344 0.447266 0.406250 0.443359 0.406250 0.441406 0.404297 0.445312 0.400391
0 0.796875 0.402344 0.796875 0.406250 0.792969 0.406250 0.791016 0.404297 0.794922 0.400391
0 0.328125 0.404297 0.328125 0.408203 0.324219 0.408203 0.322266 0.406250 0.326172 0.402344
0 0.228516 0.406250 0.228516 0.410156 0.224609 0.410156 0.222656 0.408203 0.226562 0.404297
0 0.277344 0.406250 0.277344 0.410156 0.273438 0.410156 0.271484 0.408203 0.275391 0.404297
0 0.171875 0.408203 0.171875 0.412109 0.167969 0.412109 0.166016 0.410156 0.169922 0.406250
0 0.505859 0.410156 0.505859 0.414062 0.501953 0.414062 0.500000 0.412109 0.503906 0.408203
0 0.550781 0.412109 0.550781 0.416016 0.546875 0.416016 0.544922 0.414062 0.548828 0.410156
0 0.716797 0.414062 0.716797 0.417969 0.712891 0.417969 0.710938 0.416016 0.714844 0.412109
0 0.345703 0.417969 0.345703 0.421875 0.341797 0.421875 0.339844 0.419922 0.343750 0.416016
0 0.626953 0.417969 0.626953 0.421875 0.623047 0.421875 0.621094 0.419922 0.625000 0.416016
0 0.296875 0.419922 0.296875 0.423828 0.292969 0.423828 0.291016 0.421875 0.294922 0.417969
0 0.220703 0.421875 0.220703 0.425781 0.216797 0.425781 0.214844 0.423828 0.218750 0.419922
0 0.240234 0.421875 0.240234 0.425781 0.236328 0.425781 0.234375 0.423828 0.238281 0.419922
0 0.994141 0.421875 0.994141 0.425781 0.990234 0.425781 0.988281 0.423828 0.992188 0.419922
0 0.574219 0.423828 0.574219 0.427734 0.570312 0.427734 0.568359 0.425781 0.572266 0.421875
0 0.867188 0.427734 0.867188 0.431641 0.863281 0.431641 0.861328 0.429688 0.865234 0.425781
0 0.251953 0.433594 0.251953 0.437500 0.248047 0.437500 0.246094 0.435547 0.250000 0.431641
0 0.658203 0.433594 0.658203 0.437500 0.654297 0.437500 0.652344 0.435547 0.656250 0.431641
0 0.408203 0.439453 0.408203 0.443359 0.404297 0.443359 0.402344 0.441406 0.406250 0.437500
0 0.238281 0.449219 0.238281 0.453125 0.234375 0.453125 0.232422 0.451172 0.236328 0.447266
0 0.441406 0.449219 0.441406 0.453125 0.437500 0.453125 0.435547 0.451172 0.439453 0.447266
0 0.597656 0.449219 0.597656 0.453125 0.593750 0.453125 0.591797 0.451172 0.595703 0.447266
0 0.843750 0.449219 0.843750 0.453125 0.839844 0.453125 0.837891 0.451172 0.841797 0.447266
0 0.410156 0.451172 0.410156 0.455078 0.406250 0.455078 0.404297 0.453125 0.408203 0.449219
0 0.464844 0.451172 0.464844 0.455078 0.460938 0.455078 0.458984 0.453125 0.462891 0.449219
0 0.777344 0.451172 0.777344 0.455078 0.773438 0.455078 0.771484 0.453125 0.775391 0.449219
0 0.271484 0.453125 0.271484 0.457031 0.267578 0.457031 0.265625 0.455078 0.269531 0.451172
0 0.365234 0.453125 0.365234 0.457031 0.361328 0.457031 0.359375 0.455078 0.363281 0.451172
0 0.457031 0.455078 0.457031 0.458984 0.453125 0.458984 0.451172 0.457031 0.455078 0.453125
0 0.121094 0.457031 0.121094 0.460938 0.117188 0.460938 0.115234 0.458984 0.119141 0.455078
0 0.296875 0.457031 0.296875 0.460938 0.292969 0.460938 0.291016 0.458984 0.294922 0.455078
0 0.937500 0.457031 0.937500 0.460938 0.933594 0.460938 0.931641 0.458984 0.935547 0.455078
0 0.607422 0.460938 0.607422 0.464844 0.603516 0.464844 0.601562 0.462891 0.605469 0.458984
0 0.304688 0.464844 0.304688 0.468750 0.300781 0.468750 0.298828 0.466797 0.302734 0.462891
0 0.597656 0.464844 0.597656 0.468750 0.593750 0.468750 0.591797 0.466797 0.595703 0.462891
0 0.251953 0.466797 0.251953 0.470703 0.248047 0.470703 0.246094 0.468750 0.250000 0.464844
0 0.511719 0.472656 0.511719 0.476562 0.507812 0.476562 0.505859 0.474609 0.509766 0.470703
0 0.625000 0.474609 0.625000 0.478516 0.621094 0.478516 0.619141 0.476562 0.623047 0.472656
0 0.234375 0.482422 0.234375 0.486328 0.230469 0.486328 0.228516 0.484375 0.232422 0.480469
0 0.263672 0.482422 0.263672 0.486328 0.259766 0.486328 0.257812 0.484375 0.261719 0.480469
0 0.324219 0.482422 0.324219 0.486328 0.320312 0.486328 0.318359 0.484375 0.322266 0.480469
0 0.537109 0.482422 0.537109 0.486328 0.533203 0.486328 0.531250 0.484375 0.535156 0.480469
0 0.769531 0.482422 0.769531 0.486328 0.765625 0.486328 0.763672 0.484375 0.767578 0.480469
0 0.306641 0.484375 0.306641 0.488281 0.302734 0.488281 0.300781 0.486328 0.304688 0.482422
0 0.318359 0.486328 0.318359 0.490234 0.314453 0.490234 0.312500 0.488281 0.316406 0.484375
0 0.416016 0.488281 0.416016 0.492188 0.412109 0.492188 0.410156 0.490234 0.414062 0.486328
0 0.609375 0.488281 0.609375 0.492188 0.605469 0.492188 0.603516 0.490234 0.607422 0.486328
0 0.189453 0.490234 0.189453 0.494141 0.185547 0.494141 0.183594 0.492188 0.187500 0.488281
0 0.341797 0.490234 0.341797 0.494141 0.337891 0.494141 0.335938 0.492188 0.339844 0.488281
0 0.458984 0.490234 0.458984 0.494141 0.455078 0.494141 0.453125 0.492188 0.457031 0.488281
0 0.666016 0.490234 0.666016 0.494141 0.662109 0.494141 0.660156 0.492188 0.664062 0.488281
0 0.781250 0.490234 0.781250 0.494141 0.777344 0.494141 0.775391 0.492188 0.779297 0.488281
0 0.142578 0.492188 0.142578 0.496094 0.138672 0.496094 0.136719 0.494141 0.140625 0.490234
0 0.220703 0.492188 0.220703 0.496094 0.216797 0.496094 0.214844 0.494141 0.218750 0.490234
0 0.544922 0.492188 0.544922 0.496094 0.541016 0.496094 0.539062 0.494141 0.542969 0.490234
0 0.171875 0.494141 0.171875 0.498047 0.167969 0.498047 0.166016 0.496094 0.169922 0.492188
0 0.355469 0.494141 0.355469 0.498047 0.351562 0.498047 0.349609 0.496094 0.353516 0.492188
0 0.691406 0.498047 0.689453 0.498047 0.687500 0.500000 0.683594 0.500000 0.681641 0.498047 0.681641 0.492188 0.683594 0.490234 0.687500 0.490234 0.689453 0.492188 0.691406 0.492188
0 0.269531 0.496094 0.269531 0.500000 0.265625 0.500000 0.263672 0.498047 0.267578 0.494141
0 0.402344 0.496094 0.402344 0.500000 0.398438 0.500000 0.396484 0.498047 0.400391 0.494141
0 0.580078 0.496094 0.580078 0.500000 0.576172 0.500000 0.574219 0.498047 0.578125 0.494141
0 0.296875 0.498047 0.296875 0.501953 0.292969 0.501953 0.291016 0.500000 0.294922 0.496094
0 0.572266 0.498047 0.572266 0.501953 0.568359 0.501953 0.566406 0.500000 0.570312 0.496094
0 0.908203 0.498047 0.908203 0.501953 0.904297 0.501953 0.902344 0.500000 0.906250 0.496094
0 0.525391 0.501953 0.525391 0.505859 0.521484 0.505859 0.519531 0.503906 0.523438 0.500000
0 0.626953 0.505859 0.626953 0.509766 0.623047 0.509766 0.621094 0.507812 0.625000 0.503906
0 0.677734 0.509766 0.677734 0.513672 0.673828 0.513672 0.671875 0.511719 0.675781 0.507812
0 0.433594 0.511719 0.433594 0.515625 0.429688 0.515625 0.427734 0.513672 0.431641 0.509766
0 0.523438 0.511719 0.523438 0.515625 0.519531 0.515625 0.517578 0.513672 0.521484 0.509766
0 0.253906 0.513672 0.253906 0.517578 0.250000 0.517578 0.248047 0.515625 0.251953 0.511719
0 0.548828 0.517578 0.546875 0.517578 0.544922 0.519531 0.541016 0.519531 0.539062 0.517578 0.539062 0.511719 0.541016 0.509766 0.544922 0.509766 0.546875 0.511719 0.548828 0.511719
0 0.781250 0.513672 0.781250 0.517578 0.777344 0.517578 0.775391 0.515625 0.779297 0.511719
0 0.212891 0.515625 0.212891 0.519531 0.208984 0.519531 0.207031 0.517578 0.210938 0.513672
0 0.220703 0.515625 0.220703 0.519531 0.216797 0.519531 0.214844 0.517578 0.218750 0.513672
0 0.447266 0.515625 0.447266 0.519531 0.443359 0.519531 0.441406 0.517578 0.445312 0.513672
0 0.361328 0.517578 0.361328 0.521484 0.357422 0.521484 0.355469 0.519531 0.359375 0.515625
0 0.248047 0.521484 0.248047 0.525391 0.244141 0.525391 0.242188 0.523438 0.246094 0.519531
0 0.611328 0.521484 0.611328 0.525391 0.607422 0.525391 0.605469 0.523438 0.609375 0.519531
0 0.158203 0.523438 0.158203 0.527344 0.154297 0.527344 0.152344 0.525391 0.156250 0.521484
0 0.433594 0.523438 0.433594 0.527344 0.429688 0.527344 0.427734 0.525391 0.431641 0.521484
0 0.322266 0.525391 0.322266 0.529297 0.318359 0.529297 0.316406 0.527344 0.320312 0.523438
0 0.294922 0.527344 0.294922 0.531250 0.291016 0.531250 0.289062 0.529297 0.292969 0.525391
0 0.335938 0.527344 0.335938 0.531250 0.332031 0.531250 0.330078 0.529297 0.333984 0.525391
0 0.490234 0.527344 0.490234 0.531250 0.486328 0.531250 0.484375 0.529297 0.488281 0.525391
0 0.500000 0.527344 0.500000 0.531250 0.496094 0.531250 0.494141 0.529297 0.498047 0.525391
0 0.585938 0.527344 0.585938 0.531250 0.582031 0.531250 0.580078 0.529297 0.583984 0.525391
0 0.748047 0.529297 0.748047 0.533203 0.744141 0.533203 0.742188 0.531250 0.746094 0.527344
0 0.453125 0.531250 0.453125 0.535156 0.449219 0.535156 0.447266 0.533203 0.451172 0.529297
0 0.427734 0.533203 0.427734 0.537109 0.423828 0.537109 0.421875 0.535156 0.425781 0.531250
0 0.439453 0.542969 0.437500 0.542969 0.435547 0.544922 0.431641 0.544922 0.429688 0.542969 0.429688 0.537109 0.431641 0.535156 0.435547 0.535156 0.437500 0.537109 0.439453 0.537109
0 0.718750 0.539062 0.718750 0.542969 0.714844 0.542969 0.712891 0.541016 0.716797 0.537109
0 0.326172 0.542969 0.326172 0.546875 0.322266 0.546875 0.320312 0.544922 0.324219 0.541016
0 0.345703 0.542969 0.345703 0.546875 0.341797 0.546875 0.339844 0.544922 0.343750 0.541016
0 0.615234 0.542969 0.615234 0.546875 0.611328 0.546875 0.609375 0.544922 0.613281 0.541016
0 0.916016 0.546875 0.914062 0.546875 0.912109 0.548828 0.908203 0.548828 0.906250 0.546875 0.906250 0.541016 0.908203 0.539062 0.912109 0.539062 0.914062 0.541016 0.916016 0.541016
0 0.351562 0.544922 0.351562 0.548828 0.347656 0.548828 0.345703 0.546875 0.349609 0.542969
0 0.585938 0.544922 0.585938 0.548828 0.582031 0.548828 0.580078 0.546875 0.583984 0.542969
0 0.498047 0.546875 0.498047 0.550781 0.494141 0.550781 0.492188 0.548828 0.496094 0.544922
0 0.281250 0.548828 0.281250 0.552734 0.277344 0.552734 0.275391 0.550781 0.279297 0.546875
0 0.314453 0.548828 0.314453 0.552734 0.310547 0.552734 0.308594 0.550781 0.312500 0.546875
0 0.328125 0.548828 0.328125 0.552734 0.324219 0.552734 0.322266 0.550781 0.326172 0.546875
0 0.625000 0.548828 0.625000 0.552734 0.621094 0.552734 0.619141 0.550781 0.623047 0.546875
0 0.703125 0.548828 0.703125 0.552734 0.699219 0.552734 0.697266 0.550781 0.701172 0.546875
0 0.648438 0.550781 0.648438 0.554688 0.644531 0.554688 0.642578 0.552734 0.646484 0.548828
0 0.728516 0.550781 0.728516 0.554688 0.724609 0.554688 0.722656 0.552734 0.726562 0.548828
0 0.128906 0.552734 0.128906 0.556641 0.125000 0.556641 0.123047 0.554688 0.126953 0.550781
0 0.484375 0.552734 0.484375 0.556641 0.480469 0.556641 0.478516 0.554688 0.482422 0.550781
0 0.359375 0.554688 0.359375 0.558594 0.355469 0.558594 0.353516 0.556641 0.357422 0.552734
0 0.453125 0.554688 0.453125 0.558594 0.449219 0.558594 0.447266 0.556641 0.451172 0.552734
0 0.619141 0.556641 0.619141 0.560547 0.615234 0.560547 0.613281 0.558594 0.617188 0.554688
0 0.580078 0.560547 0.580078 0.564453 0.576172 0.564453 0.574219 0.562500 0.578125 0.558594
0 0.343750 0.564453 0.343750 0.568359 0.339844 0.568359 0.337891 0.566406 0.341797 0.562500
0 0.460938 0.564453 0.460938 0.568359 0.457031 0.568359 0.455078 0.566406 0.458984 0.562500
0 0.574219 0.566406 0.574219 0.570312 0.570312 0.570312 0.568359 0.568359 0.572266 0.564453
0 0.609375 0.566406 0.609375 0.570312 0.605469 0.570312 0.603516 0.568359 0.607422 0.564453
0 0.376953 0.568359 0.376953 0.572266 0.373047 0.572266 0.371094 0.570312 0.375000 0.566406
0 0.562500 0.568359 0.562500 0.572266 0.558594 0.572266 0.556641 0.570312 0.560547 0.566406
0 0.650391 0.568359 0.650391 0.572266 0.646484 0.572266 0.644531 0.570312 0.648438 0.566406
0 0.515625 0.570312 0.515625 0.574219 0.511719 0.574219 0.509766 0.572266 0.513672 0.568359
0 0.533203 0.570312 0.533203 0.574219 0.529297 0.574219 0.527344 0.572266 0.531250 0.568359
0 0.246094 0.574219 0.246094 0.578125 0.242188 0.578125 0.240234 0.576172 0.244141 0.572266
0 0.355469 0.574219 0.355469 0.578125 0.351562 0.578125 0.349609 0.576172 0.353516 0.572266
0 0.509766 0.574219 0.509766 0.578125 0.505859 0.578125 0.503906 0.576172 0.507812 0.572266
0 0.410156 0.576172 0.410156 0.580078 0.406250 0.580078 0.404297 0.578125 0.408203 0.574219
0 0.486328 0.576172 0.486328 0.580078 0.482422 0.580078 0.480469 0.578125 0.484375 0.574219
0 0.595703 0.576172 0.595703 0.580078 0.591797 0.580078 0.589844 0.578125 0.593750 0.574219
0 0.439453 0.578125 0.439453 0.582031 0.435547 0.582031 0.433594 0.580078 0.437500 0.576172
0 0.503906 0.578125 0.503906 0.582031 0.500000 0.582031 0.498047 0.580078 0.501953 0.576172
0 0.361328 0.585938 0.361328 0.589844 0.357422 0.589844 0.355469 0.587891 0.359375 0.583984
0 0.486328 0.587891 0.486328 0.591797 0.482422 0.591797 0.480469 0.589844 0.484375 0.585938
0 0.203125 0.589844 0.203125 0.593750 0.199219 0.593750 0.197266 0.591797 0.201172 0.587891
0 0.312500 0.589844 0.312500 0.593750 0.308594 0.593750 0.306641 0.591797 0.310547 0.587891
0 0.191406 0.591797 0.191406 0.595703 0.187500 0.595703 0.185547 0.593750 0.189453 0.589844
0 0.375000 0.591797 0.375000 0.595703 0.371094 0.595703 0.369141 0.593750 0.373047 0.589844
0 0.531250 0.591797 0.531250 0.595703 0.527344 0.595703 0.525391 0.593750 0.529297 0.589844
0 0.675781 0.595703 0.675781 0.599609 0.671875 0.599609 0.669922 0.597656 0.673828 0.593750
0 0.953125 0.595703 0.953125 0.599609 0.949219 0.599609 0.947266 0.597656 0.951172 0.593750
0 0.007812 0.603516 0.003906 0.603516 0.001953 0.601562 0.001953 0.599609 0.003906 0.597656 0.007812 0.599609
0 0.986328 0.599609 0.986328 0.603516 0.982422 0.603516 0.980469 0.601562 0.984375 0.597656
0 0.001953 0.605469 0.000000 0.605469 0.000000 0.599609 0.000000 0.601562 0.001953 0.603516
0 0.367188 0.605469 0.367188 0.609375 0.363281 0.609375 0.361328 0.607422 0.365234 0.603516
0 0.564453 0.605469 0.564453 0.609375 0.560547 0.609375 0.558594 0.607422 0.562500 0.603516
0 0.650391 0.605469 0.650391 0.609375 0.646484 0.609375 0.644531 0.607422 0.648438 0.603516
0 0.496094 0.607422 0.496094 0.611328 0.492188 0.611328 0.490234 0.609375 0.494141 0.605469
0 0.150391 0.609375 0.150391 0.613281 0.146484 0.613281 0.144531 0.611328 0.148438 0.607422
0 0.546875 0.609375 0.546875 0.613281 0.542969 0.613281 0.541016 0.611328 0.544922 0.607422
0 0.019531 0.611328 0.019531 0.615234 0.015625 0.615234 0.013672 0.613281 0.017578 0.609375
0 0.324219 0.615234 0.324219 0.619141 0.320312 0.619141 0.318359 0.617188 0.322266 0.613281
0 0.615234 0.615234 0.615234 0.619141 0.611328 0.619141 0.609375 0.617188 0.613281 0.613281
0 0.382812 0.617188 0.382812 0.621094 0.378906 0.621094 0.376953 0.619141 0.380859 0.615234
0 0.019531 0.621094 0.019531 0.625000 0.015625 0.625000 0.013672 0.623047 0.017578 0.619141
0 0.031250 0.621094 0.031250 0.625000 0.027344 0.625000 0.025391 0.623047 0.029297 0.619141
0 0.367188 0.621094 0.367188 0.625000 0.363281 0.625000 0.361328 0.623047 0.365234 0.619141
0 0.498047 0.621094 0.498047 0.625000 0.494141 0.625000 0.492188 0.623047 0.496094 0.619141
0 0.695312 0.621094 0.695312 0.625000 0.691406 0.625000 0.689453 0.623047 0.693359 0.619141
0 0.392578 0.623047 0.392578 0.626953 0.388672 0.626953 0.386719 0.625000 0.390625 0.621094
0 0.511719 0.626953 0.511719 0.630859 0.507812 0.630859 0.505859 0.628906 0.509766 0.625000
0 0.677734 0.626953 0.677734 0.630859 0.673828 0.630859 0.671875 0.628906 0.675781 0.625000
0 0.689453 0.626953 0.689453 0.630859 0.685547 0.630859 0.683594 0.628906 0.687500 0.625000
0 0.361328 0.628906 0.361328 0.632812 0.357422 0.632812 0.355469 0.630859 0.359375 0.626953
0 0.630859 0.628906 0.630859 0.632812 0.626953 0.632812 0.625000 0.630859 0.628906 0.626953
0 0.257812 0.630859 0.257812 0.634766 0.253906 0.634766 0.251953 0.632812 0.255859 0.628906
0 0.375000 0.630859 0.375000 0.634766 0.371094 0.634766 0.369141 0.632812 0.373047 0.628906
0 0.609375 0.630859 0.609375 0.634766 0.605469 0.634766 0.603516 0.632812 0.607422 0.628906
0 0.640625 0.630859 0.640625 0.634766 0.636719 0.634766 0.634766 0.632812 0.638672 0.628906
0 0.636719 0.636719 0.636719 0.640625 0.632812 0.640625 0.630859 0.638672 0.634766 0.634766
0 0.597656 0.638672 0.597656 0.642578 0.593750 0.642578 0.591797 0.640625 0.595703 0.636719
0 0.833984 0.638672 0.833984 0.642578 0.830078 0.642578 0.828125 0.640625 0.832031 0.636719
0 0.419922 0.640625 0.419922 0.644531 0.416016 0.644531 0.414062 0.642578 0.417969 0.638672
0 0.583984 0.642578 0.583984 0.646484 0.580078 0.646484 0.578125 0.644531 0.582031 0.640625
0 0.246094 0.644531 0.246094 0.648438 0.242188 0.648438 0.240234 0.646484 0.244141 0.642578
0 0.710938 0.646484 0.710938 0.650391 0.707031 0.650391 0.705078 0.648438 0.708984 0.644531
0 0.351562 0.648438 0.351562 0.652344 0.347656 0.652344 0.345703 0.650391 0.349609 0.646484
0 0.613281 0.648438 0.613281 0.652344 0.609375 0.652344 0.607422 0.650391 0.611328 0.646484
0 0.203125 0.650391 0.203125 0.654297 0.199219 0.654297 0.197266 0.652344 0.201172 0.648438
0 0.597656 0.650391 0.597656 0.654297 0.593750 0.654297 0.591797 0.652344 0.595703 0.648438
0 0.509766 0.652344 0.509766 0.656250 0.505859 0.656250 0.503906 0.654297 0.507812 0.650391
0 0.550781 0.652344 0.550781 0.656250 0.546875 0.656250 0.544922 0.654297 0.548828 0.650391
0 0.582031 0.652344 0.582031 0.656250 0.578125 0.656250 0.576172 0.654297 0.580078 0.650391
0 0.859375 0.652344 0.859375 0.656250 0.855469 0.656250 0.853516 0.654297 0.857422 0.650391
0 0.339844 0.654297 0.339844 0.658203 0.335938 0.658203 0.333984 0.656250 0.337891 0.652344
0 0.431641 0.654297 0.431641 0.658203 0.427734 0.658203 0.425781 0.656250 0.429688 0.652344
0 0.781250 0.654297 0.781250 0.658203 0.777344 0.658203 0.775391 0.656250 0.779297 0.652344
0 0.921875 0.654297 0.921875 0.658203 0.917969 0.658203 0.916016 0.656250 0.919922 0.652344
0 0.593750 0.658203 0.593750 0.662109 0.589844 0.662109 0.587891 0.660156 0.591797 0.656250
0 0.611328 0.658203 0.611328 0.662109 0.607422 0.662109 0.605469 0.660156 0.609375 0.656250
0 0.625000 0.658203 0.625000 0.662109 0.621094 0.662109 0.619141 0.660156 0.623047 0.656250
0 0.050781 0.660156 0.050781 0.664062 0.046875 0.664062 0.044922 0.662109 0.048828 0.658203
0 0.562500 0.660156 0.562500 0.664062 0.558594 0.664062 0.556641 0.662109 0.560547 0.658203
0 0.666016 0.660156 0.666016 0.664062 0.662109 0.664062 0.660156 0.662109 0.664062 0.658203
0 0.281250 0.662109 0.281250 0.666016 0.277344 0.666016 0.275391 0.664062 0.279297 0.660156
0 0.585938 0.662109 0.585938 0.666016 0.582031 0.666016 0.580078 0.664062 0.583984 0.660156
0 0.267578 0.664062 0.267578 0.667969 0.263672 0.667969 0.261719 0.666016 0.265625 0.662109
0 0.291016 0.664062 0.291016 0.667969 0.287109 0.667969 0.285156 0.666016 0.289062 0.662109
0 0.384766 0.666016 0.384766 0.669922 0.380859 0.669922 0.378906 0.667969 0.382812 0.664062
0 0.626953 0.666016 0.626953 0.669922 0.623047 0.669922 0.621094 0.667969 0.625000 0.664062
0 0.339844 0.667969 0.339844 0.671875 0.335938 0.671875 0.333984 0.669922 0.337891 0.666016
0 0.580078 0.667969 0.580078 0.671875 0.576172 0.671875 0.574219 0.669922 0.578125 0.666016
0 0.896484 0.667969 0.896484 0.671875 0.892578 0.671875 0.890625 0.669922 0.894531 0.666016
0 0.976562 0.667969 0.976562 0.671875 0.972656 0.671875 0.970703 0.669922 0.974609 0.666016
0 0.048828 0.669922 0.048828 0.673828 0.044922 0.673828 0.042969 0.671875 0.046875 0.667969
0 0.736328 0.669922 0.736328 0.673828 0.732422 0.673828 0.730469 0.671875 0.734375 0.667969
0 0.777344 0.669922 0.777344 0.673828 0.773438 0.673828 0.771484 0.671875 0.775391 0.667969
0 0.671875 0.671875 0.671875 0.675781 0.667969 0.675781 0.666016 0.673828 0.669922 0.669922
0 0.851562 0.671875 0.851562 0.675781 0.847656 0.675781 0.845703 0.673828 0.849609 0.669922
0 0.945312 0.675781 0.939453 0.681641 0.933594 0.681641 0.927734 0.675781 0.927734 0.669922 0.933594 0.664062 0.939453 0.664062 0.945312 0.669922
0 0.203125 0.677734 0.203125 0.681641 0.199219 0.681641 0.197266 0.679688 0.201172 0.675781
0 0.554688 0.677734 0.554688 0.681641 0.550781 0.681641 0.548828 0.679688 0.552734 0.675781
0 0.673828 0.679688 0.673828 0.683594 0.669922 0.683594 0.667969 0.681641 0.671875 0.677734
0 0.302734 0.683594 0.302734 0.687500 0.298828 0.687500 0.296875 0.685547 0.300781 0.681641
0 0.333984 0.683594 0.333984 0.687500 0.330078 0.687500 0.328125 0.685547 0.332031 0.681641
0 0.355469 0.683594 0.355469 0.687500 0.351562 0.687500 0.349609 0.685547 0.353516 0.681641
0 0.693359 0.683594 0.693359 0.687500 0.689453 0.687500 0.687500 0.685547 0.691406 0.681641
0 0.888672 0.683594 0.888672 0.687500 0.884766 0.687500 0.882812 0.685547 0.886719 0.681641
0 0.230469 0.685547 0.230469 0.689453 0.226562 0.689453 0.224609 0.687500 0.228516 0.683594
0 0.578125 0.685547 0.578125 0.689453 0.574219 0.689453 0.572266 0.687500 0.576172 0.683594
0 0.587891 0.685547 0.587891 0.689453 0.583984 0.689453 0.582031 0.687500 0.585938 0.683594
0 0.677734 0.685547 0.677734 0.689453 0.673828 0.689453 0.671875 0.687500 0.675781 0.683594
0 0.398438 0.689453 0.398438 0.693359 0.394531 0.693359 0.392578 0.691406 0.396484 0.687500
0 0.513672 0.689453 0.513672 0.693359 0.509766 0.693359 0.507812 0.691406 0.511719 0.687500
0 0.615234 0.693359 0.613281 0.693359 0.611328 0.695312 0.607422 0.695312 0.605469 0.693359 0.605469 0.687500 0.607422 0.685547 0.611328 0.685547 0.613281 0.687500 0.615234 0.687500
0 0.351562 0.695312 0.351562 0.699219 0.347656 0.699219 0.345703 0.697266 0.349609 0.693359
0 0.515625 0.699219 0.515625 0.703125 0.511719 0.703125 0.509766 0.701172 0.513672 0.697266
0 0.781250 0.699219 0.781250 0.703125 0.777344 0.703125 0.775391 0.701172 0.779297 0.697266
0 0.361328 0.701172 0.361328 0.705078 0.357422 0.705078 0.355469 0.703125 0.359375 0.699219
0 0.578125 0.701172 0.578125 0.705078 0.574219 0.705078 0.572266 0.703125 0.576172 0.699219
0 0.613281 0.701172 0.613281 0.705078 0.609375 0.705078 0.607422 0.703125 0.611328 0.699219
0 0.855469 0.701172 0.855469 0.705078 0.851562 0.705078 0.849609 0.703125 0.853516 0.699219
0 0.816406 0.705078 0.816406 0.708984 0.812500 0.708984 0.810547 0.707031 0.814453 0.703125
0 0.343750 0.707031 0.343750 0.710938 0.339844 0.710938 0.337891 0.708984 0.341797 0.705078
0 0.701172 0.708984 0.701172 0.712891 0.697266 0.712891 0.695312 0.710938 0.699219 0.707031
0 0.619141 0.710938 0.619141 0.714844 0.615234 0.714844 0.613281 0.712891 0.617188 0.708984
0 0.535156 0.714844 0.535156 0.718750 0.531250 0.718750 0.529297 0.716797 0.533203 0.712891
0 0.585938 0.714844 0.585938 0.718750 0.582031 0.718750 0.580078 0.716797 0.583984 0.712891
0 0.595703 0.716797 0.595703 0.720703 0.591797 0.720703 0.589844 0.718750 0.593750 0.714844
0 0.923828 0.716797 0.923828 0.720703 0.919922 0.720703 0.917969 0.718750 0.921875 0.714844
0 0.578125 0.718750 0.578125 0.722656 0.574219 0.722656 0.572266 0.720703 0.576172 0.716797
0 0.224609 0.724609 0.224609 0.728516 0.220703 0.728516 0.218750 0.726562 0.222656 0.722656
0 0.205078 0.726562 0.205078 0.730469 0.201172 0.730469 0.199219 0.728516 0.203125 0.724609
0 0.218750 0.730469 0.218750 0.734375 0.214844 0.734375 0.212891 0.732422 0.216797 0.728516
0 0.464844 0.730469 0.464844 0.734375 0.460938 0.734375 0.458984 0.732422 0.462891 0.728516
0 0.513672 0.730469 0.513672 0.734375 0.509766 0.734375 0.507812 0.732422 0.511719 0.728516
0 0.789062 0.730469 0.789062 0.734375 0.785156 0.734375 0.783203 0.732422 0.787109 0.728516
0 0.205078 0.732422 0.205078 0.736328 0.201172 0.736328 0.199219 0.734375 0.203125 0.730469
0 0.546875 0.732422 0.546875 0.736328 0.542969 0.736328 0.541016 0.734375 0.544922 0.730469
0 0.873047 0.732422 0.873047 0.736328 0.869141 0.736328 0.867188 0.734375 0.871094 0.730469
0 0.560547 0.736328 0.560547 0.740234 0.556641 0.740234 0.554688 0.738281 0.558594 0.734375
0 0.439453 0.738281 0.439453 0.742188 0.435547 0.742188 0.433594 0.740234 0.437500 0.736328
0 0.048828 0.740234 0.048828 0.744141 0.044922 0.744141 0.042969 0.742188 0.046875 0.738281
0 0.222656 0.744141 0.222656 0.748047 0.218750 0.748047 0.216797 0.746094 0.220703 0.742188
0 0.568359 0.746094 0.568359 0.750000 0.564453 0.750000 0.562500 0.748047 0.566406 0.744141
0 0.908203 0.746094 0.908203 0.750000 0.904297 0.750000 0.902344 0.748047 0.906250 0.744141
0 0.468750 0.748047 0.468750 0.751953 0.464844 0.751953 0.462891 0.750000 0.466797 0.746094
0 0.513672 0.748047 0.513672 0.751953 0.509766 0.751953 0.507812 0.750000 0.511719 0.746094
0 0.779297 0.748047 0.779297 0.751953 0.775391 0.751953 0.773438 0.750000 0.777344 0.746094
0 0.822266 0.748047 0.822266 0.751953 0.818359 0.751953 0.816406 0.750000 0.820312 0.746094
0 0.832031 0.748047 0.832031 0.751953 0.828125 0.751953 0.826172 0.750000 0.830078 0.746094
0 0.484375 0.750000 0.484375 0.753906 0.480469 0.753906 0.478516 0.751953 0.482422 0.748047
0 0.660156 0.751953 0.660156 0.755859 0.656250 0.755859 0.654297 0.753906 0.658203 0.750000
0 0.158203 0.761719 0.158203 0.765625 0.154297 0.765625 0.152344 0.763672 0.156250 0.759766
0 0.486328 0.761719 0.486328 0.765625 0.482422 0.765625 0.480469 0.763672 0.484375 0.759766
0 0.570312 0.761719 0.570312 0.765625 0.566406 0.765625 0.564453 0.763672 0.568359 0.759766
0 0.578125 0.761719 0.578125 0.765625 0.574219 0.765625 0.572266 0.763672 0.576172 0.759766
0 0.822266 0.761719 0.822266 0.765625 0.818359 0.765625 0.816406 0.763672 0.820312 0.759766
0 0.509766 0.763672 0.509766 0.767578 0.505859 0.767578 0.503906 0.765625 0.507812 0.761719
0 0.416016 0.769531 0.416016 0.773438 0.412109 0.773438 0.410156 0.771484 0.414062 0.767578
0 0.595703 0.771484 0.595703 0.775391 0.591797 0.775391 0.589844 0.773438 0.593750 0.769531
0 0.873047 0.771484 0.873047 0.775391 0.869141 0.775391 0.867188 0.773438 0.871094 0.769531
0 0.205078 0.777344 0.205078 0.781250 0.201172 0.781250 0.199219 0.779297 0.203125 0.775391
0 0.576172 0.777344 0.576172 0.781250 0.572266 0.781250 0.570312 0.779297 0.574219 0.775391
0 0.607422 0.777344 0.607422 0.781250 0.603516 0.781250 0.601562 0.779297 0.605469 0.775391
0 0.625000 0.777344 0.625000 0.781250 0.621094 0.781250 0.619141 0.779297 0.623047 0.775391
0 0.412109 0.779297 0.412109 0.783203 0.408203 0.783203 0.406250 0.781250 0.410156 0.777344
0 0.585938 0.779297 0.585938 0.783203 0.582031 0.783203 0.580078 0.781250 0.583984 0.777344
0 0.613281 0.779297 0.613281 0.783203 0.609375 0.783203 0.607422 0.781250 0.611328 0.777344
0 0.798828 0.779297 0.798828 0.783203 0.794922 0.783203 0.792969 0.781250 0.796875 0.777344
0 0.904297 0.779297 0.904297 0.783203 0.900391 0.783203 0.898438 0.781250 0.902344 0.777344
0 0.998047 0.791016 0.994141 0.791016 0.988281 0.785156 0.988281 0.779297 0.994141 0.773438 0.998047 0.773438
0 0.412109 0.791016 0.412109 0.794922 0.408203 0.794922 0.406250 0.792969 0.410156 0.789062
0 0.865234 0.792969 0.865234 0.796875 0.861328 0.796875 0.859375 0.794922 0.863281 0.791016
0 0.193359 0.794922 0.193359 0.798828 0.189453 0.798828 0.187500 0.796875 0.191406 0.792969
0 0.666016 0.794922 0.666016 0.798828 0.662109 0.798828 0.660156 0.796875 0.664062 0.792969
0 0.734375 0.794922 0.734375 0.798828 0.730469 0.798828 0.728516 0.796875 0.732422 0.792969
0 0.824219 0.794922 0.824219 0.798828 0.820312 0.798828 0.818359 0.796875 0.822266 0.792969
0 0.558594 0.798828 0.558594 0.802734 0.554688 0.802734 0.552734 0.800781 0.556641 0.796875
0 0.578125 0.802734 0.578125 0.806641 0.574219 0.806641 0.572266 0.804688 0.576172 0.800781
0 0.546875 0.804688 0.546875 0.808594 0.542969 0.808594 0.541016 0.806641 0.544922 0.802734
0 0.892578 0.808594 0.892578 0.812500 0.888672 0.812500 0.886719 0.810547 0.890625 0.806641
0 0.689453 0.810547 0.689453 0.814453 0.685547 0.814453 0.683594 0.812500 0.687500 0.808594
0 0.750000 0.814453 0.748047 0.814453 0.746094 0.816406 0.742188 0.816406 0.740234 0.814453 0.740234 0.808594 0.742188 0.806641 0.746094 0.806641 0.748047 0.808594 0.750000 0.808594
0 0.449219 0.812500 0.449219 0.816406 0.445312 0.816406 0.443359 0.814453 0.447266 0.810547
0 0.718750 0.812500 0.718750 0.816406 0.714844 0.816406 0.712891 0.814453 0.716797 0.810547
0 0.476562 0.814453 0.476562 0.818359 0.472656 0.818359 0.470703 0.816406 0.474609 0.812500
0 0.751953 0.820312 0.746094 0.826172 0.740234 0.826172 0.734375 0.820312 0.734375 0.814453 0.740234 0.808594 0.746094 0.808594 0.751953 0.814453
0 0.890625 0.816406 0.890625 0.820312 0.886719 0.820312 0.884766 0.818359 0.888672 0.814453
0 0.669922 0.820312 0.669922 0.824219 0.666016 0.824219 0.664062 0.822266 0.667969 0.818359
0 0.441406 0.824219 0.441406 0.828125 0.437500 0.828125 0.435547 0.826172 0.439453 0.822266
0 0.556641 0.824219 0.556641 0.828125 0.552734 0.828125 0.550781 0.826172 0.554688 0.822266
0 0.617188 0.824219 0.617188 0.828125 0.613281 0.828125 0.611328 0.826172 0.615234 0.822266
0 0.458984 0.828125 0.458984 0.832031 0.455078 0.832031 0.453125 0.830078 0.457031 0.826172
0 0.511719 0.828125 0.511719 0.832031 0.507812 0.832031 0.505859 0.830078 0.509766 0.826172
0 0.615234 0.832031 0.615234 0.835938 0.611328 0.835938 0.609375 0.833984 0.613281 0.830078
0 0.656250 0.832031 0.656250 0.835938 0.652344 0.835938 0.650391 0.833984 0.654297 0.830078
0 0.130859 0.839844 0.130859 0.843750 0.126953 0.843750 0.125000 0.841797 0.128906 0.837891
0 0.515625 0.839844 0.515625 0.843750 0.511719 0.843750 0.509766 0.841797 0.513672 0.837891
0 0.632812 0.839844 0.632812 0.843750 0.628906 0.843750 0.626953 0.841797 0.630859 0.837891
0 0.757812 0.839844 0.757812 0.843750 0.753906 0.843750 0.751953 0.841797 0.755859 0.837891
0 0.927734 0.839844 0.927734 0.843750 0.923828 0.843750 0.921875 0.841797 0.925781 0.837891
0 0.574219 0.841797 0.574219 0.845703 0.570312 0.845703 0.568359 0.843750 0.572266 0.839844
0 0.751953 0.843750 0.751953 0.847656 0.748047 0.847656 0.746094 0.845703 0.750000 0.841797
0 0.970703 0.843750 0.970703 0.847656 0.966797 0.847656 0.964844 0.845703 0.968750 0.841797
0 0.126953 0.845703 0.126953 0.849609 0.123047 0.849609 0.121094 0.847656 0.125000 0.843750
0 0.994141 0.851562 0.992188 0.851562 0.990234 0.853516 0.986328 0.853516 0.984375 0.851562 0.984375 0.845703 0.986328 0.843750 0.990234 0.843750 0.992188 0.845703 0.994141 0.845703
0 0.486328 0.849609 0.486328 0.853516 0.482422 0.853516 0.480469 0.851562 0.484375 0.847656
0 0.636719 0.849609 0.636719 0.853516 0.632812 0.853516 0.630859 0.851562 0.634766 0.847656
0 0.814453 0.851562 0.814453 0.855469 0.810547 0.855469 0.808594 0.853516 0.812500 0.849609
0 0.978516 0.851562 0.978516 0.855469 0.974609 0.855469 0.972656 0.853516 0.976562 0.849609
0 0.732422 0.855469 0.732422 0.859375 0.728516 0.859375 0.726562 0.857422 0.730469 0.853516
0 0.738281 0.855469 0.738281 0.859375 0.734375 0.859375 0.732422 0.857422 0.736328 0.853516
0 0.519531 0.857422 0.519531 0.861328 0.515625 0.861328 0.513672 0.859375 0.517578 0.855469
0 0.531250 0.857422 0.531250 0.861328 0.527344 0.861328 0.525391 0.859375 0.529297 0.855469
0 0.640625 0.857422 0.640625 0.861328 0.636719 0.861328 0.634766 0.859375 0.638672 0.855469
0 0.939453 0.857422 0.939453 0.861328 0.935547 0.861328 0.933594 0.859375 0.937500 0.855469
0 0.884766 0.859375 0.884766 0.863281 0.880859 0.863281 0.878906 0.861328 0.882812 0.857422
0 0.486328 0.861328 0.486328 0.865234 0.482422 0.865234 0.480469 0.863281 0.484375 0.859375
0 0.375000 0.867188 0.375000 0.871094 0.371094 0.871094 0.369141 0.869141 0.373047 0.865234
0 0.701172 0.869141 0.699219 0.871094 0.699219 0.873047 0.697266 0.875000 0.691406 0.875000 0.689453 0.873047 0.689453 0.871094 0.687500 0.869141 0.687500 0.867188 0.689453 0.865234 0.689453 0.863281 0.691406 0.861328 0.697266 0.861328 0.699219 0.863281 0.699219 0.865234 0.701172 0.867188
0 0.363281 0.869141 0.363281 0.873047 0.359375 0.873047 0.357422 0.871094 0.361328 0.867188
0 0.863281 0.869141 0.863281 0.873047 0.859375 0.873047 0.857422 0.871094 0.861328 0.867188
0 0.638672 0.871094 0.638672 0.875000 0.634766 0.875000 0.632812 0.873047 0.636719 0.869141
0 0.718750 0.871094 0.718750 0.875000 0.714844 0.875000 0.712891 0.873047 0.716797 0.869141
0 0.109375 0.873047 0.109375 0.876953 0.105469 0.876953 0.103516 0.875000 0.107422 0.871094
0 0.421875 0.873047 0.421875 0.876953 0.417969 0.876953 0.416016 0.875000 0.419922 0.871094
0 0.439453 0.873047 0.439453 0.876953 0.435547 0.876953 0.433594 0.875000 0.437500 0.871094
0 0.501953 0.873047 0.501953 0.876953 0.498047 0.876953 0.496094 0.875000 0.500000 0.871094
0 0.765625 0.878906 0.765625 0.882812 0.761719 0.882812 0.759766 0.880859 0.763672 0.876953
0 0.345703 0.882812 0.345703 0.886719 0.341797 0.886719 0.339844 0.884766 0.343750 0.880859
0 0.546875 0.882812 0.546875 0.886719 0.542969 0.886719 0.541016 0.884766 0.544922 0.880859
0 0.736328 0.882812 0.736328 0.886719 0.732422 0.886719 0.730469 0.884766 0.734375 0.880859
0 0.529297 0.886719 0.529297 0.890625 0.525391 0.890625 0.523438 0.888672 0.527344 0.884766
0 0.597656 0.886719 0.597656 0.890625 0.593750 0.890625 0.591797 0.888672 0.595703 0.884766
0 0.687500 0.888672 0.687500 0.892578 0.683594 0.892578 0.681641 0.890625 0.685547 0.886719
0 0.798828 0.888672 0.798828 0.892578 0.794922 0.892578 0.792969 0.890625 0.796875 0.886719
0 0.843750 0.888672 0.843750 0.892578 0.839844 0.892578 0.837891 0.890625 0.841797 0.886719
0 0.906250 0.888672 0.906250 0.892578 0.902344 0.892578 0.900391 0.890625 0.904297 0.886719
0 0.705078 0.890625 0.705078 0.894531 0.701172 0.894531 0.699219 0.892578 0.703125 0.888672
0 0.447266 0.900391 0.447266 0.904297 0.443359 0.904297 0.441406 0.902344 0.445312 0.898438
0 0.689453 0.900391 0.689453 0.904297 0.685547 0.904297 0.683594 0.902344 0.687500 0.898438
0 0.437500 0.902344 0.437500 0.906250 0.433594 0.906250 0.431641 0.904297 0.435547 0.900391
0 0.783203 0.902344 0.783203 0.906250 0.779297 0.906250 0.777344 0.904297 0.781250 0.900391
0 0.943359 0.902344 0.943359 0.906250 0.939453 0.906250 0.937500 0.904297 0.941406 0.900391
0 0.970703 0.902344 0.970703 0.906250 0.966797 0.906250 0.964844 0.904297 0.968750 0.900391
0 0.753906 0.908203 0.751953 0.908203 0.750000 0.910156 0.746094 0.910156 0.744141 0.908203 0.744141 0.902344 0.746094 0.900391 0.750000 0.900391 0.751953 0.902344 0.753906 0.902344
0 0.767578 0.906250 0.767578 0.910156 0.763672 0.910156 0.761719 0.908203 0.765625 0.904297
0 0.998047 0.908203 0.998047 0.912109 0.994141 0.912109 0.992188 0.910156 0.996094 0.906250
0 0.783203 0.912109 0.783203 0.916016 0.779297 0.916016 0.777344 0.914062 0.781250 0.910156
0 0.798828 0.912109 0.798828 0.916016 0.794922 0.916016 0.792969 0.914062 0.796875 0.910156
0 0.765625 0.914062 0.765625 0.917969 0.761719 0.917969 0.759766 0.916016 0.763672 0.912109
0 0.187500 0.917969 0.187500 0.921875 0.183594 0.921875 0.181641 0.919922 0.185547 0.916016
0 0.550781 0.917969 0.550781 0.921875 0.546875 0.921875 0.544922 0.919922 0.548828 0.916016
0 0.634766 0.917969 0.634766 0.921875 0.630859 0.921875 0.628906 0.919922 0.632812 0.916016
0 0.570312 0.919922 0.570312 0.923828 0.566406 0.923828 0.564453 0.921875 0.568359 0.917969
0 0.679688 0.919922 0.679688 0.923828 0.675781 0.923828 0.673828 0.921875 0.677734 0.917969
0 0.783203 0.921875 0.783203 0.925781 0.779297 0.925781 0.777344 0.923828 0.781250 0.919922
0 0.861328 0.921875 0.861328 0.925781 0.857422 0.925781 0.855469 0.923828 0.859375 0.919922
0 0.511719 0.925781 0.511719 0.929688 0.507812 0.929688 0.505859 0.927734 0.509766 0.923828
0 0.625000 0.933594 0.625000 0.937500 0.621094 0.937500 0.619141 0.935547 0.623047 0.931641
0 0.800781 0.933594 0.800781 0.937500 0.796875 0.937500 0.794922 0.935547 0.798828 0.931641
0 0.869141 0.933594 0.869141 0.937500 0.865234 0.937500 0.863281 0.935547 0.867188 0.931641
0 0.943359 0.933594 0.943359 0.937500 0.939453 0.937500 0.937500 0.935547 0.941406 0.931641
0 0.859375 0.935547 0.859375 0.939453 0.855469 0.939453 0.853516 0.937500 0.857422 0.933594
0 0.916016 0.939453 0.914062 0.939453 0.912109 0.941406 0.908203 0.941406 0.906250 0.939453 0.906250 0.933594 0.908203 0.931641 0.912109 0.931641 0.914062 0.933594 0.916016 0.933594
0 0.783203 0.937500 0.783203 0.941406 0.779297 0.941406 0.777344 0.939453 0.781250 0.935547
0 0.421875 0.941406 0.421875 0.945312 0.417969 0.945312 0.416016 0.943359 0.419922 0.939453
0 0.621094 0.941406 0.621094 0.945312 0.617188 0.945312 0.615234 0.943359 0.619141 0.939453
0 0.630859 0.941406 0.630859 0.945312 0.626953 0.945312 0.625000 0.943359 0.628906 0.939453
0 0.593750 0.947266 0.593750 0.951172 0.589844 0.951172 0.587891 0.949219 0.591797 0.945312
0 0.630859 0.947266 0.630859 0.951172 0.626953 0.951172 0.625000 0.949219 0.628906 0.945312
0 0.998047 0.945312 0.998047 0.951172 0.996094 0.951172 0.994141 0.949219
0 0.814453 0.949219 0.814453 0.953125 0.810547 0.953125 0.808594 0.951172 0.812500 0.947266
0 0.484375 0.953125 0.484375 0.957031 0.480469 0.957031 0.478516 0.955078 0.482422 0.951172
0 0.591797 0.953125 0.591797 0.957031 0.587891 0.957031 0.585938 0.955078 0.589844 0.951172
0 0.734375 0.953125 0.734375 0.957031 0.730469 0.957031 0.728516 0.955078 0.732422 0.951172
0 0.927734 0.955078 0.927734 0.958984 0.923828 0.958984 0.921875 0.957031 0.925781 0.953125
0 0.535156 0.964844 0.535156 0.968750 0.531250 0.968750 0.529297 0.966797 0.533203 0.962891
0 0.937500 0.964844 0.937500 0.968750 0.933594 0.968750 0.931641 0.966797 0.935547 0.962891
0 0.265625 0.966797 0.265625 0.970703 0.261719 0.970703 0.259766 0.968750 0.263672 0.964844
0 0.656250 0.966797 0.656250 0.970703 0.652344 0.970703 0.650391 0.968750 0.654297 0.964844
0 0.617188 0.968750 0.617188 0.972656 0.613281 0.972656 0.611328 0.970703 0.615234 0.966797
0 0.861328 0.968750 0.861328 0.972656 0.857422 0.972656 0.855469 0.970703 0.859375 0.966797
0 0.908203 0.968750 0.908203 0.972656 0.904297 0.972656 0.902344 0.970703 0.906250 0.966797
0 0.382812 0.974609 0.382812 0.978516 0.378906 0.978516 0.376953 0.976562 0.380859 0.972656
0 0.666016 0.976562 0.666016 0.980469 0.662109 0.980469 0.660156 0.978516 0.664062 0.974609
0 0.253906 0.980469 0.253906 0.984375 0.250000 0.984375 0.248047 0.982422 0.251953 0.978516
0 0.470703 0.980469 0.470703 0.984375 0.466797 0.984375 0.464844 0.982422 0.468750 0.978516
0 0.501953 0.980469 0.501953 0.984375 0.498047 0.984375 0.496094 0.982422 0.500000 0.978516
0 0.919922 0.984375 0.919922 0.988281 0.916016 0.988281 0.914062 0.986328 0.917969 0.982422
0 0.640625 0.988281 0.640625 0.992188 0.636719 0.992188 0.634766 0.990234 0.638672 0.986328
0 0.703125 0.988281 0.703125 0.992188 0.699219 0.992188 0.697266 0.990234 0.701172 0.986328
0 0.937500 0.992188 0.937500 0.996094 0.933594 0.996094 0.931641 0.994141 0.935547 0.990234
0 0.845703 0.996094 0.845703 0.998047 0.839844 0.998047 0.843750 0.994141
0 0.980469 0.998047 0.958984 0.998047 0.958984 0.992188 0.960938 0.990234 0.962891 0.990234 0.962891 0.988281 0.964844 0.986328 0.974609 0.986328 0.980469 0.992188
