0 0.037109 0.050781 0.033203 0.046875 0.027344 0.046875 0.025391 0.048828 0.023438 0.048828 0.019531 0.052734 0.019531 0.058594 0.021484 0.060547 0.031250 0.060547 0.037109 0.054688
1 0.000000 0.058594 0.000000 0.064453 0.001953 0.062500 0.001953 0.060547
0 0.156250 0.113281 0.150391 0.119141 0.150391 0.123047 0.154297 0.126953 0.160156 0.126953 0.166016 0.121094 0.166016 0.117188 0.162109 0.113281
0 0.789062 0.156250 0.787109 0.158203 0.789062 0.160156 0.791016 0.160156 0.792969 0.158203 0.791016 0.156250
0 0.492188 0.179688 0.488281 0.183594 0.488281 0.189453 0.490234 0.191406 0.496094 0.191406 0.498047 0.189453 0.498047 0.185547 0.496094 0.183594 0.496094 0.181641 0.494141 0.179688
0 0.916016 0.212891 0.914062 0.214844 0.914062 0.216797 0.917969 0.220703 0.919922 0.218750 0.919922 0.214844 0.917969 0.212891
0 0.328125 0.218750 0.326172 0.218750 0.324219 0.220703 0.324219 0.222656 0.326172 0.224609 0.328125 0.222656
0 0.208984 0.224609 0.207031 0.226562 0.207031 0.230469 0.208984 0.230469 0.210938 0.228516 0.210938 0.226562
0 0.337891 0.238281 0.337891 0.246094 0.341797 0.250000 0.341797 0.255859 0.345703 0.261719 0.349609 0.259766 0.357422 0.261719 0.357422 0.259766 0.365234 0.253906 0.369141 0.257812 0.376953 0.253906 0.376953 0.250000 0.373047 0.246094 0.367188 0.246094 0.357422 0.234375 0.353516 0.236328 0.345703 0.236328 0.341797 0.234375
0 0.544922 0.242188 0.542969 0.240234 0.541016 0.242188 0.541016 0.244141 0.542969 0.244141
0 0.462891 0.251953 0.464844 0.253906 0.466797 0.251953 0.468750 0.251953 0.466797 0.251953 0.464844 0.250000
0 0.435547 0.277344 0.433594 0.279297 0.433594 0.287109 0.435547 0.289062 0.435547 0.291016 0.439453 0.291016 0.443359 0.287109 0.443359 0.283203 0.445312 0.281250 0.441406 0.277344
0 0.484375 0.281250 0.486328 0.283203 0.490234 0.283203 0.490234 0.279297 0.486328 0.279297
0 0.132812 0.281250 0.130859 0.283203 0.130859 0.287109 0.132812 0.289062 0.136719 0.289062 0.140625 0.285156 0.138672 0.283203 0.138672 0.281250
0 0.361328 0.287109 0.361328 0.291016 0.363281 0.292969 0.365234 0.292969 0.367188 0.291016 0.367188 0.289062 0.365234 0.287109
0 0.544922 0.302734 0.542969 0.300781 0.541016 0.300781 0.539062 0.302734 0.539062 0.306641 0.542969 0.306641 0.544922 0.304688
0 0.558594 0.308594 0.558594 0.310547 0.562500 0.310547 0.562500 0.308594
0 0.720703 0.310547 0.720703 0.314453 0.722656 0.316406 0.724609 0.316406 0.726562 0.314453 0.726562 0.312500 0.724609 0.310547
0 0.541016 0.314453 0.539062 0.316406 0.539062 0.318359 0.541016 0.320312 0.544922 0.320312 0.546875 0.318359 0.546875 0.316406 0.544922 0.314453
0 0.466797 0.320312 0.464844 0.322266 0.464844 0.326172 0.462891 0.328125 0.470703 0.335938 0.472656 0.333984 0.472656 0.328125 0.474609 0.326172 0.472656 0.324219 0.472656 0.322266 0.470703 0.320312
0 0.392578 0.328125 0.390625 0.330078 0.390625 0.332031 0.392578 0.333984 0.394531 0.333984 0.396484 0.332031 0.396484 0.330078 0.394531 0.328125
1 0.554688 0.333984 0.548828 0.339844 0.548828 0.341797 0.552734 0.345703 0.554688 0.345703 0.560547 0.351562 0.560547 0.361328 0.564453 0.365234 0.564453 0.367188 0.568359 0.367188 0.574219 0.361328 0.574219 0.359375 0.578125 0.355469 0.574219 0.351562 0.574219 0.349609 0.570312 0.345703 0.564453 0.345703 0.558594 0.339844 0.558594 0.337891
0 0.308594 0.347656 0.308594 0.355469 0.312500 0.361328 0.324219 0.371094 0.326172 0.369141 0.337891 0.367188 0.341797 0.373047 0.351562 0.365234 0.351562 0.359375 0.339844 0.349609 0.339844 0.343750 0.333984 0.339844 0.316406 0.339844 0.312500 0.341797
0 0.353516 0.341797 0.353516 0.345703 0.359375 0.345703 0.359375 0.343750 0.357422 0.341797
0 0.388672 0.345703 0.386719 0.347656 0.386719 0.355469 0.394531 0.363281 0.396484 0.363281 0.402344 0.357422 0.402344 0.353516 0.400391 0.351562 0.400391 0.349609 0.396484 0.345703
0 0.451172 0.355469 0.449219 0.355469 0.443359 0.351562 0.441406 0.351562 0.439453 0.353516 0.435547 0.353516 0.431641 0.357422 0.431641 0.363281 0.435547 0.367188 0.447266 0.367188 0.453125 0.361328 0.451172 0.359375
0 0.382812 0.365234 0.380859 0.367188 0.380859 0.369141 0.378906 0.371094 0.378906 0.375000 0.376953 0.376953 0.376953 0.386719 0.378906 0.388672 0.382812 0.388672 0.384766 0.390625 0.386719 0.388672 0.388672 0.390625 0.394531 0.384766 0.394531 0.380859 0.396484 0.378906 0.392578 0.373047 0.392578 0.369141 0.388672 0.365234
0 0.455078 0.369141 0.451172 0.369141 0.449219 0.371094 0.449219 0.376953 0.451172 0.378906 0.453125 0.376953 0.455078 0.376953 0.458984 0.373047
0 0.466797 0.371094 0.464844 0.373047 0.464844 0.380859 0.466797 0.382812 0.470703 0.382812 0.474609 0.378906 0.474609 0.373047 0.472656 0.371094
0 0.503906 0.375000 0.501953 0.373047 0.500000 0.375000 0.498047 0.375000 0.496094 0.376953 0.498047 0.378906 0.501953 0.378906 0.503906 0.376953
0 0.439453 0.378906 0.435547 0.382812 0.435547 0.386719 0.431641 0.390625 0.433594 0.390625 0.435547 0.392578 0.437500 0.390625 0.439453 0.392578 0.441406 0.392578 0.447266 0.398438 0.451172 0.394531 0.449219 0.392578 0.453125 0.388672 0.451172 0.386719 0.447266 0.386719
0 0.992188 0.380859 0.990234 0.380859 0.988281 0.382812 0.986328 0.382812 0.984375 0.384766 0.986328 0.384766 0.990234 0.388672 0.990234 0.390625 0.994141 0.386719 0.994141 0.382812
0 0.509766 0.392578 0.503906 0.398438 0.503906 0.402344 0.507812 0.408203 0.509766 0.408203 0.511719 0.410156 0.515625 0.410156 0.521484 0.406250 0.521484 0.404297 0.523438 0.402344 0.523438 0.398438 0.517578 0.392578
0 0.486328 0.398438 0.482422 0.394531 0.478516 0.398438 0.480469 0.400391 0.478516 0.402344 0.480469 0.400391 0.482422 0.402344 0.484375 0.402344 0.486328 0.400391
0 0.611328 0.394531 0.609375 0.396484 0.609375 0.400391 0.615234 0.400391 0.617188 0.398438 0.617188 0.396484 0.615234 0.394531
0 0.416016 0.404297 0.421875 0.410156 0.423828 0.410156 0.427734 0.414062 0.431641 0.414062 0.431641 0.412109 0.433594 0.410156 0.433594 0.408203 0.425781 0.400391 0.419922 0.400391
0 0.361328 0.404297 0.361328 0.406250 0.363281 0.408203 0.363281 0.410156 0.365234 0.412109 0.375000 0.412109 0.376953 0.410156 0.376953 0.408203 0.373047 0.404297 0.371094 0.404297 0.369141 0.402344 0.365234 0.402344 0.363281 0.404297
0 0.400391 0.410156 0.396484 0.406250 0.392578 0.410156 0.394531 0.412109 0.398438 0.412109
0 0.537109 0.408203 0.535156 0.410156 0.535156 0.414062 0.533203 0.416016 0.533203 0.417969 0.537109 0.421875 0.541016 0.421875 0.544922 0.417969 0.544922 0.416016 0.542969 0.414062 0.542969 0.412109 0.539062 0.408203
0 0.388672 0.417969 0.388672 0.423828 0.392578 0.423828 0.394531 0.421875 0.394531 0.419922 0.392578 0.417969
1 0.441406 0.431641 0.441406 0.433594 0.447266 0.433594 0.447266 0.431641 0.449219 0.429688 0.451172 0.429688 0.455078 0.425781 0.462891 0.425781 0.466797 0.429688 0.466797 0.431641 0.468750 0.433594 0.468750 0.435547 0.470703 0.437500 0.472656 0.437500 0.474609 0.435547 0.474609 0.431641 0.470703 0.427734 0.468750 0.427734 0.466797 0.425781 0.466797 0.423828 0.460938 0.417969 0.457031 0.417969 0.449219 0.425781 0.443359 0.425781 0.445312 0.425781 0.447266 0.427734 0.445312 0.429688 0.443359 0.429688
0 0.365234 0.441406 0.363281 0.439453 0.361328 0.439453 0.359375 0.437500 0.357422 0.439453 0.355469 0.439453 0.353516 0.441406 0.353516 0.445312 0.355469 0.447266 0.361328 0.447266 0.365234 0.443359
0 0.416016 0.437500 0.414062 0.439453 0.414062 0.443359 0.417969 0.447266 0.421875 0.447266 0.423828 0.445312 0.423828 0.439453 0.421875 0.437500
0 0.671875 0.445312 0.671875 0.441406 0.669922 0.439453 0.667969 0.441406 0.664062 0.441406 0.662109 0.443359 0.664062 0.445312
0 0.544922 0.447266 0.541016 0.447266 0.539062 0.449219 0.539062 0.453125 0.541016 0.455078 0.542969 0.455078 0.546875 0.451172 0.546875 0.449219
0 0.478516 0.449219 0.480469 0.451172 0.482422 0.449219
0 0.392578 0.457031 0.390625 0.458984 0.392578 0.460938
0 0.919922 0.462891 0.917969 0.464844 0.919922 0.466797 0.921875 0.466797 0.923828 0.464844 0.921875 0.462891
0 0.978516 0.460938 0.978516 0.464844 0.980469 0.464844 0.982422 0.462891 0.980469 0.460938
0 0.570312 0.464844 0.568359 0.466797 0.568359 0.468750 0.570312 0.470703 0.572266 0.470703 0.574219 0.468750 0.574219 0.466797 0.572266 0.466797
0 0.361328 0.480469 0.363281 0.482422 0.367188 0.482422 0.373047 0.476562 0.371094 0.476562 0.369141 0.474609 0.363281 0.474609 0.361328 0.476562
1 0.626953 0.476562 0.625000 0.478516 0.628906 0.482422 0.628906 0.484375 0.632812 0.488281 0.634766 0.488281 0.636719 0.486328 0.636719 0.484375 0.634766 0.482422 0.632812 0.482422
0 0.658203 0.478516 0.656250 0.480469 0.658203 0.482422 0.660156 0.480469
1 0.478516 0.482422 0.476562 0.482422 0.470703 0.488281 0.468750 0.488281 0.466797 0.490234 0.464844 0.490234 0.462891 0.492188 0.462891 0.494141 0.460938 0.496094 0.457031 0.496094 0.455078 0.498047 0.458984 0.501953 0.464844 0.496094 0.466797 0.496094 0.468750 0.498047 0.472656 0.494141 0.474609 0.494141 0.476562 0.492188 0.476562 0.486328 0.478516 0.484375
1 0.439453 0.492188 0.437500 0.494141 0.437500 0.498047 0.439453 0.498047 0.445312 0.503906 0.445312 0.505859 0.449219 0.505859 0.449219 0.503906 0.451172 0.501953 0.449219 0.501953 0.447266 0.500000 0.447266 0.498047 0.445312 0.496094 0.445312 0.494141 0.443359 0.492188
0 0.519531 0.492188 0.517578 0.494141 0.517578 0.496094 0.519531 0.498047 0.523438 0.498047 0.523438 0.494141 0.521484 0.492188
0 0.464844 0.509766 0.466797 0.511719 0.468750 0.511719 0.470703 0.509766 0.472656 0.511719 0.474609 0.511719 0.474609 0.507812 0.472656 0.505859 0.468750 0.505859
1 0.503906 0.505859 0.501953 0.505859 0.498047 0.509766 0.498047 0.521484 0.500000 0.523438 0.500000 0.525391 0.496094 0.529297 0.496094 0.533203 0.498047 0.535156 0.498047 0.541016 0.492188 0.544922 0.492188 0.548828 0.494141 0.550781 0.496094 0.548828 0.498047 0.550781 0.503906 0.550781 0.505859 0.548828 0.505859 0.546875 0.503906 0.544922 0.498047 0.544922 0.496094 0.542969 0.498047 0.541016 0.503906 0.541016 0.501953 0.541016 0.498047 0.537109 0.503906 0.531250 0.509766 0.537109 0.509766 0.531250 0.513672 0.527344 0.513672 0.525391 0.509766 0.521484 0.507812 0.515625 0.503906 0.511719 0.505859 0.509766 0.505859 0.507812
0 0.732422 0.505859 0.730469 0.503906 0.728516 0.505859
0 0.525391 0.509766 0.525391 0.511719 0.531250 0.517578 0.535156 0.517578 0.539062 0.513672 0.537109 0.511719 0.537109 0.509766 0.535156 0.509766 0.533203 0.507812 0.527344 0.507812
0 0.648438 0.507812 0.644531 0.507812 0.642578 0.509766 0.642578 0.515625 0.644531 0.517578 0.646484 0.515625 0.648438 0.515625 0.650391 0.513672 0.650391 0.509766
0 0.484375 0.515625 0.480469 0.515625 0.478516 0.517578 0.478516 0.521484 0.482422 0.525391 0.488281 0.519531
0 0.681641 0.515625 0.679688 0.517578 0.679688 0.523438 0.681641 0.525391 0.687500 0.525391 0.689453 0.523438 0.689453 0.517578 0.687500 0.515625
0 0.558594 0.519531 0.556641 0.521484 0.556641 0.525391 0.560547 0.529297 0.564453 0.529297 0.566406 0.527344 0.566406 0.521484 0.564453 0.519531
0 0.632812 0.537109 0.630859 0.539062 0.628906 0.539062 0.625000 0.542969 0.625000 0.554688 0.630859 0.560547 0.636719 0.560547 0.638672 0.558594 0.642578 0.558594 0.644531 0.556641 0.644531 0.554688 0.646484 0.552734 0.646484 0.544922 0.642578 0.539062 0.640625 0.539062 0.638672 0.537109
0 0.281250 0.542969 0.281250 0.546875 0.283203 0.548828 0.283203 0.546875 0.285156 0.544922 0.283203 0.544922
0 0.898438 0.542969 0.894531 0.542969 0.896484 0.544922 0.896484 0.546875 0.896484 0.544922
0 0.523438 0.546875 0.519531 0.550781 0.519531 0.552734 0.521484 0.554688 0.521484 0.556641 0.523438 0.558594 0.527344 0.558594 0.529297 0.556641 0.529297 0.554688 0.531250 0.552734 0.531250 0.550781 0.527344 0.546875
0 0.937500 0.546875 0.935547 0.546875 0.933594 0.548828 0.935547 0.550781 0.937500 0.548828
0 0.537109 0.552734 0.535156 0.554688 0.535156 0.558594 0.542969 0.564453 0.541016 0.566406 0.541016 0.574219 0.539062 0.576172 0.542969 0.583984 0.550781 0.589844 0.560547 0.587891 0.566406 0.580078 0.566406 0.570312 0.564453 0.566406 0.556641 0.560547 0.544922 0.560547 0.542969 0.558594 0.542969 0.554688 0.541016 0.552734
0 0.490234 0.554688 0.484375 0.560547 0.490234 0.566406 0.492188 0.564453 0.492188 0.556641
0 0.675781 0.558594 0.673828 0.560547 0.671875 0.560547 0.666016 0.566406 0.667969 0.568359 0.667969 0.572266 0.669922 0.574219 0.675781 0.574219 0.677734 0.572266 0.679688 0.572266 0.681641 0.570312 0.681641 0.566406 0.679688 0.564453 0.679688 0.562500
0 0.724609 0.560547 0.724609 0.562500 0.726562 0.564453 0.726562 0.566406 0.728516 0.566406 0.730469 0.564453 0.732422 0.564453 0.730469 0.562500 0.730469 0.560547 0.728516 0.558594 0.726562 0.558594
0 0.796875 0.568359 0.794922 0.570312 0.794922 0.572266 0.792969 0.574219 0.792969 0.576172 0.796875 0.580078 0.800781 0.580078 0.802734 0.578125 0.802734 0.572266 0.800781 0.570312 0.800781 0.568359
0 0.457031 0.576172 0.455078 0.576172 0.451172 0.572266 0.447266 0.576172 0.447266 0.578125 0.449219 0.580078 0.453125 0.580078
0 0.496094 0.572266 0.494141 0.572266 0.492188 0.574219 0.490234 0.574219 0.490234 0.576172 0.488281 0.578125 0.492188 0.582031 0.494141 0.582031 0.496094 0.580078 0.498047 0.580078 0.498047 0.574219
0 0.751953 0.572266 0.748047 0.572266 0.746094 0.574219 0.746094 0.580078 0.748047 0.582031 0.750000 0.582031 0.751953 0.580078 0.753906 0.580078 0.755859 0.578125 0.753906 0.576172 0.753906 0.574219
0 0.474609 0.578125 0.470703 0.582031 0.470703 0.587891 0.472656 0.589844 0.478516 0.589844 0.482422 0.585938 0.482422 0.583984 0.480469 0.582031 0.480469 0.580078 0.478516 0.578125
0 0.447266 0.585938 0.445312 0.587891 0.445312 0.591797 0.451172 0.597656 0.451172 0.599609 0.453125 0.599609 0.455078 0.601562 0.457031 0.601562 0.458984 0.599609 0.458984 0.593750 0.453125 0.587891 0.451172 0.587891 0.449219 0.585938
0 0.705078 0.589844 0.701172 0.591797 0.695312 0.599609 0.695312 0.611328 0.699219 0.617188 0.703125 0.619141 0.708984 0.619141 0.716797 0.613281 0.716797 0.609375 0.718750 0.607422 0.716797 0.605469 0.716797 0.597656 0.714844 0.593750 0.708984 0.589844
0 0.800781 0.603516 0.798828 0.605469 0.798828 0.611328 0.802734 0.615234 0.804688 0.615234 0.806641 0.617188 0.808594 0.617188 0.808594 0.611328 0.812500 0.607422 0.810547 0.605469 0.810547 0.603516
0 0.824219 0.609375 0.822266 0.611328 0.822266 0.615234 0.824219 0.617188 0.828125 0.617188 0.830078 0.615234 0.830078 0.613281 0.826172 0.609375
0 0.548828 0.613281 0.542969 0.621094 0.542969 0.630859 0.544922 0.634766 0.552734 0.642578 0.560547 0.642578 0.566406 0.636719 0.568359 0.626953 0.564453 0.623047 0.564453 0.619141 0.560547 0.615234 0.556641 0.613281
0 0.777344 0.615234 0.775391 0.617188 0.777344 0.619141 0.779297 0.617188
0 0.486328 0.630859 0.482422 0.630859 0.480469 0.632812 0.478516 0.632812 0.480469 0.634766 0.480469 0.636719 0.478516 0.638672 0.480469 0.638672 0.482422 0.640625 0.486328 0.636719
0 0.716797 0.632812 0.714844 0.640625 0.720703 0.646484 0.720703 0.652344 0.722656 0.656250 0.738281 0.658203 0.746094 0.650391 0.746094 0.646484 0.742188 0.644531 0.744141 0.642578 0.736328 0.642578 0.732422 0.640625 0.722656 0.630859
0 0.890625 0.634766 0.888672 0.632812 0.886719 0.634766 0.886719 0.636719 0.890625 0.636719
0 0.685547 0.640625 0.679688 0.646484 0.679688 0.648438 0.677734 0.650391 0.677734 0.656250 0.687500 0.664062 0.693359 0.664062 0.695312 0.662109 0.697266 0.662109 0.703125 0.656250 0.703125 0.654297 0.705078 0.652344 0.705078 0.648438 0.701172 0.644531 0.701172 0.642578 0.699219 0.642578 0.697266 0.640625
0 0.904297 0.640625 0.902344 0.642578 0.902344 0.652344 0.904297 0.654297 0.910156 0.654297 0.914062 0.650391 0.914062 0.642578 0.912109 0.640625
0 0.365234 0.648438 0.363281 0.648438 0.361328 0.650391 0.363281 0.652344 0.363281 0.650391
0 0.611328 0.650391 0.609375 0.652344 0.611328 0.654297 0.613281 0.654297 0.615234 0.656250 0.613281 0.654297 0.615234 0.652344 0.613281 0.650391
0 0.654297 0.648438 0.648438 0.652344 0.648438 0.664062 0.650391 0.664062 0.654297 0.667969 0.660156 0.667969 0.664062 0.664062 0.664062 0.654297 0.662109 0.654297 0.656250 0.648438
0 0.558594 0.652344 0.548828 0.667969 0.539062 0.667969 0.537109 0.671875 0.546875 0.679688 0.541016 0.697266 0.535156 0.703125 0.535156 0.710938 0.544922 0.726562 0.566406 0.726562 0.570312 0.730469 0.580078 0.724609 0.572266 0.718750 0.574219 0.708984 0.566406 0.699219 0.566406 0.693359 0.572266 0.687500 0.576172 0.673828 0.582031 0.669922 0.576172 0.666016 0.576172 0.658203 0.570312 0.652344
0 0.328125 0.656250 0.326172 0.658203 0.326172 0.660156 0.324219 0.662109 0.324219 0.666016 0.328125 0.669922 0.333984 0.669922 0.337891 0.666016 0.337891 0.662109 0.332031 0.656250
0 0.794922 0.656250 0.792969 0.658203 0.794922 0.660156 0.796875 0.660156 0.798828 0.658203 0.796875 0.656250
0 0.818359 0.658203 0.816406 0.656250 0.814453 0.656250 0.810547 0.660156 0.812500 0.662109 0.816406 0.662109 0.818359 0.660156
0 0.484375 0.660156 0.482422 0.662109 0.482422 0.664062 0.480469 0.666016 0.482422 0.666016 0.484375 0.667969 0.488281 0.667969 0.490234 0.669922 0.490234 0.667969 0.492188 0.666016 0.494141 0.666016 0.488281 0.660156
0 0.642578 0.666016 0.640625 0.664062 0.638672 0.664062 0.632812 0.660156 0.628906 0.660156 0.621094 0.667969 0.621094 0.673828 0.626953 0.679688 0.628906 0.679688 0.630859 0.677734 0.636719 0.677734 0.642578 0.671875
0 0.509766 0.664062 0.501953 0.671875 0.496094 0.669922 0.498047 0.671875 0.496094 0.673828 0.490234 0.673828 0.486328 0.677734 0.486328 0.687500 0.492188 0.693359 0.490234 0.695312 0.505859 0.703125 0.515625 0.714844 0.521484 0.716797 0.527344 0.712891 0.531250 0.705078 0.529297 0.703125 0.531250 0.697266 0.525391 0.691406 0.529297 0.685547 0.527344 0.687500 0.523438 0.683594 0.525391 0.675781 0.515625 0.664062
0 0.712891 0.679688 0.710938 0.681641 0.710938 0.683594 0.708984 0.685547 0.708984 0.689453 0.712891 0.693359 0.716797 0.693359 0.720703 0.689453 0.720703 0.685547 0.722656 0.683594 0.718750 0.679688
0 0.601562 0.699219 0.599609 0.699219 0.597656 0.701172 0.595703 0.701172 0.595703 0.703125 0.597656 0.705078 0.597656 0.707031 0.601562 0.707031 0.603516 0.705078 0.603516 0.701172
0 0.650391 0.699219 0.648438 0.701172 0.648438 0.705078 0.650391 0.707031 0.652344 0.707031 0.654297 0.705078 0.654297 0.701172 0.652344 0.699219
0 0.781250 0.699219 0.781250 0.701172 0.779297 0.703125 0.779297 0.705078 0.777344 0.707031 0.777344 0.708984 0.781250 0.712891 0.789062 0.712891 0.791016 0.710938 0.791016 0.703125 0.789062 0.701172 0.789062 0.699219
0 0.324219 0.710938 0.326172 0.712891 0.324219 0.714844 0.326172 0.712891 0.330078 0.712891 0.332031 0.710938 0.333984 0.712891 0.332031 0.710938 0.332031 0.707031 0.330078 0.707031 0.328125 0.708984 0.326172 0.707031 0.326172 0.708984
0 0.417969 0.710938 0.417969 0.712891 0.419922 0.712891 0.421875 0.714844 0.425781 0.714844 0.427734 0.712891 0.425781 0.710938 0.425781 0.708984 0.421875 0.708984 0.419922 0.710938
0 0.615234 0.707031 0.613281 0.708984 0.617188 0.712891 0.617188 0.708984
0 0.851562 0.716797 0.853516 0.718750 0.859375 0.718750 0.861328 0.716797 0.863281 0.716797 0.863281 0.712891 0.861328 0.712891 0.857422 0.708984 0.855469 0.708984 0.855469 0.710938 0.853516 0.712891 0.853516 0.714844
0 0.601562 0.710938 0.599609 0.712891 0.599609 0.716797 0.601562 0.716797 0.603516 0.714844 0.601562 0.712891
0 0.628906 0.712891 0.625000 0.712891 0.623047 0.714844 0.623047 0.718750 0.625000 0.718750 0.626953 0.720703 0.630859 0.716797 0.630859 0.714844
0 0.591797 0.736328 0.595703 0.742188 0.607422 0.740234 0.611328 0.744141 0.611328 0.748047 0.613281 0.748047 0.619141 0.753906 0.625000 0.744141 0.625000 0.740234 0.628906 0.736328 0.621094 0.726562 0.617188 0.726562 0.609375 0.734375 0.603516 0.730469 0.597656 0.730469
0 0.517578 0.730469 0.515625 0.732422 0.513672 0.732422 0.515625 0.734375 0.513672 0.736328 0.517578 0.740234 0.519531 0.740234 0.521484 0.738281 0.521484 0.732422 0.519531 0.730469
0 0.712891 0.730469 0.707031 0.730469 0.699219 0.734375 0.693359 0.740234 0.693359 0.750000 0.697266 0.755859 0.695312 0.759766 0.699219 0.763672 0.703125 0.763672 0.707031 0.757812 0.720703 0.751953 0.720703 0.744141 0.722656 0.742188 0.718750 0.734375
0 0.548828 0.746094 0.541016 0.736328 0.535156 0.736328 0.523438 0.746094 0.519531 0.746094 0.511719 0.751953 0.511719 0.755859 0.519531 0.761719 0.525391 0.759766 0.529297 0.763672 0.533203 0.763672 0.539062 0.755859 0.542969 0.757812 0.546875 0.753906 0.544922 0.750000
0 0.763672 0.736328 0.757812 0.742188 0.759766 0.742188 0.769531 0.751953 0.771484 0.750000 0.771484 0.748047 0.769531 0.746094 0.769531 0.744141 0.767578 0.742188 0.767578 0.738281 0.765625 0.738281
0 0.648438 0.738281 0.648438 0.744141 0.650391 0.744141 0.652344 0.746094 0.654297 0.746094 0.656250 0.744141 0.656250 0.740234 0.654297 0.738281
0 0.666016 0.740234 0.664062 0.738281 0.662109 0.740234 0.662109 0.742188 0.666016 0.742188
0 0.591797 0.748047 0.583984 0.746094 0.564453 0.759766 0.564453 0.769531 0.576172 0.777344 0.572266 0.787109 0.576172 0.792969 0.582031 0.789062 0.580078 0.781250 0.576172 0.779297 0.580078 0.775391 0.591797 0.777344 0.601562 0.765625 0.609375 0.763672 0.605469 0.755859 0.599609 0.755859
0 0.871094 0.755859 0.871094 0.761719 0.873047 0.763672 0.878906 0.763672 0.880859 0.761719 0.882812 0.761719 0.882812 0.755859 0.878906 0.751953 0.875000 0.751953
0 0.642578 0.753906 0.640625 0.755859 0.642578 0.757812 0.644531 0.755859
0 0.505859 0.759766 0.503906 0.761719 0.503906 0.767578 0.505859 0.765625 0.507812 0.765625 0.507812 0.761719
0 0.640625 0.765625 0.638672 0.765625 0.636719 0.767578 0.634766 0.773438 0.628906 0.779297 0.630859 0.785156 0.636719 0.789062 0.640625 0.789062 0.646484 0.783203 0.646484 0.773438 0.642578 0.769531 0.642578 0.767578
0 0.935547 0.765625 0.933594 0.767578 0.933594 0.769531 0.931641 0.771484 0.931641 0.773438 0.935547 0.777344 0.939453 0.777344 0.943359 0.773438 0.943359 0.767578 0.941406 0.765625
0 0.757812 0.773438 0.755859 0.775391 0.755859 0.781250 0.757812 0.783203 0.763672 0.783203 0.767578 0.779297 0.765625 0.777344 0.765625 0.775391 0.763672 0.775391 0.761719 0.773438
0 0.257812 0.777344 0.251953 0.783203 0.251953 0.787109 0.253906 0.789062 0.253906 0.791016 0.255859 0.792969 0.257812 0.791016 0.259766 0.791016 0.261719 0.789062 0.261719 0.787109 0.263672 0.785156 0.263672 0.783203 0.261719 0.781250 0.261719 0.779297 0.259766 0.779297
0 0.533203 0.779297 0.525391 0.785156 0.525391 0.789062 0.521484 0.792969 0.521484 0.796875 0.525391 0.800781 0.525391 0.804688 0.535156 0.810547 0.537109 0.808594 0.539062 0.810547 0.548828 0.802734 0.552734 0.794922 0.550781 0.792969 0.550781 0.789062 0.542969 0.781250 0.535156 0.781250
0 0.818359 0.779297 0.816406 0.781250 0.816406 0.783203 0.814453 0.785156 0.814453 0.787109 0.818359 0.791016 0.822266 0.791016 0.826172 0.787109 0.826172 0.785156 0.820312 0.779297
0 0.230469 0.785156 0.228516 0.787109 0.228516 0.792969 0.230469 0.794922 0.234375 0.794922 0.238281 0.791016 0.238281 0.789062 0.234375 0.785156
0 0.623047 0.785156 0.623047 0.787109 0.626953 0.787109 0.626953 0.785156
0 0.673828 0.787109 0.669922 0.787109 0.667969 0.789062 0.669922 0.789062 0.671875 0.791016 0.673828 0.789062
0 0.966797 0.789062 0.966797 0.791016 0.968750 0.792969 0.970703 0.792969 0.972656 0.791016 0.970703 0.789062
0 0.978516 0.791016 0.978516 0.792969 0.980469 0.794922 0.984375 0.794922 0.986328 0.792969 0.984375 0.791016
0 0.724609 0.792969 0.720703 0.796875 0.720703 0.800781 0.722656 0.802734 0.722656 0.804688 0.724609 0.804688 0.726562 0.806641 0.730469 0.806641 0.732422 0.804688 0.732422 0.798828 0.730469 0.796875 0.730469 0.794922 0.728516 0.794922 0.726562 0.792969
0 0.371094 0.798828 0.369141 0.800781 0.369141 0.802734 0.373047 0.806641 0.375000 0.804688 0.375000 0.800781 0.373047 0.798828
0 0.464844 0.800781 0.462891 0.798828 0.460938 0.800781 0.460938 0.802734 0.464844 0.802734
0 0.640625 0.800781 0.636719 0.804688 0.628906 0.804688 0.621094 0.812500 0.625000 0.818359 0.625000 0.822266 0.626953 0.822266 0.632812 0.826172 0.640625 0.820312 0.640625 0.810547 0.638672 0.808594 0.642578 0.804688 0.642578 0.802734
0 0.710938 0.800781 0.710938 0.802734 0.708984 0.804688 0.708984 0.806641 0.710938 0.808594 0.712891 0.808594 0.714844 0.806641 0.714844 0.804688
0 0.503906 0.804688 0.503906 0.806641 0.501953 0.808594 0.501953 0.812500 0.503906 0.814453 0.505859 0.814453 0.507812 0.812500 0.507812 0.806641 0.505859 0.804688
1 0.378906 0.812500 0.378906 0.816406 0.382812 0.820312 0.382812 0.822266 0.384766 0.822266 0.384766 0.820312 0.382812 0.820312 0.380859 0.818359 0.380859 0.816406 0.378906 0.814453
1 0.654297 0.818359 0.654297 0.820312 0.656250 0.822266 0.667969 0.822266 0.667969 0.818359 0.669922 0.816406 0.658203 0.816406 0.656250 0.814453 0.656250 0.816406
0 0.457031 0.818359 0.457031 0.822266 0.458984 0.824219 0.460938 0.824219 0.462891 0.822266 0.462891 0.820312 0.460938 0.818359
0 0.699219 0.818359 0.699219 0.824219 0.703125 0.824219 0.703125 0.818359
0 0.759766 0.818359 0.757812 0.820312 0.757812 0.826172 0.761719 0.830078 0.765625 0.830078 0.765625 0.828125 0.767578 0.826172 0.767578 0.820312 0.765625 0.818359
0 0.398438 0.826172 0.392578 0.832031 0.390625 0.832031 0.390625 0.833984 0.392578 0.835938 0.392578 0.837891 0.398438 0.837891 0.400391 0.835938 0.400391 0.828125
1 0.552734 0.828125 0.548828 0.824219 0.546875 0.824219 0.542969 0.828125 0.542969 0.830078 0.539062 0.833984 0.533203 0.833984 0.531250 0.835938 0.529297 0.835938 0.527344 0.837891 0.529297 0.839844 0.527344 0.841797 0.527344 0.843750 0.529297 0.845703 0.529297 0.847656 0.533203 0.847656 0.535156 0.849609 0.537109 0.849609 0.541016 0.845703 0.541016 0.841797 0.548828 0.833984 0.550781 0.833984 0.550781 0.830078
0 0.648438 0.826172 0.642578 0.832031 0.646484 0.835938 0.652344 0.835938 0.652344 0.830078
0 0.800781 0.826172 0.798828 0.826172 0.796875 0.824219 0.792969 0.824219 0.791016 0.826172 0.785156 0.826172 0.783203 0.828125 0.783203 0.830078 0.781250 0.832031 0.779297 0.832031 0.783203 0.832031 0.787109 0.835938 0.794922 0.835938 0.796875 0.837891 0.796875 0.833984 0.798828 0.832031 0.798828 0.828125
0 0.830078 0.828125 0.832031 0.830078 0.830078 0.832031 0.832031 0.833984 0.833984 0.833984 0.835938 0.835938 0.839844 0.832031 0.841797 0.832031 0.843750 0.833984 0.843750 0.832031 0.845703 0.830078 0.843750 0.828125 0.843750 0.826172 0.835938 0.826172 0.833984 0.828125
0 0.886719 0.826172 0.884766 0.828125 0.884766 0.830078 0.882812 0.832031 0.882812 0.837891 0.886719 0.841797 0.894531 0.841797 0.896484 0.839844 0.896484 0.837891 0.898438 0.835938 0.898438 0.832031 0.894531 0.828125 0.894531 0.826172
0 0.490234 0.833984 0.486328 0.837891 0.486328 0.845703 0.488281 0.847656 0.494141 0.847656 0.494141 0.845703 0.496094 0.843750 0.496094 0.841797 0.498047 0.839844 0.498047 0.837891 0.496094 0.835938 0.496094 0.833984
1 0.519531 0.841797 0.515625 0.841797 0.513672 0.843750 0.513672 0.847656 0.507812 0.853516 0.509766 0.855469 0.511719 0.853516 0.511719 0.849609 0.513672 0.847656 0.515625 0.847656 0.519531 0.843750
1 0.566406 0.839844 0.564453 0.839844 0.562500 0.843750 0.556641 0.849609 0.554688 0.849609 0.552734 0.853516 0.550781 0.851562 0.546875 0.855469 0.550781 0.859375 0.546875 0.863281 0.546875 0.865234 0.541016 0.871094 0.539062 0.871094 0.539062 0.873047 0.535156 0.876953 0.527344 0.880859 0.527344 0.882812 0.523438 0.886719 0.527344 0.890625 0.535156 0.890625 0.548828 0.902344 0.552734 0.898438 0.554688 0.898438 0.562500 0.890625 0.564453 0.886719 0.562500 0.882812 0.564453 0.878906 0.562500 0.875000 0.564453 0.873047 0.560547 0.867188 0.560547 0.863281 0.566406 0.853516 0.568359 0.855469 0.572266 0.851562 0.572266 0.847656 0.570312 0.845703 0.572266 0.843750
0 0.210938 0.845703 0.208984 0.847656 0.208984 0.853516 0.210938 0.855469 0.212891 0.855469 0.216797 0.851562 0.216797 0.849609 0.212891 0.845703
0 0.669922 0.843750 0.667969 0.845703 0.667969 0.847656 0.669922 0.849609 0.671875 0.849609 0.673828 0.847656 0.673828 0.845703 0.671875 0.843750
0 0.945312 0.843750 0.941406 0.847656 0.941406 0.859375 0.943359 0.859375 0.945312 0.861328 0.949219 0.861328 0.957031 0.853516 0.957031 0.851562 0.955078 0.849609 0.955078 0.847656 0.951172 0.843750
0 0.900391 0.859375 0.896484 0.863281 0.896484 0.873047 0.898438 0.875000 0.906250 0.875000 0.908203 0.873047 0.908203 0.865234 0.904297 0.861328 0.902344 0.861328
0 0.384766 0.863281 0.380859 0.867188 0.380859 0.871094 0.382812 0.873047 0.384766 0.873047 0.386719 0.871094 0.386719 0.865234
0 0.408203 0.867188 0.404297 0.871094 0.404297 0.876953 0.408203 0.876953 0.408203 0.875000 0.410156 0.873047 0.410156 0.871094 0.408203 0.869141
0 0.601562 0.869141 0.599609 0.869141 0.593750 0.875000 0.593750 0.878906 0.595703 0.880859 0.595703 0.882812 0.603516 0.882812 0.607422 0.878906 0.605469 0.876953 0.605469 0.873047
0 0.673828 0.867188 0.671875 0.869141 0.671875 0.873047 0.669922 0.875000 0.669922 0.876953 0.677734 0.884766 0.681641 0.884766 0.683594 0.882812 0.683594 0.869141 0.681641 0.867188
0 0.863281 0.876953 0.859375 0.876953 0.857422 0.878906 0.857422 0.880859 0.859375 0.882812 0.861328 0.882812 0.865234 0.878906
0 0.873047 0.876953 0.873047 0.878906 0.871094 0.880859 0.869141 0.880859 0.869141 0.892578 0.871094 0.894531 0.878906 0.894531 0.882812 0.890625 0.882812 0.884766 0.880859 0.882812 0.880859 0.880859 0.876953 0.876953
0 0.914062 0.876953 0.912109 0.878906 0.912109 0.880859 0.914062 0.882812 0.916016 0.882812 0.917969 0.880859 0.917969 0.878906 0.916016 0.878906
0 0.511719 0.894531 0.509766 0.896484 0.509766 0.898438 0.511719 0.900391 0.513672 0.898438 0.513672 0.896484
0 0.716797 0.894531 0.714844 0.896484 0.714844 0.900391 0.716797 0.902344 0.720703 0.902344 0.722656 0.900391 0.722656 0.898438 0.718750 0.894531
0 0.595703 0.900391 0.595703 0.902344 0.593750 0.904297 0.593750 0.906250 0.591797 0.908203 0.593750 0.910156 0.593750 0.912109 0.599609 0.912109 0.601562 0.910156 0.601562 0.902344 0.599609 0.902344 0.597656 0.900391
0 0.630859 0.916016 0.632812 0.917969 0.632812 0.919922 0.634766 0.921875 0.636719 0.921875 0.638672 0.919922 0.638672 0.917969 0.634766 0.914062 0.632812 0.916016
0 0.751953 0.914062 0.750000 0.916016 0.750000 0.919922 0.753906 0.923828 0.755859 0.923828 0.759766 0.919922 0.759766 0.916016 0.757812 0.914062
0 0.613281 0.917969 0.607422 0.921875 0.597656 0.939453 0.599609 0.941406 0.597656 0.943359 0.597656 0.951172 0.609375 0.964844 0.611328 0.962891 0.625000 0.960938 0.628906 0.951172 0.628906 0.937500 0.623047 0.925781
0 0.728516 0.917969 0.722656 0.917969 0.720703 0.919922 0.720703 0.923828 0.718750 0.925781 0.718750 0.927734 0.716797 0.929688 0.718750 0.931641 0.718750 0.929688 0.720703 0.927734 0.722656 0.927734 0.724609 0.929688 0.730469 0.929688 0.730469 0.927734 0.732422 0.925781 0.732422 0.923828 0.730469 0.921875 0.730469 0.919922
0 0.865234 0.919922 0.861328 0.923828 0.865234 0.923828
0 0.673828 0.929688 0.669922 0.933594 0.671875 0.935547 0.671875 0.941406 0.673828 0.943359 0.675781 0.943359 0.677734 0.945312 0.681641 0.945312 0.683594 0.943359 0.683594 0.933594 0.679688 0.929688
0 0.816406 0.933594 0.814453 0.931641 0.812500 0.933594 0.812500 0.935547 0.814453 0.935547
0 0.847656 0.935547 0.843750 0.939453 0.843750 0.943359 0.847656 0.947266 0.849609 0.947266 0.851562 0.945312 0.851562 0.937500 0.849609 0.937500
0 0.804688 0.939453 0.802734 0.941406 0.802734 0.943359 0.804688 0.945312 0.806641 0.945312 0.806641 0.939453
0 0.734375 0.943359 0.726562 0.947266 0.724609 0.957031 0.714844 0.958984 0.703125 0.972656 0.697266 0.968750 0.691406 0.970703 0.701172 0.972656 0.703125 0.986328 0.708984 0.998047 0.738281 0.998047 0.744141 0.990234 0.748047 0.972656 0.736328 0.958984 0.738281 0.947266
0 0.621094 0.968750 0.619141 0.970703 0.617188 0.970703 0.615234 0.972656 0.615234 0.978516 0.617188 0.980469 0.619141 0.980469 0.621094 0.982422 0.623047 0.982422 0.626953 0.978516 0.626953 0.972656 0.623047 0.968750
0 0.644531 0.976562 0.642578 0.978516 0.642578 0.984375 0.646484 0.988281 0.648438 0.988281 0.650391 0.986328 0.650391 0.984375 0.652344 0.982422 0.652344 0.980469 0.648438 0.976562
1 0.601562 0.998047 0.619141 0.998047 0.617188 0.996094 0.603516 0.996094
1 0.960938 0.996094 0.960938 0.998047 0.968750 0.998047 0.966797 0.998047 0.964844 0.996094
0 0.359375 0.009766 0.359375 0.013672 0.355469 0.013672 0.353516 0.011719 0.357422 0.007812
0 0.343750 0.033203 0.343750 0.037109 0.339844 0.037109 0.337891 0.035156 0.341797 0.031250
0 0.609375 0.039062 0.609375 0.042969 0.605469 0.042969 0.603516 0.041016 0.607422 0.037109
0 0.095703 0.046875 0.095703 0.050781 0.091797 0.050781 0.089844 0.048828 0.093750 0.044922
0 0.861328 0.066406 0.861328 0.070312 0.857422 0.070312 0.855469 0.068359 0.859375 0.064453
0 0.968750 0.085938 0.968750 0.089844 0.964844 0.089844 0.962891 0.087891 0.966797 0.083984
0 0.558594 0.093750 0.558594 0.097656 0.554688 0.097656 0.552734 0.095703 0.556641 0.091797
0 0.945312 0.140625 0.945312 0.144531 0.941406 0.144531 0.939453 0.142578 0.943359 0.138672
0 0.699219 0.150391 0.699219 0.154297 0.695312 0.154297 0.693359 0.152344 0.697266 0.148438
0 0.734375 0.152344 0.734375 0.156250 0.730469 0.156250 0.728516 0.154297 0.732422 0.150391
0 0.421875 0.169922 0.421875 0.173828 0.417969 0.173828 0.416016 0.171875 0.419922 0.167969
0 0.072266 0.173828 0.072266 0.177734 0.068359 0.177734 0.066406 0.175781 0.070312 0.171875
0 0.603516 0.185547 0.603516 0.189453 0.599609 0.189453 0.597656 0.187500 0.601562 0.183594
0 0.345703 0.197266 0.345703 0.201172 0.341797 0.201172 0.339844 0.199219 0.343750 0.195312
0 0.050781 0.207031 0.050781 0.210938 0.046875 0.210938 0.044922 0.208984 0.048828 0.205078
0 0.634766 0.208984 0.634766 0.212891 0.630859 0.212891 0.628906 0.210938 0.632812 0.207031
0 0.064453 0.212891 0.064453 0.216797 0.060547 0.216797 0.058594 0.214844 0.062500 0.210938
0 0.580078 0.212891 0.580078 0.216797 0.576172 0.216797 0.574219 0.214844 0.578125 0.210938
0 0.078125 0.216797 0.078125 0.220703 0.074219 0.220703 0.072266 0.218750 0.076172 0.214844
0 0.085938 0.220703 0.085938 0.224609 0.082031 0.224609 0.080078 0.222656 0.083984 0.218750
0 0.107422 0.230469 0.107422 0.234375 0.103516 0.234375 0.101562 0.232422 0.105469 0.228516
0 0.955078 0.230469 0.955078 0.234375 0.951172 0.234375 0.949219 0.232422 0.953125 0.228516
0 0.517578 0.246094 0.517578 0.250000 0.513672 0.250000 0.511719 0.248047 0.515625 0.244141
0 0.171875 0.250000 0.171875 0.253906 0.167969 0.253906 0.166016 0.251953 0.169922 0.248047
0 0.673828 0.257812 0.673828 0.261719 0.669922 0.261719 0.667969 0.259766 0.671875 0.255859
0 0.515625 0.267578 0.515625 0.271484 0.511719 0.271484 0.509766 0.269531 0.513672 0.265625
0 0.511719 0.279297 0.511719 0.283203 0.507812 0.283203 0.505859 0.281250 0.509766 0.277344
0 0.464844 0.285156 0.464844 0.289062 0.460938 0.289062 0.458984 0.287109 0.462891 0.283203
0 0.248047 0.287109 0.248047 0.291016 0.244141 0.291016 0.242188 0.289062 0.246094 0.285156
0 0.474609 0.308594 0.474609 0.312500 0.470703 0.312500 0.468750 0.310547 0.472656 0.306641
0 0.306641 0.314453 0.306641 0.318359 0.302734 0.318359 0.300781 0.316406 0.304688 0.312500
0 0.292969 0.316406 0.292969 0.320312 0.289062 0.320312 0.287109 0.318359 0.291016 0.314453
0 0.355469 0.316406 0.355469 0.320312 0.351562 0.320312 0.349609 0.318359 0.353516 0.314453
0 0.726562 0.328125 0.726562 0.332031 0.722656 0.332031 0.720703 0.330078 0.724609 0.326172
0 0.644531 0.345703 0.644531 0.349609 0.640625 0.349609 0.638672 0.347656 0.642578 0.343750
0 0.488281 0.351562 0.488281 0.355469 0.484375 0.355469 0.482422 0.353516 0.486328 0.349609
0 0.849609 0.351562 0.849609 0.355469 0.845703 0.355469 0.843750 0.353516 0.847656 0.349609
0 0.375000 0.353516 0.375000 0.357422 0.371094 0.357422 0.369141 0.355469 0.373047 0.351562
0 0.548828 0.353516 0.548828 0.357422 0.544922 0.357422 0.542969 0.355469 0.546875 0.351562
0 0.101562 0.357422 0.101562 0.361328 0.097656 0.361328 0.095703 0.359375 0.099609 0.355469
0 0.298828 0.357422 0.298828 0.361328 0.294922 0.361328 0.292969 0.359375 0.296875 0.355469
0 0.275391 0.363281 0.275391 0.367188 0.271484 0.367188 0.269531 0.365234 0.273438 0.361328
0 0.410156 0.371094 0.410156 0.375000 0.406250 0.375000 0.404297 0.373047 0.408203 0.369141
0 0.123047 0.373047 0.123047 0.376953 0.119141 0.376953 0.117188 0.375000 0.121094 0.371094
0 0.140625 0.375000 0.140625 0.378906 0.136719 0.378906 0.134766 0.376953 0.138672 0.373047
0 0.333984 0.376953 0.333984 0.380859 0.330078 0.380859 0.328125 0.378906 0.332031 0.375000
0 0.427734 0.376953 0.427734 0.380859 0.423828 0.380859 0.421875 0.378906 0.425781 0.375000
0 0.117188 0.378906 0.117188 0.382812 0.113281 0.382812 0.111328 0.380859 0.115234 0.376953
0 0.312500 0.380859 0.312500 0.384766 0.308594 0.384766 0.306641 0.382812 0.310547 0.378906
0 0.351562 0.386719 0.351562 0.390625 0.347656 0.390625 0.345703 0.388672 0.349609 0.384766
0 0.498047 0.386719 0.498047 0.390625 0.494141 0.390625 0.492188 0.388672 0.496094 0.384766
0 0.757812 0.386719 0.757812 0.390625 0.753906 0.390625 0.751953 0.388672 0.755859 0.384766
0 0.675781 0.388672 0.675781 0.392578 0.671875 0.392578 0.669922 0.390625 0.673828 0.386719
0 0.361328 0.390625 0.361328 0.394531 0.357422 0.394531 0.355469 0.392578 0.359375 0.388672
0 0.429688 0.390625 0.429688 0.394531 0.425781 0.394531 0.423828 0.392578 0.427734 0.388672
0 0.189453 0.396484 0.189453 0.400391 0.185547 0.400391 0.183594 0.398438 0.187500 0.394531
0 0.632812 0.398438 0.632812 0.402344 0.628906 0.402344 0.626953 0.400391 0.630859 0.396484
0 0.468750 0.402344 0.468750 0.406250 0.464844 0.406250 0.462891 0.404297 0.466797 0.400391
0 0.984375 0.404297 0.984375 0.408203 0.980469 0.408203 0.978516 0.406250 0.982422 0.402344
0 0.267578 0.408203 0.267578 0.412109 0.263672 0.412109 0.261719 0.410156 0.265625 0.406250
0 0.281250 0.412109 0.281250 0.416016 0.277344 0.416016 0.275391 0.414062 0.279297 0.410156
0 0.355469 0.417969 0.355469 0.421875 0.351562 0.421875 0.349609 0.419922 0.353516 0.416016
0 0.746094 0.417969 0.746094 0.421875 0.742188 0.421875 0.740234 0.419922 0.744141 0.416016
0 0.292969 0.419922 0.292969 0.423828 0.289062 0.423828 0.287109 0.421875 0.291016 0.417969
0 0.718750 0.419922 0.718750 0.423828 0.714844 0.423828 0.712891 0.421875 0.716797 0.417969
0 0.220703 0.421875 0.220703 0.425781 0.216797 0.425781 0.214844 0.423828 0.218750 0.419922
0 0.273438 0.421875 0.273438 0.425781 0.269531 0.425781 0.267578 0.423828 0.271484 0.419922
0 0.738281 0.421875 0.738281 0.425781 0.734375 0.425781 0.732422 0.423828 0.736328 0.419922
0 0.679688 0.423828 0.679688 0.427734 0.675781 0.427734 0.673828 0.425781 0.677734 0.421875
0 0.156250 0.431641 0.156250 0.435547 0.152344 0.435547 0.150391 0.433594 0.154297 0.429688
0 0.234375 0.433594 0.234375 0.437500 0.230469 0.437500 0.228516 0.435547 0.232422 0.431641
0 0.251953 0.433594 0.251953 0.437500 0.248047 0.437500 0.246094 0.435547 0.250000 0.431641
0 0.222656 0.435547 0.222656 0.439453 0.218750 0.439453 0.216797 0.437500 0.220703 0.433594
0 0.250000 0.441406 0.250000 0.445312 0.246094 0.445312 0.244141 0.443359 0.248047 0.439453
0 0.695312 0.441406 0.695312 0.445312 0.691406 0.445312 0.689453 0.443359 0.693359 0.439453
0 0.503906 0.443359 0.503906 0.447266 0.500000 0.447266 0.498047 0.445312 0.501953 0.441406
0 0.410156 0.451172 0.408203 0.451172 0.406250 0.453125 0.402344 0.453125 0.400391 0.451172 0.400391 0.445312 0.402344 0.443359 0.406250 0.443359 0.408203 0.445312 0.410156 0.445312
0 0.470703 0.447266 0.470703 0.451172 0.466797 0.451172 0.464844 0.449219 0.468750 0.445312
0 0.125000 0.449219 0.125000 0.453125 0.121094 0.453125 0.119141 0.451172 0.123047 0.447266
0 0.224609 0.449219 0.224609 0.453125 0.220703 0.453125 0.218750 0.451172 0.222656 0.447266
0 0.238281 0.451172 0.238281 0.455078 0.234375 0.455078 0.232422 0.453125 0.236328 0.449219
0 0.496094 0.455078 0.496094 0.458984 0.492188 0.458984 0.490234 0.457031 0.494141 0.453125
0 0.253906 0.458984 0.253906 0.462891 0.250000 0.462891 0.248047 0.460938 0.251953 0.457031
0 0.281250 0.458984 0.281250 0.462891 0.277344 0.462891 0.275391 0.460938 0.279297 0.457031
0 0.384766 0.464844 0.384766 0.468750 0.380859 0.468750 0.378906 0.466797 0.382812 0.462891
0 0.824219 0.464844 0.824219 0.468750 0.820312 0.468750 0.818359 0.466797 0.822266 0.462891
0 0.632812 0.466797 0.632812 0.470703 0.628906 0.470703 0.626953 0.468750 0.630859 0.464844
0 0.789062 0.472656 0.789062 0.476562 0.785156 0.476562 0.783203 0.474609 0.787109 0.470703
0 0.587891 0.478516 0.585938 0.478516 0.583984 0.480469 0.580078 0.480469 0.578125 0.478516 0.578125 0.472656 0.580078 0.470703 0.583984 0.470703 0.585938 0.472656 0.587891 0.472656
0 0.671875 0.480469 0.671875 0.484375 0.667969 0.484375 0.666016 0.482422 0.669922 0.478516
0 0.291016 0.482422 0.291016 0.486328 0.287109 0.486328 0.285156 0.484375 0.289062 0.480469
0 0.455078 0.482422 0.455078 0.486328 0.451172 0.486328 0.449219 0.484375 0.453125 0.480469
0 0.769531 0.482422 0.769531 0.486328 0.765625 0.486328 0.763672 0.484375 0.767578 0.480469
0 0.798828 0.482422 0.798828 0.486328 0.794922 0.486328 0.792969 0.484375 0.796875 0.480469
0 0.275391 0.484375 0.275391 0.488281 0.271484 0.488281 0.269531 0.486328 0.273438 0.482422
0 0.861328 0.490234 0.861328 0.494141 0.857422 0.494141 0.855469 0.492188 0.859375 0.488281
0 0.281250 0.492188 0.281250 0.496094 0.277344 0.496094 0.275391 0.494141 0.279297 0.490234
0 0.335938 0.498047 0.335938 0.501953 0.332031 0.501953 0.330078 0.500000 0.333984 0.496094
0 0.539062 0.498047 0.539062 0.501953 0.535156 0.501953 0.533203 0.500000 0.537109 0.496094
0 0.798828 0.498047 0.798828 0.501953 0.794922 0.501953 0.792969 0.500000 0.796875 0.496094
0 0.433594 0.511719 0.433594 0.515625 0.429688 0.515625 0.427734 0.513672 0.431641 0.509766
0 0.359375 0.527344 0.359375 0.531250 0.355469 0.531250 0.353516 0.529297 0.357422 0.525391
0 0.527344 0.527344 0.527344 0.531250 0.523438 0.531250 0.521484 0.529297 0.525391 0.525391
0 0.580078 0.527344 0.580078 0.531250 0.576172 0.531250 0.574219 0.529297 0.578125 0.525391
0 0.892578 0.529297 0.892578 0.533203 0.888672 0.533203 0.886719 0.531250 0.890625 0.527344
0 0.017578 0.533203 0.017578 0.537109 0.013672 0.537109 0.011719 0.535156 0.015625 0.531250
0 0.871094 0.544922 0.869141 0.544922 0.867188 0.546875 0.863281 0.546875 0.861328 0.544922 0.861328 0.539062 0.863281 0.537109 0.867188 0.537109 0.869141 0.539062 0.871094 0.539062
0 0.390625 0.542969 0.390625 0.546875 0.386719 0.546875 0.384766 0.544922 0.388672 0.541016
0 0.757812 0.542969 0.757812 0.546875 0.753906 0.546875 0.751953 0.544922 0.755859 0.541016
0 0.595703 0.544922 0.595703 0.548828 0.591797 0.548828 0.589844 0.546875 0.593750 0.542969
0 0.468750 0.546875 0.468750 0.550781 0.464844 0.550781 0.462891 0.548828 0.466797 0.544922
0 0.693359 0.546875 0.693359 0.550781 0.689453 0.550781 0.687500 0.548828 0.691406 0.544922
0 0.843750 0.548828 0.843750 0.552734 0.839844 0.552734 0.837891 0.550781 0.841797 0.546875
0 0.562500 0.552734 0.562500 0.556641 0.558594 0.556641 0.556641 0.554688 0.560547 0.550781
0 0.865234 0.554688 0.865234 0.558594 0.861328 0.558594 0.859375 0.556641 0.863281 0.552734
0 0.039062 0.556641 0.039062 0.560547 0.035156 0.560547 0.033203 0.558594 0.037109 0.554688
0 0.388672 0.558594 0.388672 0.562500 0.384766 0.562500 0.382812 0.560547 0.386719 0.556641
0 0.613281 0.560547 0.613281 0.564453 0.609375 0.564453 0.607422 0.562500 0.611328 0.558594
0 0.876953 0.568359 0.876953 0.572266 0.873047 0.572266 0.871094 0.570312 0.875000 0.566406
0 0.439453 0.570312 0.439453 0.574219 0.435547 0.574219 0.433594 0.572266 0.437500 0.568359
0 0.533203 0.570312 0.533203 0.574219 0.529297 0.574219 0.527344 0.572266 0.531250 0.568359
0 0.726562 0.572266 0.726562 0.576172 0.722656 0.576172 0.720703 0.574219 0.724609 0.570312
0 0.388672 0.574219 0.388672 0.578125 0.384766 0.578125 0.382812 0.576172 0.386719 0.572266
0 0.515625 0.574219 0.515625 0.578125 0.511719 0.578125 0.509766 0.576172 0.513672 0.572266
0 0.738281 0.574219 0.738281 0.578125 0.734375 0.578125 0.732422 0.576172 0.736328 0.572266
0 0.533203 0.576172 0.533203 0.580078 0.529297 0.580078 0.527344 0.578125 0.531250 0.574219
0 0.843750 0.576172 0.843750 0.580078 0.839844 0.580078 0.837891 0.578125 0.841797 0.574219
0 0.767578 0.587891 0.765625 0.587891 0.763672 0.589844 0.759766 0.589844 0.757812 0.587891 0.757812 0.582031 0.759766 0.580078 0.763672 0.580078 0.765625 0.582031 0.767578 0.582031
0 0.515625 0.589844 0.515625 0.593750 0.511719 0.593750 0.509766 0.591797 0.513672 0.587891
0 0.736328 0.589844 0.736328 0.593750 0.732422 0.593750 0.730469 0.591797 0.734375 0.587891
0 0.580078 0.591797 0.580078 0.595703 0.576172 0.595703 0.574219 0.593750 0.578125 0.589844
0 0.468750 0.597656 0.468750 0.601562 0.464844 0.601562 0.462891 0.599609 0.466797 0.595703
0 0.427734 0.599609 0.427734 0.603516 0.423828 0.603516 0.421875 0.601562 0.425781 0.597656
0 0.519531 0.603516 0.517578 0.603516 0.515625 0.605469 0.511719 0.605469 0.509766 0.603516 0.509766 0.597656 0.511719 0.595703 0.515625 0.595703 0.517578 0.597656 0.519531 0.597656
0 0.736328 0.599609 0.736328 0.603516 0.732422 0.603516 0.730469 0.601562 0.734375 0.597656
0 0.437500 0.609375 0.437500 0.613281 0.433594 0.613281 0.431641 0.611328 0.435547 0.607422
0 0.691406 0.609375 0.691406 0.613281 0.687500 0.613281 0.685547 0.611328 0.689453 0.607422
0 0.689453 0.615234 0.689453 0.619141 0.685547 0.619141 0.683594 0.617188 0.687500 0.613281
0 0.033203 0.617188 0.033203 0.621094 0.029297 0.621094 0.027344 0.619141 0.031250 0.615234
0 0.533203 0.621094 0.533203 0.625000 0.529297 0.625000 0.527344 0.623047 0.531250 0.619141
0 0.962891 0.621094 0.962891 0.625000 0.958984 0.625000 0.957031 0.623047 0.960938 0.619141
0 0.734375 0.623047 0.734375 0.626953 0.730469 0.626953 0.728516 0.625000 0.732422 0.621094
0 0.533203 0.636719 0.533203 0.640625 0.529297 0.640625 0.527344 0.638672 0.531250 0.634766
0 0.667969 0.636719 0.667969 0.640625 0.664062 0.640625 0.662109 0.638672 0.666016 0.634766
0 0.625000 0.638672 0.625000 0.642578 0.621094 0.642578 0.619141 0.640625 0.623047 0.636719
0 0.833984 0.638672 0.833984 0.642578 0.830078 0.642578 0.828125 0.640625 0.832031 0.636719
0 0.466797 0.642578 0.466797 0.646484 0.462891 0.646484 0.460938 0.644531 0.464844 0.640625
0 0.642578 0.642578 0.642578 0.646484 0.638672 0.646484 0.636719 0.644531 0.640625 0.640625
0 0.640625 0.648438 0.640625 0.652344 0.636719 0.652344 0.634766 0.650391 0.638672 0.646484
0 0.472656 0.652344 0.472656 0.656250 0.468750 0.656250 0.466797 0.654297 0.470703 0.650391
0 0.599609 0.652344 0.599609 0.656250 0.595703 0.656250 0.593750 0.654297 0.597656 0.650391
0 0.712891 0.652344 0.712891 0.656250 0.708984 0.656250 0.707031 0.654297 0.710938 0.650391
0 0.863281 0.652344 0.863281 0.656250 0.859375 0.656250 0.857422 0.654297 0.861328 0.650391
0 0.591797 0.654297 0.591797 0.658203 0.587891 0.658203 0.585938 0.656250 0.589844 0.652344
0 0.501953 0.658203 0.501953 0.662109 0.498047 0.662109 0.496094 0.660156 0.500000 0.656250
0 0.585938 0.666016 0.585938 0.669922 0.582031 0.669922 0.580078 0.667969 0.583984 0.664062
0 0.476562 0.671875 0.476562 0.675781 0.472656 0.675781 0.470703 0.673828 0.474609 0.669922
0 0.468750 0.675781 0.468750 0.679688 0.464844 0.679688 0.462891 0.677734 0.466797 0.673828
0 0.533203 0.675781 0.533203 0.679688 0.529297 0.679688 0.527344 0.677734 0.531250 0.673828
0 0.812500 0.677734 0.812500 0.681641 0.808594 0.681641 0.806641 0.679688 0.810547 0.675781
0 0.537109 0.681641 0.537109 0.685547 0.533203 0.685547 0.531250 0.683594 0.535156 0.679688
0 0.640625 0.683594 0.640625 0.687500 0.636719 0.687500 0.634766 0.685547 0.638672 0.681641
0 0.480469 0.685547 0.480469 0.689453 0.476562 0.689453 0.474609 0.687500 0.478516 0.683594
0 0.587891 0.685547 0.587891 0.689453 0.583984 0.689453 0.582031 0.687500 0.585938 0.683594
0 0.666016 0.685547 0.666016 0.689453 0.662109 0.689453 0.660156 0.687500 0.664062 0.683594
0 0.734375 0.685547 0.734375 0.689453 0.730469 0.689453 0.728516 0.687500 0.732422 0.683594
0 0.658203 0.689453 0.658203 0.693359 0.654297 0.693359 0.652344 0.691406 0.656250 0.687500
0 0.486328 0.693359 0.486328 0.697266 0.482422 0.697266 0.480469 0.695312 0.484375 0.691406
0 0.490234 0.699219 0.490234 0.703125 0.486328 0.703125 0.484375 0.701172 0.488281 0.697266
0 0.707031 0.701172 0.707031 0.705078 0.703125 0.705078 0.701172 0.703125 0.705078 0.699219
0 0.816406 0.705078 0.816406 0.708984 0.812500 0.708984 0.810547 0.707031 0.814453 0.703125
0 0.769531 0.707031 0.769531 0.710938 0.765625 0.710938 0.763672 0.708984 0.767578 0.705078
0 0.710938 0.714844 0.710938 0.718750 0.707031 0.718750 0.705078 0.716797 0.708984 0.712891
0 0.593750 0.716797 0.593750 0.720703 0.589844 0.720703 0.587891 0.718750 0.591797 0.714844
0 0.744141 0.718750 0.744141 0.722656 0.740234 0.722656 0.738281 0.720703 0.742188 0.716797
0 0.533203 0.720703 0.533203 0.724609 0.529297 0.724609 0.527344 0.722656 0.531250 0.718750
0 0.517578 0.722656 0.517578 0.726562 0.513672 0.726562 0.511719 0.724609 0.515625 0.720703
0 0.525391 0.722656 0.525391 0.726562 0.521484 0.726562 0.519531 0.724609 0.523438 0.720703
0 0.804688 0.724609 0.804688 0.728516 0.800781 0.728516 0.798828 0.726562 0.802734 0.722656
0 0.646484 0.726562 0.646484 0.730469 0.642578 0.730469 0.640625 0.728516 0.644531 0.724609
0 0.445312 0.728516 0.445312 0.732422 0.441406 0.732422 0.439453 0.730469 0.443359 0.726562
0 0.826172 0.730469 0.826172 0.734375 0.822266 0.734375 0.820312 0.732422 0.824219 0.728516
0 0.941406 0.730469 0.941406 0.734375 0.937500 0.734375 0.935547 0.732422 0.939453 0.728516
0 0.673828 0.732422 0.673828 0.736328 0.669922 0.736328 0.667969 0.734375 0.671875 0.730469
0 0.687500 0.734375 0.687500 0.738281 0.683594 0.738281 0.681641 0.736328 0.685547 0.732422
0 0.781250 0.736328 0.781250 0.740234 0.777344 0.740234 0.775391 0.738281 0.779297 0.734375
0 0.816406 0.738281 0.816406 0.742188 0.812500 0.742188 0.810547 0.740234 0.814453 0.736328
0 0.111328 0.740234 0.111328 0.744141 0.107422 0.744141 0.105469 0.742188 0.109375 0.738281
0 0.505859 0.742188 0.505859 0.746094 0.501953 0.746094 0.500000 0.744141 0.503906 0.740234
0 0.828125 0.742188 0.828125 0.746094 0.824219 0.746094 0.822266 0.744141 0.826172 0.740234
0 0.453125 0.746094 0.453125 0.750000 0.449219 0.750000 0.447266 0.748047 0.451172 0.744141
0 0.560547 0.746094 0.560547 0.750000 0.556641 0.750000 0.554688 0.748047 0.558594 0.744141
0 0.730469 0.748047 0.730469 0.751953 0.726562 0.751953 0.724609 0.750000 0.728516 0.746094
0 0.144531 0.753906 0.144531 0.757812 0.140625 0.757812 0.138672 0.755859 0.142578 0.751953
0 0.900391 0.753906 0.900391 0.757812 0.896484 0.757812 0.894531 0.755859 0.898438 0.751953
0 0.261719 0.757812 0.261719 0.761719 0.257812 0.761719 0.255859 0.759766 0.259766 0.755859
0 0.433594 0.761719 0.433594 0.765625 0.429688 0.765625 0.427734 0.763672 0.431641 0.759766
0 0.462891 0.761719 0.462891 0.765625 0.458984 0.765625 0.457031 0.763672 0.460938 0.759766
0 0.691406 0.761719 0.691406 0.765625 0.687500 0.765625 0.685547 0.763672 0.689453 0.759766
0 0.845703 0.763672 0.843750 0.765625 0.843750 0.767578 0.841797 0.769531 0.835938 0.769531 0.833984 0.767578 0.833984 0.765625 0.832031 0.763672 0.832031 0.761719 0.833984 0.759766 0.833984 0.757812 0.835938 0.755859 0.841797 0.755859 0.843750 0.757812 0.843750 0.759766 0.845703 0.761719
0 0.451172 0.763672 0.451172 0.767578 0.447266 0.767578 0.445312 0.765625 0.449219 0.761719
0 0.548828 0.763672 0.548828 0.767578 0.544922 0.767578 0.542969 0.765625 0.546875 0.761719
0 0.621094 0.763672 0.621094 0.767578 0.617188 0.767578 0.615234 0.765625 0.619141 0.761719
0 0.142578 0.765625 0.142578 0.769531 0.138672 0.769531 0.136719 0.767578 0.140625 0.763672
0 0.656250 0.765625 0.656250 0.769531 0.652344 0.769531 0.650391 0.767578 0.654297 0.763672
0 0.439453 0.769531 0.439453 0.773438 0.435547 0.773438 0.433594 0.771484 0.437500 0.767578
0 0.445312 0.769531 0.445312 0.773438 0.441406 0.773438 0.439453 0.771484 0.443359 0.767578
0 0.531250 0.771484 0.531250 0.775391 0.527344 0.775391 0.525391 0.773438 0.529297 0.769531
0 0.246094 0.773438 0.246094 0.777344 0.242188 0.777344 0.240234 0.775391 0.244141 0.771484
0 0.517578 0.773438 0.517578 0.777344 0.513672 0.777344 0.511719 0.775391 0.515625 0.771484
0 0.283203 0.777344 0.283203 0.781250 0.279297 0.781250 0.277344 0.779297 0.281250 0.775391
0 0.601562 0.777344 0.601562 0.781250 0.597656 0.781250 0.595703 0.779297 0.599609 0.775391
0 0.476562 0.779297 0.476562 0.783203 0.472656 0.783203 0.470703 0.781250 0.474609 0.777344
0 0.656250 0.779297 0.656250 0.783203 0.652344 0.783203 0.650391 0.781250 0.654297 0.777344
0 0.851562 0.781250 0.849609 0.783203 0.849609 0.785156 0.847656 0.787109 0.841797 0.787109 0.839844 0.785156 0.839844 0.783203 0.837891 0.781250 0.837891 0.779297 0.839844 0.777344 0.839844 0.775391 0.841797 0.773438 0.847656 0.773438 0.849609 0.775391 0.849609 0.777344 0.851562 0.779297
0 0.558594 0.781250 0.558594 0.785156 0.554688 0.785156 0.552734 0.783203 0.556641 0.779297
0 0.734375 0.781250 0.734375 0.785156 0.730469 0.785156 0.728516 0.783203 0.732422 0.779297
0 0.517578 0.783203 0.517578 0.787109 0.513672 0.787109 0.511719 0.785156 0.515625 0.781250
0 0.431641 0.789062 0.431641 0.792969 0.427734 0.792969 0.425781 0.791016 0.429688 0.787109
0 0.451172 0.791016 0.451172 0.794922 0.447266 0.794922 0.445312 0.792969 0.449219 0.789062
0 0.562500 0.791016 0.562500 0.794922 0.558594 0.794922 0.556641 0.792969 0.560547 0.789062
0 0.658203 0.792969 0.658203 0.796875 0.654297 0.796875 0.652344 0.794922 0.656250 0.791016
0 0.929688 0.792969 0.929688 0.796875 0.925781 0.796875 0.923828 0.794922 0.927734 0.791016
0 0.517578 0.794922 0.517578 0.798828 0.513672 0.798828 0.511719 0.796875 0.515625 0.792969
0 0.365234 0.796875 0.365234 0.800781 0.361328 0.800781 0.359375 0.798828 0.363281 0.794922
0 0.845703 0.796875 0.845703 0.800781 0.841797 0.800781 0.839844 0.798828 0.843750 0.794922
0 0.898438 0.800781 0.898438 0.804688 0.894531 0.804688 0.892578 0.802734 0.896484 0.798828
0 0.517578 0.804688 0.517578 0.808594 0.513672 0.808594 0.511719 0.806641 0.515625 0.802734
0 0.892578 0.804688 0.892578 0.808594 0.888672 0.808594 0.886719 0.806641 0.890625 0.802734
0 0.318359 0.808594 0.318359 0.812500 0.314453 0.812500 0.312500 0.810547 0.316406 0.806641
0 0.476562 0.808594 0.476562 0.812500 0.472656 0.812500 0.470703 0.810547 0.474609 0.806641
0 0.556641 0.808594 0.556641 0.812500 0.552734 0.812500 0.550781 0.810547 0.554688 0.806641
0 0.443359 0.810547 0.443359 0.814453 0.439453 0.814453 0.437500 0.812500 0.441406 0.808594
0 0.425781 0.814453 0.425781 0.818359 0.421875 0.818359 0.419922 0.816406 0.423828 0.812500
0 0.601562 0.814453 0.601562 0.818359 0.597656 0.818359 0.595703 0.816406 0.599609 0.812500
0 0.509766 0.824219 0.509766 0.828125 0.505859 0.828125 0.503906 0.826172 0.507812 0.822266
0 0.982422 0.824219 0.982422 0.828125 0.978516 0.828125 0.976562 0.826172 0.980469 0.822266
0 0.441406 0.826172 0.441406 0.830078 0.437500 0.830078 0.435547 0.828125 0.439453 0.824219
0 0.683594 0.826172 0.683594 0.830078 0.679688 0.830078 0.677734 0.828125 0.681641 0.824219
0 0.722656 0.826172 0.722656 0.830078 0.718750 0.830078 0.716797 0.828125 0.720703 0.824219
0 0.812500 0.826172 0.812500 0.830078 0.808594 0.830078 0.806641 0.828125 0.810547 0.824219
0 0.873047 0.826172 0.873047 0.830078 0.869141 0.830078 0.867188 0.828125 0.871094 0.824219
0 0.113281 0.839844 0.113281 0.843750 0.109375 0.843750 0.107422 0.841797 0.111328 0.837891
0 0.435547 0.839844 0.435547 0.843750 0.431641 0.843750 0.429688 0.841797 0.433594 0.837891
0 0.171875 0.841797 0.171875 0.845703 0.167969 0.845703 0.166016 0.843750 0.169922 0.839844
0 0.705078 0.841797 0.705078 0.845703 0.701172 0.845703 0.699219 0.843750 0.703125 0.839844
0 0.968750 0.841797 0.968750 0.845703 0.964844 0.845703 0.962891 0.843750 0.966797 0.839844
0 0.628906 0.849609 0.628906 0.853516 0.625000 0.853516 0.623047 0.851562 0.626953 0.847656
0 0.169922 0.855469 0.169922 0.859375 0.166016 0.859375 0.164062 0.857422 0.167969 0.853516
0 0.496094 0.855469 0.496094 0.859375 0.492188 0.859375 0.490234 0.857422 0.494141 0.853516
0 0.642578 0.855469 0.642578 0.859375 0.638672 0.859375 0.636719 0.857422 0.640625 0.853516
0 0.732422 0.855469 0.732422 0.859375 0.728516 0.859375 0.726562 0.857422 0.730469 0.853516
0 0.775391 0.857422 0.775391 0.861328 0.771484 0.861328 0.769531 0.859375 0.773438 0.855469
0 0.421875 0.859375 0.421875 0.863281 0.417969 0.863281 0.416016 0.861328 0.419922 0.857422
0 0.480469 0.859375 0.480469 0.863281 0.476562 0.863281 0.474609 0.861328 0.478516 0.857422
0 0.585938 0.863281 0.585938 0.867188 0.582031 0.867188 0.580078 0.865234 0.583984 0.861328
0 0.748047 0.863281 0.748047 0.867188 0.744141 0.867188 0.742188 0.865234 0.746094 0.861328
0 0.800781 0.863281 0.800781 0.867188 0.796875 0.867188 0.794922 0.865234 0.798828 0.861328
0 0.966797 0.867188 0.966797 0.871094 0.962891 0.871094 0.960938 0.869141 0.964844 0.865234
0 0.261719 0.871094 0.261719 0.875000 0.257812 0.875000 0.255859 0.873047 0.259766 0.869141
0 0.494141 0.871094 0.494141 0.875000 0.490234 0.875000 0.488281 0.873047 0.492188 0.869141
0 0.501953 0.875000 0.500000 0.875000 0.498047 0.876953 0.494141 0.876953 0.492188 0.875000 0.492188 0.869141 0.494141 0.867188 0.498047 0.867188 0.500000 0.869141 0.501953 0.869141
0 0.423828 0.873047 0.423828 0.876953 0.419922 0.876953 0.417969 0.875000 0.421875 0.871094
0 0.660156 0.880859 0.660156 0.884766 0.656250 0.884766 0.654297 0.882812 0.658203 0.878906
0 0.755859 0.880859 0.755859 0.884766 0.751953 0.884766 0.750000 0.882812 0.753906 0.878906
0 0.734375 0.884766 0.734375 0.888672 0.730469 0.888672 0.728516 0.886719 0.732422 0.882812
0 0.646484 0.886719 0.646484 0.890625 0.642578 0.890625 0.640625 0.888672 0.644531 0.884766
0 0.658203 0.888672 0.658203 0.892578 0.654297 0.892578 0.652344 0.890625 0.656250 0.886719
0 0.705078 0.888672 0.705078 0.892578 0.701172 0.892578 0.699219 0.890625 0.703125 0.886719
0 0.761719 0.888672 0.761719 0.892578 0.757812 0.892578 0.755859 0.890625 0.759766 0.886719
0 0.814453 0.898438 0.814453 0.902344 0.810547 0.902344 0.808594 0.900391 0.812500 0.896484
0 0.751953 0.900391 0.751953 0.904297 0.748047 0.904297 0.746094 0.902344 0.750000 0.898438
0 0.757812 0.900391 0.757812 0.904297 0.753906 0.904297 0.751953 0.902344 0.755859 0.898438
0 0.408203 0.902344 0.408203 0.906250 0.404297 0.906250 0.402344 0.904297 0.406250 0.900391
0 0.437500 0.902344 0.437500 0.906250 0.433594 0.906250 0.431641 0.904297 0.435547 0.900391
0 0.669922 0.902344 0.669922 0.906250 0.666016 0.906250 0.664062 0.904297 0.667969 0.900391
0 0.865234 0.902344 0.865234 0.906250 0.861328 0.906250 0.859375 0.904297 0.863281 0.900391
0 0.611328 0.904297 0.611328 0.908203 0.607422 0.908203 0.605469 0.906250 0.609375 0.902344
0 0.859375 0.904297 0.859375 0.908203 0.855469 0.908203 0.853516 0.906250 0.857422 0.902344
0 0.998047 0.908203 0.998047 0.912109 0.994141 0.912109 0.992188 0.910156 0.996094 0.906250
0 0.705078 0.916016 0.703125 0.916016 0.701172 0.917969 0.697266 0.917969 0.695312 0.916016 0.695312 0.910156 0.697266 0.908203 0.701172 0.908203 0.703125 0.910156 0.705078 0.910156
0 0.576172 0.914062 0.576172 0.917969 0.572266 0.917969 0.570312 0.916016 0.574219 0.912109
0 0.683594 0.914062 0.683594 0.917969 0.679688 0.917969 0.677734 0.916016 0.681641 0.912109
0 0.775391 0.917969 0.775391 0.921875 0.771484 0.921875 0.769531 0.919922 0.773438 0.916016
0 0.712891 0.923828 0.712891 0.927734 0.708984 0.927734 0.707031 0.925781 0.710938 0.921875
0 0.210938 0.927734 0.210938 0.931641 0.207031 0.931641 0.205078 0.929688 0.208984 0.925781
0 0.533203 0.935547 0.533203 0.939453 0.529297 0.939453 0.527344 0.937500 0.531250 0.933594
0 0.554688 0.935547 0.554688 0.939453 0.550781 0.939453 0.548828 0.937500 0.552734 0.933594
0 0.796875 0.939453 0.794922 0.939453 0.792969 0.941406 0.789062 0.941406 0.787109 0.939453 0.787109 0.933594 0.789062 0.931641 0.792969 0.931641 0.794922 0.933594 0.796875 0.933594
0 0.720703 0.941406 0.720703 0.945312 0.716797 0.945312 0.714844 0.943359 0.718750 0.939453
0 0.921875 0.941406 0.921875 0.945312 0.917969 0.945312 0.916016 0.943359 0.919922 0.939453
0 0.345703 0.943359 0.345703 0.947266 0.341797 0.947266 0.339844 0.945312 0.343750 0.941406
0 0.353516 0.943359 0.353516 0.947266 0.349609 0.947266 0.347656 0.945312 0.351562 0.941406
0 0.576172 0.949219 0.576172 0.953125 0.572266 0.953125 0.570312 0.951172 0.574219 0.947266
0 0.548828 0.953125 0.548828 0.957031 0.544922 0.957031 0.542969 0.955078 0.546875 0.951172
0 0.708984 0.955078 0.708984 0.958984 0.705078 0.958984 0.703125 0.957031 0.707031 0.953125
0 0.365234 0.964844 0.365234 0.968750 0.361328 0.968750 0.359375 0.966797 0.363281 0.962891
0 0.830078 0.972656 0.830078 0.976562 0.826172 0.976562 0.824219 0.974609 0.828125 0.970703
0 0.544922 0.974609 0.544922 0.978516 0.541016 0.978516 0.539062 0.976562 0.542969 0.972656
0 0.808594 0.974609 0.808594 0.978516 0.804688 0.978516 0.802734 0.976562 0.806641 0.972656
0 0.408203 0.976562 0.408203 0.980469 0.404297 0.980469 0.402344 0.978516 0.406250 0.974609
0 0.689453 0.980469 0.689453 0.984375 0.685547 0.984375 0.683594 0.982422 0.687500 0.978516
0 0.191406 0.982422 0.191406 0.986328 0.187500 0.986328 0.185547 0.984375 0.189453 0.980469
0 0.998047 0.988281 0.998047 0.994141 0.996094 0.994141 0.994141 0.992188
0 0.875000 0.992188 0.875000 0.996094 0.871094 0.996094 0.869141 0.994141 0.873047 0.990234
0 0.455078 0.996094 0.455078 0.998047 0.449219 0.998047 0.453125 0.994141
