0 0.048828 0.000000 0.048828 0.001953 0.046875 0.003906 0.046875 0.005859 0.048828 0.007812 0.052734 0.007812 0.054688 0.005859 0.054688 0.003906 0.050781 0.000000
0 0.144531 0.007812 0.142578 0.009766 0.142578 0.011719 0.144531 0.013672 0.146484 0.013672 0.148438 0.011719 0.148438 0.009766 0.146484 0.007812
0 0.908203 0.042969 0.906250 0.044922 0.906250 0.048828 0.908203 0.050781 0.910156 0.050781 0.912109 0.048828 0.912109 0.044922 0.910156 0.042969
0 0.966797 0.050781 0.964844 0.052734 0.964844 0.054688 0.966797 0.056641 0.970703 0.056641 0.970703 0.052734 0.968750 0.050781
0 0.511719 0.126953 0.511719 0.130859 0.515625 0.130859 0.515625 0.126953
0 0.576172 0.130859 0.574219 0.132812 0.574219 0.134766 0.576172 0.136719 0.580078 0.136719 0.582031 0.134766 0.582031 0.132812 0.580078 0.130859
0 0.472656 0.144531 0.470703 0.146484 0.468750 0.146484 0.464844 0.150391 0.464844 0.156250 0.468750 0.160156 0.470703 0.160156 0.472656 0.162109 0.474609 0.162109 0.480469 0.156250 0.480469 0.152344 0.478516 0.150391 0.478516 0.148438 0.474609 0.144531
0 0.511719 0.154297 0.509766 0.156250 0.509766 0.162109 0.513672 0.166016 0.515625 0.166016 0.519531 0.162109 0.519531 0.160156 0.521484 0.158203 0.517578 0.154297
0 0.486328 0.187500 0.480469 0.181641 0.472656 0.181641 0.464844 0.189453 0.460938 0.185547 0.451172 0.185547 0.449219 0.187500 0.449219 0.193359 0.447266 0.197266 0.455078 0.207031 0.460938 0.207031 0.464844 0.199219 0.470703 0.193359 0.480469 0.193359
0 0.929688 0.207031 0.929688 0.210938 0.931641 0.212891 0.933594 0.212891 0.935547 0.210938 0.935547 0.207031
0 0.417969 0.226562 0.416016 0.228516 0.416016 0.230469 0.417969 0.230469 0.419922 0.232422 0.419922 0.228516
0 0.449219 0.234375 0.447266 0.232422 0.445312 0.234375 0.445312 0.236328 0.449219 0.236328
0 0.449219 0.250000 0.447266 0.251953 0.447266 0.255859 0.451172 0.259766 0.451172 0.257812 0.453125 0.255859 0.455078 0.257812 0.455078 0.253906 0.453125 0.251953 0.451172 0.251953
0 0.351562 0.263672 0.349609 0.265625 0.349609 0.275391 0.351562 0.277344 0.351562 0.279297 0.353516 0.281250 0.363281 0.281250 0.367188 0.277344 0.367188 0.275391 0.369141 0.273438 0.367188 0.271484 0.367188 0.265625 0.361328 0.261719 0.355469 0.261719 0.353516 0.263672
0 0.398438 0.291016 0.392578 0.296875 0.392578 0.300781 0.398438 0.306641 0.402344 0.306641 0.408203 0.300781 0.408203 0.294922 0.406250 0.292969 0.404297 0.292969 0.402344 0.291016
1 0.455078 0.291016 0.451172 0.292969 0.451172 0.296875 0.453125 0.298828 0.439453 0.310547 0.439453 0.320312 0.445312 0.326172 0.445312 0.328125 0.449219 0.330078 0.457031 0.328125 0.460938 0.324219 0.460938 0.318359 0.455078 0.312500 0.457031 0.308594 0.451172 0.302734 0.451172 0.300781 0.457031 0.294922
0 0.697266 0.289062 0.695312 0.291016 0.695312 0.292969 0.697266 0.294922 0.699219 0.294922 0.701172 0.292969 0.701172 0.291016 0.699219 0.289062
0 0.460938 0.300781 0.460938 0.302734 0.464844 0.306641 0.470703 0.306641 0.472656 0.304688 0.472656 0.300781 0.470703 0.298828 0.462891 0.298828
0 0.634766 0.298828 0.634766 0.302734 0.630859 0.306641 0.632812 0.306641 0.634766 0.308594 0.636719 0.306641 0.634766 0.304688 0.634766 0.302734 0.636719 0.300781
0 0.654297 0.308594 0.652344 0.310547 0.652344 0.312500 0.654297 0.314453 0.656250 0.314453 0.658203 0.312500 0.658203 0.310547 0.656250 0.308594
0 0.623047 0.322266 0.623047 0.326172 0.621094 0.328125 0.623047 0.328125 0.625000 0.330078 0.626953 0.328125 0.628906 0.328125 0.628906 0.326172 0.626953 0.324219 0.625000 0.324219
0 0.541016 0.337891 0.537109 0.341797 0.539062 0.343750 0.541016 0.343750 0.542969 0.341797 0.542969 0.339844
1 0.552734 0.339844 0.550781 0.341797 0.550781 0.345703 0.556641 0.351562 0.558594 0.351562 0.564453 0.357422 0.564453 0.359375 0.566406 0.361328 0.564453 0.363281 0.564453 0.365234 0.566406 0.367188 0.568359 0.365234 0.570312 0.365234 0.572266 0.363281 0.572266 0.361328 0.570312 0.359375 0.568359 0.359375 0.564453 0.355469 0.564453 0.351562 0.566406 0.349609 0.566406 0.343750 0.564453 0.341797 0.556641 0.341797 0.554688 0.339844
0 0.607422 0.339844 0.605469 0.341797 0.605469 0.343750 0.607422 0.345703 0.611328 0.345703 0.613281 0.343750 0.613281 0.341797 0.611328 0.339844
0 0.343750 0.347656 0.343750 0.351562 0.345703 0.353516 0.347656 0.353516 0.349609 0.351562 0.349609 0.347656
0 0.386719 0.347656 0.380859 0.353516 0.380859 0.361328 0.384766 0.365234 0.386719 0.365234 0.388672 0.367188 0.390625 0.365234 0.396484 0.365234 0.402344 0.359375 0.402344 0.353516 0.398438 0.349609 0.396484 0.349609 0.394531 0.347656
0 0.664062 0.349609 0.660156 0.353516 0.664062 0.357422 0.666016 0.357422 0.667969 0.355469 0.667969 0.351562 0.666016 0.349609
0 0.306641 0.357422 0.302734 0.357422 0.302734 0.361328 0.304688 0.363281 0.308594 0.359375
0 0.369141 0.357422 0.367188 0.359375 0.363281 0.359375 0.361328 0.361328 0.361328 0.363281 0.363281 0.365234 0.367188 0.365234 0.369141 0.363281 0.369141 0.361328 0.367188 0.359375
0 0.585938 0.359375 0.583984 0.361328 0.583984 0.369141 0.585938 0.371094 0.589844 0.371094 0.595703 0.365234 0.595703 0.363281 0.591797 0.359375
0 0.255859 0.363281 0.253906 0.365234 0.253906 0.367188 0.255859 0.369141 0.257812 0.369141 0.259766 0.367188
0 0.472656 0.363281 0.470703 0.365234 0.470703 0.369141 0.472656 0.371094 0.474609 0.371094 0.476562 0.369141 0.476562 0.367188
0 0.539062 0.363281 0.533203 0.369141 0.533203 0.376953 0.535156 0.378906 0.535156 0.382812 0.539062 0.386719 0.542969 0.386719 0.544922 0.388672 0.546875 0.386719 0.550781 0.386719 0.556641 0.378906 0.556641 0.373047 0.554688 0.371094 0.554688 0.367188 0.550781 0.363281
0 0.777344 0.365234 0.773438 0.369141 0.773438 0.375000 0.775391 0.376953 0.783203 0.376953 0.785156 0.375000 0.785156 0.369141 0.781250 0.365234
0 0.130859 0.373047 0.128906 0.375000 0.128906 0.376953 0.130859 0.376953
0 0.447266 0.376953 0.443359 0.380859 0.443359 0.384766 0.445312 0.384766 0.447266 0.386719 0.449219 0.386719 0.453125 0.382812 0.453125 0.380859 0.449219 0.376953
0 0.378906 0.378906 0.376953 0.378906 0.375000 0.380859 0.375000 0.382812 0.376953 0.384766 0.378906 0.382812
0 0.427734 0.384766 0.425781 0.386719 0.425781 0.388672 0.429688 0.392578 0.431641 0.390625 0.431641 0.386719 0.429688 0.384766
0 0.501953 0.384766 0.500000 0.386719 0.501953 0.388672 0.503906 0.386719
0 0.904297 0.388672 0.902344 0.390625 0.904297 0.392578 0.906250 0.392578 0.908203 0.390625 0.906250 0.388672
0 0.638672 0.394531 0.636719 0.396484 0.636719 0.400391 0.640625 0.400391 0.640625 0.396484
1 0.531250 0.400391 0.527344 0.400391 0.523438 0.404297 0.523438 0.408203 0.521484 0.410156 0.521484 0.412109 0.517578 0.416016 0.517578 0.417969 0.521484 0.421875 0.521484 0.425781 0.523438 0.427734 0.527344 0.427734 0.529297 0.425781 0.529297 0.421875 0.525391 0.417969 0.527344 0.416016 0.527344 0.414062 0.529297 0.412109 0.533203 0.412109 0.533203 0.410156 0.537109 0.406250
0 0.214844 0.402344 0.210938 0.406250 0.214844 0.410156 0.218750 0.410156 0.220703 0.408203 0.220703 0.404297 0.218750 0.402344
0 0.162109 0.406250 0.158203 0.406250 0.156250 0.408203 0.156250 0.414062 0.152344 0.419922 0.152344 0.421875 0.156250 0.425781 0.156250 0.427734 0.160156 0.427734 0.166016 0.423828 0.166016 0.416016 0.164062 0.414062 0.164062 0.408203
0 0.605469 0.406250 0.603516 0.406250 0.601562 0.408203 0.601562 0.410156 0.603516 0.412109 0.607422 0.408203
0 0.976562 0.408203 0.976562 0.410156 0.974609 0.412109 0.974609 0.421875 0.976562 0.423828 0.980469 0.423828 0.984375 0.419922 0.984375 0.417969 0.986328 0.416016 0.986328 0.414062 0.982422 0.410156 0.982422 0.408203
0 0.388672 0.412109 0.386719 0.412109 0.384766 0.414062 0.384766 0.416016 0.388672 0.416016
0 0.181641 0.417969 0.179688 0.419922 0.179688 0.429688 0.181641 0.431641 0.187500 0.431641 0.191406 0.427734 0.191406 0.421875 0.187500 0.417969
1 0.328125 0.421875 0.324219 0.425781 0.324219 0.429688 0.326172 0.429688 0.328125 0.431641 0.326172 0.433594 0.324219 0.433594 0.322266 0.435547 0.324219 0.437500 0.324219 0.439453 0.326172 0.441406 0.326172 0.443359 0.328125 0.445312 0.330078 0.445312 0.332031 0.443359 0.332031 0.441406 0.330078 0.439453 0.330078 0.437500 0.328125 0.435547 0.330078 0.433594 0.330078 0.427734 0.332031 0.425781 0.332031 0.423828 0.330078 0.421875
1 0.378906 0.423828 0.378906 0.425781 0.380859 0.427734 0.386719 0.427734 0.388672 0.425781 0.392578 0.425781 0.392578 0.423828 0.390625 0.421875 0.388672 0.421875 0.386719 0.423828 0.384766 0.423828 0.382812 0.421875 0.380859 0.421875
1 0.406250 0.421875 0.404297 0.423828 0.402344 0.421875 0.400391 0.423828 0.402344 0.425781
0 0.789062 0.421875 0.787109 0.423828 0.789062 0.425781 0.791016 0.423828
0 0.570312 0.427734 0.568359 0.429688 0.568359 0.435547 0.570312 0.437500 0.576172 0.437500 0.580078 0.433594 0.580078 0.431641 0.576172 0.427734
0 0.679688 0.429688 0.677734 0.431641 0.677734 0.433594 0.679688 0.435547 0.681641 0.435547 0.683594 0.433594 0.683594 0.431641 0.681641 0.429688
0 0.396484 0.435547 0.394531 0.435547 0.390625 0.439453 0.390625 0.443359 0.388672 0.445312 0.390625 0.447266 0.390625 0.449219 0.392578 0.451172 0.396484 0.451172 0.398438 0.449219 0.398438 0.447266 0.400391 0.445312 0.400391 0.441406 0.398438 0.439453 0.398438 0.437500
0 0.460938 0.437500 0.458984 0.439453 0.458984 0.441406 0.460938 0.443359 0.462891 0.443359 0.464844 0.441406 0.464844 0.439453 0.462891 0.437500
0 0.638672 0.437500 0.636719 0.439453 0.636719 0.441406 0.638672 0.443359 0.642578 0.443359 0.644531 0.441406 0.644531 0.439453 0.642578 0.437500
0 0.585938 0.451172 0.591797 0.451172 0.593750 0.453125 0.597656 0.449219 0.601562 0.453125 0.603516 0.453125 0.605469 0.451172 0.595703 0.441406 0.591797 0.441406 0.589844 0.443359 0.589844 0.445312
0 0.408203 0.447266 0.406250 0.449219 0.408203 0.451172 0.410156 0.451172 0.410156 0.447266
0 0.640625 0.451172 0.636719 0.451172 0.636719 0.457031 0.638672 0.455078 0.638672 0.453125
0 0.693359 0.449219 0.691406 0.451172 0.691406 0.453125 0.693359 0.455078 0.695312 0.455078 0.697266 0.453125 0.697266 0.451172 0.695312 0.449219
0 0.310547 0.455078 0.308594 0.455078 0.304688 0.458984 0.304688 0.462891 0.306641 0.464844 0.310547 0.464844 0.312500 0.462891 0.312500 0.457031
0 0.371094 0.453125 0.369141 0.455078 0.369141 0.458984 0.371094 0.460938 0.371094 0.458984 0.373047 0.457031 0.373047 0.455078
0 0.496094 0.455078 0.494141 0.457031 0.494141 0.460938 0.496094 0.462891 0.498047 0.462891 0.500000 0.460938 0.500000 0.457031 0.498047 0.455078
0 0.558594 0.462891 0.560547 0.468750 0.566406 0.474609 0.570312 0.474609 0.578125 0.466797 0.583984 0.466797 0.583984 0.464844 0.582031 0.462891 0.580078 0.464844 0.578125 0.464844 0.570312 0.457031 0.566406 0.457031 0.564453 0.458984 0.562500 0.458984
1 0.619141 0.460938 0.617188 0.460938 0.615234 0.458984 0.613281 0.458984 0.613281 0.460938 0.607422 0.466797 0.607422 0.470703 0.611328 0.470703 0.613281 0.468750 0.615234 0.468750 0.619141 0.464844 0.617188 0.462891
0 0.597656 0.460938 0.593750 0.460938 0.591797 0.462891 0.591797 0.464844 0.593750 0.466797 0.597656 0.462891
0 0.628906 0.460938 0.628906 0.464844 0.630859 0.462891
0 0.236328 0.470703 0.234375 0.472656 0.232422 0.472656 0.232422 0.474609 0.230469 0.476562 0.230469 0.480469 0.232422 0.482422 0.232422 0.484375 0.236328 0.490234 0.242188 0.490234 0.246094 0.486328 0.246094 0.476562 0.240234 0.470703
0 0.675781 0.468750 0.673828 0.470703 0.675781 0.472656 0.675781 0.474609 0.679688 0.474609 0.681641 0.472656 0.677734 0.468750
0 0.216797 0.478516 0.214844 0.480469 0.218750 0.484375 0.220703 0.482422 0.220703 0.480469 0.218750 0.478516
0 0.562500 0.482422 0.558594 0.488281 0.558594 0.492188 0.564453 0.498047 0.564453 0.500000 0.568359 0.503906 0.572266 0.503906 0.576172 0.498047 0.576172 0.488281 0.570312 0.488281 0.568359 0.486328 0.566406 0.486328 0.564453 0.484375 0.564453 0.482422
0 0.541016 0.484375 0.539062 0.486328 0.539062 0.490234 0.541016 0.492188 0.542969 0.492188 0.544922 0.490234 0.544922 0.486328 0.542969 0.484375
0 0.388672 0.494141 0.384766 0.498047 0.382812 0.498047 0.378906 0.505859 0.378906 0.515625 0.384766 0.525391 0.386719 0.523438 0.388672 0.525391 0.390625 0.523438 0.398438 0.525391 0.404297 0.521484 0.404297 0.515625 0.406250 0.513672 0.404297 0.511719 0.404297 0.501953 0.398438 0.494141
0 0.533203 0.498047 0.533203 0.501953 0.531250 0.503906 0.531250 0.505859 0.533203 0.507812 0.533203 0.509766 0.535156 0.511719 0.539062 0.511719 0.541016 0.513672 0.544922 0.509766 0.544922 0.503906 0.541016 0.500000 0.539062 0.500000 0.537109 0.498047
0 0.554688 0.496094 0.548828 0.501953 0.548828 0.503906 0.552734 0.507812 0.558594 0.507812 0.560547 0.505859 0.560547 0.500000 0.556641 0.496094
1 0.611328 0.496094 0.613281 0.498047 0.615234 0.496094 0.617188 0.496094
0 0.763672 0.501953 0.761719 0.503906 0.763672 0.503906 0.765625 0.505859 0.767578 0.503906 0.765625 0.501953
0 0.466797 0.507812 0.464844 0.507812 0.464844 0.513672 0.468750 0.509766
0 0.685547 0.511719 0.683594 0.513672 0.683594 0.519531 0.689453 0.519531 0.691406 0.517578 0.691406 0.513672 0.689453 0.511719
0 0.775391 0.515625 0.775391 0.519531 0.779297 0.523438 0.783203 0.523438 0.785156 0.521484 0.787109 0.521484 0.789062 0.519531 0.789062 0.517578 0.791016 0.515625 0.791016 0.511719 0.779297 0.511719
0 0.281250 0.515625 0.279297 0.517578 0.281250 0.519531 0.283203 0.517578
0 0.169922 0.519531 0.164062 0.519531 0.156250 0.527344 0.156250 0.533203 0.162109 0.539062 0.164062 0.539062 0.167969 0.535156 0.169922 0.535156 0.169922 0.533203 0.173828 0.529297 0.173828 0.525391
0 0.818359 0.521484 0.816406 0.519531 0.814453 0.519531 0.812500 0.521484 0.812500 0.523438 0.816406 0.523438
0 0.730469 0.523438 0.726562 0.523438 0.726562 0.525391 0.728516 0.527344 0.730469 0.525391
0 0.251953 0.531250 0.251953 0.533203 0.255859 0.537109 0.259766 0.537109 0.261719 0.539062 0.263672 0.537109 0.265625 0.539062 0.265625 0.531250 0.261719 0.527344 0.255859 0.527344
0 0.617188 0.529297 0.615234 0.529297 0.613281 0.527344 0.611328 0.527344 0.607422 0.531250 0.607422 0.533203 0.609375 0.535156 0.613281 0.535156 0.615234 0.533203 0.615234 0.531250
0 0.703125 0.527344 0.701172 0.527344 0.699219 0.529297 0.697266 0.529297 0.695312 0.531250 0.695312 0.533203 0.697266 0.535156 0.703125 0.535156 0.705078 0.533203 0.705078 0.531250 0.703125 0.529297
0 0.994141 0.527344 0.992188 0.529297 0.992188 0.531250 0.990234 0.533203 0.992188 0.535156 0.992188 0.537109 0.996094 0.541016 0.998047 0.541016 0.998047 0.527344
1 0.136719 0.537109 0.134766 0.535156 0.132812 0.535156 0.130859 0.537109 0.126953 0.533203 0.125000 0.535156 0.123047 0.535156 0.121094 0.537109 0.121094 0.539062 0.119141 0.541016 0.113281 0.541016 0.109375 0.537109 0.105469 0.537109 0.105469 0.539062 0.103516 0.541016 0.103516 0.542969 0.107422 0.546875 0.109375 0.546875 0.113281 0.542969 0.117188 0.542969 0.119141 0.544922 0.119141 0.546875 0.121094 0.548828 0.125000 0.548828 0.128906 0.544922 0.130859 0.544922 0.136719 0.539062
1 0.455078 0.531250 0.453125 0.531250 0.451172 0.533203 0.451172 0.541016 0.453125 0.542969 0.451172 0.544922 0.451172 0.546875 0.453125 0.546875 0.451172 0.544922 0.453125 0.542969 0.455078 0.542969 0.458984 0.539062 0.458984 0.535156
0 0.435547 0.537109 0.429688 0.541016 0.429688 0.552734 0.433594 0.556641 0.435547 0.556641 0.437500 0.558594 0.439453 0.556641 0.441406 0.556641 0.445312 0.552734 0.445312 0.548828 0.447266 0.546875 0.445312 0.544922 0.445312 0.542969 0.441406 0.539062
0 0.939453 0.535156 0.939453 0.537109 0.937500 0.539062 0.937500 0.542969 0.939453 0.544922 0.941406 0.544922 0.943359 0.542969 0.943359 0.537109 0.941406 0.535156
0 0.359375 0.546875 0.359375 0.556641 0.365234 0.556641 0.367188 0.554688 0.371094 0.554688 0.373047 0.552734 0.375000 0.552734 0.375000 0.546875 0.369141 0.541016 0.363281 0.541016 0.363281 0.542969
0 0.609375 0.541016 0.605469 0.541016 0.601562 0.544922 0.605469 0.548828 0.607422 0.548828 0.609375 0.546875
0 0.917969 0.539062 0.914062 0.542969 0.914062 0.550781 0.916016 0.552734 0.916016 0.554688 0.919922 0.558594 0.925781 0.560547 0.931641 0.554688 0.931641 0.546875 0.927734 0.541016 0.925781 0.541016 0.923828 0.539062
0 0.648438 0.544922 0.646484 0.544922 0.644531 0.546875 0.644531 0.548828 0.646484 0.550781 0.648438 0.548828
0 0.181641 0.546875 0.177734 0.550781 0.177734 0.552734 0.179688 0.554688 0.183594 0.554688 0.185547 0.552734 0.185547 0.550781
0 0.666016 0.548828 0.660156 0.548828 0.658203 0.550781 0.658203 0.554688 0.662109 0.558594 0.664062 0.556641 0.666016 0.556641 0.667969 0.554688 0.667969 0.550781
1 0.816406 0.550781 0.810547 0.556641 0.814453 0.560547 0.814453 0.562500 0.816406 0.564453 0.822266 0.566406 0.826172 0.570312 0.833984 0.570312 0.839844 0.576172 0.837891 0.578125 0.835938 0.578125 0.835938 0.582031 0.841797 0.587891 0.843750 0.587891 0.849609 0.582031 0.849609 0.580078 0.843750 0.574219 0.841797 0.574219 0.839844 0.576172 0.835938 0.570312 0.835938 0.566406 0.839844 0.562500 0.837891 0.560547 0.839844 0.554688 0.835938 0.550781 0.835938 0.548828 0.830078 0.548828 0.828125 0.546875 0.826172 0.548828 0.822266 0.548828 0.820312 0.550781
0 0.552734 0.550781 0.548828 0.554688 0.548828 0.558594 0.550781 0.560547 0.556641 0.560547 0.558594 0.558594 0.558594 0.552734 0.556641 0.550781
0 0.398438 0.554688 0.396484 0.556641 0.396484 0.558594 0.392578 0.564453 0.392578 0.570312 0.394531 0.572266 0.398438 0.572266 0.400391 0.574219 0.408203 0.574219 0.412109 0.570312 0.412109 0.562500 0.408203 0.558594 0.406250 0.558594 0.404297 0.556641 0.400391 0.556641
0 0.542969 0.556641 0.539062 0.560547 0.539062 0.562500 0.541016 0.564453 0.541016 0.566406 0.542969 0.564453 0.544922 0.564453 0.544922 0.558594
0 0.498047 0.558594 0.492188 0.558594 0.488281 0.562500 0.488281 0.566406 0.490234 0.566406 0.492188 0.568359 0.492188 0.570312 0.494141 0.572266 0.498047 0.568359 0.498047 0.566406 0.500000 0.564453 0.500000 0.560547
0 0.177734 0.562500 0.175781 0.564453 0.175781 0.572266 0.181641 0.572266 0.185547 0.568359 0.185547 0.566406 0.181641 0.562500
0 0.376953 0.564453 0.375000 0.566406 0.375000 0.570312 0.376953 0.572266 0.380859 0.572266 0.382812 0.570312 0.382812 0.566406 0.380859 0.564453
0 0.613281 0.566406 0.613281 0.568359 0.615234 0.570312 0.617188 0.570312 0.619141 0.572266 0.621094 0.572266 0.623047 0.574219 0.626953 0.574219 0.628906 0.572266 0.628906 0.570312 0.621094 0.562500 0.617188 0.562500
0 0.117188 0.580078 0.115234 0.582031 0.115234 0.585938 0.117188 0.587891 0.119141 0.587891 0.121094 0.585938 0.121094 0.582031 0.119141 0.580078
0 0.669922 0.585938 0.667969 0.587891 0.667969 0.589844 0.669922 0.591797 0.671875 0.591797 0.671875 0.585938
0 0.572266 0.593750 0.576172 0.597656 0.580078 0.597656 0.580078 0.595703 0.576172 0.591797 0.574219 0.591797
0 0.527344 0.603516 0.531250 0.607422 0.535156 0.607422 0.537109 0.609375 0.544922 0.609375 0.546875 0.607422 0.546875 0.605469 0.544922 0.603516 0.544922 0.601562 0.542969 0.603516 0.535156 0.595703 0.531250 0.595703 0.531250 0.597656
0 0.714844 0.593750 0.712891 0.595703 0.712891 0.607422 0.720703 0.607422 0.724609 0.603516 0.724609 0.601562 0.722656 0.599609 0.722656 0.595703 0.720703 0.593750
0 0.363281 0.597656 0.363281 0.599609 0.359375 0.603516 0.359375 0.605469 0.361328 0.607422 0.363281 0.607422 0.365234 0.609375 0.367188 0.609375 0.369141 0.607422 0.369141 0.605469 0.371094 0.603516 0.369141 0.601562 0.369141 0.599609 0.367188 0.597656
0 0.937500 0.597656 0.935547 0.599609 0.929688 0.599609 0.925781 0.603516 0.925781 0.617188 0.929688 0.621094 0.933594 0.621094 0.935547 0.623047 0.937500 0.623047 0.945312 0.615234 0.945312 0.613281 0.947266 0.611328 0.947266 0.607422 0.945312 0.605469 0.945312 0.603516 0.941406 0.599609 0.939453 0.599609
0 0.337891 0.603516 0.335938 0.605469 0.335938 0.607422 0.337891 0.609375 0.339844 0.609375 0.341797 0.607422 0.341797 0.605469 0.339844 0.603516
0 0.589844 0.605469 0.587891 0.607422 0.587891 0.611328 0.593750 0.611328 0.593750 0.609375 0.595703 0.607422 0.593750 0.605469
0 0.656250 0.611328 0.656250 0.617188 0.658203 0.619141 0.666016 0.617188 0.667969 0.619141 0.669922 0.628906 0.681641 0.634766 0.685547 0.634766 0.695312 0.621094 0.693359 0.613281 0.685547 0.607422 0.675781 0.607422 0.671875 0.609375 0.666016 0.617188 0.664062 0.617188 0.660156 0.611328
0 0.246094 0.611328 0.240234 0.617188 0.240234 0.619141 0.242188 0.619141 0.246094 0.623047 0.248047 0.623047 0.251953 0.619141 0.251953 0.617188
0 0.402344 0.609375 0.402344 0.613281 0.404297 0.613281 0.404297 0.611328
0 0.613281 0.611328 0.611328 0.613281 0.613281 0.615234 0.615234 0.613281
0 0.640625 0.609375 0.636719 0.609375 0.632812 0.613281 0.632812 0.617188 0.634766 0.619141 0.638672 0.619141 0.642578 0.615234 0.642578 0.611328
1 0.281250 0.615234 0.279297 0.617188 0.279297 0.619141 0.273438 0.625000 0.273438 0.628906 0.275391 0.628906 0.277344 0.626953 0.277344 0.621094 0.281250 0.617188
0 0.527344 0.623047 0.525391 0.625000 0.525391 0.626953 0.527344 0.628906 0.531250 0.628906 0.531250 0.623047
0 0.589844 0.621094 0.587891 0.623047 0.587891 0.625000 0.593750 0.630859 0.593750 0.626953 0.595703 0.625000 0.595703 0.623047 0.593750 0.621094
0 0.501953 0.626953 0.501953 0.632812 0.500000 0.634766 0.500000 0.638672 0.501953 0.640625 0.501953 0.642578 0.505859 0.646484 0.513672 0.646484 0.515625 0.644531 0.515625 0.638672 0.513672 0.636719 0.513672 0.634766 0.509766 0.630859 0.509766 0.628906 0.507812 0.630859
0 0.714844 0.634766 0.710938 0.638672 0.710938 0.640625 0.712891 0.642578 0.714844 0.642578 0.716797 0.640625 0.716797 0.636719
0 0.978516 0.632812 0.976562 0.634766 0.978516 0.636719 0.980469 0.636719 0.982422 0.634766 0.980469 0.632812
0 0.443359 0.636719 0.437500 0.642578 0.437500 0.646484 0.433594 0.648438 0.433594 0.650391 0.437500 0.652344 0.435547 0.654297 0.429688 0.654297 0.431641 0.656250 0.435547 0.654297 0.445312 0.669922 0.451172 0.673828 0.457031 0.673828 0.462891 0.669922 0.464844 0.666016 0.462891 0.652344 0.453125 0.638672
1 0.568359 0.640625 0.566406 0.642578 0.566406 0.648438 0.568359 0.650391 0.568359 0.652344 0.570312 0.654297 0.570312 0.656250 0.574219 0.662109 0.572266 0.664062 0.572266 0.666016 0.574219 0.664062 0.578125 0.667969 0.576172 0.669922 0.576172 0.673828 0.578125 0.673828 0.580078 0.675781 0.578125 0.677734 0.580078 0.675781 0.583984 0.675781 0.582031 0.673828 0.582031 0.671875 0.589844 0.664062 0.589844 0.658203 0.587891 0.656250 0.587891 0.652344 0.583984 0.648438 0.583984 0.646484 0.580078 0.642578 0.580078 0.640625
0 0.687500 0.642578 0.685547 0.644531 0.683594 0.644531 0.683594 0.646484 0.685547 0.648438 0.687500 0.646484
0 0.619141 0.648438 0.617188 0.650391 0.619141 0.652344 0.619141 0.654297 0.623047 0.654297 0.623047 0.652344 0.625000 0.650391 0.623047 0.648438
0 0.607422 0.658203 0.607422 0.660156 0.601562 0.664062 0.601562 0.667969 0.605469 0.671875 0.605469 0.673828 0.607422 0.671875 0.609375 0.673828 0.617188 0.673828 0.619141 0.671875 0.619141 0.667969 0.617188 0.666016 0.611328 0.666016 0.609375 0.664062 0.609375 0.662109 0.607422 0.660156
1 0.808594 0.658203 0.804688 0.662109 0.804688 0.669922 0.806641 0.671875 0.806641 0.683594 0.804688 0.685547 0.812500 0.693359 0.814453 0.693359 0.820312 0.687500 0.820312 0.683594 0.822266 0.681641 0.822266 0.679688 0.820312 0.677734 0.820312 0.675781 0.814453 0.669922 0.814453 0.667969 0.812500 0.666016 0.812500 0.660156 0.810547 0.658203
0 0.830078 0.660156 0.828125 0.662109 0.828125 0.666016 0.830078 0.667969 0.833984 0.667969 0.835938 0.666016 0.835938 0.664062 0.832031 0.660156
0 0.859375 0.662109 0.859375 0.664062 0.857422 0.666016 0.857422 0.669922 0.861328 0.673828 0.869141 0.673828 0.871094 0.671875 0.871094 0.666016 0.869141 0.664062 0.867188 0.664062 0.865234 0.662109
0 0.775391 0.664062 0.773438 0.664062 0.769531 0.667969 0.769531 0.671875 0.771484 0.673828 0.773438 0.673828 0.777344 0.669922 0.777344 0.667969 0.775391 0.666016
0 0.500000 0.669922 0.500000 0.673828 0.501953 0.675781 0.503906 0.675781 0.505859 0.673828 0.507812 0.673828 0.507812 0.671875 0.503906 0.667969 0.501953 0.667969
0 0.638672 0.667969 0.636719 0.669922 0.636719 0.673828 0.638672 0.675781 0.640625 0.675781 0.642578 0.673828 0.642578 0.669922 0.640625 0.667969
1 0.517578 0.673828 0.507812 0.683594 0.509766 0.685547 0.511719 0.685547 0.515625 0.681641 0.515625 0.679688 0.517578 0.677734
0 0.523438 0.683594 0.521484 0.685547 0.521484 0.687500 0.519531 0.689453 0.519531 0.697266 0.523438 0.701172 0.531250 0.701172 0.533203 0.699219 0.533203 0.691406 0.529297 0.687500 0.529297 0.685547 0.525391 0.685547
0 0.935547 0.683594 0.933594 0.685547 0.933594 0.687500 0.929688 0.691406 0.929688 0.693359 0.931641 0.695312 0.931641 0.699219 0.935547 0.703125 0.937500 0.703125 0.939453 0.705078 0.941406 0.703125 0.943359 0.703125 0.947266 0.699219 0.947266 0.691406 0.945312 0.689453 0.945312 0.687500 0.941406 0.683594
0 0.240234 0.697266 0.236328 0.701172 0.236328 0.703125 0.238281 0.705078 0.240234 0.705078 0.242188 0.703125 0.242188 0.699219
0 0.794922 0.695312 0.792969 0.697266 0.792969 0.703125 0.794922 0.705078 0.798828 0.705078 0.802734 0.701172 0.802734 0.699219 0.798828 0.695312
0 0.640625 0.701172 0.638672 0.703125 0.640625 0.705078 0.638672 0.707031 0.640625 0.708984 0.638672 0.710938 0.640625 0.710938 0.642578 0.708984 0.644531 0.708984 0.646484 0.707031 0.646484 0.705078 0.644531 0.703125 0.642578 0.703125
1 0.812500 0.699219 0.810547 0.701172 0.810547 0.703125 0.806641 0.707031 0.810547 0.710938 0.810547 0.712891 0.812500 0.714844 0.812500 0.718750 0.814453 0.720703 0.812500 0.722656 0.814453 0.724609 0.812500 0.726562 0.812500 0.728516 0.814453 0.730469 0.814453 0.736328 0.812500 0.738281 0.812500 0.742188 0.814453 0.742188 0.820312 0.748047 0.824219 0.744141 0.826172 0.746094 0.828125 0.746094 0.830078 0.744141 0.830078 0.740234 0.832031 0.738281 0.832031 0.736328 0.830078 0.734375 0.830078 0.728516 0.828125 0.726562 0.830078 0.720703 0.824219 0.714844 0.824219 0.712891 0.822266 0.710938 0.822266 0.703125 0.818359 0.699219
0 0.408203 0.705078 0.408203 0.707031 0.410156 0.708984 0.412109 0.708984 0.414062 0.710938 0.414062 0.716797 0.419922 0.716797 0.421875 0.714844 0.423828 0.714844 0.425781 0.712891 0.425781 0.708984 0.423828 0.707031 0.416016 0.707031 0.414062 0.705078 0.412109 0.705078 0.410156 0.703125
0 0.615234 0.714844 0.617188 0.716797 0.623047 0.716797 0.623047 0.712891 0.621094 0.710938 0.619141 0.710938
0 0.847656 0.714844 0.845703 0.716797 0.845703 0.718750 0.847656 0.720703 0.849609 0.720703 0.851562 0.718750 0.851562 0.716797 0.849609 0.714844
0 0.347656 0.720703 0.343750 0.724609 0.343750 0.728516 0.345703 0.730469 0.351562 0.730469 0.353516 0.728516 0.353516 0.724609 0.351562 0.722656 0.351562 0.720703
0 0.386719 0.720703 0.384766 0.722656 0.384766 0.724609 0.386719 0.726562 0.388672 0.724609 0.388672 0.722656
0 0.441406 0.720703 0.437500 0.720703 0.435547 0.718750 0.433594 0.718750 0.433594 0.720703 0.429688 0.724609 0.429688 0.738281 0.431641 0.740234 0.435547 0.740234 0.445312 0.732422 0.445312 0.724609
0 0.560547 0.720703 0.558594 0.722656 0.558594 0.726562 0.560547 0.726562 0.562500 0.728516 0.566406 0.724609 0.562500 0.720703
0 0.644531 0.720703 0.642578 0.722656 0.644531 0.724609 0.646484 0.724609 0.646484 0.720703
0 0.916016 0.718750 0.914062 0.720703 0.914062 0.722656 0.916016 0.724609 0.919922 0.724609 0.921875 0.722656 0.921875 0.718750
0 0.662109 0.726562 0.664062 0.728516 0.667969 0.728516 0.667969 0.726562 0.666016 0.724609 0.664062 0.724609
0 0.712891 0.722656 0.681641 0.734375 0.673828 0.744141 0.675781 0.757812 0.701172 0.767578 0.691406 0.777344 0.669922 0.785156 0.681641 0.806641 0.687500 0.804688 0.691406 0.789062 0.705078 0.789062 0.708984 0.777344 0.703125 0.769531 0.724609 0.763672 0.732422 0.751953 0.724609 0.732422
0 0.755859 0.724609 0.753906 0.726562 0.753906 0.730469 0.755859 0.732422 0.759766 0.732422 0.761719 0.730469 0.761719 0.726562 0.759766 0.724609
1 0.960938 0.728516 0.955078 0.722656 0.949219 0.722656 0.947266 0.724609 0.947266 0.726562 0.945312 0.728516 0.941406 0.728516 0.939453 0.726562 0.935547 0.726562 0.929688 0.732422 0.929688 0.734375 0.933594 0.738281 0.935547 0.738281 0.937500 0.740234 0.939453 0.738281 0.943359 0.738281 0.945312 0.736328 0.953125 0.736328 0.953125 0.734375 0.955078 0.732422 0.957031 0.734375 0.960938 0.730469
0 0.919922 0.736328 0.917969 0.738281 0.916016 0.738281 0.912109 0.742188 0.912109 0.744141 0.919922 0.751953 0.921875 0.751953 0.923828 0.750000 0.927734 0.750000 0.927734 0.748047 0.929688 0.746094 0.929688 0.742188 0.925781 0.738281 0.923828 0.738281 0.921875 0.736328
0 0.380859 0.746094 0.378906 0.748047 0.376953 0.748047 0.378906 0.750000 0.378906 0.751953 0.380859 0.751953 0.382812 0.750000 0.380859 0.748047
0 0.353516 0.750000 0.351562 0.751953 0.351562 0.755859 0.353516 0.757812 0.357422 0.757812 0.359375 0.755859 0.359375 0.751953 0.357422 0.750000
0 0.902344 0.751953 0.904297 0.753906 0.902344 0.755859 0.902344 0.757812 0.904297 0.759766 0.906250 0.759766 0.908203 0.757812 0.908203 0.755859 0.906250 0.753906 0.904297 0.753906
0 0.775391 0.765625 0.771484 0.761719 0.767578 0.761719 0.763672 0.765625 0.763672 0.769531 0.765625 0.771484 0.769531 0.771484
1 0.996094 0.761719 0.996094 0.763672 0.992188 0.767578 0.992188 0.773438 0.996094 0.777344 0.998047 0.777344 0.998047 0.761719
0 0.939453 0.773438 0.937500 0.775391 0.937500 0.783203 0.939453 0.785156 0.943359 0.785156 0.945312 0.783203 0.947266 0.783203 0.947266 0.777344 0.943359 0.773438
0 0.917969 0.783203 0.916016 0.785156 0.916016 0.798828 0.919922 0.802734 0.921875 0.802734 0.925781 0.806641 0.925781 0.810547 0.929688 0.814453 0.933594 0.814453 0.937500 0.810547 0.937500 0.804688 0.939453 0.802734 0.939453 0.798828 0.937500 0.796875 0.935547 0.796875 0.929688 0.791016 0.929688 0.787109 0.927734 0.785156 0.927734 0.783203
1 0.998047 0.783203 0.998047 0.785156 0.996094 0.787109 0.996094 0.789062 0.998047 0.791016
0 0.775391 0.789062 0.773438 0.791016 0.775391 0.792969 0.775391 0.798828 0.777344 0.798828 0.779297 0.800781 0.785156 0.800781 0.789062 0.796875 0.789062 0.794922 0.787109 0.792969 0.789062 0.791016 0.785156 0.787109 0.779297 0.787109 0.777344 0.789062
0 0.611328 0.791016 0.611328 0.794922 0.615234 0.794922 0.615234 0.791016
0 0.734375 0.798828 0.732422 0.800781 0.730469 0.800781 0.730469 0.802734 0.728516 0.804688 0.728516 0.814453 0.730469 0.816406 0.732422 0.816406 0.734375 0.818359 0.736328 0.818359 0.738281 0.816406 0.740234 0.816406 0.742188 0.814453 0.744141 0.814453 0.744141 0.808594 0.742188 0.806641 0.742188 0.804688 0.738281 0.800781 0.736328 0.800781
0 0.535156 0.802734 0.533203 0.804688 0.533203 0.808594 0.535156 0.810547 0.535156 0.812500 0.537109 0.812500 0.539062 0.814453 0.541016 0.814453 0.542969 0.812500 0.542969 0.810547 0.541016 0.808594 0.541016 0.806641 0.539062 0.804688 0.539062 0.802734
0 0.638672 0.806641 0.638672 0.810547 0.640625 0.810547 0.642578 0.808594 0.640625 0.806641
0 0.675781 0.812500 0.673828 0.814453 0.673828 0.816406 0.675781 0.818359 0.679688 0.818359 0.681641 0.816406 0.679688 0.814453 0.679688 0.812500
0 0.917969 0.830078 0.917969 0.822266 0.912109 0.816406 0.906250 0.814453 0.902344 0.818359 0.900391 0.816406 0.894531 0.822266 0.890625 0.822266 0.886719 0.826172 0.896484 0.833984 0.898438 0.832031 0.902344 0.835938 0.912109 0.835938
0 0.957031 0.814453 0.951172 0.822266 0.951172 0.832031 0.953125 0.833984 0.953125 0.839844 0.958984 0.845703 0.960938 0.845703 0.964844 0.841797 0.966797 0.841797 0.966797 0.839844 0.968750 0.837891 0.966797 0.835938 0.968750 0.833984 0.968750 0.828125 0.966797 0.826172 0.966797 0.822266 0.964844 0.820312 0.964844 0.818359 0.960938 0.814453
0 0.548828 0.820312 0.546875 0.822266 0.550781 0.826172 0.552734 0.824219 0.552734 0.822266 0.550781 0.820312
1 0.705078 0.832031 0.697266 0.824219 0.693359 0.824219 0.689453 0.828125 0.689453 0.830078 0.681641 0.837891 0.677734 0.837891 0.675781 0.839844 0.671875 0.839844 0.669922 0.841797 0.667969 0.841797 0.666016 0.839844 0.664062 0.833984 0.660156 0.830078 0.654297 0.830078 0.652344 0.832031 0.650391 0.832031 0.650391 0.833984 0.646484 0.837891 0.646484 0.839844 0.648438 0.841797 0.650391 0.847656 0.654297 0.847656 0.656250 0.849609 0.658203 0.847656 0.662109 0.847656 0.667969 0.853516 0.671875 0.853516 0.673828 0.855469 0.673828 0.853516 0.675781 0.851562 0.677734 0.853516 0.681641 0.853516 0.687500 0.845703 0.689453 0.845703 0.691406 0.843750 0.695312 0.843750
0 0.777344 0.828125 0.775391 0.830078 0.775391 0.832031 0.777344 0.833984 0.781250 0.833984 0.783203 0.832031 0.783203 0.830078 0.781250 0.828125
1 0.500000 0.832031 0.498047 0.833984 0.498047 0.837891 0.496094 0.839844 0.494141 0.839844 0.492188 0.841797 0.490234 0.841797 0.486328 0.845703 0.492188 0.851562 0.494141 0.851562 0.498047 0.847656 0.498047 0.843750 0.500000 0.841797 0.500000 0.839844 0.503906 0.835938
0 0.544922 0.832031 0.542969 0.833984 0.542969 0.837891 0.546875 0.841797 0.546875 0.843750 0.548828 0.845703 0.550781 0.845703 0.552734 0.843750 0.552734 0.835938 0.548828 0.832031
0 0.974609 0.835938 0.972656 0.837891 0.972656 0.841797 0.976562 0.845703 0.978516 0.845703 0.982422 0.841797 0.982422 0.837891 0.980469 0.835938
0 0.574219 0.839844 0.566406 0.839844 0.562500 0.843750 0.560547 0.843750 0.560547 0.855469 0.566406 0.861328 0.570312 0.861328 0.574219 0.857422 0.578125 0.857422 0.582031 0.851562 0.582031 0.845703 0.580078 0.843750 0.578125 0.843750
0 0.851562 0.841797 0.851562 0.843750 0.855469 0.847656 0.857422 0.847656 0.859375 0.845703 0.859375 0.843750 0.855469 0.839844 0.853516 0.841797
0 0.935547 0.853516 0.933594 0.855469 0.931641 0.855469 0.927734 0.859375 0.927734 0.867188 0.931641 0.871094 0.933594 0.871094 0.935547 0.873047 0.941406 0.873047 0.945312 0.869141 0.945312 0.867188 0.949219 0.861328 0.947266 0.861328 0.943359 0.855469 0.941406 0.855469 0.939453 0.853516
0 0.736328 0.859375 0.736328 0.861328 0.738281 0.863281 0.740234 0.863281 0.742188 0.861328 0.742188 0.859375
1 0.912109 0.863281 0.910156 0.863281 0.908203 0.865234 0.908203 0.867188 0.904297 0.871094 0.902344 0.871094 0.898438 0.875000 0.898438 0.876953 0.896484 0.878906 0.898438 0.880859 0.898438 0.882812 0.900391 0.884766 0.906250 0.884766 0.910156 0.880859 0.910156 0.876953 0.908203 0.875000 0.908203 0.873047 0.906250 0.871094 0.906250 0.869141 0.908203 0.867188 0.910156 0.867188 0.912109 0.869141 0.914062 0.867188 0.914062 0.865234
0 0.986328 0.865234 0.984375 0.863281 0.982422 0.863281 0.982422 0.865234 0.980469 0.867188 0.980469 0.869141 0.984375 0.869141 0.986328 0.867188
0 0.667969 0.867188 0.666016 0.869141 0.666016 0.871094 0.664062 0.873047 0.664062 0.878906 0.666016 0.880859 0.671875 0.880859 0.673828 0.878906 0.673828 0.871094 0.671875 0.869141 0.671875 0.867188
0 0.710938 0.867188 0.707031 0.871094 0.707031 0.875000 0.705078 0.876953 0.708984 0.880859 0.716797 0.880859 0.720703 0.876953 0.720703 0.871094 0.716797 0.867188
0 0.509766 0.871094 0.507812 0.873047 0.505859 0.873047 0.505859 0.875000 0.507812 0.876953 0.511719 0.876953 0.511719 0.873047
0 0.953125 0.875000 0.953125 0.878906 0.957031 0.878906 0.957031 0.876953 0.955078 0.875000
0 0.759766 0.882812 0.757812 0.880859 0.755859 0.880859 0.753906 0.882812 0.751953 0.882812 0.751953 0.884766 0.753906 0.886719 0.757812 0.886719 0.759766 0.884766
0 0.580078 0.882812 0.582031 0.884766 0.583984 0.884766 0.583984 0.882812
0 0.968750 0.882812 0.966797 0.884766 0.966797 0.888672 0.970703 0.892578 0.972656 0.892578 0.974609 0.890625 0.974609 0.884766 0.972656 0.882812
0 0.611328 0.890625 0.609375 0.892578 0.609375 0.898438 0.611328 0.900391 0.617188 0.900391 0.621094 0.896484 0.621094 0.892578 0.619141 0.890625
1 0.578125 0.898438 0.576172 0.900391 0.576172 0.902344 0.578125 0.904297 0.578125 0.908203 0.570312 0.916016 0.568359 0.916016 0.566406 0.917969 0.566406 0.919922 0.564453 0.921875 0.564453 0.923828 0.560547 0.927734 0.560547 0.929688 0.570312 0.929688 0.572266 0.927734 0.572266 0.925781 0.578125 0.919922 0.580078 0.919922 0.580078 0.916016 0.578125 0.914062 0.578125 0.910156 0.583984 0.904297
0 0.595703 0.900391 0.595703 0.904297 0.599609 0.904297 0.599609 0.902344 0.597656 0.900391
0 0.628906 0.900391 0.626953 0.900391 0.625000 0.902344 0.626953 0.904297 0.628906 0.902344
0 0.660156 0.908203 0.658203 0.908203 0.656250 0.910156 0.650391 0.910156 0.644531 0.916016 0.648438 0.919922 0.648438 0.921875 0.650391 0.923828 0.656250 0.923828 0.658203 0.921875 0.660156 0.921875 0.664062 0.917969 0.664062 0.912109
0 0.732422 0.910156 0.730469 0.908203 0.726562 0.908203 0.722656 0.912109 0.722656 0.914062 0.724609 0.916016 0.728516 0.916016 0.732422 0.912109
0 0.634766 0.916016 0.628906 0.916016 0.617188 0.925781 0.617188 0.929688 0.615234 0.931641 0.615234 0.937500 0.623047 0.943359 0.630859 0.943359 0.636719 0.935547 0.636719 0.929688 0.638672 0.927734 0.638672 0.921875 0.640625 0.919922 0.638672 0.921875
0 0.671875 0.919922 0.667969 0.925781 0.667969 0.929688 0.671875 0.937500 0.687500 0.951172 0.693359 0.951172 0.699219 0.945312 0.699219 0.941406 0.697266 0.939453 0.697266 0.933594 0.691406 0.923828 0.691406 0.919922 0.689453 0.917969 0.683594 0.917969 0.681641 0.916016 0.679688 0.917969
0 0.767578 0.914062 0.763672 0.914062 0.761719 0.916016 0.763672 0.917969 0.765625 0.917969 0.767578 0.916016
0 0.859375 0.916016 0.855469 0.919922 0.853516 0.919922 0.855469 0.921875 0.855469 0.923828 0.857422 0.923828 0.859375 0.925781 0.863281 0.921875 0.863281 0.919922
0 0.972656 0.914062 0.970703 0.916016 0.970703 0.917969 0.972656 0.919922 0.974609 0.919922 0.976562 0.917969 0.976562 0.916016 0.974609 0.914062
1 0.937500 0.925781 0.935547 0.923828 0.935547 0.921875 0.931641 0.917969 0.927734 0.921875 0.925781 0.921875 0.925781 0.923828 0.921875 0.927734 0.917969 0.927734 0.916016 0.925781 0.912109 0.925781 0.910156 0.927734 0.910156 0.931641 0.916016 0.937500 0.917969 0.935547 0.921875 0.935547 0.925781 0.931641 0.927734 0.933594 0.927734 0.935547 0.929688 0.933594 0.933594 0.933594 0.935547 0.931641 0.935547 0.929688 0.937500 0.927734
1 0.871094 0.923828 0.869141 0.925781 0.869141 0.929688 0.878906 0.937500 0.875000 0.945312 0.876953 0.947266 0.875000 0.949219 0.875000 0.958984 0.871094 0.964844 0.871094 0.968750 0.873047 0.970703 0.871094 0.972656 0.875000 0.984375 0.876953 0.982422 0.882812 0.984375 0.886719 0.988281 0.884766 0.992188 0.890625 0.994141 0.894531 0.998047 0.902344 0.998047 0.904297 0.996094 0.906250 0.998047 0.906250 0.992188 0.910156 0.988281 0.912109 0.978516 0.904297 0.966797 0.902344 0.947266 0.898438 0.945312 0.890625 0.935547 0.882812 0.933594 0.878906 0.923828
0 0.958984 0.933594 0.957031 0.935547 0.957031 0.937500 0.955078 0.939453 0.955078 0.941406 0.957031 0.943359 0.957031 0.945312 0.958984 0.947266 0.964844 0.947266 0.966797 0.945312 0.966797 0.937500 0.968750 0.935547 0.964844 0.935547 0.962891 0.933594
0 0.542969 0.939453 0.541016 0.941406 0.541016 0.947266 0.542969 0.949219 0.542969 0.951172 0.548828 0.951172 0.548828 0.949219 0.550781 0.947266 0.550781 0.941406 0.548828 0.939453
0 0.994141 0.939453 0.992188 0.941406 0.992188 0.945312 0.994141 0.947266 0.996094 0.947266 0.998047 0.945312 0.998047 0.941406 0.996094 0.939453
0 0.494141 0.943359 0.492188 0.941406 0.490234 0.941406 0.488281 0.943359 0.488281 0.947266 0.492188 0.947266 0.494141 0.945312
0 0.916016 0.951172 0.917969 0.949219 0.921875 0.953125 0.923828 0.951172 0.927734 0.951172 0.929688 0.949219 0.929688 0.947266 0.927734 0.945312 0.923828 0.945312 0.921875 0.943359 0.919922 0.943359 0.919922 0.947266
0 0.398438 0.945312 0.394531 0.949219 0.394531 0.951172 0.392578 0.953125 0.396484 0.957031 0.396484 0.958984 0.398438 0.960938 0.400391 0.960938 0.404297 0.957031 0.404297 0.953125 0.406250 0.951172 0.400391 0.945312
0 0.623047 0.947266 0.617188 0.947266 0.613281 0.951172 0.613281 0.964844 0.615234 0.966797 0.617188 0.966797 0.621094 0.962891 0.623047 0.962891 0.623047 0.960938 0.626953 0.955078 0.626953 0.951172
0 0.476562 0.949219 0.474609 0.951172 0.474609 0.955078 0.478516 0.958984 0.484375 0.958984 0.484375 0.957031 0.482422 0.955078 0.482422 0.953125 0.478516 0.949219
0 0.451172 0.953125 0.445312 0.958984 0.453125 0.968750 0.449219 0.976562 0.451172 0.988281 0.455078 0.992188 0.460938 0.994141 0.474609 0.994141 0.480469 0.988281 0.482422 0.974609 0.468750 0.962891 0.460938 0.960938
0 0.501953 0.953125 0.498047 0.957031 0.498047 0.958984 0.500000 0.960938 0.501953 0.960938 0.503906 0.958984 0.503906 0.955078
0 0.650391 0.958984 0.642578 0.966797 0.644531 0.968750 0.642578 0.970703 0.644531 0.972656 0.644531 0.974609 0.648438 0.978516 0.648438 0.980469 0.654297 0.980469 0.658203 0.976562 0.660156 0.976562 0.660156 0.964844 0.654297 0.958984
0 0.632812 0.970703 0.628906 0.970703 0.625000 0.974609 0.621094 0.982422 0.621094 0.988281 0.609375 0.998047 0.642578 0.998047 0.638672 0.992188 0.638672 0.986328 0.636719 0.984375 0.638672 0.982422 0.634766 0.980469 0.634766 0.972656
0 0.667969 0.974609 0.667969 0.984375 0.671875 0.988281 0.675781 0.988281 0.677734 0.990234 0.691406 0.990234 0.695312 0.986328 0.697266 0.986328 0.697266 0.978516 0.693359 0.976562 0.687500 0.970703 0.687500 0.968750 0.675781 0.968750
0 0.990234 0.974609 0.990234 0.980469 0.992188 0.982422 0.994141 0.982422 0.996094 0.980469 0.996094 0.976562 0.994141 0.974609
0 0.427734 0.980469 0.425781 0.982422 0.427734 0.984375 0.427734 0.986328 0.431641 0.986328 0.433594 0.984375 0.433594 0.982422 0.431641 0.980469
1 0.722656 0.994141 0.722656 0.998047 0.769531 0.998047 0.767578 0.996094 0.767578 0.994141 0.761719 0.988281 0.755859 0.988281 0.751953 0.984375 0.751953 0.982422 0.748047 0.982422 0.746094 0.980469 0.736328 0.980469 0.734375 0.982422 0.732422 0.982422 0.726562 0.988281 0.726562 0.990234
0 0.957031 0.980469 0.953125 0.984375 0.953125 0.988281 0.957031 0.992188 0.962891 0.992188 0.962891 0.990234 0.964844 0.988281 0.964844 0.986328 0.962891 0.984375 0.962891 0.982422 0.960938 0.980469
0 0.531250 0.996094 0.531250 0.998047 0.539062 0.998047 0.539062 0.996094 0.537109 0.994141 0.533203 0.994141
1 0.574219 0.992188 0.572266 0.994141 0.576172 0.998047 0.574219 0.996094 0.576172 0.994141
0 0.601562 0.992188 0.599609 0.994141 0.601562 0.996094 0.603516 0.996094 0.603516 0.992188
0 0.251953 0.007812 0.251953 0.011719 0.248047 0.011719 0.246094 0.009766 0.250000 0.005859
0 0.103516 0.013672 0.103516 0.017578 0.099609 0.017578 0.097656 0.015625 0.101562 0.011719
0 0.302734 0.041016 0.302734 0.044922 0.298828 0.044922 0.296875 0.042969 0.300781 0.039062
0 0.576172 0.050781 0.576172 0.054688 0.572266 0.054688 0.570312 0.052734 0.574219 0.048828
0 0.269531 0.054688 0.269531 0.058594 0.265625 0.058594 0.263672 0.056641 0.267578 0.052734
0 0.457031 0.083984 0.457031 0.087891 0.453125 0.087891 0.451172 0.085938 0.455078 0.082031
0 0.603516 0.103516 0.603516 0.107422 0.599609 0.107422 0.597656 0.105469 0.601562 0.101562
0 0.470703 0.105469 0.470703 0.109375 0.466797 0.109375 0.464844 0.107422 0.468750 0.103516
0 0.500000 0.119141 0.500000 0.123047 0.496094 0.123047 0.494141 0.121094 0.498047 0.117188
0 0.031250 0.123047 0.031250 0.126953 0.027344 0.126953 0.025391 0.125000 0.029297 0.121094
0 0.500000 0.150391 0.500000 0.154297 0.496094 0.154297 0.494141 0.152344 0.498047 0.148438
0 0.490234 0.152344 0.490234 0.156250 0.486328 0.156250 0.484375 0.154297 0.488281 0.150391
0 0.441406 0.171875 0.441406 0.175781 0.437500 0.175781 0.435547 0.173828 0.439453 0.169922
0 0.500000 0.183594 0.500000 0.187500 0.496094 0.187500 0.494141 0.185547 0.498047 0.181641
0 0.439453 0.185547 0.439453 0.189453 0.435547 0.189453 0.433594 0.187500 0.437500 0.183594
0 0.462891 0.220703 0.462891 0.224609 0.458984 0.224609 0.457031 0.222656 0.460938 0.218750
0 0.429688 0.222656 0.429688 0.226562 0.425781 0.226562 0.423828 0.224609 0.427734 0.220703
0 0.099609 0.236328 0.099609 0.240234 0.095703 0.240234 0.093750 0.238281 0.097656 0.234375
0 0.789062 0.259766 0.789062 0.263672 0.785156 0.263672 0.783203 0.261719 0.787109 0.257812
0 0.892578 0.277344 0.892578 0.281250 0.888672 0.281250 0.886719 0.279297 0.890625 0.275391
0 0.318359 0.279297 0.318359 0.283203 0.314453 0.283203 0.312500 0.281250 0.316406 0.277344
0 0.621094 0.281250 0.621094 0.285156 0.617188 0.285156 0.615234 0.283203 0.619141 0.279297
0 0.615234 0.289062 0.615234 0.292969 0.611328 0.292969 0.609375 0.291016 0.613281 0.287109
0 0.480469 0.291016 0.480469 0.294922 0.476562 0.294922 0.474609 0.292969 0.478516 0.289062
0 0.421875 0.292969 0.421875 0.296875 0.417969 0.296875 0.416016 0.294922 0.419922 0.291016
0 0.341797 0.294922 0.341797 0.298828 0.337891 0.298828 0.335938 0.296875 0.339844 0.292969
0 0.343750 0.304688 0.343750 0.308594 0.339844 0.308594 0.337891 0.306641 0.341797 0.302734
0 0.558594 0.328125 0.558594 0.332031 0.554688 0.332031 0.552734 0.330078 0.556641 0.326172
0 0.673828 0.332031 0.673828 0.335938 0.669922 0.335938 0.667969 0.333984 0.671875 0.330078
0 0.724609 0.337891 0.724609 0.341797 0.720703 0.341797 0.718750 0.339844 0.722656 0.335938
0 0.859375 0.339844 0.859375 0.343750 0.855469 0.343750 0.853516 0.341797 0.857422 0.337891
0 0.283203 0.341797 0.283203 0.345703 0.279297 0.345703 0.277344 0.343750 0.281250 0.339844
0 0.695312 0.347656 0.695312 0.351562 0.691406 0.351562 0.689453 0.349609 0.693359 0.345703
0 0.287109 0.359375 0.287109 0.363281 0.283203 0.363281 0.281250 0.361328 0.285156 0.357422
0 0.185547 0.361328 0.185547 0.365234 0.181641 0.365234 0.179688 0.363281 0.183594 0.359375
0 0.607422 0.371094 0.607422 0.375000 0.603516 0.375000 0.601562 0.373047 0.605469 0.369141
0 0.486328 0.373047 0.486328 0.376953 0.482422 0.376953 0.480469 0.375000 0.484375 0.371094
0 0.503906 0.373047 0.503906 0.376953 0.500000 0.376953 0.498047 0.375000 0.501953 0.371094
0 0.515625 0.378906 0.515625 0.382812 0.511719 0.382812 0.509766 0.380859 0.513672 0.376953
0 0.808594 0.382812 0.806641 0.382812 0.804688 0.384766 0.800781 0.384766 0.798828 0.382812 0.798828 0.376953 0.800781 0.375000 0.804688 0.375000 0.806641 0.376953 0.808594 0.376953
0 0.128906 0.386719 0.128906 0.390625 0.125000 0.390625 0.123047 0.388672 0.126953 0.384766
0 0.390625 0.386719 0.390625 0.390625 0.386719 0.390625 0.384766 0.388672 0.388672 0.384766
0 0.312500 0.390625 0.312500 0.394531 0.308594 0.394531 0.306641 0.392578 0.310547 0.388672
0 0.343750 0.390625 0.343750 0.394531 0.339844 0.394531 0.337891 0.392578 0.341797 0.388672
0 0.406250 0.390625 0.406250 0.394531 0.402344 0.394531 0.400391 0.392578 0.404297 0.388672
0 0.656250 0.392578 0.656250 0.396484 0.652344 0.396484 0.650391 0.394531 0.654297 0.390625
0 0.865234 0.400391 0.859375 0.406250 0.853516 0.406250 0.847656 0.400391 0.847656 0.394531 0.853516 0.388672 0.859375 0.388672 0.865234 0.394531
0 0.455078 0.398438 0.455078 0.402344 0.451172 0.402344 0.449219 0.400391 0.453125 0.396484
0 0.468750 0.402344 0.468750 0.406250 0.464844 0.406250 0.462891 0.404297 0.466797 0.400391
0 0.482422 0.402344 0.482422 0.406250 0.478516 0.406250 0.476562 0.404297 0.480469 0.400391
0 0.820312 0.402344 0.820312 0.406250 0.816406 0.406250 0.814453 0.404297 0.818359 0.400391
0 0.421875 0.406250 0.421875 0.410156 0.417969 0.410156 0.416016 0.408203 0.419922 0.404297
0 0.568359 0.408203 0.568359 0.412109 0.564453 0.412109 0.562500 0.410156 0.566406 0.406250
0 0.316406 0.414062 0.316406 0.417969 0.312500 0.417969 0.310547 0.416016 0.314453 0.412109
0 0.716797 0.414062 0.716797 0.417969 0.712891 0.417969 0.710938 0.416016 0.714844 0.412109
0 0.355469 0.417969 0.355469 0.421875 0.351562 0.421875 0.349609 0.419922 0.353516 0.416016
0 0.294922 0.419922 0.294922 0.423828 0.291016 0.423828 0.289062 0.421875 0.292969 0.417969
0 0.458984 0.419922 0.458984 0.423828 0.455078 0.423828 0.453125 0.421875 0.457031 0.417969
0 0.220703 0.421875 0.220703 0.425781 0.216797 0.425781 0.214844 0.423828 0.218750 0.419922
0 0.259766 0.421875 0.259766 0.425781 0.255859 0.425781 0.253906 0.423828 0.257812 0.419922
0 0.447266 0.425781 0.447266 0.429688 0.443359 0.429688 0.441406 0.427734 0.445312 0.423828
0 0.142578 0.427734 0.142578 0.431641 0.138672 0.431641 0.136719 0.429688 0.140625 0.425781
0 0.501953 0.431641 0.501953 0.435547 0.498047 0.435547 0.496094 0.433594 0.500000 0.429688
0 0.984375 0.433594 0.984375 0.437500 0.980469 0.437500 0.978516 0.435547 0.982422 0.431641
0 0.654297 0.441406 0.654297 0.445312 0.650391 0.445312 0.648438 0.443359 0.652344 0.439453
0 0.517578 0.443359 0.517578 0.447266 0.513672 0.447266 0.511719 0.445312 0.515625 0.441406
0 0.580078 0.447266 0.580078 0.451172 0.576172 0.451172 0.574219 0.449219 0.578125 0.445312
0 0.771484 0.447266 0.771484 0.451172 0.767578 0.451172 0.765625 0.449219 0.769531 0.445312
0 0.320312 0.449219 0.320312 0.453125 0.316406 0.453125 0.314453 0.451172 0.318359 0.447266
0 0.343750 0.449219 0.343750 0.453125 0.339844 0.453125 0.337891 0.451172 0.341797 0.447266
0 0.521484 0.449219 0.521484 0.453125 0.517578 0.453125 0.515625 0.451172 0.519531 0.447266
0 0.529297 0.449219 0.529297 0.453125 0.525391 0.453125 0.523438 0.451172 0.527344 0.447266
0 0.662109 0.449219 0.662109 0.453125 0.658203 0.453125 0.656250 0.451172 0.660156 0.447266
0 0.828125 0.449219 0.828125 0.453125 0.824219 0.453125 0.822266 0.451172 0.826172 0.447266
0 0.892578 0.449219 0.892578 0.453125 0.888672 0.453125 0.886719 0.451172 0.890625 0.447266
0 0.671875 0.451172 0.671875 0.455078 0.667969 0.455078 0.666016 0.453125 0.669922 0.449219
0 0.484375 0.455078 0.484375 0.458984 0.480469 0.458984 0.478516 0.457031 0.482422 0.453125
0 0.888672 0.457031 0.888672 0.460938 0.884766 0.460938 0.882812 0.458984 0.886719 0.455078
0 0.968750 0.457031 0.968750 0.460938 0.964844 0.460938 0.962891 0.458984 0.966797 0.455078
0 0.429688 0.464844 0.429688 0.468750 0.425781 0.468750 0.423828 0.466797 0.427734 0.462891
0 0.699219 0.464844 0.699219 0.468750 0.695312 0.468750 0.693359 0.466797 0.697266 0.462891
0 0.751953 0.464844 0.751953 0.468750 0.748047 0.468750 0.746094 0.466797 0.750000 0.462891
0 0.783203 0.466797 0.783203 0.470703 0.779297 0.470703 0.777344 0.468750 0.781250 0.464844
0 0.712891 0.470703 0.712891 0.474609 0.708984 0.474609 0.707031 0.472656 0.710938 0.468750
0 0.353516 0.480469 0.353516 0.484375 0.349609 0.484375 0.347656 0.482422 0.351562 0.478516
0 0.458984 0.480469 0.458984 0.484375 0.455078 0.484375 0.453125 0.482422 0.457031 0.478516
0 0.146484 0.482422 0.146484 0.486328 0.142578 0.486328 0.140625 0.484375 0.144531 0.480469
0 0.625000 0.482422 0.625000 0.486328 0.621094 0.486328 0.619141 0.484375 0.623047 0.480469
0 0.759766 0.486328 0.757812 0.486328 0.755859 0.488281 0.751953 0.488281 0.750000 0.486328 0.750000 0.480469 0.751953 0.478516 0.755859 0.478516 0.757812 0.480469 0.759766 0.480469
0 0.769531 0.482422 0.769531 0.486328 0.765625 0.486328 0.763672 0.484375 0.767578 0.480469
0 0.158203 0.484375 0.158203 0.488281 0.154297 0.488281 0.152344 0.486328 0.156250 0.482422
0 0.408203 0.484375 0.408203 0.488281 0.404297 0.488281 0.402344 0.486328 0.406250 0.482422
0 0.501953 0.484375 0.501953 0.488281 0.498047 0.488281 0.496094 0.486328 0.500000 0.482422
0 0.171875 0.490234 0.171875 0.494141 0.167969 0.494141 0.166016 0.492188 0.169922 0.488281
0 0.740234 0.492188 0.740234 0.496094 0.736328 0.496094 0.734375 0.494141 0.738281 0.490234
0 0.140625 0.496094 0.140625 0.500000 0.136719 0.500000 0.134766 0.498047 0.138672 0.494141
0 0.617188 0.496094 0.617188 0.500000 0.613281 0.500000 0.611328 0.498047 0.615234 0.494141
0 0.679688 0.498047 0.679688 0.501953 0.675781 0.501953 0.673828 0.500000 0.677734 0.496094
0 0.802734 0.500000 0.802734 0.503906 0.798828 0.503906 0.796875 0.501953 0.800781 0.498047
0 0.363281 0.501953 0.363281 0.505859 0.359375 0.505859 0.357422 0.503906 0.361328 0.500000
0 0.244141 0.505859 0.244141 0.509766 0.240234 0.509766 0.238281 0.507812 0.242188 0.503906
0 0.875000 0.505859 0.875000 0.509766 0.871094 0.509766 0.869141 0.507812 0.873047 0.503906
0 0.613281 0.509766 0.613281 0.513672 0.609375 0.513672 0.607422 0.511719 0.611328 0.507812
0 0.433594 0.511719 0.433594 0.515625 0.429688 0.515625 0.427734 0.513672 0.431641 0.509766
0 0.361328 0.517578 0.361328 0.521484 0.357422 0.521484 0.355469 0.519531 0.359375 0.515625
0 0.369141 0.517578 0.369141 0.521484 0.365234 0.521484 0.363281 0.519531 0.367188 0.515625
0 0.197266 0.519531 0.197266 0.523438 0.193359 0.523438 0.191406 0.521484 0.195312 0.517578
0 0.550781 0.521484 0.550781 0.525391 0.546875 0.525391 0.544922 0.523438 0.548828 0.519531
0 0.380859 0.527344 0.380859 0.531250 0.376953 0.531250 0.375000 0.529297 0.378906 0.525391
0 0.796875 0.527344 0.796875 0.531250 0.792969 0.531250 0.791016 0.529297 0.794922 0.525391
0 0.537109 0.531250 0.537109 0.535156 0.533203 0.535156 0.531250 0.533203 0.535156 0.529297
0 0.628906 0.531250 0.628906 0.535156 0.625000 0.535156 0.623047 0.533203 0.626953 0.529297
0 0.771484 0.531250 0.771484 0.535156 0.767578 0.535156 0.765625 0.533203 0.769531 0.529297
0 0.843750 0.535156 0.843750 0.539062 0.839844 0.539062 0.837891 0.537109 0.841797 0.533203
0 0.419922 0.537109 0.419922 0.541016 0.416016 0.541016 0.414062 0.539062 0.417969 0.535156
0 0.595703 0.537109 0.595703 0.541016 0.591797 0.541016 0.589844 0.539062 0.593750 0.535156
0 0.509766 0.539062 0.509766 0.542969 0.505859 0.542969 0.503906 0.541016 0.507812 0.537109
0 0.091797 0.542969 0.091797 0.546875 0.087891 0.546875 0.085938 0.544922 0.089844 0.541016
0 0.486328 0.542969 0.486328 0.546875 0.482422 0.546875 0.480469 0.544922 0.484375 0.541016
0 0.625000 0.542969 0.625000 0.546875 0.621094 0.546875 0.619141 0.544922 0.623047 0.541016
0 0.900391 0.544922 0.900391 0.548828 0.896484 0.548828 0.894531 0.546875 0.898438 0.542969
0 0.525391 0.546875 0.525391 0.550781 0.521484 0.550781 0.519531 0.548828 0.523438 0.544922
0 0.689453 0.546875 0.689453 0.550781 0.685547 0.550781 0.683594 0.548828 0.687500 0.544922
0 0.802734 0.546875 0.802734 0.550781 0.798828 0.550781 0.796875 0.548828 0.800781 0.544922
0 0.330078 0.548828 0.330078 0.552734 0.326172 0.552734 0.324219 0.550781 0.328125 0.546875
0 0.423828 0.552734 0.423828 0.556641 0.419922 0.556641 0.417969 0.554688 0.421875 0.550781
0 0.457031 0.552734 0.457031 0.556641 0.453125 0.556641 0.451172 0.554688 0.455078 0.550781
0 0.869141 0.556641 0.867188 0.556641 0.865234 0.558594 0.861328 0.558594 0.859375 0.556641 0.859375 0.550781 0.861328 0.548828 0.865234 0.548828 0.867188 0.550781 0.869141 0.550781
0 0.287109 0.560547 0.287109 0.564453 0.283203 0.564453 0.281250 0.562500 0.285156 0.558594
0 0.347656 0.566406 0.347656 0.570312 0.343750 0.570312 0.341797 0.568359 0.345703 0.564453
0 0.359375 0.566406 0.359375 0.570312 0.355469 0.570312 0.353516 0.568359 0.357422 0.564453
0 0.513672 0.566406 0.513672 0.570312 0.509766 0.570312 0.507812 0.568359 0.511719 0.564453
0 0.234375 0.570312 0.234375 0.574219 0.230469 0.574219 0.228516 0.572266 0.232422 0.568359
0 0.445312 0.570312 0.445312 0.574219 0.441406 0.574219 0.439453 0.572266 0.443359 0.568359
0 0.478516 0.570312 0.478516 0.574219 0.474609 0.574219 0.472656 0.572266 0.476562 0.568359
0 0.140625 0.574219 0.140625 0.578125 0.136719 0.578125 0.134766 0.576172 0.138672 0.572266
0 0.195312 0.574219 0.195312 0.578125 0.191406 0.578125 0.189453 0.576172 0.193359 0.572266
0 0.486328 0.574219 0.486328 0.578125 0.482422 0.578125 0.480469 0.576172 0.484375 0.572266
0 0.392578 0.578125 0.392578 0.582031 0.388672 0.582031 0.386719 0.580078 0.390625 0.576172
0 0.236328 0.580078 0.236328 0.583984 0.232422 0.583984 0.230469 0.582031 0.234375 0.578125
0 0.421875 0.580078 0.421875 0.583984 0.417969 0.583984 0.416016 0.582031 0.419922 0.578125
0 0.251953 0.582031 0.251953 0.585938 0.248047 0.585938 0.246094 0.583984 0.250000 0.580078
0 0.322266 0.582031 0.322266 0.585938 0.318359 0.585938 0.316406 0.583984 0.320312 0.580078
0 0.337891 0.582031 0.337891 0.585938 0.333984 0.585938 0.332031 0.583984 0.335938 0.580078
0 0.554688 0.582031 0.554688 0.585938 0.550781 0.585938 0.548828 0.583984 0.552734 0.580078
0 0.609375 0.583984 0.609375 0.587891 0.605469 0.587891 0.603516 0.585938 0.607422 0.582031
0 0.511719 0.585938 0.511719 0.589844 0.507812 0.589844 0.505859 0.587891 0.509766 0.583984
0 0.312500 0.587891 0.312500 0.591797 0.308594 0.591797 0.306641 0.589844 0.310547 0.585938
0 0.001953 0.593750 0.000000 0.593750 0.000000 0.587891 0.000000 0.589844 0.001953 0.591797
0 0.386719 0.589844 0.386719 0.593750 0.382812 0.593750 0.380859 0.591797 0.384766 0.587891
0 0.687500 0.589844 0.687500 0.593750 0.683594 0.593750 0.681641 0.591797 0.685547 0.587891
0 0.490234 0.591797 0.490234 0.595703 0.486328 0.595703 0.484375 0.593750 0.488281 0.589844
0 0.125000 0.593750 0.125000 0.597656 0.121094 0.597656 0.119141 0.595703 0.123047 0.591797
0 0.429688 0.593750 0.429688 0.597656 0.425781 0.597656 0.423828 0.595703 0.427734 0.591797
0 0.705078 0.599609 0.705078 0.603516 0.701172 0.603516 0.699219 0.601562 0.703125 0.597656
0 0.484375 0.601562 0.484375 0.605469 0.480469 0.605469 0.478516 0.603516 0.482422 0.599609
0 0.005859 0.609375 0.001953 0.609375 0.000000 0.607422 0.000000 0.605469 0.001953 0.603516 0.005859 0.605469
0 0.388672 0.605469 0.388672 0.609375 0.384766 0.609375 0.382812 0.607422 0.386719 0.603516
0 0.556641 0.605469 0.556641 0.609375 0.552734 0.609375 0.550781 0.607422 0.554688 0.603516
0 0.572266 0.611328 0.570312 0.611328 0.568359 0.613281 0.564453 0.613281 0.562500 0.611328 0.562500 0.605469 0.564453 0.603516 0.568359 0.603516 0.570312 0.605469 0.572266 0.605469
0 0.583984 0.615234 0.583984 0.619141 0.580078 0.619141 0.578125 0.617188 0.582031 0.613281
0 0.775391 0.615234 0.775391 0.619141 0.771484 0.619141 0.769531 0.617188 0.773438 0.613281
0 0.232422 0.617188 0.232422 0.621094 0.228516 0.621094 0.226562 0.619141 0.230469 0.615234
0 0.501953 0.623047 0.500000 0.623047 0.498047 0.625000 0.494141 0.625000 0.492188 0.623047 0.492188 0.617188 0.494141 0.615234 0.498047 0.615234 0.500000 0.617188 0.501953 0.617188
0 0.265625 0.621094 0.265625 0.625000 0.261719 0.625000 0.259766 0.623047 0.263672 0.619141
0 0.371094 0.621094 0.371094 0.625000 0.367188 0.625000 0.365234 0.623047 0.369141 0.619141
0 0.353516 0.623047 0.353516 0.626953 0.349609 0.626953 0.347656 0.625000 0.351562 0.621094
0 0.384766 0.623047 0.384766 0.626953 0.380859 0.626953 0.378906 0.625000 0.382812 0.621094
0 0.447266 0.623047 0.447266 0.626953 0.443359 0.626953 0.441406 0.625000 0.445312 0.621094
0 0.621094 0.623047 0.621094 0.626953 0.617188 0.626953 0.615234 0.625000 0.619141 0.621094
0 0.648438 0.623047 0.648438 0.626953 0.644531 0.626953 0.642578 0.625000 0.646484 0.621094
0 0.439453 0.626953 0.439453 0.630859 0.435547 0.630859 0.433594 0.628906 0.437500 0.625000
0 0.664062 0.626953 0.664062 0.630859 0.660156 0.630859 0.658203 0.628906 0.662109 0.625000
0 0.607422 0.628906 0.607422 0.632812 0.603516 0.632812 0.601562 0.630859 0.605469 0.626953
0 0.361328 0.630859 0.361328 0.634766 0.357422 0.634766 0.355469 0.632812 0.359375 0.628906
0 0.484375 0.632812 0.484375 0.636719 0.480469 0.636719 0.478516 0.634766 0.482422 0.630859
0 0.593750 0.632812 0.593750 0.636719 0.589844 0.636719 0.587891 0.634766 0.591797 0.630859
0 0.433594 0.634766 0.433594 0.638672 0.429688 0.638672 0.427734 0.636719 0.431641 0.632812
0 0.529297 0.636719 0.529297 0.640625 0.525391 0.640625 0.523438 0.638672 0.527344 0.634766
0 0.667969 0.636719 0.667969 0.640625 0.664062 0.640625 0.662109 0.638672 0.666016 0.634766
0 0.777344 0.636719 0.777344 0.640625 0.773438 0.640625 0.771484 0.638672 0.775391 0.634766
0 0.640625 0.638672 0.640625 0.642578 0.636719 0.642578 0.634766 0.640625 0.638672 0.636719
0 0.699219 0.638672 0.699219 0.642578 0.695312 0.642578 0.693359 0.640625 0.697266 0.636719
0 0.833984 0.638672 0.833984 0.642578 0.830078 0.642578 0.828125 0.640625 0.832031 0.636719
0 0.562500 0.642578 0.562500 0.646484 0.558594 0.646484 0.556641 0.644531 0.560547 0.640625
0 0.361328 0.646484 0.361328 0.650391 0.357422 0.650391 0.355469 0.648438 0.359375 0.644531
0 0.025391 0.648438 0.025391 0.652344 0.021484 0.652344 0.019531 0.650391 0.023438 0.646484
0 0.474609 0.648438 0.474609 0.652344 0.470703 0.652344 0.468750 0.650391 0.472656 0.646484
0 0.751953 0.650391 0.751953 0.654297 0.748047 0.654297 0.746094 0.652344 0.750000 0.648438
0 0.597656 0.652344 0.597656 0.656250 0.593750 0.656250 0.591797 0.654297 0.595703 0.650391
0 0.611328 0.652344 0.611328 0.656250 0.607422 0.656250 0.605469 0.654297 0.609375 0.650391
0 0.798828 0.652344 0.798828 0.656250 0.794922 0.656250 0.792969 0.654297 0.796875 0.650391
0 0.421875 0.654297 0.421875 0.658203 0.417969 0.658203 0.416016 0.656250 0.419922 0.652344
0 0.640625 0.654297 0.640625 0.658203 0.636719 0.658203 0.634766 0.656250 0.638672 0.652344
0 0.708984 0.654297 0.708984 0.658203 0.705078 0.658203 0.703125 0.656250 0.707031 0.652344
0 0.736328 0.656250 0.736328 0.660156 0.732422 0.660156 0.730469 0.658203 0.734375 0.654297
0 0.896484 0.656250 0.896484 0.660156 0.892578 0.660156 0.890625 0.658203 0.894531 0.654297
0 0.630859 0.658203 0.630859 0.662109 0.626953 0.662109 0.625000 0.660156 0.628906 0.656250
0 0.431641 0.662109 0.431641 0.666016 0.427734 0.666016 0.425781 0.664062 0.429688 0.660156
0 0.564453 0.662109 0.564453 0.666016 0.560547 0.666016 0.558594 0.664062 0.562500 0.660156
0 0.048828 0.666016 0.048828 0.669922 0.044922 0.669922 0.042969 0.667969 0.046875 0.664062
0 0.316406 0.667969 0.316406 0.671875 0.312500 0.671875 0.310547 0.669922 0.314453 0.666016
0 0.710938 0.667969 0.710938 0.671875 0.707031 0.671875 0.705078 0.669922 0.708984 0.666016
0 0.521484 0.671875 0.521484 0.675781 0.517578 0.675781 0.515625 0.673828 0.519531 0.669922
0 0.410156 0.677734 0.408203 0.677734 0.406250 0.679688 0.402344 0.679688 0.400391 0.677734 0.400391 0.671875 0.402344 0.669922 0.406250 0.669922 0.408203 0.671875 0.410156 0.671875
0 0.718750 0.675781 0.718750 0.679688 0.714844 0.679688 0.712891 0.677734 0.716797 0.673828
0 0.470703 0.679688 0.470703 0.683594 0.466797 0.683594 0.464844 0.681641 0.468750 0.677734
0 0.730469 0.679688 0.730469 0.683594 0.726562 0.683594 0.724609 0.681641 0.728516 0.677734
0 0.583984 0.683594 0.583984 0.687500 0.580078 0.687500 0.578125 0.685547 0.582031 0.681641
0 0.320312 0.685547 0.320312 0.689453 0.316406 0.689453 0.314453 0.687500 0.318359 0.683594
0 0.392578 0.685547 0.392578 0.689453 0.388672 0.689453 0.386719 0.687500 0.390625 0.683594
0 0.472656 0.685547 0.472656 0.689453 0.468750 0.689453 0.466797 0.687500 0.470703 0.683594
0 0.646484 0.685547 0.646484 0.689453 0.642578 0.689453 0.640625 0.687500 0.644531 0.683594
0 0.683594 0.685547 0.683594 0.689453 0.679688 0.689453 0.677734 0.687500 0.681641 0.683594
0 0.480469 0.687500 0.480469 0.691406 0.476562 0.691406 0.474609 0.689453 0.478516 0.685547
0 0.492188 0.693359 0.492188 0.697266 0.488281 0.697266 0.486328 0.695312 0.490234 0.691406
0 0.634766 0.693359 0.634766 0.697266 0.630859 0.697266 0.628906 0.695312 0.632812 0.691406
0 0.828125 0.693359 0.828125 0.697266 0.824219 0.697266 0.822266 0.695312 0.826172 0.691406
0 0.175781 0.699219 0.175781 0.703125 0.171875 0.703125 0.169922 0.701172 0.173828 0.697266
0 0.285156 0.699219 0.285156 0.703125 0.281250 0.703125 0.279297 0.701172 0.283203 0.697266
0 0.392578 0.699219 0.392578 0.703125 0.388672 0.703125 0.386719 0.701172 0.390625 0.697266
0 0.541016 0.699219 0.541016 0.703125 0.537109 0.703125 0.535156 0.701172 0.539062 0.697266
0 0.683594 0.699219 0.683594 0.703125 0.679688 0.703125 0.677734 0.701172 0.681641 0.697266
0 0.759766 0.699219 0.759766 0.703125 0.755859 0.703125 0.753906 0.701172 0.757812 0.697266
0 0.962891 0.703125 0.960938 0.703125 0.958984 0.705078 0.955078 0.705078 0.953125 0.703125 0.953125 0.697266 0.955078 0.695312 0.958984 0.695312 0.960938 0.697266 0.962891 0.697266
0 0.384766 0.701172 0.384766 0.705078 0.380859 0.705078 0.378906 0.703125 0.382812 0.699219
0 0.500000 0.701172 0.500000 0.705078 0.496094 0.705078 0.494141 0.703125 0.498047 0.699219
0 0.744141 0.701172 0.744141 0.705078 0.740234 0.705078 0.738281 0.703125 0.742188 0.699219
0 0.845703 0.701172 0.845703 0.705078 0.841797 0.705078 0.839844 0.703125 0.843750 0.699219
0 0.322266 0.710938 0.322266 0.714844 0.318359 0.714844 0.316406 0.712891 0.320312 0.708984
0 0.796875 0.710938 0.796875 0.714844 0.792969 0.714844 0.791016 0.712891 0.794922 0.708984
0 0.080078 0.712891 0.080078 0.716797 0.076172 0.716797 0.074219 0.714844 0.078125 0.710938
0 0.330078 0.714844 0.330078 0.718750 0.326172 0.718750 0.324219 0.716797 0.328125 0.712891
0 0.535156 0.714844 0.535156 0.718750 0.531250 0.718750 0.529297 0.716797 0.533203 0.712891
0 0.736328 0.716797 0.736328 0.720703 0.732422 0.720703 0.730469 0.718750 0.734375 0.714844
0 0.406250 0.722656 0.406250 0.726562 0.402344 0.726562 0.400391 0.724609 0.404297 0.720703
0 0.078125 0.724609 0.078125 0.728516 0.074219 0.728516 0.072266 0.726562 0.076172 0.722656
0 0.419922 0.726562 0.419922 0.730469 0.416016 0.730469 0.414062 0.728516 0.417969 0.724609
0 0.882812 0.726562 0.882812 0.730469 0.878906 0.730469 0.876953 0.728516 0.880859 0.724609
0 0.169922 0.730469 0.169922 0.734375 0.166016 0.734375 0.164062 0.732422 0.167969 0.728516
0 0.476562 0.730469 0.476562 0.734375 0.472656 0.734375 0.470703 0.732422 0.474609 0.728516
0 0.734375 0.730469 0.734375 0.734375 0.730469 0.734375 0.728516 0.732422 0.732422 0.728516
0 0.908203 0.730469 0.908203 0.734375 0.904297 0.734375 0.902344 0.732422 0.906250 0.728516
0 0.455078 0.732422 0.455078 0.736328 0.451172 0.736328 0.449219 0.734375 0.453125 0.730469
0 0.626953 0.732422 0.626953 0.736328 0.623047 0.736328 0.621094 0.734375 0.625000 0.730469
0 0.638672 0.734375 0.638672 0.738281 0.634766 0.738281 0.632812 0.736328 0.636719 0.732422
0 0.322266 0.740234 0.322266 0.744141 0.318359 0.744141 0.316406 0.742188 0.320312 0.738281
0 0.365234 0.744141 0.365234 0.748047 0.361328 0.748047 0.359375 0.746094 0.363281 0.742188
0 0.425781 0.748047 0.425781 0.751953 0.421875 0.751953 0.419922 0.750000 0.423828 0.746094
0 0.554688 0.748047 0.554688 0.751953 0.550781 0.751953 0.548828 0.750000 0.552734 0.746094
0 0.779297 0.748047 0.779297 0.751953 0.775391 0.751953 0.773438 0.750000 0.777344 0.746094
0 0.740234 0.755859 0.740234 0.759766 0.736328 0.759766 0.734375 0.757812 0.738281 0.753906
0 0.894531 0.757812 0.894531 0.761719 0.890625 0.761719 0.888672 0.759766 0.892578 0.755859
0 0.427734 0.761719 0.427734 0.765625 0.423828 0.765625 0.421875 0.763672 0.425781 0.759766
0 0.570312 0.761719 0.570312 0.765625 0.566406 0.765625 0.564453 0.763672 0.568359 0.759766
0 0.343750 0.763672 0.343750 0.767578 0.339844 0.767578 0.337891 0.765625 0.341797 0.761719
0 0.621094 0.763672 0.621094 0.767578 0.617188 0.767578 0.615234 0.765625 0.619141 0.761719
0 0.634766 0.763672 0.634766 0.767578 0.630859 0.767578 0.628906 0.765625 0.632812 0.761719
0 0.673828 0.763672 0.673828 0.767578 0.669922 0.767578 0.667969 0.765625 0.671875 0.761719
0 0.830078 0.765625 0.830078 0.769531 0.826172 0.769531 0.824219 0.767578 0.828125 0.763672
0 0.285156 0.767578 0.285156 0.771484 0.281250 0.771484 0.279297 0.769531 0.283203 0.765625
0 0.419922 0.767578 0.419922 0.771484 0.416016 0.771484 0.414062 0.769531 0.417969 0.765625
0 0.248047 0.775391 0.246094 0.777344 0.246094 0.779297 0.244141 0.781250 0.238281 0.781250 0.236328 0.779297 0.236328 0.777344 0.234375 0.775391 0.234375 0.773438 0.236328 0.771484 0.236328 0.769531 0.238281 0.767578 0.244141 0.767578 0.246094 0.769531 0.246094 0.771484 0.248047 0.773438
0 0.265625 0.777344 0.265625 0.781250 0.261719 0.781250 0.259766 0.779297 0.263672 0.775391
0 0.720703 0.777344 0.720703 0.781250 0.716797 0.781250 0.714844 0.779297 0.718750 0.775391
0 0.835938 0.777344 0.835938 0.781250 0.832031 0.781250 0.830078 0.779297 0.833984 0.775391
0 0.580078 0.779297 0.580078 0.783203 0.576172 0.783203 0.574219 0.781250 0.578125 0.777344
0 0.634766 0.779297 0.634766 0.783203 0.630859 0.783203 0.628906 0.781250 0.632812 0.777344
0 0.251953 0.792969 0.251953 0.796875 0.248047 0.796875 0.246094 0.794922 0.250000 0.791016
0 0.265625 0.794922 0.265625 0.798828 0.261719 0.798828 0.259766 0.796875 0.263672 0.792969
0 0.654297 0.794922 0.654297 0.798828 0.650391 0.798828 0.648438 0.796875 0.652344 0.792969
0 0.605469 0.796875 0.605469 0.800781 0.601562 0.800781 0.599609 0.798828 0.603516 0.794922
0 0.765625 0.796875 0.765625 0.800781 0.761719 0.800781 0.759766 0.798828 0.763672 0.794922
0 0.845703 0.796875 0.845703 0.800781 0.841797 0.800781 0.839844 0.798828 0.843750 0.794922
0 0.484375 0.798828 0.484375 0.802734 0.480469 0.802734 0.478516 0.800781 0.482422 0.796875
0 0.871094 0.798828 0.871094 0.802734 0.867188 0.802734 0.865234 0.800781 0.869141 0.796875
0 0.486328 0.808594 0.486328 0.812500 0.482422 0.812500 0.480469 0.810547 0.484375 0.806641
0 0.703125 0.810547 0.703125 0.814453 0.699219 0.814453 0.697266 0.812500 0.701172 0.808594
0 0.658203 0.812500 0.658203 0.816406 0.654297 0.816406 0.652344 0.814453 0.656250 0.810547
0 0.689453 0.812500 0.689453 0.816406 0.685547 0.816406 0.683594 0.814453 0.687500 0.810547
0 0.802734 0.812500 0.802734 0.816406 0.798828 0.816406 0.796875 0.814453 0.800781 0.810547
0 0.601562 0.814453 0.601562 0.818359 0.597656 0.818359 0.595703 0.816406 0.599609 0.812500
0 0.482422 0.822266 0.482422 0.826172 0.478516 0.826172 0.476562 0.824219 0.480469 0.820312
0 0.451172 0.824219 0.451172 0.828125 0.447266 0.828125 0.445312 0.826172 0.449219 0.822266
0 0.853516 0.824219 0.853516 0.828125 0.849609 0.828125 0.847656 0.826172 0.851562 0.822266
0 0.937500 0.824219 0.937500 0.828125 0.933594 0.828125 0.931641 0.826172 0.935547 0.822266
0 0.673828 0.826172 0.673828 0.830078 0.669922 0.830078 0.667969 0.828125 0.671875 0.824219
0 0.681641 0.826172 0.681641 0.830078 0.677734 0.830078 0.675781 0.828125 0.679688 0.824219
0 0.812500 0.826172 0.812500 0.830078 0.808594 0.830078 0.806641 0.828125 0.810547 0.824219
0 0.982422 0.826172 0.982422 0.830078 0.978516 0.830078 0.976562 0.828125 0.980469 0.824219
0 0.859375 0.828125 0.859375 0.832031 0.855469 0.832031 0.853516 0.830078 0.857422 0.826172
0 0.261719 0.839844 0.261719 0.843750 0.257812 0.843750 0.255859 0.841797 0.259766 0.837891
0 0.716797 0.839844 0.716797 0.843750 0.712891 0.843750 0.710938 0.841797 0.714844 0.837891
0 0.896484 0.839844 0.896484 0.843750 0.892578 0.843750 0.890625 0.841797 0.894531 0.837891
0 0.751953 0.843750 0.751953 0.847656 0.748047 0.847656 0.746094 0.845703 0.750000 0.841797
0 0.593750 0.845703 0.593750 0.849609 0.589844 0.849609 0.587891 0.847656 0.591797 0.843750
0 0.833984 0.855469 0.828125 0.861328 0.822266 0.861328 0.816406 0.855469 0.816406 0.849609 0.822266 0.843750 0.828125 0.843750 0.833984 0.849609
0 0.921875 0.857422 0.921875 0.861328 0.917969 0.861328 0.916016 0.859375 0.919922 0.855469
0 0.839844 0.863281 0.839844 0.867188 0.835938 0.867188 0.833984 0.865234 0.837891 0.861328
0 0.998047 0.865234 0.998047 0.871094 0.996094 0.871094 0.994141 0.869141
0 0.740234 0.871094 0.740234 0.875000 0.736328 0.875000 0.734375 0.873047 0.738281 0.869141
0 0.687500 0.873047 0.687500 0.876953 0.683594 0.876953 0.681641 0.875000 0.685547 0.871094
0 0.765625 0.875000 0.765625 0.878906 0.761719 0.878906 0.759766 0.876953 0.763672 0.873047
0 0.689453 0.886719 0.687500 0.886719 0.685547 0.888672 0.681641 0.888672 0.679688 0.886719 0.679688 0.880859 0.681641 0.878906 0.685547 0.878906 0.687500 0.880859 0.689453 0.880859
0 0.728516 0.886719 0.728516 0.890625 0.724609 0.890625 0.722656 0.888672 0.726562 0.884766
0 0.705078 0.890625 0.705078 0.894531 0.701172 0.894531 0.699219 0.892578 0.703125 0.888672
0 0.158203 0.892578 0.158203 0.896484 0.154297 0.896484 0.152344 0.894531 0.156250 0.890625
0 0.757812 0.900391 0.757812 0.904297 0.753906 0.904297 0.751953 0.902344 0.755859 0.898438
0 0.689453 0.904297 0.689453 0.908203 0.685547 0.908203 0.683594 0.906250 0.687500 0.902344
0 0.796875 0.908203 0.794922 0.908203 0.792969 0.910156 0.789062 0.910156 0.787109 0.908203 0.787109 0.902344 0.789062 0.900391 0.792969 0.900391 0.794922 0.902344 0.796875 0.902344
0 0.982422 0.904297 0.982422 0.908203 0.978516 0.908203 0.976562 0.906250 0.980469 0.902344
0 0.642578 0.906250 0.642578 0.910156 0.638672 0.910156 0.636719 0.908203 0.640625 0.904297
0 0.529297 0.908203 0.529297 0.912109 0.525391 0.912109 0.523438 0.910156 0.527344 0.906250
0 0.593750 0.910156 0.593750 0.914062 0.589844 0.914062 0.587891 0.912109 0.591797 0.908203
0 0.140625 0.917969 0.140625 0.921875 0.136719 0.921875 0.134766 0.919922 0.138672 0.916016
0 0.597656 0.919922 0.597656 0.923828 0.593750 0.923828 0.591797 0.921875 0.595703 0.917969
0 0.816406 0.919922 0.816406 0.923828 0.812500 0.923828 0.810547 0.921875 0.814453 0.917969
0 0.437500 0.931641 0.437500 0.935547 0.433594 0.935547 0.431641 0.933594 0.435547 0.929688
0 0.609375 0.933594 0.609375 0.937500 0.605469 0.937500 0.603516 0.935547 0.607422 0.931641
0 0.656250 0.933594 0.656250 0.937500 0.652344 0.937500 0.650391 0.935547 0.654297 0.931641
0 0.718750 0.933594 0.718750 0.937500 0.714844 0.937500 0.712891 0.935547 0.716797 0.931641
0 0.576172 0.935547 0.576172 0.939453 0.572266 0.939453 0.570312 0.937500 0.574219 0.933594
0 0.765625 0.935547 0.765625 0.939453 0.761719 0.939453 0.759766 0.937500 0.763672 0.933594
0 0.906250 0.939453 0.906250 0.943359 0.902344 0.943359 0.900391 0.941406 0.904297 0.937500
0 0.380859 0.945312 0.380859 0.949219 0.376953 0.949219 0.375000 0.947266 0.378906 0.943359
0 0.576172 0.949219 0.576172 0.953125 0.572266 0.953125 0.570312 0.951172 0.574219 0.947266
0 0.986328 0.949219 0.986328 0.953125 0.982422 0.953125 0.980469 0.951172 0.984375 0.947266
0 0.914062 0.951172 0.914062 0.955078 0.910156 0.955078 0.908203 0.953125 0.912109 0.949219
0 0.863281 0.953125 0.863281 0.957031 0.859375 0.957031 0.857422 0.955078 0.861328 0.951172
0 0.789062 0.955078 0.789062 0.958984 0.785156 0.958984 0.783203 0.957031 0.787109 0.953125
0 0.439453 0.957031 0.439453 0.960938 0.435547 0.960938 0.433594 0.958984 0.437500 0.955078
0 0.523438 0.958984 0.523438 0.962891 0.519531 0.962891 0.517578 0.960938 0.521484 0.957031
0 0.437500 0.964844 0.437500 0.968750 0.433594 0.968750 0.431641 0.966797 0.435547 0.962891
0 0.710938 0.966797 0.710938 0.970703 0.707031 0.970703 0.705078 0.968750 0.708984 0.964844
0 0.783203 0.970703 0.781250 0.970703 0.779297 0.972656 0.775391 0.972656 0.773438 0.970703 0.773438 0.964844 0.775391 0.962891 0.779297 0.962891 0.781250 0.964844 0.783203 0.964844
0 0.919922 0.966797 0.919922 0.970703 0.916016 0.970703 0.914062 0.968750 0.917969 0.964844
0 0.273438 0.970703 0.273438 0.974609 0.269531 0.974609 0.267578 0.972656 0.271484 0.968750
0 0.716797 0.974609 0.716797 0.978516 0.712891 0.978516 0.710938 0.976562 0.714844 0.972656
0 0.865234 0.978516 0.865234 0.982422 0.861328 0.982422 0.859375 0.980469 0.863281 0.976562
0 0.199219 0.980469 0.199219 0.984375 0.195312 0.984375 0.193359 0.982422 0.197266 0.978516
0 0.572266 0.980469 0.572266 0.984375 0.568359 0.984375 0.566406 0.982422 0.570312 0.978516
0 0.580078 0.982422 0.580078 0.986328 0.576172 0.986328 0.574219 0.984375 0.578125 0.980469
0 0.609375 0.984375 0.609375 0.988281 0.605469 0.988281 0.603516 0.986328 0.607422 0.982422
0 0.884766 0.990234 0.884766 0.994141 0.880859 0.994141 0.878906 0.992188 0.882812 0.988281
0 0.677734 0.996094 0.677734 0.998047 0.671875 0.998047 0.675781 0.994141
0 0.701172 0.996094 0.701172 0.998047 0.695312 0.998047 0.699219 0.994141
0 0.796875 0.998047 0.783203 0.998047 0.783203 0.996094 0.785156 0.994141 0.785156 0.992188 0.787109 0.990234 0.792969 0.990234 0.794922 0.992188 0.794922 0.994141 0.796875 0.996094
0 0.878906 0.996094 0.878906 0.998047 0.873047 0.998047 0.876953 0.994141
