0 0.273438 0.011719 0.273438 0.013672 0.275391 0.013672 0.275391 0.011719
0 0.234375 0.021484 0.232422 0.023438 0.232422 0.025391 0.234375 0.027344 0.236328 0.027344 0.238281 0.025391 0.238281 0.023438 0.236328 0.021484
0 0.283203 0.025391 0.281250 0.023438 0.279297 0.023438 0.277344 0.025391 0.277344 0.029297 0.281250 0.029297 0.283203 0.027344
0 0.255859 0.035156 0.251953 0.039062 0.251953 0.042969 0.253906 0.044922 0.259766 0.044922 0.261719 0.042969 0.261719 0.039062 0.257812 0.035156
0 0.144531 0.042969 0.142578 0.044922 0.142578 0.048828 0.144531 0.050781 0.148438 0.050781 0.150391 0.048828 0.150391 0.044922 0.148438 0.042969
0 0.158203 0.044922 0.156250 0.046875 0.156250 0.050781 0.160156 0.054688 0.166016 0.054688 0.167969 0.052734 0.167969 0.048828 0.164062 0.044922
0 0.181641 0.042969 0.181641 0.044922 0.185547 0.044922 0.185547 0.042969
0 0.300781 0.048828 0.300781 0.050781 0.304688 0.050781 0.304688 0.048828
0 0.123047 0.052734 0.119141 0.052734 0.117188 0.054688 0.115234 0.054688 0.113281 0.056641 0.113281 0.058594 0.115234 0.060547 0.119141 0.060547 0.123047 0.056641
0 0.154297 0.058594 0.152344 0.060547 0.152344 0.064453 0.154297 0.066406 0.154297 0.068359 0.158203 0.068359 0.160156 0.066406 0.160156 0.060547 0.158203 0.058594
0 0.095703 0.070312 0.093750 0.068359 0.093750 0.070312 0.091797 0.072266 0.095703 0.072266
0 0.078125 0.078125 0.078125 0.082031 0.080078 0.083984 0.089844 0.083984 0.091797 0.082031 0.091797 0.080078 0.089844 0.078125 0.091797 0.076172 0.089844 0.076172 0.087891 0.074219 0.082031 0.074219
0 0.140625 0.089844 0.136719 0.089844 0.134766 0.087891 0.132812 0.087891 0.132812 0.089844 0.128906 0.093750 0.128906 0.097656 0.130859 0.099609 0.130859 0.109375 0.132812 0.107422 0.138672 0.107422 0.142578 0.103516 0.142578 0.091797
0 0.400391 0.109375 0.398438 0.111328 0.398438 0.113281 0.402344 0.117188 0.404297 0.117188 0.408203 0.113281 0.408203 0.111328 0.406250 0.109375
0 0.148438 0.119141 0.146484 0.119141 0.146484 0.121094 0.144531 0.123047 0.142578 0.123047 0.140625 0.125000 0.138672 0.125000 0.138672 0.126953 0.136719 0.128906 0.136719 0.134766 0.138672 0.134766 0.142578 0.138672 0.146484 0.138672 0.150391 0.134766 0.150391 0.128906 0.148438 0.126953 0.148438 0.125000 0.150391 0.123047 0.150391 0.121094
0 0.244141 0.121094 0.242188 0.119141 0.240234 0.119141 0.238281 0.121094 0.238281 0.125000 0.242188 0.125000 0.244141 0.123047
0 0.095703 0.126953 0.093750 0.128906 0.093750 0.130859 0.095703 0.132812 0.097656 0.132812 0.099609 0.130859 0.099609 0.128906 0.097656 0.126953
0 0.386719 0.126953 0.380859 0.132812 0.382812 0.134766 0.382812 0.136719 0.384766 0.138672 0.390625 0.138672 0.390625 0.134766 0.392578 0.132812 0.388672 0.128906 0.388672 0.126953
0 0.175781 0.132812 0.173828 0.134766 0.173828 0.136719 0.171875 0.138672 0.173828 0.140625 0.173828 0.142578 0.175781 0.144531 0.179688 0.144531 0.183594 0.140625 0.183594 0.134766 0.181641 0.132812
1 0.261719 0.132812 0.259766 0.132812 0.257812 0.134766 0.257812 0.138672 0.251953 0.144531 0.255859 0.148438 0.255859 0.150391 0.253906 0.152344 0.253906 0.158203 0.255859 0.156250 0.255859 0.150391 0.259766 0.146484 0.259766 0.144531 0.261719 0.142578 0.261719 0.140625 0.263672 0.138672 0.263672 0.134766
0 0.330078 0.148438 0.328125 0.150391 0.328125 0.154297 0.330078 0.156250 0.333984 0.156250 0.335938 0.154297 0.335938 0.150391 0.333984 0.148438
0 0.355469 0.150391 0.353516 0.152344 0.353516 0.154297 0.351562 0.156250 0.357422 0.162109 0.359375 0.162109 0.361328 0.160156 0.363281 0.160156 0.365234 0.158203 0.365234 0.154297 0.361328 0.150391
0 0.400391 0.158203 0.398438 0.160156 0.398438 0.166016 0.402344 0.169922 0.406250 0.169922 0.410156 0.166016 0.410156 0.164062 0.408203 0.162109 0.408203 0.160156 0.406250 0.158203
0 0.136719 0.162109 0.136719 0.166016 0.138672 0.167969 0.138672 0.169922 0.148438 0.169922 0.150391 0.167969 0.150391 0.162109 0.148438 0.160156 0.140625 0.160156 0.138672 0.162109
0 0.201172 0.166016 0.199219 0.164062 0.193359 0.164062 0.191406 0.166016 0.189453 0.166016 0.187500 0.167969 0.187500 0.169922 0.185547 0.171875 0.185547 0.173828 0.187500 0.175781 0.193359 0.175781 0.195312 0.173828 0.197266 0.173828 0.201172 0.169922
0 0.097656 0.171875 0.095703 0.173828 0.095703 0.175781 0.097656 0.177734 0.099609 0.175781 0.099609 0.173828
0 0.453125 0.177734 0.451172 0.179688 0.451172 0.181641 0.455078 0.185547 0.457031 0.183594 0.457031 0.179688 0.455078 0.177734
0 0.111328 0.189453 0.109375 0.191406 0.109375 0.193359 0.111328 0.195312 0.113281 0.195312 0.115234 0.193359 0.115234 0.191406 0.113281 0.189453
0 0.390625 0.189453 0.388672 0.189453 0.386719 0.191406 0.384766 0.191406 0.380859 0.195312 0.386719 0.201172 0.390625 0.201172 0.394531 0.197266 0.394531 0.195312 0.392578 0.193359 0.392578 0.191406
0 0.080078 0.201172 0.082031 0.203125 0.083984 0.203125 0.083984 0.201172
0 0.134766 0.199219 0.134766 0.207031 0.132812 0.208984 0.136719 0.212891 0.138672 0.210938 0.140625 0.210938 0.142578 0.208984 0.138672 0.205078 0.138672 0.203125
0 0.095703 0.203125 0.093750 0.205078 0.095703 0.207031 0.097656 0.207031 0.097656 0.203125
0 0.343750 0.203125 0.339844 0.203125 0.335938 0.207031 0.333984 0.207031 0.332031 0.208984 0.332031 0.212891 0.324219 0.216797 0.332031 0.228516 0.341797 0.228516 0.345703 0.224609 0.347656 0.224609 0.353516 0.216797 0.349609 0.208984
0 0.462891 0.203125 0.462891 0.207031 0.464844 0.207031 0.466797 0.205078 0.464844 0.203125
0 0.228516 0.210938 0.218750 0.210938 0.208984 0.220703 0.208984 0.222656 0.210938 0.224609 0.210938 0.230469 0.214844 0.236328 0.220703 0.236328 0.222656 0.234375 0.222656 0.232422 0.230469 0.226562 0.228516 0.220703 0.232422 0.216797
0 0.052734 0.222656 0.050781 0.224609 0.048828 0.224609 0.046875 0.226562 0.044922 0.226562 0.044922 0.228516 0.048828 0.232422 0.052734 0.232422 0.052734 0.230469 0.054688 0.228516 0.052734 0.226562
0 0.091797 0.226562 0.091797 0.228516 0.093750 0.230469 0.095703 0.230469 0.097656 0.228516 0.099609 0.228516 0.095703 0.224609 0.093750 0.224609
0 0.193359 0.228516 0.189453 0.228516 0.189453 0.230469 0.191406 0.232422 0.193359 0.230469
0 0.958984 0.226562 0.953125 0.226562 0.949219 0.230469 0.949219 0.234375 0.953125 0.238281 0.953125 0.240234 0.955078 0.240234 0.960938 0.234375 0.960938 0.228516
0 0.181641 0.234375 0.173828 0.234375 0.167969 0.240234 0.167969 0.246094 0.171875 0.250000 0.169922 0.251953 0.171875 0.250000 0.175781 0.250000 0.177734 0.248047 0.179688 0.248047 0.183594 0.244141 0.183594 0.242188 0.185547 0.240234
0 0.261719 0.236328 0.257812 0.246094 0.257812 0.250000 0.259766 0.251953 0.257812 0.253906 0.269531 0.269531 0.273438 0.271484 0.283203 0.269531 0.285156 0.265625 0.279297 0.265625 0.275391 0.261719 0.281250 0.253906 0.281250 0.250000 0.283203 0.248047 0.281250 0.246094 0.281250 0.242188 0.275391 0.234375 0.265625 0.234375
0 0.392578 0.248047 0.388672 0.251953 0.388672 0.255859 0.386719 0.257812 0.388672 0.259766 0.390625 0.259766 0.396484 0.265625 0.402344 0.267578 0.406250 0.271484 0.410156 0.267578 0.406250 0.261719 0.408203 0.259766 0.406250 0.257812 0.406250 0.253906 0.404297 0.253906 0.398438 0.248047
0 0.363281 0.253906 0.365234 0.255859 0.365234 0.263672 0.367188 0.265625 0.378906 0.265625 0.378906 0.263672 0.382812 0.259766 0.376953 0.253906 0.375000 0.253906 0.373047 0.251953 0.365234 0.251953
0 0.294922 0.255859 0.292969 0.253906 0.291016 0.255859 0.289062 0.255859 0.291016 0.255859 0.292969 0.257812
0 0.865234 0.259766 0.863281 0.261719 0.863281 0.263672 0.865234 0.265625 0.867188 0.265625 0.869141 0.263672 0.869141 0.261719 0.867188 0.259766
0 0.146484 0.263672 0.146484 0.267578 0.150391 0.267578 0.152344 0.265625 0.150391 0.263672
0 0.302734 0.261719 0.291016 0.271484 0.291016 0.281250 0.306641 0.294922 0.306641 0.298828 0.310547 0.302734 0.314453 0.300781 0.326172 0.302734 0.328125 0.296875 0.332031 0.292969 0.316406 0.275391 0.316406 0.269531 0.306641 0.261719
0 0.195312 0.271484 0.193359 0.273438 0.193359 0.279297 0.197266 0.283203 0.197266 0.285156 0.205078 0.285156 0.208984 0.281250 0.208984 0.279297 0.207031 0.277344 0.207031 0.273438 0.205078 0.271484
0 0.230469 0.273438 0.228516 0.275391 0.228516 0.283203 0.230469 0.285156 0.238281 0.285156 0.240234 0.283203 0.240234 0.277344 0.236328 0.273438
0 0.912109 0.277344 0.910156 0.279297 0.910156 0.281250 0.912109 0.281250 0.914062 0.283203 0.916016 0.281250 0.916016 0.279297 0.914062 0.277344
0 0.351562 0.283203 0.347656 0.287109 0.347656 0.291016 0.349609 0.292969 0.349609 0.294922 0.357422 0.294922 0.357422 0.292969 0.361328 0.289062 0.361328 0.287109 0.357422 0.283203
0 0.386719 0.287109 0.382812 0.287109 0.382812 0.289062 0.384766 0.291016 0.386719 0.289062
0 0.408203 0.287109 0.404297 0.291016 0.402344 0.291016 0.400391 0.292969 0.404297 0.296875 0.406250 0.296875 0.406250 0.294922 0.410156 0.291016 0.410156 0.289062
0 0.189453 0.292969 0.187500 0.294922 0.187500 0.302734 0.183594 0.308594 0.187500 0.314453 0.193359 0.314453 0.197266 0.310547 0.197266 0.296875 0.193359 0.292969
0 0.392578 0.296875 0.390625 0.298828 0.392578 0.300781 0.394531 0.300781 0.396484 0.298828 0.394531 0.296875
1 0.355469 0.302734 0.349609 0.302734 0.343750 0.308594 0.341797 0.308594 0.339844 0.306641 0.330078 0.316406 0.330078 0.322266 0.335938 0.328125 0.337891 0.328125 0.345703 0.320312 0.345703 0.318359 0.347656 0.316406 0.349609 0.316406 0.351562 0.318359 0.353516 0.318359 0.355469 0.316406 0.357422 0.316406 0.355469 0.314453 0.357422 0.312500 0.357422 0.308594 0.359375 0.306641
0 0.277344 0.306641 0.275391 0.304688 0.269531 0.304688 0.267578 0.306641 0.265625 0.306641 0.265625 0.310547 0.261719 0.314453 0.259766 0.312500 0.259766 0.316406 0.261719 0.316406 0.265625 0.312500 0.267578 0.314453 0.267578 0.316406 0.273438 0.316406 0.277344 0.312500
0 0.289062 0.304688 0.285156 0.304688 0.281250 0.310547 0.283203 0.312500 0.281250 0.314453 0.281250 0.320312 0.285156 0.324219 0.285156 0.326172 0.287109 0.324219 0.291016 0.324219 0.294922 0.320312 0.294922 0.310547
0 0.765625 0.308594 0.763672 0.310547 0.761719 0.310547 0.761719 0.312500 0.763672 0.314453 0.765625 0.314453 0.767578 0.312500 0.767578 0.310547
0 0.359375 0.324219 0.355469 0.328125 0.357422 0.333984 0.353516 0.341797 0.357422 0.353516 0.361328 0.355469 0.369141 0.351562 0.373047 0.355469 0.380859 0.353516 0.384766 0.357422 0.394531 0.353516 0.396484 0.339844 0.400391 0.337891 0.398438 0.330078 0.390625 0.335938 0.382812 0.330078 0.382812 0.324219 0.373047 0.318359 0.369141 0.324219
0 0.414062 0.316406 0.412109 0.316406 0.408203 0.320312 0.408203 0.322266 0.414062 0.322266 0.416016 0.320312 0.414062 0.318359
0 0.419922 0.333984 0.419922 0.335938 0.417969 0.337891 0.417969 0.343750 0.421875 0.347656 0.425781 0.347656 0.429688 0.343750 0.429688 0.335938 0.427734 0.333984
0 0.167969 0.341797 0.164062 0.341797 0.160156 0.345703 0.160156 0.349609 0.162109 0.351562 0.166016 0.351562 0.169922 0.347656 0.169922 0.343750
0 0.302734 0.345703 0.300781 0.347656 0.300781 0.355469 0.302734 0.357422 0.302734 0.361328 0.304688 0.363281 0.310547 0.363281 0.312500 0.361328 0.316406 0.361328 0.318359 0.359375 0.318359 0.355469 0.316406 0.353516 0.318359 0.351562 0.320312 0.351562 0.316406 0.351562 0.312500 0.347656 0.310547 0.347656 0.308594 0.345703
0 0.460938 0.345703 0.458984 0.343750 0.455078 0.343750 0.453125 0.345703 0.451172 0.345703 0.451172 0.347656 0.449219 0.349609 0.449219 0.351562 0.451172 0.353516 0.457031 0.353516 0.460938 0.349609
1 0.343750 0.349609 0.341797 0.351562 0.343750 0.353516 0.343750 0.355469 0.345703 0.357422 0.343750 0.359375 0.345703 0.361328 0.347656 0.359375 0.343750 0.355469
0 0.205078 0.351562 0.203125 0.351562 0.201172 0.353516 0.201172 0.355469 0.205078 0.355469
0 0.576172 0.353516 0.574219 0.355469 0.574219 0.357422 0.578125 0.361328 0.580078 0.361328 0.582031 0.359375 0.582031 0.355469 0.580078 0.353516
0 0.419922 0.357422 0.419922 0.359375 0.417969 0.361328 0.421875 0.365234 0.425781 0.361328 0.425781 0.359375 0.423828 0.359375 0.421875 0.357422
1 0.216797 0.361328 0.216797 0.363281 0.222656 0.369141 0.222656 0.371094 0.224609 0.371094 0.226562 0.373047 0.226562 0.369141 0.218750 0.361328
0 0.736328 0.359375 0.734375 0.361328 0.734375 0.369141 0.736328 0.371094 0.740234 0.371094 0.744141 0.367188 0.744141 0.361328 0.742188 0.359375
0 0.263672 0.365234 0.263672 0.367188 0.261719 0.369141 0.261719 0.371094 0.263672 0.373047 0.267578 0.373047 0.269531 0.371094 0.269531 0.367188 0.267578 0.365234
0 0.687500 0.369141 0.685547 0.369141 0.681641 0.373047 0.681641 0.375000 0.683594 0.376953 0.687500 0.376953 0.689453 0.375000 0.689453 0.371094
0 0.316406 0.371094 0.312500 0.375000 0.312500 0.376953 0.314453 0.378906 0.314453 0.382812 0.316406 0.384766 0.320312 0.384766 0.326172 0.378906 0.318359 0.371094
0 0.394531 0.382812 0.392578 0.380859 0.388672 0.380859 0.384766 0.384766 0.384766 0.386719 0.386719 0.388672 0.388672 0.388672 0.390625 0.386719 0.392578 0.386719 0.394531 0.384766
0 0.582031 0.384766 0.582031 0.386719 0.580078 0.388672 0.578125 0.388672 0.574219 0.392578 0.574219 0.396484 0.576172 0.398438 0.580078 0.398438 0.582031 0.396484 0.582031 0.390625 0.583984 0.388672 0.583984 0.386719
0 0.300781 0.394531 0.300781 0.396484 0.304688 0.400391 0.306641 0.400391 0.308594 0.398438 0.308594 0.394531 0.306641 0.392578 0.304688 0.392578 0.302734 0.394531
0 0.519531 0.390625 0.517578 0.390625 0.513672 0.394531 0.513672 0.398438 0.517578 0.402344 0.519531 0.400391 0.521484 0.400391 0.521484 0.392578
0 0.339844 0.400391 0.337891 0.402344 0.339844 0.404297 0.341797 0.402344
0 0.378906 0.400391 0.378906 0.402344 0.380859 0.404297 0.382812 0.404297 0.384766 0.406250 0.388672 0.406250 0.390625 0.404297 0.390625 0.402344 0.388672 0.400391 0.388672 0.398438 0.380859 0.398438
0 0.107422 0.402344 0.107422 0.404297 0.105469 0.406250 0.103516 0.406250 0.101562 0.404297 0.099609 0.406250 0.097656 0.406250 0.093750 0.410156 0.093750 0.416016 0.101562 0.423828 0.105469 0.419922 0.107422 0.421875 0.105469 0.419922 0.107422 0.417969 0.107422 0.406250 0.109375 0.404297
0 0.367188 0.416016 0.365234 0.414062 0.363281 0.414062 0.359375 0.417969 0.361328 0.419922 0.365234 0.419922 0.367188 0.417969
0 0.406250 0.421875 0.404297 0.423828 0.406250 0.425781 0.408203 0.423828
0 0.433594 0.427734 0.431641 0.429688 0.433594 0.431641
0 0.423828 0.431641 0.419922 0.431641 0.419922 0.435547 0.421875 0.437500 0.425781 0.433594
0 0.787109 0.435547 0.785156 0.439453 0.785156 0.445312 0.787109 0.447266 0.787109 0.453125 0.791016 0.460938 0.796875 0.466797 0.808594 0.466797 0.814453 0.462891 0.814453 0.447266 0.812500 0.443359 0.802734 0.433594 0.798828 0.433594 0.796875 0.431641 0.792969 0.431641 0.789062 0.435547
0 0.300781 0.435547 0.298828 0.433594 0.296875 0.435547 0.296875 0.437500 0.300781 0.437500
0 0.365234 0.433594 0.365234 0.435547 0.367188 0.437500 0.369141 0.435547 0.367188 0.433594
0 0.533203 0.433594 0.531250 0.435547 0.531250 0.437500 0.533203 0.439453 0.535156 0.439453 0.535156 0.433594
0 0.826172 0.437500 0.824219 0.439453 0.824219 0.441406 0.822266 0.443359 0.822266 0.449219 0.828125 0.455078 0.830078 0.455078 0.832031 0.453125 0.833984 0.453125 0.837891 0.449219 0.837891 0.443359 0.832031 0.437500
0 0.406250 0.453125 0.402344 0.457031 0.402344 0.458984 0.404297 0.460938 0.406250 0.460938 0.406250 0.458984 0.408203 0.457031 0.408203 0.455078
0 0.474609 0.458984 0.474609 0.462891 0.472656 0.464844 0.476562 0.468750 0.480469 0.468750 0.482422 0.466797 0.484375 0.466797 0.482422 0.464844 0.482422 0.460938 0.480469 0.458984
0 0.283203 0.462891 0.285156 0.464844 0.287109 0.462891
0 0.304688 0.462891 0.302734 0.462891 0.302734 0.466797 0.304688 0.464844
0 0.414062 0.462891 0.410156 0.466797 0.412109 0.468750 0.412109 0.470703 0.416016 0.470703 0.417969 0.468750 0.417969 0.466797
0 0.437500 0.460938 0.435547 0.460938 0.433594 0.462891 0.433594 0.464844 0.437500 0.464844
0 0.167969 0.470703 0.167969 0.472656 0.162109 0.478516 0.162109 0.480469 0.160156 0.482422 0.160156 0.484375 0.162109 0.486328 0.162109 0.488281 0.164062 0.490234 0.167969 0.490234 0.169922 0.488281 0.169922 0.484375 0.173828 0.480469 0.171875 0.478516 0.171875 0.476562 0.169922 0.476562 0.167969 0.474609
0 0.455078 0.470703 0.453125 0.472656 0.455078 0.474609 0.457031 0.472656
0 0.484375 0.478516 0.476562 0.478516 0.474609 0.480469 0.474609 0.482422 0.472656 0.484375 0.472656 0.486328 0.474609 0.488281 0.474609 0.490234 0.476562 0.492188 0.480469 0.492188 0.482422 0.490234 0.484375 0.490234 0.486328 0.488281 0.486328 0.486328 0.488281 0.484375 0.486328 0.482422 0.486328 0.480469
0 0.978516 0.476562 0.974609 0.480469 0.978516 0.490234 0.972656 0.496094 0.976562 0.500000 0.976562 0.501953 0.982422 0.507812 0.984375 0.507812 0.988281 0.503906 0.994141 0.503906 0.996094 0.501953 0.996094 0.492188 0.994141 0.494141 0.992188 0.490234 0.990234 0.490234 0.984375 0.484375 0.984375 0.480469 0.980469 0.476562
0 0.435547 0.486328 0.433594 0.488281 0.435547 0.490234 0.437500 0.490234 0.439453 0.488281 0.437500 0.486328
0 0.673828 0.492188 0.673828 0.494141 0.677734 0.498047 0.691406 0.498047 0.695312 0.494141 0.695312 0.490234 0.689453 0.484375 0.681641 0.484375 0.679688 0.486328 0.677734 0.486328
0 0.476562 0.501953 0.470703 0.507812 0.466797 0.507812 0.464844 0.509766 0.464844 0.513672 0.470703 0.521484 0.468750 0.523438 0.472656 0.523438 0.474609 0.525391 0.480469 0.525391 0.486328 0.519531 0.486328 0.515625 0.488281 0.513672 0.488281 0.505859 0.482422 0.501953
0 0.623047 0.501953 0.619141 0.501953 0.617188 0.503906 0.617188 0.507812 0.619141 0.509766 0.621094 0.509766 0.623047 0.507812
0 0.429688 0.507812 0.429688 0.511719 0.431641 0.513672 0.433594 0.513672 0.435547 0.511719 0.437500 0.511719 0.439453 0.509766 0.435547 0.505859 0.431641 0.505859
0 0.378906 0.531250 0.382812 0.535156 0.388672 0.535156 0.390625 0.533203 0.388672 0.531250 0.386719 0.531250 0.382812 0.527344
0 0.917969 0.535156 0.917969 0.539062 0.919922 0.539062 0.919922 0.535156
0 0.376953 0.542969 0.376953 0.544922 0.378906 0.546875 0.380859 0.546875 0.380859 0.542969
1 0.496094 0.552734 0.492188 0.548828 0.490234 0.548828 0.488281 0.550781 0.486328 0.550781 0.484375 0.552734 0.482422 0.550781 0.474609 0.550781 0.472656 0.552734 0.470703 0.552734 0.470703 0.556641 0.466797 0.560547 0.464844 0.560547 0.464844 0.562500 0.466797 0.560547 0.470703 0.560547 0.472656 0.562500 0.478516 0.562500 0.480469 0.560547 0.482422 0.562500 0.486328 0.558594 0.488281 0.558594 0.490234 0.556641 0.494141 0.556641 0.496094 0.554688
0 0.511719 0.552734 0.509766 0.554688 0.509766 0.562500 0.507812 0.564453 0.509766 0.564453 0.511719 0.566406 0.511719 0.568359 0.515625 0.568359 0.517578 0.566406 0.517578 0.564453 0.519531 0.562500 0.519531 0.556641 0.515625 0.552734
0 0.455078 0.554688 0.453125 0.556641 0.455078 0.558594 0.457031 0.558594 0.458984 0.556641 0.457031 0.554688
0 0.488281 0.566406 0.488281 0.568359 0.490234 0.570312 0.490234 0.566406
0 0.923828 0.568359 0.919922 0.572266 0.919922 0.576172 0.917969 0.578125 0.919922 0.578125 0.921875 0.580078 0.925781 0.580078 0.929688 0.576172 0.929688 0.572266 0.927734 0.570312 0.925781 0.570312
0 0.714844 0.578125 0.710938 0.582031 0.710938 0.589844 0.707031 0.593750 0.710938 0.599609 0.710938 0.603516 0.718750 0.609375 0.736328 0.607422 0.740234 0.603516 0.740234 0.599609 0.742188 0.597656 0.742188 0.583984 0.738281 0.578125 0.732422 0.574219 0.722656 0.574219
0 0.503906 0.580078 0.501953 0.578125 0.500000 0.580078 0.498047 0.580078 0.500000 0.580078 0.501953 0.582031
0 0.550781 0.580078 0.548828 0.580078 0.546875 0.582031 0.546875 0.585938 0.548828 0.587891 0.552734 0.583984 0.552734 0.582031
0 0.597656 0.587891 0.595703 0.589844 0.593750 0.589844 0.591797 0.591797 0.591797 0.593750 0.587891 0.597656 0.585938 0.597656 0.591797 0.603516 0.593750 0.603516 0.597656 0.599609 0.601562 0.599609 0.603516 0.597656 0.603516 0.595703 0.601562 0.593750 0.601562 0.591797
0 0.980469 0.597656 0.976562 0.603516 0.976562 0.607422 0.978516 0.609375 0.978516 0.611328 0.980469 0.613281 0.990234 0.613281 0.994141 0.609375 0.994141 0.607422 0.996094 0.605469 0.996094 0.601562 0.992188 0.597656
0 0.955078 0.603516 0.955078 0.607422 0.957031 0.609375 0.958984 0.607422 0.962891 0.607422 0.964844 0.605469 0.962891 0.603516 0.962891 0.601562 0.957031 0.601562
1 0.464844 0.611328 0.464844 0.613281 0.460938 0.617188 0.458984 0.617188 0.458984 0.619141 0.460938 0.621094 0.460938 0.617188 0.462891 0.615234 0.464844 0.617188 0.464844 0.615234 0.466797 0.613281
0 0.498047 0.611328 0.498047 0.613281 0.500000 0.613281 0.501953 0.615234 0.505859 0.615234 0.507812 0.617188 0.509766 0.615234 0.509766 0.613281 0.505859 0.609375 0.500000 0.609375
0 0.488281 0.613281 0.488281 0.617188 0.490234 0.617188 0.492188 0.615234 0.490234 0.613281
0 0.376953 0.617188 0.375000 0.619141 0.376953 0.621094 0.378906 0.619141
0 0.490234 0.625000 0.490234 0.630859 0.494141 0.630859 0.494141 0.626953 0.492188 0.625000
1 0.996094 0.636719 0.992188 0.640625 0.992188 0.648438 0.994141 0.650391 0.996094 0.650391 0.998047 0.652344 0.998047 0.636719
0 0.318359 0.642578 0.318359 0.644531 0.316406 0.646484 0.316406 0.648438 0.318359 0.650391 0.318359 0.656250 0.326172 0.656250 0.328125 0.654297 0.328125 0.646484 0.324219 0.642578
0 0.464844 0.642578 0.462891 0.640625 0.460938 0.642578 0.460938 0.644531 0.464844 0.644531
0 0.908203 0.642578 0.906250 0.642578 0.904297 0.640625 0.902344 0.642578 0.900391 0.642578 0.898438 0.644531 0.896484 0.644531 0.896484 0.646484 0.894531 0.648438 0.894531 0.650391 0.896484 0.652344 0.896484 0.654297 0.898438 0.656250 0.906250 0.656250 0.908203 0.654297 0.908203 0.652344 0.910156 0.650391 0.910156 0.646484 0.908203 0.644531
0 0.533203 0.644531 0.529297 0.648438 0.527344 0.646484 0.523438 0.652344 0.523438 0.658203 0.527344 0.662109 0.535156 0.662109 0.539062 0.658203 0.539062 0.650391
0 0.466797 0.648438 0.460938 0.654297 0.460938 0.656250 0.458984 0.658203 0.457031 0.658203 0.460938 0.662109 0.464844 0.662109 0.468750 0.666016 0.472656 0.666016 0.478516 0.662109 0.478516 0.654297 0.474609 0.650391 0.472656 0.650391 0.470703 0.648438
0 0.509766 0.650391 0.505859 0.654297 0.505859 0.656250 0.509766 0.660156 0.513672 0.660156 0.515625 0.658203 0.515625 0.652344 0.513672 0.650391
0 0.824219 0.648438 0.820312 0.648438 0.816406 0.652344 0.814453 0.652344 0.814453 0.660156 0.816406 0.662109 0.818359 0.662109 0.820312 0.664062 0.822266 0.664062 0.824219 0.662109 0.826172 0.662109 0.826172 0.660156 0.828125 0.658203 0.828125 0.652344
0 0.451172 0.654297 0.447266 0.654297 0.445312 0.656250 0.443359 0.656250 0.443359 0.658203 0.441406 0.660156 0.443359 0.662109 0.445312 0.662109 0.447266 0.660156 0.449219 0.660156 0.451172 0.658203
0 0.578125 0.658203 0.578125 0.660156 0.574219 0.664062 0.572266 0.664062 0.572266 0.666016 0.576172 0.669922 0.582031 0.669922 0.583984 0.667969 0.583984 0.662109 0.580078 0.658203
0 0.787109 0.660156 0.785156 0.662109 0.785156 0.664062 0.783203 0.666016 0.781250 0.666016 0.781250 0.671875 0.787109 0.677734 0.789062 0.675781 0.792969 0.675781 0.796875 0.671875 0.796875 0.669922 0.794922 0.667969 0.794922 0.664062 0.792969 0.662109 0.791016 0.664062
1 0.847656 0.666016 0.843750 0.669922 0.841797 0.669922 0.843750 0.671875 0.841797 0.673828 0.841797 0.679688 0.843750 0.681641 0.835938 0.689453 0.835938 0.691406 0.839844 0.695312 0.841797 0.695312 0.843750 0.693359 0.843750 0.689453 0.841797 0.687500 0.841797 0.685547 0.845703 0.681641 0.847656 0.681641 0.853516 0.675781 0.853516 0.671875
0 0.476562 0.673828 0.476562 0.675781 0.474609 0.677734 0.474609 0.679688 0.478516 0.679688 0.480469 0.681641 0.480469 0.679688 0.482422 0.677734 0.478516 0.673828
1 0.773438 0.673828 0.771484 0.673828 0.769531 0.671875 0.767578 0.673828 0.767578 0.675781 0.769531 0.675781 0.771484 0.673828
0 0.701172 0.687500 0.693359 0.687500 0.689453 0.691406 0.689453 0.693359 0.687500 0.695312 0.687500 0.707031 0.689453 0.708984 0.693359 0.708984 0.695312 0.710938 0.697266 0.708984 0.703125 0.707031 0.703125 0.705078 0.707031 0.699219 0.707031 0.695312 0.705078 0.693359 0.705078 0.691406
0 0.582031 0.693359 0.580078 0.695312 0.576172 0.695312 0.574219 0.697266 0.574219 0.701172 0.578125 0.705078 0.578125 0.707031 0.580078 0.707031 0.583984 0.703125 0.583984 0.697266 0.582031 0.695312
0 0.744141 0.691406 0.742188 0.691406 0.738281 0.695312 0.740234 0.695312 0.742188 0.697266 0.744141 0.695312
0 0.824219 0.691406 0.820312 0.695312 0.820312 0.697266 0.824219 0.701172 0.828125 0.697266 0.828125 0.695312
0 0.525391 0.703125 0.523438 0.705078 0.523438 0.710938 0.527344 0.714844 0.529297 0.714844 0.533203 0.710938 0.533203 0.705078 0.531250 0.703125
1 0.632812 0.703125 0.626953 0.708984 0.626953 0.712891 0.644531 0.728516 0.646484 0.740234 0.650391 0.744141 0.654297 0.742188 0.658203 0.744141 0.666016 0.742188 0.667969 0.738281 0.666016 0.734375 0.667969 0.732422 0.667969 0.726562 0.664062 0.722656 0.666016 0.718750 0.664062 0.714844 0.656250 0.708984 0.650391 0.708984 0.644531 0.703125
0 0.458984 0.714844 0.458984 0.718750 0.464844 0.724609 0.466797 0.724609 0.468750 0.726562 0.480469 0.726562 0.482422 0.724609 0.484375 0.724609 0.484375 0.716797 0.482422 0.714844 0.480469 0.714844 0.474609 0.708984 0.464844 0.708984
0 0.964844 0.708984 0.960938 0.708984 0.958984 0.710938 0.958984 0.712891 0.957031 0.714844 0.960938 0.718750 0.962891 0.718750 0.966797 0.714844 0.966797 0.710938
0 0.507812 0.714844 0.505859 0.714844 0.503906 0.716797 0.500000 0.716797 0.500000 0.718750 0.498047 0.720703 0.498047 0.726562 0.500000 0.726562 0.501953 0.728516 0.503906 0.728516 0.505859 0.730469 0.507812 0.728516 0.509766 0.728516 0.511719 0.726562 0.513672 0.726562 0.513672 0.720703 0.511719 0.718750 0.511719 0.716797 0.509766 0.716797
0 0.933594 0.720703 0.933594 0.722656 0.935547 0.724609 0.935547 0.726562 0.941406 0.726562 0.943359 0.724609 0.943359 0.720703 0.941406 0.718750 0.937500 0.718750 0.935547 0.720703
0 0.583984 0.722656 0.580078 0.726562 0.580078 0.730469 0.582031 0.732422 0.587891 0.732422 0.587891 0.730469 0.589844 0.728516 0.589844 0.726562 0.585938 0.722656
0 0.865234 0.728516 0.863281 0.730469 0.863281 0.734375 0.865234 0.734375 0.867188 0.736328 0.869141 0.736328 0.871094 0.734375 0.871094 0.730469 0.869141 0.728516
0 0.306641 0.730469 0.308594 0.732422 0.310547 0.730469
0 0.611328 0.734375 0.611328 0.738281 0.615234 0.742188 0.619141 0.742188 0.621094 0.740234 0.623047 0.740234 0.623047 0.736328 0.619141 0.732422 0.615234 0.732422 0.613281 0.734375
0 0.968750 0.734375 0.968750 0.740234 0.970703 0.742188 0.976562 0.742188 0.978516 0.740234 0.978516 0.734375 0.976562 0.732422 0.972656 0.732422 0.970703 0.734375
1 0.529297 0.761719 0.525391 0.757812 0.525391 0.755859 0.523438 0.753906 0.521484 0.753906 0.519531 0.755859 0.515625 0.755859 0.513672 0.753906 0.501953 0.765625 0.496094 0.765625 0.486328 0.759766 0.484375 0.761719 0.482422 0.761719 0.476562 0.767578 0.476562 0.769531 0.474609 0.771484 0.476562 0.773438 0.476562 0.777344 0.482422 0.783203 0.488281 0.783203 0.498047 0.775391 0.500000 0.775391 0.501953 0.777344 0.505859 0.777344 0.507812 0.779297 0.509766 0.779297 0.511719 0.777344 0.515625 0.777344 0.519531 0.773438 0.521484 0.775391 0.523438 0.775391 0.529297 0.769531
0 0.556641 0.753906 0.552734 0.753906 0.550781 0.755859 0.550781 0.757812 0.554688 0.761719 0.558594 0.757812 0.558594 0.755859
0 0.630859 0.753906 0.628906 0.755859 0.626953 0.755859 0.626953 0.757812 0.625000 0.759766 0.625000 0.765625 0.628906 0.769531 0.634766 0.769531 0.638672 0.765625 0.638672 0.757812 0.634766 0.753906 0.632812 0.755859
0 0.871094 0.759766 0.869141 0.757812 0.867188 0.757812 0.865234 0.759766 0.865234 0.763672 0.869141 0.763672 0.871094 0.761719
0 0.988281 0.757812 0.986328 0.759766 0.986328 0.767578 0.988281 0.769531 0.994141 0.769531 0.996094 0.767578 0.996094 0.759766 0.994141 0.757812
0 0.580078 0.765625 0.578125 0.767578 0.576172 0.767578 0.572266 0.771484 0.572266 0.779297 0.576172 0.785156 0.583984 0.785156 0.587891 0.781250 0.587891 0.779297 0.589844 0.777344 0.589844 0.771484 0.587891 0.769531 0.585938 0.769531
0 0.785156 0.773438 0.783203 0.775391 0.783203 0.785156 0.785156 0.787109 0.794922 0.787109 0.798828 0.783203 0.798828 0.775391 0.796875 0.773438
0 0.976562 0.783203 0.976562 0.785156 0.978516 0.787109 0.978516 0.789062 0.980469 0.789062 0.982422 0.787109 0.984375 0.787109 0.984375 0.783203 0.982422 0.781250 0.978516 0.781250
0 0.683594 0.798828 0.681641 0.818359 0.687500 0.828125 0.695312 0.832031 0.701172 0.832031 0.710938 0.828125 0.712891 0.824219 0.714844 0.826172 0.722656 0.824219 0.716797 0.818359 0.716797 0.808594 0.712891 0.798828 0.705078 0.792969 0.693359 0.791016
0 0.800781 0.800781 0.800781 0.802734 0.802734 0.802734 0.802734 0.800781
0 0.433594 0.806641 0.433594 0.808594 0.431641 0.810547 0.431641 0.814453 0.433594 0.816406 0.439453 0.816406 0.441406 0.814453 0.441406 0.808594 0.439453 0.808594 0.437500 0.806641
0 0.582031 0.808594 0.578125 0.812500 0.578125 0.816406 0.582031 0.820312 0.583984 0.820312 0.585938 0.818359 0.585938 0.812500
0 0.505859 0.814453 0.501953 0.814453 0.496094 0.820312 0.496094 0.824219 0.500000 0.828125 0.501953 0.828125 0.503906 0.826172 0.505859 0.826172 0.507812 0.824219 0.507812 0.816406
0 0.865234 0.816406 0.857422 0.822266 0.857422 0.826172 0.859375 0.828125 0.859375 0.832031 0.861328 0.833984 0.861328 0.835938 0.863281 0.835938 0.867188 0.839844 0.873047 0.839844 0.880859 0.833984 0.880859 0.826172 0.873047 0.818359 0.871094 0.818359 0.869141 0.816406 0.867188 0.818359
0 0.941406 0.816406 0.939453 0.818359 0.939453 0.824219 0.941406 0.826172 0.945312 0.826172 0.949219 0.822266 0.949219 0.820312 0.947266 0.818359 0.947266 0.816406
1 0.750000 0.832031 0.750000 0.837891 0.755859 0.843750 0.757812 0.843750 0.759766 0.841797 0.763672 0.841797 0.765625 0.843750 0.767578 0.843750 0.769531 0.841797 0.769531 0.839844 0.777344 0.833984 0.785156 0.839844 0.783203 0.841797 0.785156 0.843750 0.787109 0.843750 0.792969 0.847656 0.796875 0.843750 0.802734 0.845703 0.802734 0.843750 0.804688 0.841797 0.804688 0.837891 0.806641 0.835938 0.806641 0.833984 0.802734 0.833984 0.796875 0.830078 0.792969 0.830078 0.785156 0.824219 0.775391 0.833984 0.773438 0.833984 0.763672 0.824219 0.757812 0.824219
0 0.250000 0.830078 0.248047 0.830078 0.246094 0.832031 0.244141 0.832031 0.244141 0.837891 0.246094 0.839844 0.250000 0.839844 0.250000 0.837891 0.251953 0.835938 0.251953 0.832031
0 0.546875 0.832031 0.542969 0.839844 0.542969 0.845703 0.550781 0.855469 0.558594 0.861328 0.578125 0.861328 0.582031 0.859375 0.583984 0.855469 0.583984 0.843750 0.580078 0.839844 0.574219 0.837891 0.562500 0.828125 0.556641 0.828125
0 0.455078 0.835938 0.449219 0.839844 0.449219 0.841797 0.447266 0.843750 0.447266 0.849609 0.449219 0.851562 0.449219 0.855469 0.453125 0.859375 0.458984 0.859375 0.464844 0.853516 0.464844 0.851562 0.466797 0.849609 0.466797 0.845703 0.462891 0.839844 0.458984 0.839844
0 0.648438 0.839844 0.642578 0.845703 0.644531 0.847656 0.644531 0.851562 0.646484 0.853516 0.646484 0.855469 0.652344 0.855469 0.658203 0.849609 0.658203 0.845703 0.656250 0.843750 0.656250 0.841797 0.654297 0.841797 0.652344 0.839844
0 0.431641 0.849609 0.431641 0.851562 0.429688 0.853516 0.429688 0.855469 0.431641 0.857422 0.435547 0.857422 0.437500 0.855469 0.437500 0.851562 0.435547 0.849609
1 0.732422 0.851562 0.716797 0.853516 0.714844 0.863281 0.720703 0.871094 0.718750 0.886719 0.730469 0.912109 0.730469 0.919922 0.726562 0.923828 0.722656 0.919922 0.714844 0.923828 0.705078 0.941406 0.703125 0.939453 0.707031 0.943359 0.703125 0.955078 0.705078 0.966797 0.718750 0.978516 0.738281 0.972656 0.750000 0.958984 0.750000 0.953125 0.748047 0.951172 0.744141 0.953125 0.740234 0.947266 0.734375 0.925781 0.740234 0.904297 0.750000 0.892578 0.738281 0.876953 0.740234 0.863281
0 0.996094 0.855469 0.994141 0.857422 0.988281 0.857422 0.986328 0.859375 0.984375 0.859375 0.978516 0.867188 0.978516 0.869141 0.982422 0.873047 0.982422 0.876953 0.988281 0.882812 0.996094 0.882812
0 0.593750 0.861328 0.593750 0.865234 0.595703 0.867188 0.597656 0.867188 0.599609 0.865234 0.599609 0.863281 0.597656 0.861328
0 0.917969 0.871094 0.912109 0.876953 0.910156 0.880859 0.910156 0.886719 0.908203 0.888672 0.910156 0.892578 0.916016 0.898438 0.927734 0.898438 0.933594 0.892578 0.935547 0.888672 0.933594 0.878906 0.929688 0.875000 0.921875 0.871094
0 0.476562 0.875000 0.474609 0.876953 0.474609 0.884766 0.476562 0.886719 0.482422 0.886719 0.484375 0.884766 0.484375 0.882812 0.486328 0.880859 0.486328 0.876953 0.484375 0.876953 0.482422 0.875000
0 0.806641 0.878906 0.787109 0.876953 0.781250 0.878906 0.769531 0.892578 0.769531 0.900391 0.777344 0.917969 0.787109 0.921875 0.794922 0.912109 0.792969 0.910156 0.794922 0.908203 0.808594 0.908203 0.816406 0.900391 0.814453 0.892578 0.810547 0.888672 0.810547 0.882812
0 0.636719 0.878906 0.632812 0.882812 0.632812 0.886719 0.630859 0.888672 0.636719 0.896484 0.642578 0.894531 0.650391 0.902344 0.650391 0.906250 0.652344 0.908203 0.660156 0.908203 0.664062 0.900391 0.660156 0.892578 0.664062 0.888672 0.658203 0.882812 0.654297 0.884766 0.646484 0.884766 0.640625 0.878906
1 0.587891 0.884766 0.583984 0.888672 0.583984 0.890625 0.595703 0.902344 0.595703 0.904297 0.597656 0.906250 0.601562 0.902344 0.601562 0.898438 0.599609 0.896484 0.597656 0.896484 0.591797 0.890625 0.591797 0.888672
0 0.839844 0.890625 0.837891 0.892578 0.832031 0.894531 0.828125 0.898438 0.828125 0.904297 0.833984 0.910156 0.835938 0.910156 0.837891 0.912109 0.845703 0.912109 0.847656 0.910156 0.849609 0.910156 0.855469 0.904297 0.853516 0.902344 0.853516 0.896484 0.847656 0.890625
0 0.675781 0.894531 0.673828 0.896484 0.673828 0.898438 0.677734 0.902344 0.679688 0.900391 0.679688 0.896484 0.677734 0.894531
0 0.859375 0.919922 0.855469 0.927734 0.857422 0.951172 0.865234 0.960938 0.867188 0.972656 0.873047 0.976562 0.882812 0.974609 0.888672 0.968750 0.888672 0.958984 0.896484 0.955078 0.900391 0.949219 0.898438 0.935547 0.888672 0.929688 0.878906 0.927734 0.873047 0.921875
0 0.968750 0.919922 0.958984 0.927734 0.958984 0.931641 0.966797 0.947266 0.970703 0.949219 0.980469 0.949219 0.982422 0.951172 0.980469 0.949219 0.986328 0.945312 0.990234 0.937500 0.990234 0.931641 0.984375 0.921875 0.976562 0.917969 0.974609 0.919922
0 0.439453 0.921875 0.437500 0.923828 0.439453 0.925781 0.441406 0.923828
0 0.921875 0.931641 0.916016 0.935547 0.914062 0.941406 0.914062 0.949219 0.912109 0.951172 0.912109 0.957031 0.914062 0.958984 0.912109 0.960938 0.914062 0.964844 0.912109 0.966797 0.914062 0.966797 0.916016 0.970703 0.931641 0.972656 0.937500 0.970703 0.941406 0.962891 0.939453 0.943359 0.935547 0.939453 0.935547 0.935547 0.927734 0.931641
0 0.593750 0.933594 0.591797 0.935547 0.595703 0.939453 0.597656 0.937500 0.597656 0.935547 0.595703 0.933594
0 0.623047 0.943359 0.615234 0.951172 0.613281 0.951172 0.615234 0.953125 0.613281 0.955078 0.613281 0.957031 0.619141 0.964844 0.621094 0.964844 0.623047 0.966797 0.628906 0.966797 0.636719 0.957031 0.634766 0.955078 0.634766 0.951172 0.632812 0.949219 0.632812 0.947266 0.628906 0.943359 0.626953 0.945312 0.625000 0.945312
0 0.531250 0.951172 0.533203 0.951172 0.535156 0.949219 0.531250 0.949219
0 0.763672 0.949219 0.759766 0.953125 0.759766 0.960938 0.761719 0.962891 0.761719 0.964844 0.765625 0.968750 0.765625 0.970703 0.767578 0.972656 0.771484 0.972656 0.777344 0.968750 0.777344 0.957031 0.773438 0.953125 0.773438 0.951172 0.767578 0.951172 0.765625 0.949219
0 0.785156 0.958984 0.783203 0.960938 0.781250 0.960938 0.785156 0.964844 0.787109 0.962891 0.787109 0.960938
0 0.498047 0.962891 0.498047 0.964844 0.501953 0.964844 0.501953 0.962891
0 0.955078 0.968750 0.953125 0.982422 0.949219 0.986328 0.947266 0.994141 0.949219 0.998047 0.998047 0.998047 0.998047 0.978516 0.990234 0.964844 0.978516 0.960938 0.964844 0.960938
0 0.283203 0.972656 0.279297 0.976562 0.279297 0.982422 0.283203 0.986328 0.291016 0.986328 0.292969 0.984375 0.292969 0.976562 0.291016 0.974609 0.289062 0.974609 0.287109 0.972656
0 0.675781 0.974609 0.673828 0.976562 0.673828 0.978516 0.675781 0.980469 0.677734 0.980469 0.679688 0.978516 0.679688 0.976562 0.677734 0.974609
0 0.644531 0.976562 0.640625 0.982422 0.640625 0.988281 0.638672 0.990234 0.640625 0.988281 0.644531 0.992188 0.644531 0.994141 0.650391 0.994141 0.654297 0.990234 0.654297 0.978516 0.652344 0.976562
0 0.480469 0.980469 0.476562 0.984375 0.476562 0.988281 0.478516 0.990234 0.478516 0.992188 0.480469 0.990234 0.484375 0.990234 0.486328 0.988281 0.486328 0.986328
0 0.541016 0.988281 0.539062 0.990234 0.539062 0.992188 0.541016 0.994141 0.542969 0.992188 0.542969 0.990234
0 0.666016 0.990234 0.664062 0.992188 0.664062 0.996094 0.666016 0.998047 0.669922 0.998047 0.669922 0.990234
1 0.898438 0.998047 0.923828 0.998047 0.923828 0.996094 0.921875 0.994141 0.921875 0.992188 0.919922 0.990234 0.917969 0.990234 0.916016 0.988281 0.910156 0.988281 0.908203 0.990234 0.906250 0.990234 0.904297 0.992188 0.902344 0.992188 0.900391 0.994141 0.900391 0.996094
1 0.597656 0.998047 0.611328 0.998047 0.609375 0.998047 0.607422 0.996094 0.605469 0.996094 0.603516 0.994141 0.601562 0.994141
0 0.382812 0.001953 0.378906 0.001953 0.376953 0.000000 0.382812 0.000000
0 0.457031 0.001953 0.453125 0.001953 0.451172 0.000000 0.457031 0.000000
0 0.501953 0.001953 0.498047 0.001953 0.496094 0.000000 0.501953 0.000000
0 0.462891 0.011719 0.462891 0.015625 0.458984 0.015625 0.457031 0.013672 0.460938 0.009766
0 0.078125 0.013672 0.078125 0.017578 0.074219 0.017578 0.072266 0.015625 0.076172 0.011719
0 0.558594 0.021484 0.558594 0.025391 0.554688 0.025391 0.552734 0.023438 0.556641 0.019531
0 0.615234 0.023438 0.615234 0.027344 0.611328 0.027344 0.609375 0.025391 0.613281 0.021484
0 0.458984 0.031250 0.458984 0.035156 0.455078 0.035156 0.453125 0.033203 0.457031 0.029297
0 0.574219 0.035156 0.574219 0.039062 0.570312 0.039062 0.568359 0.037109 0.572266 0.033203
0 0.416016 0.037109 0.416016 0.041016 0.412109 0.041016 0.410156 0.039062 0.414062 0.035156
0 0.177734 0.039062 0.177734 0.042969 0.173828 0.042969 0.171875 0.041016 0.175781 0.037109
0 0.392578 0.050781 0.392578 0.054688 0.388672 0.054688 0.386719 0.052734 0.390625 0.048828
0 0.355469 0.052734 0.355469 0.056641 0.351562 0.056641 0.349609 0.054688 0.353516 0.050781
0 0.177734 0.056641 0.177734 0.060547 0.173828 0.060547 0.171875 0.058594 0.175781 0.054688
0 0.289062 0.058594 0.289062 0.062500 0.285156 0.062500 0.283203 0.060547 0.287109 0.056641
0 0.306641 0.060547 0.306641 0.064453 0.302734 0.064453 0.300781 0.062500 0.304688 0.058594
0 0.255859 0.064453 0.255859 0.068359 0.251953 0.068359 0.250000 0.066406 0.253906 0.062500
0 0.179688 0.076172 0.177734 0.076172 0.175781 0.078125 0.171875 0.078125 0.169922 0.076172 0.169922 0.070312 0.171875 0.068359 0.175781 0.068359 0.177734 0.070312 0.179688 0.070312
0 0.611328 0.085938 0.611328 0.089844 0.607422 0.089844 0.605469 0.087891 0.609375 0.083984
0 0.640625 0.085938 0.640625 0.089844 0.636719 0.089844 0.634766 0.087891 0.638672 0.083984
0 0.203125 0.089844 0.203125 0.093750 0.199219 0.093750 0.197266 0.091797 0.201172 0.087891
0 0.369141 0.095703 0.369141 0.099609 0.365234 0.099609 0.363281 0.097656 0.367188 0.093750
0 0.570312 0.101562 0.570312 0.105469 0.566406 0.105469 0.564453 0.103516 0.568359 0.099609
0 0.457031 0.103516 0.457031 0.107422 0.453125 0.107422 0.451172 0.105469 0.455078 0.101562
0 0.224609 0.105469 0.224609 0.109375 0.220703 0.109375 0.218750 0.107422 0.222656 0.103516
0 0.361328 0.123047 0.361328 0.126953 0.357422 0.126953 0.355469 0.125000 0.359375 0.121094
0 0.322266 0.126953 0.322266 0.130859 0.318359 0.130859 0.316406 0.128906 0.320312 0.125000
0 0.574219 0.134766 0.574219 0.138672 0.570312 0.138672 0.568359 0.136719 0.572266 0.132812
0 0.449219 0.146484 0.449219 0.150391 0.445312 0.150391 0.443359 0.148438 0.447266 0.144531
0 0.669922 0.146484 0.669922 0.150391 0.666016 0.150391 0.664062 0.148438 0.667969 0.144531
0 0.320312 0.152344 0.320312 0.156250 0.316406 0.156250 0.314453 0.154297 0.318359 0.150391
0 0.908203 0.154297 0.908203 0.158203 0.904297 0.158203 0.902344 0.156250 0.906250 0.152344
0 0.533203 0.158203 0.533203 0.162109 0.529297 0.162109 0.527344 0.160156 0.531250 0.156250
0 0.304688 0.169922 0.304688 0.173828 0.300781 0.173828 0.298828 0.171875 0.302734 0.167969
0 0.042969 0.171875 0.042969 0.175781 0.039062 0.175781 0.037109 0.173828 0.041016 0.169922
0 0.222656 0.171875 0.222656 0.175781 0.218750 0.175781 0.216797 0.173828 0.220703 0.169922
0 0.171875 0.173828 0.171875 0.177734 0.167969 0.177734 0.166016 0.175781 0.169922 0.171875
0 0.050781 0.175781 0.050781 0.179688 0.046875 0.179688 0.044922 0.177734 0.048828 0.173828
0 0.312500 0.177734 0.312500 0.181641 0.308594 0.181641 0.306641 0.179688 0.310547 0.175781
0 0.228516 0.183594 0.228516 0.187500 0.224609 0.187500 0.222656 0.185547 0.226562 0.181641
0 0.080078 0.185547 0.080078 0.189453 0.076172 0.189453 0.074219 0.187500 0.078125 0.183594
0 0.089844 0.185547 0.089844 0.189453 0.085938 0.189453 0.083984 0.187500 0.087891 0.183594
0 0.345703 0.185547 0.345703 0.189453 0.341797 0.189453 0.339844 0.187500 0.343750 0.183594
0 0.150391 0.191406 0.148438 0.191406 0.146484 0.193359 0.142578 0.193359 0.140625 0.191406 0.140625 0.185547 0.142578 0.183594 0.146484 0.183594 0.148438 0.185547 0.150391 0.185547
0 0.367188 0.187500 0.367188 0.191406 0.363281 0.191406 0.361328 0.189453 0.365234 0.185547
0 0.441406 0.191406 0.439453 0.191406 0.437500 0.193359 0.433594 0.193359 0.431641 0.191406 0.431641 0.185547 0.433594 0.183594 0.437500 0.183594 0.439453 0.185547 0.441406 0.185547
0 0.412109 0.189453 0.412109 0.193359 0.408203 0.193359 0.406250 0.191406 0.410156 0.187500
0 0.421875 0.191406 0.421875 0.195312 0.417969 0.195312 0.416016 0.193359 0.419922 0.189453
0 0.406250 0.203125 0.404297 0.203125 0.402344 0.205078 0.398438 0.205078 0.396484 0.203125 0.396484 0.197266 0.398438 0.195312 0.402344 0.195312 0.404297 0.197266 0.406250 0.197266
0 0.029297 0.201172 0.029297 0.205078 0.025391 0.205078 0.023438 0.203125 0.027344 0.199219
0 0.039062 0.201172 0.039062 0.205078 0.035156 0.205078 0.033203 0.203125 0.037109 0.199219
0 0.078125 0.205078 0.078125 0.208984 0.074219 0.208984 0.072266 0.207031 0.076172 0.203125
0 0.976562 0.207031 0.976562 0.210938 0.972656 0.210938 0.970703 0.208984 0.974609 0.205078
0 0.419922 0.208984 0.419922 0.212891 0.416016 0.212891 0.414062 0.210938 0.417969 0.207031
0 0.482422 0.212891 0.480469 0.212891 0.478516 0.214844 0.474609 0.214844 0.472656 0.212891 0.472656 0.207031 0.474609 0.205078 0.478516 0.205078 0.480469 0.207031 0.482422 0.207031
0 0.029297 0.214844 0.029297 0.218750 0.025391 0.218750 0.023438 0.216797 0.027344 0.212891
0 0.044922 0.214844 0.044922 0.218750 0.041016 0.218750 0.039062 0.216797 0.042969 0.212891
0 0.279297 0.214844 0.279297 0.218750 0.275391 0.218750 0.273438 0.216797 0.277344 0.212891
0 0.386719 0.218750 0.384766 0.218750 0.382812 0.220703 0.378906 0.220703 0.376953 0.218750 0.376953 0.212891 0.378906 0.210938 0.382812 0.210938 0.384766 0.212891 0.386719 0.212891
0 0.509766 0.214844 0.509766 0.218750 0.505859 0.218750 0.503906 0.216797 0.507812 0.212891
0 0.205078 0.216797 0.205078 0.220703 0.201172 0.220703 0.199219 0.218750 0.203125 0.214844
0 0.443359 0.216797 0.443359 0.220703 0.439453 0.220703 0.437500 0.218750 0.441406 0.214844
0 0.037109 0.218750 0.037109 0.222656 0.033203 0.222656 0.031250 0.220703 0.035156 0.216797
0 0.109375 0.218750 0.109375 0.222656 0.105469 0.222656 0.103516 0.220703 0.107422 0.216797
0 0.070312 0.220703 0.070312 0.224609 0.066406 0.224609 0.064453 0.222656 0.068359 0.218750
0 0.283203 0.222656 0.283203 0.226562 0.279297 0.226562 0.277344 0.224609 0.281250 0.220703
0 0.064453 0.224609 0.064453 0.228516 0.060547 0.228516 0.058594 0.226562 0.062500 0.222656
0 0.318359 0.228516 0.318359 0.232422 0.314453 0.232422 0.312500 0.230469 0.316406 0.226562
0 0.595703 0.230469 0.595703 0.234375 0.591797 0.234375 0.589844 0.232422 0.593750 0.228516
0 0.162109 0.232422 0.162109 0.236328 0.158203 0.236328 0.156250 0.234375 0.160156 0.230469
0 0.294922 0.232422 0.294922 0.236328 0.291016 0.236328 0.289062 0.234375 0.292969 0.230469
0 0.355469 0.238281 0.355469 0.242188 0.351562 0.242188 0.349609 0.240234 0.353516 0.236328
0 0.064453 0.244141 0.062500 0.244141 0.060547 0.246094 0.056641 0.246094 0.054688 0.244141 0.054688 0.238281 0.056641 0.236328 0.060547 0.236328 0.062500 0.238281 0.064453 0.238281
0 0.074219 0.240234 0.074219 0.244141 0.070312 0.244141 0.068359 0.242188 0.072266 0.238281
0 0.046875 0.244141 0.046875 0.248047 0.042969 0.248047 0.041016 0.246094 0.044922 0.242188
0 0.289062 0.246094 0.289062 0.250000 0.285156 0.250000 0.283203 0.248047 0.287109 0.244141
0 0.076172 0.248047 0.076172 0.251953 0.072266 0.251953 0.070312 0.250000 0.074219 0.246094
0 0.416016 0.248047 0.416016 0.251953 0.412109 0.251953 0.410156 0.250000 0.414062 0.246094
0 0.052734 0.253906 0.052734 0.257812 0.048828 0.257812 0.046875 0.255859 0.050781 0.251953
0 0.062500 0.253906 0.062500 0.257812 0.058594 0.257812 0.056641 0.255859 0.060547 0.251953
0 0.431641 0.257812 0.429688 0.257812 0.427734 0.259766 0.423828 0.259766 0.421875 0.257812 0.421875 0.251953 0.423828 0.250000 0.427734 0.250000 0.429688 0.251953 0.431641 0.251953
0 0.417969 0.255859 0.417969 0.259766 0.414062 0.259766 0.412109 0.257812 0.416016 0.253906
0 0.080078 0.257812 0.080078 0.261719 0.076172 0.261719 0.074219 0.259766 0.078125 0.255859
0 0.095703 0.263672 0.095703 0.267578 0.091797 0.267578 0.089844 0.265625 0.093750 0.261719
0 0.181641 0.263672 0.181641 0.267578 0.177734 0.267578 0.175781 0.265625 0.179688 0.261719
0 0.042969 0.267578 0.042969 0.271484 0.039062 0.271484 0.037109 0.269531 0.041016 0.265625
0 0.482422 0.273438 0.482422 0.277344 0.478516 0.277344 0.476562 0.275391 0.480469 0.271484
0 0.265625 0.277344 0.265625 0.281250 0.261719 0.281250 0.259766 0.279297 0.263672 0.275391
0 0.376953 0.277344 0.376953 0.281250 0.373047 0.281250 0.371094 0.279297 0.375000 0.275391
0 0.283203 0.287109 0.281250 0.287109 0.279297 0.289062 0.275391 0.289062 0.273438 0.287109 0.273438 0.281250 0.275391 0.279297 0.279297 0.279297 0.281250 0.281250 0.283203 0.281250
0 0.968750 0.285156 0.968750 0.289062 0.964844 0.289062 0.962891 0.287109 0.966797 0.283203
0 0.093750 0.291016 0.093750 0.294922 0.089844 0.294922 0.087891 0.292969 0.091797 0.289062
0 0.173828 0.292969 0.173828 0.296875 0.169922 0.296875 0.167969 0.294922 0.171875 0.291016
0 0.220703 0.292969 0.220703 0.296875 0.216797 0.296875 0.214844 0.294922 0.218750 0.291016
0 0.044922 0.294922 0.044922 0.298828 0.041016 0.298828 0.039062 0.296875 0.042969 0.292969
0 0.072266 0.294922 0.072266 0.298828 0.068359 0.298828 0.066406 0.296875 0.070312 0.292969
0 0.453125 0.296875 0.453125 0.300781 0.449219 0.300781 0.447266 0.298828 0.451172 0.294922
0 0.367188 0.298828 0.367188 0.302734 0.363281 0.302734 0.361328 0.300781 0.365234 0.296875
0 0.138672 0.304688 0.138672 0.308594 0.134766 0.308594 0.132812 0.306641 0.136719 0.302734
0 0.169922 0.308594 0.169922 0.312500 0.166016 0.312500 0.164062 0.310547 0.167969 0.306641
0 0.236328 0.308594 0.236328 0.312500 0.232422 0.312500 0.230469 0.310547 0.234375 0.306641
0 0.380859 0.308594 0.380859 0.312500 0.376953 0.312500 0.375000 0.310547 0.378906 0.306641
0 0.517578 0.312500 0.517578 0.316406 0.513672 0.316406 0.511719 0.314453 0.515625 0.310547
0 0.861328 0.316406 0.861328 0.320312 0.857422 0.320312 0.855469 0.318359 0.859375 0.314453
0 0.318359 0.320312 0.318359 0.324219 0.314453 0.324219 0.312500 0.322266 0.316406 0.318359
0 0.443359 0.322266 0.443359 0.326172 0.439453 0.326172 0.437500 0.324219 0.441406 0.320312
0 0.251953 0.324219 0.251953 0.328125 0.248047 0.328125 0.246094 0.326172 0.250000 0.322266
0 0.263672 0.324219 0.263672 0.328125 0.259766 0.328125 0.257812 0.326172 0.261719 0.322266
0 0.457031 0.324219 0.457031 0.328125 0.453125 0.328125 0.451172 0.326172 0.455078 0.322266
0 0.154297 0.326172 0.154297 0.330078 0.150391 0.330078 0.148438 0.328125 0.152344 0.324219
0 0.296875 0.330078 0.296875 0.333984 0.292969 0.333984 0.291016 0.332031 0.294922 0.328125
0 0.154297 0.333984 0.154297 0.337891 0.150391 0.337891 0.148438 0.335938 0.152344 0.332031
0 0.490234 0.335938 0.490234 0.339844 0.486328 0.339844 0.484375 0.337891 0.488281 0.333984
0 0.498047 0.339844 0.498047 0.343750 0.494141 0.343750 0.492188 0.341797 0.496094 0.337891
0 0.814453 0.341797 0.814453 0.345703 0.810547 0.345703 0.808594 0.343750 0.812500 0.339844
0 0.406250 0.345703 0.406250 0.349609 0.402344 0.349609 0.400391 0.347656 0.404297 0.343750
0 0.439453 0.349609 0.439453 0.353516 0.435547 0.353516 0.433594 0.351562 0.437500 0.347656
0 0.564453 0.349609 0.564453 0.353516 0.560547 0.353516 0.558594 0.351562 0.562500 0.347656
0 0.185547 0.357422 0.185547 0.361328 0.181641 0.361328 0.179688 0.359375 0.183594 0.355469
0 0.281250 0.357422 0.281250 0.361328 0.277344 0.361328 0.275391 0.359375 0.279297 0.355469
0 0.439453 0.361328 0.439453 0.365234 0.435547 0.365234 0.433594 0.363281 0.437500 0.359375
0 0.369141 0.367188 0.367188 0.367188 0.365234 0.369141 0.361328 0.369141 0.359375 0.367188 0.359375 0.361328 0.361328 0.359375 0.365234 0.359375 0.367188 0.361328 0.369141 0.361328
0 0.384766 0.363281 0.384766 0.367188 0.380859 0.367188 0.378906 0.365234 0.382812 0.361328
0 0.349609 0.367188 0.349609 0.371094 0.345703 0.371094 0.343750 0.369141 0.347656 0.365234
0 0.177734 0.373047 0.177734 0.376953 0.173828 0.376953 0.171875 0.375000 0.175781 0.371094
0 0.486328 0.373047 0.486328 0.376953 0.482422 0.376953 0.480469 0.375000 0.484375 0.371094
0 0.337891 0.375000 0.337891 0.378906 0.333984 0.378906 0.332031 0.376953 0.335938 0.373047
0 0.402344 0.375000 0.402344 0.378906 0.398438 0.378906 0.396484 0.376953 0.400391 0.373047
0 0.185547 0.376953 0.185547 0.380859 0.181641 0.380859 0.179688 0.378906 0.183594 0.375000
0 0.349609 0.376953 0.349609 0.380859 0.345703 0.380859 0.343750 0.378906 0.347656 0.375000
0 0.335938 0.382812 0.335938 0.386719 0.332031 0.386719 0.330078 0.384766 0.333984 0.380859
0 0.453125 0.382812 0.453125 0.386719 0.449219 0.386719 0.447266 0.384766 0.451172 0.380859
0 0.359375 0.386719 0.359375 0.390625 0.355469 0.390625 0.353516 0.388672 0.357422 0.384766
0 0.183594 0.388672 0.183594 0.392578 0.179688 0.392578 0.177734 0.390625 0.181641 0.386719
0 0.203125 0.388672 0.203125 0.392578 0.199219 0.392578 0.197266 0.390625 0.201172 0.386719
0 0.367188 0.388672 0.367188 0.392578 0.363281 0.392578 0.361328 0.390625 0.365234 0.386719
0 0.500000 0.388672 0.500000 0.392578 0.496094 0.392578 0.494141 0.390625 0.498047 0.386719
0 0.675781 0.388672 0.675781 0.392578 0.671875 0.392578 0.669922 0.390625 0.673828 0.386719
0 0.195312 0.390625 0.195312 0.394531 0.191406 0.394531 0.189453 0.392578 0.193359 0.388672
0 0.189453 0.392578 0.189453 0.396484 0.185547 0.396484 0.183594 0.394531 0.187500 0.390625
0 0.408203 0.394531 0.408203 0.398438 0.404297 0.398438 0.402344 0.396484 0.406250 0.392578
0 0.369141 0.400391 0.369141 0.404297 0.365234 0.404297 0.363281 0.402344 0.367188 0.398438
0 0.501953 0.404297 0.501953 0.408203 0.498047 0.408203 0.496094 0.406250 0.500000 0.402344
0 0.421875 0.410156 0.421875 0.414062 0.417969 0.414062 0.416016 0.412109 0.419922 0.408203
0 0.335938 0.414062 0.335938 0.417969 0.332031 0.417969 0.330078 0.416016 0.333984 0.412109
0 0.447266 0.419922 0.447266 0.423828 0.443359 0.423828 0.441406 0.421875 0.445312 0.417969
0 0.339844 0.425781 0.339844 0.429688 0.335938 0.429688 0.333984 0.427734 0.337891 0.423828
0 0.513672 0.429688 0.513672 0.433594 0.509766 0.433594 0.507812 0.431641 0.511719 0.427734
0 0.234375 0.433594 0.234375 0.437500 0.230469 0.437500 0.228516 0.435547 0.232422 0.431641
0 0.322266 0.433594 0.322266 0.437500 0.318359 0.437500 0.316406 0.435547 0.320312 0.431641
0 0.343750 0.433594 0.343750 0.437500 0.339844 0.437500 0.337891 0.435547 0.341797 0.431641
0 0.345703 0.443359 0.345703 0.447266 0.341797 0.447266 0.339844 0.445312 0.343750 0.441406
0 0.382812 0.445312 0.382812 0.449219 0.378906 0.449219 0.376953 0.447266 0.380859 0.443359
0 0.339844 0.451172 0.339844 0.455078 0.335938 0.455078 0.333984 0.453125 0.337891 0.449219
0 0.392578 0.451172 0.392578 0.455078 0.388672 0.455078 0.386719 0.453125 0.390625 0.449219
0 0.767578 0.451172 0.767578 0.455078 0.763672 0.455078 0.761719 0.453125 0.765625 0.449219
0 0.652344 0.458984 0.652344 0.462891 0.648438 0.462891 0.646484 0.460938 0.650391 0.457031
0 0.234375 0.462891 0.234375 0.466797 0.230469 0.466797 0.228516 0.464844 0.232422 0.460938
0 0.330078 0.464844 0.330078 0.468750 0.326172 0.468750 0.324219 0.466797 0.328125 0.462891
0 0.701172 0.464844 0.701172 0.468750 0.697266 0.468750 0.695312 0.466797 0.699219 0.462891
0 0.337891 0.478516 0.337891 0.482422 0.333984 0.482422 0.332031 0.480469 0.335938 0.476562
0 0.322266 0.480469 0.322266 0.484375 0.318359 0.484375 0.316406 0.482422 0.320312 0.478516
0 0.423828 0.480469 0.423828 0.484375 0.419922 0.484375 0.417969 0.482422 0.421875 0.478516
0 0.353516 0.482422 0.353516 0.486328 0.349609 0.486328 0.347656 0.484375 0.351562 0.480469
0 0.769531 0.482422 0.769531 0.486328 0.765625 0.486328 0.763672 0.484375 0.767578 0.480469
0 0.343750 0.484375 0.343750 0.488281 0.339844 0.488281 0.337891 0.486328 0.341797 0.482422
0 0.406250 0.484375 0.406250 0.488281 0.402344 0.488281 0.400391 0.486328 0.404297 0.482422
0 0.501953 0.484375 0.501953 0.488281 0.498047 0.488281 0.496094 0.486328 0.500000 0.482422
0 0.330078 0.492188 0.330078 0.496094 0.326172 0.496094 0.324219 0.494141 0.328125 0.490234
0 0.322266 0.496094 0.322266 0.500000 0.318359 0.500000 0.316406 0.498047 0.320312 0.494141
0 0.341797 0.496094 0.341797 0.500000 0.337891 0.500000 0.335938 0.498047 0.339844 0.494141
0 0.427734 0.496094 0.427734 0.500000 0.423828 0.500000 0.421875 0.498047 0.425781 0.494141
0 0.587891 0.500000 0.587891 0.503906 0.583984 0.503906 0.582031 0.501953 0.585938 0.498047
0 0.423828 0.505859 0.423828 0.509766 0.419922 0.509766 0.417969 0.507812 0.421875 0.503906
0 0.269531 0.511719 0.269531 0.515625 0.265625 0.515625 0.263672 0.513672 0.267578 0.509766
0 0.333984 0.513672 0.333984 0.517578 0.330078 0.517578 0.328125 0.515625 0.332031 0.511719
0 0.447266 0.513672 0.447266 0.517578 0.443359 0.517578 0.441406 0.515625 0.445312 0.511719
0 0.511719 0.515625 0.511719 0.519531 0.507812 0.519531 0.505859 0.517578 0.509766 0.513672
0 0.453125 0.521484 0.453125 0.525391 0.449219 0.525391 0.447266 0.523438 0.451172 0.519531
0 0.283203 0.523438 0.283203 0.527344 0.279297 0.527344 0.277344 0.525391 0.281250 0.521484
0 0.673828 0.523438 0.673828 0.527344 0.669922 0.527344 0.667969 0.525391 0.671875 0.521484
0 0.712891 0.523438 0.712891 0.527344 0.708984 0.527344 0.707031 0.525391 0.710938 0.521484
0 0.294922 0.527344 0.294922 0.531250 0.291016 0.531250 0.289062 0.529297 0.292969 0.525391
0 0.564453 0.527344 0.564453 0.531250 0.560547 0.531250 0.558594 0.529297 0.562500 0.525391
0 0.658203 0.527344 0.658203 0.531250 0.654297 0.531250 0.652344 0.529297 0.656250 0.525391
0 0.255859 0.529297 0.255859 0.533203 0.251953 0.533203 0.250000 0.531250 0.253906 0.527344
0 0.658203 0.535156 0.658203 0.539062 0.654297 0.539062 0.652344 0.537109 0.656250 0.533203
0 0.111328 0.542969 0.111328 0.546875 0.107422 0.546875 0.105469 0.544922 0.109375 0.541016
0 0.542969 0.542969 0.542969 0.546875 0.539062 0.546875 0.537109 0.544922 0.541016 0.541016
0 0.601562 0.542969 0.601562 0.546875 0.597656 0.546875 0.595703 0.544922 0.599609 0.541016
0 0.449219 0.544922 0.449219 0.548828 0.445312 0.548828 0.443359 0.546875 0.447266 0.542969
0 0.689453 0.544922 0.689453 0.548828 0.685547 0.548828 0.683594 0.546875 0.687500 0.542969
0 0.568359 0.550781 0.568359 0.554688 0.564453 0.554688 0.562500 0.552734 0.566406 0.548828
0 0.714844 0.554688 0.712891 0.554688 0.710938 0.556641 0.707031 0.556641 0.705078 0.554688 0.705078 0.548828 0.707031 0.546875 0.710938 0.546875 0.712891 0.548828 0.714844 0.548828
0 0.572266 0.560547 0.572266 0.564453 0.568359 0.564453 0.566406 0.562500 0.570312 0.558594
0 0.546875 0.562500 0.546875 0.566406 0.542969 0.566406 0.541016 0.564453 0.544922 0.560547
0 0.554688 0.566406 0.554688 0.570312 0.550781 0.570312 0.548828 0.568359 0.552734 0.564453
0 0.671875 0.570312 0.671875 0.574219 0.667969 0.574219 0.666016 0.572266 0.669922 0.568359
0 0.515625 0.576172 0.515625 0.580078 0.511719 0.580078 0.509766 0.578125 0.513672 0.574219
0 0.597656 0.576172 0.597656 0.580078 0.593750 0.580078 0.591797 0.578125 0.595703 0.574219
0 0.515625 0.582031 0.515625 0.585938 0.511719 0.585938 0.509766 0.583984 0.513672 0.580078
0 0.365234 0.585938 0.365234 0.589844 0.361328 0.589844 0.359375 0.587891 0.363281 0.583984
0 0.373047 0.589844 0.373047 0.593750 0.369141 0.593750 0.367188 0.591797 0.371094 0.587891
0 0.501953 0.589844 0.501953 0.593750 0.498047 0.593750 0.496094 0.591797 0.500000 0.587891
0 0.384766 0.593750 0.384766 0.597656 0.380859 0.597656 0.378906 0.595703 0.382812 0.591797
0 0.626953 0.597656 0.626953 0.601562 0.623047 0.601562 0.621094 0.599609 0.625000 0.595703
0 0.750000 0.597656 0.750000 0.601562 0.746094 0.601562 0.744141 0.599609 0.748047 0.595703
0 0.490234 0.599609 0.490234 0.603516 0.486328 0.603516 0.484375 0.601562 0.488281 0.597656
0 0.076172 0.605469 0.076172 0.609375 0.072266 0.609375 0.070312 0.607422 0.074219 0.603516
0 0.091797 0.605469 0.091797 0.609375 0.087891 0.609375 0.085938 0.607422 0.089844 0.603516
0 0.681641 0.607422 0.681641 0.611328 0.677734 0.611328 0.675781 0.609375 0.679688 0.605469
0 0.080078 0.611328 0.080078 0.615234 0.076172 0.615234 0.074219 0.613281 0.078125 0.609375
0 0.437500 0.615234 0.437500 0.619141 0.433594 0.619141 0.431641 0.617188 0.435547 0.613281
0 0.591797 0.621094 0.591797 0.625000 0.587891 0.625000 0.585938 0.623047 0.589844 0.619141
0 0.326172 0.623047 0.326172 0.626953 0.322266 0.626953 0.320312 0.625000 0.324219 0.621094
0 0.437500 0.623047 0.437500 0.626953 0.433594 0.626953 0.431641 0.625000 0.435547 0.621094
0 0.447266 0.623047 0.447266 0.626953 0.443359 0.626953 0.441406 0.625000 0.445312 0.621094
0 0.554688 0.623047 0.554688 0.626953 0.550781 0.626953 0.548828 0.625000 0.552734 0.621094
0 0.537109 0.625000 0.537109 0.628906 0.533203 0.628906 0.531250 0.626953 0.535156 0.623047
0 0.562500 0.626953 0.562500 0.630859 0.558594 0.630859 0.556641 0.628906 0.560547 0.625000
0 0.376953 0.630859 0.376953 0.634766 0.373047 0.634766 0.371094 0.632812 0.375000 0.628906
0 0.609375 0.630859 0.609375 0.634766 0.605469 0.634766 0.603516 0.632812 0.607422 0.628906
0 0.515625 0.638672 0.515625 0.642578 0.511719 0.642578 0.509766 0.640625 0.513672 0.636719
0 0.525391 0.638672 0.525391 0.642578 0.521484 0.642578 0.519531 0.640625 0.523438 0.636719
0 0.927734 0.642578 0.925781 0.642578 0.923828 0.644531 0.919922 0.644531 0.917969 0.642578 0.917969 0.636719 0.919922 0.634766 0.923828 0.634766 0.925781 0.636719 0.927734 0.636719
0 0.294922 0.644531 0.294922 0.648438 0.291016 0.648438 0.289062 0.646484 0.292969 0.642578
0 0.361328 0.646484 0.361328 0.650391 0.357422 0.650391 0.355469 0.648438 0.359375 0.644531
0 0.191406 0.648438 0.191406 0.652344 0.187500 0.652344 0.185547 0.650391 0.189453 0.646484
0 0.296875 0.652344 0.296875 0.656250 0.292969 0.656250 0.291016 0.654297 0.294922 0.650391
0 0.343750 0.652344 0.343750 0.656250 0.339844 0.656250 0.337891 0.654297 0.341797 0.650391
0 0.492188 0.652344 0.492188 0.656250 0.488281 0.656250 0.486328 0.654297 0.490234 0.650391
0 0.632812 0.652344 0.632812 0.656250 0.628906 0.656250 0.626953 0.654297 0.630859 0.650391
0 0.048828 0.654297 0.048828 0.658203 0.044922 0.658203 0.042969 0.656250 0.046875 0.652344
0 0.244141 0.654297 0.244141 0.658203 0.240234 0.658203 0.238281 0.656250 0.242188 0.652344
0 0.617188 0.654297 0.617188 0.658203 0.613281 0.658203 0.611328 0.656250 0.615234 0.652344
0 0.609375 0.656250 0.609375 0.660156 0.605469 0.660156 0.603516 0.658203 0.607422 0.654297
0 0.843750 0.656250 0.843750 0.660156 0.839844 0.660156 0.837891 0.658203 0.841797 0.654297
0 0.361328 0.658203 0.361328 0.662109 0.357422 0.662109 0.355469 0.660156 0.359375 0.656250
0 0.251953 0.660156 0.251953 0.664062 0.248047 0.664062 0.246094 0.662109 0.250000 0.658203
0 0.294922 0.660156 0.294922 0.664062 0.291016 0.664062 0.289062 0.662109 0.292969 0.658203
0 0.562500 0.660156 0.562500 0.664062 0.558594 0.664062 0.556641 0.662109 0.560547 0.658203
0 0.324219 0.664062 0.324219 0.667969 0.320312 0.667969 0.318359 0.666016 0.322266 0.662109
0 0.330078 0.666016 0.330078 0.669922 0.326172 0.669922 0.324219 0.667969 0.328125 0.664062
0 0.626953 0.666016 0.626953 0.669922 0.623047 0.669922 0.621094 0.667969 0.625000 0.664062
0 0.218750 0.667969 0.218750 0.671875 0.214844 0.671875 0.212891 0.669922 0.216797 0.666016
0 0.316406 0.667969 0.316406 0.671875 0.312500 0.671875 0.310547 0.669922 0.314453 0.666016
0 0.501953 0.667969 0.501953 0.671875 0.498047 0.671875 0.496094 0.669922 0.500000 0.666016
0 0.654297 0.667969 0.654297 0.671875 0.650391 0.671875 0.648438 0.669922 0.652344 0.666016
0 0.343750 0.677734 0.343750 0.681641 0.339844 0.681641 0.337891 0.679688 0.341797 0.675781
0 0.728516 0.681641 0.726562 0.681641 0.724609 0.683594 0.720703 0.683594 0.718750 0.681641 0.718750 0.675781 0.720703 0.673828 0.724609 0.673828 0.726562 0.675781 0.728516 0.675781
0 0.050781 0.681641 0.050781 0.685547 0.046875 0.685547 0.044922 0.683594 0.048828 0.679688
0 0.476562 0.687500 0.476562 0.691406 0.472656 0.691406 0.470703 0.689453 0.474609 0.685547
0 0.505859 0.689453 0.505859 0.693359 0.501953 0.693359 0.500000 0.691406 0.503906 0.687500
0 0.714844 0.689453 0.714844 0.693359 0.710938 0.693359 0.708984 0.691406 0.712891 0.687500
0 0.189453 0.693359 0.189453 0.697266 0.185547 0.697266 0.183594 0.695312 0.187500 0.691406
0 0.404297 0.695312 0.404297 0.699219 0.400391 0.699219 0.398438 0.697266 0.402344 0.693359
0 0.652344 0.695312 0.652344 0.699219 0.648438 0.699219 0.646484 0.697266 0.650391 0.693359
0 0.052734 0.697266 0.052734 0.701172 0.048828 0.701172 0.046875 0.699219 0.050781 0.695312
0 0.322266 0.699219 0.322266 0.703125 0.318359 0.703125 0.316406 0.701172 0.320312 0.697266
0 0.335938 0.699219 0.335938 0.703125 0.332031 0.703125 0.330078 0.701172 0.333984 0.697266
0 0.345703 0.701172 0.345703 0.705078 0.341797 0.705078 0.339844 0.703125 0.343750 0.699219
0 0.669922 0.701172 0.669922 0.705078 0.666016 0.705078 0.664062 0.703125 0.667969 0.699219
0 0.718750 0.701172 0.718750 0.705078 0.714844 0.705078 0.712891 0.703125 0.716797 0.699219
0 0.619141 0.707031 0.619141 0.710938 0.615234 0.710938 0.613281 0.708984 0.617188 0.705078
0 0.339844 0.714844 0.339844 0.718750 0.335938 0.718750 0.333984 0.716797 0.337891 0.712891
0 0.357422 0.714844 0.357422 0.718750 0.353516 0.718750 0.351562 0.716797 0.355469 0.712891
0 0.392578 0.714844 0.392578 0.718750 0.388672 0.718750 0.386719 0.716797 0.390625 0.712891
0 0.310547 0.716797 0.310547 0.720703 0.306641 0.720703 0.304688 0.718750 0.308594 0.714844
0 0.679688 0.716797 0.679688 0.720703 0.675781 0.720703 0.673828 0.718750 0.677734 0.714844
0 0.328125 0.718750 0.328125 0.722656 0.324219 0.722656 0.322266 0.720703 0.326172 0.716797
0 0.355469 0.722656 0.355469 0.726562 0.351562 0.726562 0.349609 0.724609 0.353516 0.720703
0 0.296875 0.730469 0.296875 0.734375 0.292969 0.734375 0.291016 0.732422 0.294922 0.728516
0 0.376953 0.730469 0.376953 0.734375 0.373047 0.734375 0.371094 0.732422 0.375000 0.728516
0 0.603516 0.732422 0.603516 0.736328 0.599609 0.736328 0.597656 0.734375 0.601562 0.730469
0 0.496094 0.740234 0.496094 0.744141 0.492188 0.744141 0.490234 0.742188 0.494141 0.738281
0 0.861328 0.744141 0.861328 0.748047 0.857422 0.748047 0.855469 0.746094 0.859375 0.742188
0 0.236328 0.746094 0.236328 0.750000 0.232422 0.750000 0.230469 0.748047 0.234375 0.744141
0 0.250000 0.746094 0.250000 0.750000 0.246094 0.750000 0.244141 0.748047 0.248047 0.744141
0 0.296875 0.746094 0.296875 0.750000 0.292969 0.750000 0.291016 0.748047 0.294922 0.744141
0 0.728516 0.748047 0.728516 0.751953 0.724609 0.751953 0.722656 0.750000 0.726562 0.746094
0 0.814453 0.750000 0.814453 0.753906 0.810547 0.753906 0.808594 0.751953 0.812500 0.748047
0 0.378906 0.755859 0.378906 0.759766 0.375000 0.759766 0.373047 0.757812 0.376953 0.753906
0 0.275391 0.761719 0.275391 0.765625 0.271484 0.765625 0.269531 0.763672 0.273438 0.759766
0 0.294922 0.761719 0.294922 0.765625 0.291016 0.765625 0.289062 0.763672 0.292969 0.759766
0 0.570312 0.761719 0.570312 0.765625 0.566406 0.765625 0.564453 0.763672 0.568359 0.759766
0 0.607422 0.761719 0.607422 0.765625 0.603516 0.765625 0.601562 0.763672 0.605469 0.759766
0 0.830078 0.765625 0.830078 0.769531 0.826172 0.769531 0.824219 0.767578 0.828125 0.763672
0 0.263672 0.773438 0.263672 0.777344 0.259766 0.777344 0.257812 0.775391 0.261719 0.771484
0 0.998047 0.775391 0.998047 0.779297 0.994141 0.779297 0.992188 0.777344 0.996094 0.773438
0 0.468750 0.777344 0.468750 0.781250 0.464844 0.781250 0.462891 0.779297 0.466797 0.775391
0 0.619141 0.777344 0.619141 0.781250 0.615234 0.781250 0.613281 0.779297 0.617188 0.775391
0 0.625000 0.777344 0.625000 0.781250 0.621094 0.781250 0.619141 0.779297 0.623047 0.775391
0 0.294922 0.779297 0.294922 0.783203 0.291016 0.783203 0.289062 0.781250 0.292969 0.777344
0 0.634766 0.779297 0.634766 0.783203 0.630859 0.783203 0.628906 0.781250 0.632812 0.777344
0 0.650391 0.781250 0.650391 0.785156 0.646484 0.785156 0.644531 0.783203 0.648438 0.779297
0 0.656250 0.783203 0.656250 0.787109 0.652344 0.787109 0.650391 0.785156 0.654297 0.781250
0 0.601562 0.792969 0.601562 0.796875 0.597656 0.796875 0.595703 0.794922 0.599609 0.791016
0 0.750000 0.792969 0.750000 0.796875 0.746094 0.796875 0.744141 0.794922 0.748047 0.791016
0 0.478516 0.794922 0.478516 0.798828 0.474609 0.798828 0.472656 0.796875 0.476562 0.792969
0 0.666016 0.794922 0.666016 0.798828 0.662109 0.798828 0.660156 0.796875 0.664062 0.792969
0 0.732422 0.798828 0.732422 0.802734 0.728516 0.802734 0.726562 0.800781 0.730469 0.796875
0 0.593750 0.804688 0.591797 0.804688 0.589844 0.806641 0.585938 0.806641 0.583984 0.804688 0.583984 0.798828 0.585938 0.796875 0.589844 0.796875 0.591797 0.798828 0.593750 0.798828
0 0.320312 0.804688 0.320312 0.808594 0.316406 0.808594 0.314453 0.806641 0.318359 0.802734
0 0.314453 0.808594 0.314453 0.812500 0.310547 0.812500 0.308594 0.810547 0.312500 0.806641
0 0.304688 0.810547 0.304688 0.814453 0.300781 0.814453 0.298828 0.812500 0.302734 0.808594
0 0.402344 0.810547 0.402344 0.814453 0.398438 0.814453 0.396484 0.812500 0.400391 0.808594
0 0.537109 0.810547 0.537109 0.814453 0.533203 0.814453 0.531250 0.812500 0.535156 0.808594
0 0.728516 0.810547 0.728516 0.814453 0.724609 0.814453 0.722656 0.812500 0.726562 0.808594
0 0.658203 0.812500 0.658203 0.816406 0.654297 0.816406 0.652344 0.814453 0.656250 0.810547
0 0.453125 0.816406 0.453125 0.820312 0.449219 0.820312 0.447266 0.818359 0.451172 0.814453
0 0.669922 0.820312 0.669922 0.824219 0.666016 0.824219 0.664062 0.822266 0.667969 0.818359
0 0.677734 0.824219 0.677734 0.828125 0.673828 0.828125 0.671875 0.826172 0.675781 0.822266
0 0.851562 0.824219 0.851562 0.828125 0.847656 0.828125 0.845703 0.826172 0.849609 0.822266
0 0.328125 0.826172 0.328125 0.830078 0.324219 0.830078 0.322266 0.828125 0.326172 0.824219
0 0.890625 0.826172 0.890625 0.830078 0.886719 0.830078 0.884766 0.828125 0.888672 0.824219
0 0.306641 0.830078 0.306641 0.833984 0.302734 0.833984 0.300781 0.832031 0.304688 0.828125
0 0.265625 0.832031 0.265625 0.835938 0.261719 0.835938 0.259766 0.833984 0.263672 0.830078
0 0.421875 0.833984 0.421875 0.837891 0.417969 0.837891 0.416016 0.835938 0.419922 0.832031
0 0.437500 0.835938 0.437500 0.839844 0.433594 0.839844 0.431641 0.837891 0.435547 0.833984
0 0.328125 0.839844 0.328125 0.843750 0.324219 0.843750 0.322266 0.841797 0.326172 0.837891
0 0.726562 0.839844 0.726562 0.843750 0.722656 0.843750 0.720703 0.841797 0.724609 0.837891
0 0.695312 0.841797 0.695312 0.845703 0.691406 0.845703 0.689453 0.843750 0.693359 0.839844
0 0.705078 0.853516 0.705078 0.857422 0.701172 0.857422 0.699219 0.855469 0.703125 0.851562
0 0.750000 0.853516 0.750000 0.857422 0.746094 0.857422 0.744141 0.855469 0.748047 0.851562
0 0.789062 0.853516 0.789062 0.857422 0.785156 0.857422 0.783203 0.855469 0.787109 0.851562
0 0.421875 0.855469 0.421875 0.859375 0.417969 0.859375 0.416016 0.857422 0.419922 0.853516
0 0.783203 0.855469 0.783203 0.859375 0.779297 0.859375 0.777344 0.857422 0.781250 0.853516
0 0.923828 0.857422 0.923828 0.861328 0.919922 0.861328 0.917969 0.859375 0.921875 0.855469
0 0.304688 0.865234 0.302734 0.865234 0.300781 0.867188 0.296875 0.867188 0.294922 0.865234 0.294922 0.859375 0.296875 0.857422 0.300781 0.857422 0.302734 0.859375 0.304688 0.859375
0 0.972656 0.867188 0.972656 0.871094 0.968750 0.871094 0.966797 0.869141 0.970703 0.865234
0 0.578125 0.873047 0.578125 0.876953 0.574219 0.876953 0.572266 0.875000 0.576172 0.871094
0 0.246094 0.882812 0.244141 0.882812 0.242188 0.884766 0.238281 0.884766 0.236328 0.882812 0.236328 0.876953 0.238281 0.875000 0.242188 0.875000 0.244141 0.876953 0.246094 0.876953
0 0.701172 0.884766 0.701172 0.888672 0.697266 0.888672 0.695312 0.886719 0.699219 0.882812
0 0.417969 0.886719 0.417969 0.890625 0.414062 0.890625 0.412109 0.888672 0.416016 0.884766
0 0.892578 0.886719 0.892578 0.890625 0.888672 0.890625 0.886719 0.888672 0.890625 0.884766
0 0.705078 0.890625 0.705078 0.894531 0.701172 0.894531 0.699219 0.892578 0.703125 0.888672
0 0.500000 0.898438 0.500000 0.902344 0.496094 0.902344 0.494141 0.900391 0.498047 0.896484
0 0.447266 0.900391 0.447266 0.904297 0.443359 0.904297 0.441406 0.902344 0.445312 0.898438
0 0.689453 0.900391 0.689453 0.904297 0.685547 0.904297 0.683594 0.902344 0.687500 0.898438
0 0.757812 0.900391 0.757812 0.904297 0.753906 0.904297 0.751953 0.902344 0.755859 0.898438
0 0.716797 0.904297 0.716797 0.908203 0.712891 0.908203 0.710938 0.906250 0.714844 0.902344
0 0.998047 0.908203 0.998047 0.912109 0.994141 0.912109 0.992188 0.910156 0.996094 0.906250
0 0.689453 0.910156 0.689453 0.914062 0.685547 0.914062 0.683594 0.912109 0.687500 0.908203
0 0.226562 0.914062 0.226562 0.917969 0.222656 0.917969 0.220703 0.916016 0.224609 0.912109
0 0.683594 0.914062 0.683594 0.917969 0.679688 0.917969 0.677734 0.916016 0.681641 0.912109
0 0.748047 0.916016 0.748047 0.919922 0.744141 0.919922 0.742188 0.917969 0.746094 0.914062
0 0.767578 0.916016 0.767578 0.919922 0.763672 0.919922 0.761719 0.917969 0.765625 0.914062
0 0.404297 0.919922 0.404297 0.923828 0.400391 0.923828 0.398438 0.921875 0.402344 0.917969
0 0.958984 0.919922 0.958984 0.923828 0.955078 0.923828 0.953125 0.921875 0.957031 0.917969
0 0.218750 0.921875 0.218750 0.925781 0.214844 0.925781 0.212891 0.923828 0.216797 0.919922
0 0.546875 0.925781 0.546875 0.929688 0.542969 0.929688 0.541016 0.927734 0.544922 0.923828
0 0.666016 0.929688 0.664062 0.929688 0.662109 0.931641 0.658203 0.931641 0.656250 0.929688 0.656250 0.923828 0.658203 0.921875 0.662109 0.921875 0.664062 0.923828 0.666016 0.923828
0 0.746094 0.929688 0.746094 0.933594 0.742188 0.933594 0.740234 0.931641 0.744141 0.927734
0 0.546875 0.935547 0.546875 0.939453 0.542969 0.939453 0.541016 0.937500 0.544922 0.933594
0 0.554688 0.935547 0.554688 0.939453 0.550781 0.939453 0.548828 0.937500 0.552734 0.933594
0 0.843750 0.935547 0.843750 0.939453 0.839844 0.939453 0.837891 0.937500 0.841797 0.933594
0 0.300781 0.943359 0.300781 0.947266 0.296875 0.947266 0.294922 0.945312 0.298828 0.941406
0 0.750000 0.943359 0.750000 0.947266 0.746094 0.947266 0.744141 0.945312 0.748047 0.941406
0 0.308594 0.949219 0.308594 0.953125 0.304688 0.953125 0.302734 0.951172 0.306641 0.947266
0 0.843750 0.949219 0.843750 0.953125 0.839844 0.953125 0.837891 0.951172 0.841797 0.947266
0 0.298828 0.951172 0.298828 0.955078 0.294922 0.955078 0.292969 0.953125 0.296875 0.949219
0 0.548828 0.953125 0.548828 0.957031 0.544922 0.957031 0.542969 0.955078 0.546875 0.951172
0 0.648438 0.953125 0.648438 0.957031 0.644531 0.957031 0.642578 0.955078 0.646484 0.951172
0 0.291016 0.955078 0.291016 0.958984 0.287109 0.958984 0.285156 0.957031 0.289062 0.953125
0 0.390625 0.957031 0.390625 0.960938 0.386719 0.960938 0.384766 0.958984 0.388672 0.955078
0 0.527344 0.957031 0.527344 0.960938 0.523438 0.960938 0.521484 0.958984 0.525391 0.955078
0 0.318359 0.958984 0.318359 0.962891 0.314453 0.962891 0.312500 0.960938 0.316406 0.957031
0 0.292969 0.964844 0.292969 0.968750 0.289062 0.968750 0.287109 0.966797 0.291016 0.962891
0 0.480469 0.964844 0.480469 0.968750 0.476562 0.968750 0.474609 0.966797 0.478516 0.962891
0 0.908203 0.966797 0.908203 0.970703 0.904297 0.970703 0.902344 0.968750 0.906250 0.964844
0 0.564453 0.970703 0.564453 0.974609 0.560547 0.974609 0.558594 0.972656 0.562500 0.968750
0 0.750000 0.974609 0.750000 0.978516 0.746094 0.978516 0.744141 0.976562 0.748047 0.972656
0 0.771484 0.980469 0.771484 0.984375 0.767578 0.984375 0.765625 0.982422 0.769531 0.978516
0 0.896484 0.982422 0.896484 0.986328 0.892578 0.986328 0.890625 0.984375 0.894531 0.980469
0 0.464844 0.984375 0.464844 0.988281 0.460938 0.988281 0.458984 0.986328 0.462891 0.982422
0 0.882812 0.984375 0.882812 0.988281 0.878906 0.988281 0.876953 0.986328 0.880859 0.982422
0 0.625000 0.996094 0.625000 0.998047 0.619141 0.998047 0.623047 0.994141
