0 0.093750 0.044922 0.091797 0.044922 0.089844 0.042969 0.087891 0.042969 0.085938 0.044922 0.083984 0.044922 0.083984 0.046875 0.082031 0.048828 0.082031 0.050781 0.085938 0.054688 0.089844 0.054688 0.093750 0.050781
0 0.148438 0.062500 0.142578 0.062500 0.140625 0.064453 0.140625 0.070312 0.142578 0.072266 0.144531 0.072266 0.148438 0.068359 0.148438 0.066406 0.150391 0.064453
1 0.046875 0.076172 0.042969 0.072266 0.041016 0.072266 0.035156 0.078125 0.031250 0.078125 0.027344 0.082031 0.031250 0.085938 0.033203 0.085938 0.037109 0.082031 0.039062 0.082031 0.041016 0.080078 0.042969 0.080078
1 0.013672 0.105469 0.011719 0.105469 0.009766 0.107422 0.011719 0.109375 0.009766 0.111328 0.009766 0.115234 0.007812 0.117188 0.005859 0.117188 0.001953 0.121094 0.001953 0.125000 0.007812 0.119141 0.007812 0.117188 0.009766 0.115234 0.011719 0.117188 0.011719 0.119141 0.013672 0.121094 0.013672 0.117188 0.011719 0.115234 0.011719 0.113281 0.015625 0.109375 0.015625 0.107422
0 0.201172 0.115234 0.201172 0.117188 0.199219 0.119141 0.199219 0.121094 0.201172 0.123047 0.205078 0.123047 0.208984 0.119141 0.205078 0.115234
0 0.175781 0.125000 0.173828 0.125000 0.169922 0.128906 0.169922 0.130859 0.171875 0.132812 0.175781 0.132812 0.177734 0.130859 0.177734 0.126953
0 0.232422 0.203125 0.230469 0.205078 0.230469 0.210938 0.234375 0.214844 0.240234 0.214844 0.244141 0.210938 0.244141 0.207031 0.240234 0.203125
0 0.673828 0.203125 0.671875 0.205078 0.671875 0.208984 0.675781 0.212891 0.681641 0.212891 0.683594 0.210938 0.683594 0.205078 0.681641 0.203125
0 0.283203 0.220703 0.281250 0.222656 0.283203 0.224609 0.285156 0.222656
0 0.720703 0.238281 0.720703 0.242188 0.722656 0.244141 0.724609 0.244141 0.726562 0.242188 0.726562 0.240234 0.724609 0.238281
0 0.449219 0.244141 0.445312 0.248047 0.447266 0.250000 0.447266 0.251953 0.449219 0.251953 0.451172 0.250000 0.451172 0.246094
0 0.589844 0.244141 0.585938 0.244141 0.585938 0.248047 0.587891 0.248047 0.589844 0.246094
0 0.312500 0.248047 0.310547 0.248047 0.308594 0.250000 0.310547 0.251953 0.312500 0.250000
0 0.275391 0.304688 0.275391 0.306641 0.279297 0.306641 0.279297 0.304688
0 0.171875 0.310547 0.169922 0.308594 0.167969 0.310547 0.167969 0.312500 0.169922 0.312500
0 0.843750 0.310547 0.843750 0.312500 0.845703 0.314453 0.845703 0.310547
0 0.894531 0.310547 0.892578 0.312500 0.892578 0.314453 0.894531 0.316406 0.898438 0.316406 0.900391 0.314453 0.898438 0.312500 0.898438 0.310547
0 0.460938 0.316406 0.458984 0.314453 0.457031 0.314453 0.455078 0.316406 0.455078 0.320312 0.458984 0.320312 0.460938 0.318359
0 0.568359 0.314453 0.566406 0.316406 0.566406 0.322266 0.570312 0.326172 0.574219 0.326172 0.576172 0.324219 0.576172 0.322266 0.578125 0.320312 0.578125 0.318359 0.574219 0.314453
1 0.289062 0.322266 0.287109 0.322266 0.285156 0.324219 0.283203 0.324219 0.281250 0.326172 0.285156 0.326172
0 0.535156 0.322266 0.531250 0.326172 0.531250 0.339844 0.541016 0.353516 0.544922 0.355469 0.552734 0.355469 0.556641 0.349609 0.566406 0.341797 0.566406 0.335938 0.542969 0.320312
0 0.789062 0.326172 0.789062 0.328125 0.791016 0.330078 0.792969 0.330078 0.794922 0.328125 0.792969 0.326172
0 0.466797 0.333984 0.464844 0.335938 0.464844 0.337891 0.466797 0.339844 0.468750 0.339844 0.470703 0.337891 0.470703 0.335938 0.468750 0.333984
0 0.341797 0.337891 0.337891 0.337891 0.339844 0.339844 0.339844 0.341797 0.341797 0.339844
0 0.289062 0.339844 0.287109 0.339844 0.285156 0.341797 0.285156 0.343750 0.287109 0.345703 0.289062 0.343750
0 0.365234 0.349609 0.361328 0.349609 0.361328 0.351562 0.363281 0.353516 0.365234 0.351562
0 0.287109 0.353516 0.285156 0.355469 0.287109 0.357422
0 0.529297 0.355469 0.529297 0.357422 0.527344 0.359375 0.527344 0.361328 0.529297 0.363281 0.531250 0.363281 0.533203 0.361328 0.533203 0.357422 0.531250 0.355469
0 0.236328 0.361328 0.234375 0.363281 0.236328 0.365234 0.238281 0.363281
0 0.283203 0.365234 0.283203 0.371094 0.287109 0.375000 0.287109 0.365234
0 0.857422 0.371094 0.855469 0.373047 0.855469 0.375000 0.857422 0.376953 0.859375 0.376953 0.861328 0.375000 0.861328 0.373047 0.859375 0.371094
0 0.275391 0.375000 0.273438 0.376953 0.275391 0.378906 0.277344 0.376953
1 0.302734 0.376953 0.300781 0.375000 0.298828 0.376953 0.296875 0.376953 0.294922 0.378906 0.292969 0.378906 0.292969 0.380859 0.291016 0.382812 0.300781 0.382812 0.302734 0.380859
0 0.199219 0.380859 0.197266 0.378906 0.195312 0.380859 0.195312 0.382812 0.197266 0.382812
0 0.285156 0.378906 0.283203 0.378906 0.281250 0.380859 0.281250 0.384766 0.283203 0.386719 0.285156 0.384766
0 0.546875 0.384766 0.544922 0.386719 0.544922 0.390625 0.550781 0.390625 0.550781 0.386719 0.548828 0.384766
0 0.294922 0.386719 0.294922 0.392578 0.296875 0.392578 0.298828 0.390625 0.298828 0.388672 0.296875 0.386719
0 0.691406 0.390625 0.689453 0.392578 0.691406 0.394531 0.693359 0.394531 0.695312 0.392578 0.693359 0.390625
1 0.728516 0.406250 0.728516 0.408203 0.734375 0.414062 0.736328 0.412109 0.744141 0.419922 0.744141 0.423828 0.751953 0.431641 0.753906 0.431641 0.757812 0.427734 0.759766 0.427734 0.761719 0.425781 0.761719 0.417969 0.755859 0.412109 0.753906 0.412109 0.751953 0.410156 0.750000 0.410156 0.748047 0.412109 0.746094 0.412109 0.736328 0.402344 0.732422 0.402344
0 0.519531 0.406250 0.513672 0.410156 0.513672 0.421875 0.517578 0.425781 0.523438 0.425781 0.525391 0.423828 0.525391 0.412109 0.523438 0.410156 0.523438 0.408203 0.521484 0.408203
0 0.470703 0.410156 0.470703 0.414062 0.472656 0.414062 0.474609 0.412109 0.472656 0.410156
0 0.792969 0.417969 0.794922 0.419922 0.798828 0.419922 0.800781 0.417969 0.798828 0.416016 0.794922 0.416016
0 0.730469 0.437500 0.728516 0.439453 0.728516 0.447266 0.730469 0.449219 0.736328 0.449219 0.738281 0.447266 0.738281 0.441406 0.734375 0.437500
0 0.505859 0.443359 0.496094 0.441406 0.488281 0.447266 0.482422 0.457031 0.482422 0.472656 0.488281 0.476562 0.500000 0.476562 0.501953 0.474609 0.505859 0.474609 0.511719 0.468750 0.513672 0.457031
0 0.662109 0.445312 0.660156 0.447266 0.660156 0.449219 0.662109 0.451172 0.664062 0.451172 0.666016 0.449219 0.666016 0.447266 0.664062 0.445312
0 0.388672 0.453125 0.386719 0.453125 0.384766 0.455078 0.386719 0.457031 0.388672 0.455078
0 0.826172 0.460938 0.824219 0.458984 0.822266 0.458984 0.820312 0.460938 0.820312 0.464844 0.824219 0.464844 0.826172 0.462891
0 0.673828 0.460938 0.666016 0.460938 0.662109 0.466797 0.662109 0.476562 0.666016 0.480469 0.669922 0.480469 0.675781 0.476562 0.675781 0.472656 0.677734 0.470703 0.677734 0.464844
0 0.710938 0.464844 0.710938 0.470703 0.712891 0.472656 0.716797 0.472656 0.718750 0.470703 0.718750 0.466797 0.716797 0.466797 0.714844 0.464844
0 0.556641 0.474609 0.554688 0.476562 0.552734 0.476562 0.550781 0.478516 0.550781 0.480469 0.548828 0.482422 0.548828 0.484375 0.550781 0.486328 0.550781 0.488281 0.552734 0.490234 0.558594 0.490234 0.564453 0.484375 0.564453 0.480469 0.560547 0.476562 0.558594 0.476562
0 0.931641 0.480469 0.927734 0.484375 0.927734 0.488281 0.929688 0.490234 0.933594 0.490234 0.935547 0.488281 0.935547 0.484375
0 0.576172 0.484375 0.576172 0.486328 0.574219 0.488281 0.574219 0.501953 0.580078 0.507812 0.589844 0.507812 0.593750 0.501953 0.593750 0.498047 0.591797 0.496094 0.591797 0.492188 0.585938 0.486328 0.583984 0.486328 0.582031 0.484375
0 0.603516 0.484375 0.599609 0.488281 0.599609 0.492188 0.601562 0.494141 0.603516 0.494141 0.605469 0.496094 0.607422 0.494141 0.607422 0.488281
0 0.517578 0.496094 0.515625 0.498047 0.515625 0.503906 0.517578 0.505859 0.523438 0.505859 0.525391 0.503906 0.525391 0.498047 0.523438 0.498047 0.521484 0.496094
0 0.675781 0.500000 0.671875 0.503906 0.671875 0.509766 0.673828 0.511719 0.675781 0.509766 0.677734 0.511719 0.681641 0.511719 0.685547 0.507812 0.681641 0.503906 0.681641 0.501953 0.679688 0.500000
0 0.601562 0.507812 0.601562 0.513672 0.605469 0.513672 0.607422 0.511719 0.607422 0.509766 0.605469 0.507812
1 0.718750 0.509766 0.716797 0.509766 0.714844 0.507812 0.712891 0.507812 0.710938 0.509766 0.710938 0.511719 0.703125 0.519531 0.701172 0.517578 0.699219 0.519531 0.699219 0.521484 0.695312 0.525391 0.697266 0.527344 0.699219 0.527344 0.703125 0.531250 0.707031 0.527344 0.708984 0.527344 0.710938 0.525391 0.710938 0.519531 0.714844 0.515625 0.718750 0.515625 0.720703 0.513672 0.720703 0.511719
1 0.654297 0.517578 0.654297 0.519531 0.658203 0.523438 0.667969 0.523438 0.669922 0.521484 0.669922 0.517578 0.667969 0.517578 0.666016 0.519531 0.660156 0.519531 0.658203 0.517578
0 0.681641 0.531250 0.679688 0.533203 0.681641 0.535156 0.683594 0.535156 0.683594 0.531250
0 0.537109 0.537109 0.535156 0.537109 0.533203 0.539062 0.533203 0.541016 0.535156 0.542969 0.537109 0.541016
0 0.376953 0.541016 0.375000 0.539062 0.373047 0.539062 0.369141 0.542969 0.371094 0.544922 0.375000 0.544922 0.376953 0.542969
0 0.472656 0.548828 0.466797 0.542969 0.460938 0.542969 0.457031 0.546875 0.458984 0.558594 0.453125 0.564453 0.447266 0.560547 0.431641 0.564453 0.417969 0.578125 0.421875 0.589844 0.431641 0.591797 0.441406 0.582031 0.449219 0.582031 0.458984 0.587891 0.480469 0.585938 0.470703 0.576172 0.468750 0.556641
0 0.705078 0.542969 0.705078 0.546875 0.710938 0.552734 0.712891 0.552734 0.716797 0.548828 0.710938 0.542969
0 0.845703 0.546875 0.843750 0.546875 0.839844 0.550781 0.841797 0.552734 0.841797 0.554688 0.845703 0.554688 0.847656 0.552734 0.847656 0.548828
0 0.548828 0.554688 0.544922 0.554688 0.541016 0.558594 0.541016 0.566406 0.548828 0.566406 0.550781 0.564453 0.550781 0.556641
0 0.769531 0.556641 0.765625 0.560547 0.765625 0.572266 0.767578 0.572266 0.773438 0.576172 0.777344 0.576172 0.781250 0.572266 0.781250 0.570312 0.783203 0.568359 0.783203 0.564453 0.779297 0.560547 0.779297 0.558594 0.777344 0.556641
0 0.890625 0.554688 0.890625 0.556641 0.892578 0.558594 0.894531 0.558594 0.896484 0.556641 0.894531 0.554688
0 0.833984 0.560547 0.832031 0.560547 0.830078 0.558594 0.826172 0.562500 0.824219 0.562500 0.824219 0.564453 0.820312 0.568359 0.818359 0.568359 0.816406 0.570312 0.816406 0.576172 0.818359 0.576172 0.820312 0.578125 0.830078 0.578125 0.832031 0.576172 0.833984 0.576172 0.835938 0.574219 0.835938 0.568359 0.833984 0.566406
1 0.351562 0.564453 0.355469 0.564453 0.357422 0.566406 0.353516 0.562500
1 0.523438 0.564453 0.523438 0.576172 0.525391 0.578125 0.525391 0.580078 0.521484 0.583984 0.519531 0.583984 0.517578 0.585938 0.517578 0.589844 0.521484 0.593750 0.521484 0.595703 0.525391 0.595703 0.529297 0.599609 0.533203 0.595703 0.533203 0.587891 0.529297 0.583984 0.529297 0.580078 0.531250 0.578125 0.529297 0.576172 0.529297 0.574219 0.535156 0.568359 0.531250 0.564453
0 0.968750 0.568359 0.968750 0.570312 0.970703 0.570312 0.972656 0.572266 0.974609 0.572266 0.974609 0.570312 0.976562 0.568359 0.974609 0.566406 0.972656 0.566406 0.970703 0.568359
0 0.392578 0.570312 0.390625 0.570312 0.386719 0.574219 0.384766 0.574219 0.384766 0.580078 0.386719 0.582031 0.388672 0.582031 0.392578 0.578125 0.394531 0.578125 0.394531 0.576172 0.396484 0.574219
0 0.355469 0.574219 0.353516 0.576172 0.357422 0.580078 0.357422 0.578125 0.359375 0.576172 0.357422 0.574219
0 0.646484 0.574219 0.642578 0.578125 0.642578 0.580078 0.646484 0.583984 0.650391 0.583984 0.652344 0.582031 0.652344 0.576172 0.650391 0.574219
0 0.669922 0.578125 0.667969 0.580078 0.667969 0.587891 0.669922 0.589844 0.675781 0.589844 0.675781 0.587891 0.677734 0.585938 0.677734 0.580078 0.675781 0.578125
1 0.394531 0.583984 0.388672 0.589844 0.386719 0.589844 0.384766 0.591797 0.384766 0.593750 0.386719 0.593750 0.388672 0.595703 0.390625 0.595703 0.394531 0.599609 0.396484 0.597656 0.398438 0.599609 0.398438 0.601562 0.402344 0.605469 0.402344 0.607422 0.406250 0.611328 0.410156 0.607422 0.410156 0.601562 0.402344 0.593750 0.402344 0.591797 0.400391 0.589844 0.400391 0.587891 0.398438 0.587891
0 0.576172 0.583984 0.572266 0.587891 0.572266 0.591797 0.570312 0.593750 0.572266 0.593750 0.576172 0.597656 0.583984 0.597656 0.583984 0.595703 0.585938 0.593750 0.585938 0.589844 0.580078 0.583984
0 0.718750 0.589844 0.714844 0.593750 0.712891 0.593750 0.712891 0.599609 0.714844 0.601562 0.720703 0.601562 0.724609 0.597656 0.724609 0.595703
0 0.552734 0.593750 0.548828 0.593750 0.546875 0.595703 0.546875 0.599609 0.550781 0.603516 0.554688 0.599609 0.554688 0.595703
0 0.886719 0.595703 0.884766 0.597656 0.884766 0.601562 0.890625 0.601562 0.892578 0.599609 0.892578 0.597656 0.890625 0.595703
0 0.863281 0.597656 0.861328 0.599609 0.861328 0.603516 0.863281 0.605469 0.865234 0.605469 0.867188 0.603516 0.867188 0.601562
0 0.615234 0.601562 0.613281 0.603516 0.615234 0.605469 0.615234 0.607422 0.619141 0.607422 0.619141 0.605469 0.621094 0.603516 0.619141 0.601562
0 0.757812 0.603516 0.755859 0.605469 0.755859 0.611328 0.759766 0.615234 0.761719 0.615234 0.763672 0.613281 0.765625 0.613281 0.765625 0.611328 0.767578 0.609375 0.767578 0.607422 0.763672 0.603516
0 0.982422 0.607422 0.980469 0.609375 0.978516 0.609375 0.974609 0.613281 0.974609 0.615234 0.976562 0.617188 0.976562 0.619141 0.978516 0.621094 0.980469 0.619141 0.982422 0.619141 0.982422 0.617188 0.984375 0.615234 0.984375 0.609375
0 0.714844 0.611328 0.714844 0.613281 0.716797 0.615234 0.718750 0.615234 0.718750 0.611328
0 0.781250 0.611328 0.779297 0.613281 0.779297 0.617188 0.781250 0.619141 0.781250 0.621094 0.787109 0.621094 0.789062 0.619141 0.789062 0.615234 0.785156 0.611328
0 0.287109 0.613281 0.287109 0.615234 0.285156 0.617188 0.283203 0.617188 0.281250 0.619141 0.281250 0.623047 0.285156 0.626953 0.289062 0.623047 0.289062 0.617188 0.287109 0.615234
0 0.378906 0.617188 0.378906 0.621094 0.380859 0.621094 0.380859 0.617188
0 0.808594 0.619141 0.806641 0.621094 0.806641 0.625000 0.808594 0.626953 0.812500 0.626953 0.814453 0.625000 0.814453 0.621094 0.812500 0.619141
0 0.603516 0.621094 0.601562 0.623047 0.601562 0.626953 0.603516 0.628906 0.605469 0.628906 0.607422 0.626953 0.607422 0.623047 0.605469 0.621094
1 0.693359 0.623047 0.689453 0.626953 0.693359 0.630859 0.691406 0.632812 0.691406 0.634766 0.693359 0.636719 0.693359 0.638672 0.699219 0.644531 0.697266 0.646484 0.697266 0.648438 0.699219 0.650391 0.703125 0.646484 0.699219 0.642578 0.699219 0.640625 0.697266 0.638672 0.699219 0.636719 0.699219 0.632812 0.697266 0.632812 0.695312 0.630859 0.695312 0.623047
0 0.289062 0.628906 0.283203 0.634766 0.283203 0.642578 0.285156 0.644531 0.283203 0.646484 0.285156 0.644531 0.287109 0.646484 0.294922 0.648438 0.298828 0.652344 0.298828 0.658203 0.302734 0.660156 0.304688 0.658203 0.302734 0.656250 0.302734 0.646484 0.304688 0.644531 0.304688 0.638672 0.302734 0.634766 0.304688 0.630859 0.298828 0.630859 0.296875 0.626953 0.294922 0.628906
0 0.480469 0.630859 0.478516 0.632812 0.472656 0.632812 0.466797 0.638672 0.464844 0.648438 0.466797 0.650391 0.468750 0.660156 0.470703 0.660156 0.478516 0.667969 0.484375 0.667969 0.486328 0.666016 0.492188 0.666016 0.500000 0.658203 0.500000 0.648438 0.494141 0.636719 0.490234 0.632812
0 0.712891 0.632812 0.712891 0.636719 0.718750 0.642578 0.720703 0.642578 0.724609 0.638672 0.724609 0.632812 0.722656 0.630859 0.716797 0.630859 0.714844 0.632812
0 0.330078 0.636719 0.328125 0.634766 0.326172 0.634766 0.324219 0.632812 0.322266 0.634766 0.318359 0.634766 0.312500 0.640625 0.312500 0.642578 0.314453 0.644531 0.316406 0.644531 0.318359 0.646484 0.320312 0.646484 0.324219 0.642578 0.328125 0.642578 0.330078 0.640625
0 0.609375 0.634766 0.609375 0.636719 0.603516 0.644531 0.603516 0.656250 0.607422 0.660156 0.613281 0.662109 0.617188 0.666016 0.621094 0.662109 0.621094 0.658203 0.625000 0.650391 0.625000 0.646484 0.623047 0.644531 0.625000 0.640625 0.619141 0.634766
0 0.826172 0.632812 0.824219 0.634766 0.824219 0.638672 0.828125 0.642578 0.832031 0.642578 0.832031 0.634766 0.828125 0.634766
1 0.841797 0.638672 0.839844 0.640625 0.839844 0.644531 0.841797 0.646484 0.841797 0.648438 0.837891 0.652344 0.837891 0.654297 0.833984 0.658203 0.837891 0.662109 0.837891 0.667969 0.843750 0.673828 0.847656 0.673828 0.855469 0.666016 0.855469 0.662109 0.851562 0.658203 0.849609 0.658203 0.843750 0.652344 0.843750 0.650391 0.849609 0.644531 0.849609 0.642578 0.845703 0.638672
0 0.861328 0.636719 0.859375 0.638672 0.859375 0.640625 0.861328 0.642578 0.865234 0.642578 0.867188 0.640625 0.867188 0.638672 0.865234 0.636719
0 0.554688 0.640625 0.552734 0.644531 0.554688 0.648438 0.554688 0.652344 0.552734 0.654297 0.554688 0.656250 0.554688 0.666016 0.552734 0.667969 0.556641 0.669922 0.566406 0.669922 0.572266 0.658203 0.572266 0.648438 0.562500 0.640625 0.560547 0.642578 0.558594 0.640625
0 0.343750 0.650391 0.343750 0.654297 0.347656 0.658203 0.349609 0.658203 0.355469 0.652344 0.357422 0.654297 0.355469 0.652344 0.355469 0.648438 0.353516 0.646484 0.347656 0.646484
0 0.445312 0.646484 0.441406 0.646484 0.439453 0.648438 0.439453 0.650391 0.441406 0.652344 0.443359 0.652344 0.445312 0.650391
1 0.646484 0.644531 0.642578 0.648438 0.644531 0.650391 0.642578 0.652344 0.640625 0.652344 0.638672 0.654297 0.634766 0.654297 0.630859 0.658203 0.634766 0.662109 0.642578 0.654297 0.644531 0.654297 0.646484 0.652344 0.648438 0.652344 0.650391 0.650391 0.650391 0.648438
0 0.525391 0.648438 0.519531 0.654297 0.517578 0.654297 0.515625 0.656250 0.515625 0.660156 0.523438 0.667969 0.525391 0.667969 0.529297 0.671875 0.529297 0.675781 0.533203 0.675781 0.531250 0.673828 0.531250 0.667969 0.535156 0.664062 0.535156 0.658203 0.533203 0.656250 0.533203 0.654297 0.527344 0.648438
0 0.720703 0.650391 0.720703 0.652344 0.722656 0.654297 0.722656 0.658203 0.724609 0.660156 0.728516 0.660156 0.730469 0.658203 0.730469 0.654297 0.724609 0.648438 0.722656 0.650391
1 0.998047 0.650391 0.994141 0.654297 0.994141 0.658203 0.996094 0.660156 0.996094 0.662109 0.998047 0.662109
0 0.146484 0.656250 0.144531 0.658203 0.144531 0.660156 0.146484 0.662109 0.148438 0.662109 0.150391 0.660156 0.150391 0.658203 0.148438 0.656250
0 0.748047 0.656250 0.746094 0.658203 0.748047 0.660156 0.750000 0.660156 0.751953 0.658203 0.750000 0.656250
0 0.695312 0.666016 0.693359 0.666016 0.691406 0.667969 0.689453 0.667969 0.689453 0.673828 0.691406 0.675781 0.693359 0.675781 0.697266 0.671875 0.697266 0.667969
0 0.546875 0.669922 0.544922 0.669922 0.539062 0.675781 0.541016 0.677734 0.541016 0.679688 0.539062 0.681641 0.539062 0.685547 0.542969 0.689453 0.544922 0.689453 0.546875 0.687500 0.546875 0.685547 0.544922 0.683594 0.550781 0.679688 0.546875 0.675781 0.548828 0.673828 0.548828 0.671875
0 0.753906 0.673828 0.753906 0.669922 0.751953 0.669922 0.750000 0.671875 0.748047 0.671875 0.750000 0.671875 0.751953 0.673828
0 0.865234 0.669922 0.867188 0.671875 0.867188 0.675781 0.865234 0.677734 0.865234 0.679688 0.867188 0.679688 0.869141 0.681641 0.871094 0.681641 0.873047 0.683594 0.873047 0.681641 0.875000 0.679688 0.875000 0.673828 0.873047 0.671875 0.871094 0.671875 0.869141 0.669922 0.867188 0.671875
0 0.664062 0.671875 0.664062 0.673828 0.666016 0.675781 0.667969 0.675781 0.669922 0.673828 0.667969 0.671875
0 0.710938 0.671875 0.708984 0.673828 0.708984 0.675781 0.710938 0.677734 0.710938 0.675781 0.712891 0.673828
0 0.810547 0.673828 0.810547 0.675781 0.808594 0.677734 0.808594 0.679688 0.812500 0.683594 0.814453 0.683594 0.818359 0.679688 0.818359 0.677734 0.814453 0.673828
0 0.558594 0.689453 0.558594 0.691406 0.562500 0.695312 0.566406 0.695312 0.570312 0.699219 0.578125 0.703125 0.580078 0.701172 0.587891 0.701172 0.591797 0.699219 0.591797 0.693359 0.593750 0.691406 0.591797 0.691406 0.582031 0.683594 0.578125 0.683594 0.576172 0.681641 0.564453 0.681641
0 0.726562 0.679688 0.726562 0.681641 0.724609 0.683594 0.724609 0.685547 0.726562 0.685547 0.730469 0.689453 0.732422 0.689453 0.736328 0.685547 0.736328 0.683594 0.732422 0.679688
0 0.923828 0.679688 0.921875 0.681641 0.921875 0.685547 0.917969 0.689453 0.917969 0.695312 0.923828 0.699219 0.929688 0.699219 0.933594 0.695312 0.933594 0.689453
0 0.642578 0.683594 0.644531 0.685547 0.646484 0.685547 0.646484 0.683594
0 0.783203 0.685547 0.777344 0.691406 0.779297 0.693359 0.779297 0.697266 0.781250 0.699219 0.789062 0.699219 0.791016 0.697266 0.791016 0.693359 0.787109 0.689453 0.787109 0.687500 0.785156 0.685547
0 0.861328 0.687500 0.853516 0.695312 0.855469 0.708984 0.861328 0.716797 0.871094 0.716797 0.876953 0.708984 0.876953 0.699219 0.875000 0.697266 0.875000 0.695312 0.869141 0.689453 0.863281 0.689453
0 0.767578 0.693359 0.761719 0.693359 0.763672 0.697266 0.755859 0.705078 0.746094 0.699219 0.750000 0.697266 0.740234 0.695312 0.730469 0.703125 0.732422 0.707031 0.730469 0.710938 0.740234 0.720703 0.746094 0.720703 0.755859 0.712891 0.769531 0.710938
0 0.458984 0.697266 0.458984 0.701172 0.460938 0.701172 0.460938 0.697266
0 0.359375 0.703125 0.357422 0.705078 0.355469 0.703125 0.353516 0.705078 0.353516 0.707031 0.355469 0.708984 0.357422 0.707031 0.357422 0.705078
0 0.888672 0.710938 0.888672 0.712891 0.886719 0.714844 0.886719 0.718750 0.888672 0.720703 0.892578 0.720703 0.894531 0.718750 0.894531 0.714844 0.890625 0.710938
0 0.701172 0.730469 0.691406 0.738281 0.703125 0.753906 0.701172 0.761719 0.708984 0.763672 0.720703 0.753906 0.722656 0.750000 0.722656 0.742188 0.724609 0.740234 0.722656 0.742188 0.718750 0.734375 0.712891 0.730469
0 0.126953 0.736328 0.123047 0.736328 0.123047 0.738281 0.125000 0.740234 0.126953 0.738281
0 0.607422 0.736328 0.605469 0.738281 0.603516 0.734375 0.595703 0.734375 0.589844 0.742188 0.591797 0.761719 0.589844 0.763672 0.583984 0.759766 0.580078 0.759766 0.576172 0.765625 0.585938 0.769531 0.589844 0.763672 0.597656 0.767578 0.605469 0.767578 0.611328 0.763672 0.611328 0.744141 0.607422 0.740234
0 0.773438 0.738281 0.771484 0.740234 0.769531 0.738281 0.769531 0.736328 0.765625 0.736328 0.763672 0.734375 0.759766 0.734375 0.753906 0.738281 0.753906 0.748047 0.755859 0.750000 0.759766 0.750000 0.761719 0.748047 0.763672 0.748047 0.767578 0.744141 0.771484 0.744141
0 0.804688 0.736328 0.800781 0.740234 0.804688 0.744141 0.808594 0.744141 0.810547 0.742188 0.810547 0.736328
0 0.666016 0.744141 0.666016 0.750000 0.667969 0.751953 0.669922 0.750000 0.671875 0.750000 0.673828 0.748047 0.673828 0.746094 0.671875 0.744141
0 0.726562 0.748047 0.728516 0.750000 0.728516 0.751953 0.732422 0.755859 0.738281 0.755859 0.740234 0.753906 0.740234 0.748047 0.738281 0.746094 0.736328 0.746094 0.734375 0.744141 0.732422 0.744141 0.728516 0.748047
0 0.917969 0.742188 0.916016 0.744141 0.914062 0.744141 0.910156 0.748047 0.910156 0.761719 0.912109 0.763672 0.914062 0.763672 0.917969 0.767578 0.923828 0.767578 0.925781 0.765625 0.927734 0.765625 0.927734 0.763672 0.929688 0.761719 0.929688 0.751953 0.927734 0.750000 0.925781 0.744141 0.921875 0.744141 0.919922 0.742188
1 0.802734 0.759766 0.798828 0.763672 0.806641 0.771484 0.806641 0.775391 0.810547 0.779297 0.816406 0.773438 0.814453 0.771484 0.812500 0.771484 0.810547 0.769531 0.810547 0.767578 0.808594 0.765625 0.808594 0.763672 0.804688 0.759766
0 0.818359 0.757812 0.818359 0.759766 0.816406 0.761719 0.818359 0.763672 0.824219 0.763672 0.824219 0.759766 0.822266 0.757812
0 0.158203 0.767578 0.158203 0.769531 0.160156 0.769531 0.160156 0.767578
1 0.746094 0.775391 0.732422 0.767578 0.703125 0.781250 0.699219 0.802734 0.683594 0.787109 0.669922 0.789062 0.675781 0.820312 0.654297 0.820312 0.638672 0.839844 0.638672 0.859375 0.617188 0.869141 0.619141 0.888672 0.644531 0.890625 0.669922 0.847656 0.695312 0.851562 0.705078 0.806641 0.726562 0.830078 0.730469 0.857422 0.748047 0.863281 0.771484 0.849609 0.769531 0.818359 0.722656 0.794922 0.742188 0.789062
0 0.759766 0.765625 0.755859 0.769531 0.755859 0.771484 0.757812 0.773438 0.757812 0.777344 0.761719 0.781250 0.763672 0.781250 0.765625 0.779297 0.765625 0.767578 0.763672 0.767578 0.761719 0.765625
0 0.951172 0.767578 0.949219 0.765625 0.941406 0.765625 0.935547 0.771484 0.933594 0.771484 0.933594 0.777344 0.935547 0.779297 0.945312 0.779297 0.947266 0.777344 0.949219 0.777344 0.951172 0.775391
0 0.544922 0.771484 0.541016 0.775391 0.541016 0.777344 0.537109 0.781250 0.537109 0.783203 0.539062 0.783203 0.541016 0.785156 0.541016 0.789062 0.544922 0.792969 0.550781 0.792969 0.554688 0.789062 0.554688 0.785156 0.556641 0.783203 0.556641 0.779297 0.558594 0.777344 0.552734 0.771484
0 0.443359 0.773438 0.441406 0.775391 0.443359 0.777344 0.443359 0.779297 0.447266 0.779297 0.449219 0.777344 0.445312 0.773438
0 0.607422 0.775391 0.611328 0.779297 0.617188 0.779297 0.615234 0.777344 0.617188 0.775391 0.615234 0.773438 0.613281 0.773438 0.611328 0.775391 0.609375 0.773438
0 0.859375 0.775391 0.853516 0.781250 0.853516 0.789062 0.857422 0.792969 0.863281 0.792969 0.869141 0.787109 0.869141 0.781250 0.863281 0.775391
1 0.982422 0.779297 0.980469 0.781250 0.980469 0.783203 0.982422 0.781250
1 0.412109 0.781250 0.410156 0.781250 0.408203 0.783203 0.404297 0.783203 0.404297 0.785156 0.402344 0.787109 0.402344 0.794922 0.398438 0.798828 0.396484 0.798828 0.394531 0.800781 0.394531 0.802734 0.390625 0.806641 0.394531 0.810547 0.394531 0.812500 0.396484 0.814453 0.400391 0.814453 0.404297 0.810547 0.404297 0.808594 0.406250 0.806641 0.406250 0.800781 0.404297 0.798828 0.406250 0.796875 0.408203 0.796875 0.410156 0.794922 0.410156 0.783203
0 0.755859 0.787109 0.751953 0.791016 0.755859 0.794922 0.757812 0.794922 0.759766 0.792969 0.759766 0.791016 0.757812 0.789062 0.757812 0.787109
0 0.833984 0.785156 0.826172 0.792969 0.826172 0.796875 0.830078 0.800781 0.830078 0.804688 0.833984 0.808594 0.837891 0.808594 0.841797 0.804688 0.841797 0.802734 0.843750 0.800781 0.843750 0.792969 0.839844 0.787109
0 0.900391 0.785156 0.896484 0.789062 0.898438 0.791016 0.898438 0.794922 0.900391 0.796875 0.906250 0.796875 0.908203 0.794922 0.908203 0.792969 0.910156 0.791016 0.910156 0.789062 0.908203 0.789062 0.904297 0.785156
0 0.429688 0.789062 0.427734 0.791016 0.427734 0.796875 0.429688 0.798828 0.433594 0.798828 0.435547 0.796875 0.435547 0.792969 0.431641 0.789062
0 0.923828 0.794922 0.923828 0.800781 0.925781 0.800781 0.927734 0.802734 0.931641 0.802734 0.933594 0.800781 0.935547 0.800781 0.935547 0.792969 0.933594 0.792969 0.931641 0.791016 0.927734 0.791016
0 0.593750 0.794922 0.589844 0.794922 0.587891 0.796875 0.587891 0.800781 0.583984 0.804688 0.583984 0.806641 0.585938 0.808594 0.589844 0.808594 0.591797 0.806641 0.595703 0.806641 0.597656 0.804688 0.597656 0.798828
1 0.628906 0.806641 0.626953 0.806641 0.625000 0.808594 0.623047 0.808594 0.621094 0.810547 0.621094 0.814453 0.617188 0.818359 0.619141 0.820312 0.621094 0.820312 0.623047 0.822266 0.623047 0.826172 0.625000 0.828125 0.621094 0.832031 0.621094 0.833984 0.619141 0.835938 0.619141 0.837891 0.623047 0.841797 0.625000 0.841797 0.628906 0.837891 0.628906 0.835938 0.626953 0.833984 0.626953 0.828125 0.628906 0.826172 0.630859 0.826172 0.636719 0.820312 0.634766 0.818359 0.634766 0.814453 0.632812 0.812500 0.632812 0.810547
0 0.138672 0.814453 0.132812 0.814453 0.130859 0.816406 0.130859 0.818359 0.134766 0.822266 0.138672 0.818359
0 0.882812 0.814453 0.880859 0.814453 0.878906 0.816406 0.876953 0.816406 0.878906 0.818359 0.878906 0.822266 0.876953 0.824219 0.875000 0.824219 0.875000 0.826172 0.878906 0.830078 0.882812 0.830078 0.886719 0.826172 0.886719 0.824219 0.884766 0.822266 0.884766 0.816406
0 0.962891 0.814453 0.960938 0.816406 0.958984 0.816406 0.957031 0.818359 0.957031 0.822266 0.958984 0.824219 0.962891 0.824219 0.964844 0.822266 0.964844 0.816406
0 0.585938 0.820312 0.583984 0.822266 0.585938 0.824219 0.585938 0.826172 0.589844 0.826172 0.591797 0.824219 0.591797 0.822266 0.589844 0.820312
0 0.455078 0.828125 0.453125 0.830078 0.453125 0.832031 0.455078 0.833984 0.457031 0.832031 0.457031 0.830078
0 0.822266 0.833984 0.820312 0.835938 0.820312 0.839844 0.822266 0.841797 0.824219 0.841797 0.826172 0.839844 0.826172 0.835938 0.824219 0.833984
1 0.455078 0.849609 0.453125 0.847656 0.451172 0.841797 0.449219 0.839844 0.447266 0.839844 0.439453 0.847656 0.435547 0.847656 0.429688 0.851562 0.425781 0.851562 0.423828 0.849609 0.423828 0.847656 0.417969 0.847656 0.416016 0.849609 0.414062 0.855469 0.408203 0.859375 0.410156 0.861328 0.410156 0.865234 0.412109 0.867188 0.414062 0.867188 0.414062 0.865234 0.419922 0.859375 0.421875 0.859375 0.425781 0.853516 0.427734 0.853516 0.429688 0.851562 0.439453 0.851562 0.441406 0.853516 0.445312 0.853516 0.447266 0.855469 0.451172 0.855469 0.455078 0.851562
0 0.476562 0.839844 0.472656 0.843750 0.472656 0.849609 0.476562 0.853516 0.480469 0.853516 0.482422 0.851562 0.484375 0.851562 0.484375 0.849609 0.486328 0.847656 0.486328 0.845703 0.484375 0.843750 0.484375 0.841797 0.482422 0.841797 0.480469 0.839844
0 0.568359 0.841797 0.568359 0.845703 0.570312 0.847656 0.572266 0.847656 0.574219 0.845703 0.574219 0.843750 0.572266 0.841797
0 0.867188 0.841797 0.861328 0.847656 0.863281 0.851562 0.861328 0.855469 0.867188 0.863281 0.867188 0.873047 0.865234 0.876953 0.871094 0.882812 0.875000 0.882812 0.884766 0.875000 0.888672 0.869141 0.888672 0.863281 0.882812 0.857422 0.880859 0.849609 0.875000 0.841797 0.871094 0.843750
0 0.126953 0.845703 0.125000 0.847656 0.125000 0.851562 0.126953 0.853516 0.128906 0.853516 0.130859 0.851562 0.130859 0.849609
0 0.837891 0.845703 0.839844 0.847656 0.841797 0.845703 0.843750 0.845703 0.841797 0.843750 0.839844 0.843750
0 0.943359 0.843750 0.939453 0.847656 0.937500 0.847656 0.937500 0.849609 0.935547 0.851562 0.937500 0.853516 0.937500 0.859375 0.939453 0.861328 0.945312 0.861328 0.947266 0.859375 0.949219 0.861328 0.947266 0.859375 0.947266 0.853516 0.943359 0.849609 0.945312 0.847656 0.945312 0.843750
0 0.363281 0.853516 0.361328 0.851562 0.359375 0.851562 0.355469 0.855469 0.357422 0.857422 0.361328 0.857422 0.363281 0.855469
0 0.707031 0.853516 0.707031 0.855469 0.708984 0.857422 0.710938 0.857422 0.712891 0.855469 0.710938 0.853516
0 0.386719 0.857422 0.384766 0.859375 0.380859 0.859375 0.380859 0.863281 0.378906 0.865234 0.378906 0.869141 0.376953 0.871094 0.376953 0.875000 0.378906 0.876953 0.382812 0.876953 0.384766 0.875000 0.388672 0.875000 0.394531 0.871094 0.394531 0.867188 0.388672 0.861328 0.388672 0.859375
0 0.505859 0.855469 0.501953 0.859375 0.501953 0.875000 0.507812 0.878906 0.517578 0.878906 0.521484 0.875000 0.521484 0.867188 0.513672 0.859375 0.513672 0.857422 0.511719 0.857422 0.509766 0.855469
0 0.187500 0.861328 0.185547 0.861328 0.183594 0.863281 0.183594 0.867188 0.185547 0.869141 0.189453 0.865234 0.189453 0.863281
1 0.542969 0.861328 0.548828 0.861328 0.550781 0.863281 0.550781 0.861328 0.548828 0.859375 0.544922 0.859375
0 0.427734 0.869141 0.423828 0.873047 0.423828 0.876953 0.427734 0.880859 0.429688 0.880859 0.433594 0.876953 0.433594 0.875000 0.429688 0.871094 0.429688 0.869141
0 0.306641 0.871094 0.304688 0.873047 0.304688 0.880859 0.308594 0.884766 0.310547 0.890625 0.314453 0.894531 0.320312 0.894531 0.324219 0.890625 0.324219 0.884766 0.322266 0.882812 0.322266 0.878906 0.320312 0.876953 0.320312 0.875000 0.316406 0.871094
0 0.343750 0.873047 0.339844 0.876953 0.339844 0.886719 0.341797 0.888672 0.347656 0.888672 0.351562 0.884766 0.351562 0.876953 0.347656 0.873047
0 0.701172 0.873047 0.701172 0.876953 0.703125 0.878906 0.707031 0.878906 0.707031 0.875000 0.705078 0.873047
0 0.964844 0.871094 0.966797 0.873047 0.968750 0.873047 0.968750 0.871094
0 0.730469 0.880859 0.730469 0.882812 0.728516 0.884766 0.728516 0.886719 0.730469 0.888672 0.734375 0.888672 0.736328 0.886719 0.736328 0.882812 0.734375 0.880859
0 0.585938 0.884766 0.585938 0.888672 0.587891 0.888672 0.589844 0.886719 0.587891 0.884766
0 0.787109 0.884766 0.789062 0.886719 0.792969 0.886719 0.791016 0.884766 0.791016 0.882812 0.789062 0.882812
1 0.949219 0.888672 0.953125 0.888672 0.955078 0.886719 0.957031 0.888672 0.960938 0.888672 0.962891 0.886719 0.960938 0.884766 0.958984 0.884766 0.957031 0.886719 0.955078 0.884766 0.951172 0.884766 0.951172 0.886719
0 0.988281 0.886719 0.986328 0.888672 0.986328 0.890625 0.984375 0.892578 0.988281 0.896484 0.992188 0.896484 0.996094 0.892578 0.996094 0.888672 0.994141 0.886719
1 0.769531 0.900391 0.765625 0.896484 0.761719 0.900391 0.751953 0.900391 0.748047 0.904297 0.753906 0.910156 0.757812 0.906250 0.757812 0.904297 0.759766 0.902344 0.767578 0.902344
0 0.421875 0.902344 0.421875 0.904297 0.423828 0.906250 0.425781 0.906250 0.427734 0.908203 0.429688 0.908203 0.431641 0.910156 0.435547 0.910156 0.439453 0.906250 0.439453 0.902344 0.437500 0.900391 0.437500 0.898438 0.431641 0.898438 0.429688 0.900391 0.423828 0.900391
0 0.896484 0.898438 0.892578 0.898438 0.888672 0.902344 0.886719 0.902344 0.886719 0.917969 0.884766 0.919922 0.890625 0.923828 0.894531 0.919922 0.896484 0.919922 0.894531 0.917969 0.896484 0.916016 0.902344 0.916016 0.904297 0.914062 0.904297 0.904297
0 0.556641 0.902344 0.556641 0.904297 0.554688 0.906250 0.554688 0.908203 0.556641 0.910156 0.556641 0.912109 0.558594 0.914062 0.564453 0.914062 0.564453 0.912109 0.566406 0.910156 0.566406 0.908203 0.564453 0.906250 0.564453 0.904297 0.562500 0.904297 0.560547 0.902344
0 0.320312 0.906250 0.318359 0.908203 0.318359 0.914062 0.320312 0.916016 0.326172 0.916016 0.326172 0.906250
0 0.433594 0.917969 0.431641 0.919922 0.431641 0.923828 0.433594 0.925781 0.435547 0.925781 0.437500 0.923828 0.437500 0.919922 0.435547 0.917969
0 0.453125 0.919922 0.458984 0.925781 0.460938 0.925781 0.462891 0.923828 0.462891 0.921875 0.464844 0.919922 0.462891 0.919922 0.460938 0.917969 0.455078 0.917969
0 0.501953 0.919922 0.498047 0.919922 0.496094 0.921875 0.496094 0.923828 0.498047 0.925781 0.498047 0.927734 0.500000 0.925781 0.501953 0.925781
0 0.599609 0.923828 0.597656 0.925781 0.597656 0.927734 0.599609 0.929688 0.601562 0.929688 0.603516 0.927734 0.603516 0.925781 0.601562 0.923828
0 0.843750 0.921875 0.841797 0.923828 0.841797 0.925781 0.839844 0.927734 0.839844 0.929688 0.843750 0.933594 0.843750 0.935547 0.845703 0.933594 0.847656 0.933594 0.847656 0.923828 0.845703 0.923828
1 0.968750 0.927734 0.968750 0.929688 0.970703 0.931641 0.974609 0.931641 0.976562 0.929688 0.978516 0.929688 0.980469 0.931641 0.980469 0.933594 0.982422 0.933594 0.984375 0.935547 0.986328 0.935547 0.988281 0.933594 0.986328 0.931641 0.980469 0.931641 0.978516 0.929688 0.978516 0.927734 0.974609 0.923828 0.972656 0.923828
0 0.433594 0.943359 0.433594 0.947266 0.435547 0.947266 0.437500 0.943359 0.439453 0.945312 0.441406 0.943359 0.443359 0.945312 0.443359 0.951172 0.449219 0.957031 0.455078 0.957031 0.466797 0.951172 0.464844 0.949219 0.466797 0.947266 0.464844 0.937500 0.453125 0.929688 0.447266 0.929688 0.441406 0.935547 0.441406 0.943359 0.439453 0.945312 0.437500 0.943359
0 0.513672 0.929688 0.509766 0.929688 0.509766 0.933594 0.511719 0.935547 0.513672 0.933594
0 0.777344 0.949219 0.767578 0.943359 0.761719 0.943359 0.757812 0.947266 0.750000 0.935547 0.744141 0.931641 0.722656 0.951172 0.722656 0.957031 0.726562 0.960938 0.728516 0.970703 0.738281 0.974609 0.746094 0.968750 0.748047 0.955078 0.753906 0.945312 0.759766 0.949219 0.757812 0.951172 0.759766 0.953125 0.775391 0.953125
0 0.705078 0.933594 0.703125 0.935547 0.703125 0.939453 0.705078 0.941406 0.707031 0.941406 0.707031 0.939453 0.708984 0.937500 0.708984 0.935547 0.707031 0.935547
0 0.632812 0.939453 0.628906 0.939453 0.626953 0.941406 0.626953 0.947266 0.628906 0.949219 0.630859 0.949219 0.632812 0.947266 0.634766 0.947266 0.636719 0.945312 0.634766 0.943359 0.634766 0.941406
0 0.675781 0.939453 0.671875 0.943359 0.671875 0.947266 0.673828 0.949219 0.673828 0.951172 0.675781 0.953125 0.685547 0.953125 0.685547 0.951172 0.687500 0.949219 0.685547 0.947266 0.685547 0.943359 0.681641 0.939453
0 0.863281 0.939453 0.861328 0.941406 0.863281 0.943359 0.865234 0.943359 0.867188 0.941406 0.865234 0.939453
0 0.880859 0.941406 0.878906 0.943359 0.876953 0.943359 0.873047 0.947266 0.871094 0.953125 0.873047 0.955078 0.875000 0.960938 0.876953 0.960938 0.882812 0.964844 0.884766 0.962891 0.888672 0.962891 0.892578 0.958984 0.892578 0.949219 0.886719 0.943359
0 0.373047 0.949219 0.371094 0.951172 0.371094 0.953125 0.369141 0.955078 0.369141 0.960938 0.373047 0.964844 0.375000 0.964844 0.376953 0.962891 0.378906 0.962891 0.380859 0.960938 0.380859 0.955078 0.375000 0.949219
0 0.408203 0.953125 0.404297 0.953125 0.402344 0.955078 0.402344 0.958984 0.404297 0.960938 0.404297 0.962891 0.406250 0.960938 0.410156 0.960938 0.410156 0.955078
0 0.437500 0.964844 0.439453 0.966797 0.441406 0.966797 0.443359 0.964844 0.445312 0.964844 0.443359 0.964844 0.441406 0.962891 0.439453 0.962891
1 0.322266 0.976562 0.326172 0.980469 0.328125 0.980469 0.330078 0.978516 0.339844 0.986328 0.349609 0.986328 0.353516 0.982422 0.361328 0.982422 0.367188 0.978516 0.378906 0.982422 0.367188 0.970703 0.367188 0.968750 0.365234 0.966797 0.361328 0.966797 0.359375 0.964844 0.357422 0.964844 0.355469 0.966797 0.353516 0.964844 0.341797 0.964844 0.339844 0.966797 0.333984 0.968750 0.328125 0.974609 0.326172 0.972656
0 0.423828 0.964844 0.419922 0.968750 0.419922 0.972656 0.421875 0.974609 0.421875 0.976562 0.423828 0.978516 0.429688 0.978516 0.431641 0.976562 0.431641 0.970703 0.427734 0.966797 0.425781 0.966797
0 0.757812 0.966797 0.757812 0.968750 0.753906 0.972656 0.755859 0.974609 0.755859 0.976562 0.753906 0.978516 0.753906 0.982422 0.759766 0.988281 0.761719 0.988281 0.767578 0.994141 0.769531 0.994141 0.773438 0.990234 0.773438 0.986328 0.775391 0.984375 0.773438 0.982422 0.773438 0.972656 0.769531 0.966797
0 0.476562 0.974609 0.476562 0.982422 0.480469 0.982422 0.482422 0.980469 0.480469 0.978516 0.480469 0.974609
1 0.599609 0.974609 0.595703 0.978516 0.595703 0.980469 0.607422 0.992188 0.605469 0.994141 0.605469 0.996094 0.613281 0.996094 0.613281 0.992188 0.611328 0.990234 0.609375 0.990234 0.607422 0.988281 0.607422 0.984375 0.609375 0.982422 0.609375 0.978516 0.605469 0.974609
0 0.642578 0.978516 0.638672 0.982422 0.638672 0.986328 0.640625 0.986328 0.642578 0.988281 0.646484 0.988281 0.648438 0.986328 0.648438 0.982422 0.644531 0.978516
0 0.480469 0.988281 0.480469 0.990234 0.482422 0.992188 0.482422 0.996094 0.488281 0.996094 0.494141 0.990234 0.488281 0.990234 0.484375 0.986328 0.482422 0.988281
0 0.300781 0.988281 0.298828 0.990234 0.298828 0.994141 0.296875 0.996094 0.298828 0.998047 0.306641 0.998047 0.308594 0.996094 0.308594 0.994141 0.302734 0.988281
0 0.384766 0.990234 0.382812 0.992188 0.382812 0.994141 0.386719 0.998047 0.388672 0.998047 0.388672 0.992188 0.386719 0.990234
0 0.574219 0.996094 0.574219 0.998047 0.591797 0.998047 0.591797 0.994141 0.587891 0.990234 0.580078 0.990234
1 0.673828 0.996094 0.673828 0.998047 0.691406 0.998047 0.691406 0.996094 0.687500 0.992188 0.685547 0.992188 0.683594 0.990234 0.681641 0.990234 0.677734 0.994141 0.675781 0.994141
1 0.560547 0.996094 0.560547 0.998047 0.568359 0.998047 0.566406 0.998047 0.564453 0.996094
0 0.505859 0.029297 0.505859 0.033203 0.501953 0.033203 0.500000 0.031250 0.503906 0.027344
0 0.470703 0.060547 0.470703 0.064453 0.466797 0.064453 0.464844 0.062500 0.468750 0.058594
0 0.906250 0.072266 0.904297 0.072266 0.902344 0.074219 0.898438 0.074219 0.896484 0.072266 0.896484 0.066406 0.898438 0.064453 0.902344 0.064453 0.904297 0.066406 0.906250 0.066406
0 0.000000 0.080078 0.000000 0.070312 0.001953 0.072266 0.003906 0.072266 0.003906 0.078125 0.001953 0.078125
0 0.455078 0.076172 0.455078 0.080078 0.451172 0.080078 0.449219 0.078125 0.453125 0.074219
0 0.015625 0.080078 0.015625 0.083984 0.011719 0.083984 0.009766 0.082031 0.013672 0.078125
0 0.062500 0.080078 0.062500 0.083984 0.058594 0.083984 0.056641 0.082031 0.060547 0.078125
0 0.007812 0.089844 0.003906 0.089844 0.001953 0.087891 0.001953 0.085938 0.003906 0.083984 0.007812 0.085938
0 0.046875 0.087891 0.046875 0.091797 0.042969 0.091797 0.041016 0.089844 0.044922 0.085938
0 0.060547 0.089844 0.060547 0.093750 0.056641 0.093750 0.054688 0.091797 0.058594 0.087891
0 0.023438 0.093750 0.023438 0.097656 0.019531 0.097656 0.017578 0.095703 0.021484 0.091797
0 0.064453 0.101562 0.064453 0.105469 0.060547 0.105469 0.058594 0.103516 0.062500 0.099609
0 0.031250 0.107422 0.031250 0.111328 0.027344 0.111328 0.025391 0.109375 0.029297 0.105469
0 0.046875 0.109375 0.044922 0.111328 0.044922 0.113281 0.042969 0.115234 0.037109 0.115234 0.035156 0.113281 0.035156 0.111328 0.033203 0.109375 0.033203 0.107422 0.035156 0.105469 0.035156 0.103516 0.037109 0.101562 0.042969 0.101562 0.044922 0.103516 0.044922 0.105469 0.046875 0.107422
0 0.001953 0.128906 0.000000 0.128906 0.000000 0.115234 0.001953 0.115234 0.003906 0.117188 0.003906 0.119141 0.005859 0.121094 0.005859 0.123047 0.003906 0.125000 0.003906 0.126953
0 0.031250 0.125000 0.031250 0.128906 0.027344 0.128906 0.025391 0.126953 0.029297 0.123047
0 0.046875 0.128906 0.046875 0.132812 0.042969 0.132812 0.041016 0.130859 0.044922 0.126953
0 0.398438 0.136719 0.398438 0.140625 0.394531 0.140625 0.392578 0.138672 0.396484 0.134766
0 0.011719 0.138672 0.011719 0.142578 0.007812 0.142578 0.005859 0.140625 0.009766 0.136719
0 0.025391 0.138672 0.025391 0.142578 0.021484 0.142578 0.019531 0.140625 0.023438 0.136719
0 0.500000 0.138672 0.500000 0.142578 0.496094 0.142578 0.494141 0.140625 0.498047 0.136719
0 0.001953 0.146484 0.000000 0.146484 0.000000 0.140625 0.000000 0.142578 0.001953 0.144531
0 0.373047 0.146484 0.373047 0.150391 0.369141 0.150391 0.367188 0.148438 0.371094 0.144531
0 0.230469 0.158203 0.230469 0.162109 0.226562 0.162109 0.224609 0.160156 0.228516 0.156250
0 0.375000 0.160156 0.375000 0.164062 0.371094 0.164062 0.369141 0.162109 0.373047 0.158203
0 0.357422 0.162109 0.357422 0.166016 0.353516 0.166016 0.351562 0.164062 0.355469 0.160156
0 0.269531 0.171875 0.269531 0.175781 0.265625 0.175781 0.263672 0.173828 0.267578 0.169922
0 0.296875 0.171875 0.296875 0.175781 0.292969 0.175781 0.291016 0.173828 0.294922 0.169922
0 0.845703 0.189453 0.845703 0.193359 0.841797 0.193359 0.839844 0.191406 0.843750 0.187500
0 0.328125 0.199219 0.328125 0.203125 0.324219 0.203125 0.322266 0.201172 0.326172 0.197266
0 0.400391 0.199219 0.400391 0.203125 0.396484 0.203125 0.394531 0.201172 0.398438 0.197266
0 0.443359 0.201172 0.443359 0.205078 0.439453 0.205078 0.437500 0.203125 0.441406 0.199219
0 0.210938 0.212891 0.210938 0.216797 0.207031 0.216797 0.205078 0.214844 0.208984 0.210938
0 0.406250 0.212891 0.406250 0.216797 0.402344 0.216797 0.400391 0.214844 0.404297 0.210938
0 0.330078 0.214844 0.330078 0.218750 0.326172 0.218750 0.324219 0.216797 0.328125 0.212891
0 0.123047 0.216797 0.123047 0.220703 0.119141 0.220703 0.117188 0.218750 0.121094 0.214844
0 0.378906 0.216797 0.378906 0.220703 0.375000 0.220703 0.373047 0.218750 0.376953 0.214844
0 0.533203 0.224609 0.533203 0.228516 0.529297 0.228516 0.527344 0.226562 0.531250 0.222656
0 0.169922 0.226562 0.169922 0.230469 0.166016 0.230469 0.164062 0.228516 0.167969 0.224609
0 0.330078 0.228516 0.330078 0.232422 0.326172 0.232422 0.324219 0.230469 0.328125 0.226562
0 0.322266 0.230469 0.322266 0.234375 0.318359 0.234375 0.316406 0.232422 0.320312 0.228516
0 0.460938 0.230469 0.460938 0.234375 0.457031 0.234375 0.455078 0.232422 0.458984 0.228516
0 0.486328 0.230469 0.486328 0.234375 0.482422 0.234375 0.480469 0.232422 0.484375 0.228516
0 0.867188 0.230469 0.867188 0.234375 0.863281 0.234375 0.861328 0.232422 0.865234 0.228516
0 0.228516 0.232422 0.228516 0.236328 0.224609 0.236328 0.222656 0.234375 0.226562 0.230469
0 0.250000 0.232422 0.250000 0.236328 0.246094 0.236328 0.244141 0.234375 0.248047 0.230469
0 0.265625 0.240234 0.265625 0.244141 0.261719 0.244141 0.259766 0.242188 0.263672 0.238281
0 0.556641 0.242188 0.556641 0.246094 0.552734 0.246094 0.550781 0.244141 0.554688 0.240234
0 0.328125 0.244141 0.328125 0.248047 0.324219 0.248047 0.322266 0.246094 0.326172 0.242188
0 0.773438 0.244141 0.773438 0.248047 0.769531 0.248047 0.767578 0.246094 0.771484 0.242188
0 0.203125 0.246094 0.203125 0.250000 0.199219 0.250000 0.197266 0.248047 0.201172 0.244141
0 0.222656 0.246094 0.222656 0.250000 0.218750 0.250000 0.216797 0.248047 0.220703 0.244141
0 0.484375 0.246094 0.484375 0.250000 0.480469 0.250000 0.478516 0.248047 0.482422 0.244141
0 0.533203 0.246094 0.533203 0.250000 0.529297 0.250000 0.527344 0.248047 0.531250 0.244141
0 0.470703 0.250000 0.470703 0.253906 0.466797 0.253906 0.464844 0.251953 0.468750 0.248047
0 0.298828 0.251953 0.298828 0.255859 0.294922 0.255859 0.292969 0.253906 0.296875 0.250000
0 0.546875 0.251953 0.546875 0.255859 0.542969 0.255859 0.541016 0.253906 0.544922 0.250000
0 0.253906 0.253906 0.253906 0.257812 0.250000 0.257812 0.248047 0.255859 0.251953 0.251953
0 0.291016 0.259766 0.291016 0.263672 0.287109 0.263672 0.285156 0.261719 0.289062 0.257812
0 0.375000 0.261719 0.375000 0.265625 0.371094 0.265625 0.369141 0.263672 0.373047 0.259766
0 0.330078 0.263672 0.330078 0.267578 0.326172 0.267578 0.324219 0.265625 0.328125 0.261719
0 0.486328 0.263672 0.486328 0.267578 0.482422 0.267578 0.480469 0.265625 0.484375 0.261719
0 0.402344 0.265625 0.402344 0.269531 0.398438 0.269531 0.396484 0.267578 0.400391 0.263672
0 0.253906 0.269531 0.253906 0.273438 0.250000 0.273438 0.248047 0.271484 0.251953 0.267578
0 0.546875 0.273438 0.546875 0.277344 0.542969 0.277344 0.541016 0.275391 0.544922 0.271484
0 0.632812 0.273438 0.632812 0.277344 0.628906 0.277344 0.626953 0.275391 0.630859 0.271484
0 0.203125 0.277344 0.203125 0.281250 0.199219 0.281250 0.197266 0.279297 0.201172 0.275391
0 0.496094 0.277344 0.496094 0.281250 0.492188 0.281250 0.490234 0.279297 0.494141 0.275391
0 0.220703 0.279297 0.220703 0.283203 0.216797 0.283203 0.214844 0.281250 0.218750 0.277344
0 0.759766 0.283203 0.759766 0.287109 0.755859 0.287109 0.753906 0.285156 0.757812 0.281250
0 0.162109 0.285156 0.162109 0.289062 0.158203 0.289062 0.156250 0.287109 0.160156 0.283203
0 0.187500 0.287109 0.187500 0.291016 0.183594 0.291016 0.181641 0.289062 0.185547 0.285156
0 0.314453 0.289062 0.314453 0.292969 0.310547 0.292969 0.308594 0.291016 0.312500 0.287109
0 0.773438 0.291016 0.773438 0.294922 0.769531 0.294922 0.767578 0.292969 0.771484 0.289062
0 0.298828 0.292969 0.298828 0.296875 0.294922 0.296875 0.292969 0.294922 0.296875 0.291016
0 0.660156 0.292969 0.660156 0.296875 0.656250 0.296875 0.654297 0.294922 0.658203 0.291016
0 0.267578 0.296875 0.267578 0.300781 0.263672 0.300781 0.261719 0.298828 0.265625 0.294922
0 0.507812 0.298828 0.507812 0.302734 0.503906 0.302734 0.501953 0.300781 0.505859 0.296875
0 0.166016 0.300781 0.166016 0.304688 0.162109 0.304688 0.160156 0.302734 0.164062 0.298828
0 0.261719 0.302734 0.261719 0.306641 0.257812 0.306641 0.255859 0.304688 0.259766 0.300781
0 0.345703 0.304688 0.345703 0.308594 0.341797 0.308594 0.339844 0.306641 0.343750 0.302734
0 0.320312 0.306641 0.320312 0.310547 0.316406 0.310547 0.314453 0.308594 0.318359 0.304688
0 0.351562 0.306641 0.351562 0.310547 0.347656 0.310547 0.345703 0.308594 0.349609 0.304688
0 0.156250 0.310547 0.156250 0.314453 0.152344 0.314453 0.150391 0.312500 0.154297 0.308594
0 0.363281 0.312500 0.363281 0.316406 0.359375 0.316406 0.357422 0.314453 0.361328 0.310547
0 0.306641 0.314453 0.306641 0.318359 0.302734 0.318359 0.300781 0.316406 0.304688 0.312500
0 0.332031 0.316406 0.332031 0.320312 0.328125 0.320312 0.326172 0.318359 0.330078 0.314453
0 0.322266 0.333984 0.322266 0.337891 0.318359 0.337891 0.316406 0.335938 0.320312 0.332031
0 0.882812 0.337891 0.880859 0.337891 0.878906 0.339844 0.875000 0.339844 0.873047 0.337891 0.873047 0.332031 0.875000 0.330078 0.878906 0.330078 0.880859 0.332031 0.882812 0.332031
0 0.498047 0.339844 0.498047 0.343750 0.494141 0.343750 0.492188 0.341797 0.496094 0.337891
0 0.171875 0.341797 0.171875 0.345703 0.167969 0.345703 0.166016 0.343750 0.169922 0.339844
0 0.318359 0.341797 0.318359 0.345703 0.314453 0.345703 0.312500 0.343750 0.316406 0.339844
0 0.191406 0.347656 0.191406 0.351562 0.187500 0.351562 0.185547 0.349609 0.189453 0.345703
0 0.404297 0.347656 0.404297 0.351562 0.400391 0.351562 0.398438 0.349609 0.402344 0.345703
0 0.470703 0.347656 0.470703 0.351562 0.466797 0.351562 0.464844 0.349609 0.468750 0.345703
0 0.302734 0.351562 0.302734 0.355469 0.298828 0.355469 0.296875 0.353516 0.300781 0.349609
0 0.337891 0.353516 0.337891 0.357422 0.333984 0.357422 0.332031 0.355469 0.335938 0.351562
0 0.314453 0.355469 0.314453 0.359375 0.310547 0.359375 0.308594 0.357422 0.312500 0.353516
0 0.185547 0.361328 0.185547 0.365234 0.181641 0.365234 0.179688 0.363281 0.183594 0.359375
0 0.363281 0.363281 0.363281 0.367188 0.359375 0.367188 0.357422 0.365234 0.361328 0.361328
0 0.265625 0.365234 0.265625 0.369141 0.261719 0.369141 0.259766 0.367188 0.263672 0.363281
0 0.246094 0.367188 0.246094 0.371094 0.242188 0.371094 0.240234 0.369141 0.244141 0.365234
0 0.804688 0.371094 0.802734 0.371094 0.800781 0.373047 0.796875 0.373047 0.794922 0.371094 0.794922 0.365234 0.796875 0.363281 0.800781 0.363281 0.802734 0.365234 0.804688 0.365234
0 0.167969 0.371094 0.167969 0.375000 0.164062 0.375000 0.162109 0.373047 0.166016 0.369141
0 0.257812 0.371094 0.257812 0.375000 0.253906 0.375000 0.251953 0.373047 0.255859 0.369141
0 0.388672 0.371094 0.388672 0.375000 0.384766 0.375000 0.382812 0.373047 0.386719 0.369141
0 0.226562 0.375000 0.226562 0.378906 0.222656 0.378906 0.220703 0.376953 0.224609 0.373047
0 0.255859 0.380859 0.255859 0.384766 0.251953 0.384766 0.250000 0.382812 0.253906 0.378906
0 0.527344 0.380859 0.527344 0.384766 0.523438 0.384766 0.521484 0.382812 0.525391 0.378906
0 0.638672 0.380859 0.638672 0.384766 0.634766 0.384766 0.632812 0.382812 0.636719 0.378906
0 0.187500 0.384766 0.187500 0.388672 0.183594 0.388672 0.181641 0.386719 0.185547 0.382812
0 0.273438 0.386719 0.273438 0.390625 0.269531 0.390625 0.267578 0.388672 0.271484 0.384766
0 0.351562 0.388672 0.351562 0.392578 0.347656 0.392578 0.345703 0.390625 0.349609 0.386719
0 0.437500 0.394531 0.437500 0.398438 0.433594 0.398438 0.431641 0.396484 0.435547 0.392578
0 0.277344 0.396484 0.277344 0.400391 0.273438 0.400391 0.271484 0.398438 0.275391 0.394531
0 0.361328 0.400391 0.361328 0.404297 0.357422 0.404297 0.355469 0.402344 0.359375 0.398438
0 0.433594 0.402344 0.433594 0.406250 0.429688 0.406250 0.427734 0.404297 0.431641 0.400391
0 0.541016 0.419922 0.541016 0.423828 0.537109 0.423828 0.535156 0.421875 0.539062 0.417969
0 0.988281 0.419922 0.988281 0.423828 0.984375 0.423828 0.982422 0.421875 0.986328 0.417969
0 0.392578 0.427734 0.392578 0.431641 0.388672 0.431641 0.386719 0.429688 0.390625 0.425781
0 0.429688 0.431641 0.429688 0.435547 0.425781 0.435547 0.423828 0.433594 0.427734 0.429688
0 0.488281 0.431641 0.488281 0.435547 0.484375 0.435547 0.482422 0.433594 0.486328 0.429688
0 0.375000 0.449219 0.375000 0.453125 0.371094 0.453125 0.369141 0.451172 0.373047 0.447266
0 0.462891 0.449219 0.462891 0.453125 0.458984 0.453125 0.457031 0.451172 0.460938 0.447266
0 0.974609 0.451172 0.974609 0.455078 0.970703 0.455078 0.968750 0.453125 0.972656 0.449219
0 0.566406 0.460938 0.566406 0.464844 0.562500 0.464844 0.560547 0.462891 0.564453 0.458984
0 0.595703 0.460938 0.595703 0.464844 0.591797 0.464844 0.589844 0.462891 0.593750 0.458984
0 0.656250 0.460938 0.656250 0.464844 0.652344 0.464844 0.650391 0.462891 0.654297 0.458984
0 0.976562 0.470703 0.974609 0.470703 0.972656 0.472656 0.968750 0.472656 0.966797 0.470703 0.966797 0.464844 0.968750 0.462891 0.972656 0.462891 0.974609 0.464844 0.976562 0.464844
0 0.410156 0.474609 0.410156 0.478516 0.406250 0.478516 0.404297 0.476562 0.408203 0.472656
0 0.423828 0.480469 0.423828 0.484375 0.419922 0.484375 0.417969 0.482422 0.421875 0.478516
0 0.507812 0.482422 0.507812 0.486328 0.503906 0.486328 0.501953 0.484375 0.505859 0.480469
0 0.431641 0.492188 0.431641 0.496094 0.427734 0.496094 0.425781 0.494141 0.429688 0.490234
0 0.658203 0.492188 0.658203 0.496094 0.654297 0.496094 0.652344 0.494141 0.656250 0.490234
0 0.859375 0.498047 0.857422 0.498047 0.855469 0.500000 0.851562 0.500000 0.849609 0.498047 0.849609 0.492188 0.851562 0.490234 0.855469 0.490234 0.857422 0.492188 0.859375 0.492188
0 0.820312 0.503906 0.818359 0.503906 0.816406 0.505859 0.812500 0.505859 0.810547 0.503906 0.810547 0.498047 0.812500 0.496094 0.816406 0.496094 0.818359 0.498047 0.820312 0.498047
0 0.962891 0.509766 0.962891 0.513672 0.958984 0.513672 0.957031 0.511719 0.960938 0.507812
0 0.357422 0.511719 0.357422 0.515625 0.353516 0.515625 0.351562 0.513672 0.355469 0.509766
0 0.433594 0.511719 0.433594 0.515625 0.429688 0.515625 0.427734 0.513672 0.431641 0.509766
0 0.126953 0.521484 0.126953 0.525391 0.123047 0.525391 0.121094 0.523438 0.125000 0.519531
0 0.500000 0.521484 0.500000 0.525391 0.496094 0.525391 0.494141 0.523438 0.498047 0.519531
0 0.109375 0.523438 0.109375 0.527344 0.105469 0.527344 0.103516 0.525391 0.107422 0.521484
0 0.363281 0.523438 0.363281 0.527344 0.359375 0.527344 0.357422 0.525391 0.361328 0.521484
0 0.375000 0.523438 0.375000 0.527344 0.371094 0.527344 0.369141 0.525391 0.373047 0.521484
0 0.769531 0.529297 0.767578 0.529297 0.765625 0.531250 0.761719 0.531250 0.759766 0.529297 0.759766 0.523438 0.761719 0.521484 0.765625 0.521484 0.767578 0.523438 0.769531 0.523438
0 0.777344 0.525391 0.777344 0.529297 0.773438 0.529297 0.771484 0.527344 0.775391 0.523438
0 0.390625 0.527344 0.390625 0.531250 0.386719 0.531250 0.384766 0.529297 0.388672 0.525391
0 0.580078 0.527344 0.580078 0.531250 0.576172 0.531250 0.574219 0.529297 0.578125 0.525391
0 0.468750 0.529297 0.468750 0.533203 0.464844 0.533203 0.462891 0.531250 0.466797 0.527344
0 0.382812 0.531250 0.382812 0.535156 0.378906 0.535156 0.376953 0.533203 0.380859 0.529297
0 0.419922 0.537109 0.419922 0.541016 0.416016 0.541016 0.414062 0.539062 0.417969 0.535156
0 0.898438 0.542969 0.898438 0.546875 0.894531 0.546875 0.892578 0.544922 0.896484 0.541016
0 0.509766 0.544922 0.509766 0.548828 0.505859 0.548828 0.503906 0.546875 0.507812 0.542969
0 0.330078 0.546875 0.330078 0.550781 0.326172 0.550781 0.324219 0.548828 0.328125 0.544922
0 0.484375 0.546875 0.484375 0.550781 0.480469 0.550781 0.478516 0.548828 0.482422 0.544922
0 0.496094 0.548828 0.496094 0.552734 0.492188 0.552734 0.490234 0.550781 0.494141 0.546875
0 0.326172 0.558594 0.326172 0.562500 0.322266 0.562500 0.320312 0.560547 0.324219 0.556641
0 0.482422 0.558594 0.482422 0.562500 0.478516 0.562500 0.476562 0.560547 0.480469 0.556641
0 0.318359 0.560547 0.318359 0.564453 0.314453 0.564453 0.312500 0.562500 0.316406 0.558594
0 0.794922 0.566406 0.794922 0.570312 0.791016 0.570312 0.789062 0.568359 0.792969 0.564453
0 0.714844 0.568359 0.714844 0.572266 0.710938 0.572266 0.708984 0.570312 0.712891 0.566406
0 0.945312 0.568359 0.945312 0.572266 0.941406 0.572266 0.939453 0.570312 0.943359 0.566406
0 0.126953 0.574219 0.126953 0.578125 0.123047 0.578125 0.121094 0.576172 0.125000 0.572266
0 0.406250 0.574219 0.406250 0.578125 0.402344 0.578125 0.400391 0.576172 0.404297 0.572266
0 0.546875 0.574219 0.546875 0.578125 0.542969 0.578125 0.541016 0.576172 0.544922 0.572266
0 0.347656 0.576172 0.347656 0.580078 0.343750 0.580078 0.341797 0.578125 0.345703 0.574219
0 0.412109 0.576172 0.412109 0.580078 0.408203 0.580078 0.406250 0.578125 0.410156 0.574219
0 0.625000 0.576172 0.625000 0.580078 0.621094 0.580078 0.619141 0.578125 0.623047 0.574219
0 0.962891 0.576172 0.962891 0.580078 0.958984 0.580078 0.957031 0.578125 0.960938 0.574219
0 0.351562 0.582031 0.351562 0.585938 0.347656 0.585938 0.345703 0.583984 0.349609 0.580078
0 0.140625 0.583984 0.140625 0.587891 0.136719 0.587891 0.134766 0.585938 0.138672 0.582031
0 0.484375 0.583984 0.484375 0.587891 0.480469 0.587891 0.478516 0.585938 0.482422 0.582031
0 0.921875 0.587891 0.921875 0.591797 0.917969 0.591797 0.916016 0.589844 0.919922 0.585938
0 0.281250 0.589844 0.281250 0.593750 0.277344 0.593750 0.275391 0.591797 0.279297 0.587891
0 0.373047 0.589844 0.373047 0.593750 0.369141 0.593750 0.367188 0.591797 0.371094 0.587891
0 0.482422 0.591797 0.482422 0.595703 0.478516 0.595703 0.476562 0.593750 0.480469 0.589844
0 0.490234 0.591797 0.490234 0.595703 0.486328 0.595703 0.484375 0.593750 0.488281 0.589844
0 0.125000 0.593750 0.125000 0.597656 0.121094 0.597656 0.119141 0.595703 0.123047 0.591797
0 0.134766 0.597656 0.134766 0.601562 0.130859 0.601562 0.128906 0.599609 0.132812 0.595703
0 0.437500 0.597656 0.437500 0.601562 0.433594 0.601562 0.431641 0.599609 0.435547 0.595703
0 0.453125 0.597656 0.453125 0.601562 0.449219 0.601562 0.447266 0.599609 0.451172 0.595703
0 0.687500 0.597656 0.687500 0.601562 0.683594 0.601562 0.681641 0.599609 0.685547 0.595703
0 0.298828 0.603516 0.298828 0.607422 0.294922 0.607422 0.292969 0.605469 0.296875 0.601562
0 0.341797 0.603516 0.341797 0.607422 0.337891 0.607422 0.335938 0.605469 0.339844 0.601562
0 0.365234 0.605469 0.365234 0.609375 0.361328 0.609375 0.359375 0.607422 0.363281 0.603516
0 0.388672 0.605469 0.388672 0.609375 0.384766 0.609375 0.382812 0.607422 0.386719 0.603516
0 0.140625 0.607422 0.140625 0.611328 0.136719 0.611328 0.134766 0.609375 0.138672 0.605469
0 0.496094 0.607422 0.496094 0.611328 0.492188 0.611328 0.490234 0.609375 0.494141 0.605469
0 0.007812 0.613281 0.003906 0.613281 0.001953 0.611328 0.001953 0.609375 0.003906 0.607422 0.007812 0.609375
0 0.361328 0.617188 0.361328 0.621094 0.357422 0.621094 0.355469 0.619141 0.359375 0.615234
0 0.544922 0.621094 0.544922 0.625000 0.541016 0.625000 0.539062 0.623047 0.542969 0.619141
0 0.312500 0.623047 0.312500 0.626953 0.308594 0.626953 0.306641 0.625000 0.310547 0.621094
0 0.353516 0.623047 0.353516 0.626953 0.349609 0.626953 0.347656 0.625000 0.351562 0.621094
0 0.517578 0.625000 0.517578 0.628906 0.513672 0.628906 0.511719 0.626953 0.515625 0.623047
0 0.123047 0.626953 0.123047 0.630859 0.119141 0.630859 0.117188 0.628906 0.121094 0.625000
0 0.953125 0.626953 0.953125 0.630859 0.949219 0.630859 0.947266 0.628906 0.951172 0.625000
0 0.531250 0.630859 0.531250 0.634766 0.527344 0.634766 0.525391 0.632812 0.529297 0.628906
0 0.751953 0.632812 0.751953 0.636719 0.748047 0.636719 0.746094 0.634766 0.750000 0.630859
0 0.421875 0.636719 0.421875 0.640625 0.417969 0.640625 0.416016 0.638672 0.419922 0.634766
0 0.667969 0.636719 0.667969 0.640625 0.664062 0.640625 0.662109 0.638672 0.666016 0.634766
0 0.365234 0.638672 0.365234 0.642578 0.361328 0.642578 0.359375 0.640625 0.363281 0.636719
0 0.316406 0.650391 0.316406 0.654297 0.312500 0.654297 0.310547 0.652344 0.314453 0.648438
0 0.689453 0.650391 0.689453 0.654297 0.685547 0.654297 0.683594 0.652344 0.687500 0.648438
0 0.322266 0.652344 0.322266 0.656250 0.318359 0.656250 0.316406 0.654297 0.320312 0.650391
0 0.330078 0.652344 0.330078 0.656250 0.326172 0.656250 0.324219 0.654297 0.328125 0.650391
0 0.544922 0.652344 0.544922 0.656250 0.541016 0.656250 0.539062 0.654297 0.542969 0.650391
0 0.421875 0.654297 0.421875 0.658203 0.417969 0.658203 0.416016 0.656250 0.419922 0.652344
0 0.125000 0.658203 0.125000 0.662109 0.121094 0.662109 0.119141 0.660156 0.123047 0.656250
0 0.310547 0.662109 0.310547 0.666016 0.306641 0.666016 0.304688 0.664062 0.308594 0.660156
0 0.923828 0.664062 0.923828 0.667969 0.919922 0.667969 0.917969 0.666016 0.921875 0.662109
0 0.626953 0.666016 0.626953 0.669922 0.623047 0.669922 0.621094 0.667969 0.625000 0.664062
0 0.361328 0.667969 0.361328 0.671875 0.357422 0.671875 0.355469 0.669922 0.359375 0.666016
0 0.373047 0.667969 0.373047 0.671875 0.369141 0.671875 0.367188 0.669922 0.371094 0.666016
0 0.453125 0.667969 0.453125 0.671875 0.449219 0.671875 0.447266 0.669922 0.451172 0.666016
0 0.726562 0.667969 0.726562 0.671875 0.722656 0.671875 0.720703 0.669922 0.724609 0.666016
0 0.048828 0.669922 0.048828 0.673828 0.044922 0.673828 0.042969 0.671875 0.046875 0.667969
0 0.421875 0.669922 0.421875 0.673828 0.417969 0.673828 0.416016 0.671875 0.419922 0.667969
0 0.648438 0.671875 0.648438 0.675781 0.644531 0.675781 0.642578 0.673828 0.646484 0.669922
0 0.367188 0.673828 0.367188 0.677734 0.363281 0.677734 0.361328 0.675781 0.365234 0.671875
0 0.376953 0.673828 0.376953 0.677734 0.373047 0.677734 0.371094 0.675781 0.375000 0.671875
0 0.468750 0.673828 0.468750 0.677734 0.464844 0.677734 0.462891 0.675781 0.466797 0.671875
0 0.416016 0.675781 0.416016 0.679688 0.412109 0.679688 0.410156 0.677734 0.414062 0.673828
0 0.742188 0.675781 0.742188 0.679688 0.738281 0.679688 0.736328 0.677734 0.740234 0.673828
0 0.343750 0.677734 0.343750 0.681641 0.339844 0.681641 0.337891 0.679688 0.341797 0.675781
0 0.517578 0.679688 0.517578 0.683594 0.513672 0.683594 0.511719 0.681641 0.515625 0.677734
0 0.693359 0.683594 0.693359 0.687500 0.689453 0.687500 0.687500 0.685547 0.691406 0.681641
0 0.701172 0.683594 0.701172 0.687500 0.697266 0.687500 0.695312 0.685547 0.699219 0.681641
0 0.953125 0.683594 0.953125 0.687500 0.949219 0.687500 0.947266 0.685547 0.951172 0.681641
0 0.478516 0.685547 0.478516 0.689453 0.474609 0.689453 0.472656 0.687500 0.476562 0.683594
0 0.529297 0.685547 0.529297 0.689453 0.525391 0.689453 0.523438 0.687500 0.527344 0.683594
0 0.373047 0.687500 0.373047 0.691406 0.369141 0.691406 0.367188 0.689453 0.371094 0.685547
0 0.513672 0.687500 0.513672 0.691406 0.509766 0.691406 0.507812 0.689453 0.511719 0.685547
0 0.419922 0.689453 0.419922 0.693359 0.416016 0.693359 0.414062 0.691406 0.417969 0.687500
0 0.505859 0.689453 0.505859 0.693359 0.501953 0.693359 0.500000 0.691406 0.503906 0.687500
0 0.367188 0.691406 0.367188 0.695312 0.363281 0.695312 0.361328 0.693359 0.365234 0.689453
0 0.439453 0.693359 0.439453 0.697266 0.435547 0.697266 0.433594 0.695312 0.437500 0.691406
0 0.546875 0.693359 0.546875 0.697266 0.542969 0.697266 0.541016 0.695312 0.544922 0.691406
0 0.291016 0.695312 0.291016 0.699219 0.287109 0.699219 0.285156 0.697266 0.289062 0.693359
0 0.539062 0.695312 0.539062 0.699219 0.535156 0.699219 0.533203 0.697266 0.537109 0.693359
0 0.642578 0.699219 0.642578 0.703125 0.638672 0.703125 0.636719 0.701172 0.640625 0.697266
0 0.708984 0.699219 0.708984 0.703125 0.705078 0.703125 0.703125 0.701172 0.707031 0.697266
0 0.333984 0.701172 0.333984 0.705078 0.330078 0.705078 0.328125 0.703125 0.332031 0.699219
0 0.425781 0.701172 0.425781 0.705078 0.421875 0.705078 0.419922 0.703125 0.423828 0.699219
0 0.525391 0.701172 0.525391 0.705078 0.521484 0.705078 0.519531 0.703125 0.523438 0.699219
0 0.906250 0.701172 0.906250 0.705078 0.902344 0.705078 0.900391 0.703125 0.904297 0.699219
0 0.453125 0.703125 0.453125 0.707031 0.449219 0.707031 0.447266 0.705078 0.451172 0.701172
0 0.291016 0.705078 0.291016 0.708984 0.287109 0.708984 0.285156 0.707031 0.289062 0.703125
0 0.689453 0.707031 0.687500 0.708984 0.687500 0.710938 0.685547 0.712891 0.679688 0.712891 0.677734 0.710938 0.677734 0.708984 0.675781 0.707031 0.675781 0.705078 0.677734 0.703125 0.677734 0.701172 0.679688 0.699219 0.685547 0.699219 0.687500 0.701172 0.687500 0.703125 0.689453 0.705078
0 0.722656 0.705078 0.722656 0.708984 0.718750 0.708984 0.716797 0.707031 0.720703 0.703125
0 0.296875 0.714844 0.296875 0.718750 0.292969 0.718750 0.291016 0.716797 0.294922 0.712891
0 0.320312 0.714844 0.320312 0.718750 0.316406 0.718750 0.314453 0.716797 0.318359 0.712891
0 0.796875 0.714844 0.796875 0.718750 0.792969 0.718750 0.791016 0.716797 0.794922 0.712891
0 0.544922 0.716797 0.544922 0.720703 0.541016 0.720703 0.539062 0.718750 0.542969 0.714844
0 0.628906 0.718750 0.628906 0.722656 0.625000 0.722656 0.623047 0.720703 0.626953 0.716797
0 0.986328 0.720703 0.986328 0.724609 0.982422 0.724609 0.980469 0.722656 0.984375 0.718750
0 0.148438 0.724609 0.148438 0.728516 0.144531 0.728516 0.142578 0.726562 0.146484 0.722656
0 0.544922 0.726562 0.544922 0.730469 0.541016 0.730469 0.539062 0.728516 0.542969 0.724609
0 0.802734 0.726562 0.802734 0.730469 0.798828 0.730469 0.796875 0.728516 0.800781 0.724609
0 0.281250 0.728516 0.281250 0.732422 0.277344 0.732422 0.275391 0.730469 0.279297 0.726562
0 0.146484 0.730469 0.146484 0.734375 0.142578 0.734375 0.140625 0.732422 0.144531 0.728516
0 0.826172 0.730469 0.826172 0.734375 0.822266 0.734375 0.820312 0.732422 0.824219 0.728516
0 0.861328 0.732422 0.861328 0.736328 0.857422 0.736328 0.855469 0.734375 0.859375 0.730469
0 0.947266 0.732422 0.947266 0.736328 0.943359 0.736328 0.941406 0.734375 0.945312 0.730469
0 0.570312 0.738281 0.570312 0.742188 0.566406 0.742188 0.564453 0.740234 0.568359 0.736328
0 0.441406 0.748047 0.441406 0.751953 0.437500 0.751953 0.435547 0.750000 0.439453 0.746094
0 0.621094 0.748047 0.621094 0.751953 0.617188 0.751953 0.615234 0.750000 0.619141 0.746094
0 0.779297 0.748047 0.779297 0.751953 0.775391 0.751953 0.773438 0.750000 0.777344 0.746094
0 0.890625 0.748047 0.890625 0.751953 0.886719 0.751953 0.884766 0.750000 0.888672 0.746094
0 0.998047 0.748047 0.998047 0.751953 0.994141 0.751953 0.992188 0.750000 0.996094 0.746094
0 0.414062 0.751953 0.414062 0.755859 0.410156 0.755859 0.408203 0.753906 0.412109 0.750000
0 0.458984 0.755859 0.457031 0.755859 0.455078 0.757812 0.451172 0.757812 0.449219 0.755859 0.449219 0.750000 0.451172 0.748047 0.455078 0.748047 0.457031 0.750000 0.458984 0.750000
0 0.957031 0.753906 0.957031 0.757812 0.953125 0.757812 0.951172 0.755859 0.955078 0.751953
0 0.375000 0.757812 0.375000 0.761719 0.371094 0.761719 0.369141 0.759766 0.373047 0.755859
0 0.621094 0.757812 0.621094 0.761719 0.617188 0.761719 0.615234 0.759766 0.619141 0.755859
0 0.216797 0.759766 0.216797 0.763672 0.212891 0.763672 0.210938 0.761719 0.214844 0.757812
0 0.462891 0.761719 0.462891 0.765625 0.458984 0.765625 0.457031 0.763672 0.460938 0.759766
0 0.472656 0.761719 0.472656 0.765625 0.468750 0.765625 0.466797 0.763672 0.470703 0.759766
0 0.691406 0.761719 0.691406 0.765625 0.687500 0.765625 0.685547 0.763672 0.689453 0.759766
0 0.244141 0.763672 0.244141 0.767578 0.240234 0.767578 0.238281 0.765625 0.242188 0.761719
0 0.539062 0.763672 0.539062 0.767578 0.535156 0.767578 0.533203 0.765625 0.537109 0.761719
0 0.562500 0.763672 0.562500 0.767578 0.558594 0.767578 0.556641 0.765625 0.560547 0.761719
0 0.779297 0.763672 0.779297 0.767578 0.775391 0.767578 0.773438 0.765625 0.777344 0.761719
0 0.902344 0.763672 0.902344 0.767578 0.898438 0.767578 0.896484 0.765625 0.900391 0.761719
0 0.214844 0.765625 0.214844 0.769531 0.210938 0.769531 0.208984 0.767578 0.212891 0.763672
0 0.238281 0.767578 0.238281 0.771484 0.234375 0.771484 0.232422 0.769531 0.236328 0.765625
0 0.845703 0.767578 0.845703 0.771484 0.841797 0.771484 0.839844 0.769531 0.843750 0.765625
0 0.535156 0.769531 0.535156 0.773438 0.531250 0.773438 0.529297 0.771484 0.533203 0.767578
0 0.166016 0.777344 0.166016 0.781250 0.162109 0.781250 0.160156 0.779297 0.164062 0.775391
0 0.416016 0.777344 0.416016 0.781250 0.412109 0.781250 0.410156 0.779297 0.414062 0.775391
0 0.636719 0.777344 0.636719 0.781250 0.632812 0.781250 0.630859 0.779297 0.634766 0.775391
0 0.927734 0.777344 0.927734 0.781250 0.923828 0.781250 0.921875 0.779297 0.925781 0.775391
0 0.964844 0.777344 0.964844 0.781250 0.960938 0.781250 0.958984 0.779297 0.962891 0.775391
0 0.972656 0.777344 0.972656 0.781250 0.968750 0.781250 0.966797 0.779297 0.970703 0.775391
0 0.220703 0.779297 0.220703 0.783203 0.216797 0.783203 0.214844 0.781250 0.218750 0.777344
0 0.580078 0.779297 0.580078 0.783203 0.576172 0.783203 0.574219 0.781250 0.578125 0.777344
0 0.687500 0.779297 0.687500 0.783203 0.683594 0.783203 0.681641 0.781250 0.685547 0.777344
0 0.455078 0.789062 0.455078 0.792969 0.451172 0.792969 0.449219 0.791016 0.453125 0.787109
0 0.628906 0.794922 0.628906 0.798828 0.625000 0.798828 0.623047 0.796875 0.626953 0.792969
0 0.572266 0.796875 0.572266 0.800781 0.568359 0.800781 0.566406 0.798828 0.570312 0.794922
0 0.160156 0.800781 0.160156 0.804688 0.156250 0.804688 0.154297 0.802734 0.158203 0.798828
0 0.955078 0.804688 0.953125 0.804688 0.951172 0.806641 0.947266 0.806641 0.945312 0.804688 0.945312 0.798828 0.947266 0.796875 0.951172 0.796875 0.953125 0.798828 0.955078 0.798828
0 0.505859 0.802734 0.505859 0.806641 0.501953 0.806641 0.500000 0.804688 0.503906 0.800781
0 0.609375 0.802734 0.609375 0.806641 0.605469 0.806641 0.603516 0.804688 0.607422 0.800781
0 0.664062 0.802734 0.664062 0.806641 0.660156 0.806641 0.658203 0.804688 0.662109 0.800781
0 0.855469 0.806641 0.855469 0.810547 0.851562 0.810547 0.849609 0.808594 0.853516 0.804688
0 0.472656 0.808594 0.472656 0.812500 0.468750 0.812500 0.466797 0.810547 0.470703 0.806641
0 0.494141 0.808594 0.494141 0.812500 0.490234 0.812500 0.488281 0.810547 0.492188 0.806641
0 0.650391 0.808594 0.650391 0.812500 0.646484 0.812500 0.644531 0.810547 0.648438 0.806641
0 0.449219 0.812500 0.449219 0.816406 0.445312 0.816406 0.443359 0.814453 0.447266 0.810547
0 0.535156 0.812500 0.535156 0.816406 0.531250 0.816406 0.529297 0.814453 0.533203 0.810547
0 0.611328 0.816406 0.611328 0.820312 0.607422 0.820312 0.605469 0.818359 0.609375 0.814453
0 0.546875 0.824219 0.546875 0.828125 0.542969 0.828125 0.541016 0.826172 0.544922 0.822266
0 0.568359 0.826172 0.568359 0.830078 0.564453 0.830078 0.562500 0.828125 0.566406 0.824219
0 0.814453 0.826172 0.814453 0.830078 0.810547 0.830078 0.808594 0.828125 0.812500 0.824219
0 0.478516 0.828125 0.478516 0.832031 0.474609 0.832031 0.472656 0.830078 0.476562 0.826172
0 0.605469 0.835938 0.605469 0.839844 0.601562 0.839844 0.599609 0.837891 0.603516 0.833984
0 0.859375 0.835938 0.859375 0.839844 0.855469 0.839844 0.853516 0.837891 0.857422 0.833984
0 0.593750 0.839844 0.593750 0.843750 0.589844 0.843750 0.587891 0.841797 0.591797 0.837891
0 0.718750 0.839844 0.718750 0.843750 0.714844 0.843750 0.712891 0.841797 0.716797 0.837891
0 0.373047 0.841797 0.373047 0.845703 0.369141 0.845703 0.367188 0.843750 0.371094 0.839844
0 0.498047 0.841797 0.498047 0.845703 0.494141 0.845703 0.492188 0.843750 0.496094 0.839844
0 0.888672 0.841797 0.888672 0.845703 0.884766 0.845703 0.882812 0.843750 0.886719 0.839844
0 0.781250 0.851562 0.781250 0.855469 0.777344 0.855469 0.775391 0.853516 0.779297 0.849609
0 0.921875 0.855469 0.921875 0.859375 0.917969 0.859375 0.916016 0.857422 0.919922 0.853516
0 0.589844 0.857422 0.589844 0.861328 0.585938 0.861328 0.583984 0.859375 0.587891 0.855469
0 0.691406 0.857422 0.691406 0.861328 0.687500 0.861328 0.685547 0.859375 0.689453 0.855469
0 0.703125 0.861328 0.703125 0.865234 0.699219 0.865234 0.697266 0.863281 0.701172 0.859375
0 0.607422 0.871094 0.607422 0.875000 0.603516 0.875000 0.601562 0.873047 0.605469 0.869141
0 0.751953 0.871094 0.751953 0.875000 0.748047 0.875000 0.746094 0.873047 0.750000 0.869141
0 0.220703 0.873047 0.220703 0.876953 0.216797 0.876953 0.214844 0.875000 0.218750 0.871094
0 0.578125 0.873047 0.578125 0.876953 0.574219 0.876953 0.572266 0.875000 0.576172 0.871094
0 0.226562 0.878906 0.226562 0.882812 0.222656 0.882812 0.220703 0.880859 0.224609 0.876953
0 0.753906 0.878906 0.753906 0.882812 0.750000 0.882812 0.748047 0.880859 0.751953 0.876953
0 0.365234 0.880859 0.365234 0.884766 0.361328 0.884766 0.359375 0.882812 0.363281 0.878906
0 0.861328 0.880859 0.861328 0.884766 0.857422 0.884766 0.855469 0.882812 0.859375 0.878906
0 0.230469 0.886719 0.230469 0.890625 0.226562 0.890625 0.224609 0.888672 0.228516 0.884766
0 0.431641 0.886719 0.431641 0.890625 0.427734 0.890625 0.425781 0.888672 0.429688 0.884766
0 0.570312 0.886719 0.570312 0.890625 0.566406 0.890625 0.564453 0.888672 0.568359 0.884766
0 0.660156 0.886719 0.660156 0.890625 0.656250 0.890625 0.654297 0.888672 0.658203 0.884766
0 0.423828 0.888672 0.423828 0.892578 0.419922 0.892578 0.417969 0.890625 0.421875 0.886719
0 0.519531 0.888672 0.519531 0.892578 0.515625 0.892578 0.513672 0.890625 0.517578 0.886719
0 0.687500 0.888672 0.687500 0.892578 0.683594 0.892578 0.681641 0.890625 0.685547 0.886719
0 0.705078 0.890625 0.705078 0.894531 0.701172 0.894531 0.699219 0.892578 0.703125 0.888672
0 0.923828 0.892578 0.923828 0.896484 0.919922 0.896484 0.917969 0.894531 0.921875 0.890625
0 0.478516 0.896484 0.478516 0.900391 0.474609 0.900391 0.472656 0.898438 0.476562 0.894531
0 0.939453 0.900391 0.937500 0.900391 0.935547 0.902344 0.931641 0.902344 0.929688 0.900391 0.929688 0.894531 0.931641 0.892578 0.935547 0.892578 0.937500 0.894531 0.939453 0.894531
0 0.492188 0.904297 0.492188 0.908203 0.488281 0.908203 0.486328 0.906250 0.490234 0.902344
0 0.605469 0.904297 0.605469 0.908203 0.601562 0.908203 0.599609 0.906250 0.603516 0.902344
0 0.470703 0.906250 0.470703 0.910156 0.466797 0.910156 0.464844 0.908203 0.468750 0.904297
0 0.689453 0.910156 0.689453 0.914062 0.685547 0.914062 0.683594 0.912109 0.687500 0.908203
0 0.310547 0.917969 0.310547 0.921875 0.306641 0.921875 0.304688 0.919922 0.308594 0.916016
0 0.697266 0.917969 0.697266 0.921875 0.693359 0.921875 0.691406 0.919922 0.695312 0.916016
0 0.732422 0.917969 0.732422 0.921875 0.728516 0.921875 0.726562 0.919922 0.730469 0.916016
0 0.447266 0.919922 0.447266 0.923828 0.443359 0.923828 0.441406 0.921875 0.445312 0.917969
0 0.750000 0.919922 0.750000 0.923828 0.746094 0.923828 0.744141 0.921875 0.748047 0.917969
0 0.716797 0.921875 0.716797 0.925781 0.712891 0.925781 0.710938 0.923828 0.714844 0.919922
0 0.425781 0.927734 0.425781 0.931641 0.421875 0.931641 0.419922 0.929688 0.423828 0.925781
0 0.785156 0.929688 0.785156 0.933594 0.781250 0.933594 0.779297 0.931641 0.783203 0.927734
0 0.488281 0.933594 0.488281 0.937500 0.484375 0.937500 0.482422 0.935547 0.486328 0.931641
0 0.523438 0.935547 0.523438 0.939453 0.519531 0.939453 0.517578 0.937500 0.521484 0.933594
0 0.937500 0.949219 0.937500 0.953125 0.933594 0.953125 0.931641 0.951172 0.935547 0.947266
0 0.310547 0.951172 0.310547 0.955078 0.306641 0.955078 0.304688 0.953125 0.308594 0.949219
0 0.476562 0.953125 0.476562 0.957031 0.472656 0.957031 0.470703 0.955078 0.474609 0.951172
0 0.845703 0.953125 0.845703 0.957031 0.841797 0.957031 0.839844 0.955078 0.843750 0.951172
0 0.660156 0.957031 0.660156 0.960938 0.656250 0.960938 0.654297 0.958984 0.658203 0.955078
0 0.835938 0.960938 0.833984 0.962891 0.833984 0.964844 0.832031 0.966797 0.826172 0.966797 0.824219 0.964844 0.824219 0.962891 0.822266 0.960938 0.822266 0.958984 0.824219 0.957031 0.824219 0.955078 0.826172 0.953125 0.832031 0.953125 0.833984 0.955078 0.833984 0.957031 0.835938 0.958984
0 0.468750 0.960938 0.468750 0.964844 0.464844 0.964844 0.462891 0.962891 0.466797 0.958984
0 0.529297 0.968750 0.529297 0.972656 0.525391 0.972656 0.523438 0.970703 0.527344 0.966797
0 0.238281 0.978516 0.238281 0.982422 0.234375 0.982422 0.232422 0.980469 0.236328 0.976562
0 0.470703 0.980469 0.470703 0.984375 0.466797 0.984375 0.464844 0.982422 0.468750 0.978516
0 0.890625 0.980469 0.890625 0.984375 0.886719 0.984375 0.884766 0.982422 0.888672 0.978516
0 0.574219 0.982422 0.574219 0.986328 0.570312 0.986328 0.568359 0.984375 0.572266 0.980469
0 0.837891 0.986328 0.835938 0.986328 0.833984 0.988281 0.830078 0.988281 0.828125 0.986328 0.828125 0.980469 0.830078 0.978516 0.833984 0.978516 0.835938 0.980469 0.837891 0.980469
0 0.906250 0.982422 0.906250 0.986328 0.902344 0.986328 0.900391 0.984375 0.904297 0.980469
0 0.625000 0.984375 0.625000 0.988281 0.621094 0.988281 0.619141 0.986328 0.623047 0.982422
0 0.941406 0.988281 0.939453 0.988281 0.937500 0.990234 0.933594 0.990234 0.931641 0.988281 0.931641 0.982422 0.933594 0.980469 0.937500 0.980469 0.939453 0.982422 0.941406 0.982422
0 0.556641 0.992188 0.556641 0.996094 0.552734 0.996094 0.550781 0.994141 0.554688 0.990234
0 0.875000 0.992188 0.875000 0.996094 0.871094 0.996094 0.869141 0.994141 0.873047 0.990234
0 0.238281 0.996094 0.238281 0.998047 0.232422 0.998047 0.236328 0.994141
0 0.375000 0.996094 0.375000 0.998047 0.369141 0.998047 0.373047 0.994141
0 0.521484 0.998047 0.500000 0.998047 0.500000 0.992188 0.501953 0.990234 0.503906 0.990234 0.503906 0.988281 0.505859 0.986328 0.515625 0.986328 0.521484 0.992188
0 0.548828 0.996094 0.548828 0.998047 0.542969 0.998047 0.546875 0.994141
