1 0.240234 0.062500 0.238281 0.062500 0.236328 0.064453 0.234375 0.062500 0.232422 0.064453 0.232422 0.072266 0.228516 0.076172 0.224609 0.076172 0.222656 0.078125 0.222656 0.082031 0.224609 0.083984 0.224609 0.085938 0.220703 0.089844 0.218750 0.089844 0.216797 0.087891 0.210938 0.087891 0.205078 0.093750 0.205078 0.095703 0.212891 0.105469 0.218750 0.105469 0.220703 0.103516 0.220703 0.101562 0.222656 0.099609 0.222656 0.091797 0.226562 0.087891 0.232422 0.087891 0.234375 0.085938 0.234375 0.080078 0.238281 0.074219 0.242188 0.078125 0.248047 0.072266 0.248047 0.070312
1 0.720703 0.072266 0.718750 0.072266 0.716797 0.074219 0.716797 0.076172 0.714844 0.078125 0.714844 0.080078 0.712891 0.082031 0.712891 0.083984 0.716797 0.087891 0.718750 0.087891 0.718750 0.085938 0.720703 0.083984 0.720703 0.078125 0.722656 0.076172 0.722656 0.074219
0 0.250000 0.095703 0.250000 0.097656 0.253906 0.101562 0.253906 0.103516 0.255859 0.103516 0.257812 0.105469 0.265625 0.105469 0.267578 0.103516 0.267578 0.099609 0.265625 0.097656 0.263672 0.097656 0.259766 0.093750 0.251953 0.093750
0 0.216797 0.119141 0.214844 0.121094 0.216797 0.123047 0.218750 0.123047 0.218750 0.119141
0 0.224609 0.130859 0.220703 0.134766 0.220703 0.136719 0.222656 0.138672 0.228516 0.138672 0.230469 0.136719 0.230469 0.132812 0.228516 0.130859
0 0.154297 0.150391 0.150391 0.156250 0.150391 0.164062 0.154297 0.167969 0.164062 0.167969 0.167969 0.162109 0.167969 0.156250 0.162109 0.150391
0 0.191406 0.160156 0.187500 0.160156 0.185547 0.162109 0.185547 0.164062 0.187500 0.166016 0.189453 0.166016 0.191406 0.164062
0 0.175781 0.169922 0.173828 0.171875 0.173828 0.173828 0.171875 0.175781 0.173828 0.177734 0.173828 0.179688 0.177734 0.183594 0.181641 0.183594 0.185547 0.179688 0.185547 0.173828 0.181641 0.169922
0 0.199219 0.173828 0.197266 0.171875 0.195312 0.173828 0.195312 0.175781 0.199219 0.175781
0 0.208984 0.183594 0.207031 0.187500 0.207031 0.193359 0.205078 0.195312 0.207031 0.197266 0.207031 0.201172 0.212891 0.207031 0.220703 0.207031 0.222656 0.205078 0.226562 0.205078 0.232422 0.201172 0.238281 0.201172 0.240234 0.199219 0.240234 0.193359 0.238281 0.191406 0.234375 0.191406 0.226562 0.179688 0.222656 0.177734 0.220703 0.179688 0.218750 0.177734 0.216797 0.179688 0.212891 0.179688
0 0.921875 0.183594 0.919922 0.185547 0.919922 0.189453 0.921875 0.191406 0.927734 0.191406 0.929688 0.189453 0.929688 0.187500 0.925781 0.183594
0 0.292969 0.208984 0.287109 0.207031 0.277344 0.195312 0.273438 0.197266 0.269531 0.195312 0.261719 0.203125 0.257812 0.203125 0.253906 0.199219 0.248047 0.201172 0.251953 0.207031 0.251953 0.220703 0.255859 0.226562 0.253906 0.228516 0.257812 0.232422 0.267578 0.220703 0.271484 0.224609 0.271484 0.228516 0.277344 0.232422 0.285156 0.224609 0.285156 0.220703 0.291016 0.214844
0 0.306641 0.197266 0.304688 0.199219 0.306641 0.201172 0.308594 0.201172 0.308594 0.197266
0 0.150391 0.205078 0.150391 0.216797 0.152344 0.218750 0.154297 0.218750 0.156250 0.220703 0.160156 0.216797 0.160156 0.214844 0.154297 0.208984 0.154297 0.205078
0 0.728516 0.203125 0.726562 0.205078 0.726562 0.208984 0.732422 0.208984 0.732422 0.205078 0.730469 0.203125
0 0.310547 0.218750 0.308594 0.220703 0.308594 0.222656 0.310547 0.224609 0.314453 0.224609 0.316406 0.222656 0.316406 0.220703 0.314453 0.218750
0 0.417969 0.218750 0.416016 0.220703 0.417969 0.222656 0.419922 0.220703
0 0.886719 0.218750 0.884766 0.220703 0.884766 0.226562 0.890625 0.226562 0.892578 0.224609 0.892578 0.222656 0.888672 0.218750
1 0.166016 0.228516 0.166016 0.232422 0.167969 0.234375 0.167969 0.236328 0.166016 0.238281 0.166016 0.240234 0.167969 0.242188 0.171875 0.242188 0.171875 0.236328 0.169922 0.234375 0.169922 0.232422 0.167969 0.232422 0.166016 0.230469
0 0.228516 0.228516 0.226562 0.230469 0.226562 0.234375 0.228516 0.236328 0.230469 0.236328 0.232422 0.234375 0.232422 0.230469 0.230469 0.228516
0 0.126953 0.232422 0.125000 0.232422 0.123047 0.234375 0.123047 0.236328 0.125000 0.238281 0.126953 0.236328
1 0.138672 0.236328 0.134766 0.240234 0.134766 0.248047 0.136719 0.250000 0.134766 0.251953 0.134766 0.255859 0.136719 0.257812 0.138672 0.257812 0.140625 0.255859 0.142578 0.255859 0.144531 0.253906 0.144531 0.251953 0.140625 0.248047 0.140625 0.238281
0 0.158203 0.236328 0.158203 0.240234 0.160156 0.242188 0.162109 0.240234 0.162109 0.238281 0.160156 0.236328
0 0.193359 0.234375 0.191406 0.234375 0.189453 0.236328 0.189453 0.240234 0.187500 0.242188 0.187500 0.248047 0.191406 0.248047 0.195312 0.244141 0.199219 0.244141 0.199219 0.242188 0.197266 0.242188 0.195312 0.240234 0.195312 0.236328
1 0.257812 0.250000 0.257812 0.255859 0.261719 0.263672 0.283203 0.263672 0.285156 0.265625 0.289062 0.263672 0.289062 0.261719 0.283203 0.261719 0.277344 0.255859 0.275391 0.250000 0.271484 0.246094 0.261719 0.246094
0 0.169922 0.251953 0.166016 0.255859 0.166016 0.259766 0.171875 0.265625 0.175781 0.265625 0.179688 0.261719 0.179688 0.257812 0.177734 0.255859 0.177734 0.253906 0.175781 0.251953
0 0.250000 0.253906 0.248047 0.251953 0.246094 0.253906 0.246094 0.255859 0.250000 0.255859
0 0.314453 0.251953 0.314453 0.253906 0.312500 0.255859 0.314453 0.257812 0.314453 0.259766 0.316406 0.257812 0.318359 0.257812 0.318359 0.253906 0.316406 0.253906
0 0.298828 0.257812 0.296875 0.259766 0.296875 0.261719 0.298828 0.263672 0.300781 0.263672 0.302734 0.265625 0.304688 0.263672 0.304688 0.261719 0.300781 0.257812
0 0.205078 0.265625 0.203125 0.267578 0.205078 0.269531 0.207031 0.267578
0 0.167969 0.269531 0.166016 0.271484 0.166016 0.275391 0.167969 0.277344 0.171875 0.277344 0.173828 0.275391 0.173828 0.273438 0.171875 0.271484 0.171875 0.269531
0 0.287109 0.271484 0.283203 0.271484 0.281250 0.269531 0.279297 0.271484 0.277344 0.271484 0.273438 0.275391 0.273438 0.277344 0.275391 0.279297 0.285156 0.279297 0.285156 0.277344 0.287109 0.275391
0 0.242188 0.277344 0.234375 0.277344 0.228516 0.283203 0.228516 0.285156 0.232422 0.289062 0.234375 0.289062 0.236328 0.287109 0.238281 0.287109 0.240234 0.285156 0.240234 0.283203 0.242188 0.281250 0.244141 0.281250 0.242188 0.279297
0 0.205078 0.283203 0.203125 0.285156 0.203125 0.289062 0.205078 0.291016 0.208984 0.291016 0.210938 0.289062 0.210938 0.285156 0.208984 0.283203
0 0.250000 0.291016 0.250000 0.296875 0.251953 0.298828 0.257812 0.298828 0.259766 0.296875 0.259766 0.294922 0.255859 0.291016
0 0.273438 0.298828 0.271484 0.298828 0.267578 0.302734 0.267578 0.308594 0.265625 0.310547 0.265625 0.312500 0.267578 0.314453 0.273438 0.314453 0.275391 0.312500 0.275391 0.310547 0.277344 0.308594 0.277344 0.302734
1 0.152344 0.302734 0.150391 0.304688 0.150391 0.306641 0.154297 0.310547 0.152344 0.312500 0.150391 0.312500 0.150391 0.314453 0.152344 0.314453 0.152344 0.312500 0.156250 0.308594 0.156250 0.306641
0 0.197266 0.314453 0.195312 0.312500 0.193359 0.314453
0 0.292969 0.314453 0.292969 0.316406 0.294922 0.318359 0.296875 0.318359 0.296875 0.314453
0 0.585938 0.318359 0.583984 0.320312 0.583984 0.326172 0.585938 0.328125 0.585938 0.330078 0.587891 0.332031 0.589844 0.332031 0.591797 0.330078 0.593750 0.330078 0.595703 0.328125 0.595703 0.324219 0.589844 0.318359
0 0.703125 0.335938 0.699219 0.339844 0.699219 0.347656 0.701172 0.349609 0.707031 0.349609 0.708984 0.347656 0.708984 0.337891 0.707031 0.335938
0 0.326172 0.339844 0.324219 0.341797 0.322266 0.341797 0.320312 0.343750 0.320312 0.347656 0.322266 0.349609 0.328125 0.349609 0.328125 0.343750 0.326172 0.341797
0 0.132812 0.347656 0.132812 0.349609 0.130859 0.351562 0.132812 0.353516 0.130859 0.355469 0.136719 0.361328 0.142578 0.361328 0.144531 0.359375 0.144531 0.347656 0.142578 0.345703 0.138672 0.345703 0.136719 0.347656
0 0.812500 0.355469 0.816406 0.359375 0.822266 0.359375 0.826172 0.355469 0.828125 0.355469 0.826172 0.353516 0.826172 0.351562 0.822266 0.347656 0.818359 0.347656 0.818359 0.349609
0 0.423828 0.375000 0.419922 0.375000 0.416016 0.378906 0.416016 0.384766 0.419922 0.388672 0.421875 0.388672 0.423828 0.386719 0.425781 0.386719 0.427734 0.384766 0.427734 0.378906
0 0.642578 0.386719 0.642578 0.388672 0.646484 0.388672 0.648438 0.390625 0.650391 0.390625 0.652344 0.392578 0.654297 0.392578 0.658203 0.388672 0.658203 0.384766 0.654297 0.380859 0.650391 0.380859 0.644531 0.386719
0 0.291016 0.386719 0.289062 0.388672 0.289062 0.390625 0.291016 0.392578 0.292969 0.392578 0.294922 0.390625 0.294922 0.388672 0.292969 0.386719
0 0.671875 0.386719 0.669922 0.388672 0.671875 0.390625 0.671875 0.392578 0.673828 0.394531 0.675781 0.394531 0.677734 0.392578 0.677734 0.388672 0.675781 0.386719
0 0.289062 0.408203 0.285156 0.412109 0.283203 0.412109 0.283203 0.414062 0.281250 0.416016 0.283203 0.417969 0.283203 0.421875 0.289062 0.427734 0.292969 0.427734 0.298828 0.421875 0.298828 0.417969 0.296875 0.416016 0.296875 0.412109 0.294922 0.410156 0.294922 0.408203
0 0.351562 0.408203 0.349609 0.410156 0.349609 0.416016 0.353516 0.416016 0.355469 0.414062 0.355469 0.412109
0 0.853516 0.406250 0.851562 0.406250 0.847656 0.410156 0.847656 0.414062 0.849609 0.416016 0.853516 0.416016 0.857422 0.412109 0.857422 0.410156
0 0.554688 0.412109 0.554688 0.414062 0.552734 0.416016 0.552734 0.417969 0.554688 0.419922 0.554688 0.421875 0.558594 0.421875 0.560547 0.423828 0.564453 0.419922 0.564453 0.414062 0.562500 0.412109
0 0.753906 0.414062 0.751953 0.416016 0.753906 0.417969 0.755859 0.416016
0 0.167969 0.419922 0.166016 0.419922 0.164062 0.421875 0.164062 0.423828 0.166016 0.425781 0.167969 0.423828
0 0.205078 0.417969 0.205078 0.425781 0.208984 0.425781 0.208984 0.419922 0.207031 0.417969
0 0.248047 0.423828 0.244141 0.427734 0.242188 0.427734 0.240234 0.429688 0.240234 0.431641 0.242188 0.433594 0.246094 0.433594 0.248047 0.435547 0.250000 0.435547 0.253906 0.431641 0.253906 0.427734 0.250000 0.423828
0 0.402344 0.423828 0.400391 0.425781 0.402344 0.427734 0.404297 0.425781
0 0.439453 0.423828 0.437500 0.425781 0.439453 0.427734 0.441406 0.425781
1 0.576172 0.423828 0.570312 0.429688 0.582031 0.437500 0.582031 0.441406 0.585938 0.443359 0.582031 0.445312 0.583984 0.453125 0.591797 0.458984 0.597656 0.455078 0.601562 0.449219 0.601562 0.441406 0.591797 0.433594 0.589844 0.435547 0.587891 0.433594 0.583984 0.433594 0.580078 0.429688 0.580078 0.425781
0 0.705078 0.429688 0.705078 0.435547 0.708984 0.439453 0.712891 0.439453 0.714844 0.437500 0.714844 0.431641 0.710938 0.427734 0.708984 0.427734 0.707031 0.429688
0 0.669922 0.431641 0.664062 0.433594 0.660156 0.437500 0.660156 0.439453 0.658203 0.441406 0.658203 0.445312 0.664062 0.451172 0.671875 0.451172 0.675781 0.447266 0.681641 0.445312 0.681641 0.443359 0.679688 0.443359 0.675781 0.439453 0.675781 0.437500
0 0.734375 0.433594 0.736328 0.435547 0.742188 0.435547 0.744141 0.433594 0.744141 0.431641 0.742188 0.429688 0.738281 0.429688
0 0.281250 0.437500 0.269531 0.437500 0.267578 0.439453 0.267578 0.451172 0.271484 0.455078 0.275391 0.455078 0.279297 0.451172 0.281250 0.451172 0.283203 0.449219 0.283203 0.447266 0.285156 0.445312 0.285156 0.441406
0 0.361328 0.437500 0.359375 0.439453 0.361328 0.441406 0.363281 0.441406 0.365234 0.439453 0.363281 0.437500
0 0.414062 0.441406 0.412109 0.443359 0.414062 0.445312 0.416016 0.443359
0 0.738281 0.441406 0.736328 0.441406 0.732422 0.445312 0.732422 0.447266 0.734375 0.449219 0.734375 0.451172 0.738281 0.451172 0.742188 0.447266 0.742188 0.445312
0 0.375000 0.445312 0.373047 0.447266 0.375000 0.449219 0.376953 0.447266
0 0.882812 0.447266 0.878906 0.451172 0.878906 0.457031 0.880859 0.458984 0.880859 0.460938 0.882812 0.460938 0.884766 0.462891 0.886719 0.462891 0.892578 0.457031 0.892578 0.453125 0.886719 0.447266
0 0.728516 0.455078 0.726562 0.457031 0.726562 0.466797 0.730469 0.470703 0.734375 0.470703 0.738281 0.466797 0.738281 0.458984 0.734375 0.455078
0 0.744141 0.453125 0.742188 0.455078 0.742188 0.458984 0.744141 0.460938 0.746094 0.460938 0.748047 0.458984 0.748047 0.455078 0.746094 0.453125
0 0.404297 0.458984 0.400391 0.462891 0.400391 0.466797 0.402344 0.468750 0.402344 0.470703 0.404297 0.472656 0.406250 0.472656 0.408203 0.470703 0.408203 0.462891
0 0.583984 0.462891 0.580078 0.466797 0.580078 0.468750 0.582031 0.470703 0.585938 0.470703 0.587891 0.468750 0.587891 0.466797
0 0.373047 0.474609 0.369141 0.478516 0.373047 0.482422 0.376953 0.482422 0.378906 0.480469 0.378906 0.478516 0.375000 0.474609
0 0.474609 0.474609 0.470703 0.480469 0.470703 0.490234 0.472656 0.494141 0.476562 0.494141 0.482422 0.498047 0.490234 0.500000 0.501953 0.490234 0.501953 0.482422 0.496094 0.476562 0.492188 0.476562 0.484375 0.472656 0.478516 0.472656
0 0.400391 0.478516 0.398438 0.480469 0.400391 0.482422 0.402344 0.480469
0 0.404297 0.486328 0.406250 0.488281 0.406250 0.490234 0.408203 0.492188 0.408203 0.494141 0.410156 0.496094 0.410156 0.498047 0.412109 0.498047 0.416016 0.494141 0.416016 0.490234 0.414062 0.490234 0.412109 0.488281 0.410156 0.488281 0.408203 0.490234 0.406250 0.488281 0.406250 0.486328
1 0.750000 0.496094 0.753906 0.500000 0.761719 0.500000 0.765625 0.496094 0.767578 0.496094 0.769531 0.498047 0.769531 0.500000 0.771484 0.501953 0.771484 0.505859 0.773438 0.507812 0.777344 0.503906 0.775391 0.501953 0.773438 0.501953 0.767578 0.496094 0.769531 0.494141 0.769531 0.492188 0.767578 0.492188 0.765625 0.494141 0.763672 0.494141 0.757812 0.488281 0.755859 0.488281 0.753906 0.490234 0.753906 0.492188
0 0.363281 0.494141 0.359375 0.498047 0.359375 0.503906 0.363281 0.503906 0.365234 0.501953 0.365234 0.496094
0 0.396484 0.494141 0.394531 0.492188 0.392578 0.492188 0.390625 0.494141 0.390625 0.498047 0.394531 0.498047 0.396484 0.496094
0 0.574219 0.492188 0.568359 0.498047 0.568359 0.501953 0.574219 0.507812 0.578125 0.507812 0.580078 0.505859 0.582031 0.505859 0.583984 0.503906 0.583984 0.500000 0.585938 0.498047 0.582031 0.494141 0.580078 0.494141 0.578125 0.492188
0 0.589844 0.492188 0.587891 0.494141 0.589844 0.496094 0.591797 0.496094 0.591797 0.492188
0 0.376953 0.496094 0.375000 0.498047 0.375000 0.500000 0.378906 0.503906 0.382812 0.503906 0.382812 0.500000 0.378906 0.496094
0 0.628906 0.496094 0.625000 0.500000 0.625000 0.501953 0.623047 0.503906 0.623047 0.505859 0.625000 0.507812 0.630859 0.507812 0.632812 0.509766 0.632812 0.507812 0.634766 0.505859 0.634766 0.501953 0.632812 0.500000 0.632812 0.498047 0.630859 0.496094
0 0.402344 0.503906 0.400391 0.505859 0.400391 0.507812 0.402344 0.509766 0.406250 0.509766 0.408203 0.507812 0.408203 0.505859 0.406250 0.503906
1 0.496094 0.503906 0.494141 0.505859 0.494141 0.521484 0.498047 0.525391 0.500000 0.525391 0.503906 0.521484 0.503906 0.511719 0.501953 0.511719 0.500000 0.509766 0.500000 0.507812
0 0.330078 0.507812 0.328125 0.509766 0.330078 0.511719 0.332031 0.509766
1 0.634766 0.517578 0.638672 0.521484 0.642578 0.517578 0.644531 0.517578 0.648438 0.521484 0.652344 0.521484 0.652344 0.519531 0.650391 0.517578 0.648438 0.519531 0.646484 0.519531 0.644531 0.517578 0.644531 0.515625 0.640625 0.511719
0 0.687500 0.513672 0.683594 0.517578 0.683594 0.519531 0.681641 0.521484 0.681641 0.525391 0.685547 0.531250 0.691406 0.531250 0.693359 0.529297 0.695312 0.529297 0.699219 0.525391 0.699219 0.519531 0.693359 0.513672
1 0.720703 0.517578 0.714844 0.523438 0.722656 0.531250 0.722656 0.533203 0.724609 0.535156 0.724609 0.537109 0.726562 0.539062 0.728516 0.539062 0.732422 0.535156 0.732422 0.533203 0.722656 0.523438 0.722656 0.519531
0 0.775391 0.525391 0.773438 0.527344 0.773438 0.529297 0.775391 0.529297 0.777344 0.531250 0.779297 0.531250 0.781250 0.529297 0.781250 0.527344 0.779297 0.525391
0 0.644531 0.529297 0.640625 0.529297 0.638672 0.531250 0.634766 0.531250 0.628906 0.537109 0.628906 0.542969 0.630859 0.544922 0.630859 0.546875 0.632812 0.546875 0.634766 0.548828 0.640625 0.548828 0.646484 0.542969 0.646484 0.541016 0.648438 0.539062 0.648438 0.533203
0 0.753906 0.527344 0.751953 0.529297 0.751953 0.531250 0.750000 0.533203 0.750000 0.535156 0.751953 0.535156 0.753906 0.537109 0.753906 0.539062 0.757812 0.539062 0.761719 0.535156 0.761719 0.531250 0.757812 0.527344
0 0.394531 0.537109 0.390625 0.541016 0.390625 0.544922 0.388672 0.546875 0.398438 0.556641 0.398438 0.558594 0.400391 0.560547 0.408203 0.560547 0.408203 0.558594 0.410156 0.556641 0.410156 0.546875 0.406250 0.542969 0.404297 0.542969 0.402344 0.541016 0.402344 0.539062 0.400391 0.539062 0.398438 0.537109
0 0.458984 0.548828 0.457031 0.550781 0.458984 0.552734
0 0.736328 0.546875 0.732422 0.550781 0.732422 0.552734 0.736328 0.556641 0.738281 0.556641 0.740234 0.554688 0.740234 0.552734 0.742188 0.550781 0.738281 0.546875
0 0.558594 0.554688 0.556641 0.556641 0.556641 0.558594 0.554688 0.560547 0.556641 0.562500 0.556641 0.566406 0.558594 0.568359 0.560547 0.568359 0.562500 0.570312 0.564453 0.570312 0.570312 0.564453 0.570312 0.562500 0.568359 0.560547 0.568359 0.556641 0.566406 0.556641 0.564453 0.554688
0 0.708984 0.554688 0.707031 0.556641 0.705078 0.556641 0.703125 0.558594 0.703125 0.566406 0.707031 0.570312 0.712891 0.570312 0.714844 0.568359 0.714844 0.566406 0.716797 0.564453 0.716797 0.558594 0.712891 0.554688
1 0.349609 0.560547 0.347656 0.562500 0.347656 0.564453 0.349609 0.566406 0.349609 0.568359 0.351562 0.570312 0.351562 0.572266 0.353516 0.570312 0.351562 0.570312 0.349609 0.568359
0 0.753906 0.564453 0.751953 0.566406 0.751953 0.568359 0.753906 0.570312 0.757812 0.570312 0.757812 0.566406 0.755859 0.564453
0 0.423828 0.566406 0.419922 0.570312 0.427734 0.580078 0.427734 0.582031 0.429688 0.583984 0.429688 0.589844 0.431641 0.591797 0.437500 0.591797 0.439453 0.589844 0.439453 0.583984 0.445312 0.578125 0.445312 0.576172 0.439453 0.570312 0.427734 0.570312
1 0.498047 0.566406 0.496094 0.568359 0.492188 0.568359 0.486328 0.574219 0.486328 0.576172 0.488281 0.578125 0.488281 0.591797 0.484375 0.595703 0.488281 0.599609 0.488281 0.605469 0.486328 0.607422 0.486328 0.609375 0.488281 0.611328 0.488281 0.617188 0.496094 0.626953 0.500000 0.626953 0.507812 0.619141 0.507812 0.617188 0.505859 0.615234 0.509766 0.611328 0.509766 0.603516 0.507812 0.601562 0.507812 0.599609 0.511719 0.595703 0.509766 0.593750 0.513672 0.589844 0.509766 0.585938 0.509766 0.582031 0.511719 0.580078 0.507812 0.576172 0.507812 0.574219 0.501953 0.568359 0.500000 0.568359
0 0.740234 0.566406 0.736328 0.566406 0.732422 0.570312 0.732422 0.576172 0.736328 0.580078 0.738281 0.580078 0.744141 0.574219 0.744141 0.572266 0.742188 0.570312 0.742188 0.568359
0 0.603516 0.570312 0.599609 0.574219 0.599609 0.578125 0.603516 0.582031 0.605469 0.582031 0.607422 0.583984 0.607422 0.585938 0.609375 0.587891 0.609375 0.583984 0.607422 0.582031 0.611328 0.578125 0.611328 0.574219 0.607422 0.570312
0 0.556641 0.576172 0.548828 0.576172 0.544922 0.580078 0.544922 0.582031 0.542969 0.583984 0.542969 0.593750 0.546875 0.597656 0.552734 0.597656 0.554688 0.595703 0.560547 0.593750 0.560547 0.587891 0.562500 0.585938 0.560547 0.583984 0.562500 0.582031 0.560547 0.580078 0.560547 0.578125 0.558594 0.578125
0 0.570312 0.578125 0.566406 0.583984 0.568359 0.585938 0.568359 0.599609 0.566406 0.601562 0.574219 0.611328 0.578125 0.613281 0.583984 0.613281 0.589844 0.607422 0.589844 0.595703 0.585938 0.591797 0.583984 0.582031 0.582031 0.582031 0.578125 0.578125
0 0.769531 0.580078 0.767578 0.582031 0.767578 0.583984 0.769531 0.585938 0.771484 0.585938 0.773438 0.583984 0.773438 0.582031 0.771484 0.580078
0 0.312500 0.583984 0.310547 0.585938 0.310547 0.587891 0.314453 0.587891 0.312500 0.585938
0 0.460938 0.582031 0.455078 0.587891 0.455078 0.595703 0.457031 0.597656 0.462891 0.597656 0.464844 0.599609 0.468750 0.599609 0.470703 0.597656 0.470703 0.595703 0.462891 0.587891 0.462891 0.585938 0.460938 0.583984
0 0.658203 0.589844 0.656250 0.591797 0.658203 0.593750 0.660156 0.593750 0.660156 0.589844
0 0.025391 0.595703 0.023438 0.597656 0.023438 0.601562 0.025391 0.603516 0.027344 0.603516 0.029297 0.601562 0.029297 0.597656 0.027344 0.595703
0 0.281250 0.593750 0.279297 0.595703 0.281250 0.597656 0.283203 0.595703
0 0.326172 0.603516 0.324219 0.605469 0.324219 0.613281 0.326172 0.615234 0.333984 0.615234 0.335938 0.613281 0.335938 0.611328 0.337891 0.609375 0.337891 0.607422 0.335938 0.605469 0.333984 0.605469 0.332031 0.603516
0 0.630859 0.601562 0.626953 0.601562 0.626953 0.603516 0.628906 0.605469 0.630859 0.603516
0 0.361328 0.605469 0.355469 0.611328 0.355469 0.621094 0.359375 0.625000 0.371094 0.625000 0.371094 0.619141 0.369141 0.617188 0.369141 0.609375 0.365234 0.605469
0 0.710938 0.605469 0.708984 0.605469 0.707031 0.607422 0.705078 0.607422 0.705078 0.615234 0.708984 0.619141 0.710938 0.617188 0.714844 0.617188 0.716797 0.615234 0.716797 0.611328 0.714844 0.609375 0.714844 0.607422 0.712891 0.607422
0 0.414062 0.611328 0.410156 0.615234 0.412109 0.617188 0.414062 0.617188 0.416016 0.615234 0.414062 0.613281
0 0.601562 0.609375 0.599609 0.611328 0.601562 0.613281 0.603516 0.613281 0.605469 0.611328 0.603516 0.609375
0 0.548828 0.617188 0.544922 0.617188 0.542969 0.615234 0.541016 0.617188 0.537109 0.617188 0.533203 0.621094 0.533203 0.623047 0.535156 0.625000 0.535156 0.628906 0.539062 0.632812 0.546875 0.632812 0.550781 0.628906 0.550781 0.623047 0.548828 0.621094
0 0.289062 0.617188 0.287109 0.617188 0.281250 0.623047 0.281250 0.632812 0.283203 0.634766 0.291016 0.634766 0.292969 0.632812 0.292969 0.630859 0.294922 0.628906 0.294922 0.623047
0 0.439453 0.621094 0.441406 0.623047 0.447266 0.623047 0.449219 0.621094 0.449219 0.619141 0.447266 0.617188 0.443359 0.617188
0 0.408203 0.632812 0.406250 0.640625 0.412109 0.644531 0.419922 0.644531 0.421875 0.642578 0.429688 0.648438 0.437500 0.652344 0.441406 0.652344 0.441406 0.648438 0.439453 0.646484 0.439453 0.636719 0.435547 0.628906 0.425781 0.625000 0.423828 0.626953 0.414062 0.626953 0.412109 0.630859
0 0.947266 0.628906 0.943359 0.632812 0.943359 0.638672 0.945312 0.640625 0.945312 0.642578 0.947266 0.644531 0.953125 0.644531 0.957031 0.640625 0.957031 0.634766 0.955078 0.632812 0.955078 0.630859 0.953125 0.630859 0.951172 0.628906
0 0.636719 0.634766 0.630859 0.638672 0.626953 0.650391 0.630859 0.654297 0.636719 0.654297 0.638672 0.656250 0.644531 0.656250 0.644531 0.654297 0.648438 0.650391 0.648438 0.644531 0.640625 0.634766
1 0.837891 0.640625 0.841797 0.644531 0.849609 0.644531 0.851562 0.642578 0.853516 0.642578 0.857422 0.646484 0.857422 0.648438 0.859375 0.650391 0.863281 0.646484 0.863281 0.644531 0.861328 0.642578 0.857422 0.642578 0.855469 0.644531 0.849609 0.638672 0.849609 0.636719 0.847656 0.634766 0.843750 0.634766
0 0.708984 0.642578 0.707031 0.644531 0.707031 0.648438 0.708984 0.650391 0.710938 0.650391 0.712891 0.648438 0.712891 0.644531 0.710938 0.642578
0 0.736328 0.642578 0.738281 0.644531 0.738281 0.646484 0.740234 0.648438 0.742188 0.648438 0.744141 0.646484 0.744141 0.642578 0.742188 0.640625 0.740234 0.640625 0.738281 0.642578
0 0.373047 0.644531 0.371094 0.646484 0.373047 0.648438 0.373047 0.650391 0.375000 0.650391 0.376953 0.648438 0.376953 0.646484 0.375000 0.644531
0 0.568359 0.648438 0.568359 0.650391 0.570312 0.652344 0.572266 0.650391 0.576172 0.650391 0.576172 0.648438 0.574219 0.646484 0.570312 0.646484
0 0.611328 0.646484 0.609375 0.648438 0.609375 0.652344 0.611328 0.654297 0.613281 0.654297 0.615234 0.656250 0.615234 0.654297 0.619141 0.650391 0.617188 0.648438 0.617188 0.646484
0 0.792969 0.658203 0.789062 0.658203 0.787109 0.660156 0.787109 0.664062 0.789062 0.666016 0.791016 0.666016 0.794922 0.662109 0.792969 0.660156
0 0.837891 0.662109 0.833984 0.666016 0.833984 0.671875 0.837891 0.675781 0.843750 0.675781 0.845703 0.673828 0.845703 0.664062 0.843750 0.662109
0 0.535156 0.666016 0.533203 0.667969 0.533203 0.671875 0.539062 0.677734 0.539062 0.675781 0.541016 0.673828 0.542969 0.673828 0.541016 0.671875 0.542969 0.669922 0.539062 0.666016
0 0.683594 0.673828 0.683594 0.675781 0.681641 0.677734 0.681641 0.687500 0.685547 0.691406 0.689453 0.691406 0.695312 0.685547 0.695312 0.677734 0.693359 0.675781 0.691406 0.675781 0.689453 0.673828
0 0.724609 0.671875 0.722656 0.673828 0.724609 0.675781 0.726562 0.673828
0 0.326172 0.677734 0.324219 0.679688 0.326172 0.681641 0.328125 0.681641 0.330078 0.679688 0.328125 0.677734
0 0.597656 0.679688 0.595703 0.677734 0.591797 0.681641 0.597656 0.681641
0 0.607422 0.677734 0.603516 0.681641 0.607422 0.685547 0.611328 0.681641
0 0.640625 0.679688 0.636719 0.679688 0.630859 0.685547 0.634766 0.689453 0.636719 0.689453 0.638672 0.687500 0.640625 0.687500
0 0.230469 0.683594 0.228516 0.685547 0.226562 0.685547 0.228516 0.687500 0.228516 0.689453 0.230469 0.689453 0.232422 0.687500 0.232422 0.685547
0 0.437500 0.683594 0.435547 0.685547 0.433594 0.685547 0.431641 0.687500 0.431641 0.689453 0.427734 0.693359 0.429688 0.695312 0.427734 0.697266 0.429688 0.699219 0.429688 0.701172 0.433594 0.705078 0.437500 0.705078 0.439453 0.703125 0.441406 0.703125 0.447266 0.697266 0.447266 0.691406
1 0.585938 0.685547 0.580078 0.685547 0.580078 0.687500 0.572266 0.695312 0.572266 0.699219 0.576172 0.703125 0.576172 0.708984 0.578125 0.707031 0.580078 0.707031 0.578125 0.705078 0.578125 0.701172 0.582031 0.697266 0.583984 0.697266 0.585938 0.695312 0.585938 0.691406 0.587891 0.689453 0.585938 0.687500
0 0.724609 0.685547 0.724609 0.691406 0.728516 0.695312 0.732422 0.695312 0.736328 0.691406 0.736328 0.685547 0.734375 0.683594 0.728516 0.683594 0.726562 0.685547
0 0.531250 0.693359 0.531250 0.697266 0.535156 0.701172 0.537109 0.699219 0.537109 0.697266 0.535156 0.695312 0.535156 0.693359
0 0.705078 0.703125 0.710938 0.703125 0.712891 0.701172 0.716797 0.701172 0.714844 0.699219 0.714844 0.695312 0.707031 0.695312 0.707031 0.699219 0.705078 0.701172
0 0.548828 0.699219 0.546875 0.701172 0.546875 0.703125 0.548828 0.705078 0.550781 0.705078 0.552734 0.703125 0.552734 0.701172 0.550781 0.699219
0 0.632812 0.707031 0.632812 0.712891 0.638672 0.716797 0.648438 0.716797 0.652344 0.712891 0.652344 0.708984 0.646484 0.703125 0.642578 0.703125 0.640625 0.701172 0.636719 0.705078 0.634766 0.705078
0 0.335938 0.716797 0.333984 0.718750 0.333984 0.720703 0.335938 0.722656 0.339844 0.722656 0.339844 0.718750 0.337891 0.716797
0 0.720703 0.714844 0.710938 0.722656 0.707031 0.730469 0.722656 0.744141 0.722656 0.748047 0.726562 0.751953 0.732422 0.751953 0.738281 0.748047 0.740234 0.744141 0.726562 0.732422 0.726562 0.726562 0.728516 0.722656 0.726562 0.718750
0 0.273438 0.718750 0.269531 0.718750 0.267578 0.720703 0.269531 0.720703 0.271484 0.722656 0.273438 0.720703
0 0.548828 0.722656 0.544922 0.718750 0.541016 0.718750 0.539062 0.720703 0.539062 0.726562 0.537109 0.728516 0.535156 0.728516 0.533203 0.730469 0.535156 0.732422 0.537109 0.732422 0.537109 0.730469 0.539062 0.728516 0.546875 0.728516 0.548828 0.726562
0 0.566406 0.738281 0.566406 0.740234 0.568359 0.740234 0.570312 0.742188 0.576172 0.742188 0.576172 0.736328 0.574219 0.734375 0.572266 0.734375 0.570312 0.736328 0.568359 0.736328
0 0.628906 0.734375 0.625000 0.738281 0.625000 0.740234 0.626953 0.742188 0.625000 0.744141 0.634766 0.744141 0.638672 0.740234 0.638672 0.736328 0.636719 0.734375
0 0.855469 0.734375 0.853516 0.736328 0.853516 0.740234 0.855469 0.744141 0.851562 0.751953 0.851562 0.757812 0.855469 0.763672 0.863281 0.763672 0.871094 0.755859 0.873047 0.751953 0.873047 0.746094 0.869141 0.738281 0.865234 0.738281 0.859375 0.734375
0 0.535156 0.738281 0.533203 0.740234 0.533203 0.742188 0.535156 0.742188 0.537109 0.744141 0.539062 0.744141 0.541016 0.742188 0.541016 0.740234 0.539062 0.738281
1 0.605469 0.740234 0.605469 0.742188 0.597656 0.750000 0.593750 0.750000 0.591797 0.751953 0.593750 0.753906 0.591797 0.755859 0.595703 0.759766 0.597656 0.767578 0.601562 0.771484 0.599609 0.775391 0.601562 0.777344 0.601562 0.787109 0.599609 0.789062 0.601562 0.792969 0.601562 0.798828 0.599609 0.802734 0.603516 0.808594 0.617188 0.808594 0.621094 0.804688 0.621094 0.792969 0.626953 0.787109 0.632812 0.787109 0.626953 0.787109 0.619141 0.781250 0.621094 0.779297 0.619141 0.777344 0.623047 0.773438 0.621094 0.769531 0.623047 0.765625 0.611328 0.751953 0.611328 0.746094 0.609375 0.742188
0 0.457031 0.744141 0.453125 0.748047 0.457031 0.748047
0 0.658203 0.744141 0.656250 0.746094 0.656250 0.748047 0.658203 0.750000 0.658203 0.757812 0.662109 0.761719 0.667969 0.761719 0.667969 0.751953 0.664062 0.748047 0.662109 0.748047
0 0.970703 0.744141 0.968750 0.746094 0.970703 0.748047
0 0.554688 0.746094 0.552734 0.748047 0.552734 0.753906 0.554688 0.755859 0.560547 0.755859 0.560547 0.753906 0.558594 0.751953 0.560547 0.750000 0.560547 0.748047 0.558594 0.746094
0 0.220703 0.750000 0.218750 0.751953 0.218750 0.753906 0.220703 0.755859 0.222656 0.753906 0.222656 0.751953
0 0.953125 0.751953 0.953125 0.753906 0.960938 0.761719 0.966797 0.761719 0.968750 0.759766 0.968750 0.755859 0.966797 0.753906 0.966797 0.751953 0.960938 0.751953 0.958984 0.750000 0.955078 0.750000
0 0.634766 0.753906 0.634766 0.755859 0.630859 0.761719 0.634766 0.771484 0.636719 0.771484 0.642578 0.777344 0.646484 0.777344 0.648438 0.779297 0.654297 0.777344 0.658203 0.773438 0.658203 0.769531 0.656250 0.767578 0.656250 0.765625 0.654297 0.765625 0.652344 0.763672 0.652344 0.761719 0.644531 0.753906
0 0.695312 0.757812 0.695312 0.763672 0.699219 0.763672 0.701172 0.761719 0.701172 0.759766 0.699219 0.757812
0 0.507812 0.761719 0.505859 0.763672 0.505859 0.765625 0.507812 0.767578 0.509766 0.767578 0.511719 0.765625 0.511719 0.763672 0.509766 0.761719
1 0.568359 0.763672 0.570312 0.765625 0.570312 0.769531 0.572266 0.771484 0.570312 0.773438 0.570312 0.775391 0.572266 0.777344 0.570312 0.779297 0.570312 0.783203 0.576172 0.783203 0.578125 0.781250 0.578125 0.779297 0.580078 0.777344 0.580078 0.773438 0.576172 0.769531 0.574219 0.769531
0 0.925781 0.761719 0.923828 0.763672 0.923828 0.765625 0.921875 0.767578 0.921875 0.769531 0.925781 0.773438 0.931641 0.773438 0.933594 0.771484 0.933594 0.763672 0.931641 0.761719
0 0.306641 0.765625 0.304688 0.765625 0.302734 0.767578 0.304688 0.769531 0.306641 0.767578
0 0.669922 0.765625 0.667969 0.767578 0.671875 0.771484 0.671875 0.769531 0.673828 0.767578 0.671875 0.765625
0 0.841797 0.769531 0.839844 0.769531 0.837891 0.771484 0.835938 0.771484 0.833984 0.773438 0.833984 0.777344 0.835938 0.779297 0.841797 0.779297 0.845703 0.775391 0.843750 0.773438 0.843750 0.771484
0 0.789062 0.779297 0.785156 0.779297 0.785156 0.783203 0.787109 0.783203 0.789062 0.781250
0 0.496094 0.804688 0.496094 0.812500 0.509766 0.824219 0.515625 0.824219 0.527344 0.808594 0.533203 0.814453 0.531250 0.816406 0.533203 0.822266 0.548828 0.810547 0.548828 0.802734 0.544922 0.798828 0.541016 0.800781 0.537109 0.798828 0.531250 0.804688 0.519531 0.791016 0.511719 0.787109 0.503906 0.791016
0 0.794922 0.787109 0.792969 0.789062 0.794922 0.791016 0.794922 0.792969 0.796875 0.792969 0.798828 0.791016
0 0.191406 0.791016 0.189453 0.792969 0.189453 0.794922 0.191406 0.796875 0.193359 0.796875 0.195312 0.794922 0.195312 0.792969 0.193359 0.791016
0 0.705078 0.791016 0.703125 0.792969 0.703125 0.800781 0.707031 0.804688 0.708984 0.804688 0.710938 0.806641 0.712891 0.806641 0.714844 0.804688 0.716797 0.804688 0.716797 0.796875 0.714844 0.794922 0.714844 0.792969 0.712891 0.791016
0 0.984375 0.789062 0.972656 0.794922 0.966797 0.794922 0.970703 0.796875 0.970703 0.800781 0.968750 0.802734 0.970703 0.804688 0.968750 0.806641 0.970703 0.816406 0.976562 0.820312 0.982422 0.818359 0.986328 0.814453 0.986328 0.810547 0.990234 0.806641 0.990234 0.800781 0.992188 0.798828 0.998047 0.802734 0.998047 0.796875 0.990234 0.794922 0.988281 0.791016
0 0.482422 0.792969 0.482422 0.794922 0.478516 0.798828 0.476562 0.796875 0.478516 0.798828 0.480469 0.798828 0.482422 0.800781 0.482422 0.802734 0.484375 0.802734 0.484375 0.800781 0.486328 0.798828 0.486328 0.794922 0.484375 0.794922
0 0.574219 0.794922 0.562500 0.806641 0.562500 0.808594 0.568359 0.814453 0.572266 0.814453 0.574219 0.812500 0.576172 0.812500 0.576172 0.808594 0.580078 0.802734 0.580078 0.800781 0.578125 0.800781
0 0.671875 0.806641 0.671875 0.810547 0.673828 0.812500 0.673828 0.814453 0.675781 0.816406 0.681641 0.816406 0.683594 0.814453 0.683594 0.808594 0.679688 0.804688 0.677734 0.804688 0.673828 0.808594
0 0.902344 0.806641 0.900391 0.804688 0.896484 0.804688 0.892578 0.808594 0.892578 0.810547 0.894531 0.812500 0.896484 0.812500
0 0.744141 0.810547 0.742188 0.812500 0.740234 0.812500 0.738281 0.814453 0.738281 0.816406 0.736328 0.818359 0.736328 0.820312 0.740234 0.824219 0.746094 0.824219 0.750000 0.820312 0.750000 0.816406 0.748047 0.814453 0.748047 0.812500 0.746094 0.812500
0 0.724609 0.812500 0.724609 0.816406 0.726562 0.818359 0.728516 0.818359 0.730469 0.816406 0.730469 0.814453 0.728516 0.812500
0 0.759766 0.818359 0.757812 0.820312 0.757812 0.824219 0.755859 0.826172 0.759766 0.830078 0.765625 0.830078 0.767578 0.828125 0.767578 0.822266 0.763672 0.818359
0 0.583984 0.822266 0.583984 0.824219 0.582031 0.826172 0.582031 0.830078 0.583984 0.832031 0.587891 0.832031 0.589844 0.830078 0.591797 0.830078 0.593750 0.832031 0.593750 0.833984 0.591797 0.835938 0.593750 0.835938 0.593750 0.826172 0.591797 0.824219 0.589844 0.824219 0.587891 0.822266
0 0.613281 0.820312 0.609375 0.824219 0.609375 0.830078 0.607422 0.832031 0.609375 0.832031 0.611328 0.833984 0.617188 0.833984 0.617188 0.832031 0.619141 0.830078 0.619141 0.824219 0.615234 0.820312
0 0.634766 0.822266 0.632812 0.824219 0.634766 0.826172 0.636719 0.826172 0.636719 0.822266
0 0.775391 0.822266 0.773438 0.824219 0.773438 0.826172 0.771484 0.828125 0.773438 0.830078 0.773438 0.832031 0.777344 0.835938 0.781250 0.835938 0.783203 0.833984 0.785156 0.833984 0.785156 0.832031 0.787109 0.830078 0.787109 0.826172 0.783203 0.822266
0 0.888672 0.822266 0.886719 0.824219 0.886719 0.830078 0.890625 0.833984 0.892578 0.833984 0.896484 0.830078 0.896484 0.824219 0.894531 0.822266
1 0.392578 0.824219 0.392578 0.828125 0.394531 0.830078 0.394531 0.826172
0 0.558594 0.826172 0.558594 0.830078 0.562500 0.830078 0.564453 0.828125 0.562500 0.826172
0 0.574219 0.826172 0.570312 0.826172 0.570312 0.828125 0.572266 0.830078 0.574219 0.828125
0 0.941406 0.826172 0.941406 0.833984 0.945312 0.835938 0.941406 0.851562 0.960938 0.873047 0.962891 0.869141 0.974609 0.869141 0.978516 0.861328 0.976562 0.859375 0.980469 0.857422 0.976562 0.853516 0.978516 0.847656 0.990234 0.845703 0.996094 0.839844 0.992188 0.832031 0.980469 0.826172
0 0.402344 0.828125 0.400391 0.830078 0.398438 0.830078 0.398438 0.832031 0.400391 0.833984 0.400391 0.835938 0.402344 0.835938 0.404297 0.833984 0.404297 0.830078
1 0.572266 0.837891 0.572266 0.839844 0.570312 0.841797 0.572266 0.843750 0.572266 0.845703 0.574219 0.845703 0.578125 0.841797 0.580078 0.843750 0.580078 0.845703 0.582031 0.847656 0.583984 0.847656 0.583984 0.845703 0.582031 0.843750 0.580078 0.843750 0.578125 0.841797 0.576172 0.841797
0 0.755859 0.837891 0.753906 0.839844 0.753906 0.841797 0.755859 0.843750 0.759766 0.843750 0.759766 0.839844 0.757812 0.837891
0 0.716797 0.845703 0.714844 0.847656 0.714844 0.849609 0.716797 0.851562 0.718750 0.851562 0.720703 0.849609 0.720703 0.847656 0.718750 0.845703
0 0.810547 0.843750 0.783203 0.859375 0.773438 0.859375 0.763672 0.871094 0.781250 0.880859 0.779297 0.892578 0.792969 0.888672 0.800781 0.896484 0.787109 0.916016 0.791016 0.939453 0.800781 0.939453 0.812500 0.929688 0.816406 0.921875 0.812500 0.908203 0.828125 0.886719 0.820312 0.871094 0.820312 0.855469
0 0.931641 0.849609 0.929688 0.847656 0.927734 0.847656 0.923828 0.851562 0.931641 0.851562
0 0.535156 0.853516 0.531250 0.853516 0.531250 0.855469 0.533203 0.857422 0.533203 0.855469
0 0.607422 0.853516 0.605469 0.851562 0.603516 0.851562 0.601562 0.853516 0.601562 0.857422 0.605469 0.857422 0.607422 0.855469
0 0.726562 0.853516 0.724609 0.855469 0.726562 0.861328 0.718750 0.880859 0.732422 0.898438 0.744141 0.900391 0.750000 0.906250 0.757812 0.906250 0.761719 0.900391 0.761719 0.882812 0.751953 0.869141 0.753906 0.867188 0.736328 0.851562
0 0.841797 0.859375 0.841797 0.861328 0.839844 0.863281 0.839844 0.871094 0.837891 0.873047 0.839844 0.875000 0.839844 0.878906 0.841797 0.880859 0.847656 0.880859 0.849609 0.878906 0.855469 0.878906 0.855469 0.873047 0.853516 0.871094 0.853516 0.865234 0.851562 0.863281 0.851562 0.861328 0.849609 0.859375
0 0.685547 0.863281 0.683594 0.865234 0.683594 0.867188 0.685547 0.869141 0.689453 0.869141 0.691406 0.867188 0.691406 0.865234 0.689453 0.863281
0 0.345703 0.871094 0.341797 0.867188 0.339844 0.867188 0.337891 0.869141 0.335938 0.869141 0.333984 0.871094 0.333984 0.875000 0.335938 0.876953 0.343750 0.876953 0.345703 0.875000
0 0.707031 0.867188 0.705078 0.869141 0.705078 0.871094 0.707031 0.873047 0.708984 0.873047 0.710938 0.871094 0.710938 0.869141 0.708984 0.867188
0 0.685547 0.880859 0.681641 0.884766 0.683594 0.894531 0.677734 0.900391 0.669922 0.902344 0.666016 0.898438 0.667969 0.902344 0.660156 0.916016 0.664062 0.929688 0.673828 0.935547 0.687500 0.925781 0.695312 0.925781 0.703125 0.914062 0.699219 0.906250 0.701172 0.904297 0.695312 0.898438 0.697266 0.888672 0.695312 0.890625
0 0.589844 0.886719 0.589844 0.888672 0.593750 0.888672 0.591797 0.886719
0 0.460938 0.892578 0.460938 0.894531 0.462891 0.894531 0.462891 0.892578
0 0.714844 0.890625 0.710938 0.890625 0.708984 0.892578 0.708984 0.900391 0.710938 0.902344 0.712891 0.900391 0.712891 0.896484 0.714844 0.894531
0 0.455078 0.896484 0.451172 0.900391 0.451172 0.902344 0.453125 0.904297 0.455078 0.904297 0.457031 0.902344 0.455078 0.900391
0 0.490234 0.894531 0.490234 0.898438 0.492188 0.898438 0.494141 0.896484 0.492188 0.894531
0 0.619141 0.896484 0.619141 0.900391 0.621094 0.900391 0.623047 0.898438 0.621094 0.896484
0 0.570312 0.906250 0.566406 0.902344 0.564453 0.902344 0.556641 0.910156 0.556641 0.914062 0.562500 0.914062 0.564453 0.916016 0.570312 0.910156
0 0.537109 0.908203 0.529297 0.908203 0.529297 0.912109 0.527344 0.914062 0.527344 0.916016 0.529297 0.917969 0.531250 0.917969 0.533203 0.916016 0.533203 0.914062 0.537109 0.910156
1 0.636719 0.921875 0.634766 0.919922 0.630859 0.919922 0.628906 0.917969 0.626953 0.917969 0.621094 0.923828 0.615234 0.917969 0.615234 0.916016 0.613281 0.914062 0.611328 0.914062 0.603516 0.921875 0.597656 0.919922 0.595703 0.921875 0.595703 0.923828 0.593750 0.925781 0.591797 0.931641 0.593750 0.933594 0.593750 0.935547 0.599609 0.941406 0.601562 0.939453 0.603516 0.941406 0.605469 0.941406 0.609375 0.937500 0.609375 0.927734 0.615234 0.921875 0.619141 0.921875 0.621094 0.923828 0.623047 0.923828 0.628906 0.929688 0.634766 0.929688 0.636719 0.927734
0 0.867188 0.919922 0.863281 0.927734 0.865234 0.929688 0.865234 0.935547 0.871094 0.941406 0.880859 0.943359 0.882812 0.941406 0.890625 0.939453 0.894531 0.935547 0.894531 0.923828 0.888672 0.916016 0.884766 0.916016 0.882812 0.917969 0.880859 0.916016 0.876953 0.916016 0.875000 0.917969 0.873047 0.916016
0 0.986328 0.916016 0.986328 0.917969 0.990234 0.921875 0.992188 0.919922 0.994141 0.919922 0.994141 0.916016 0.992188 0.914062 0.988281 0.914062
0 0.503906 0.919922 0.503906 0.923828 0.505859 0.925781 0.507812 0.925781 0.509766 0.923828 0.509766 0.921875 0.507812 0.919922
0 0.708984 0.931641 0.705078 0.931641 0.703125 0.933594 0.705078 0.935547 0.707031 0.935547 0.708984 0.933594
1 0.998047 0.931641 0.998047 0.933594 0.996094 0.935547 0.996094 0.937500 0.994141 0.939453 0.996094 0.941406 0.998047 0.941406
0 0.636719 0.935547 0.634766 0.937500 0.634766 0.939453 0.636719 0.939453
0 0.759766 0.933594 0.753906 0.939453 0.753906 0.943359 0.755859 0.945312 0.755859 0.951172 0.757812 0.953125 0.761719 0.953125 0.763672 0.955078 0.767578 0.955078 0.773438 0.951172 0.773438 0.947266 0.775391 0.945312 0.775391 0.943359 0.767578 0.933594
0 0.921875 0.937500 0.921875 0.943359 0.925781 0.943359 0.927734 0.941406 0.927734 0.939453 0.925781 0.937500
0 0.734375 0.941406 0.732422 0.941406 0.728516 0.945312 0.728516 0.947266 0.730469 0.949219 0.732422 0.949219 0.734375 0.947266
0 0.324219 0.945312 0.322266 0.945312 0.316406 0.951172 0.316406 0.953125 0.318359 0.953125 0.320312 0.955078 0.322266 0.955078 0.326172 0.951172 0.326172 0.949219 0.324219 0.947266
0 0.529297 0.951172 0.531250 0.953125 0.531250 0.955078 0.529297 0.957031 0.527344 0.957031 0.529297 0.958984 0.529297 0.960938 0.533203 0.964844 0.531250 0.966797 0.533203 0.966797 0.535156 0.964844 0.537109 0.964844 0.541016 0.960938 0.541016 0.957031 0.537109 0.953125 0.535156 0.953125 0.533203 0.951172
0 0.648438 0.949219 0.644531 0.949219 0.642578 0.951172 0.642578 0.953125 0.644531 0.955078 0.646484 0.955078 0.648438 0.953125
0 0.623047 0.953125 0.623047 0.955078 0.617188 0.960938 0.617188 0.962891 0.621094 0.966797 0.625000 0.962891 0.623047 0.960938 0.623047 0.957031 0.625000 0.955078
0 0.843750 0.955078 0.841797 0.957031 0.837891 0.957031 0.835938 0.958984 0.835938 0.966797 0.839844 0.970703 0.843750 0.970703 0.847656 0.966797 0.847656 0.958984
0 0.876953 0.958984 0.875000 0.960938 0.873047 0.960938 0.873047 0.962891 0.871094 0.964844 0.873047 0.966797 0.871094 0.968750 0.875000 0.972656 0.878906 0.972656 0.880859 0.974609 0.884766 0.970703 0.884766 0.968750 0.886719 0.966797 0.884766 0.964844 0.884766 0.962891 0.880859 0.958984
0 0.632812 0.960938 0.632812 0.962891 0.634766 0.962891 0.634766 0.960938
0 0.751953 0.960938 0.750000 0.962891 0.750000 0.964844 0.753906 0.968750 0.757812 0.968750 0.759766 0.966797 0.759766 0.962891 0.757812 0.960938
0 0.998047 0.960938 0.996094 0.964844 0.990234 0.968750 0.978516 0.960938 0.976562 0.962891 0.964844 0.964844 0.960938 0.970703 0.960938 0.976562 0.964844 0.986328 0.972656 0.990234 0.988281 0.988281 0.994141 0.982422 0.994141 0.972656 0.996094 0.970703 0.998047 0.972656
0 0.449219 0.976562 0.445312 0.980469 0.445312 0.984375 0.449219 0.988281 0.455078 0.988281 0.455078 0.984375 0.457031 0.982422 0.457031 0.980469 0.453125 0.976562
0 0.433594 0.982422 0.431641 0.984375 0.431641 0.988281 0.433594 0.988281 0.435547 0.990234 0.435547 0.984375
0 0.792969 0.980469 0.791016 0.982422 0.791016 0.990234 0.792969 0.992188 0.798828 0.992188 0.800781 0.990234 0.800781 0.984375 0.796875 0.980469
0 0.744141 0.996094 0.744141 0.998047 0.767578 0.998047 0.765625 0.998047 0.757812 0.990234 0.755859 0.990234 0.751953 0.984375 0.750000 0.986328 0.750000 0.990234
0 0.777344 0.986328 0.775391 0.988281 0.775391 0.992188 0.777344 0.994141 0.783203 0.994141 0.783203 0.988281 0.781250 0.986328
0 0.398438 0.988281 0.398438 0.992188 0.402344 0.992188 0.402344 0.988281
0 0.558594 0.988281 0.556641 0.990234 0.554688 0.990234 0.556641 0.992188 0.556641 0.994141 0.554688 0.996094 0.556641 0.996094 0.560547 0.992188 0.560547 0.990234
1 0.648438 0.998047 0.673828 0.998047 0.673828 0.996094 0.675781 0.994141 0.675781 0.992188 0.673828 0.990234 0.669922 0.990234 0.667969 0.992188 0.666016 0.992188 0.664062 0.990234 0.662109 0.990234 0.660156 0.988281 0.658203 0.988281 0.656250 0.990234 0.652344 0.990234 0.650391 0.992188 0.650391 0.994141 0.648438 0.996094
0 0.376953 0.994141 0.376953 0.996094 0.378906 0.998047 0.386719 0.998047 0.386719 0.994141 0.384766 0.992188 0.378906 0.992188
0 0.275391 0.021484 0.275391 0.025391 0.271484 0.025391 0.269531 0.023438 0.273438 0.019531
0 0.283203 0.041016 0.283203 0.044922 0.279297 0.044922 0.277344 0.042969 0.281250 0.039062
0 0.259766 0.076172 0.259766 0.080078 0.255859 0.080078 0.253906 0.078125 0.257812 0.074219
0 0.007812 0.113281 0.003906 0.113281 0.001953 0.111328 0.001953 0.109375 0.003906 0.107422 0.007812 0.109375
0 0.005859 0.125000 0.001953 0.125000 0.000000 0.123047 0.000000 0.121094 0.001953 0.119141 0.005859 0.121094
0 0.144531 0.142578 0.144531 0.146484 0.140625 0.146484 0.138672 0.144531 0.142578 0.140625
0 0.062500 0.158203 0.062500 0.162109 0.058594 0.162109 0.056641 0.160156 0.060547 0.156250
0 0.253906 0.167969 0.253906 0.171875 0.250000 0.171875 0.248047 0.169922 0.251953 0.166016
0 0.011719 0.175781 0.009766 0.175781 0.007812 0.177734 0.003906 0.177734 0.001953 0.175781 0.001953 0.169922 0.003906 0.167969 0.007812 0.167969 0.009766 0.169922 0.011719 0.169922
0 0.753906 0.175781 0.753906 0.179688 0.750000 0.179688 0.748047 0.177734 0.751953 0.173828
0 0.273438 0.187500 0.271484 0.187500 0.269531 0.189453 0.265625 0.189453 0.263672 0.187500 0.263672 0.181641 0.265625 0.179688 0.269531 0.179688 0.271484 0.181641 0.273438 0.181641
0 0.132812 0.185547 0.132812 0.189453 0.128906 0.189453 0.126953 0.187500 0.130859 0.183594
0 0.013672 0.189453 0.013672 0.193359 0.009766 0.193359 0.007812 0.191406 0.011719 0.187500
0 0.564453 0.205078 0.564453 0.208984 0.560547 0.208984 0.558594 0.207031 0.562500 0.203125
0 0.326172 0.207031 0.326172 0.210938 0.322266 0.210938 0.320312 0.208984 0.324219 0.205078
0 0.343750 0.210938 0.343750 0.214844 0.339844 0.214844 0.337891 0.212891 0.341797 0.208984
0 0.201172 0.214844 0.201172 0.218750 0.197266 0.218750 0.195312 0.216797 0.199219 0.212891
0 0.220703 0.214844 0.220703 0.218750 0.216797 0.218750 0.214844 0.216797 0.218750 0.212891
0 0.056641 0.216797 0.056641 0.220703 0.052734 0.220703 0.050781 0.218750 0.054688 0.214844
0 0.076172 0.222656 0.074219 0.222656 0.072266 0.224609 0.068359 0.224609 0.066406 0.222656 0.066406 0.216797 0.068359 0.214844 0.072266 0.214844 0.074219 0.216797 0.076172 0.216797
0 0.083984 0.222656 0.082031 0.222656 0.080078 0.224609 0.076172 0.224609 0.074219 0.222656 0.074219 0.216797 0.076172 0.214844 0.080078 0.214844 0.082031 0.216797 0.083984 0.216797
0 0.064453 0.220703 0.064453 0.224609 0.060547 0.224609 0.058594 0.222656 0.062500 0.218750
0 0.076172 0.228516 0.076172 0.232422 0.072266 0.232422 0.070312 0.230469 0.074219 0.226562
0 0.052734 0.230469 0.052734 0.234375 0.048828 0.234375 0.046875 0.232422 0.050781 0.228516
0 0.082031 0.234375 0.082031 0.238281 0.078125 0.238281 0.076172 0.236328 0.080078 0.232422
0 0.066406 0.244141 0.064453 0.244141 0.062500 0.246094 0.058594 0.246094 0.056641 0.244141 0.056641 0.238281 0.058594 0.236328 0.062500 0.236328 0.064453 0.238281 0.066406 0.238281
0 0.074219 0.240234 0.074219 0.244141 0.070312 0.244141 0.068359 0.242188 0.072266 0.238281
0 0.046875 0.244141 0.046875 0.248047 0.042969 0.248047 0.041016 0.246094 0.044922 0.242188
0 0.939453 0.246094 0.939453 0.250000 0.935547 0.250000 0.933594 0.248047 0.937500 0.244141
0 0.156250 0.248047 0.156250 0.251953 0.152344 0.251953 0.150391 0.250000 0.154297 0.246094
0 0.068359 0.251953 0.068359 0.255859 0.064453 0.255859 0.062500 0.253906 0.066406 0.250000
0 0.046875 0.253906 0.046875 0.257812 0.042969 0.257812 0.041016 0.255859 0.044922 0.251953
0 0.337891 0.255859 0.337891 0.259766 0.333984 0.259766 0.332031 0.257812 0.335938 0.253906
0 0.343750 0.265625 0.343750 0.269531 0.339844 0.269531 0.337891 0.267578 0.341797 0.263672
0 0.154297 0.267578 0.154297 0.271484 0.150391 0.271484 0.148438 0.269531 0.152344 0.265625
0 0.312500 0.269531 0.312500 0.273438 0.308594 0.273438 0.306641 0.271484 0.310547 0.267578
0 0.255859 0.273438 0.255859 0.277344 0.251953 0.277344 0.250000 0.275391 0.253906 0.271484
0 0.152344 0.275391 0.152344 0.279297 0.148438 0.279297 0.146484 0.277344 0.150391 0.273438
0 0.300781 0.279297 0.300781 0.283203 0.296875 0.283203 0.294922 0.281250 0.298828 0.277344
0 0.072266 0.292969 0.072266 0.296875 0.068359 0.296875 0.066406 0.294922 0.070312 0.291016
0 0.289062 0.292969 0.289062 0.296875 0.285156 0.296875 0.283203 0.294922 0.287109 0.291016
0 0.970703 0.294922 0.970703 0.298828 0.966797 0.298828 0.964844 0.296875 0.968750 0.292969
0 0.203125 0.296875 0.203125 0.300781 0.199219 0.300781 0.197266 0.298828 0.201172 0.294922
0 0.345703 0.298828 0.345703 0.302734 0.341797 0.302734 0.339844 0.300781 0.343750 0.296875
0 0.171875 0.304688 0.171875 0.308594 0.167969 0.308594 0.166016 0.306641 0.169922 0.302734
0 0.103516 0.310547 0.103516 0.314453 0.099609 0.314453 0.097656 0.312500 0.101562 0.308594
0 0.250000 0.310547 0.250000 0.314453 0.246094 0.314453 0.244141 0.312500 0.248047 0.308594
0 0.062500 0.322266 0.062500 0.326172 0.058594 0.326172 0.056641 0.324219 0.060547 0.320312
0 0.345703 0.324219 0.345703 0.328125 0.341797 0.328125 0.339844 0.326172 0.343750 0.322266
0 0.652344 0.324219 0.652344 0.328125 0.648438 0.328125 0.646484 0.326172 0.650391 0.322266
0 0.412109 0.326172 0.412109 0.330078 0.408203 0.330078 0.406250 0.328125 0.410156 0.324219
0 0.267578 0.328125 0.267578 0.332031 0.263672 0.332031 0.261719 0.330078 0.265625 0.326172
0 0.572266 0.339844 0.572266 0.343750 0.568359 0.343750 0.566406 0.341797 0.570312 0.337891
0 0.843750 0.343750 0.843750 0.347656 0.839844 0.347656 0.837891 0.345703 0.841797 0.341797
0 0.685547 0.349609 0.685547 0.353516 0.681641 0.353516 0.679688 0.351562 0.683594 0.347656
0 0.296875 0.355469 0.296875 0.359375 0.292969 0.359375 0.291016 0.357422 0.294922 0.353516
0 0.345703 0.355469 0.345703 0.359375 0.341797 0.359375 0.339844 0.357422 0.343750 0.353516
0 0.203125 0.357422 0.203125 0.361328 0.199219 0.361328 0.197266 0.359375 0.201172 0.355469
0 0.892578 0.363281 0.890625 0.363281 0.888672 0.365234 0.884766 0.365234 0.882812 0.363281 0.882812 0.357422 0.884766 0.355469 0.888672 0.355469 0.890625 0.357422 0.892578 0.357422
0 0.298828 0.361328 0.298828 0.365234 0.294922 0.365234 0.292969 0.363281 0.296875 0.359375
0 0.386719 0.363281 0.386719 0.367188 0.382812 0.367188 0.380859 0.365234 0.384766 0.361328
0 0.205078 0.367188 0.205078 0.371094 0.201172 0.371094 0.199219 0.369141 0.203125 0.365234
0 0.152344 0.373047 0.152344 0.376953 0.148438 0.376953 0.146484 0.375000 0.150391 0.371094
0 0.664062 0.376953 0.664062 0.380859 0.660156 0.380859 0.658203 0.378906 0.662109 0.375000
0 0.841797 0.378906 0.841797 0.382812 0.837891 0.382812 0.835938 0.380859 0.839844 0.376953
0 0.078125 0.382812 0.078125 0.386719 0.074219 0.386719 0.072266 0.384766 0.076172 0.380859
0 0.265625 0.382812 0.265625 0.386719 0.261719 0.386719 0.259766 0.384766 0.263672 0.380859
0 0.642578 0.386719 0.642578 0.390625 0.638672 0.390625 0.636719 0.388672 0.640625 0.384766
0 0.248047 0.390625 0.248047 0.394531 0.244141 0.394531 0.242188 0.392578 0.246094 0.388672
0 0.789062 0.390625 0.789062 0.394531 0.785156 0.394531 0.783203 0.392578 0.787109 0.388672
0 0.263672 0.396484 0.263672 0.400391 0.259766 0.400391 0.257812 0.398438 0.261719 0.394531
0 0.566406 0.396484 0.566406 0.400391 0.562500 0.400391 0.560547 0.398438 0.564453 0.394531
0 0.445312 0.402344 0.445312 0.406250 0.441406 0.406250 0.439453 0.404297 0.443359 0.400391
0 0.705078 0.402344 0.705078 0.406250 0.701172 0.406250 0.699219 0.404297 0.703125 0.400391
0 0.310547 0.404297 0.310547 0.408203 0.306641 0.408203 0.304688 0.406250 0.308594 0.402344
0 0.271484 0.406250 0.271484 0.410156 0.267578 0.410156 0.265625 0.408203 0.269531 0.404297
0 0.421875 0.406250 0.421875 0.410156 0.417969 0.410156 0.416016 0.408203 0.419922 0.404297
0 0.794922 0.408203 0.794922 0.412109 0.791016 0.412109 0.789062 0.410156 0.792969 0.406250
0 0.539062 0.410156 0.539062 0.414062 0.535156 0.414062 0.533203 0.412109 0.537109 0.408203
0 0.585938 0.414062 0.585938 0.417969 0.582031 0.417969 0.580078 0.416016 0.583984 0.412109
0 0.312500 0.417969 0.312500 0.421875 0.308594 0.421875 0.306641 0.419922 0.310547 0.416016
0 0.220703 0.421875 0.220703 0.425781 0.216797 0.425781 0.214844 0.423828 0.218750 0.419922
0 0.515625 0.421875 0.515625 0.425781 0.511719 0.425781 0.509766 0.423828 0.513672 0.419922
0 0.628906 0.421875 0.628906 0.425781 0.625000 0.425781 0.623047 0.423828 0.626953 0.419922
0 0.781250 0.429688 0.781250 0.433594 0.777344 0.433594 0.775391 0.431641 0.779297 0.427734
0 0.246094 0.441406 0.246094 0.445312 0.242188 0.445312 0.240234 0.443359 0.244141 0.439453
0 0.517578 0.443359 0.517578 0.447266 0.513672 0.447266 0.511719 0.445312 0.515625 0.441406
0 0.244141 0.451172 0.244141 0.455078 0.240234 0.455078 0.238281 0.453125 0.242188 0.449219
0 0.345703 0.451172 0.345703 0.455078 0.341797 0.455078 0.339844 0.453125 0.343750 0.449219
0 0.394531 0.451172 0.394531 0.455078 0.390625 0.455078 0.388672 0.453125 0.392578 0.449219
0 0.421875 0.451172 0.421875 0.455078 0.417969 0.455078 0.416016 0.453125 0.419922 0.449219
0 0.500000 0.451172 0.500000 0.455078 0.496094 0.455078 0.494141 0.453125 0.498047 0.449219
0 0.529297 0.457031 0.529297 0.460938 0.525391 0.460938 0.523438 0.458984 0.527344 0.455078
0 0.417969 0.458984 0.417969 0.462891 0.414062 0.462891 0.412109 0.460938 0.416016 0.457031
0 0.517578 0.460938 0.517578 0.464844 0.513672 0.464844 0.511719 0.462891 0.515625 0.458984
0 0.267578 0.466797 0.267578 0.470703 0.263672 0.470703 0.261719 0.468750 0.265625 0.464844
0 0.361328 0.478516 0.361328 0.482422 0.357422 0.482422 0.355469 0.480469 0.359375 0.476562
0 0.781250 0.482422 0.779297 0.482422 0.777344 0.484375 0.773438 0.484375 0.771484 0.482422 0.771484 0.476562 0.773438 0.474609 0.777344 0.474609 0.779297 0.476562 0.781250 0.476562
0 0.458984 0.480469 0.458984 0.484375 0.455078 0.484375 0.453125 0.482422 0.457031 0.478516
0 0.734375 0.480469 0.734375 0.484375 0.730469 0.484375 0.728516 0.482422 0.732422 0.478516
0 0.853516 0.488281 0.853516 0.492188 0.849609 0.492188 0.847656 0.490234 0.851562 0.486328
0 0.431641 0.500000 0.431641 0.503906 0.427734 0.503906 0.425781 0.501953 0.429688 0.498047
0 0.451172 0.505859 0.451172 0.509766 0.447266 0.509766 0.445312 0.507812 0.449219 0.503906
0 0.312500 0.511719 0.312500 0.515625 0.308594 0.515625 0.306641 0.513672 0.310547 0.509766
0 0.433594 0.511719 0.433594 0.515625 0.429688 0.515625 0.427734 0.513672 0.431641 0.509766
0 0.390625 0.513672 0.390625 0.517578 0.386719 0.517578 0.384766 0.515625 0.388672 0.511719
0 0.626953 0.519531 0.626953 0.523438 0.623047 0.523438 0.621094 0.521484 0.625000 0.517578
0 0.458984 0.521484 0.458984 0.525391 0.455078 0.525391 0.453125 0.523438 0.457031 0.519531
0 0.412109 0.527344 0.412109 0.531250 0.408203 0.531250 0.406250 0.529297 0.410156 0.525391
0 0.593750 0.527344 0.593750 0.531250 0.589844 0.531250 0.587891 0.529297 0.591797 0.525391
0 0.421875 0.539062 0.421875 0.542969 0.417969 0.542969 0.416016 0.541016 0.419922 0.537109
0 0.583984 0.539062 0.583984 0.542969 0.580078 0.542969 0.578125 0.541016 0.582031 0.537109
0 0.679688 0.541016 0.677734 0.542969 0.677734 0.544922 0.675781 0.546875 0.669922 0.546875 0.667969 0.544922 0.667969 0.542969 0.666016 0.541016 0.666016 0.539062 0.667969 0.537109 0.667969 0.535156 0.669922 0.533203 0.675781 0.533203 0.677734 0.535156 0.677734 0.537109 0.679688 0.539062
0 0.435547 0.544922 0.435547 0.548828 0.431641 0.548828 0.429688 0.546875 0.433594 0.542969
0 0.349609 0.546875 0.349609 0.550781 0.345703 0.550781 0.343750 0.548828 0.347656 0.544922
0 0.578125 0.546875 0.578125 0.550781 0.574219 0.550781 0.572266 0.548828 0.576172 0.544922
0 0.039062 0.552734 0.037109 0.552734 0.035156 0.554688 0.031250 0.554688 0.029297 0.552734 0.029297 0.546875 0.031250 0.544922 0.035156 0.544922 0.037109 0.546875 0.039062 0.546875
0 0.531250 0.548828 0.531250 0.552734 0.527344 0.552734 0.525391 0.550781 0.529297 0.546875
0 0.652344 0.558594 0.650391 0.558594 0.648438 0.560547 0.644531 0.560547 0.642578 0.558594 0.642578 0.552734 0.644531 0.550781 0.648438 0.550781 0.650391 0.552734 0.652344 0.552734
0 0.419922 0.558594 0.419922 0.562500 0.416016 0.562500 0.414062 0.560547 0.417969 0.556641
0 0.445312 0.560547 0.445312 0.564453 0.441406 0.564453 0.439453 0.562500 0.443359 0.558594
0 0.515625 0.566406 0.515625 0.570312 0.511719 0.570312 0.509766 0.568359 0.513672 0.564453
0 0.585938 0.566406 0.585938 0.570312 0.582031 0.570312 0.580078 0.568359 0.583984 0.564453
0 0.664062 0.566406 0.664062 0.570312 0.660156 0.570312 0.658203 0.568359 0.662109 0.564453
0 0.578125 0.568359 0.578125 0.572266 0.574219 0.572266 0.572266 0.570312 0.576172 0.566406
0 0.400391 0.570312 0.400391 0.574219 0.396484 0.574219 0.394531 0.572266 0.398438 0.568359
0 0.281250 0.574219 0.281250 0.578125 0.277344 0.578125 0.275391 0.576172 0.279297 0.572266
0 0.906250 0.574219 0.906250 0.578125 0.902344 0.578125 0.900391 0.576172 0.904297 0.572266
0 0.466797 0.576172 0.466797 0.580078 0.462891 0.580078 0.460938 0.578125 0.464844 0.574219
0 0.337891 0.582031 0.337891 0.585938 0.333984 0.585938 0.332031 0.583984 0.335938 0.580078
0 0.328125 0.583984 0.328125 0.587891 0.324219 0.587891 0.322266 0.585938 0.326172 0.582031
0 0.406250 0.583984 0.406250 0.587891 0.402344 0.587891 0.400391 0.585938 0.404297 0.582031
0 0.261719 0.587891 0.261719 0.591797 0.257812 0.591797 0.255859 0.589844 0.259766 0.585938
0 0.531250 0.589844 0.531250 0.593750 0.527344 0.593750 0.525391 0.591797 0.529297 0.587891
0 0.345703 0.591797 0.345703 0.595703 0.341797 0.595703 0.339844 0.593750 0.343750 0.589844
0 0.267578 0.595703 0.267578 0.599609 0.263672 0.599609 0.261719 0.597656 0.265625 0.593750
0 0.289062 0.605469 0.289062 0.609375 0.285156 0.609375 0.283203 0.607422 0.287109 0.603516
0 0.453125 0.605469 0.453125 0.609375 0.449219 0.609375 0.447266 0.607422 0.451172 0.603516
0 0.566406 0.605469 0.566406 0.609375 0.562500 0.609375 0.560547 0.607422 0.564453 0.603516
0 0.404297 0.607422 0.404297 0.611328 0.400391 0.611328 0.398438 0.609375 0.402344 0.605469
0 0.248047 0.615234 0.248047 0.619141 0.244141 0.619141 0.242188 0.617188 0.246094 0.613281
0 0.304688 0.621094 0.304688 0.625000 0.300781 0.625000 0.298828 0.623047 0.302734 0.619141
0 0.312500 0.621094 0.312500 0.625000 0.308594 0.625000 0.306641 0.623047 0.310547 0.619141
0 0.517578 0.621094 0.517578 0.625000 0.513672 0.625000 0.511719 0.623047 0.515625 0.619141
0 0.578125 0.621094 0.578125 0.625000 0.574219 0.625000 0.572266 0.623047 0.576172 0.619141
0 0.808594 0.621094 0.808594 0.625000 0.804688 0.625000 0.802734 0.623047 0.806641 0.619141
0 0.638672 0.623047 0.638672 0.626953 0.634766 0.626953 0.632812 0.625000 0.636719 0.621094
0 0.644531 0.623047 0.644531 0.626953 0.640625 0.626953 0.638672 0.625000 0.642578 0.621094
0 0.246094 0.625000 0.246094 0.628906 0.242188 0.628906 0.240234 0.626953 0.244141 0.623047
0 0.609375 0.630859 0.609375 0.634766 0.605469 0.634766 0.603516 0.632812 0.607422 0.628906
0 0.351562 0.636719 0.349609 0.636719 0.347656 0.638672 0.343750 0.638672 0.341797 0.636719 0.341797 0.630859 0.343750 0.628906 0.347656 0.628906 0.349609 0.630859 0.351562 0.630859
0 0.267578 0.636719 0.267578 0.640625 0.263672 0.640625 0.261719 0.638672 0.265625 0.634766
0 0.660156 0.636719 0.660156 0.640625 0.656250 0.640625 0.654297 0.638672 0.658203 0.634766
0 0.728516 0.646484 0.728516 0.650391 0.724609 0.650391 0.722656 0.648438 0.726562 0.644531
0 0.410156 0.652344 0.410156 0.656250 0.406250 0.656250 0.404297 0.654297 0.408203 0.650391
0 0.671875 0.652344 0.671875 0.656250 0.667969 0.656250 0.666016 0.654297 0.669922 0.650391
0 0.515625 0.654297 0.515625 0.658203 0.511719 0.658203 0.509766 0.656250 0.513672 0.652344
0 0.267578 0.660156 0.267578 0.664062 0.263672 0.664062 0.261719 0.662109 0.265625 0.658203
0 0.585938 0.662109 0.585938 0.666016 0.582031 0.666016 0.580078 0.664062 0.583984 0.660156
0 0.636719 0.662109 0.636719 0.666016 0.632812 0.666016 0.630859 0.664062 0.634766 0.660156
0 0.302734 0.664062 0.302734 0.667969 0.298828 0.667969 0.296875 0.666016 0.300781 0.662109
0 0.349609 0.664062 0.349609 0.667969 0.345703 0.667969 0.343750 0.666016 0.347656 0.662109
0 0.642578 0.664062 0.642578 0.667969 0.638672 0.667969 0.636719 0.666016 0.640625 0.662109
0 0.626953 0.666016 0.626953 0.669922 0.623047 0.669922 0.621094 0.667969 0.625000 0.664062
0 0.330078 0.667969 0.330078 0.671875 0.326172 0.671875 0.324219 0.669922 0.328125 0.666016
0 0.382812 0.667969 0.382812 0.671875 0.378906 0.671875 0.376953 0.669922 0.380859 0.666016
0 0.740234 0.669922 0.740234 0.673828 0.736328 0.673828 0.734375 0.671875 0.738281 0.667969
0 0.375000 0.671875 0.375000 0.675781 0.371094 0.675781 0.369141 0.673828 0.373047 0.669922
0 0.455078 0.671875 0.455078 0.675781 0.451172 0.675781 0.449219 0.673828 0.453125 0.669922
0 0.343750 0.673828 0.343750 0.677734 0.339844 0.677734 0.337891 0.675781 0.341797 0.671875
0 0.367188 0.673828 0.367188 0.677734 0.363281 0.677734 0.361328 0.675781 0.365234 0.671875
0 0.623047 0.683594 0.623047 0.687500 0.619141 0.687500 0.617188 0.685547 0.621094 0.681641
0 0.367188 0.685547 0.367188 0.689453 0.363281 0.689453 0.361328 0.687500 0.365234 0.683594
0 0.546875 0.685547 0.546875 0.689453 0.542969 0.689453 0.541016 0.687500 0.544922 0.683594
0 0.558594 0.691406 0.558594 0.695312 0.554688 0.695312 0.552734 0.693359 0.556641 0.689453
0 0.419922 0.693359 0.419922 0.697266 0.416016 0.697266 0.414062 0.695312 0.417969 0.691406
0 0.250000 0.695312 0.250000 0.699219 0.246094 0.699219 0.244141 0.697266 0.248047 0.693359
0 0.367188 0.697266 0.367188 0.701172 0.363281 0.701172 0.361328 0.699219 0.365234 0.695312
0 0.519531 0.703125 0.513672 0.708984 0.507812 0.708984 0.501953 0.703125 0.501953 0.697266 0.507812 0.691406 0.513672 0.691406 0.519531 0.697266
0 0.609375 0.707031 0.609375 0.710938 0.605469 0.710938 0.603516 0.708984 0.607422 0.705078
0 0.419922 0.708984 0.419922 0.712891 0.416016 0.712891 0.414062 0.710938 0.417969 0.707031
0 0.625000 0.710938 0.625000 0.714844 0.621094 0.714844 0.619141 0.712891 0.623047 0.708984
0 0.800781 0.714844 0.798828 0.714844 0.796875 0.716797 0.792969 0.716797 0.791016 0.714844 0.791016 0.708984 0.792969 0.707031 0.796875 0.707031 0.798828 0.708984 0.800781 0.708984
0 0.111328 0.712891 0.111328 0.716797 0.107422 0.716797 0.105469 0.714844 0.109375 0.710938
0 0.421875 0.714844 0.421875 0.718750 0.417969 0.718750 0.416016 0.716797 0.419922 0.712891
0 0.164062 0.716797 0.164062 0.720703 0.160156 0.720703 0.158203 0.718750 0.162109 0.714844
0 0.445312 0.718750 0.445312 0.722656 0.441406 0.722656 0.439453 0.720703 0.443359 0.716797
0 0.978516 0.726562 0.978516 0.730469 0.974609 0.730469 0.972656 0.728516 0.976562 0.724609
0 0.208984 0.730469 0.208984 0.734375 0.205078 0.734375 0.203125 0.732422 0.207031 0.728516
0 0.789062 0.730469 0.789062 0.734375 0.785156 0.734375 0.783203 0.732422 0.787109 0.728516
0 0.826172 0.730469 0.826172 0.734375 0.822266 0.734375 0.820312 0.732422 0.824219 0.728516
0 0.671875 0.732422 0.671875 0.736328 0.667969 0.736328 0.666016 0.734375 0.669922 0.730469
0 0.703125 0.740234 0.703125 0.744141 0.699219 0.744141 0.697266 0.742188 0.701172 0.738281
0 0.587891 0.744141 0.587891 0.748047 0.583984 0.748047 0.582031 0.746094 0.585938 0.742188
0 0.507812 0.746094 0.507812 0.750000 0.503906 0.750000 0.501953 0.748047 0.505859 0.744141
0 0.447266 0.748047 0.447266 0.751953 0.443359 0.751953 0.441406 0.750000 0.445312 0.746094
0 0.580078 0.755859 0.580078 0.759766 0.576172 0.759766 0.574219 0.757812 0.578125 0.753906
0 0.775391 0.759766 0.775391 0.763672 0.771484 0.763672 0.769531 0.761719 0.773438 0.757812
0 0.535156 0.761719 0.535156 0.765625 0.531250 0.765625 0.529297 0.763672 0.533203 0.759766
0 0.283203 0.763672 0.283203 0.767578 0.279297 0.767578 0.277344 0.765625 0.281250 0.761719
0 0.562500 0.763672 0.562500 0.767578 0.558594 0.767578 0.556641 0.765625 0.560547 0.761719
0 0.570312 0.763672 0.570312 0.767578 0.566406 0.767578 0.564453 0.765625 0.568359 0.761719
0 0.589844 0.769531 0.589844 0.773438 0.585938 0.773438 0.583984 0.771484 0.587891 0.767578
0 0.730469 0.775391 0.730469 0.779297 0.726562 0.779297 0.724609 0.777344 0.728516 0.773438
0 0.310547 0.777344 0.310547 0.781250 0.306641 0.781250 0.304688 0.779297 0.308594 0.775391
0 0.595703 0.777344 0.595703 0.781250 0.591797 0.781250 0.589844 0.779297 0.593750 0.775391
0 0.669922 0.777344 0.669922 0.781250 0.666016 0.781250 0.664062 0.779297 0.667969 0.775391
0 0.285156 0.779297 0.285156 0.783203 0.281250 0.783203 0.279297 0.781250 0.283203 0.777344
0 0.535156 0.779297 0.535156 0.783203 0.531250 0.783203 0.529297 0.781250 0.533203 0.777344
0 0.544922 0.781250 0.544922 0.785156 0.541016 0.785156 0.539062 0.783203 0.542969 0.779297
0 0.591797 0.783203 0.591797 0.787109 0.587891 0.787109 0.585938 0.785156 0.589844 0.781250
0 0.666016 0.783203 0.666016 0.787109 0.662109 0.787109 0.660156 0.785156 0.664062 0.781250
0 0.742188 0.783203 0.742188 0.787109 0.738281 0.787109 0.736328 0.785156 0.740234 0.781250
0 0.322266 0.789062 0.322266 0.792969 0.318359 0.792969 0.316406 0.791016 0.320312 0.787109
0 0.238281 0.792969 0.238281 0.796875 0.234375 0.796875 0.232422 0.794922 0.236328 0.791016
0 0.962891 0.792969 0.962891 0.796875 0.958984 0.796875 0.957031 0.794922 0.960938 0.791016
0 0.433594 0.794922 0.433594 0.798828 0.429688 0.798828 0.427734 0.796875 0.431641 0.792969
0 0.666016 0.794922 0.666016 0.798828 0.662109 0.798828 0.660156 0.796875 0.664062 0.792969
0 0.845703 0.796875 0.845703 0.800781 0.841797 0.800781 0.839844 0.798828 0.843750 0.794922
0 0.832031 0.800781 0.832031 0.804688 0.828125 0.804688 0.826172 0.802734 0.830078 0.798828
0 0.923828 0.802734 0.923828 0.806641 0.919922 0.806641 0.917969 0.804688 0.921875 0.800781
0 0.277344 0.804688 0.277344 0.808594 0.273438 0.808594 0.271484 0.806641 0.275391 0.802734
0 0.632812 0.804688 0.632812 0.808594 0.628906 0.808594 0.626953 0.806641 0.630859 0.802734
0 0.117188 0.810547 0.117188 0.814453 0.113281 0.814453 0.111328 0.812500 0.115234 0.808594
0 0.369141 0.812500 0.369141 0.816406 0.365234 0.816406 0.363281 0.814453 0.367188 0.810547
0 0.449219 0.812500 0.449219 0.816406 0.445312 0.816406 0.443359 0.814453 0.447266 0.810547
0 0.878906 0.814453 0.878906 0.818359 0.875000 0.818359 0.873047 0.816406 0.876953 0.812500
0 0.796875 0.816406 0.796875 0.820312 0.792969 0.820312 0.791016 0.818359 0.794922 0.814453
0 0.445312 0.824219 0.445312 0.828125 0.441406 0.828125 0.439453 0.826172 0.443359 0.822266
0 0.673828 0.826172 0.673828 0.830078 0.669922 0.830078 0.667969 0.828125 0.671875 0.824219
0 0.722656 0.826172 0.722656 0.830078 0.718750 0.830078 0.716797 0.828125 0.720703 0.824219
0 0.476562 0.832031 0.476562 0.835938 0.472656 0.835938 0.470703 0.833984 0.474609 0.830078
0 0.673828 0.841797 0.673828 0.845703 0.669922 0.845703 0.667969 0.843750 0.671875 0.839844
0 0.828125 0.841797 0.828125 0.845703 0.824219 0.845703 0.822266 0.843750 0.826172 0.839844
0 0.771484 0.845703 0.771484 0.849609 0.767578 0.849609 0.765625 0.847656 0.769531 0.843750
0 0.160156 0.855469 0.158203 0.855469 0.156250 0.857422 0.152344 0.857422 0.150391 0.855469 0.150391 0.849609 0.152344 0.847656 0.156250 0.847656 0.158203 0.849609 0.160156 0.849609
0 0.486328 0.851562 0.486328 0.855469 0.482422 0.855469 0.480469 0.853516 0.484375 0.849609
0 0.765625 0.851562 0.765625 0.855469 0.761719 0.855469 0.759766 0.853516 0.763672 0.849609
0 0.705078 0.853516 0.705078 0.857422 0.701172 0.857422 0.699219 0.855469 0.703125 0.851562
0 0.710938 0.853516 0.710938 0.857422 0.707031 0.857422 0.705078 0.855469 0.708984 0.851562
0 0.363281 0.855469 0.363281 0.859375 0.359375 0.859375 0.357422 0.857422 0.361328 0.853516
0 0.406250 0.855469 0.406250 0.859375 0.402344 0.859375 0.400391 0.857422 0.404297 0.853516
0 0.578125 0.855469 0.578125 0.859375 0.574219 0.859375 0.572266 0.857422 0.576172 0.853516
0 0.626953 0.855469 0.626953 0.859375 0.623047 0.859375 0.621094 0.857422 0.625000 0.853516
0 0.642578 0.855469 0.642578 0.859375 0.638672 0.859375 0.636719 0.857422 0.640625 0.853516
0 0.572266 0.857422 0.572266 0.861328 0.568359 0.861328 0.566406 0.859375 0.570312 0.855469
0 0.421875 0.859375 0.421875 0.863281 0.417969 0.863281 0.416016 0.861328 0.419922 0.857422
0 0.759766 0.863281 0.759766 0.867188 0.755859 0.867188 0.753906 0.865234 0.757812 0.861328
0 0.464844 0.865234 0.464844 0.869141 0.460938 0.869141 0.458984 0.867188 0.462891 0.863281
0 0.623047 0.865234 0.623047 0.869141 0.619141 0.869141 0.617188 0.867188 0.621094 0.863281
0 0.718750 0.865234 0.718750 0.869141 0.714844 0.869141 0.712891 0.867188 0.716797 0.863281
0 0.832031 0.865234 0.832031 0.869141 0.828125 0.869141 0.826172 0.867188 0.830078 0.863281
0 0.921875 0.865234 0.921875 0.869141 0.917969 0.869141 0.916016 0.867188 0.919922 0.863281
0 0.533203 0.869141 0.533203 0.873047 0.529297 0.873047 0.527344 0.871094 0.531250 0.867188
0 0.453125 0.871094 0.453125 0.875000 0.449219 0.875000 0.447266 0.873047 0.451172 0.869141
0 0.498047 0.871094 0.498047 0.875000 0.494141 0.875000 0.492188 0.873047 0.496094 0.869141
0 0.658203 0.871094 0.658203 0.875000 0.654297 0.875000 0.652344 0.873047 0.656250 0.869141
0 0.468750 0.873047 0.468750 0.876953 0.464844 0.876953 0.462891 0.875000 0.466797 0.871094
0 0.578125 0.873047 0.578125 0.876953 0.574219 0.876953 0.572266 0.875000 0.576172 0.871094
0 0.886719 0.873047 0.886719 0.876953 0.882812 0.876953 0.880859 0.875000 0.884766 0.871094
0 0.943359 0.876953 0.943359 0.880859 0.939453 0.880859 0.937500 0.878906 0.941406 0.875000
0 0.583984 0.888672 0.583984 0.892578 0.580078 0.892578 0.578125 0.890625 0.582031 0.886719
0 0.980469 0.890625 0.980469 0.894531 0.976562 0.894531 0.974609 0.892578 0.978516 0.888672
0 0.267578 0.902344 0.267578 0.906250 0.263672 0.906250 0.261719 0.904297 0.265625 0.900391
0 0.728516 0.902344 0.728516 0.906250 0.724609 0.906250 0.722656 0.904297 0.726562 0.900391
0 0.902344 0.904297 0.902344 0.908203 0.898438 0.908203 0.896484 0.906250 0.900391 0.902344
0 0.634766 0.906250 0.634766 0.910156 0.630859 0.910156 0.628906 0.908203 0.632812 0.904297
0 0.544922 0.908203 0.544922 0.912109 0.541016 0.912109 0.539062 0.910156 0.542969 0.906250
0 0.861328 0.908203 0.861328 0.912109 0.857422 0.912109 0.855469 0.910156 0.859375 0.906250
0 0.292969 0.912109 0.292969 0.916016 0.289062 0.916016 0.287109 0.914062 0.291016 0.910156
0 0.300781 0.916016 0.300781 0.919922 0.296875 0.919922 0.294922 0.917969 0.298828 0.914062
0 0.281250 0.917969 0.281250 0.921875 0.277344 0.921875 0.275391 0.919922 0.279297 0.916016
0 0.523438 0.919922 0.523438 0.923828 0.519531 0.923828 0.517578 0.921875 0.521484 0.917969
0 0.546875 0.919922 0.546875 0.923828 0.542969 0.923828 0.541016 0.921875 0.544922 0.917969
0 0.765625 0.919922 0.765625 0.923828 0.761719 0.923828 0.759766 0.921875 0.763672 0.917969
0 0.582031 0.925781 0.582031 0.929688 0.578125 0.929688 0.576172 0.927734 0.580078 0.923828
0 0.978516 0.929688 0.978516 0.933594 0.974609 0.933594 0.972656 0.931641 0.976562 0.927734
0 0.320312 0.935547 0.320312 0.939453 0.316406 0.939453 0.314453 0.937500 0.318359 0.933594
0 0.824219 0.935547 0.824219 0.939453 0.820312 0.939453 0.818359 0.937500 0.822266 0.933594
0 0.437500 0.939453 0.437500 0.943359 0.433594 0.943359 0.431641 0.941406 0.435547 0.937500
0 0.304688 0.945312 0.302734 0.945312 0.300781 0.947266 0.296875 0.947266 0.294922 0.945312 0.294922 0.939453 0.296875 0.937500 0.300781 0.937500 0.302734 0.939453 0.304688 0.939453
0 0.720703 0.943359 0.720703 0.947266 0.716797 0.947266 0.714844 0.945312 0.718750 0.941406
0 0.390625 0.949219 0.390625 0.953125 0.386719 0.953125 0.384766 0.951172 0.388672 0.947266
0 0.882812 0.949219 0.882812 0.953125 0.878906 0.953125 0.876953 0.951172 0.880859 0.947266
0 0.164062 0.955078 0.164062 0.958984 0.160156 0.958984 0.158203 0.957031 0.162109 0.953125
0 0.525391 0.957031 0.525391 0.960938 0.521484 0.960938 0.519531 0.958984 0.523438 0.955078
0 0.548828 0.960938 0.548828 0.964844 0.544922 0.964844 0.542969 0.962891 0.546875 0.958984
0 0.820312 0.960938 0.820312 0.964844 0.816406 0.964844 0.814453 0.962891 0.818359 0.958984
0 0.609375 0.964844 0.609375 0.968750 0.605469 0.968750 0.603516 0.966797 0.607422 0.962891
0 0.642578 0.980469 0.642578 0.984375 0.638672 0.984375 0.636719 0.982422 0.640625 0.978516
0 0.570312 0.982422 0.570312 0.986328 0.566406 0.986328 0.564453 0.984375 0.568359 0.980469
0 0.812500 0.984375 0.812500 0.988281 0.808594 0.988281 0.806641 0.986328 0.810547 0.982422
0 0.609375 0.986328 0.609375 0.990234 0.605469 0.990234 0.603516 0.988281 0.607422 0.984375
0 0.998047 0.988281 0.998047 0.994141 0.996094 0.994141 0.994141 0.992188
0 0.685547 0.992188 0.685547 0.996094 0.681641 0.996094 0.679688 0.994141 0.683594 0.990234
0 0.875000 0.992188 0.875000 0.996094 0.871094 0.996094 0.869141 0.994141 0.873047 0.990234
0 0.550781 0.996094 0.550781 0.998047 0.544922 0.998047 0.548828 0.994141
0 0.607422 0.996094 0.607422 0.998047 0.601562 0.998047 0.605469 0.994141
0 0.736328 0.996094 0.736328 0.998047 0.730469 0.998047 0.734375 0.994141
