0 0.085938 0.000000 0.089844 0.003906 0.091797 0.001953 0.091797 0.000000
0 0.841797 0.060547 0.837891 0.060547 0.835938 0.062500 0.835938 0.064453 0.837891 0.066406 0.839844 0.066406 0.841797 0.064453
0 0.808594 0.064453 0.808594 0.068359 0.810547 0.070312 0.812500 0.070312 0.814453 0.068359 0.816406 0.068359 0.816406 0.066406 0.812500 0.062500 0.810547 0.062500
0 0.376953 0.099609 0.375000 0.101562 0.375000 0.103516 0.376953 0.105469 0.378906 0.103516 0.378906 0.101562
1 0.351562 0.111328 0.347656 0.115234 0.347656 0.119141 0.353516 0.125000 0.353516 0.126953 0.351562 0.128906 0.351562 0.130859 0.353516 0.132812 0.353516 0.134766 0.355469 0.134766 0.359375 0.138672 0.361328 0.138672 0.367188 0.132812 0.363281 0.128906 0.363281 0.126953 0.359375 0.126953 0.357422 0.125000 0.357422 0.123047 0.355469 0.121094 0.355469 0.115234
0 0.421875 0.119141 0.419922 0.121094 0.419922 0.123047 0.421875 0.125000 0.423828 0.125000 0.425781 0.123047 0.425781 0.121094 0.423828 0.119141
0 0.380859 0.130859 0.380859 0.132812 0.384766 0.136719 0.392578 0.136719 0.394531 0.134766 0.394531 0.130859 0.390625 0.126953 0.384766 0.126953
0 0.330078 0.136719 0.326172 0.140625 0.326172 0.150391 0.330078 0.154297 0.330078 0.156250 0.332031 0.158203 0.341797 0.158203 0.347656 0.152344 0.347656 0.144531 0.343750 0.140625 0.343750 0.138672 0.341797 0.138672 0.339844 0.136719
0 0.330078 0.175781 0.328125 0.177734 0.330078 0.179688 0.332031 0.177734
0 0.824219 0.205078 0.824219 0.210938 0.828125 0.210938 0.830078 0.208984 0.830078 0.207031 0.828125 0.205078
0 0.251953 0.208984 0.250000 0.210938 0.250000 0.222656 0.253906 0.226562 0.263672 0.226562 0.267578 0.222656 0.267578 0.212891 0.263672 0.208984 0.261719 0.208984 0.259766 0.207031 0.257812 0.207031 0.255859 0.208984
0 0.310547 0.207031 0.308594 0.208984 0.308594 0.210938 0.310547 0.212891 0.314453 0.212891 0.314453 0.210938 0.316406 0.208984 0.314453 0.207031
0 0.339844 0.218750 0.339844 0.224609 0.341797 0.226562 0.347656 0.226562 0.349609 0.224609 0.349609 0.222656 0.347656 0.220703 0.347656 0.218750
0 0.285156 0.232422 0.281250 0.236328 0.281250 0.242188 0.287109 0.248047 0.291016 0.248047 0.292969 0.246094 0.294922 0.246094 0.294922 0.244141 0.296875 0.242188 0.294922 0.240234 0.294922 0.236328 0.292969 0.234375 0.291016 0.234375 0.289062 0.232422
0 0.351562 0.246094 0.349609 0.244141 0.345703 0.244141 0.339844 0.248047 0.330078 0.246094 0.322266 0.250000 0.322266 0.255859 0.333984 0.267578 0.343750 0.267578 0.347656 0.263672 0.347656 0.253906 0.351562 0.250000
0 0.000000 0.250000 0.000000 0.255859 0.001953 0.255859 0.003906 0.253906 0.003906 0.251953 0.001953 0.250000
0 0.476562 0.255859 0.474609 0.257812 0.474609 0.259766 0.476562 0.261719 0.478516 0.261719 0.480469 0.259766 0.480469 0.257812 0.478516 0.255859
0 0.548828 0.257812 0.546875 0.259766 0.546875 0.261719 0.548828 0.263672 0.550781 0.261719 0.550781 0.259766
0 0.351562 0.267578 0.351562 0.269531 0.355469 0.269531 0.355469 0.267578
1 0.449219 0.273438 0.447266 0.275391 0.447266 0.277344 0.445312 0.279297 0.445312 0.283203 0.441406 0.287109 0.437500 0.287109 0.435547 0.289062 0.435547 0.294922 0.439453 0.298828 0.441406 0.296875 0.441406 0.294922 0.443359 0.292969 0.443359 0.287109 0.453125 0.277344
0 0.427734 0.283203 0.425781 0.281250 0.421875 0.281250 0.417969 0.277344 0.412109 0.281250 0.406250 0.279297 0.400391 0.283203 0.398438 0.289062 0.392578 0.294922 0.392578 0.300781 0.394531 0.302734 0.398438 0.300781 0.404297 0.300781 0.408203 0.304688 0.414062 0.304688 0.417969 0.302734 0.429688 0.289062
0 0.236328 0.281250 0.236328 0.285156 0.238281 0.287109 0.240234 0.285156 0.240234 0.283203 0.238281 0.281250
0 0.384766 0.283203 0.382812 0.281250 0.380859 0.283203 0.380859 0.285156 0.384766 0.285156
0 0.244141 0.289062 0.244141 0.291016 0.248047 0.294922 0.250000 0.294922 0.251953 0.292969 0.251953 0.289062 0.250000 0.287109 0.248047 0.287109 0.246094 0.289062
0 0.326172 0.289062 0.324219 0.291016 0.324219 0.292969 0.326172 0.294922 0.318359 0.302734 0.318359 0.312500 0.324219 0.318359 0.333984 0.316406 0.337891 0.312500 0.337891 0.302734 0.330078 0.296875 0.330078 0.291016 0.328125 0.291016
0 0.486328 0.289062 0.484375 0.291016 0.484375 0.292969 0.486328 0.294922 0.488281 0.294922 0.490234 0.292969 0.490234 0.291016 0.488281 0.289062
0 0.208984 0.296875 0.207031 0.298828 0.207031 0.300781 0.208984 0.302734 0.210938 0.302734 0.212891 0.300781 0.212891 0.298828 0.210938 0.296875
0 0.177734 0.302734 0.177734 0.304688 0.175781 0.306641 0.177734 0.308594 0.179688 0.308594 0.181641 0.306641 0.181641 0.304688 0.179688 0.302734
0 0.253906 0.302734 0.250000 0.302734 0.250000 0.304688 0.251953 0.306641 0.251953 0.308594 0.253906 0.306641
0 0.238281 0.312500 0.238281 0.314453 0.240234 0.314453 0.240234 0.312500
0 0.386719 0.312500 0.382812 0.316406 0.382812 0.320312 0.386719 0.326172 0.388672 0.326172 0.390625 0.328125 0.394531 0.328125 0.396484 0.326172 0.396484 0.324219 0.398438 0.322266 0.398438 0.320312 0.400391 0.318359 0.400391 0.316406 0.396484 0.312500
0 0.054688 0.316406 0.052734 0.318359 0.052734 0.320312 0.054688 0.322266 0.056641 0.322266 0.058594 0.320312 0.058594 0.318359 0.056641 0.316406
0 0.269531 0.330078 0.267578 0.330078 0.265625 0.332031 0.265625 0.333984 0.263672 0.335938 0.261719 0.335938 0.259766 0.337891 0.259766 0.339844 0.261719 0.341797 0.265625 0.341797 0.267578 0.339844 0.269531 0.339844 0.271484 0.337891 0.271484 0.333984 0.269531 0.332031
0 0.138672 0.333984 0.134766 0.337891 0.134766 0.339844 0.136719 0.341797 0.136719 0.343750 0.140625 0.347656 0.144531 0.347656 0.148438 0.343750 0.148438 0.337891 0.144531 0.333984
0 0.457031 0.333984 0.455078 0.335938 0.457031 0.337891 0.457031 0.339844 0.458984 0.339844 0.460938 0.337891 0.460938 0.335938 0.458984 0.333984
0 0.115234 0.335938 0.111328 0.339844 0.113281 0.341797 0.113281 0.343750 0.115234 0.345703 0.115234 0.347656 0.119141 0.351562 0.121094 0.351562 0.123047 0.353516 0.125000 0.351562 0.126953 0.351562 0.128906 0.349609 0.128906 0.343750 0.121094 0.335938
0 0.224609 0.335938 0.218750 0.341797 0.218750 0.343750 0.220703 0.345703 0.220703 0.347656 0.224609 0.351562 0.224609 0.353516 0.228516 0.357422 0.228516 0.359375 0.230469 0.359375 0.232422 0.361328 0.234375 0.361328 0.236328 0.359375 0.236328 0.357422 0.234375 0.355469 0.234375 0.343750 0.232422 0.341797 0.232422 0.337891 0.230469 0.335938
0 0.285156 0.339844 0.283203 0.341797 0.283203 0.347656 0.281250 0.349609 0.281250 0.353516 0.283203 0.355469 0.289062 0.355469 0.294922 0.349609 0.292969 0.347656 0.292969 0.345703 0.291016 0.343750 0.291016 0.341797 0.289062 0.339844
0 0.431641 0.339844 0.431641 0.343750 0.435547 0.343750 0.437500 0.341797 0.435547 0.339844
0 0.500000 0.345703 0.496094 0.345703 0.494141 0.347656 0.498047 0.351562 0.500000 0.349609
0 0.673828 0.347656 0.673828 0.349609 0.677734 0.353516 0.687500 0.353516 0.689453 0.351562 0.689453 0.345703 0.687500 0.343750 0.677734 0.343750
0 0.439453 0.351562 0.437500 0.349609 0.435547 0.349609 0.431641 0.353516 0.423828 0.353516 0.421875 0.355469 0.421875 0.361328 0.423828 0.361328 0.425781 0.363281 0.429688 0.363281 0.433594 0.359375 0.435547 0.359375 0.439453 0.355469
0 0.468750 0.349609 0.468750 0.351562 0.466797 0.353516 0.466797 0.355469 0.468750 0.357422 0.470703 0.357422 0.472656 0.355469 0.472656 0.353516
0 0.357422 0.351562 0.355469 0.353516 0.355469 0.357422 0.361328 0.357422 0.363281 0.355469 0.361328 0.353516 0.361328 0.351562
0 0.089844 0.361328 0.087891 0.359375 0.082031 0.359375 0.076172 0.365234 0.076172 0.367188 0.078125 0.369141 0.080078 0.369141 0.082031 0.367188 0.083984 0.367188 0.085938 0.365234 0.087891 0.365234 0.089844 0.363281
0 0.382812 0.359375 0.380859 0.359375 0.376953 0.363281 0.376953 0.365234 0.378906 0.367188 0.378906 0.369141 0.380859 0.371094 0.386719 0.365234 0.386719 0.363281
1 0.275391 0.371094 0.269531 0.365234 0.267578 0.367188 0.267578 0.369141 0.265625 0.371094 0.265625 0.373047 0.261719 0.376953 0.259766 0.376953 0.255859 0.380859 0.257812 0.382812 0.259766 0.382812 0.261719 0.384766 0.261719 0.380859 0.267578 0.375000 0.269531 0.376953
0 0.365234 0.371094 0.365234 0.373047 0.363281 0.375000 0.363281 0.376953 0.365234 0.378906 0.367188 0.378906 0.369141 0.376953 0.369141 0.373047 0.367188 0.371094
0 0.837891 0.375000 0.835938 0.376953 0.835938 0.382812 0.837891 0.384766 0.837891 0.386719 0.845703 0.386719 0.845703 0.384766 0.847656 0.382812 0.847656 0.376953 0.845703 0.375000
0 0.177734 0.378906 0.175781 0.380859 0.175781 0.384766 0.177734 0.386719 0.181641 0.386719 0.181641 0.384766 0.183594 0.382812 0.179688 0.378906
0 0.341797 0.394531 0.341797 0.396484 0.339844 0.398438 0.343750 0.402344 0.345703 0.402344 0.347656 0.400391 0.347656 0.396484 0.345703 0.394531
0 0.087891 0.400391 0.085938 0.402344 0.085938 0.404297 0.083984 0.406250 0.082031 0.406250 0.083984 0.408203 0.083984 0.414062 0.085938 0.416016 0.085938 0.417969 0.087891 0.419922 0.091797 0.419922 0.097656 0.416016 0.097656 0.408203 0.095703 0.406250 0.095703 0.404297 0.091797 0.400391
0 0.423828 0.398438 0.421875 0.400391 0.412109 0.402344 0.406250 0.408203 0.406250 0.414062 0.408203 0.416016 0.416016 0.416016 0.417969 0.417969 0.416016 0.419922 0.421875 0.425781 0.423828 0.425781 0.431641 0.417969 0.435547 0.416016 0.435547 0.410156 0.429688 0.404297 0.429688 0.402344
0 0.699219 0.400391 0.701172 0.402344 0.697266 0.406250 0.695312 0.404297 0.695312 0.408203 0.699219 0.412109 0.705078 0.412109 0.707031 0.410156 0.707031 0.406250 0.708984 0.404297 0.707031 0.402344 0.703125 0.402344 0.701172 0.400391
0 0.257812 0.408203 0.255859 0.410156 0.255859 0.414062 0.257812 0.416016 0.261719 0.416016 0.261719 0.410156 0.259766 0.408203
0 0.441406 0.410156 0.443359 0.410156 0.445312 0.408203 0.441406 0.408203
0 0.503906 0.408203 0.501953 0.410156 0.501953 0.417969 0.505859 0.421875 0.507812 0.421875 0.511719 0.417969 0.511719 0.410156 0.509766 0.408203
1 0.115234 0.419922 0.117188 0.421875 0.119141 0.421875 0.121094 0.423828 0.123047 0.423828 0.125000 0.421875 0.126953 0.421875 0.134766 0.414062 0.142578 0.414062 0.142578 0.412109 0.126953 0.412109 0.125000 0.410156 0.123047 0.410156 0.121094 0.412109 0.117188 0.412109 0.115234 0.414062
0 0.175781 0.416016 0.175781 0.423828 0.177734 0.425781 0.181641 0.425781 0.183594 0.427734 0.185547 0.427734 0.187500 0.425781 0.191406 0.425781 0.193359 0.423828 0.193359 0.416016 0.189453 0.412109 0.179688 0.412109
0 0.275391 0.414062 0.275391 0.425781 0.277344 0.429688 0.283203 0.435547 0.287109 0.437500 0.296875 0.437500 0.302734 0.431641 0.302734 0.421875 0.298828 0.416016 0.291016 0.412109 0.279297 0.412109
0 0.826172 0.412109 0.822266 0.416016 0.822266 0.419922 0.826172 0.423828 0.832031 0.423828 0.835938 0.419922 0.833984 0.417969 0.833984 0.416016 0.832031 0.414062 0.830078 0.414062 0.828125 0.412109
0 0.322266 0.416016 0.320312 0.417969 0.320312 0.419922 0.324219 0.423828 0.328125 0.423828 0.330078 0.421875 0.330078 0.417969 0.328125 0.416016
0 0.853516 0.416016 0.851562 0.417969 0.851562 0.421875 0.853516 0.423828 0.857422 0.423828 0.859375 0.421875 0.859375 0.416016
0 0.365234 0.425781 0.355469 0.433594 0.355469 0.437500 0.365234 0.447266 0.361328 0.451172 0.369141 0.458984 0.369141 0.462891 0.375000 0.462891 0.384766 0.455078 0.382812 0.451172 0.388672 0.445312 0.384766 0.441406 0.380859 0.443359 0.376953 0.441406 0.375000 0.443359 0.367188 0.437500 0.369141 0.427734
1 0.394531 0.433594 0.394531 0.435547 0.398438 0.439453 0.408203 0.439453 0.410156 0.437500 0.410156 0.435547 0.412109 0.433594 0.417969 0.439453 0.421875 0.435547 0.421875 0.433594 0.416016 0.433594 0.408203 0.425781 0.404297 0.425781 0.398438 0.431641 0.396484 0.431641
0 0.599609 0.427734 0.599609 0.429688 0.601562 0.431641 0.603516 0.429688 0.601562 0.427734
0 0.341797 0.429688 0.337891 0.429688 0.333984 0.433594 0.333984 0.435547 0.332031 0.437500 0.333984 0.439453 0.333984 0.441406 0.335938 0.443359 0.337891 0.443359 0.341797 0.439453 0.341797 0.437500 0.343750 0.435547 0.343750 0.431641
0 0.929688 0.429688 0.923828 0.435547 0.923828 0.439453 0.925781 0.441406 0.927734 0.441406 0.931641 0.437500 0.929688 0.435547 0.931641 0.433594 0.931641 0.431641
0 0.433594 0.433594 0.431641 0.435547 0.431641 0.437500 0.433594 0.439453 0.435547 0.439453 0.435547 0.435547
0 0.541016 0.441406 0.541016 0.445312 0.542969 0.445312 0.544922 0.443359 0.542969 0.441406
0 0.173828 0.445312 0.171875 0.447266 0.171875 0.449219 0.173828 0.451172 0.175781 0.449219 0.175781 0.447266
0 0.261719 0.445312 0.257812 0.445312 0.255859 0.447266 0.255859 0.451172 0.257812 0.453125 0.259766 0.453125 0.263672 0.449219 0.263672 0.447266
0 0.929688 0.447266 0.927734 0.449219 0.929688 0.451172 0.931641 0.451172 0.933594 0.449219 0.931641 0.447266
0 0.464844 0.449219 0.462891 0.451172 0.462891 0.453125 0.464844 0.455078 0.466797 0.453125 0.466797 0.451172
0 0.556641 0.460938 0.554688 0.462891 0.556641 0.464844 0.558594 0.462891
1 0.152344 0.472656 0.154297 0.474609 0.156250 0.472656 0.158203 0.472656 0.158203 0.470703 0.156250 0.472656 0.154297 0.470703
0 0.685547 0.468750 0.683594 0.470703 0.681641 0.468750 0.677734 0.468750 0.673828 0.472656 0.673828 0.478516 0.675781 0.480469 0.677734 0.480469 0.679688 0.482422 0.683594 0.478516 0.685547 0.478516 0.685547 0.472656 0.683594 0.470703
0 0.167969 0.478516 0.166016 0.480469 0.166016 0.486328 0.171875 0.486328 0.173828 0.484375 0.173828 0.480469 0.171875 0.478516
0 0.816406 0.476562 0.814453 0.478516 0.814453 0.480469 0.816406 0.482422 0.818359 0.482422 0.818359 0.480469 0.820312 0.478516 0.818359 0.476562
0 0.859375 0.480469 0.851562 0.480469 0.849609 0.482422 0.849609 0.488281 0.853516 0.492188 0.855469 0.492188 0.861328 0.486328 0.861328 0.482422
0 0.449219 0.486328 0.447266 0.488281 0.447266 0.492188 0.449219 0.494141 0.451172 0.494141 0.451172 0.492188 0.453125 0.490234 0.453125 0.488281 0.451172 0.486328
0 0.794922 0.486328 0.789062 0.490234 0.789062 0.500000 0.792969 0.505859 0.800781 0.505859 0.802734 0.503906 0.804688 0.503906 0.804688 0.501953 0.806641 0.500000 0.806641 0.494141 0.802734 0.488281 0.800781 0.488281 0.798828 0.486328
1 0.126953 0.490234 0.126953 0.494141 0.130859 0.498047 0.132812 0.498047 0.134766 0.500000 0.132812 0.498047 0.132812 0.492188 0.130859 0.490234
0 0.707031 0.490234 0.703125 0.492188 0.695312 0.507812 0.699219 0.509766 0.705078 0.515625 0.708984 0.517578 0.712891 0.517578 0.716797 0.513672 0.718750 0.513672 0.722656 0.505859 0.720703 0.501953 0.722656 0.500000 0.720703 0.496094 0.714844 0.490234
0 0.892578 0.490234 0.890625 0.492188 0.890625 0.496094 0.892578 0.498047 0.896484 0.498047 0.898438 0.496094 0.898438 0.492188 0.896484 0.490234
0 0.753906 0.500000 0.751953 0.501953 0.751953 0.505859 0.753906 0.507812 0.757812 0.507812 0.757812 0.505859 0.759766 0.503906 0.757812 0.501953 0.757812 0.500000
0 0.906250 0.500000 0.906250 0.503906 0.908203 0.505859 0.912109 0.505859 0.912109 0.501953 0.910156 0.500000
1 0.498047 0.503906 0.500000 0.505859 0.501953 0.505859 0.503906 0.507812 0.503906 0.511719 0.505859 0.513672 0.511719 0.513672 0.513672 0.511719 0.513672 0.509766 0.509766 0.505859 0.507812 0.505859 0.505859 0.507812 0.501953 0.503906
1 0.541016 0.505859 0.537109 0.505859 0.531250 0.511719 0.529297 0.509766 0.527344 0.511719 0.531250 0.515625 0.535156 0.511719 0.537109 0.511719 0.541016 0.507812
0 0.888672 0.507812 0.886719 0.509766 0.886719 0.517578 0.890625 0.521484 0.896484 0.521484 0.898438 0.519531 0.898438 0.509766 0.896484 0.507812
0 0.458984 0.513672 0.458984 0.515625 0.457031 0.517578 0.458984 0.519531 0.462891 0.519531 0.462891 0.513672
0 0.587891 0.513672 0.587891 0.517578 0.589844 0.519531 0.595703 0.519531 0.597656 0.517578 0.595703 0.515625 0.597656 0.513672 0.595703 0.513672 0.593750 0.511719 0.591797 0.511719 0.589844 0.513672
0 0.958984 0.513672 0.957031 0.515625 0.957031 0.517578 0.958984 0.519531 0.958984 0.521484 0.962891 0.521484 0.964844 0.519531 0.964844 0.515625 0.962891 0.513672
0 0.205078 0.515625 0.205078 0.519531 0.208984 0.519531 0.210938 0.517578 0.208984 0.517578 0.207031 0.515625
0 0.605469 0.517578 0.605469 0.521484 0.609375 0.521484 0.609375 0.519531 0.607422 0.517578
0 0.494141 0.519531 0.490234 0.519531 0.486328 0.523438 0.486328 0.525391 0.488281 0.527344 0.490234 0.527344 0.492188 0.529297 0.498047 0.523438
0 0.693359 0.521484 0.687500 0.527344 0.687500 0.531250 0.693359 0.537109 0.699219 0.537109 0.705078 0.531250 0.705078 0.527344 0.699219 0.521484
0 0.968750 0.521484 0.968750 0.525391 0.970703 0.527344 0.972656 0.527344 0.974609 0.525391 0.976562 0.525391 0.976562 0.523438 0.972656 0.519531 0.970703 0.519531
0 0.164062 0.533203 0.162109 0.535156 0.162109 0.537109 0.164062 0.539062 0.166016 0.539062 0.167969 0.537109 0.167969 0.535156 0.166016 0.533203
0 0.312500 0.537109 0.314453 0.539062 0.320312 0.539062 0.320312 0.535156 0.314453 0.535156
0 0.527344 0.535156 0.525391 0.537109 0.525391 0.539062 0.527344 0.539062 0.529297 0.541016 0.531250 0.541016 0.531250 0.539062 0.533203 0.537109 0.531250 0.535156
0 0.730469 0.535156 0.728516 0.537109 0.728516 0.546875 0.730469 0.548828 0.732422 0.548828 0.734375 0.550781 0.738281 0.550781 0.742188 0.546875 0.742188 0.537109 0.740234 0.537109 0.738281 0.535156
0 0.576172 0.541016 0.572266 0.546875 0.574219 0.550781 0.574219 0.558594 0.576172 0.562500 0.583984 0.570312 0.582031 0.574219 0.583984 0.574219 0.583984 0.572266 0.595703 0.562500 0.595703 0.558594 0.597656 0.556641 0.595703 0.554688 0.595703 0.550781 0.585938 0.541016
0 0.851562 0.541016 0.841797 0.546875 0.841797 0.548828 0.839844 0.550781 0.839844 0.554688 0.841797 0.556641 0.841797 0.560547 0.847656 0.560547 0.851562 0.564453 0.853516 0.564453 0.855469 0.562500 0.859375 0.562500 0.857422 0.560547 0.859375 0.558594 0.861328 0.552734 0.859375 0.550781 0.859375 0.546875 0.857422 0.544922 0.855469 0.544922
1 0.894531 0.539062 0.892578 0.541016 0.892578 0.544922 0.888672 0.548828 0.890625 0.548828 0.894531 0.552734 0.894531 0.554688 0.890625 0.558594 0.892578 0.558594 0.894531 0.560547 0.892578 0.562500 0.892578 0.564453 0.894531 0.566406 0.896484 0.566406 0.902344 0.560547 0.902344 0.558594 0.900391 0.556641 0.898438 0.556641 0.896484 0.554688 0.896484 0.548828 0.898438 0.546875 0.898438 0.541016 0.896484 0.539062
0 0.976562 0.541016 0.976562 0.542969 0.974609 0.544922 0.978516 0.544922 0.980469 0.546875 0.982422 0.546875 0.982422 0.542969 0.980469 0.541016
0 0.925781 0.542969 0.923828 0.544922 0.921875 0.544922 0.921875 0.548828 0.919922 0.550781 0.919922 0.552734 0.921875 0.554688 0.921875 0.556641 0.923828 0.556641 0.925781 0.558594 0.927734 0.558594 0.929688 0.560547 0.931641 0.560547 0.933594 0.558594 0.933594 0.554688 0.935547 0.552734 0.935547 0.548828 0.929688 0.542969
0 0.613281 0.552734 0.605469 0.552734 0.603516 0.554688 0.603516 0.558594 0.601562 0.560547 0.601562 0.562500 0.607422 0.568359 0.609375 0.568359 0.611328 0.566406 0.613281 0.566406 0.615234 0.564453 0.615234 0.554688
0 0.437500 0.554688 0.433594 0.554688 0.431641 0.556641 0.431641 0.560547 0.433594 0.562500 0.435547 0.560547 0.437500 0.560547
0 0.496094 0.554688 0.494141 0.556641 0.492188 0.556641 0.490234 0.558594 0.490234 0.564453 0.496094 0.564453 0.498047 0.562500 0.498047 0.556641
0 0.517578 0.560547 0.513672 0.556641 0.509766 0.560547 0.509766 0.564453 0.515625 0.564453 0.517578 0.562500
0 0.458984 0.566406 0.460938 0.564453 0.462891 0.564453 0.464844 0.562500 0.462891 0.560547 0.458984 0.560547
0 0.777344 0.568359 0.777344 0.574219 0.775391 0.576172 0.777344 0.578125 0.777344 0.580078 0.781250 0.583984 0.785156 0.583984 0.787109 0.585938 0.791016 0.585938 0.792969 0.583984 0.798828 0.582031 0.798828 0.574219 0.791016 0.564453 0.789062 0.564453 0.787109 0.562500 0.783203 0.562500
0 0.451172 0.568359 0.449219 0.570312 0.451172 0.572266
0 0.550781 0.572266 0.548828 0.574219 0.548828 0.576172 0.550781 0.578125 0.550781 0.580078 0.552734 0.580078 0.554688 0.578125 0.554688 0.574219 0.552734 0.572266
1 0.306641 0.578125 0.308594 0.580078 0.308594 0.582031 0.314453 0.582031 0.310547 0.578125
0 0.464844 0.580078 0.462891 0.580078 0.460938 0.582031 0.460938 0.587891 0.464844 0.587891 0.464844 0.585938 0.466797 0.583984 0.466797 0.582031
0 0.201172 0.587891 0.201172 0.593750 0.203125 0.591797 0.205078 0.593750 0.207031 0.593750 0.207031 0.589844 0.205078 0.587891 0.203125 0.589844
0 0.320312 0.585938 0.318359 0.585938 0.318359 0.589844 0.320312 0.587891
0 0.861328 0.585938 0.859375 0.587891 0.859375 0.591797 0.855469 0.595703 0.855469 0.601562 0.859375 0.605469 0.859375 0.607422 0.867188 0.607422 0.871094 0.603516 0.871094 0.599609 0.873047 0.597656 0.871094 0.595703 0.871094 0.593750 0.863281 0.585938
0 0.947266 0.589844 0.943359 0.585938 0.933594 0.585938 0.931641 0.587891 0.931641 0.589844 0.927734 0.595703 0.927734 0.599609 0.929688 0.601562 0.931641 0.601562 0.935547 0.597656 0.937500 0.597656 0.939453 0.595703 0.943359 0.595703 0.947266 0.591797
0 0.482422 0.589844 0.478516 0.595703 0.478516 0.603516 0.488281 0.613281 0.490234 0.613281 0.496094 0.617188 0.501953 0.611328 0.501953 0.609375 0.500000 0.607422 0.496094 0.597656 0.490234 0.591797 0.486328 0.591797 0.484375 0.589844
1 0.462891 0.593750 0.458984 0.597656 0.457031 0.595703 0.455078 0.595703 0.453125 0.597656 0.451172 0.597656 0.451172 0.599609 0.447266 0.603516 0.447266 0.607422 0.455078 0.607422 0.457031 0.605469 0.455078 0.603516 0.457031 0.601562 0.457031 0.599609
0 0.208984 0.603516 0.210938 0.607422 0.214844 0.609375 0.208984 0.615234 0.208984 0.617188 0.212891 0.621094 0.216797 0.621094 0.218750 0.623047 0.228516 0.615234 0.238281 0.619141 0.238281 0.615234 0.236328 0.615234 0.224609 0.603516 0.218750 0.603516 0.212891 0.599609
0 0.433594 0.603516 0.433594 0.605469 0.435547 0.607422 0.441406 0.607422 0.441406 0.603516 0.439453 0.601562 0.435547 0.601562
0 0.896484 0.603516 0.896484 0.605469 0.894531 0.607422 0.894531 0.615234 0.896484 0.617188 0.902344 0.617188 0.904297 0.615234 0.904297 0.609375 0.902344 0.607422 0.902344 0.605469 0.900391 0.605469 0.898438 0.603516
1 0.687500 0.609375 0.683594 0.609375 0.679688 0.615234 0.679688 0.619141 0.681641 0.619141 0.683594 0.623047 0.669922 0.634766 0.669922 0.638672 0.673828 0.642578 0.685547 0.640625 0.689453 0.644531 0.687500 0.648438 0.693359 0.656250 0.691406 0.669922 0.685547 0.675781 0.681641 0.673828 0.673828 0.679688 0.673828 0.687500 0.681641 0.691406 0.689453 0.687500 0.689453 0.677734 0.693359 0.671875 0.695312 0.675781 0.701172 0.675781 0.703125 0.673828 0.707031 0.675781 0.712891 0.667969 0.708984 0.660156 0.701172 0.650391 0.703125 0.648438 0.691406 0.638672 0.691406 0.634766 0.685547 0.626953 0.691406 0.617188 0.691406 0.613281
0 0.826172 0.613281 0.824219 0.615234 0.824219 0.617188 0.826172 0.619141 0.828125 0.619141 0.830078 0.617188 0.830078 0.615234 0.828125 0.613281
0 0.916016 0.615234 0.916016 0.617188 0.914062 0.619141 0.917969 0.623047 0.921875 0.623047 0.923828 0.621094 0.923828 0.617188 0.921875 0.615234
0 0.957031 0.615234 0.955078 0.617188 0.955078 0.619141 0.957031 0.621094 0.960938 0.621094 0.960938 0.617188 0.958984 0.615234
0 0.281250 0.619141 0.277344 0.619141 0.277344 0.621094 0.275391 0.623047 0.279297 0.623047 0.281250 0.621094
0 0.595703 0.619141 0.593750 0.621094 0.595703 0.623047 0.595703 0.625000 0.597656 0.626953 0.601562 0.626953 0.603516 0.625000 0.603516 0.621094 0.601562 0.619141
0 0.732422 0.619141 0.728516 0.623047 0.728516 0.626953 0.730469 0.628906 0.738281 0.628906 0.740234 0.626953 0.740234 0.623047 0.738281 0.621094 0.736328 0.621094 0.734375 0.619141
0 0.496094 0.621094 0.494141 0.621094 0.486328 0.628906 0.486328 0.630859 0.484375 0.632812 0.486328 0.634766 0.486328 0.636719 0.490234 0.640625 0.494141 0.640625 0.496094 0.638672 0.498047 0.638672 0.501953 0.634766 0.501953 0.628906 0.496094 0.623047
0 0.796875 0.621094 0.794922 0.621094 0.792969 0.623047 0.792969 0.625000 0.796875 0.625000
0 0.246094 0.625000 0.242188 0.625000 0.240234 0.626953 0.242188 0.628906
0 0.273438 0.626953 0.271484 0.626953 0.269531 0.628906 0.271484 0.630859 0.273438 0.628906
0 0.654297 0.630859 0.652344 0.630859 0.650391 0.628906 0.646484 0.632812 0.646484 0.634766 0.648438 0.636719 0.652344 0.636719 0.654297 0.634766
0 0.244141 0.634766 0.240234 0.634766 0.240234 0.640625 0.242188 0.640625 0.244141 0.638672
0 0.255859 0.632812 0.253906 0.634766 0.251953 0.632812 0.250000 0.634766 0.250000 0.636719 0.251953 0.638672 0.253906 0.636719 0.253906 0.634766
1 0.419922 0.636719 0.419922 0.638672 0.421875 0.640625 0.427734 0.640625 0.429688 0.642578 0.431641 0.642578 0.433594 0.640625 0.435547 0.640625 0.437500 0.642578 0.433594 0.638672 0.433594 0.636719 0.431641 0.636719 0.429688 0.634766 0.421875 0.634766
0 0.269531 0.638672 0.265625 0.642578 0.265625 0.648438 0.269531 0.652344 0.275391 0.652344 0.277344 0.650391 0.277344 0.648438 0.279297 0.646484 0.279297 0.642578 0.275391 0.638672
0 0.617188 0.642578 0.611328 0.646484 0.613281 0.650391 0.611328 0.652344 0.601562 0.646484 0.589844 0.646484 0.578125 0.658203 0.580078 0.671875 0.578125 0.679688 0.593750 0.697266 0.599609 0.699219 0.609375 0.697266 0.625000 0.685547 0.626953 0.667969 0.619141 0.658203 0.623047 0.648438
0 0.800781 0.642578 0.798828 0.642578 0.796875 0.644531 0.794922 0.644531 0.791016 0.648438 0.791016 0.650391 0.789062 0.652344 0.789062 0.658203 0.792969 0.662109 0.800781 0.662109 0.802734 0.660156 0.804688 0.660156 0.804688 0.658203 0.806641 0.656250 0.806641 0.648438
0 0.849609 0.648438 0.849609 0.652344 0.847656 0.654297 0.849609 0.656250 0.849609 0.658203 0.855469 0.658203 0.857422 0.656250 0.861328 0.656250 0.861328 0.650391 0.859375 0.650391 0.857422 0.648438 0.857422 0.646484 0.851562 0.646484
0 0.750000 0.650391 0.753906 0.654297 0.755859 0.652344 0.757812 0.652344 0.759766 0.650391 0.761719 0.652344 0.757812 0.648438 0.751953 0.648438
0 0.074219 0.666016 0.074219 0.667969 0.072266 0.669922 0.072266 0.671875 0.074219 0.673828 0.078125 0.673828 0.080078 0.671875 0.080078 0.669922 0.078125 0.667969 0.078125 0.666016 0.076172 0.667969
0 0.437500 0.667969 0.435547 0.669922 0.431641 0.669922 0.427734 0.673828 0.427734 0.677734 0.433594 0.683594 0.435547 0.681641 0.439453 0.681641 0.441406 0.679688 0.441406 0.673828 0.439453 0.671875 0.439453 0.669922
0 0.517578 0.673828 0.515625 0.675781 0.515625 0.677734 0.517578 0.679688 0.519531 0.677734 0.517578 0.675781
1 0.794922 0.679688 0.800781 0.685547 0.802734 0.685547 0.806641 0.681641 0.808594 0.683594 0.812500 0.683594 0.818359 0.689453 0.822266 0.689453 0.826172 0.685547 0.826172 0.681641 0.822266 0.677734 0.814453 0.677734 0.812500 0.679688 0.808594 0.675781 0.806641 0.675781 0.802734 0.671875 0.800781 0.671875 0.798828 0.673828 0.798828 0.675781
0 0.957031 0.683594 0.953125 0.683594 0.951172 0.681641 0.947266 0.685547 0.947266 0.687500 0.939453 0.693359 0.941406 0.701172 0.937500 0.708984 0.941406 0.712891 0.947266 0.712891 0.958984 0.707031 0.958984 0.699219 0.957031 0.695312 0.960938 0.691406 0.960938 0.687500
0 0.757812 0.687500 0.761719 0.691406 0.763672 0.691406 0.765625 0.689453 0.767578 0.689453 0.767578 0.685547 0.763672 0.685547 0.761719 0.683594
0 0.873047 0.685547 0.873047 0.687500 0.871094 0.689453 0.871094 0.693359 0.875000 0.697266 0.880859 0.697266 0.884766 0.693359 0.884766 0.689453 0.880859 0.685547
0 0.443359 0.701172 0.445312 0.701172 0.449219 0.705078 0.451172 0.705078 0.453125 0.703125 0.455078 0.703125 0.462891 0.695312 0.466797 0.695312 0.466797 0.693359 0.460938 0.691406 0.458984 0.689453 0.458984 0.687500 0.449219 0.687500 0.447266 0.689453 0.445312 0.689453 0.445312 0.691406 0.443359 0.693359
0 0.781250 0.689453 0.779297 0.691406 0.777344 0.691406 0.775391 0.693359 0.775391 0.697266 0.773438 0.699219 0.779297 0.705078 0.781250 0.705078 0.783203 0.707031 0.785156 0.705078 0.787109 0.705078 0.789062 0.703125 0.789062 0.697266 0.787109 0.695312 0.787109 0.693359 0.785156 0.693359
1 0.523438 0.707031 0.525391 0.707031 0.529297 0.710938 0.535156 0.710938 0.537109 0.708984 0.544922 0.718750 0.544922 0.724609 0.546875 0.726562 0.554688 0.726562 0.556641 0.724609 0.556641 0.722656 0.560547 0.718750 0.562500 0.718750 0.564453 0.716797 0.566406 0.718750 0.570312 0.718750 0.576172 0.714844 0.576172 0.710938 0.572266 0.707031 0.570312 0.707031 0.568359 0.705078 0.566406 0.705078 0.562500 0.708984 0.560547 0.707031 0.552734 0.707031 0.548828 0.710938 0.544922 0.710938 0.542969 0.712891 0.539062 0.708984 0.537109 0.703125 0.533203 0.699219 0.531250 0.699219
0 0.416016 0.705078 0.414062 0.707031 0.414062 0.708984 0.416016 0.710938 0.417969 0.710938 0.419922 0.708984 0.419922 0.707031 0.417969 0.705078
0 0.728516 0.703125 0.728516 0.705078 0.726562 0.707031 0.728516 0.708984 0.730469 0.708984 0.732422 0.707031
0 0.480469 0.708984 0.478516 0.710938 0.478516 0.712891 0.480469 0.714844 0.484375 0.714844 0.486328 0.712891 0.486328 0.710938 0.484375 0.708984
1 0.771484 0.720703 0.775391 0.724609 0.775391 0.728516 0.779297 0.732422 0.783203 0.728516 0.785156 0.728516 0.787109 0.726562 0.804688 0.726562 0.806641 0.724609 0.810547 0.724609 0.814453 0.720703 0.814453 0.718750 0.812500 0.716797 0.804688 0.716797 0.804688 0.718750 0.802734 0.720703 0.800781 0.718750 0.794922 0.718750 0.792969 0.720703 0.789062 0.720703 0.785156 0.716797 0.785156 0.714844 0.781250 0.710938
1 0.912109 0.714844 0.912109 0.716797 0.916016 0.720703 0.921875 0.720703 0.923828 0.718750 0.925781 0.718750 0.923828 0.718750 0.917969 0.712891 0.916016 0.714844
0 0.236328 0.716797 0.236328 0.720703 0.240234 0.724609 0.244141 0.724609 0.246094 0.722656 0.246094 0.716797 0.244141 0.714844 0.240234 0.714844 0.238281 0.716797
0 0.650391 0.714844 0.648438 0.716797 0.648438 0.718750 0.646484 0.720703 0.646484 0.722656 0.648438 0.724609 0.656250 0.724609 0.658203 0.722656 0.658203 0.720703 0.652344 0.714844
0 0.632812 0.724609 0.628906 0.728516 0.628906 0.736328 0.630859 0.738281 0.636719 0.738281 0.640625 0.734375 0.640625 0.728516 0.638672 0.726562 0.636719 0.726562 0.634766 0.724609
0 0.869141 0.734375 0.869141 0.732422 0.867188 0.730469 0.867188 0.728516 0.865234 0.726562 0.865234 0.724609 0.863281 0.726562 0.861328 0.724609 0.857422 0.728516 0.855469 0.728516 0.853516 0.730469 0.849609 0.730469 0.851562 0.732422 0.853516 0.732422 0.857422 0.736328 0.865234 0.736328 0.867188 0.734375
0 0.210938 0.732422 0.210938 0.736328 0.212891 0.736328 0.214844 0.734375 0.212891 0.732422
0 0.236328 0.730469 0.236328 0.732422 0.234375 0.734375 0.236328 0.736328 0.236328 0.738281 0.238281 0.740234 0.242188 0.740234 0.244141 0.738281 0.244141 0.732422 0.238281 0.732422
0 0.601562 0.734375 0.601562 0.736328 0.597656 0.740234 0.599609 0.742188 0.597656 0.744141 0.597656 0.748047 0.601562 0.751953 0.603516 0.751953 0.605469 0.750000 0.611328 0.750000 0.615234 0.746094 0.615234 0.738281 0.611328 0.734375
1 0.763672 0.744141 0.767578 0.748047 0.769531 0.748047 0.771484 0.750000 0.773438 0.748047 0.779297 0.748047 0.781250 0.750000 0.781250 0.751953 0.783203 0.753906 0.785156 0.753906 0.791016 0.748047 0.785156 0.742188 0.783203 0.742188 0.783203 0.744141 0.781250 0.746094 0.773438 0.746094 0.771484 0.744141 0.769531 0.744141 0.767578 0.742188 0.765625 0.742188
0 0.806641 0.744141 0.804688 0.746094 0.804688 0.750000 0.802734 0.751953 0.802734 0.759766 0.800781 0.761719 0.802734 0.761719 0.806641 0.765625 0.816406 0.765625 0.820312 0.759766 0.814453 0.750000 0.816406 0.748047 0.816406 0.744141 0.814453 0.744141 0.812500 0.746094 0.810547 0.744141
0 0.558594 0.748047 0.550781 0.748047 0.537109 0.763672 0.539062 0.773438 0.531250 0.781250 0.533203 0.787109 0.537109 0.787109 0.542969 0.781250 0.550781 0.781250 0.556641 0.789062 0.558594 0.787109 0.560547 0.789062 0.558594 0.781250 0.562500 0.777344 0.568359 0.783203 0.572266 0.781250 0.570312 0.775391 0.562500 0.777344 0.558594 0.771484 0.564453 0.761719 0.564453 0.755859
0 0.410156 0.751953 0.408203 0.753906 0.408203 0.755859 0.410156 0.757812 0.412109 0.755859 0.412109 0.753906
0 0.466797 0.750000 0.464844 0.751953 0.466797 0.753906 0.468750 0.751953
0 0.892578 0.751953 0.892578 0.753906 0.890625 0.755859 0.890625 0.757812 0.892578 0.759766 0.902344 0.759766 0.902344 0.751953
0 0.734375 0.761719 0.732422 0.761719 0.730469 0.759766 0.728516 0.759766 0.726562 0.761719 0.726562 0.763672 0.724609 0.765625 0.726562 0.767578 0.726562 0.771484 0.728516 0.769531 0.732422 0.769531 0.732422 0.767578 0.734375 0.765625
0 0.769531 0.759766 0.765625 0.763672 0.765625 0.775391 0.767578 0.775391 0.771484 0.779297 0.775391 0.779297 0.777344 0.777344 0.779297 0.777344 0.783203 0.771484 0.781250 0.769531 0.781250 0.767578 0.779297 0.765625 0.779297 0.763672 0.775391 0.759766
0 0.671875 0.761719 0.669922 0.763672 0.671875 0.765625 0.671875 0.767578 0.673828 0.769531 0.675781 0.769531 0.677734 0.767578 0.677734 0.763672 0.675781 0.763672 0.673828 0.761719
0 0.849609 0.761719 0.847656 0.763672 0.845703 0.763672 0.841797 0.767578 0.841797 0.769531 0.843750 0.771484 0.843750 0.777344 0.845703 0.777344 0.847656 0.779297 0.855469 0.779297 0.861328 0.773438 0.861328 0.765625 0.857422 0.761719
0 0.794922 0.769531 0.792969 0.771484 0.792969 0.773438 0.789062 0.777344 0.787109 0.777344 0.787109 0.781250 0.794922 0.789062 0.800781 0.789062 0.800781 0.787109 0.804688 0.783203 0.804688 0.781250 0.806641 0.779297 0.804688 0.777344 0.804688 0.775391 0.800781 0.771484 0.796875 0.771484
0 0.757812 0.781250 0.757812 0.785156 0.761719 0.789062 0.763672 0.789062 0.765625 0.787109 0.767578 0.787109 0.767578 0.783203 0.765625 0.781250 0.765625 0.779297 0.759766 0.779297
0 0.564453 0.791016 0.562500 0.792969 0.564453 0.794922
0 0.738281 0.789062 0.736328 0.789062 0.734375 0.791016 0.734375 0.792969 0.736328 0.794922 0.738281 0.792969 0.740234 0.792969 0.740234 0.791016
1 0.498047 0.796875 0.498047 0.804688 0.509766 0.804688 0.531250 0.818359 0.539062 0.843750 0.533203 0.847656 0.521484 0.835938 0.511719 0.839844 0.509766 0.859375 0.519531 0.857422 0.525391 0.863281 0.519531 0.882812 0.513672 0.888672 0.494141 0.884766 0.470703 0.917969 0.478516 0.921875 0.496094 0.916016 0.503906 0.919922 0.511719 0.917969 0.521484 0.927734 0.527344 0.923828 0.517578 0.910156 0.523438 0.904297 0.531250 0.906250 0.529297 0.890625 0.544922 0.882812 0.541016 0.876953 0.544922 0.875000 0.539062 0.851562 0.556641 0.828125 0.552734 0.822266 0.554688 0.814453 0.537109 0.800781 0.529297 0.804688 0.515625 0.796875 0.509766 0.800781
0 0.371094 0.800781 0.369141 0.802734 0.369141 0.804688 0.371094 0.806641 0.373047 0.806641 0.373047 0.802734
0 0.654297 0.802734 0.654297 0.804688 0.656250 0.806641 0.658203 0.806641 0.660156 0.804688 0.658203 0.802734
0 0.710938 0.800781 0.710938 0.804688 0.712891 0.806641 0.714844 0.806641 0.716797 0.804688 0.716797 0.802734 0.714844 0.800781
0 0.990234 0.800781 0.988281 0.802734 0.988281 0.804688 0.990234 0.806641 0.992188 0.806641 0.994141 0.804688 0.994141 0.802734 0.992188 0.800781
0 0.767578 0.806641 0.765625 0.808594 0.765625 0.812500 0.767578 0.814453 0.769531 0.814453 0.771484 0.812500 0.771484 0.808594 0.769531 0.806641
0 0.789062 0.806641 0.785156 0.806641 0.783203 0.808594 0.785156 0.810547 0.787109 0.810547 0.789062 0.808594
0 0.316406 0.810547 0.312500 0.814453 0.310547 0.814453 0.310547 0.818359 0.312500 0.820312 0.318359 0.820312 0.320312 0.818359 0.320312 0.816406 0.316406 0.812500
0 0.753906 0.808594 0.748047 0.814453 0.748047 0.818359 0.750000 0.820312 0.750000 0.822266 0.751953 0.822266 0.753906 0.824219 0.755859 0.824219 0.759766 0.828125 0.761719 0.826172 0.763672 0.828125 0.765625 0.826172 0.763672 0.824219 0.763672 0.820312 0.761719 0.818359 0.761719 0.816406 0.757812 0.812500 0.757812 0.810547 0.755859 0.810547
0 0.865234 0.816406 0.871094 0.824219 0.867188 0.828125 0.873047 0.832031 0.876953 0.832031 0.882812 0.837891 0.882812 0.845703 0.886719 0.847656 0.894531 0.845703 0.902344 0.837891 0.910156 0.835938 0.902344 0.828125 0.902344 0.820312 0.900391 0.818359 0.898438 0.822266 0.890625 0.820312 0.880859 0.812500 0.875000 0.812500 0.869141 0.818359
0 0.480469 0.822266 0.478516 0.824219 0.476562 0.824219 0.468750 0.832031 0.468750 0.835938 0.470703 0.837891 0.474609 0.837891 0.478516 0.833984 0.480469 0.833984 0.484375 0.830078 0.484375 0.826172 0.482422 0.826172 0.480469 0.824219
0 0.986328 0.824219 0.984375 0.826172 0.984375 0.830078 0.980469 0.833984 0.980469 0.847656 0.984375 0.851562 0.994141 0.851562 0.996094 0.849609 0.998047 0.849609 0.998047 0.828125 0.996094 0.828125 0.992188 0.824219
0 0.585938 0.830078 0.582031 0.830078 0.580078 0.832031 0.580078 0.835938 0.582031 0.837891 0.583984 0.837891 0.585938 0.835938
1 0.810547 0.845703 0.806641 0.849609 0.806641 0.853516 0.808594 0.853516 0.812500 0.857422 0.812500 0.859375 0.814453 0.861328 0.812500 0.863281 0.812500 0.867188 0.818359 0.873047 0.818359 0.875000 0.820312 0.875000 0.830078 0.865234 0.826172 0.861328 0.824219 0.861328 0.822266 0.859375 0.820312 0.859375 0.816406 0.855469 0.816406 0.853516 0.814453 0.851562 0.814453 0.847656 0.812500 0.845703
0 0.841797 0.847656 0.839844 0.849609 0.841797 0.851562 0.843750 0.851562 0.843750 0.847656
0 0.865234 0.847656 0.863281 0.849609 0.863281 0.851562 0.865234 0.853516 0.867188 0.853516 0.869141 0.851562 0.869141 0.849609 0.867188 0.847656
1 0.882812 0.859375 0.878906 0.859375 0.878906 0.861328 0.876953 0.863281 0.876953 0.865234 0.875000 0.867188 0.876953 0.869141 0.878906 0.869141 0.880859 0.867188 0.880859 0.865234 0.882812 0.863281
0 0.423828 0.863281 0.421875 0.865234 0.421875 0.867188 0.423828 0.869141 0.427734 0.869141 0.429688 0.867188 0.429688 0.865234 0.427734 0.863281
0 0.876953 0.878906 0.875000 0.880859 0.875000 0.882812 0.873047 0.884766 0.873047 0.890625 0.875000 0.892578 0.876953 0.892578 0.878906 0.894531 0.880859 0.894531 0.884766 0.890625 0.884766 0.882812 0.880859 0.878906
0 0.613281 0.890625 0.611328 0.900391 0.613281 0.919922 0.623047 0.927734 0.642578 0.923828 0.648438 0.917969 0.654297 0.917969 0.658203 0.914062 0.658203 0.896484 0.654297 0.888672 0.650391 0.888672 0.646484 0.894531 0.638672 0.886719 0.621094 0.884766
0 0.978516 0.884766 0.976562 0.886719 0.974609 0.886719 0.974609 0.896484 0.976562 0.898438 0.982422 0.898438 0.986328 0.894531 0.986328 0.890625 0.984375 0.888672 0.984375 0.886719 0.982422 0.884766
0 0.298828 0.892578 0.294922 0.892578 0.294922 0.896484 0.296875 0.898438 0.298828 0.896484
0 0.574219 0.890625 0.570312 0.890625 0.568359 0.892578 0.568359 0.894531 0.572266 0.898438 0.576172 0.894531 0.576172 0.892578
0 0.695312 0.912109 0.701172 0.917969 0.705078 0.917969 0.708984 0.914062 0.712891 0.917969 0.712891 0.919922 0.716797 0.916016 0.716797 0.914062 0.710938 0.914062 0.708984 0.912109 0.708984 0.910156 0.705078 0.906250 0.699219 0.906250
1 0.419922 0.994141 0.417969 0.990234 0.400391 0.992188 0.384766 0.988281 0.365234 0.976562 0.359375 0.978516 0.341797 0.962891 0.337891 0.955078 0.351562 0.941406 0.363281 0.916016 0.361328 0.912109 0.351562 0.917969 0.349609 0.925781 0.324219 0.953125 0.302734 0.953125 0.294922 0.943359 0.291016 0.947266 0.285156 0.943359 0.267578 0.947266 0.257812 0.968750 0.259766 0.980469 0.253906 0.986328 0.261719 0.996094 0.273438 0.996094 0.275391 0.990234 0.279297 0.996094 0.281250 0.984375 0.285156 0.996094 0.287109 0.982422 0.289062 0.996094 0.306641 0.996094 0.304688 0.988281 0.308594 0.982422 0.326172 0.974609 0.349609 0.996094
0 0.564453 0.910156 0.562500 0.910156 0.554688 0.917969 0.550781 0.917969 0.548828 0.919922 0.552734 0.925781 0.552734 0.931641 0.556641 0.935547 0.562500 0.933594 0.564453 0.931641 0.564453 0.927734 0.572266 0.919922 0.570312 0.919922 0.568359 0.917969 0.568359 0.914062
0 0.449219 0.916016 0.449219 0.919922 0.453125 0.919922 0.453125 0.917969 0.451172 0.916016
0 0.408203 0.923828 0.406250 0.925781 0.406250 0.931641 0.408203 0.931641 0.410156 0.933594 0.412109 0.933594 0.414062 0.931641 0.414062 0.925781 0.412109 0.923828
0 0.951172 0.923828 0.947266 0.927734 0.947266 0.933594 0.949219 0.933594 0.951172 0.935547 0.955078 0.935547 0.957031 0.933594 0.957031 0.925781 0.955078 0.923828
0 0.251953 0.931641 0.248047 0.931641 0.248047 0.935547 0.246094 0.937500 0.248047 0.937500 0.250000 0.939453 0.251953 0.937500
0 0.457031 0.929688 0.455078 0.931641 0.455078 0.933594 0.457031 0.935547 0.460938 0.935547 0.462891 0.933594 0.462891 0.931641 0.460938 0.929688
1 0.474609 0.929688 0.470703 0.933594 0.470703 0.943359 0.474609 0.947266 0.474609 0.953125 0.480469 0.958984 0.482422 0.958984 0.486328 0.955078 0.486328 0.947266 0.482422 0.943359 0.482422 0.939453 0.480469 0.937500 0.482422 0.935547 0.480469 0.933594 0.478516 0.933594
0 0.820312 0.931641 0.818359 0.933594 0.818359 0.935547 0.816406 0.937500 0.816406 0.939453 0.820312 0.943359 0.824219 0.943359 0.828125 0.939453 0.828125 0.937500 0.826172 0.935547 0.826172 0.933594 0.824219 0.931641
0 0.972656 0.929688 0.970703 0.931641 0.968750 0.931641 0.968750 0.933594 0.964844 0.937500 0.964844 0.941406 0.966797 0.943359 0.966797 0.945312 0.972656 0.951172 0.976562 0.951172 0.978516 0.953125 0.984375 0.949219 0.984375 0.945312 0.986328 0.943359 0.986328 0.939453 0.982422 0.935547 0.982422 0.933594 0.980469 0.931641 0.978516 0.931641 0.976562 0.929688
0 0.761719 0.933594 0.759766 0.935547 0.759766 0.943359 0.761719 0.945312 0.763672 0.945312 0.767578 0.941406 0.763672 0.937500 0.763672 0.933594
0 0.392578 0.945312 0.390625 0.943359 0.388672 0.943359 0.386719 0.945312 0.382812 0.945312 0.380859 0.947266 0.382812 0.949219 0.390625 0.949219 0.392578 0.947266
0 0.527344 0.947266 0.527344 0.943359 0.525391 0.945312 0.523438 0.945312 0.525391 0.945312
0 0.714844 0.943359 0.710938 0.943359 0.708984 0.945312 0.708984 0.951172 0.710938 0.953125 0.710938 0.955078 0.712891 0.955078 0.716797 0.951172 0.716797 0.945312
0 0.853516 0.943359 0.845703 0.943359 0.843750 0.945312 0.841797 0.943359 0.828125 0.955078 0.830078 0.960938 0.828125 0.964844 0.828125 0.978516 0.830078 0.982422 0.833984 0.984375 0.849609 0.982422 0.855469 0.970703 0.859375 0.968750 0.857422 0.962891 0.861328 0.955078
0 0.580078 0.945312 0.578125 0.947266 0.578125 0.949219 0.580078 0.951172 0.582031 0.951172 0.582031 0.949219 0.583984 0.947266 0.582031 0.945312
0 0.816406 0.949219 0.814453 0.951172 0.818359 0.955078 0.820312 0.955078 0.822266 0.953125 0.820312 0.951172 0.820312 0.949219
0 0.449219 0.957031 0.447266 0.958984 0.447266 0.960938 0.449219 0.962891 0.453125 0.962891 0.455078 0.960938 0.455078 0.958984 0.453125 0.957031
0 0.583984 0.958984 0.580078 0.962891 0.585938 0.968750 0.587891 0.966797 0.587891 0.960938 0.585938 0.958984
0 0.505859 0.960938 0.503906 0.962891 0.503906 0.964844 0.505859 0.966797 0.507812 0.966797 0.511719 0.962891 0.509766 0.962891 0.507812 0.960938
0 0.773438 0.976562 0.773438 0.980469 0.777344 0.986328 0.777344 0.998047 0.806641 0.998047 0.810547 0.992188 0.810547 0.984375 0.814453 0.978516 0.814453 0.972656 0.808594 0.968750 0.798828 0.968750 0.792969 0.964844 0.789062 0.964844
0 0.480469 0.968750 0.478516 0.968750 0.474609 0.972656 0.474609 0.974609 0.476562 0.976562 0.480469 0.976562 0.482422 0.974609 0.482422 0.970703
0 0.583984 0.984375 0.587891 0.988281 0.595703 0.980469 0.599609 0.980469 0.601562 0.978516 0.597656 0.978516 0.595703 0.976562 0.591797 0.976562 0.589844 0.974609 0.587891 0.974609 0.585938 0.976562 0.585938 0.978516 0.583984 0.980469
0 0.960938 0.976562 0.955078 0.982422 0.955078 0.992188 0.957031 0.992188 0.960938 0.996094 0.964844 0.996094 0.968750 0.992188 0.968750 0.990234 0.972656 0.986328 0.972656 0.982422 0.970703 0.982422 0.964844 0.976562
0 0.730469 0.980469 0.728516 0.980469 0.724609 0.984375 0.724609 0.988281 0.726562 0.990234 0.730469 0.990234 0.732422 0.988281 0.734375 0.988281 0.732422 0.986328 0.732422 0.982422
0 0.910156 0.994141 0.910156 0.998047 0.941406 0.998047 0.941406 0.990234 0.935547 0.982422 0.933594 0.984375 0.931641 0.982422 0.923828 0.982422 0.921875 0.980469 0.919922 0.980469 0.914062 0.986328
0 0.576172 0.984375 0.572266 0.984375 0.570312 0.986328 0.570312 0.990234 0.572266 0.992188 0.574219 0.992188 0.578125 0.988281 0.578125 0.986328
1 0.501953 0.994141 0.501953 0.998047 0.529297 0.998047 0.527344 0.996094 0.527344 0.994141 0.525391 0.992188 0.521484 0.992188 0.517578 0.996094 0.515625 0.994141 0.513672 0.994141 0.509766 0.990234 0.505859 0.990234
0 0.677734 0.998047 0.675781 0.996094 0.675781 0.992188 0.673828 0.990234 0.671875 0.992188 0.669922 0.992188 0.667969 0.994141 0.667969 0.998047
0 0.888672 0.988281 0.884766 0.988281 0.884766 0.992188 0.886719 0.992188 0.888672 0.990234
0 0.490234 0.994141 0.490234 0.998047 0.496094 0.998047 0.496094 0.996094 0.494141 0.994141
1 0.542969 0.996094 0.542969 0.998047 0.552734 0.998047 0.550781 0.996094 0.548828 0.996094 0.546875 0.994141 0.544922 0.996094
1 0.705078 0.998047 0.703125 0.996094 0.703125 0.994141 0.703125 0.996094 0.701172 0.998047 0.699219 0.998047 0.697266 0.996094 0.691406 0.996094 0.689453 0.998047
0 0.177734 0.027344 0.177734 0.031250 0.173828 0.031250 0.171875 0.029297 0.175781 0.025391
0 0.265625 0.029297 0.265625 0.033203 0.261719 0.033203 0.259766 0.031250 0.263672 0.027344
0 0.099609 0.076172 0.099609 0.080078 0.095703 0.080078 0.093750 0.078125 0.097656 0.074219
0 0.417969 0.080078 0.417969 0.083984 0.414062 0.083984 0.412109 0.082031 0.416016 0.078125
0 0.367188 0.109375 0.367188 0.113281 0.363281 0.113281 0.361328 0.111328 0.365234 0.107422
0 0.189453 0.121094 0.189453 0.125000 0.185547 0.125000 0.183594 0.123047 0.187500 0.119141
0 0.001953 0.130859 0.000000 0.130859 0.000000 0.125000 0.000000 0.126953 0.001953 0.128906
0 0.189453 0.136719 0.189453 0.140625 0.185547 0.140625 0.183594 0.138672 0.187500 0.134766
0 0.117188 0.138672 0.117188 0.142578 0.113281 0.142578 0.111328 0.140625 0.115234 0.136719
0 0.291016 0.144531 0.291016 0.148438 0.287109 0.148438 0.285156 0.146484 0.289062 0.142578
0 0.246094 0.146484 0.246094 0.150391 0.242188 0.150391 0.240234 0.148438 0.244141 0.144531
0 0.027344 0.148438 0.027344 0.152344 0.023438 0.152344 0.021484 0.150391 0.025391 0.146484
0 0.898438 0.152344 0.898438 0.156250 0.894531 0.156250 0.892578 0.154297 0.896484 0.150391
0 0.001953 0.164062 0.000000 0.164062 0.000000 0.158203 0.000000 0.160156 0.001953 0.162109
0 0.458984 0.160156 0.458984 0.164062 0.455078 0.164062 0.453125 0.162109 0.457031 0.158203
0 0.326172 0.166016 0.326172 0.169922 0.322266 0.169922 0.320312 0.167969 0.324219 0.164062
0 0.005859 0.189453 0.001953 0.189453 0.000000 0.187500 0.000000 0.185547 0.001953 0.183594 0.005859 0.185547
0 0.421875 0.185547 0.421875 0.189453 0.417969 0.189453 0.416016 0.187500 0.419922 0.183594
0 0.138672 0.187500 0.138672 0.191406 0.134766 0.191406 0.132812 0.189453 0.136719 0.185547
0 0.001953 0.208984 0.000000 0.208984 0.000000 0.203125 0.000000 0.205078 0.001953 0.207031
0 0.050781 0.216797 0.050781 0.220703 0.046875 0.220703 0.044922 0.218750 0.048828 0.214844
0 0.056641 0.216797 0.056641 0.220703 0.052734 0.220703 0.050781 0.218750 0.054688 0.214844
0 0.072266 0.220703 0.070312 0.222656 0.070312 0.224609 0.068359 0.226562 0.062500 0.226562 0.060547 0.224609 0.060547 0.222656 0.058594 0.220703 0.058594 0.218750 0.060547 0.216797 0.060547 0.214844 0.062500 0.212891 0.068359 0.212891 0.070312 0.214844 0.070312 0.216797 0.072266 0.218750
0 0.085938 0.220703 0.085938 0.224609 0.082031 0.224609 0.080078 0.222656 0.083984 0.218750
0 0.046875 0.224609 0.046875 0.228516 0.042969 0.228516 0.041016 0.226562 0.044922 0.222656
0 0.007812 0.230469 0.003906 0.230469 0.001953 0.228516 0.001953 0.226562 0.003906 0.224609 0.007812 0.226562
0 0.052734 0.230469 0.052734 0.234375 0.048828 0.234375 0.046875 0.232422 0.050781 0.228516
0 0.085938 0.238281 0.083984 0.238281 0.082031 0.240234 0.078125 0.240234 0.076172 0.238281 0.076172 0.232422 0.078125 0.230469 0.082031 0.230469 0.083984 0.232422 0.085938 0.232422
0 0.091797 0.238281 0.091797 0.242188 0.087891 0.242188 0.085938 0.240234 0.089844 0.236328
0 0.320312 0.238281 0.320312 0.242188 0.316406 0.242188 0.314453 0.240234 0.318359 0.236328
0 0.064453 0.244141 0.062500 0.244141 0.060547 0.246094 0.056641 0.246094 0.054688 0.244141 0.054688 0.238281 0.056641 0.236328 0.060547 0.236328 0.062500 0.238281 0.064453 0.238281
0 0.072266 0.240234 0.072266 0.244141 0.068359 0.244141 0.066406 0.242188 0.070312 0.238281
0 0.542969 0.240234 0.542969 0.244141 0.539062 0.244141 0.537109 0.242188 0.541016 0.238281
0 0.046875 0.244141 0.046875 0.248047 0.042969 0.248047 0.041016 0.246094 0.044922 0.242188
0 0.267578 0.248047 0.267578 0.251953 0.263672 0.251953 0.261719 0.250000 0.265625 0.246094
0 0.433594 0.248047 0.433594 0.251953 0.429688 0.251953 0.427734 0.250000 0.431641 0.246094
0 0.058594 0.250000 0.058594 0.253906 0.054688 0.253906 0.052734 0.251953 0.056641 0.248047
0 0.855469 0.250000 0.855469 0.253906 0.851562 0.253906 0.849609 0.251953 0.853516 0.248047
0 0.267578 0.257812 0.267578 0.261719 0.263672 0.261719 0.261719 0.259766 0.265625 0.255859
0 0.048828 0.259766 0.048828 0.263672 0.044922 0.263672 0.042969 0.261719 0.046875 0.257812
0 0.105469 0.259766 0.105469 0.263672 0.101562 0.263672 0.099609 0.261719 0.103516 0.257812
0 0.203125 0.259766 0.203125 0.263672 0.199219 0.263672 0.197266 0.261719 0.201172 0.257812
0 0.443359 0.263672 0.443359 0.267578 0.439453 0.267578 0.437500 0.265625 0.441406 0.261719
0 0.892578 0.265625 0.892578 0.269531 0.888672 0.269531 0.886719 0.267578 0.890625 0.263672
0 0.343750 0.279297 0.343750 0.283203 0.339844 0.283203 0.337891 0.281250 0.341797 0.277344
0 0.470703 0.279297 0.470703 0.283203 0.466797 0.283203 0.464844 0.281250 0.468750 0.277344
0 0.392578 0.281250 0.392578 0.285156 0.388672 0.285156 0.386719 0.283203 0.390625 0.279297
0 0.107422 0.292969 0.107422 0.296875 0.103516 0.296875 0.101562 0.294922 0.105469 0.291016
0 0.378906 0.292969 0.378906 0.296875 0.375000 0.296875 0.373047 0.294922 0.376953 0.291016
0 0.466797 0.292969 0.466797 0.296875 0.462891 0.296875 0.460938 0.294922 0.464844 0.291016
0 0.265625 0.306641 0.265625 0.310547 0.261719 0.310547 0.259766 0.308594 0.263672 0.304688
0 0.361328 0.310547 0.361328 0.314453 0.357422 0.314453 0.355469 0.312500 0.359375 0.308594
0 0.355469 0.316406 0.355469 0.320312 0.351562 0.320312 0.349609 0.318359 0.353516 0.314453
0 0.320312 0.328125 0.318359 0.328125 0.316406 0.330078 0.312500 0.330078 0.310547 0.328125 0.310547 0.322266 0.312500 0.320312 0.316406 0.320312 0.318359 0.322266 0.320312 0.322266
0 0.328125 0.326172 0.328125 0.330078 0.324219 0.330078 0.322266 0.328125 0.326172 0.324219
0 0.105469 0.330078 0.105469 0.333984 0.101562 0.333984 0.099609 0.332031 0.103516 0.328125
0 0.250000 0.330078 0.250000 0.333984 0.246094 0.333984 0.244141 0.332031 0.248047 0.328125
0 0.546875 0.333984 0.546875 0.337891 0.542969 0.337891 0.541016 0.335938 0.544922 0.332031
0 0.099609 0.335938 0.099609 0.339844 0.095703 0.339844 0.093750 0.337891 0.097656 0.333984
0 0.449219 0.339844 0.449219 0.343750 0.445312 0.343750 0.443359 0.341797 0.447266 0.337891
0 0.535156 0.339844 0.535156 0.343750 0.531250 0.343750 0.529297 0.341797 0.533203 0.337891
0 0.156250 0.351562 0.156250 0.355469 0.152344 0.355469 0.150391 0.353516 0.154297 0.349609
0 0.111328 0.355469 0.111328 0.359375 0.107422 0.359375 0.105469 0.357422 0.109375 0.353516
0 0.066406 0.363281 0.066406 0.367188 0.062500 0.367188 0.060547 0.365234 0.064453 0.361328
0 0.957031 0.363281 0.957031 0.367188 0.953125 0.367188 0.951172 0.365234 0.955078 0.361328
0 0.349609 0.367188 0.349609 0.371094 0.345703 0.371094 0.343750 0.369141 0.347656 0.365234
0 0.244141 0.373047 0.244141 0.376953 0.240234 0.376953 0.238281 0.375000 0.242188 0.371094
0 0.486328 0.373047 0.486328 0.376953 0.482422 0.376953 0.480469 0.375000 0.484375 0.371094
0 0.441406 0.375000 0.441406 0.378906 0.437500 0.378906 0.435547 0.376953 0.439453 0.373047
0 0.451172 0.376953 0.451172 0.380859 0.447266 0.380859 0.445312 0.378906 0.449219 0.375000
0 0.476562 0.376953 0.476562 0.380859 0.472656 0.380859 0.470703 0.378906 0.474609 0.375000
0 0.400391 0.378906 0.400391 0.382812 0.396484 0.382812 0.394531 0.380859 0.398438 0.376953
0 0.894531 0.382812 0.894531 0.386719 0.890625 0.386719 0.888672 0.384766 0.892578 0.380859
0 0.357422 0.388672 0.355469 0.388672 0.353516 0.390625 0.349609 0.390625 0.347656 0.388672 0.347656 0.382812 0.349609 0.380859 0.353516 0.380859 0.355469 0.382812 0.357422 0.382812
0 0.072266 0.386719 0.072266 0.390625 0.068359 0.390625 0.066406 0.388672 0.070312 0.384766
0 0.439453 0.386719 0.439453 0.390625 0.435547 0.390625 0.433594 0.388672 0.437500 0.384766
0 0.431641 0.388672 0.431641 0.392578 0.427734 0.392578 0.425781 0.390625 0.429688 0.386719
0 0.097656 0.390625 0.097656 0.394531 0.093750 0.394531 0.091797 0.392578 0.095703 0.388672
0 0.933594 0.390625 0.933594 0.394531 0.929688 0.394531 0.927734 0.392578 0.931641 0.388672
0 0.398438 0.394531 0.398438 0.398438 0.394531 0.398438 0.392578 0.396484 0.396484 0.392578
0 0.802734 0.394531 0.802734 0.398438 0.798828 0.398438 0.796875 0.396484 0.800781 0.392578
0 0.076172 0.398438 0.076172 0.402344 0.072266 0.402344 0.070312 0.400391 0.074219 0.396484
0 0.818359 0.400391 0.818359 0.404297 0.814453 0.404297 0.812500 0.402344 0.816406 0.398438
0 0.330078 0.402344 0.330078 0.406250 0.326172 0.406250 0.324219 0.404297 0.328125 0.400391
0 0.980469 0.412109 0.980469 0.416016 0.976562 0.416016 0.974609 0.414062 0.978516 0.410156
0 0.716797 0.414062 0.716797 0.417969 0.712891 0.417969 0.710938 0.416016 0.714844 0.412109
0 0.154297 0.417969 0.154297 0.421875 0.150391 0.421875 0.148438 0.419922 0.152344 0.416016
0 0.343750 0.417969 0.343750 0.421875 0.339844 0.421875 0.337891 0.419922 0.341797 0.416016
0 0.394531 0.419922 0.394531 0.423828 0.390625 0.423828 0.388672 0.421875 0.392578 0.417969
0 0.755859 0.421875 0.755859 0.425781 0.751953 0.425781 0.750000 0.423828 0.753906 0.419922
0 0.265625 0.423828 0.265625 0.427734 0.261719 0.427734 0.259766 0.425781 0.263672 0.421875
0 0.062500 0.425781 0.062500 0.429688 0.058594 0.429688 0.056641 0.427734 0.060547 0.423828
0 0.158203 0.425781 0.158203 0.429688 0.154297 0.429688 0.152344 0.427734 0.156250 0.423828
0 0.322266 0.433594 0.322266 0.437500 0.318359 0.437500 0.316406 0.435547 0.320312 0.431641
0 0.462891 0.433594 0.462891 0.437500 0.458984 0.437500 0.457031 0.435547 0.460938 0.431641
0 0.863281 0.433594 0.863281 0.437500 0.859375 0.437500 0.857422 0.435547 0.861328 0.431641
0 0.136719 0.437500 0.136719 0.441406 0.132812 0.441406 0.130859 0.439453 0.134766 0.435547
0 0.726562 0.439453 0.726562 0.443359 0.722656 0.443359 0.720703 0.441406 0.724609 0.437500
0 0.443359 0.443359 0.443359 0.447266 0.439453 0.447266 0.437500 0.445312 0.441406 0.441406
0 0.496094 0.445312 0.496094 0.449219 0.492188 0.449219 0.490234 0.447266 0.494141 0.443359
0 0.406250 0.447266 0.406250 0.451172 0.402344 0.451172 0.400391 0.449219 0.404297 0.445312
0 0.224609 0.449219 0.224609 0.453125 0.220703 0.453125 0.218750 0.451172 0.222656 0.447266
0 0.058594 0.451172 0.058594 0.455078 0.054688 0.455078 0.052734 0.453125 0.056641 0.449219
0 0.207031 0.451172 0.207031 0.455078 0.203125 0.455078 0.201172 0.453125 0.205078 0.449219
0 0.287109 0.451172 0.287109 0.455078 0.283203 0.455078 0.281250 0.453125 0.285156 0.449219
0 0.097656 0.453125 0.097656 0.457031 0.093750 0.457031 0.091797 0.455078 0.095703 0.451172
0 0.359375 0.453125 0.359375 0.457031 0.355469 0.457031 0.353516 0.455078 0.357422 0.451172
0 0.681641 0.453125 0.681641 0.457031 0.677734 0.457031 0.675781 0.455078 0.679688 0.451172
0 0.994141 0.455078 0.994141 0.458984 0.990234 0.458984 0.988281 0.457031 0.992188 0.453125
0 0.175781 0.457031 0.175781 0.460938 0.171875 0.460938 0.169922 0.458984 0.173828 0.455078
0 0.205078 0.466797 0.205078 0.470703 0.201172 0.470703 0.199219 0.468750 0.203125 0.464844
0 0.375000 0.468750 0.375000 0.472656 0.371094 0.472656 0.369141 0.470703 0.373047 0.466797
0 0.494141 0.472656 0.494141 0.476562 0.490234 0.476562 0.488281 0.474609 0.492188 0.470703
0 0.296875 0.478516 0.296875 0.482422 0.292969 0.482422 0.291016 0.480469 0.294922 0.476562
0 0.576172 0.478516 0.576172 0.482422 0.572266 0.482422 0.570312 0.480469 0.574219 0.476562
0 0.183594 0.480469 0.183594 0.484375 0.179688 0.484375 0.177734 0.482422 0.181641 0.478516
0 0.265625 0.480469 0.265625 0.484375 0.261719 0.484375 0.259766 0.482422 0.263672 0.478516
0 0.322266 0.480469 0.322266 0.484375 0.318359 0.484375 0.316406 0.482422 0.320312 0.478516
0 0.585938 0.480469 0.585938 0.484375 0.582031 0.484375 0.580078 0.482422 0.583984 0.478516
0 0.193359 0.482422 0.193359 0.486328 0.189453 0.486328 0.187500 0.484375 0.191406 0.480469
0 0.482422 0.494141 0.482422 0.498047 0.478516 0.498047 0.476562 0.496094 0.480469 0.492188
0 0.552734 0.494141 0.552734 0.498047 0.548828 0.498047 0.546875 0.496094 0.550781 0.492188
0 0.361328 0.496094 0.361328 0.500000 0.357422 0.500000 0.355469 0.498047 0.359375 0.494141
0 0.390625 0.498047 0.390625 0.501953 0.386719 0.501953 0.384766 0.500000 0.388672 0.496094
0 0.250000 0.501953 0.250000 0.505859 0.246094 0.505859 0.244141 0.503906 0.248047 0.500000
0 0.285156 0.501953 0.285156 0.505859 0.281250 0.505859 0.279297 0.503906 0.283203 0.500000
0 0.609375 0.505859 0.609375 0.509766 0.605469 0.509766 0.603516 0.507812 0.607422 0.503906
0 0.785156 0.507812 0.785156 0.511719 0.781250 0.511719 0.779297 0.509766 0.783203 0.505859
0 0.269531 0.511719 0.269531 0.515625 0.265625 0.515625 0.263672 0.513672 0.267578 0.509766
0 0.355469 0.511719 0.355469 0.515625 0.351562 0.515625 0.349609 0.513672 0.353516 0.509766
0 0.447266 0.515625 0.447266 0.519531 0.443359 0.519531 0.441406 0.517578 0.445312 0.513672
0 0.550781 0.527344 0.550781 0.531250 0.546875 0.531250 0.544922 0.529297 0.548828 0.525391
0 0.580078 0.527344 0.580078 0.531250 0.576172 0.531250 0.574219 0.529297 0.578125 0.525391
0 0.572266 0.529297 0.572266 0.533203 0.568359 0.533203 0.566406 0.531250 0.570312 0.527344
0 0.822266 0.529297 0.822266 0.533203 0.818359 0.533203 0.816406 0.531250 0.820312 0.527344
0 0.628906 0.533203 0.628906 0.537109 0.625000 0.537109 0.623047 0.535156 0.626953 0.531250
0 0.447266 0.535156 0.447266 0.539062 0.443359 0.539062 0.441406 0.537109 0.445312 0.533203
0 0.814453 0.537109 0.814453 0.541016 0.810547 0.541016 0.808594 0.539062 0.812500 0.535156
0 0.410156 0.542969 0.410156 0.546875 0.406250 0.546875 0.404297 0.544922 0.408203 0.541016
0 0.677734 0.542969 0.677734 0.546875 0.673828 0.546875 0.671875 0.544922 0.675781 0.541016
0 0.486328 0.544922 0.486328 0.548828 0.482422 0.548828 0.480469 0.546875 0.484375 0.542969
0 0.503906 0.546875 0.503906 0.550781 0.500000 0.550781 0.498047 0.548828 0.501953 0.544922
0 0.566406 0.550781 0.566406 0.554688 0.562500 0.554688 0.560547 0.552734 0.564453 0.548828
0 0.406250 0.552734 0.406250 0.556641 0.402344 0.556641 0.400391 0.554688 0.404297 0.550781
0 0.421875 0.552734 0.421875 0.556641 0.417969 0.556641 0.416016 0.554688 0.419922 0.550781
0 0.679688 0.552734 0.679688 0.556641 0.675781 0.556641 0.673828 0.554688 0.677734 0.550781
0 0.882812 0.560547 0.880859 0.560547 0.878906 0.562500 0.875000 0.562500 0.873047 0.560547 0.873047 0.554688 0.875000 0.552734 0.878906 0.552734 0.880859 0.554688 0.882812 0.554688
0 0.468750 0.570312 0.468750 0.574219 0.464844 0.574219 0.462891 0.572266 0.466797 0.568359
0 0.011719 0.574219 0.011719 0.578125 0.007812 0.578125 0.005859 0.576172 0.009766 0.572266
0 0.431641 0.574219 0.431641 0.578125 0.427734 0.578125 0.425781 0.576172 0.429688 0.572266
0 0.898438 0.574219 0.898438 0.578125 0.894531 0.578125 0.892578 0.576172 0.896484 0.572266
0 0.503906 0.578125 0.503906 0.582031 0.500000 0.582031 0.498047 0.580078 0.501953 0.576172
0 0.017578 0.589844 0.017578 0.593750 0.013672 0.593750 0.011719 0.591797 0.015625 0.587891
0 0.851562 0.589844 0.851562 0.593750 0.847656 0.593750 0.845703 0.591797 0.849609 0.587891
0 0.468750 0.595703 0.468750 0.599609 0.464844 0.599609 0.462891 0.597656 0.466797 0.593750
0 0.546875 0.599609 0.546875 0.603516 0.542969 0.603516 0.541016 0.601562 0.544922 0.597656
0 0.851562 0.605469 0.851562 0.609375 0.847656 0.609375 0.845703 0.607422 0.849609 0.603516
0 0.550781 0.607422 0.550781 0.611328 0.546875 0.611328 0.544922 0.609375 0.548828 0.605469
0 0.640625 0.607422 0.640625 0.611328 0.636719 0.611328 0.634766 0.609375 0.638672 0.605469
0 0.640625 0.617188 0.640625 0.621094 0.636719 0.621094 0.634766 0.619141 0.638672 0.615234
0 0.558594 0.619141 0.558594 0.623047 0.554688 0.623047 0.552734 0.621094 0.556641 0.617188
0 0.107422 0.621094 0.107422 0.625000 0.103516 0.625000 0.101562 0.623047 0.105469 0.619141
0 0.634766 0.630859 0.634766 0.634766 0.630859 0.634766 0.628906 0.632812 0.632812 0.628906
0 0.441406 0.644531 0.441406 0.648438 0.437500 0.648438 0.435547 0.646484 0.439453 0.642578
0 0.433594 0.648438 0.433594 0.652344 0.429688 0.652344 0.427734 0.650391 0.431641 0.646484
0 0.683594 0.654297 0.683594 0.658203 0.679688 0.658203 0.677734 0.656250 0.681641 0.652344
0 0.921875 0.654297 0.921875 0.658203 0.917969 0.658203 0.916016 0.656250 0.919922 0.652344
0 0.736328 0.656250 0.736328 0.660156 0.732422 0.660156 0.730469 0.658203 0.734375 0.654297
0 0.562500 0.660156 0.562500 0.664062 0.558594 0.664062 0.556641 0.662109 0.560547 0.658203
0 0.574219 0.664062 0.574219 0.667969 0.570312 0.667969 0.568359 0.666016 0.572266 0.662109
0 0.416016 0.667969 0.416016 0.671875 0.412109 0.671875 0.410156 0.669922 0.414062 0.666016
0 0.453125 0.667969 0.453125 0.671875 0.449219 0.671875 0.447266 0.669922 0.451172 0.666016
0 0.533203 0.667969 0.533203 0.671875 0.529297 0.671875 0.527344 0.669922 0.531250 0.666016
0 0.941406 0.667969 0.941406 0.671875 0.937500 0.671875 0.935547 0.669922 0.939453 0.666016
0 0.169922 0.669922 0.169922 0.673828 0.166016 0.673828 0.164062 0.671875 0.167969 0.667969
0 0.460938 0.669922 0.460938 0.673828 0.457031 0.673828 0.455078 0.671875 0.458984 0.667969
0 0.736328 0.669922 0.736328 0.673828 0.732422 0.673828 0.730469 0.671875 0.734375 0.667969
0 0.734375 0.679688 0.734375 0.683594 0.730469 0.683594 0.728516 0.681641 0.732422 0.677734
0 0.412109 0.683594 0.412109 0.687500 0.408203 0.687500 0.406250 0.685547 0.410156 0.681641
0 0.404297 0.685547 0.404297 0.689453 0.400391 0.689453 0.398438 0.687500 0.402344 0.683594
0 0.974609 0.685547 0.974609 0.689453 0.970703 0.689453 0.968750 0.687500 0.972656 0.683594
0 0.513672 0.687500 0.513672 0.691406 0.509766 0.691406 0.507812 0.689453 0.511719 0.685547
0 0.505859 0.689453 0.505859 0.693359 0.501953 0.693359 0.500000 0.691406 0.503906 0.687500
0 0.480469 0.695312 0.480469 0.699219 0.476562 0.699219 0.474609 0.697266 0.478516 0.693359
0 0.546875 0.697266 0.546875 0.701172 0.542969 0.701172 0.541016 0.699219 0.544922 0.695312
0 0.984375 0.699219 0.984375 0.703125 0.980469 0.703125 0.978516 0.701172 0.982422 0.697266
0 0.826172 0.701172 0.826172 0.705078 0.822266 0.705078 0.820312 0.703125 0.824219 0.699219
0 0.968750 0.701172 0.968750 0.705078 0.964844 0.705078 0.962891 0.703125 0.966797 0.699219
0 0.642578 0.703125 0.642578 0.707031 0.638672 0.707031 0.636719 0.705078 0.640625 0.701172
0 0.816406 0.703125 0.816406 0.707031 0.812500 0.707031 0.810547 0.705078 0.814453 0.701172
0 0.130859 0.705078 0.130859 0.708984 0.126953 0.708984 0.125000 0.707031 0.128906 0.703125
0 0.710938 0.708984 0.708984 0.708984 0.707031 0.710938 0.703125 0.710938 0.701172 0.708984 0.701172 0.703125 0.703125 0.701172 0.707031 0.701172 0.708984 0.703125 0.710938 0.703125
0 0.751953 0.705078 0.751953 0.708984 0.748047 0.708984 0.746094 0.707031 0.750000 0.703125
0 0.517578 0.707031 0.517578 0.710938 0.513672 0.710938 0.511719 0.708984 0.515625 0.705078
0 0.500000 0.708984 0.500000 0.712891 0.496094 0.712891 0.494141 0.710938 0.498047 0.707031
0 0.751953 0.710938 0.751953 0.714844 0.748047 0.714844 0.746094 0.712891 0.750000 0.708984
0 0.402344 0.714844 0.402344 0.718750 0.398438 0.718750 0.396484 0.716797 0.400391 0.712891
0 0.669922 0.718750 0.669922 0.722656 0.666016 0.722656 0.664062 0.720703 0.667969 0.716797
0 0.148438 0.728516 0.146484 0.728516 0.144531 0.730469 0.140625 0.730469 0.138672 0.728516 0.138672 0.722656 0.140625 0.720703 0.144531 0.720703 0.146484 0.722656 0.148438 0.722656
0 0.896484 0.724609 0.896484 0.728516 0.892578 0.728516 0.890625 0.726562 0.894531 0.722656
0 0.882812 0.726562 0.882812 0.730469 0.878906 0.730469 0.876953 0.728516 0.880859 0.724609
0 0.541016 0.728516 0.541016 0.732422 0.537109 0.732422 0.535156 0.730469 0.539062 0.726562
0 0.566406 0.728516 0.566406 0.732422 0.562500 0.732422 0.560547 0.730469 0.564453 0.726562
0 0.826172 0.730469 0.826172 0.734375 0.822266 0.734375 0.820312 0.732422 0.824219 0.728516
0 0.968750 0.736328 0.968750 0.740234 0.964844 0.740234 0.962891 0.738281 0.966797 0.734375
0 0.404297 0.742188 0.404297 0.746094 0.400391 0.746094 0.398438 0.744141 0.402344 0.740234
0 0.750000 0.742188 0.750000 0.746094 0.746094 0.746094 0.744141 0.744141 0.748047 0.740234
0 0.728516 0.746094 0.728516 0.750000 0.724609 0.750000 0.722656 0.748047 0.726562 0.744141
0 0.886719 0.746094 0.886719 0.750000 0.882812 0.750000 0.880859 0.748047 0.884766 0.744141
0 0.541016 0.748047 0.541016 0.751953 0.537109 0.751953 0.535156 0.750000 0.539062 0.746094
0 0.574219 0.748047 0.574219 0.751953 0.570312 0.751953 0.568359 0.750000 0.572266 0.746094
0 0.925781 0.750000 0.925781 0.753906 0.921875 0.753906 0.919922 0.751953 0.923828 0.748047
0 0.511719 0.753906 0.511719 0.757812 0.507812 0.757812 0.505859 0.755859 0.509766 0.751953
0 0.798828 0.761719 0.798828 0.765625 0.794922 0.765625 0.792969 0.763672 0.796875 0.759766
0 0.121094 0.763672 0.121094 0.767578 0.117188 0.767578 0.115234 0.765625 0.119141 0.761719
0 0.578125 0.763672 0.578125 0.767578 0.574219 0.767578 0.572266 0.765625 0.576172 0.761719
0 0.830078 0.765625 0.830078 0.769531 0.826172 0.769531 0.824219 0.767578 0.828125 0.763672
0 0.111328 0.767578 0.111328 0.771484 0.107422 0.771484 0.105469 0.769531 0.109375 0.765625
0 0.505859 0.769531 0.505859 0.773438 0.501953 0.773438 0.500000 0.771484 0.503906 0.767578
0 0.408203 0.771484 0.408203 0.775391 0.404297 0.775391 0.402344 0.773438 0.406250 0.769531
0 0.519531 0.775391 0.517578 0.775391 0.515625 0.777344 0.511719 0.777344 0.509766 0.775391 0.509766 0.769531 0.511719 0.767578 0.515625 0.767578 0.517578 0.769531 0.519531 0.769531
0 0.095703 0.777344 0.095703 0.781250 0.091797 0.781250 0.089844 0.779297 0.093750 0.775391
0 0.625000 0.777344 0.625000 0.781250 0.621094 0.781250 0.619141 0.779297 0.623047 0.775391
0 0.658203 0.779297 0.658203 0.783203 0.654297 0.783203 0.652344 0.781250 0.656250 0.777344
0 0.671875 0.783203 0.669922 0.785156 0.669922 0.787109 0.667969 0.789062 0.662109 0.789062 0.660156 0.787109 0.660156 0.785156 0.658203 0.783203 0.658203 0.781250 0.660156 0.779297 0.660156 0.777344 0.662109 0.775391 0.667969 0.775391 0.669922 0.777344 0.669922 0.779297 0.671875 0.781250
0 0.929688 0.781250 0.929688 0.785156 0.925781 0.785156 0.923828 0.783203 0.927734 0.779297
0 0.818359 0.783203 0.818359 0.787109 0.814453 0.787109 0.812500 0.785156 0.816406 0.781250
0 0.546875 0.787109 0.546875 0.791016 0.542969 0.791016 0.541016 0.789062 0.544922 0.785156
0 0.095703 0.789062 0.095703 0.792969 0.091797 0.792969 0.089844 0.791016 0.093750 0.787109
0 0.455078 0.789062 0.455078 0.792969 0.451172 0.792969 0.449219 0.791016 0.453125 0.787109
0 0.578125 0.791016 0.578125 0.794922 0.574219 0.794922 0.572266 0.792969 0.576172 0.789062
0 0.427734 0.792969 0.427734 0.796875 0.423828 0.796875 0.421875 0.794922 0.425781 0.791016
0 0.845703 0.796875 0.845703 0.800781 0.841797 0.800781 0.839844 0.798828 0.843750 0.794922
0 0.486328 0.800781 0.486328 0.804688 0.482422 0.804688 0.480469 0.802734 0.484375 0.798828
0 0.486328 0.806641 0.486328 0.810547 0.482422 0.810547 0.480469 0.808594 0.484375 0.804688
0 0.804688 0.810547 0.804688 0.814453 0.800781 0.814453 0.798828 0.812500 0.802734 0.808594
0 0.449219 0.812500 0.449219 0.816406 0.445312 0.816406 0.443359 0.814453 0.447266 0.810547
0 0.455078 0.812500 0.455078 0.816406 0.451172 0.816406 0.449219 0.814453 0.453125 0.810547
0 0.927734 0.814453 0.927734 0.818359 0.923828 0.818359 0.921875 0.816406 0.925781 0.812500
0 0.359375 0.820312 0.359375 0.824219 0.355469 0.824219 0.353516 0.822266 0.357422 0.818359
0 0.433594 0.820312 0.433594 0.824219 0.429688 0.824219 0.427734 0.822266 0.431641 0.818359
0 0.519531 0.820312 0.519531 0.824219 0.515625 0.824219 0.513672 0.822266 0.517578 0.818359
0 0.833984 0.820312 0.833984 0.824219 0.830078 0.824219 0.828125 0.822266 0.832031 0.818359
0 0.843750 0.820312 0.843750 0.824219 0.839844 0.824219 0.837891 0.822266 0.841797 0.818359
0 0.525391 0.822266 0.525391 0.826172 0.521484 0.826172 0.519531 0.824219 0.523438 0.820312
0 0.376953 0.824219 0.376953 0.828125 0.373047 0.828125 0.371094 0.826172 0.375000 0.822266
0 0.402344 0.826172 0.402344 0.830078 0.398438 0.830078 0.396484 0.828125 0.400391 0.824219
0 0.458984 0.828125 0.458984 0.832031 0.455078 0.832031 0.453125 0.830078 0.457031 0.826172
0 0.611328 0.833984 0.609375 0.833984 0.607422 0.835938 0.603516 0.835938 0.601562 0.833984 0.601562 0.828125 0.603516 0.826172 0.607422 0.826172 0.609375 0.828125 0.611328 0.828125
0 0.402344 0.837891 0.402344 0.841797 0.398438 0.841797 0.396484 0.839844 0.400391 0.835938
0 0.181641 0.839844 0.181641 0.843750 0.177734 0.843750 0.175781 0.841797 0.179688 0.837891
0 0.435547 0.839844 0.435547 0.843750 0.431641 0.843750 0.429688 0.841797 0.433594 0.837891
0 0.718750 0.839844 0.718750 0.843750 0.714844 0.843750 0.712891 0.841797 0.716797 0.837891
0 0.726562 0.839844 0.726562 0.843750 0.722656 0.843750 0.720703 0.841797 0.724609 0.837891
0 0.968750 0.839844 0.968750 0.843750 0.964844 0.843750 0.962891 0.841797 0.966797 0.837891
0 0.677734 0.841797 0.677734 0.845703 0.673828 0.845703 0.671875 0.843750 0.675781 0.839844
0 0.695312 0.841797 0.695312 0.845703 0.691406 0.845703 0.689453 0.843750 0.693359 0.839844
0 0.798828 0.841797 0.798828 0.845703 0.794922 0.845703 0.792969 0.843750 0.796875 0.839844
0 0.828125 0.841797 0.828125 0.845703 0.824219 0.845703 0.822266 0.843750 0.826172 0.839844
0 0.556641 0.847656 0.556641 0.851562 0.552734 0.851562 0.550781 0.849609 0.554688 0.845703
0 0.906250 0.853516 0.906250 0.857422 0.902344 0.857422 0.900391 0.855469 0.904297 0.851562
0 0.722656 0.855469 0.722656 0.859375 0.718750 0.859375 0.716797 0.857422 0.720703 0.853516
0 0.501953 0.857422 0.501953 0.861328 0.498047 0.861328 0.496094 0.859375 0.500000 0.855469
0 0.800781 0.857422 0.800781 0.861328 0.796875 0.861328 0.794922 0.859375 0.798828 0.855469
0 0.951172 0.859375 0.951172 0.863281 0.947266 0.863281 0.945312 0.861328 0.949219 0.857422
0 0.937500 0.861328 0.937500 0.865234 0.933594 0.865234 0.931641 0.863281 0.935547 0.859375
0 0.718750 0.871094 0.718750 0.875000 0.714844 0.875000 0.712891 0.873047 0.716797 0.869141
0 0.728516 0.871094 0.728516 0.875000 0.724609 0.875000 0.722656 0.873047 0.726562 0.869141
0 0.488281 0.873047 0.488281 0.876953 0.484375 0.876953 0.482422 0.875000 0.486328 0.871094
0 0.595703 0.876953 0.593750 0.876953 0.591797 0.878906 0.587891 0.878906 0.585938 0.876953 0.585938 0.871094 0.587891 0.869141 0.591797 0.869141 0.593750 0.871094 0.595703 0.871094
0 0.634766 0.873047 0.634766 0.876953 0.630859 0.876953 0.628906 0.875000 0.632812 0.871094
0 0.652344 0.873047 0.652344 0.876953 0.648438 0.876953 0.646484 0.875000 0.650391 0.871094
0 0.703125 0.873047 0.703125 0.876953 0.699219 0.876953 0.697266 0.875000 0.701172 0.871094
0 0.701172 0.884766 0.701172 0.888672 0.697266 0.888672 0.695312 0.886719 0.699219 0.882812
0 0.734375 0.886719 0.734375 0.890625 0.730469 0.890625 0.728516 0.888672 0.732422 0.884766
0 0.443359 0.888672 0.443359 0.892578 0.439453 0.892578 0.437500 0.890625 0.441406 0.886719
0 0.462891 0.888672 0.462891 0.892578 0.458984 0.892578 0.457031 0.890625 0.460938 0.886719
0 0.675781 0.888672 0.675781 0.892578 0.671875 0.892578 0.669922 0.890625 0.673828 0.886719
0 0.791016 0.888672 0.791016 0.892578 0.787109 0.892578 0.785156 0.890625 0.789062 0.886719
0 0.912109 0.888672 0.912109 0.892578 0.908203 0.892578 0.906250 0.890625 0.910156 0.886719
0 0.736328 0.892578 0.736328 0.896484 0.732422 0.896484 0.730469 0.894531 0.734375 0.890625
0 0.773438 0.892578 0.773438 0.896484 0.769531 0.896484 0.767578 0.894531 0.771484 0.890625
0 0.462891 0.898438 0.462891 0.902344 0.458984 0.902344 0.457031 0.900391 0.460938 0.896484
0 0.669922 0.898438 0.669922 0.902344 0.666016 0.902344 0.664062 0.900391 0.667969 0.896484
0 0.814453 0.898438 0.814453 0.902344 0.810547 0.902344 0.808594 0.900391 0.812500 0.896484
0 0.875000 0.898438 0.875000 0.902344 0.871094 0.902344 0.869141 0.900391 0.873047 0.896484
0 0.447266 0.900391 0.447266 0.904297 0.443359 0.904297 0.441406 0.902344 0.445312 0.898438
0 0.453125 0.902344 0.453125 0.906250 0.449219 0.906250 0.447266 0.904297 0.451172 0.900391
0 0.568359 0.902344 0.568359 0.906250 0.564453 0.906250 0.562500 0.904297 0.566406 0.900391
0 0.738281 0.902344 0.738281 0.906250 0.734375 0.906250 0.732422 0.904297 0.736328 0.900391
0 0.857422 0.902344 0.857422 0.906250 0.853516 0.906250 0.851562 0.904297 0.855469 0.900391
0 0.947266 0.902344 0.947266 0.906250 0.943359 0.906250 0.941406 0.904297 0.945312 0.900391
0 0.687500 0.904297 0.687500 0.908203 0.683594 0.908203 0.681641 0.906250 0.685547 0.902344
0 0.541016 0.906250 0.541016 0.910156 0.537109 0.910156 0.535156 0.908203 0.539062 0.904297
0 0.576172 0.906250 0.576172 0.910156 0.572266 0.910156 0.570312 0.908203 0.574219 0.904297
0 0.767578 0.906250 0.767578 0.910156 0.763672 0.910156 0.761719 0.908203 0.765625 0.904297
0 0.423828 0.908203 0.423828 0.912109 0.419922 0.912109 0.417969 0.910156 0.421875 0.906250
0 0.550781 0.908203 0.550781 0.912109 0.546875 0.912109 0.544922 0.910156 0.548828 0.906250
0 0.595703 0.910156 0.595703 0.914062 0.591797 0.914062 0.589844 0.912109 0.593750 0.908203
0 0.742188 0.917969 0.740234 0.919922 0.740234 0.921875 0.738281 0.923828 0.732422 0.923828 0.730469 0.921875 0.730469 0.919922 0.728516 0.917969 0.728516 0.916016 0.730469 0.914062 0.730469 0.912109 0.732422 0.910156 0.738281 0.910156 0.740234 0.912109 0.740234 0.914062 0.742188 0.916016
0 0.375000 0.919922 0.375000 0.923828 0.371094 0.923828 0.369141 0.921875 0.373047 0.917969
0 0.597656 0.919922 0.597656 0.923828 0.593750 0.923828 0.591797 0.921875 0.595703 0.917969
0 0.861328 0.921875 0.861328 0.925781 0.857422 0.925781 0.855469 0.923828 0.859375 0.919922
0 0.500000 0.927734 0.500000 0.931641 0.496094 0.931641 0.494141 0.929688 0.498047 0.925781
0 0.496094 0.933594 0.496094 0.937500 0.492188 0.937500 0.490234 0.935547 0.494141 0.931641
0 0.869141 0.933594 0.869141 0.937500 0.865234 0.937500 0.863281 0.935547 0.867188 0.931641
0 0.427734 0.935547 0.427734 0.939453 0.423828 0.939453 0.421875 0.937500 0.425781 0.933594
0 0.580078 0.935547 0.580078 0.939453 0.576172 0.939453 0.574219 0.937500 0.578125 0.933594
0 0.781250 0.935547 0.781250 0.939453 0.777344 0.939453 0.775391 0.937500 0.779297 0.933594
0 0.837891 0.935547 0.837891 0.939453 0.833984 0.939453 0.832031 0.937500 0.835938 0.933594
0 0.855469 0.935547 0.855469 0.939453 0.851562 0.939453 0.849609 0.937500 0.853516 0.933594
0 0.298828 0.937500 0.298828 0.941406 0.294922 0.941406 0.292969 0.939453 0.296875 0.935547
0 0.882812 0.941406 0.882812 0.945312 0.878906 0.945312 0.876953 0.943359 0.880859 0.939453
0 0.570312 0.943359 0.570312 0.947266 0.566406 0.947266 0.564453 0.945312 0.568359 0.941406
0 0.751953 0.947266 0.751953 0.951172 0.748047 0.951172 0.746094 0.949219 0.750000 0.945312
0 0.789062 0.949219 0.789062 0.953125 0.785156 0.953125 0.783203 0.951172 0.787109 0.947266
0 0.656250 0.953125 0.656250 0.957031 0.652344 0.957031 0.650391 0.955078 0.654297 0.951172
0 0.869141 0.955078 0.869141 0.958984 0.865234 0.958984 0.863281 0.957031 0.867188 0.953125
0 0.892578 0.957031 0.892578 0.960938 0.888672 0.960938 0.886719 0.958984 0.890625 0.955078
0 0.523438 0.960938 0.523438 0.964844 0.519531 0.964844 0.517578 0.962891 0.521484 0.958984
0 0.251953 0.962891 0.251953 0.966797 0.248047 0.966797 0.246094 0.964844 0.250000 0.960938
0 0.822266 0.962891 0.822266 0.966797 0.818359 0.966797 0.816406 0.964844 0.820312 0.960938
0 0.521484 0.970703 0.521484 0.974609 0.517578 0.974609 0.515625 0.972656 0.519531 0.968750
0 0.769531 0.976562 0.769531 0.980469 0.765625 0.980469 0.763672 0.978516 0.767578 0.974609
0 0.531250 0.982422 0.531250 0.986328 0.527344 0.986328 0.525391 0.984375 0.529297 0.980469
0 0.621094 0.984375 0.621094 0.988281 0.617188 0.988281 0.615234 0.986328 0.619141 0.982422
0 0.685547 0.986328 0.685547 0.990234 0.681641 0.990234 0.679688 0.988281 0.683594 0.984375
0 0.607422 0.988281 0.607422 0.992188 0.603516 0.992188 0.601562 0.990234 0.605469 0.986328
0 0.875000 0.992188 0.875000 0.996094 0.871094 0.996094 0.869141 0.994141 0.873047 0.990234
0 0.583984 0.994141 0.583984 0.998047 0.580078 0.998047 0.578125 0.996094 0.582031 0.992188
0 0.308594 0.998047 0.298828 0.998047 0.298828 0.994141 0.300781 0.992188 0.304688 0.992188 0.306641 0.994141 0.308594 0.994141
0 0.839844 0.998047 0.830078 0.998047 0.830078 0.994141 0.832031 0.992188 0.835938 0.992188 0.837891 0.994141 0.839844 0.994141
0 0.896484 0.996094 0.896484 0.998047 0.890625 0.998047 0.894531 0.994141
