1 0.101562 0.001953 0.103516 0.003906 0.115234 0.003906 0.119141 0.000000 0.101562 0.000000
0 0.482422 0.039062 0.482422 0.041016 0.484375 0.042969 0.486328 0.042969 0.488281 0.041016 0.486328 0.039062
0 0.095703 0.080078 0.095703 0.083984 0.097656 0.083984 0.101562 0.087891 0.103516 0.085938 0.105469 0.085938 0.105469 0.083984 0.101562 0.080078
1 0.048828 0.091797 0.048828 0.093750 0.052734 0.097656 0.052734 0.101562 0.062500 0.101562 0.066406 0.105469 0.066406 0.107422 0.070312 0.111328 0.072266 0.111328 0.076172 0.107422 0.080078 0.107422 0.080078 0.105469 0.078125 0.103516 0.078125 0.101562 0.076172 0.099609 0.070312 0.099609 0.064453 0.093750 0.064453 0.089844 0.062500 0.089844 0.058594 0.085938 0.054688 0.085938
0 0.609375 0.085938 0.605469 0.085938 0.603516 0.087891 0.603516 0.089844 0.605469 0.091797 0.607422 0.091797 0.609375 0.089844
0 0.611328 0.101562 0.609375 0.103516 0.609375 0.105469 0.611328 0.107422 0.615234 0.107422 0.617188 0.105469 0.617188 0.103516 0.615234 0.101562
0 0.736328 0.169922 0.738281 0.171875 0.738281 0.173828 0.740234 0.175781 0.744141 0.175781 0.744141 0.173828 0.746094 0.171875 0.746094 0.169922 0.744141 0.169922 0.742188 0.167969 0.740234 0.167969 0.738281 0.169922
0 0.013672 0.173828 0.009766 0.173828 0.007812 0.175781 0.000000 0.175781 0.000000 0.179688 0.003906 0.183594 0.005859 0.181641 0.007812 0.181641 0.011719 0.177734 0.013672 0.177734 0.011719 0.175781
0 0.314453 0.173828 0.312500 0.171875 0.310547 0.173828 0.310547 0.175781 0.312500 0.175781
1 0.062500 0.179688 0.062500 0.183594 0.060547 0.185547 0.060547 0.187500 0.056641 0.191406 0.056641 0.197266 0.058594 0.195312 0.058594 0.193359 0.060547 0.191406 0.060547 0.187500 0.062500 0.185547 0.062500 0.183594 0.064453 0.181641
0 0.109375 0.185547 0.105469 0.185547 0.105469 0.189453 0.107422 0.191406 0.109375 0.189453
0 0.205078 0.185547 0.199219 0.191406 0.199219 0.199219 0.203125 0.203125 0.205078 0.203125 0.207031 0.205078 0.212891 0.205078 0.218750 0.199219 0.218750 0.193359 0.216797 0.191406 0.216797 0.189453 0.214844 0.189453 0.212891 0.187500 0.207031 0.187500
0 0.048828 0.207031 0.046875 0.208984 0.044922 0.208984 0.042969 0.210938 0.042969 0.216797 0.041016 0.218750 0.039062 0.216797 0.041016 0.218750 0.042969 0.218750 0.044922 0.216797 0.046875 0.218750 0.050781 0.218750 0.048828 0.218750 0.046875 0.216797 0.046875 0.212891 0.048828 0.210938 0.050781 0.212891 0.050781 0.208984
0 0.625000 0.207031 0.623047 0.208984 0.623047 0.210938 0.625000 0.212891 0.626953 0.212891 0.628906 0.210938 0.628906 0.208984 0.626953 0.207031
0 0.771484 0.207031 0.769531 0.208984 0.769531 0.212891 0.771484 0.214844 0.775391 0.214844 0.777344 0.212891 0.777344 0.208984 0.775391 0.207031
0 0.906250 0.263672 0.896484 0.263672 0.894531 0.265625 0.888672 0.267578 0.888672 0.271484 0.886719 0.273438 0.890625 0.277344 0.890625 0.279297 0.896484 0.283203 0.896484 0.285156 0.906250 0.281250 0.910156 0.275391 0.910156 0.271484 0.908203 0.269531
0 0.484375 0.298828 0.484375 0.304688 0.486328 0.306641 0.496094 0.306641 0.500000 0.302734 0.500000 0.300781 0.496094 0.296875 0.486328 0.296875
0 0.558594 0.296875 0.556641 0.298828 0.556641 0.304688 0.558594 0.306641 0.560547 0.306641 0.562500 0.308594 0.564453 0.306641 0.566406 0.306641 0.566406 0.304688 0.568359 0.302734 0.568359 0.300781 0.564453 0.296875
0 0.269531 0.320312 0.267578 0.322266 0.267578 0.328125 0.269531 0.330078 0.271484 0.330078 0.275391 0.326172 0.275391 0.322266 0.273438 0.322266 0.271484 0.320312
0 0.333984 0.335938 0.333984 0.337891 0.332031 0.339844 0.330078 0.339844 0.330078 0.347656 0.332031 0.349609 0.337891 0.349609 0.339844 0.347656 0.339844 0.339844 0.337891 0.337891 0.335938 0.337891
0 0.628906 0.339844 0.625000 0.339844 0.621094 0.343750 0.621094 0.347656 0.623047 0.349609 0.623047 0.351562 0.625000 0.349609 0.628906 0.349609 0.632812 0.345703 0.632812 0.343750
0 0.478516 0.343750 0.474609 0.347656 0.474609 0.353516 0.476562 0.353516 0.478516 0.355469 0.480469 0.355469 0.482422 0.353516 0.484375 0.353516 0.486328 0.351562 0.486328 0.349609 0.482422 0.345703 0.480469 0.345703
0 0.878906 0.345703 0.876953 0.347656 0.878906 0.349609 0.880859 0.347656
0 0.236328 0.353516 0.232422 0.359375 0.232422 0.365234 0.236328 0.369141 0.236328 0.371094 0.244141 0.371094 0.246094 0.369141 0.248047 0.369141 0.251953 0.363281 0.250000 0.361328 0.250000 0.359375 0.244141 0.353516
0 0.492188 0.353516 0.490234 0.355469 0.490234 0.359375 0.492188 0.361328 0.494141 0.361328 0.496094 0.359375 0.496094 0.355469 0.494141 0.353516
0 0.462891 0.369141 0.457031 0.376953 0.458984 0.378906 0.458984 0.382812 0.457031 0.384766 0.457031 0.386719 0.462891 0.394531 0.470703 0.394531 0.476562 0.388672 0.476562 0.386719 0.480469 0.380859 0.480469 0.376953 0.478516 0.375000 0.478516 0.373047 0.476562 0.373047 0.470703 0.369141
0 0.529297 0.369141 0.523438 0.371094 0.519531 0.376953 0.519531 0.388672 0.521484 0.388672 0.523438 0.390625 0.529297 0.390625 0.535156 0.384766 0.535156 0.375000
0 0.576172 0.369141 0.574219 0.371094 0.576172 0.373047 0.578125 0.373047 0.580078 0.371094 0.578125 0.369141
0 0.552734 0.371094 0.550781 0.373047 0.550781 0.375000 0.548828 0.376953 0.548828 0.378906 0.550781 0.380859 0.558594 0.380859 0.560547 0.378906 0.560547 0.373047 0.558594 0.371094
1 0.574219 0.386719 0.572266 0.386719 0.570312 0.388672 0.570312 0.392578 0.562500 0.402344 0.562500 0.406250 0.566406 0.410156 0.572266 0.408203 0.578125 0.402344 0.578125 0.400391 0.576172 0.400391 0.570312 0.396484 0.574219 0.392578
0 0.646484 0.388672 0.642578 0.392578 0.642578 0.396484 0.644531 0.396484 0.646484 0.398438 0.648438 0.398438 0.652344 0.394531 0.650391 0.392578 0.650391 0.390625 0.648438 0.388672
0 0.990234 0.392578 0.990234 0.390625 0.988281 0.388672 0.986328 0.390625 0.984375 0.390625 0.986328 0.392578
0 0.378906 0.394531 0.367188 0.400391 0.369141 0.402344 0.369141 0.408203 0.363281 0.414062 0.365234 0.417969 0.376953 0.423828 0.382812 0.423828 0.388672 0.416016 0.388672 0.400391 0.384766 0.396484
1 0.310547 0.398438 0.312500 0.398438 0.314453 0.400391 0.318359 0.400391 0.320312 0.398438
0 0.726562 0.410156 0.726562 0.414062 0.724609 0.416016 0.730469 0.421875 0.732422 0.421875 0.734375 0.419922 0.738281 0.419922 0.738281 0.417969 0.740234 0.416016 0.740234 0.414062 0.736328 0.410156 0.734375 0.410156 0.732422 0.408203 0.730469 0.408203 0.728516 0.410156
0 0.427734 0.421875 0.423828 0.421875 0.419922 0.425781 0.417969 0.425781 0.417969 0.431641 0.419922 0.433594 0.419922 0.435547 0.425781 0.435547 0.427734 0.433594 0.427734 0.431641 0.431641 0.427734 0.429688 0.425781 0.429688 0.423828
0 0.558594 0.421875 0.556641 0.421875 0.554688 0.423828 0.554688 0.425781 0.550781 0.429688 0.550781 0.431641 0.552734 0.433594 0.554688 0.433594 0.560547 0.427734 0.560547 0.423828
0 0.583984 0.425781 0.582031 0.427734 0.580078 0.427734 0.578125 0.429688 0.578125 0.435547 0.582031 0.439453 0.587891 0.439453 0.591797 0.435547 0.591797 0.429688 0.589844 0.427734 0.587891 0.427734 0.585938 0.425781
1 0.238281 0.453125 0.236328 0.453125 0.232422 0.457031 0.232422 0.458984 0.230469 0.460938 0.232422 0.462891 0.234375 0.462891 0.236328 0.460938 0.236328 0.458984 0.238281 0.457031
0 0.519531 0.453125 0.515625 0.457031 0.515625 0.458984 0.513672 0.460938 0.513672 0.464844 0.519531 0.470703 0.523438 0.470703 0.529297 0.464844 0.529297 0.458984 0.523438 0.453125
0 0.576172 0.458984 0.574219 0.460938 0.574219 0.466797 0.576172 0.468750 0.580078 0.468750 0.582031 0.466797 0.582031 0.460938 0.580078 0.458984
0 0.386719 0.460938 0.382812 0.460938 0.376953 0.466797 0.376953 0.470703 0.378906 0.472656 0.378906 0.474609 0.382812 0.478516 0.384766 0.478516 0.384766 0.476562 0.386719 0.474609 0.388672 0.474609 0.388672 0.472656 0.390625 0.470703 0.390625 0.468750 0.388672 0.466797 0.388672 0.462891
0 0.464844 0.464844 0.462891 0.462891 0.460938 0.462891 0.458984 0.460938 0.457031 0.460938 0.451172 0.466797 0.451172 0.472656 0.453125 0.474609 0.460938 0.474609 0.464844 0.470703
0 0.486328 0.468750 0.486328 0.472656 0.488281 0.472656 0.490234 0.470703 0.488281 0.468750
0 0.558594 0.468750 0.556641 0.468750 0.552734 0.472656 0.552734 0.474609 0.554688 0.476562 0.558594 0.476562 0.560547 0.474609 0.560547 0.470703
0 0.318359 0.472656 0.298828 0.482422 0.298828 0.488281 0.306641 0.492188 0.314453 0.500000 0.322266 0.500000 0.324219 0.496094 0.324219 0.490234 0.322266 0.488281 0.322266 0.484375 0.324219 0.482422 0.320312 0.480469 0.320312 0.474609
0 0.373047 0.490234 0.367188 0.519531 0.386719 0.531250 0.410156 0.525391 0.410156 0.535156 0.417969 0.541016 0.431641 0.539062 0.431641 0.531250 0.416016 0.519531 0.419922 0.513672 0.404297 0.490234 0.394531 0.482422 0.398438 0.478516 0.394531 0.474609 0.392578 0.482422 0.382812 0.482422
0 0.576172 0.472656 0.576172 0.474609 0.572266 0.478516 0.574219 0.478516 0.576172 0.480469 0.578125 0.480469 0.580078 0.478516 0.580078 0.476562
0 0.455078 0.478516 0.455078 0.480469 0.451172 0.484375 0.455078 0.488281 0.457031 0.488281 0.458984 0.486328 0.458984 0.484375 0.455078 0.480469
0 0.523438 0.480469 0.519531 0.486328 0.519531 0.492188 0.523438 0.498047 0.525391 0.498047 0.527344 0.500000 0.531250 0.500000 0.535156 0.496094 0.535156 0.486328 0.531250 0.482422 0.529297 0.482422 0.527344 0.480469
0 0.443359 0.496094 0.441406 0.496094 0.439453 0.494141 0.439453 0.492188 0.437500 0.492188 0.435547 0.490234 0.433594 0.492188 0.431641 0.492188 0.427734 0.496094 0.427734 0.498047 0.425781 0.500000 0.427734 0.501953 0.427734 0.503906 0.429688 0.505859 0.437500 0.505859 0.441406 0.501953 0.441406 0.500000 0.443359 0.498047
0 0.492188 0.492188 0.490234 0.490234 0.488281 0.490234 0.486328 0.492188 0.474609 0.492188 0.470703 0.498047 0.472656 0.500000 0.472656 0.509766 0.474609 0.509766 0.478516 0.505859 0.480469 0.505859 0.482422 0.507812 0.484375 0.507812 0.486328 0.509766 0.490234 0.509766 0.492188 0.511719 0.496094 0.507812 0.496094 0.498047 0.492188 0.494141
0 0.503906 0.490234 0.501953 0.492188 0.501953 0.496094 0.503906 0.498047 0.505859 0.498047 0.505859 0.496094 0.507812 0.494141 0.507812 0.492188 0.505859 0.490234
1 0.544922 0.490234 0.541016 0.494141 0.541016 0.498047 0.542969 0.500000 0.544922 0.500000 0.546875 0.501953 0.548828 0.501953 0.550781 0.503906 0.550781 0.505859 0.552734 0.507812 0.556641 0.507812 0.560547 0.503906 0.554688 0.498047 0.550781 0.498047 0.546875 0.494141 0.546875 0.492188
0 0.660156 0.488281 0.658203 0.490234 0.660156 0.492188 0.662109 0.492188 0.664062 0.490234 0.662109 0.488281
0 0.335938 0.501953 0.333984 0.503906 0.333984 0.511719 0.335938 0.513672 0.337891 0.513672 0.339844 0.515625 0.341797 0.513672 0.343750 0.515625 0.343750 0.511719 0.345703 0.509766 0.345703 0.507812 0.343750 0.505859 0.343750 0.503906 0.341797 0.501953
0 0.582031 0.501953 0.580078 0.503906 0.580078 0.505859 0.582031 0.507812 0.583984 0.507812 0.585938 0.505859 0.585938 0.503906 0.583984 0.501953
0 0.253906 0.507812 0.251953 0.509766 0.251953 0.513672 0.257812 0.513672 0.257812 0.509766 0.255859 0.509766
0 0.441406 0.511719 0.439453 0.513672 0.441406 0.515625 0.439453 0.517578 0.443359 0.525391 0.441406 0.529297 0.449219 0.539062 0.455078 0.539062 0.458984 0.533203 0.458984 0.529297 0.466797 0.521484 0.468750 0.521484 0.470703 0.517578 0.464844 0.513672 0.458984 0.519531 0.455078 0.513672 0.449219 0.509766
0 0.882812 0.507812 0.873047 0.507812 0.873047 0.509766 0.865234 0.515625 0.865234 0.521484 0.863281 0.523438 0.865234 0.525391 0.863281 0.529297 0.871094 0.537109 0.871094 0.539062 0.876953 0.542969 0.878906 0.541016 0.884766 0.541016 0.888672 0.539062 0.894531 0.531250 0.892578 0.515625
0 0.500000 0.513672 0.498047 0.515625 0.498047 0.525391 0.500000 0.525391 0.501953 0.523438 0.505859 0.523438 0.507812 0.521484 0.507812 0.519531 0.503906 0.515625 0.501953 0.515625
0 0.544922 0.513672 0.544922 0.515625 0.541016 0.519531 0.541016 0.525391 0.542969 0.527344 0.546875 0.527344 0.548828 0.529297 0.550781 0.527344 0.554688 0.527344 0.556641 0.525391 0.556641 0.519531 0.552734 0.515625 0.548828 0.515625 0.546875 0.513672
0 0.919922 0.515625 0.921875 0.517578 0.923828 0.517578 0.923828 0.515625
0 0.292969 0.529297 0.294922 0.527344 0.298828 0.527344 0.300781 0.525391 0.302734 0.525391 0.304688 0.523438 0.306641 0.523438 0.306641 0.519531 0.294922 0.519531 0.294922 0.523438 0.292969 0.525391 0.294922 0.527344
0 0.580078 0.529297 0.578125 0.527344 0.576172 0.527344 0.570312 0.521484 0.568359 0.523438 0.566406 0.523438 0.564453 0.525391 0.564453 0.527344 0.562500 0.529297 0.562500 0.531250 0.566406 0.535156 0.568359 0.535156 0.570312 0.533203 0.578125 0.533203 0.580078 0.531250
0 0.582031 0.537109 0.580078 0.539062 0.580078 0.541016 0.582031 0.542969 0.583984 0.542969 0.585938 0.541016
0 0.392578 0.560547 0.394531 0.562500 0.394531 0.564453 0.398438 0.564453 0.400391 0.566406 0.408203 0.566406 0.410156 0.564453 0.410156 0.562500 0.412109 0.560547 0.410156 0.558594 0.410156 0.556641 0.408203 0.554688 0.396484 0.554688 0.394531 0.556641 0.394531 0.558594
0 0.925781 0.562500 0.931641 0.566406 0.933594 0.578125 0.941406 0.587891 0.951172 0.591797 0.953125 0.587891 0.960938 0.585938 0.964844 0.566406 0.957031 0.556641 0.951172 0.554688 0.945312 0.556641 0.929688 0.554688
0 0.863281 0.562500 0.861328 0.564453 0.861328 0.570312 0.863281 0.572266 0.869141 0.572266 0.871094 0.570312 0.871094 0.566406 0.867188 0.562500
0 0.322266 0.566406 0.320312 0.568359 0.320312 0.570312 0.322266 0.572266 0.324219 0.572266 0.326172 0.574219 0.328125 0.572266 0.328125 0.568359 0.326172 0.566406
0 0.541016 0.566406 0.541016 0.572266 0.544922 0.576172 0.546875 0.574219 0.546875 0.568359 0.544922 0.566406
0 0.626953 0.568359 0.625000 0.570312 0.625000 0.574219 0.626953 0.576172 0.632812 0.576172 0.632812 0.570312 0.630859 0.568359
0 0.785156 0.566406 0.783203 0.568359 0.781250 0.568359 0.777344 0.572266 0.777344 0.576172 0.779297 0.578125 0.779297 0.580078 0.781250 0.580078 0.783203 0.582031 0.787109 0.582031 0.792969 0.576172 0.792969 0.572266 0.791016 0.572266
0 0.337891 0.572266 0.337891 0.576172 0.339844 0.576172 0.339844 0.572266
0 0.472656 0.572266 0.470703 0.574219 0.472656 0.576172 0.474609 0.574219
0 0.976562 0.572266 0.972656 0.576172 0.972656 0.578125 0.976562 0.582031 0.978516 0.582031 0.980469 0.580078 0.980469 0.576172
0 0.353516 0.574219 0.349609 0.580078 0.349609 0.587891 0.351562 0.589844 0.351562 0.591797 0.355469 0.591797 0.357422 0.593750 0.359375 0.593750 0.361328 0.595703 0.367188 0.597656 0.369141 0.595703 0.367188 0.593750 0.367188 0.583984 0.363281 0.580078 0.361328 0.580078 0.359375 0.578125 0.359375 0.576172
0 0.429688 0.576172 0.427734 0.574219 0.425781 0.576172 0.425781 0.578125 0.429688 0.578125
0 0.728516 0.578125 0.726562 0.580078 0.726562 0.582031 0.724609 0.583984 0.724609 0.589844 0.728516 0.593750 0.732422 0.593750 0.738281 0.587891 0.738281 0.583984 0.732422 0.578125
0 0.388672 0.585938 0.386719 0.587891 0.386719 0.591797 0.392578 0.591797 0.394531 0.589844 0.390625 0.585938
0 0.904297 0.585938 0.902344 0.587891 0.898438 0.587891 0.898438 0.589844 0.896484 0.591797 0.896484 0.595703 0.900391 0.599609 0.904297 0.599609 0.906250 0.601562 0.908203 0.599609 0.908203 0.597656 0.910156 0.595703 0.910156 0.589844 0.906250 0.585938
0 0.380859 0.595703 0.378906 0.595703 0.375000 0.599609 0.375000 0.601562 0.376953 0.603516 0.380859 0.603516 0.382812 0.601562 0.382812 0.597656
0 0.365234 0.603516 0.365234 0.605469 0.363281 0.607422 0.353516 0.607422 0.353516 0.609375 0.355469 0.611328 0.355469 0.613281 0.359375 0.617188 0.357422 0.619141 0.359375 0.619141 0.361328 0.617188 0.367188 0.617188 0.369141 0.615234 0.369141 0.611328 0.371094 0.609375
1 0.423828 0.607422 0.417969 0.613281 0.419922 0.615234 0.421875 0.615234 0.423828 0.613281 0.425781 0.615234 0.425781 0.617188 0.429688 0.621094 0.427734 0.623047 0.429688 0.625000 0.429688 0.626953 0.431641 0.625000 0.433594 0.625000 0.433594 0.621094 0.431641 0.621094 0.425781 0.615234 0.427734 0.613281 0.427734 0.611328
0 0.484375 0.605469 0.482422 0.607422 0.480469 0.607422 0.478516 0.609375 0.478516 0.615234 0.482422 0.619141 0.488281 0.619141 0.490234 0.617188 0.490234 0.609375 0.488281 0.607422 0.486328 0.607422
0 0.056641 0.611328 0.054688 0.613281 0.054688 0.617188 0.056641 0.619141 0.058594 0.619141 0.060547 0.617188 0.060547 0.613281 0.058594 0.611328
0 0.546875 0.609375 0.541016 0.615234 0.537109 0.623047 0.542969 0.630859 0.546875 0.628906 0.550781 0.632812 0.550781 0.636719 0.548828 0.638672 0.550781 0.642578 0.554688 0.642578 0.556641 0.644531 0.560547 0.642578 0.564453 0.646484 0.568359 0.638672 0.562500 0.630859 0.564453 0.621094 0.558594 0.613281 0.552734 0.609375
0 0.935547 0.609375 0.935547 0.611328 0.933594 0.613281 0.933594 0.619141 0.943359 0.628906 0.945312 0.628906 0.947266 0.630859 0.951172 0.630859 0.957031 0.625000 0.957031 0.621094 0.955078 0.619141 0.955078 0.617188 0.953125 0.615234 0.951172 0.615234 0.945312 0.609375
0 0.185547 0.617188 0.183594 0.619141 0.183594 0.621094 0.185547 0.623047 0.187500 0.623047 0.189453 0.621094 0.189453 0.619141 0.187500 0.617188
0 0.634766 0.619141 0.632812 0.621094 0.632812 0.623047 0.636719 0.626953 0.640625 0.626953 0.642578 0.625000 0.642578 0.623047 0.638672 0.619141
0 0.976562 0.623047 0.968750 0.634766 0.968750 0.642578 0.986328 0.656250 0.986328 0.662109 0.988281 0.664062 0.986328 0.656250 0.996094 0.648438 0.996094 0.628906 0.994141 0.626953 0.988281 0.626953 0.984375 0.623047
0 0.087891 0.626953 0.087891 0.628906 0.089844 0.630859 0.089844 0.626953
0 0.164062 0.625000 0.162109 0.625000 0.158203 0.628906 0.158203 0.630859 0.160156 0.632812 0.162109 0.630859 0.164062 0.630859
1 0.724609 0.625000 0.722656 0.626953 0.722656 0.628906 0.720703 0.630859 0.720703 0.632812 0.726562 0.638672 0.726562 0.640625 0.724609 0.642578 0.724609 0.644531 0.722656 0.646484 0.722656 0.648438 0.718750 0.652344 0.718750 0.660156 0.724609 0.666016 0.726562 0.666016 0.734375 0.658203 0.734375 0.656250 0.738281 0.652344 0.738281 0.646484 0.732422 0.640625 0.730469 0.640625 0.726562 0.636719 0.730469 0.632812 0.730469 0.628906 0.726562 0.625000
0 0.388672 0.630859 0.380859 0.638672 0.380859 0.640625 0.384766 0.644531 0.386719 0.644531 0.388672 0.646484 0.390625 0.646484 0.396484 0.640625 0.398438 0.640625 0.400391 0.638672 0.398438 0.636719 0.396484 0.638672
0 0.533203 0.628906 0.531250 0.628906 0.527344 0.632812 0.527344 0.640625 0.529297 0.638672 0.535156 0.638672 0.537109 0.636719 0.537109 0.632812
0 0.410156 0.634766 0.414062 0.638672 0.414062 0.642578 0.416016 0.644531 0.416016 0.642578 0.421875 0.636719 0.421875 0.634766 0.419922 0.634766 0.417969 0.636719 0.416016 0.636719 0.414062 0.634766
0 0.595703 0.636719 0.591797 0.640625 0.591797 0.642578 0.595703 0.646484 0.599609 0.646484 0.603516 0.642578 0.603516 0.638672 0.601562 0.636719
0 0.625000 0.640625 0.626953 0.640625 0.628906 0.642578 0.632812 0.642578 0.632812 0.638672 0.630859 0.636719 0.628906 0.636719
1 0.429688 0.644531 0.427734 0.646484 0.427734 0.648438 0.429688 0.646484
1 0.195312 0.652344 0.191406 0.648438 0.189453 0.650391 0.189453 0.652344 0.185547 0.656250 0.183594 0.656250 0.183594 0.660156 0.185547 0.658203 0.185547 0.656250 0.187500 0.654297 0.189453 0.654297 0.191406 0.652344
0 0.408203 0.654297 0.404297 0.654297 0.402344 0.652344 0.402344 0.654297 0.400391 0.656250 0.400391 0.658203 0.402344 0.658203 0.402344 0.656250 0.404297 0.654297
0 0.417969 0.654297 0.417969 0.658203 0.419922 0.660156 0.425781 0.660156 0.425781 0.656250 0.421875 0.656250 0.419922 0.654297
0 0.527344 0.652344 0.525391 0.654297 0.525391 0.658203 0.527344 0.660156 0.531250 0.660156 0.533203 0.658203 0.533203 0.654297 0.531250 0.652344
0 0.912109 0.658203 0.910156 0.660156 0.908203 0.660156 0.908203 0.662109 0.906250 0.664062 0.906250 0.673828 0.908203 0.675781 0.908203 0.677734 0.910156 0.677734 0.912109 0.679688 0.917969 0.679688 0.923828 0.675781 0.923828 0.666016 0.916016 0.658203
0 0.121094 0.669922 0.121094 0.675781 0.125000 0.675781 0.125000 0.669922
0 0.181641 0.667969 0.179688 0.669922 0.181641 0.671875
0 0.541016 0.667969 0.539062 0.669922 0.541016 0.671875 0.542969 0.669922
1 0.859375 0.673828 0.859375 0.675781 0.855469 0.679688 0.857422 0.681641 0.857422 0.685547 0.859375 0.687500 0.863281 0.687500 0.865234 0.689453 0.869141 0.689453 0.875000 0.695312 0.875000 0.699219 0.878906 0.703125 0.880859 0.703125 0.882812 0.701172 0.884766 0.701172 0.888672 0.697266 0.888672 0.693359 0.884766 0.689453 0.882812 0.689453 0.880859 0.691406 0.871094 0.681641 0.871094 0.675781 0.865234 0.669922 0.861328 0.673828
0 0.693359 0.699219 0.693359 0.703125 0.695312 0.701172 0.697266 0.703125 0.695312 0.701172 0.695312 0.699219
0 0.984375 0.701172 0.984375 0.707031 0.988281 0.710938 0.992188 0.710938 0.996094 0.707031 0.998047 0.707031 0.998047 0.701172 0.996094 0.701172 0.994141 0.699219 0.986328 0.699219
0 0.730469 0.705078 0.728516 0.707031 0.728516 0.710938 0.730469 0.712891 0.732422 0.712891 0.734375 0.710938 0.734375 0.707031 0.732422 0.705078
0 0.685547 0.710938 0.681641 0.710938 0.679688 0.712891 0.679688 0.718750 0.681641 0.720703 0.683594 0.720703 0.685547 0.718750 0.687500 0.718750 0.689453 0.716797 0.689453 0.714844
0 0.871094 0.710938 0.871094 0.712891 0.869141 0.714844 0.869141 0.718750 0.873047 0.722656 0.876953 0.722656 0.880859 0.718750 0.880859 0.712891 0.878906 0.710938
0 0.916016 0.710938 0.908203 0.710938 0.906250 0.712891 0.906250 0.716797 0.908203 0.718750 0.908203 0.720703 0.910156 0.718750 0.912109 0.720703 0.914062 0.718750 0.914062 0.716797 0.916016 0.714844
0 0.593750 0.714844 0.589844 0.714844 0.585938 0.720703 0.585938 0.726562 0.583984 0.728516 0.583984 0.734375 0.587891 0.738281 0.589844 0.738281 0.599609 0.728516 0.601562 0.728516 0.599609 0.726562 0.599609 0.720703
0 0.351562 0.718750 0.349609 0.720703 0.349609 0.722656 0.351562 0.724609 0.353516 0.724609 0.355469 0.722656 0.355469 0.720703 0.353516 0.720703
0 0.503906 0.726562 0.501953 0.728516 0.501953 0.732422 0.505859 0.732422 0.505859 0.728516
0 0.621094 0.736328 0.623047 0.738281 0.623047 0.740234 0.626953 0.744141 0.632812 0.738281 0.634766 0.738281 0.636719 0.740234 0.638672 0.740234 0.636719 0.740234 0.630859 0.734375 0.630859 0.732422 0.626953 0.728516 0.623047 0.732422 0.623047 0.734375
1 0.603516 0.732422 0.601562 0.734375 0.601562 0.738281 0.599609 0.740234 0.599609 0.746094 0.601562 0.748047 0.601562 0.750000 0.597656 0.753906 0.599609 0.755859 0.601562 0.755859 0.603516 0.753906 0.601562 0.751953 0.603516 0.750000 0.607422 0.750000 0.611328 0.746094 0.611328 0.738281 0.607422 0.734375 0.605469 0.734375
0 0.855469 0.730469 0.847656 0.738281 0.843750 0.740234 0.849609 0.748047 0.849609 0.753906 0.851562 0.753906 0.861328 0.761719 0.867188 0.761719 0.871094 0.757812 0.871094 0.748047 0.869141 0.746094 0.869141 0.742188 0.865234 0.738281 0.865234 0.734375 0.861328 0.730469
0 0.558594 0.734375 0.556641 0.736328 0.554688 0.736328 0.552734 0.738281 0.552734 0.744141 0.554688 0.746094 0.558594 0.746094 0.564453 0.740234
1 0.796875 0.736328 0.792969 0.738281 0.789062 0.736328 0.787109 0.738281 0.787109 0.740234 0.783203 0.744141 0.785156 0.746094 0.783203 0.748047 0.783203 0.753906 0.781250 0.755859 0.781250 0.759766 0.787109 0.765625 0.785156 0.769531 0.785156 0.775391 0.791016 0.781250 0.794922 0.789062 0.794922 0.792969 0.791016 0.796875 0.789062 0.794922 0.787109 0.796875 0.787109 0.800781 0.789062 0.802734 0.791016 0.802734 0.800781 0.791016 0.802734 0.792969 0.804688 0.791016 0.804688 0.785156 0.798828 0.781250 0.800781 0.779297 0.796875 0.775391 0.794922 0.767578 0.804688 0.757812 0.808594 0.750000 0.804688 0.746094 0.800781 0.738281
0 0.900391 0.736328 0.898438 0.738281 0.898438 0.744141 0.900391 0.746094 0.900391 0.748047 0.906250 0.748047 0.906250 0.746094 0.910156 0.742188 0.908203 0.740234 0.908203 0.738281 0.906250 0.736328
0 0.474609 0.744141 0.470703 0.748047 0.472656 0.750000 0.476562 0.750000 0.476562 0.746094
0 0.982422 0.742188 0.980469 0.744141 0.974609 0.744141 0.972656 0.746094 0.970703 0.746094 0.964844 0.753906 0.964844 0.755859 0.966797 0.757812 0.966797 0.761719 0.972656 0.767578 0.976562 0.767578 0.986328 0.757812 0.988281 0.748047 0.986328 0.748047 0.982422 0.744141
0 0.349609 0.748047 0.349609 0.750000 0.351562 0.751953 0.353516 0.751953 0.353516 0.748047
0 0.673828 0.746094 0.673828 0.748047 0.671875 0.750000 0.675781 0.753906 0.677734 0.753906 0.679688 0.751953 0.679688 0.748047 0.677734 0.746094
0 0.425781 0.750000 0.425781 0.751953 0.427734 0.753906 0.429688 0.753906 0.431641 0.751953 0.429688 0.750000
1 0.568359 0.750000 0.568359 0.751953 0.572266 0.755859 0.574219 0.753906 0.576172 0.755859 0.576172 0.757812 0.578125 0.757812 0.578125 0.755859 0.576172 0.755859 0.572266 0.751953 0.570312 0.751953
0 0.732422 0.755859 0.730469 0.757812 0.730469 0.759766 0.732422 0.761719 0.732422 0.763672 0.736328 0.763672 0.738281 0.761719 0.738281 0.757812 0.736328 0.755859
1 0.839844 0.755859 0.835938 0.759766 0.833984 0.759766 0.833984 0.765625 0.832031 0.767578 0.832031 0.769531 0.833984 0.771484 0.833984 0.783203 0.832031 0.785156 0.832031 0.787109 0.835938 0.792969 0.837891 0.792969 0.839844 0.791016 0.843750 0.791016 0.851562 0.798828 0.849609 0.800781 0.853516 0.804688 0.857422 0.800781 0.859375 0.802734 0.863281 0.798828 0.859375 0.794922 0.859375 0.792969 0.857422 0.791016 0.855469 0.792969 0.853516 0.791016 0.853516 0.789062 0.849609 0.785156 0.849609 0.771484 0.851562 0.769531 0.851562 0.767578 0.847656 0.763672 0.845703 0.757812 0.843750 0.755859
0 0.693359 0.757812 0.691406 0.759766 0.693359 0.761719 0.695312 0.761719 0.697266 0.759766 0.695312 0.757812
0 0.753906 0.757812 0.751953 0.759766 0.751953 0.761719 0.750000 0.763672 0.751953 0.765625 0.751953 0.767578 0.755859 0.767578 0.757812 0.769531 0.759766 0.769531 0.759766 0.767578 0.761719 0.765625 0.761719 0.759766 0.759766 0.757812
0 0.480469 0.763672 0.476562 0.767578 0.480469 0.771484 0.484375 0.771484 0.486328 0.769531 0.486328 0.767578 0.488281 0.765625 0.486328 0.765625 0.484375 0.763672
1 0.558594 0.767578 0.554688 0.771484 0.558594 0.775391 0.558594 0.777344 0.562500 0.777344 0.564453 0.779297 0.564453 0.781250 0.566406 0.783203 0.566406 0.785156 0.564453 0.787109 0.568359 0.791016 0.570312 0.791016 0.572266 0.792969 0.574219 0.792969 0.580078 0.787109 0.580078 0.785156 0.570312 0.775391 0.570312 0.773438 0.568359 0.771484 0.568359 0.769531 0.566406 0.767578 0.562500 0.767578 0.560547 0.769531
1 0.607422 0.773438 0.613281 0.783203 0.613281 0.787109 0.621094 0.794922 0.621094 0.802734 0.628906 0.804688 0.640625 0.814453 0.648438 0.814453 0.650391 0.816406 0.662109 0.808594 0.669922 0.810547 0.673828 0.814453 0.675781 0.812500 0.681641 0.814453 0.695312 0.812500 0.699219 0.808594 0.707031 0.806641 0.710938 0.802734 0.710938 0.798828 0.718750 0.791016 0.710938 0.783203 0.697266 0.783203 0.689453 0.773438 0.675781 0.773438 0.669922 0.769531 0.656250 0.769531 0.648438 0.773438 0.638672 0.765625 0.636719 0.773438 0.630859 0.777344 0.617188 0.765625
0 0.412109 0.771484 0.406250 0.777344 0.406250 0.781250 0.412109 0.787109 0.417969 0.787109 0.419922 0.789062 0.421875 0.789062 0.421875 0.787109 0.423828 0.785156 0.425781 0.785156 0.425781 0.783203 0.429688 0.779297 0.425781 0.775391 0.423828 0.775391 0.421875 0.773438 0.416016 0.773438 0.414062 0.771484
0 0.583984 0.771484 0.583984 0.773438 0.585938 0.775391 0.587891 0.775391 0.587891 0.771484
0 0.148438 0.785156 0.146484 0.785156 0.144531 0.787109 0.144531 0.789062 0.146484 0.791016 0.148438 0.789062
0 0.378906 0.785156 0.378906 0.787109 0.376953 0.789062 0.376953 0.791016 0.378906 0.792969 0.378906 0.794922 0.382812 0.794922 0.384766 0.792969 0.384766 0.789062 0.380859 0.785156
0 0.945312 0.787109 0.939453 0.792969 0.939453 0.800781 0.945312 0.804688 0.945312 0.806641 0.949219 0.812500 0.953125 0.812500 0.953125 0.802734 0.957031 0.796875 0.957031 0.792969 0.953125 0.789062 0.953125 0.787109
0 0.587891 0.791016 0.585938 0.792969 0.585938 0.794922 0.583984 0.796875 0.583984 0.800781 0.585938 0.802734 0.593750 0.802734 0.595703 0.800781 0.595703 0.796875 0.597656 0.794922 0.599609 0.794922 0.597656 0.794922 0.593750 0.791016
0 0.521484 0.796875 0.519531 0.798828 0.519531 0.800781 0.521484 0.802734 0.525391 0.802734 0.525391 0.798828 0.523438 0.796875
0 0.904297 0.798828 0.900391 0.798828 0.898438 0.796875 0.896484 0.796875 0.892578 0.800781 0.892578 0.804688 0.886719 0.810547 0.886719 0.816406 0.892578 0.822266 0.896484 0.822266 0.900391 0.818359 0.900391 0.810547 0.902344 0.808594 0.902344 0.806641 0.906250 0.802734 0.906250 0.800781
0 0.476562 0.802734 0.474609 0.804688 0.474609 0.808594 0.472656 0.810547 0.474609 0.812500 0.474609 0.814453 0.476562 0.816406 0.478516 0.816406 0.480469 0.818359 0.484375 0.818359 0.488281 0.814453 0.488281 0.808594 0.486328 0.806641 0.486328 0.804688 0.484375 0.802734
0 0.601562 0.806641 0.597656 0.806641 0.595703 0.808594 0.595703 0.812500 0.597656 0.814453 0.599609 0.814453 0.601562 0.812500
0 0.968750 0.806641 0.968750 0.810547 0.964844 0.816406 0.968750 0.822266 0.982422 0.822266 0.984375 0.824219 0.988281 0.820312 0.980469 0.812500 0.980469 0.810547 0.978516 0.810547 0.976562 0.808594 0.970703 0.808594
0 0.539062 0.824219 0.541016 0.830078 0.546875 0.833984 0.550781 0.845703 0.558594 0.853516 0.572266 0.855469 0.580078 0.849609 0.583984 0.851562 0.589844 0.849609 0.589844 0.845703 0.582031 0.839844 0.572266 0.816406 0.560547 0.812500 0.550781 0.820312 0.542969 0.820312
0 0.669922 0.818359 0.667969 0.820312 0.658203 0.822266 0.654297 0.830078 0.660156 0.843750 0.658203 0.845703 0.658203 0.849609 0.666016 0.847656 0.673828 0.853516 0.683594 0.841797 0.687500 0.841797 0.689453 0.843750 0.689453 0.841797 0.681641 0.835938 0.679688 0.828125 0.673828 0.824219
1 0.937500 0.818359 0.935547 0.820312 0.935547 0.822266 0.937500 0.824219 0.937500 0.835938 0.935547 0.837891 0.935547 0.839844 0.941406 0.843750 0.947266 0.843750 0.951172 0.839844 0.953125 0.839844 0.964844 0.849609 0.964844 0.853516 0.966797 0.855469 0.966797 0.857422 0.970703 0.861328 0.972656 0.861328 0.976562 0.857422 0.976562 0.855469 0.974609 0.853516 0.972656 0.853516 0.960938 0.841797 0.962891 0.839844 0.962891 0.837891 0.958984 0.833984 0.958984 0.830078 0.960938 0.828125 0.960938 0.826172 0.955078 0.828125 0.943359 0.818359
0 0.748047 0.820312 0.746094 0.822266 0.740234 0.822266 0.736328 0.830078 0.736328 0.833984 0.738281 0.835938 0.738281 0.845703 0.744141 0.849609 0.751953 0.849609 0.753906 0.847656 0.753906 0.843750 0.757812 0.839844 0.761719 0.839844 0.763672 0.837891 0.763672 0.833984 0.759766 0.832031 0.757812 0.826172 0.753906 0.822266 0.750000 0.822266
0 0.923828 0.826172 0.921875 0.826172 0.919922 0.828125 0.917969 0.828125 0.916016 0.830078 0.916016 0.835938 0.917969 0.837891 0.923828 0.837891 0.925781 0.835938 0.925781 0.830078 0.923828 0.828125
0 0.501953 0.830078 0.494141 0.835938 0.494141 0.845703 0.496094 0.849609 0.503906 0.857422 0.509766 0.857422 0.517578 0.847656 0.517578 0.843750 0.519531 0.841797 0.519531 0.835938 0.517578 0.833984 0.513672 0.833984 0.511719 0.835938
0 0.867188 0.843750 0.867188 0.847656 0.873047 0.851562 0.875000 0.849609 0.890625 0.849609 0.890625 0.847656 0.892578 0.845703 0.890625 0.839844 0.884766 0.833984 0.878906 0.833984 0.878906 0.835938 0.875000 0.839844 0.871094 0.839844
0 0.435547 0.837891 0.433594 0.837891 0.431641 0.839844 0.433594 0.841797 0.435547 0.839844
0 0.707031 0.839844 0.705078 0.841797 0.705078 0.845703 0.707031 0.847656 0.708984 0.847656 0.710938 0.845703 0.710938 0.841797 0.708984 0.839844
0 0.634766 0.843750 0.626953 0.843750 0.623047 0.847656 0.623047 0.849609 0.621094 0.851562 0.621094 0.859375 0.623047 0.861328 0.625000 0.861328 0.626953 0.863281 0.628906 0.863281 0.634766 0.857422 0.636719 0.857422 0.636719 0.845703
0 0.845703 0.855469 0.839844 0.853516 0.832031 0.853516 0.830078 0.855469 0.828125 0.853516 0.822266 0.859375 0.820312 0.865234 0.816406 0.867188 0.810547 0.875000 0.812500 0.876953 0.810547 0.878906 0.814453 0.880859 0.814453 0.888672 0.818359 0.892578 0.824219 0.892578 0.830078 0.886719 0.835938 0.884766 0.849609 0.867188 0.849609 0.859375
0 0.937500 0.851562 0.933594 0.855469 0.931641 0.855469 0.931641 0.865234 0.935547 0.869141 0.943359 0.869141 0.947266 0.865234 0.947266 0.863281 0.949219 0.861328 0.939453 0.851562
0 0.648438 0.859375 0.646484 0.861328 0.646484 0.867188 0.648438 0.869141 0.652344 0.869141 0.654297 0.871094 0.658203 0.867188 0.658203 0.863281 0.654297 0.859375
0 0.097656 0.865234 0.095703 0.867188 0.095703 0.869141 0.097656 0.871094 0.099609 0.871094 0.101562 0.869141 0.101562 0.867188 0.099609 0.865234
0 0.582031 0.863281 0.580078 0.863281 0.578125 0.865234 0.578125 0.869141 0.580078 0.871094 0.582031 0.869141
0 0.666016 0.863281 0.664062 0.865234 0.666016 0.867188 0.667969 0.865234
0 0.787109 0.865234 0.787109 0.871094 0.789062 0.873047 0.792969 0.873047 0.794922 0.871094 0.796875 0.871094 0.794922 0.869141 0.794922 0.867188 0.792969 0.865234
0 0.871094 0.865234 0.869141 0.865234 0.867188 0.863281 0.861328 0.869141 0.859375 0.869141 0.855469 0.873047 0.853516 0.873047 0.851562 0.875000 0.851562 0.878906 0.853516 0.880859 0.859375 0.880859 0.861328 0.878906 0.869141 0.878906 0.873047 0.875000 0.873047 0.869141 0.871094 0.867188
0 0.990234 0.865234 0.986328 0.869141 0.990234 0.873047 0.994141 0.873047 0.996094 0.871094 0.996094 0.867188 0.994141 0.865234
0 0.517578 0.867188 0.517578 0.869141 0.515625 0.871094 0.517578 0.873047 0.519531 0.873047 0.521484 0.871094 0.521484 0.869141 0.519531 0.867188
1 0.541016 0.871094 0.529297 0.875000 0.521484 0.886719 0.521484 0.890625 0.533203 0.904297 0.525391 0.917969 0.531250 0.925781 0.535156 0.925781 0.539062 0.921875 0.537109 0.917969 0.539062 0.912109 0.535156 0.904297 0.556641 0.882812
0 0.628906 0.875000 0.623047 0.875000 0.619141 0.873047 0.605469 0.884766 0.605469 0.898438 0.609375 0.906250 0.613281 0.908203 0.619141 0.908203 0.623047 0.906250 0.626953 0.900391 0.630859 0.900391 0.638672 0.894531 0.640625 0.890625 0.638672 0.888672 0.638672 0.884766
0 0.570312 0.880859 0.568359 0.880859 0.564453 0.884766 0.566406 0.886719 0.566406 0.888672 0.570312 0.888672 0.572266 0.886719 0.572266 0.884766 0.570312 0.882812
0 0.939453 0.882812 0.931641 0.878906 0.927734 0.878906 0.923828 0.882812 0.921875 0.882812 0.921875 0.886719 0.919922 0.890625 0.914062 0.896484 0.914062 0.898438 0.919922 0.904297 0.919922 0.906250 0.925781 0.906250 0.931641 0.900391 0.937500 0.900391 0.941406 0.896484 0.941406 0.884766
1 0.980469 0.882812 0.976562 0.882812 0.972656 0.878906 0.968750 0.882812 0.966797 0.882812 0.964844 0.884766 0.962891 0.890625 0.958984 0.894531 0.957031 0.894531 0.955078 0.896484 0.951172 0.896484 0.949219 0.898438 0.949219 0.900391 0.947266 0.902344 0.947266 0.912109 0.945312 0.914062 0.945312 0.916016 0.947266 0.917969 0.945312 0.919922 0.947266 0.921875 0.949219 0.921875 0.951172 0.919922 0.953125 0.921875 0.957031 0.921875 0.957031 0.919922 0.960938 0.916016 0.960938 0.914062 0.966797 0.908203 0.970703 0.908203 0.984375 0.894531 0.984375 0.890625 0.980469 0.886719
1 0.998047 0.880859 0.996094 0.882812 0.996094 0.884766 0.998047 0.886719 0.998047 0.888672
0 0.867188 0.894531 0.863281 0.890625 0.859375 0.890625 0.855469 0.886719 0.851562 0.890625 0.849609 0.890625 0.847656 0.892578 0.847656 0.894531 0.845703 0.896484 0.845703 0.900391 0.847656 0.902344 0.849609 0.908203 0.861328 0.908203 0.867188 0.902344
1 0.697266 0.904297 0.701172 0.908203 0.703125 0.914062 0.708984 0.917969 0.710938 0.917969 0.712891 0.916016 0.718750 0.916016 0.720703 0.917969 0.722656 0.917969 0.730469 0.910156 0.744141 0.925781 0.746094 0.925781 0.753906 0.919922 0.753906 0.914062 0.750000 0.910156 0.751953 0.904297 0.746094 0.906250 0.746094 0.908203 0.744141 0.910156 0.740234 0.910156 0.734375 0.904297 0.734375 0.902344 0.732422 0.900391 0.730469 0.900391 0.728516 0.898438 0.726562 0.898438 0.724609 0.900391 0.720703 0.896484 0.718750 0.896484 0.716797 0.898438 0.708984 0.898438 0.707031 0.896484 0.705078 0.896484
0 0.576172 0.902344 0.574219 0.904297 0.574219 0.910156 0.576172 0.912109 0.576172 0.914062 0.578125 0.914062 0.580078 0.916016 0.585938 0.910156 0.585938 0.908203 0.583984 0.906250 0.583984 0.904297 0.582031 0.902344
0 0.634766 0.904297 0.630859 0.908203 0.630859 0.914062 0.632812 0.914062 0.636719 0.917969 0.638672 0.917969 0.640625 0.916016 0.642578 0.916016 0.644531 0.914062 0.644531 0.908203 0.642578 0.906250 0.640625 0.906250 0.638672 0.904297
1 0.994141 0.910156 0.988281 0.916016 0.988281 0.923828 0.990234 0.925781 0.990234 0.927734 0.994141 0.931641 0.996094 0.931641 0.998047 0.933594 0.998047 0.910156
1 0.849609 0.916016 0.845703 0.916016 0.843750 0.914062 0.839844 0.917969 0.839844 0.919922 0.837891 0.921875 0.837891 0.925781 0.835938 0.927734 0.835938 0.931641 0.832031 0.935547 0.833984 0.937500 0.832031 0.939453 0.830078 0.939453 0.828125 0.941406 0.828125 0.947266 0.833984 0.953125 0.835938 0.953125 0.839844 0.949219 0.841797 0.949219 0.841797 0.947266 0.849609 0.939453 0.849609 0.937500 0.847656 0.935547 0.849609 0.933594 0.849609 0.929688 0.847656 0.927734 0.847656 0.925781 0.849609 0.923828 0.849609 0.921875 0.851562 0.919922 0.849609 0.917969
0 0.281250 0.917969 0.279297 0.917969 0.275391 0.921875 0.275391 0.923828 0.277344 0.925781 0.277344 0.927734 0.279297 0.927734 0.281250 0.925781 0.281250 0.923828 0.283203 0.921875 0.283203 0.919922
1 0.964844 0.919922 0.966797 0.921875 0.964844 0.923828 0.964844 0.927734 0.966797 0.929688 0.968750 0.929688 0.972656 0.933594 0.974609 0.933594 0.976562 0.935547 0.978516 0.935547 0.980469 0.933594 0.980469 0.931641 0.970703 0.921875 0.970703 0.919922
0 0.408203 0.927734 0.404297 0.931641 0.404297 0.937500 0.406250 0.939453 0.406250 0.941406 0.408203 0.943359 0.410156 0.943359 0.414062 0.939453 0.414062 0.933594
0 0.746094 0.931641 0.744141 0.933594 0.744141 0.941406 0.746094 0.943359 0.750000 0.943359 0.753906 0.939453 0.753906 0.935547 0.750000 0.931641
0 0.865234 0.935547 0.865234 0.943359 0.867188 0.945312 0.871094 0.945312 0.873047 0.947266 0.876953 0.943359 0.875000 0.941406 0.876953 0.939453 0.875000 0.937500 0.875000 0.935547 0.873047 0.933594 0.871094 0.935547
0 0.966797 0.935547 0.962891 0.939453 0.960938 0.937500 0.958984 0.939453 0.958984 0.943359 0.957031 0.945312 0.957031 0.951172 0.958984 0.951172 0.960938 0.953125 0.964844 0.953125 0.968750 0.949219 0.968750 0.939453 0.966797 0.937500
0 0.576172 0.937500 0.574219 0.939453 0.574219 0.941406 0.576172 0.943359 0.580078 0.943359 0.580078 0.939453 0.578125 0.937500
0 0.365234 0.945312 0.363281 0.947266 0.363281 0.949219 0.365234 0.951172 0.367188 0.951172 0.369141 0.949219
0 0.351562 0.951172 0.349609 0.953125 0.347656 0.953125 0.345703 0.955078 0.347656 0.957031 0.347656 0.960938 0.349609 0.960938 0.351562 0.962891 0.353516 0.962891 0.355469 0.960938 0.355469 0.958984 0.357422 0.957031 0.355469 0.955078 0.357422 0.953125 0.355469 0.953125 0.353516 0.951172
0 0.927734 0.951172 0.925781 0.951172 0.923828 0.953125 0.921875 0.953125 0.919922 0.955078 0.919922 0.958984 0.927734 0.958984 0.929688 0.957031 0.929688 0.955078 0.927734 0.953125
0 0.613281 0.955078 0.611328 0.955078 0.607422 0.958984 0.607422 0.962891 0.609375 0.964844 0.613281 0.964844 0.617188 0.960938 0.617188 0.958984
1 0.906250 0.957031 0.904297 0.958984 0.904297 0.960938 0.902344 0.962891 0.902344 0.966797 0.894531 0.974609 0.896484 0.976562 0.896484 0.980469 0.900391 0.984375 0.902344 0.982422 0.904297 0.982422 0.906250 0.980469 0.906250 0.972656 0.908203 0.970703 0.908203 0.968750 0.910156 0.966797 0.910156 0.964844 0.912109 0.962891
0 0.960938 0.958984 0.957031 0.962891 0.957031 0.968750 0.958984 0.970703 0.962891 0.970703 0.964844 0.968750 0.964844 0.962891
0 0.564453 0.960938 0.562500 0.962891 0.562500 0.966797 0.564453 0.968750 0.568359 0.968750 0.570312 0.966797 0.570312 0.962891 0.568359 0.960938
0 0.326172 0.982422 0.322266 0.986328 0.322266 0.992188 0.324219 0.994141 0.324219 0.996094 0.326172 0.998047 0.332031 0.998047 0.335938 0.994141 0.335938 0.986328 0.332031 0.982422
0 0.732422 0.982422 0.732422 0.984375 0.734375 0.986328 0.736328 0.984375 0.734375 0.982422
1 0.917969 0.982422 0.916016 0.982422 0.914062 0.984375 0.916016 0.984375
0 0.859375 0.992188 0.859375 0.998047 0.871094 0.998047 0.871094 0.996094 0.873047 0.994141 0.869141 0.990234 0.863281 0.990234 0.861328 0.992188
0 0.683594 0.998047 0.697266 0.998047 0.697266 0.996094 0.693359 0.992188 0.689453 0.992188
0 0.845703 0.996094 0.841797 0.992188 0.839844 0.992188 0.837891 0.994141 0.835938 0.994141 0.833984 0.996094 0.833984 0.998047 0.845703 0.998047
1 0.882812 0.998047 0.896484 0.998047 0.894531 0.998047 0.890625 0.994141 0.888672 0.994141 0.886719 0.992188 0.884766 0.992188 0.884766 0.996094
0 0.947266 0.996094 0.945312 0.994141 0.943359 0.994141 0.939453 0.998047 0.947266 0.998047
1 0.916016 0.998047 0.923828 0.998047 0.921875 0.996094 0.917969 0.996094
0 0.109375 0.013672 0.109375 0.017578 0.105469 0.017578 0.103516 0.015625 0.107422 0.011719
0 0.042969 0.134766 0.042969 0.138672 0.039062 0.138672 0.037109 0.136719 0.041016 0.132812
0 0.035156 0.136719 0.035156 0.140625 0.031250 0.140625 0.029297 0.138672 0.033203 0.134766
0 0.033203 0.142578 0.033203 0.146484 0.029297 0.146484 0.027344 0.144531 0.031250 0.140625
0 0.044922 0.142578 0.044922 0.146484 0.041016 0.146484 0.039062 0.144531 0.042969 0.140625
0 0.097656 0.144531 0.097656 0.148438 0.093750 0.148438 0.091797 0.146484 0.095703 0.142578
0 0.085938 0.154297 0.085938 0.158203 0.082031 0.158203 0.080078 0.156250 0.083984 0.152344
0 0.302734 0.160156 0.302734 0.164062 0.298828 0.164062 0.296875 0.162109 0.300781 0.158203
0 0.093750 0.166016 0.093750 0.169922 0.089844 0.169922 0.087891 0.167969 0.091797 0.164062
0 0.074219 0.169922 0.074219 0.173828 0.070312 0.173828 0.068359 0.171875 0.072266 0.167969
0 0.085938 0.169922 0.085938 0.173828 0.082031 0.173828 0.080078 0.171875 0.083984 0.167969
0 0.101562 0.177734 0.101562 0.181641 0.097656 0.181641 0.095703 0.179688 0.099609 0.175781
0 0.603516 0.179688 0.603516 0.183594 0.599609 0.183594 0.597656 0.181641 0.601562 0.177734
0 0.083984 0.185547 0.083984 0.189453 0.080078 0.189453 0.078125 0.187500 0.082031 0.183594
0 0.093750 0.199219 0.093750 0.203125 0.089844 0.203125 0.087891 0.201172 0.091797 0.197266
0 0.005859 0.210938 0.001953 0.210938 0.000000 0.208984 0.000000 0.207031 0.001953 0.205078 0.005859 0.207031
0 0.773438 0.244141 0.773438 0.248047 0.769531 0.248047 0.767578 0.246094 0.771484 0.242188
0 0.007812 0.259766 0.003906 0.259766 0.001953 0.257812 0.001953 0.255859 0.003906 0.253906 0.007812 0.255859
0 0.843750 0.263672 0.843750 0.267578 0.839844 0.267578 0.837891 0.265625 0.841797 0.261719
0 0.205078 0.267578 0.205078 0.271484 0.201172 0.271484 0.199219 0.269531 0.203125 0.265625
0 0.283203 0.267578 0.283203 0.271484 0.279297 0.271484 0.277344 0.269531 0.281250 0.265625
0 0.640625 0.277344 0.640625 0.281250 0.636719 0.281250 0.634766 0.279297 0.638672 0.275391
0 0.970703 0.279297 0.970703 0.283203 0.966797 0.283203 0.964844 0.281250 0.968750 0.277344
0 0.718750 0.300781 0.716797 0.300781 0.714844 0.302734 0.710938 0.302734 0.708984 0.300781 0.708984 0.294922 0.710938 0.292969 0.714844 0.292969 0.716797 0.294922 0.718750 0.294922
0 0.298828 0.324219 0.298828 0.328125 0.294922 0.328125 0.292969 0.326172 0.296875 0.322266
0 0.271484 0.339844 0.271484 0.343750 0.267578 0.343750 0.265625 0.341797 0.269531 0.337891
0 0.244141 0.341797 0.244141 0.345703 0.240234 0.345703 0.238281 0.343750 0.242188 0.339844
0 0.679688 0.349609 0.677734 0.349609 0.675781 0.351562 0.671875 0.351562 0.669922 0.349609 0.669922 0.343750 0.671875 0.341797 0.675781 0.341797 0.677734 0.343750 0.679688 0.343750
0 0.453125 0.357422 0.453125 0.361328 0.449219 0.361328 0.447266 0.359375 0.451172 0.355469
0 0.759766 0.357422 0.759766 0.361328 0.755859 0.361328 0.753906 0.359375 0.757812 0.355469
0 0.298828 0.361328 0.298828 0.365234 0.294922 0.365234 0.292969 0.363281 0.296875 0.359375
0 0.388672 0.371094 0.388672 0.375000 0.384766 0.375000 0.382812 0.373047 0.386719 0.369141
0 0.201172 0.373047 0.201172 0.376953 0.197266 0.376953 0.195312 0.375000 0.199219 0.371094
0 0.281250 0.376953 0.281250 0.380859 0.277344 0.380859 0.275391 0.378906 0.279297 0.375000
0 0.365234 0.376953 0.365234 0.380859 0.361328 0.380859 0.359375 0.378906 0.363281 0.375000
0 0.443359 0.376953 0.443359 0.380859 0.439453 0.380859 0.437500 0.378906 0.441406 0.375000
0 0.312500 0.380859 0.312500 0.384766 0.308594 0.384766 0.306641 0.382812 0.310547 0.378906
0 0.429688 0.380859 0.429688 0.384766 0.425781 0.384766 0.423828 0.382812 0.427734 0.378906
0 0.494141 0.384766 0.494141 0.388672 0.490234 0.388672 0.488281 0.386719 0.492188 0.382812
0 0.544922 0.386719 0.544922 0.390625 0.541016 0.390625 0.539062 0.388672 0.542969 0.384766
0 0.298828 0.388672 0.298828 0.392578 0.294922 0.392578 0.292969 0.390625 0.296875 0.386719
0 0.345703 0.388672 0.345703 0.392578 0.341797 0.392578 0.339844 0.390625 0.343750 0.386719
0 0.183594 0.390625 0.183594 0.394531 0.179688 0.394531 0.177734 0.392578 0.181641 0.388672
0 0.355469 0.390625 0.355469 0.394531 0.351562 0.394531 0.349609 0.392578 0.353516 0.388672
0 0.283203 0.392578 0.283203 0.396484 0.279297 0.396484 0.277344 0.394531 0.281250 0.390625
0 0.425781 0.392578 0.425781 0.396484 0.421875 0.396484 0.419922 0.394531 0.423828 0.390625
0 0.361328 0.398438 0.361328 0.402344 0.357422 0.402344 0.355469 0.400391 0.359375 0.396484
0 0.431641 0.400391 0.431641 0.404297 0.427734 0.404297 0.425781 0.402344 0.429688 0.398438
0 0.330078 0.402344 0.330078 0.406250 0.326172 0.406250 0.324219 0.404297 0.328125 0.400391
0 0.410156 0.402344 0.410156 0.406250 0.406250 0.406250 0.404297 0.404297 0.408203 0.400391
0 0.193359 0.404297 0.193359 0.408203 0.189453 0.408203 0.187500 0.406250 0.191406 0.402344
0 0.306641 0.404297 0.306641 0.408203 0.302734 0.408203 0.300781 0.406250 0.304688 0.402344
0 0.453125 0.406250 0.453125 0.410156 0.449219 0.410156 0.447266 0.408203 0.451172 0.404297
0 0.337891 0.408203 0.337891 0.412109 0.333984 0.412109 0.332031 0.410156 0.335938 0.406250
0 0.316406 0.414062 0.316406 0.417969 0.312500 0.417969 0.310547 0.416016 0.314453 0.412109
0 0.333984 0.417969 0.333984 0.421875 0.330078 0.421875 0.328125 0.419922 0.332031 0.416016
0 0.355469 0.417969 0.355469 0.421875 0.351562 0.421875 0.349609 0.419922 0.353516 0.416016
0 0.578125 0.417969 0.578125 0.421875 0.574219 0.421875 0.572266 0.419922 0.576172 0.416016
0 0.189453 0.419922 0.189453 0.423828 0.185547 0.423828 0.183594 0.421875 0.187500 0.417969
0 0.902344 0.419922 0.902344 0.423828 0.898438 0.423828 0.896484 0.421875 0.900391 0.417969
0 0.152344 0.423828 0.152344 0.427734 0.148438 0.427734 0.146484 0.425781 0.150391 0.421875
0 0.609375 0.425781 0.609375 0.429688 0.605469 0.429688 0.603516 0.427734 0.607422 0.423828
0 0.273438 0.433594 0.273438 0.437500 0.269531 0.437500 0.267578 0.435547 0.271484 0.431641
0 0.296875 0.433594 0.296875 0.437500 0.292969 0.437500 0.291016 0.435547 0.294922 0.431641
0 0.390625 0.433594 0.390625 0.437500 0.386719 0.437500 0.384766 0.435547 0.388672 0.431641
0 0.166016 0.437500 0.166016 0.441406 0.162109 0.441406 0.160156 0.439453 0.164062 0.435547
0 0.515625 0.439453 0.515625 0.443359 0.511719 0.443359 0.509766 0.441406 0.513672 0.437500
0 0.162109 0.443359 0.162109 0.447266 0.158203 0.447266 0.156250 0.445312 0.160156 0.441406
0 0.236328 0.445312 0.236328 0.449219 0.232422 0.449219 0.230469 0.447266 0.234375 0.443359
0 0.224609 0.449219 0.224609 0.453125 0.220703 0.453125 0.218750 0.451172 0.222656 0.447266
0 0.259766 0.453125 0.259766 0.457031 0.255859 0.457031 0.253906 0.455078 0.257812 0.451172
0 0.281250 0.455078 0.281250 0.458984 0.277344 0.458984 0.275391 0.457031 0.279297 0.453125
0 0.402344 0.455078 0.402344 0.458984 0.398438 0.458984 0.396484 0.457031 0.400391 0.453125
0 0.130859 0.458984 0.130859 0.462891 0.126953 0.462891 0.125000 0.460938 0.128906 0.457031
0 0.910156 0.458984 0.910156 0.462891 0.906250 0.462891 0.904297 0.460938 0.908203 0.457031
0 0.125000 0.462891 0.125000 0.466797 0.121094 0.466797 0.119141 0.464844 0.123047 0.460938
0 0.367188 0.472656 0.367188 0.476562 0.363281 0.476562 0.361328 0.474609 0.365234 0.470703
0 0.353516 0.480469 0.353516 0.484375 0.349609 0.484375 0.347656 0.482422 0.351562 0.478516
0 0.425781 0.482422 0.425781 0.486328 0.421875 0.486328 0.419922 0.484375 0.423828 0.480469
0 0.619141 0.498047 0.619141 0.501953 0.615234 0.501953 0.613281 0.500000 0.617188 0.496094
0 0.294922 0.505859 0.294922 0.509766 0.291016 0.509766 0.289062 0.507812 0.292969 0.503906
0 0.357422 0.505859 0.357422 0.509766 0.353516 0.509766 0.351562 0.507812 0.355469 0.503906
0 0.433594 0.511719 0.433594 0.515625 0.429688 0.515625 0.427734 0.513672 0.431641 0.509766
0 0.363281 0.513672 0.363281 0.517578 0.359375 0.517578 0.357422 0.515625 0.361328 0.511719
0 0.371094 0.525391 0.371094 0.529297 0.367188 0.529297 0.365234 0.527344 0.369141 0.523438
0 0.478516 0.525391 0.478516 0.529297 0.474609 0.529297 0.472656 0.527344 0.476562 0.523438
0 0.470703 0.535156 0.470703 0.539062 0.466797 0.539062 0.464844 0.537109 0.468750 0.533203
0 0.384766 0.539062 0.384766 0.542969 0.380859 0.542969 0.378906 0.541016 0.382812 0.537109
0 0.443359 0.542969 0.443359 0.546875 0.439453 0.546875 0.437500 0.544922 0.441406 0.541016
0 0.513672 0.544922 0.513672 0.548828 0.509766 0.548828 0.507812 0.546875 0.511719 0.542969
0 0.433594 0.550781 0.433594 0.554688 0.429688 0.554688 0.427734 0.552734 0.431641 0.548828
0 0.642578 0.554688 0.642578 0.558594 0.638672 0.558594 0.636719 0.556641 0.640625 0.552734
0 0.314453 0.560547 0.314453 0.564453 0.310547 0.564453 0.308594 0.562500 0.312500 0.558594
0 0.460938 0.574219 0.460938 0.578125 0.457031 0.578125 0.455078 0.576172 0.458984 0.572266
0 0.406250 0.576172 0.406250 0.580078 0.402344 0.580078 0.400391 0.578125 0.404297 0.574219
0 0.814453 0.576172 0.814453 0.580078 0.810547 0.580078 0.808594 0.578125 0.812500 0.574219
0 0.310547 0.580078 0.310547 0.583984 0.306641 0.583984 0.304688 0.582031 0.308594 0.578125
0 0.484375 0.580078 0.484375 0.583984 0.480469 0.583984 0.478516 0.582031 0.482422 0.578125
0 0.453125 0.585938 0.453125 0.589844 0.449219 0.589844 0.447266 0.587891 0.451172 0.583984
0 0.464844 0.585938 0.464844 0.589844 0.460938 0.589844 0.458984 0.587891 0.462891 0.583984
0 0.558594 0.585938 0.558594 0.589844 0.554688 0.589844 0.552734 0.587891 0.556641 0.583984
0 0.474609 0.591797 0.474609 0.595703 0.470703 0.595703 0.468750 0.593750 0.472656 0.589844
0 0.964844 0.591797 0.964844 0.595703 0.960938 0.595703 0.958984 0.593750 0.962891 0.589844
0 0.646484 0.595703 0.646484 0.599609 0.642578 0.599609 0.640625 0.597656 0.644531 0.593750
0 0.441406 0.597656 0.441406 0.601562 0.437500 0.601562 0.435547 0.599609 0.439453 0.595703
0 0.345703 0.603516 0.345703 0.607422 0.341797 0.607422 0.339844 0.605469 0.343750 0.601562
0 0.441406 0.605469 0.441406 0.609375 0.437500 0.609375 0.435547 0.607422 0.439453 0.603516
0 0.402344 0.607422 0.402344 0.611328 0.398438 0.611328 0.396484 0.609375 0.400391 0.605469
0 0.640625 0.607422 0.640625 0.611328 0.636719 0.611328 0.634766 0.609375 0.638672 0.605469
0 0.408203 0.613281 0.408203 0.617188 0.404297 0.617188 0.402344 0.615234 0.406250 0.611328
0 0.390625 0.619141 0.390625 0.623047 0.386719 0.623047 0.384766 0.621094 0.388672 0.617188
0 0.375000 0.621094 0.375000 0.625000 0.371094 0.625000 0.369141 0.623047 0.373047 0.619141
0 0.660156 0.626953 0.658203 0.626953 0.656250 0.628906 0.652344 0.628906 0.650391 0.626953 0.650391 0.621094 0.652344 0.619141 0.656250 0.619141 0.658203 0.621094 0.660156 0.621094
0 0.064453 0.625000 0.064453 0.628906 0.060547 0.628906 0.058594 0.626953 0.062500 0.623047
0 0.451172 0.630859 0.451172 0.634766 0.447266 0.634766 0.445312 0.632812 0.449219 0.628906
0 0.484375 0.632812 0.484375 0.636719 0.480469 0.636719 0.478516 0.634766 0.482422 0.630859
0 0.523438 0.632812 0.523438 0.636719 0.519531 0.636719 0.517578 0.634766 0.521484 0.630859
0 0.750000 0.638672 0.750000 0.642578 0.746094 0.642578 0.744141 0.640625 0.748047 0.636719
0 0.380859 0.652344 0.380859 0.656250 0.376953 0.656250 0.375000 0.654297 0.378906 0.650391
0 0.548828 0.652344 0.548828 0.656250 0.544922 0.656250 0.542969 0.654297 0.546875 0.650391
0 0.576172 0.652344 0.576172 0.656250 0.572266 0.656250 0.570312 0.654297 0.574219 0.650391
0 0.634766 0.652344 0.634766 0.656250 0.630859 0.656250 0.628906 0.654297 0.632812 0.650391
0 0.544922 0.658203 0.544922 0.662109 0.541016 0.662109 0.539062 0.660156 0.542969 0.656250
0 0.562500 0.660156 0.562500 0.664062 0.558594 0.664062 0.556641 0.662109 0.560547 0.658203
0 0.689453 0.667969 0.689453 0.671875 0.685547 0.671875 0.683594 0.669922 0.687500 0.666016
0 0.500000 0.669922 0.500000 0.673828 0.496094 0.673828 0.494141 0.671875 0.498047 0.667969
0 0.515625 0.669922 0.515625 0.673828 0.511719 0.673828 0.509766 0.671875 0.513672 0.667969
0 0.671875 0.671875 0.671875 0.675781 0.667969 0.675781 0.666016 0.673828 0.669922 0.669922
0 0.998047 0.683594 0.994141 0.683594 0.988281 0.677734 0.988281 0.671875 0.994141 0.666016 0.998047 0.666016
0 0.708984 0.685547 0.708984 0.689453 0.705078 0.689453 0.703125 0.687500 0.707031 0.683594
0 0.443359 0.699219 0.443359 0.703125 0.439453 0.703125 0.437500 0.701172 0.441406 0.697266
0 0.451172 0.699219 0.451172 0.703125 0.447266 0.703125 0.445312 0.701172 0.449219 0.697266
0 0.478516 0.701172 0.478516 0.705078 0.474609 0.705078 0.472656 0.703125 0.476562 0.699219
0 0.707031 0.701172 0.707031 0.705078 0.703125 0.705078 0.701172 0.703125 0.705078 0.699219
0 0.365234 0.707031 0.365234 0.710938 0.361328 0.710938 0.359375 0.708984 0.363281 0.705078
0 0.751953 0.710938 0.751953 0.714844 0.748047 0.714844 0.746094 0.712891 0.750000 0.708984
0 0.535156 0.714844 0.535156 0.718750 0.531250 0.718750 0.529297 0.716797 0.533203 0.712891
0 0.373047 0.716797 0.373047 0.720703 0.369141 0.720703 0.367188 0.718750 0.371094 0.714844
0 0.380859 0.716797 0.380859 0.720703 0.376953 0.720703 0.375000 0.718750 0.378906 0.714844
0 0.443359 0.716797 0.443359 0.720703 0.439453 0.720703 0.437500 0.718750 0.441406 0.714844
0 0.431641 0.718750 0.431641 0.722656 0.427734 0.722656 0.425781 0.720703 0.429688 0.716797
0 0.392578 0.724609 0.392578 0.728516 0.388672 0.728516 0.386719 0.726562 0.390625 0.722656
0 0.732422 0.728516 0.730469 0.728516 0.728516 0.730469 0.724609 0.730469 0.722656 0.728516 0.722656 0.722656 0.724609 0.720703 0.728516 0.720703 0.730469 0.722656 0.732422 0.722656
0 0.423828 0.726562 0.423828 0.730469 0.419922 0.730469 0.417969 0.728516 0.421875 0.724609
0 0.371094 0.730469 0.371094 0.734375 0.367188 0.734375 0.365234 0.732422 0.369141 0.728516
0 0.673828 0.732422 0.673828 0.736328 0.669922 0.736328 0.667969 0.734375 0.671875 0.730469
0 0.794922 0.732422 0.794922 0.736328 0.791016 0.736328 0.789062 0.734375 0.792969 0.730469
0 0.947266 0.732422 0.947266 0.736328 0.943359 0.736328 0.941406 0.734375 0.945312 0.730469
0 0.984375 0.732422 0.984375 0.736328 0.980469 0.736328 0.978516 0.734375 0.982422 0.730469
0 0.953125 0.734375 0.953125 0.738281 0.949219 0.738281 0.947266 0.736328 0.951172 0.732422
0 0.400391 0.738281 0.400391 0.742188 0.396484 0.742188 0.394531 0.740234 0.398438 0.736328
0 0.423828 0.738281 0.423828 0.742188 0.419922 0.742188 0.417969 0.740234 0.421875 0.736328
0 0.759766 0.740234 0.759766 0.744141 0.755859 0.744141 0.753906 0.742188 0.757812 0.738281
0 0.384766 0.742188 0.384766 0.746094 0.380859 0.746094 0.378906 0.744141 0.382812 0.740234
0 0.843750 0.742188 0.843750 0.746094 0.839844 0.746094 0.837891 0.744141 0.841797 0.740234
0 0.072266 0.744141 0.072266 0.748047 0.068359 0.748047 0.066406 0.746094 0.070312 0.742188
0 0.097656 0.746094 0.097656 0.750000 0.093750 0.750000 0.091797 0.748047 0.095703 0.744141
0 0.541016 0.748047 0.541016 0.751953 0.537109 0.751953 0.535156 0.750000 0.539062 0.746094
0 0.455078 0.750000 0.455078 0.753906 0.451172 0.753906 0.449219 0.751953 0.453125 0.748047
0 0.380859 0.757812 0.380859 0.761719 0.376953 0.761719 0.375000 0.759766 0.378906 0.755859
0 0.419922 0.761719 0.419922 0.765625 0.416016 0.765625 0.414062 0.763672 0.417969 0.759766
0 0.945312 0.761719 0.945312 0.765625 0.941406 0.765625 0.939453 0.763672 0.943359 0.759766
0 0.994141 0.761719 0.994141 0.765625 0.990234 0.765625 0.988281 0.763672 0.992188 0.759766
0 0.375000 0.763672 0.375000 0.767578 0.371094 0.767578 0.369141 0.765625 0.373047 0.761719
0 0.455078 0.765625 0.453125 0.767578 0.453125 0.769531 0.451172 0.771484 0.445312 0.771484 0.443359 0.769531 0.443359 0.767578 0.441406 0.765625 0.441406 0.763672 0.443359 0.761719 0.443359 0.759766 0.445312 0.757812 0.451172 0.757812 0.453125 0.759766 0.453125 0.761719 0.455078 0.763672
0 0.810547 0.763672 0.810547 0.767578 0.806641 0.767578 0.804688 0.765625 0.808594 0.761719
0 0.601562 0.765625 0.601562 0.769531 0.597656 0.769531 0.595703 0.767578 0.599609 0.763672
0 0.437500 0.767578 0.437500 0.771484 0.433594 0.771484 0.431641 0.769531 0.435547 0.765625
0 0.601562 0.773438 0.601562 0.777344 0.597656 0.777344 0.595703 0.775391 0.599609 0.771484
0 0.943359 0.777344 0.941406 0.777344 0.939453 0.779297 0.935547 0.779297 0.933594 0.777344 0.933594 0.771484 0.935547 0.769531 0.939453 0.769531 0.941406 0.771484 0.943359 0.771484
0 0.189453 0.775391 0.189453 0.779297 0.185547 0.779297 0.183594 0.777344 0.187500 0.773438
0 0.767578 0.775391 0.767578 0.779297 0.763672 0.779297 0.761719 0.777344 0.765625 0.773438
0 0.267578 0.777344 0.267578 0.781250 0.263672 0.781250 0.261719 0.779297 0.265625 0.775391
0 0.875000 0.781250 0.875000 0.785156 0.871094 0.785156 0.869141 0.783203 0.873047 0.779297
0 0.609375 0.792969 0.609375 0.796875 0.605469 0.796875 0.603516 0.794922 0.607422 0.791016
0 0.746094 0.792969 0.746094 0.796875 0.742188 0.796875 0.740234 0.794922 0.744141 0.791016
0 0.455078 0.794922 0.455078 0.798828 0.451172 0.798828 0.449219 0.796875 0.453125 0.792969
0 0.355469 0.796875 0.355469 0.800781 0.351562 0.800781 0.349609 0.798828 0.353516 0.794922
0 0.613281 0.800781 0.613281 0.804688 0.609375 0.804688 0.607422 0.802734 0.611328 0.798828
0 0.580078 0.802734 0.580078 0.806641 0.576172 0.806641 0.574219 0.804688 0.578125 0.800781
0 0.199219 0.808594 0.199219 0.812500 0.195312 0.812500 0.193359 0.810547 0.197266 0.806641
0 0.761719 0.810547 0.761719 0.814453 0.757812 0.814453 0.755859 0.812500 0.759766 0.808594
0 0.789062 0.810547 0.789062 0.814453 0.785156 0.814453 0.783203 0.812500 0.787109 0.808594
0 0.291016 0.820312 0.291016 0.824219 0.287109 0.824219 0.285156 0.822266 0.289062 0.818359
0 0.609375 0.822266 0.609375 0.826172 0.605469 0.826172 0.603516 0.824219 0.607422 0.820312
0 0.388672 0.824219 0.388672 0.828125 0.384766 0.828125 0.382812 0.826172 0.386719 0.822266
0 0.199219 0.837891 0.197266 0.837891 0.195312 0.839844 0.191406 0.839844 0.189453 0.837891 0.189453 0.832031 0.191406 0.830078 0.195312 0.830078 0.197266 0.832031 0.199219 0.832031
0 0.765625 0.845703 0.765625 0.849609 0.761719 0.849609 0.759766 0.847656 0.763672 0.843750
0 0.658203 0.849609 0.658203 0.853516 0.654297 0.853516 0.652344 0.851562 0.656250 0.847656
0 0.298828 0.855469 0.298828 0.859375 0.294922 0.859375 0.292969 0.857422 0.296875 0.853516
0 0.191406 0.857422 0.191406 0.861328 0.187500 0.861328 0.185547 0.859375 0.189453 0.855469
0 0.320312 0.857422 0.320312 0.861328 0.316406 0.861328 0.314453 0.859375 0.318359 0.855469
0 0.814453 0.857422 0.814453 0.861328 0.810547 0.861328 0.808594 0.859375 0.812500 0.855469
0 0.771484 0.865234 0.771484 0.869141 0.767578 0.869141 0.765625 0.867188 0.769531 0.863281
0 0.326172 0.882812 0.326172 0.886719 0.322266 0.886719 0.320312 0.884766 0.324219 0.880859
0 0.736328 0.882812 0.736328 0.886719 0.732422 0.886719 0.730469 0.884766 0.734375 0.880859
0 0.337891 0.886719 0.337891 0.890625 0.333984 0.890625 0.332031 0.888672 0.335938 0.884766
0 0.687500 0.888672 0.687500 0.892578 0.683594 0.892578 0.681641 0.890625 0.685547 0.886719
0 0.597656 0.898438 0.597656 0.902344 0.593750 0.902344 0.591797 0.900391 0.595703 0.896484
0 0.320312 0.902344 0.320312 0.906250 0.316406 0.906250 0.314453 0.904297 0.318359 0.900391
0 0.337891 0.902344 0.337891 0.906250 0.333984 0.906250 0.332031 0.904297 0.335938 0.900391
0 0.687500 0.904297 0.687500 0.908203 0.683594 0.908203 0.681641 0.906250 0.685547 0.902344
0 0.500000 0.908203 0.500000 0.912109 0.496094 0.912109 0.494141 0.910156 0.498047 0.906250
0 0.373047 0.917969 0.373047 0.921875 0.369141 0.921875 0.367188 0.919922 0.371094 0.916016
0 0.890625 0.917969 0.890625 0.921875 0.886719 0.921875 0.884766 0.919922 0.888672 0.916016
0 0.597656 0.919922 0.597656 0.923828 0.593750 0.923828 0.591797 0.921875 0.595703 0.917969
0 0.798828 0.941406 0.798828 0.945312 0.794922 0.945312 0.792969 0.943359 0.796875 0.939453
0 0.667969 0.943359 0.667969 0.947266 0.664062 0.947266 0.662109 0.945312 0.666016 0.941406
0 0.923828 0.964844 0.923828 0.968750 0.919922 0.968750 0.917969 0.966797 0.921875 0.962891
0 0.986328 0.970703 0.986328 0.974609 0.982422 0.974609 0.980469 0.972656 0.984375 0.968750
0 0.783203 0.988281 0.783203 0.992188 0.779297 0.992188 0.777344 0.990234 0.781250 0.986328
0 0.722656 0.992188 0.722656 0.996094 0.718750 0.996094 0.716797 0.994141 0.720703 0.990234
0 0.390625 0.996094 0.390625 0.998047 0.384766 0.998047 0.388672 0.994141
0 0.439453 0.996094 0.439453 0.998047 0.433594 0.998047 0.437500 0.994141
