0 0.117188 0.074219 0.115234 0.076172 0.115234 0.082031 0.119141 0.085938 0.123047 0.085938 0.125000 0.087891 0.128906 0.083984 0.128906 0.078125 0.125000 0.074219
0 0.896484 0.093750 0.894531 0.093750 0.892578 0.095703 0.892578 0.097656 0.894531 0.099609 0.896484 0.097656 0.898438 0.097656 0.898438 0.095703
0 0.421875 0.105469 0.419922 0.107422 0.419922 0.111328 0.421875 0.111328 0.423828 0.109375 0.423828 0.107422
0 0.648438 0.146484 0.646484 0.148438 0.646484 0.150391 0.648438 0.152344 0.650391 0.152344 0.652344 0.150391 0.652344 0.148438 0.650391 0.146484
0 0.419922 0.171875 0.416016 0.175781 0.416016 0.179688 0.419922 0.183594 0.421875 0.183594 0.425781 0.179688 0.425781 0.175781 0.421875 0.171875
0 0.253906 0.193359 0.255859 0.197266 0.253906 0.205078 0.263672 0.220703 0.271484 0.220703 0.279297 0.212891 0.283203 0.214844 0.292969 0.214844 0.294922 0.212891 0.292969 0.207031 0.287109 0.208984 0.277344 0.199219 0.277344 0.195312 0.271484 0.189453 0.257812 0.189453
0 0.230469 0.207031 0.228516 0.208984 0.228516 0.210938 0.230469 0.212891 0.232422 0.210938 0.232422 0.208984
0 0.136719 0.214844 0.134766 0.216797 0.134766 0.218750 0.136719 0.220703 0.138672 0.220703 0.140625 0.218750
0 0.361328 0.236328 0.359375 0.238281 0.359375 0.240234 0.361328 0.242188 0.363281 0.242188 0.365234 0.240234 0.365234 0.238281 0.363281 0.236328
0 0.474609 0.234375 0.472656 0.236328 0.472656 0.238281 0.474609 0.240234 0.476562 0.240234 0.476562 0.234375
0 0.382812 0.242188 0.384766 0.242188 0.386719 0.240234 0.382812 0.240234
0 0.822266 0.244141 0.824219 0.246094 0.828125 0.246094 0.828125 0.244141 0.826172 0.242188 0.824219 0.242188
0 0.345703 0.248047 0.345703 0.250000 0.349609 0.250000 0.347656 0.248047
0 0.125000 0.257812 0.125000 0.261719 0.126953 0.263672 0.132812 0.263672 0.134766 0.261719 0.134766 0.257812 0.132812 0.255859 0.128906 0.255859 0.126953 0.257812
0 0.375000 0.259766 0.373047 0.261719 0.373047 0.267578 0.376953 0.271484 0.380859 0.271484 0.382812 0.269531 0.382812 0.265625 0.384766 0.263672 0.380859 0.259766
0 0.357422 0.263672 0.355469 0.265625 0.353516 0.265625 0.351562 0.267578 0.351562 0.271484 0.353516 0.273438 0.355469 0.273438 0.357422 0.275391 0.363281 0.269531 0.361328 0.267578 0.361328 0.265625 0.359375 0.265625
0 0.316406 0.269531 0.314453 0.271484 0.314453 0.275391 0.316406 0.277344 0.318359 0.277344 0.320312 0.275391 0.320312 0.271484 0.318359 0.269531
0 0.408203 0.283203 0.404297 0.283203 0.402344 0.285156 0.402344 0.289062 0.404297 0.289062 0.406250 0.291016 0.406250 0.292969 0.408203 0.291016 0.410156 0.291016 0.412109 0.289062 0.410156 0.287109 0.412109 0.285156 0.410156 0.285156
0 0.253906 0.287109 0.246094 0.287109 0.240234 0.291016 0.238281 0.294922 0.238281 0.320312 0.244141 0.324219 0.251953 0.322266 0.259766 0.314453 0.267578 0.316406 0.271484 0.312500 0.271484 0.306641 0.263672 0.302734 0.261719 0.292969
0 0.339844 0.298828 0.332031 0.304688 0.326172 0.304688 0.328125 0.308594 0.330078 0.306641 0.335938 0.310547 0.330078 0.316406 0.324219 0.318359 0.328125 0.324219 0.328125 0.328125 0.335938 0.335938 0.345703 0.330078 0.347656 0.322266 0.341797 0.318359 0.351562 0.310547 0.351562 0.306641
0 0.281250 0.302734 0.279297 0.304688 0.279297 0.308594 0.281250 0.310547 0.283203 0.310547 0.283203 0.304688
0 0.359375 0.302734 0.361328 0.304688 0.359375 0.306641 0.361328 0.308594 0.361328 0.310547 0.359375 0.312500 0.361328 0.312500 0.363281 0.314453 0.367188 0.314453 0.369141 0.312500 0.369141 0.306641 0.365234 0.302734 0.363281 0.302734 0.361328 0.304688
1 0.474609 0.300781 0.470703 0.304688 0.470703 0.308594 0.474609 0.312500 0.474609 0.314453 0.476562 0.316406 0.474609 0.318359 0.474609 0.328125 0.480469 0.333984 0.482422 0.333984 0.486328 0.337891 0.490234 0.337891 0.492188 0.335938 0.492188 0.333984 0.494141 0.332031 0.494141 0.330078 0.496094 0.328125 0.496094 0.326172 0.492188 0.322266 0.492188 0.320312 0.488281 0.316406 0.484375 0.316406 0.480469 0.312500 0.480469 0.304688 0.476562 0.300781
0 0.310547 0.312500 0.308594 0.314453 0.304688 0.310547 0.302734 0.312500 0.296875 0.312500 0.292969 0.316406 0.292969 0.324219 0.294922 0.326172 0.294922 0.332031 0.296875 0.330078 0.298828 0.332031 0.302734 0.332031 0.304688 0.330078 0.308594 0.330078 0.310547 0.328125 0.310547 0.318359 0.312500 0.316406 0.310547 0.314453
0 0.656250 0.308594 0.656250 0.312500 0.658203 0.314453 0.660156 0.314453 0.662109 0.312500 0.662109 0.310547 0.660156 0.308594
0 0.400391 0.312500 0.396484 0.312500 0.394531 0.314453 0.392578 0.314453 0.386719 0.320312 0.388672 0.326172 0.392578 0.330078 0.400391 0.330078 0.404297 0.326172 0.406250 0.326172 0.404297 0.324219 0.406250 0.322266 0.406250 0.320312 0.404297 0.318359 0.404297 0.316406
0 0.876953 0.318359 0.876953 0.320312 0.878906 0.322266 0.880859 0.322266 0.882812 0.320312 0.884766 0.320312 0.882812 0.318359 0.882812 0.316406 0.878906 0.316406
0 0.371094 0.328125 0.369141 0.326172 0.367188 0.326172 0.365234 0.328125 0.365234 0.332031 0.369141 0.332031 0.371094 0.330078
0 0.408203 0.335938 0.406250 0.337891 0.406250 0.339844 0.404297 0.341797 0.408203 0.345703 0.414062 0.345703 0.416016 0.343750 0.416016 0.339844 0.412109 0.335938
0 0.328125 0.343750 0.326172 0.343750 0.322266 0.347656 0.322266 0.349609 0.320312 0.351562 0.320312 0.353516 0.324219 0.357422 0.328125 0.353516 0.328125 0.351562 0.326172 0.349609 0.328125 0.347656 0.330078 0.347656 0.330078 0.345703
0 0.337891 0.349609 0.335938 0.351562 0.335938 0.353516 0.339844 0.357422 0.339844 0.359375 0.341797 0.361328 0.347656 0.361328 0.349609 0.359375 0.349609 0.347656 0.343750 0.347656 0.341797 0.349609
0 0.949219 0.347656 0.947266 0.349609 0.947266 0.353516 0.949219 0.355469 0.953125 0.355469 0.955078 0.353516 0.955078 0.349609 0.953125 0.347656
0 0.304688 0.353516 0.300781 0.353516 0.298828 0.355469 0.298828 0.363281 0.300781 0.365234 0.300781 0.367188 0.302734 0.367188 0.308594 0.361328 0.310547 0.361328 0.312500 0.359375 0.310547 0.361328 0.308594 0.359375 0.308594 0.357422
0 0.480469 0.351562 0.478516 0.353516 0.478516 0.355469 0.480469 0.357422 0.484375 0.357422 0.486328 0.355469 0.486328 0.353516 0.484375 0.351562
1 0.316406 0.361328 0.312500 0.365234 0.312500 0.367188 0.314453 0.369141 0.314453 0.375000 0.320312 0.380859 0.322266 0.380859 0.324219 0.382812 0.330078 0.382812 0.332031 0.380859 0.332031 0.378906 0.320312 0.367188 0.320312 0.363281 0.318359 0.361328
0 0.294922 0.375000 0.289062 0.375000 0.289062 0.376953 0.287109 0.378906 0.285156 0.378906 0.287109 0.380859 0.285156 0.382812 0.287109 0.384766 0.287109 0.386719 0.289062 0.384766 0.292969 0.384766 0.294922 0.382812
0 0.363281 0.388672 0.359375 0.392578 0.361328 0.392578 0.363281 0.394531 0.365234 0.394531 0.367188 0.392578 0.367188 0.390625 0.365234 0.388672
0 0.410156 0.386719 0.408203 0.388672 0.408203 0.392578 0.410156 0.394531 0.414062 0.394531 0.416016 0.392578 0.416016 0.386719
0 0.511719 0.390625 0.509766 0.392578 0.509766 0.394531 0.511719 0.396484 0.513672 0.394531 0.513672 0.392578
1 0.994141 0.390625 0.992188 0.392578 0.992188 0.394531 0.990234 0.396484 0.990234 0.402344 0.994141 0.406250 0.996094 0.406250 0.998047 0.408203 0.998047 0.390625
0 0.294922 0.396484 0.292969 0.398438 0.294922 0.400391 0.296875 0.400391 0.296875 0.396484
0 0.421875 0.396484 0.419922 0.398438 0.419922 0.404297 0.421875 0.402344 0.423828 0.402344 0.425781 0.404297 0.425781 0.402344 0.427734 0.400391 0.427734 0.398438 0.425781 0.396484
0 0.279297 0.398438 0.275391 0.398438 0.273438 0.400391 0.273438 0.404297 0.271484 0.406250 0.271484 0.408203 0.273438 0.410156 0.275391 0.410156 0.281250 0.404297 0.281250 0.400391
0 0.845703 0.404297 0.843750 0.406250 0.843750 0.410156 0.847656 0.414062 0.849609 0.414062 0.853516 0.410156 0.853516 0.408203 0.849609 0.404297
0 0.406250 0.410156 0.406250 0.412109 0.412109 0.417969 0.412109 0.419922 0.419922 0.419922 0.419922 0.412109 0.417969 0.410156 0.419922 0.408203 0.417969 0.410156 0.414062 0.406250 0.412109 0.406250 0.410156 0.408203 0.408203 0.408203
0 0.875000 0.408203 0.878906 0.412109 0.878906 0.414062 0.880859 0.416016 0.882812 0.414062 0.884766 0.414062 0.884766 0.412109 0.886719 0.410156 0.884766 0.408203 0.880859 0.408203 0.878906 0.406250 0.876953 0.406250
0 0.966797 0.406250 0.966797 0.408203 0.964844 0.410156 0.966797 0.412109 0.966797 0.414062 0.970703 0.414062 0.972656 0.412109 0.972656 0.408203 0.970703 0.406250
0 0.880859 0.419922 0.878906 0.419922 0.873047 0.425781 0.873047 0.427734 0.875000 0.429688 0.876953 0.427734 0.880859 0.427734
0 0.437500 0.425781 0.435547 0.423828 0.433594 0.423828 0.431641 0.425781 0.431641 0.427734 0.435547 0.427734
0 0.472656 0.429688 0.470703 0.431641 0.470703 0.433594 0.472656 0.435547 0.474609 0.435547 0.474609 0.431641
0 0.548828 0.437500 0.548828 0.435547 0.546875 0.433594 0.546875 0.431641 0.544922 0.433594 0.542969 0.433594 0.541016 0.435547 0.542969 0.437500
1 0.167969 0.433594 0.164062 0.437500 0.162109 0.437500 0.162109 0.439453 0.164062 0.441406 0.164062 0.443359 0.166016 0.445312 0.166016 0.447266 0.164062 0.449219 0.164062 0.451172 0.166016 0.453125 0.167969 0.453125 0.171875 0.457031 0.171875 0.458984 0.171875 0.455078 0.173828 0.453125 0.173828 0.451172 0.175781 0.449219 0.175781 0.447266 0.173828 0.447266 0.171875 0.445312 0.171875 0.437500 0.173828 0.435547 0.171875 0.435547 0.171875 0.437500 0.169922 0.439453 0.166016 0.439453 0.164062 0.437500 0.166016 0.435547 0.167969 0.435547
0 0.435547 0.445312 0.433594 0.445312 0.431641 0.443359 0.429688 0.443359 0.425781 0.447266 0.425781 0.453125 0.431641 0.453125 0.433594 0.451172 0.435547 0.451172
1 0.537109 0.449219 0.535156 0.447266 0.533203 0.447266 0.531250 0.449219 0.531250 0.451172 0.529297 0.453125 0.531250 0.451172 0.533203 0.453125
0 0.695312 0.447266 0.693359 0.449219 0.693359 0.451172 0.695312 0.453125 0.699219 0.453125 0.701172 0.455078 0.701172 0.451172 0.697266 0.447266
0 0.546875 0.451172 0.546875 0.458984 0.548828 0.460938 0.552734 0.460938 0.554688 0.458984 0.554688 0.453125 0.552734 0.451172
0 0.546875 0.466797 0.544922 0.468750 0.542969 0.468750 0.541016 0.470703 0.541016 0.472656 0.544922 0.476562 0.548828 0.472656 0.548828 0.470703 0.546875 0.468750
0 0.861328 0.464844 0.859375 0.466797 0.859375 0.470703 0.861328 0.472656 0.863281 0.472656 0.863281 0.468750 0.865234 0.466797 0.863281 0.464844
0 0.826172 0.472656 0.820312 0.478516 0.824219 0.482422 0.830078 0.482422 0.828125 0.480469 0.830078 0.478516 0.830078 0.476562
0 0.351562 0.482422 0.351562 0.484375 0.353516 0.486328 0.353516 0.490234 0.357422 0.490234 0.359375 0.488281 0.359375 0.484375 0.357422 0.482422 0.355469 0.482422 0.353516 0.484375
0 0.515625 0.486328 0.511719 0.486328 0.509766 0.488281 0.513672 0.492188 0.515625 0.490234
1 0.529297 0.496094 0.533203 0.501953 0.533203 0.509766 0.539062 0.503906 0.546875 0.505859 0.552734 0.501953 0.558594 0.505859 0.556641 0.511719 0.560547 0.515625 0.566406 0.511719 0.574219 0.515625 0.564453 0.501953 0.560547 0.501953 0.558594 0.505859 0.550781 0.496094 0.552734 0.492188 0.541016 0.484375
0 0.576172 0.490234 0.574219 0.492188 0.574219 0.496094 0.576172 0.498047 0.580078 0.498047 0.580078 0.496094 0.582031 0.494141 0.582031 0.492188 0.580078 0.490234
0 0.785156 0.490234 0.783203 0.490234 0.781250 0.492188 0.779297 0.492188 0.783203 0.496094 0.785156 0.494141
1 0.373047 0.501953 0.371094 0.500000 0.369141 0.500000 0.365234 0.496094 0.363281 0.496094 0.359375 0.500000 0.359375 0.501953 0.357422 0.503906 0.357422 0.505859 0.355469 0.507812 0.357422 0.509766 0.355469 0.511719 0.353516 0.511719 0.349609 0.515625 0.347656 0.515625 0.345703 0.517578 0.341797 0.517578 0.339844 0.519531 0.343750 0.523438 0.345703 0.523438 0.351562 0.517578 0.353516 0.517578 0.353516 0.515625 0.355469 0.513672 0.355469 0.511719 0.357422 0.509766 0.359375 0.511719 0.367188 0.503906 0.371094 0.503906
0 0.458984 0.498047 0.460938 0.500000 0.457031 0.501953 0.457031 0.519531 0.460938 0.525391 0.464844 0.527344 0.470703 0.527344 0.478516 0.519531 0.482422 0.507812 0.478516 0.503906 0.478516 0.501953 0.472656 0.498047 0.462891 0.498047 0.460938 0.500000
0 0.406250 0.503906 0.402344 0.503906 0.400391 0.505859 0.400391 0.507812 0.402344 0.509766 0.404297 0.509766 0.406250 0.507812
0 0.599609 0.503906 0.599609 0.509766 0.601562 0.511719 0.601562 0.513672 0.605469 0.513672 0.605469 0.511719 0.607422 0.509766 0.607422 0.505859 0.605469 0.503906
0 0.906250 0.515625 0.904297 0.515625 0.902344 0.517578 0.902344 0.521484 0.906250 0.521484 0.908203 0.519531 0.906250 0.517578
0 0.392578 0.525391 0.390625 0.527344 0.392578 0.529297 0.394531 0.527344
1 0.652344 0.525391 0.652344 0.527344 0.650391 0.529297 0.650391 0.531250 0.656250 0.537109 0.656250 0.539062 0.662109 0.539062 0.664062 0.541016 0.664062 0.535156 0.660156 0.531250 0.660156 0.529297 0.656250 0.525391
0 0.371094 0.531250 0.371094 0.533203 0.369141 0.535156 0.369141 0.537109 0.371094 0.539062 0.375000 0.539062 0.378906 0.535156 0.375000 0.531250
0 0.910156 0.531250 0.906250 0.535156 0.906250 0.542969 0.908203 0.544922 0.914062 0.544922 0.914062 0.542969 0.916016 0.541016 0.916016 0.537109 0.914062 0.535156 0.914062 0.533203 0.912109 0.531250
0 0.632812 0.544922 0.626953 0.548828 0.626953 0.552734 0.623047 0.556641 0.623047 0.560547 0.625000 0.562500 0.626953 0.570312 0.632812 0.572266 0.636719 0.576172 0.636719 0.578125 0.640625 0.580078 0.642578 0.578125 0.642578 0.574219 0.650391 0.564453 0.648438 0.562500 0.650391 0.556641 0.640625 0.544922
0 0.667969 0.546875 0.666016 0.544922 0.664062 0.544922 0.662109 0.546875 0.658203 0.546875 0.654297 0.550781 0.656250 0.552734 0.660156 0.552734 0.662109 0.554688 0.666016 0.554688 0.667969 0.552734
0 0.421875 0.548828 0.417969 0.548828 0.417969 0.550781 0.416016 0.552734 0.419922 0.556641 0.423828 0.552734 0.423828 0.550781
0 0.724609 0.552734 0.720703 0.552734 0.718750 0.554688 0.718750 0.556641 0.716797 0.558594 0.716797 0.560547 0.718750 0.562500 0.722656 0.562500 0.726562 0.558594 0.726562 0.554688
0 0.759766 0.552734 0.757812 0.554688 0.755859 0.554688 0.755859 0.556641 0.757812 0.558594 0.759766 0.558594 0.761719 0.556641 0.761719 0.554688
0 0.785156 0.556641 0.783203 0.558594 0.785156 0.560547 0.787109 0.558594
0 0.382812 0.568359 0.380859 0.568359 0.375000 0.574219 0.375000 0.583984 0.376953 0.585938 0.378906 0.585938 0.380859 0.583984 0.382812 0.583984 0.382812 0.582031 0.384766 0.580078 0.384766 0.576172 0.386719 0.574219 0.386719 0.572266
0 0.654297 0.568359 0.652344 0.570312 0.652344 0.572266 0.654297 0.574219 0.656250 0.574219 0.658203 0.572266 0.658203 0.570312 0.656250 0.568359
1 0.607422 0.580078 0.605469 0.582031 0.605469 0.591797 0.607422 0.591797 0.609375 0.593750 0.607422 0.595703 0.605469 0.595703 0.609375 0.599609 0.617188 0.599609 0.623047 0.605469 0.623047 0.607422 0.625000 0.609375 0.625000 0.611328 0.626953 0.613281 0.632812 0.607422 0.632812 0.605469 0.630859 0.603516 0.630859 0.601562 0.626953 0.597656 0.626953 0.589844 0.621094 0.589844 0.619141 0.587891 0.617188 0.587891 0.611328 0.582031 0.609375 0.582031
0 0.710938 0.578125 0.710938 0.580078 0.712891 0.582031 0.714844 0.580078 0.712891 0.578125
0 0.957031 0.578125 0.955078 0.580078 0.953125 0.580078 0.953125 0.582031 0.949219 0.587891 0.949219 0.595703 0.953125 0.601562 0.957031 0.601562 0.960938 0.597656 0.960938 0.595703 0.962891 0.593750 0.962891 0.585938 0.960938 0.583984 0.960938 0.582031
0 0.560547 0.591797 0.554688 0.595703 0.554688 0.603516 0.556641 0.605469 0.556641 0.607422 0.558594 0.607422 0.560547 0.609375 0.566406 0.609375 0.568359 0.607422 0.570312 0.607422 0.570312 0.605469 0.572266 0.603516 0.572266 0.597656 0.570312 0.595703 0.570312 0.593750 0.568359 0.593750 0.566406 0.591797
0 0.591797 0.589844 0.587891 0.589844 0.580078 0.595703 0.578125 0.593750 0.580078 0.595703 0.578125 0.597656 0.580078 0.599609 0.580078 0.609375 0.587891 0.617188 0.589844 0.615234 0.593750 0.615234 0.593750 0.613281 0.597656 0.609375 0.597656 0.605469 0.601562 0.601562 0.599609 0.601562 0.595703 0.597656 0.595703 0.593750
1 0.123047 0.595703 0.123047 0.597656 0.117188 0.603516 0.119141 0.605469 0.117188 0.607422 0.119141 0.605469 0.121094 0.607422 0.119141 0.605469 0.121094 0.603516 0.123047 0.603516 0.121094 0.601562 0.121094 0.599609 0.123047 0.597656
1 0.363281 0.601562 0.363281 0.603516 0.365234 0.605469 0.363281 0.607422 0.365234 0.607422 0.367188 0.609375 0.365234 0.611328 0.365234 0.615234 0.371094 0.621094 0.371094 0.623047 0.375000 0.626953 0.382812 0.626953 0.386719 0.623047 0.388672 0.623047 0.388672 0.621094 0.386719 0.619141 0.386719 0.617188 0.382812 0.613281 0.376953 0.613281 0.375000 0.615234 0.373047 0.613281 0.371094 0.613281 0.365234 0.607422 0.365234 0.605469 0.367188 0.603516 0.365234 0.601562
0 0.410156 0.603516 0.408203 0.601562 0.406250 0.601562 0.406250 0.603516 0.404297 0.605469 0.404297 0.607422 0.402344 0.609375 0.404297 0.607422 0.406250 0.609375 0.408203 0.609375 0.410156 0.607422
0 0.535156 0.601562 0.531250 0.605469 0.529297 0.611328 0.531250 0.613281 0.531250 0.615234 0.537109 0.621094 0.544922 0.621094 0.548828 0.617188 0.548828 0.607422 0.544922 0.603516 0.544922 0.601562
0 0.201172 0.609375 0.195312 0.615234 0.195312 0.617188 0.203125 0.625000 0.207031 0.621094 0.208984 0.621094 0.210938 0.619141 0.208984 0.617188 0.208984 0.615234 0.203125 0.609375
0 0.927734 0.613281 0.927734 0.617188 0.929688 0.619141 0.931641 0.619141 0.933594 0.617188 0.935547 0.617188 0.935547 0.613281 0.933594 0.611328 0.929688 0.611328
1 0.949219 0.609375 0.947266 0.611328 0.947266 0.613281 0.953125 0.619141 0.953125 0.623047 0.955078 0.623047 0.953125 0.621094 0.953125 0.619141 0.951172 0.617188 0.955078 0.613281 0.955078 0.611328 0.953125 0.609375
0 0.246094 0.613281 0.244141 0.615234 0.246094 0.617188 0.248047 0.617188 0.246094 0.615234
1 0.257812 0.621094 0.259766 0.619141 0.263672 0.619141 0.265625 0.621094 0.271484 0.615234 0.269531 0.615234 0.267578 0.613281 0.261719 0.613281 0.261719 0.615234 0.257812 0.619141
0 0.832031 0.613281 0.830078 0.615234 0.830078 0.625000 0.832031 0.626953 0.839844 0.626953 0.841797 0.625000 0.841797 0.617188 0.837891 0.613281
0 0.232422 0.621094 0.230469 0.619141 0.228516 0.621094
0 0.638672 0.630859 0.636719 0.628906 0.634766 0.630859 0.632812 0.630859 0.628906 0.626953 0.626953 0.626953 0.621094 0.630859 0.619141 0.636719 0.623047 0.642578 0.626953 0.642578 0.626953 0.640625 0.628906 0.638672 0.636719 0.638672 0.640625 0.634766 0.638672 0.632812
0 0.515625 0.628906 0.515625 0.630859 0.517578 0.630859 0.517578 0.628906
0 0.498047 0.648438 0.498047 0.650391 0.496094 0.652344 0.498047 0.654297 0.500000 0.654297 0.501953 0.652344 0.501953 0.650391 0.500000 0.648438
0 0.349609 0.652344 0.347656 0.654297 0.347656 0.658203 0.349609 0.660156 0.351562 0.660156 0.353516 0.658203 0.353516 0.654297 0.351562 0.652344
0 0.712891 0.666016 0.708984 0.669922 0.708984 0.677734 0.712891 0.681641 0.720703 0.681641 0.722656 0.679688 0.722656 0.673828 0.720703 0.671875 0.720703 0.669922 0.718750 0.667969 0.716797 0.667969 0.714844 0.666016
1 0.527344 0.667969 0.525391 0.669922 0.523438 0.669922 0.523438 0.673828 0.529297 0.679688 0.529297 0.683594 0.531250 0.681641 0.529297 0.679688 0.529297 0.675781 0.531250 0.673828 0.531250 0.669922 0.529297 0.669922
0 0.587891 0.667969 0.585938 0.667969 0.583984 0.669922 0.582031 0.669922 0.582031 0.671875 0.580078 0.673828 0.580078 0.675781 0.583984 0.679688 0.587891 0.679688 0.591797 0.675781 0.591797 0.671875
0 0.634766 0.669922 0.632812 0.671875 0.626953 0.671875 0.621094 0.679688 0.621094 0.687500 0.625000 0.695312 0.630859 0.701172 0.638672 0.701172 0.638672 0.699219 0.642578 0.695312 0.642578 0.677734 0.640625 0.673828
0 0.378906 0.677734 0.376953 0.679688 0.376953 0.683594 0.378906 0.685547 0.380859 0.685547 0.382812 0.683594 0.382812 0.679688 0.380859 0.677734
0 0.677734 0.675781 0.673828 0.679688 0.671875 0.679688 0.671875 0.681641 0.673828 0.679688 0.675781 0.681641 0.675781 0.683594 0.677734 0.683594 0.679688 0.685547 0.679688 0.683594 0.681641 0.681641 0.683594 0.681641 0.679688 0.677734 0.679688 0.675781
0 0.880859 0.677734 0.880859 0.679688 0.878906 0.681641 0.876953 0.681641 0.876953 0.685547 0.878906 0.687500 0.880859 0.687500 0.882812 0.689453 0.886719 0.685547 0.886719 0.681641 0.882812 0.677734
0 0.603516 0.685547 0.599609 0.685547 0.597656 0.687500 0.595703 0.687500 0.595703 0.689453 0.593750 0.691406 0.593750 0.699219 0.597656 0.699219 0.599609 0.697266 0.599609 0.695312 0.603516 0.691406
0 0.980469 0.683594 0.980469 0.687500 0.982422 0.687500 0.984375 0.689453 0.986328 0.687500 0.986328 0.685547 0.984375 0.683594
0 0.648438 0.691406 0.654297 0.691406 0.654297 0.689453 0.652344 0.687500 0.650391 0.687500 0.650391 0.689453
0 0.740234 0.687500 0.740234 0.689453 0.738281 0.691406 0.736328 0.691406 0.734375 0.693359 0.736328 0.695312 0.734375 0.697266 0.734375 0.699219 0.736328 0.701172 0.736328 0.703125 0.738281 0.703125 0.740234 0.705078 0.744141 0.705078 0.748047 0.701172 0.748047 0.699219 0.746094 0.697266 0.746094 0.693359 0.744141 0.691406 0.744141 0.689453 0.742188 0.689453
0 0.951172 0.687500 0.949219 0.689453 0.949219 0.697266 0.951172 0.699219 0.951172 0.701172 0.957031 0.701172 0.960938 0.697266 0.960938 0.693359 0.958984 0.691406 0.958984 0.689453 0.957031 0.687500
0 0.396484 0.693359 0.396484 0.697266 0.398438 0.699219 0.400391 0.699219 0.402344 0.697266 0.402344 0.693359
0 0.525391 0.697266 0.525391 0.699219 0.523438 0.701172 0.527344 0.705078 0.531250 0.705078 0.531250 0.697266
0 0.671875 0.695312 0.669922 0.695312 0.671875 0.697266 0.671875 0.699219 0.669922 0.701172 0.666016 0.701172 0.667969 0.703125 0.667969 0.705078 0.669922 0.705078 0.669922 0.703125 0.671875 0.701172 0.673828 0.701172 0.671875 0.699219 0.673828 0.697266
0 0.509766 0.718750 0.511719 0.720703 0.511719 0.722656 0.517578 0.722656 0.521484 0.726562 0.533203 0.726562 0.537109 0.722656 0.537109 0.714844 0.533203 0.714844 0.531250 0.712891 0.525391 0.710938 0.521484 0.707031 0.519531 0.707031 0.519531 0.712891
0 0.597656 0.708984 0.595703 0.710938 0.593750 0.710938 0.593750 0.718750 0.595703 0.718750 0.597656 0.720703 0.599609 0.720703 0.603516 0.716797 0.603516 0.712891 0.599609 0.708984
0 0.791016 0.714844 0.789062 0.712891 0.787109 0.712891 0.785156 0.714844 0.785156 0.716797 0.789062 0.716797
0 0.654297 0.722656 0.656250 0.724609 0.652344 0.728516 0.652344 0.730469 0.656250 0.734375 0.662109 0.734375 0.664062 0.732422 0.669922 0.732422 0.667969 0.730469 0.667969 0.728516 0.669922 0.726562 0.667969 0.726562 0.664062 0.720703 0.662109 0.720703 0.660156 0.718750 0.658203 0.718750
0 0.384766 0.722656 0.384766 0.724609 0.382812 0.726562 0.382812 0.732422 0.386719 0.732422 0.388672 0.730469 0.388672 0.726562
0 0.496094 0.724609 0.500000 0.724609 0.501953 0.726562 0.501953 0.722656 0.498047 0.722656
0 0.689453 0.724609 0.687500 0.726562 0.685547 0.726562 0.681641 0.730469 0.681641 0.732422 0.685547 0.736328 0.685547 0.738281 0.687500 0.736328 0.693359 0.736328 0.695312 0.734375 0.695312 0.728516 0.693359 0.728516
1 0.812500 0.726562 0.812500 0.728516 0.814453 0.730469 0.814453 0.728516
0 0.462891 0.736328 0.460938 0.738281 0.460938 0.740234 0.462891 0.742188 0.464844 0.740234 0.464844 0.738281
0 0.816406 0.736328 0.812500 0.740234 0.812500 0.746094 0.816406 0.750000 0.822266 0.744141 0.822266 0.742188
0 0.494141 0.740234 0.492188 0.742188 0.492188 0.746094 0.494141 0.746094 0.496094 0.744141 0.496094 0.742188
0 0.519531 0.740234 0.519531 0.742188 0.515625 0.746094 0.515625 0.753906 0.521484 0.759766 0.525391 0.759766 0.529297 0.763672 0.535156 0.763672 0.537109 0.761719 0.537109 0.757812 0.533203 0.751953 0.533203 0.746094 0.531250 0.744141 0.531250 0.742188 0.527344 0.738281 0.523438 0.738281 0.521484 0.740234
0 0.416016 0.746094 0.414062 0.748047 0.414062 0.753906 0.416016 0.755859 0.417969 0.755859 0.419922 0.753906 0.419922 0.748047 0.417969 0.746094
0 0.726562 0.746094 0.724609 0.746094 0.722656 0.748047 0.720703 0.748047 0.720703 0.750000 0.718750 0.751953 0.720703 0.753906 0.720703 0.757812 0.722656 0.759766 0.726562 0.759766 0.730469 0.755859 0.730469 0.750000
0 0.843750 0.750000 0.845703 0.751953 0.847656 0.750000 0.849609 0.750000 0.851562 0.748047 0.849609 0.746094 0.845703 0.746094 0.843750 0.748047
0 0.748047 0.753906 0.748047 0.759766 0.746094 0.761719 0.746094 0.765625 0.744141 0.767578 0.744141 0.769531 0.746094 0.771484 0.763672 0.771484 0.767578 0.765625 0.765625 0.763672 0.765625 0.761719 0.759766 0.755859 0.757812 0.755859 0.755859 0.753906 0.753906 0.755859 0.751953 0.753906
0 0.373047 0.757812 0.371094 0.759766 0.371094 0.761719 0.373047 0.763672 0.375000 0.763672 0.376953 0.761719 0.376953 0.759766 0.375000 0.757812
0 0.160156 0.767578 0.156250 0.763672 0.154297 0.763672 0.150391 0.767578 0.150391 0.769531 0.152344 0.771484 0.156250 0.771484
0 0.283203 0.763672 0.283203 0.765625 0.281250 0.767578 0.281250 0.769531 0.285156 0.773438 0.289062 0.773438 0.292969 0.769531 0.292969 0.767578 0.291016 0.765625 0.292969 0.763672
0 0.500000 0.761719 0.500000 0.771484 0.503906 0.771484 0.503906 0.763672 0.501953 0.761719
0 0.458984 0.765625 0.453125 0.771484 0.455078 0.773438 0.455078 0.777344 0.457031 0.779297 0.464844 0.779297 0.464844 0.773438 0.466797 0.771484 0.460938 0.765625
0 0.632812 0.765625 0.632812 0.767578 0.628906 0.771484 0.628906 0.773438 0.630859 0.775391 0.630859 0.777344 0.632812 0.779297 0.632812 0.781250 0.634766 0.779297 0.638672 0.779297 0.640625 0.777344 0.640625 0.775391 0.642578 0.773438 0.636719 0.767578 0.634766 0.767578
0 0.843750 0.771484 0.843750 0.777344 0.845703 0.777344 0.847656 0.779297 0.849609 0.779297 0.849609 0.777344 0.851562 0.775391 0.851562 0.773438 0.849609 0.773438 0.847656 0.771484
0 0.531250 0.773438 0.529297 0.773438 0.527344 0.775391 0.527344 0.777344 0.529297 0.779297 0.531250 0.777344
0 0.482422 0.779297 0.478516 0.783203 0.480469 0.785156 0.482422 0.783203
0 0.925781 0.777344 0.923828 0.779297 0.923828 0.781250 0.925781 0.783203 0.927734 0.783203 0.929688 0.781250
0 0.539062 0.783203 0.537109 0.785156 0.537109 0.787109 0.539062 0.787109
0 0.664062 0.783203 0.664062 0.785156 0.660156 0.789062 0.660156 0.792969 0.664062 0.796875 0.666016 0.796875 0.669922 0.792969 0.669922 0.787109 0.667969 0.785156 0.666016 0.785156
0 0.761719 0.781250 0.757812 0.781250 0.755859 0.783203 0.755859 0.785156 0.757812 0.787109 0.759766 0.787109 0.761719 0.785156
1 0.531250 0.787109 0.529297 0.787109 0.523438 0.792969 0.525391 0.792969
0 0.937500 0.785156 0.933594 0.789062 0.933594 0.798828 0.935547 0.800781 0.941406 0.800781 0.943359 0.798828 0.945312 0.798828 0.945312 0.791016 0.943359 0.789062 0.943359 0.787109 0.941406 0.785156
0 0.857422 0.789062 0.855469 0.791016 0.855469 0.802734 0.861328 0.808594 0.869141 0.808594 0.871094 0.806641 0.871094 0.796875 0.869141 0.794922 0.869141 0.792969 0.865234 0.789062
0 0.570312 0.798828 0.570312 0.800781 0.576172 0.806641 0.578125 0.806641 0.580078 0.804688 0.583984 0.804688 0.585938 0.802734 0.589844 0.802734 0.591797 0.800781 0.591797 0.796875 0.589844 0.794922 0.583984 0.794922 0.582031 0.792969 0.576172 0.792969 0.574219 0.794922 0.572266 0.794922 0.572266 0.796875
0 0.320312 0.798828 0.318359 0.800781 0.320312 0.802734 0.322266 0.802734 0.322266 0.800781
0 0.269531 0.800781 0.267578 0.802734 0.267578 0.804688 0.265625 0.806641 0.265625 0.812500 0.267578 0.814453 0.269531 0.814453 0.273438 0.810547 0.275391 0.810547 0.277344 0.812500 0.277344 0.810547 0.279297 0.808594 0.279297 0.804688 0.275391 0.800781
0 0.296875 0.802734 0.292969 0.806641 0.292969 0.812500 0.294922 0.814453 0.298828 0.814453 0.300781 0.812500 0.300781 0.806641
0 0.730469 0.800781 0.730469 0.802734 0.728516 0.804688 0.732422 0.808594 0.734375 0.806641 0.734375 0.802734 0.732422 0.802734
0 0.320312 0.806641 0.322266 0.808594 0.318359 0.812500 0.320312 0.814453 0.322266 0.814453 0.324219 0.812500 0.326172 0.812500 0.326172 0.810547 0.322266 0.806641
0 0.515625 0.816406 0.515625 0.818359 0.513672 0.820312 0.515625 0.822266 0.519531 0.822266 0.521484 0.820312 0.521484 0.818359 0.519531 0.816406
0 0.677734 0.820312 0.675781 0.820312 0.673828 0.822266 0.675781 0.824219 0.675781 0.826172 0.677734 0.824219
0 0.703125 0.820312 0.701172 0.822266 0.701172 0.824219 0.703125 0.824219 0.705078 0.826172 0.707031 0.826172 0.707031 0.822266 0.705078 0.820312
0 0.794922 0.822266 0.791016 0.822266 0.785156 0.828125 0.785156 0.833984 0.791016 0.839844 0.792969 0.839844 0.794922 0.837891 0.796875 0.837891 0.798828 0.835938 0.798828 0.826172
0 0.748047 0.826172 0.748047 0.828125 0.746094 0.830078 0.750000 0.833984 0.751953 0.833984 0.753906 0.832031 0.753906 0.828125 0.751953 0.826172
1 0.640625 0.832031 0.638672 0.832031 0.638672 0.833984 0.636719 0.835938 0.634766 0.833984 0.634766 0.835938 0.632812 0.837891 0.630859 0.835938 0.628906 0.835938 0.626953 0.837891 0.621094 0.837891 0.621094 0.845703 0.623047 0.847656 0.628906 0.847656 0.632812 0.843750 0.632812 0.839844 0.634766 0.837891 0.638672 0.837891 0.638672 0.835938 0.640625 0.833984
0 0.630859 0.855469 0.628906 0.857422 0.628906 0.863281 0.632812 0.867188 0.636719 0.867188 0.638672 0.869141 0.638672 0.867188 0.640625 0.865234 0.640625 0.863281 0.642578 0.861328 0.636719 0.855469
0 0.566406 0.859375 0.562500 0.859375 0.562500 0.863281 0.564453 0.865234 0.566406 0.863281
0 0.658203 0.861328 0.658203 0.865234 0.660156 0.867188 0.662109 0.867188 0.664062 0.869141 0.667969 0.869141 0.669922 0.867188 0.671875 0.869141 0.671875 0.867188 0.673828 0.865234 0.667969 0.859375 0.660156 0.859375
0 0.966797 0.861328 0.964844 0.863281 0.966797 0.865234 0.968750 0.865234 0.970703 0.863281 0.968750 0.861328
0 0.708984 0.863281 0.705078 0.867188 0.705078 0.871094 0.707031 0.873047 0.712891 0.873047 0.712891 0.867188
0 0.511719 0.888672 0.521484 0.898438 0.529297 0.898438 0.531250 0.894531 0.544922 0.910156 0.542969 0.914062 0.548828 0.910156 0.558594 0.910156 0.560547 0.914062 0.556641 0.923828 0.566406 0.923828 0.568359 0.917969 0.562500 0.910156 0.572266 0.900391 0.572266 0.884766 0.568359 0.876953 0.542969 0.871094 0.537109 0.873047 0.531250 0.884766 0.525391 0.878906 0.519531 0.886719
0 0.650391 0.880859 0.644531 0.880859 0.644531 0.884766 0.638672 0.884766 0.632812 0.892578 0.634766 0.896484 0.628906 0.914062 0.632812 0.931641 0.638672 0.937500 0.636719 0.943359 0.640625 0.937500 0.662109 0.939453 0.671875 0.931641 0.669922 0.929688 0.675781 0.921875 0.671875 0.906250 0.673828 0.904297 0.669922 0.902344 0.666016 0.888672 0.654297 0.888672 0.648438 0.884766
0 0.917969 0.896484 0.917969 0.908203 0.933594 0.923828 0.941406 0.923828 0.953125 0.910156 0.962891 0.916016 0.982422 0.902344 0.976562 0.898438 0.972656 0.902344 0.960938 0.902344 0.955078 0.906250 0.949219 0.898438 0.949219 0.892578 0.933594 0.880859
0 0.705078 0.894531 0.703125 0.896484 0.705078 0.898438 0.705078 0.904297 0.703125 0.906250 0.703125 0.910156 0.707031 0.914062 0.712891 0.914062 0.716797 0.910156 0.716797 0.906250 0.714844 0.904297 0.714844 0.902344 0.712891 0.900391 0.712891 0.898438 0.708984 0.894531
0 0.808594 0.898438 0.804688 0.894531 0.802734 0.896484 0.800781 0.896484 0.800781 0.902344 0.806641 0.902344 0.808594 0.900391
0 0.613281 0.910156 0.611328 0.912109 0.611328 0.916016 0.619141 0.923828 0.621094 0.923828 0.625000 0.919922 0.619141 0.914062 0.619141 0.912109 0.617188 0.910156
0 0.785156 0.910156 0.783203 0.912109 0.783203 0.914062 0.785156 0.916016 0.787109 0.916016 0.789062 0.914062 0.789062 0.912109 0.787109 0.910156
0 0.335938 0.916016 0.333984 0.917969 0.335938 0.919922 0.337891 0.919922 0.339844 0.917969 0.337891 0.916016
1 0.537109 0.933594 0.527344 0.945312 0.527344 0.957031 0.531250 0.960938 0.531250 0.962891 0.539062 0.968750 0.541016 0.972656 0.539062 0.976562 0.541016 0.980469 0.539062 0.986328 0.546875 0.996094 0.548828 0.996094 0.548828 0.992188 0.550781 0.990234 0.552734 0.992188 0.552734 0.996094 0.554688 0.996094 0.554688 0.980469 0.556641 0.978516 0.558594 0.980469 0.558594 0.996094 0.562500 0.996094 0.562500 0.986328 0.566406 0.982422 0.566406 0.972656 0.550781 0.951172 0.550781 0.947266 0.546875 0.943359 0.546875 0.939453 0.541016 0.933594
0 0.576172 0.933594 0.574219 0.935547 0.574219 0.937500 0.576172 0.939453 0.578125 0.939453 0.580078 0.937500 0.580078 0.935547 0.578125 0.933594
0 0.609375 0.937500 0.609375 0.943359 0.611328 0.943359 0.613281 0.945312 0.615234 0.943359 0.615234 0.941406 0.613281 0.939453 0.613281 0.937500 0.611328 0.939453
0 0.908203 0.937500 0.908203 0.939453 0.904297 0.941406 0.904297 0.947266 0.902344 0.949219 0.902344 0.953125 0.904297 0.955078 0.902344 0.957031 0.904297 0.955078 0.910156 0.960938 0.914062 0.962891 0.919922 0.962891 0.925781 0.957031 0.925781 0.953125 0.927734 0.951172 0.923828 0.949219 0.921875 0.943359 0.916016 0.937500
0 0.849609 0.945312 0.845703 0.949219 0.845703 0.951172 0.843750 0.953125 0.843750 0.960938 0.845703 0.962891 0.849609 0.962891 0.851562 0.964844 0.857422 0.964844 0.857422 0.962891 0.861328 0.958984 0.861328 0.957031 0.863281 0.955078 0.863281 0.953125 0.861328 0.951172 0.861328 0.947266 0.859375 0.945312
0 0.429688 0.964844 0.427734 0.966797 0.427734 0.968750 0.429688 0.970703 0.431641 0.970703 0.435547 0.966797 0.433594 0.966797 0.431641 0.964844
0 0.404297 0.968750 0.402344 0.970703 0.402344 0.972656 0.404297 0.974609 0.406250 0.974609 0.408203 0.972656 0.408203 0.970703 0.406250 0.968750
0 0.783203 0.978516 0.785156 0.976562 0.787109 0.978516 0.787109 0.980469 0.785156 0.982422 0.787109 0.984375 0.787109 0.988281 0.789062 0.990234 0.791016 0.990234 0.792969 0.992188 0.796875 0.992188 0.802734 0.988281 0.802734 0.980469 0.798828 0.976562 0.794922 0.976562 0.792969 0.974609 0.789062 0.974609
0 0.656250 0.976562 0.654297 0.976562 0.652344 0.978516 0.652344 0.980469 0.650391 0.982422 0.648438 0.982422 0.642578 0.988281 0.636719 0.990234 0.634766 0.992188 0.632812 0.998047 0.660156 0.998047 0.660156 0.994141 0.658203 0.992188 0.658203 0.980469 0.656250 0.978516
0 0.816406 0.976562 0.810547 0.982422 0.810547 0.988281 0.814453 0.992188 0.816406 0.992188 0.818359 0.994141 0.820312 0.994141 0.820312 0.992188 0.822266 0.990234 0.824219 0.990234 0.824219 0.980469 0.820312 0.976562
0 0.837891 0.980469 0.833984 0.984375 0.833984 0.988281 0.835938 0.990234 0.835938 0.992188 0.839844 0.992188 0.841797 0.994141 0.847656 0.988281 0.847656 0.986328 0.845703 0.984375 0.845703 0.982422 0.843750 0.980469
0 0.513672 0.990234 0.509766 0.994141 0.511719 0.996094 0.511719 0.998047 0.515625 0.998047 0.515625 0.992188
0 0.917969 0.996094 0.917969 0.998047 0.927734 0.998047 0.921875 0.992188 0.919922 0.992188 0.919922 0.994141
1 0.703125 0.998047 0.716797 0.998047 0.714844 0.996094 0.707031 0.996094 0.705078 0.998047
0 0.308594 0.005859 0.308594 0.009766 0.304688 0.009766 0.302734 0.007812 0.306641 0.003906
0 0.091797 0.025391 0.091797 0.029297 0.087891 0.029297 0.085938 0.027344 0.089844 0.023438
0 0.302734 0.025391 0.302734 0.029297 0.298828 0.029297 0.296875 0.027344 0.300781 0.023438
0 0.287109 0.048828 0.287109 0.052734 0.283203 0.052734 0.281250 0.050781 0.285156 0.046875
0 0.433594 0.058594 0.433594 0.062500 0.429688 0.062500 0.427734 0.060547 0.431641 0.056641
0 0.501953 0.068359 0.501953 0.072266 0.498047 0.072266 0.496094 0.070312 0.500000 0.066406
0 0.716797 0.091797 0.716797 0.095703 0.712891 0.095703 0.710938 0.093750 0.714844 0.089844
0 0.853516 0.105469 0.853516 0.109375 0.849609 0.109375 0.847656 0.107422 0.851562 0.103516
0 0.023438 0.121094 0.023438 0.125000 0.019531 0.125000 0.017578 0.123047 0.021484 0.119141
0 0.892578 0.136719 0.892578 0.140625 0.888672 0.140625 0.886719 0.138672 0.890625 0.134766
0 0.044922 0.144531 0.044922 0.148438 0.041016 0.148438 0.039062 0.146484 0.042969 0.142578
0 0.777344 0.146484 0.777344 0.150391 0.773438 0.150391 0.771484 0.148438 0.775391 0.144531
0 0.304688 0.156250 0.304688 0.160156 0.300781 0.160156 0.298828 0.158203 0.302734 0.154297
0 0.062500 0.169922 0.062500 0.173828 0.058594 0.173828 0.056641 0.171875 0.060547 0.167969
0 0.833984 0.173828 0.833984 0.177734 0.830078 0.177734 0.828125 0.175781 0.832031 0.171875
0 0.050781 0.177734 0.050781 0.181641 0.046875 0.181641 0.044922 0.179688 0.048828 0.175781
0 0.869141 0.185547 0.869141 0.189453 0.865234 0.189453 0.863281 0.187500 0.867188 0.183594
0 0.208984 0.187500 0.208984 0.191406 0.205078 0.191406 0.203125 0.189453 0.207031 0.185547
0 0.132812 0.191406 0.132812 0.195312 0.128906 0.195312 0.126953 0.193359 0.130859 0.189453
0 0.064453 0.195312 0.064453 0.199219 0.060547 0.199219 0.058594 0.197266 0.062500 0.193359
0 0.916016 0.195312 0.916016 0.199219 0.912109 0.199219 0.910156 0.197266 0.914062 0.193359
0 0.242188 0.197266 0.242188 0.201172 0.238281 0.201172 0.236328 0.199219 0.240234 0.195312
0 0.443359 0.197266 0.443359 0.201172 0.439453 0.201172 0.437500 0.199219 0.441406 0.195312
0 0.785156 0.199219 0.785156 0.203125 0.781250 0.203125 0.779297 0.201172 0.783203 0.197266
0 0.046875 0.207031 0.046875 0.210938 0.042969 0.210938 0.041016 0.208984 0.044922 0.205078
0 0.052734 0.208984 0.052734 0.212891 0.048828 0.212891 0.046875 0.210938 0.050781 0.207031
0 0.908203 0.210938 0.908203 0.214844 0.904297 0.214844 0.902344 0.212891 0.906250 0.208984
0 0.044922 0.214844 0.044922 0.218750 0.041016 0.218750 0.039062 0.216797 0.042969 0.212891
0 0.480469 0.216797 0.480469 0.220703 0.476562 0.220703 0.474609 0.218750 0.478516 0.214844
0 0.072266 0.220703 0.070312 0.222656 0.070312 0.224609 0.068359 0.226562 0.062500 0.226562 0.060547 0.224609 0.060547 0.222656 0.058594 0.220703 0.058594 0.218750 0.060547 0.216797 0.060547 0.214844 0.062500 0.212891 0.068359 0.212891 0.070312 0.214844 0.070312 0.216797 0.072266 0.218750
0 0.080078 0.222656 0.078125 0.222656 0.076172 0.224609 0.072266 0.224609 0.070312 0.222656 0.070312 0.216797 0.072266 0.214844 0.076172 0.214844 0.078125 0.216797 0.080078 0.216797
0 0.087891 0.220703 0.087891 0.224609 0.083984 0.224609 0.082031 0.222656 0.085938 0.218750
0 0.046875 0.224609 0.046875 0.228516 0.042969 0.228516 0.041016 0.226562 0.044922 0.222656
0 0.771484 0.226562 0.771484 0.230469 0.767578 0.230469 0.765625 0.228516 0.769531 0.224609
0 0.052734 0.230469 0.052734 0.234375 0.048828 0.234375 0.046875 0.232422 0.050781 0.228516
0 0.107422 0.230469 0.107422 0.234375 0.103516 0.234375 0.101562 0.232422 0.105469 0.228516
0 0.039062 0.232422 0.039062 0.236328 0.035156 0.236328 0.033203 0.234375 0.037109 0.230469
0 0.082031 0.234375 0.082031 0.238281 0.078125 0.238281 0.076172 0.236328 0.080078 0.232422
0 0.173828 0.236328 0.173828 0.240234 0.169922 0.240234 0.167969 0.238281 0.171875 0.234375
0 0.746094 0.236328 0.746094 0.240234 0.742188 0.240234 0.740234 0.238281 0.744141 0.234375
0 0.068359 0.244141 0.066406 0.244141 0.064453 0.246094 0.060547 0.246094 0.058594 0.244141 0.058594 0.238281 0.060547 0.236328 0.064453 0.236328 0.066406 0.238281 0.068359 0.238281
0 0.046875 0.244141 0.046875 0.248047 0.042969 0.248047 0.041016 0.246094 0.044922 0.242188
0 0.072266 0.253906 0.072266 0.257812 0.068359 0.257812 0.066406 0.255859 0.070312 0.251953
0 0.158203 0.253906 0.158203 0.257812 0.154297 0.257812 0.152344 0.255859 0.156250 0.251953
0 0.291016 0.253906 0.291016 0.257812 0.287109 0.257812 0.285156 0.255859 0.289062 0.251953
0 0.056641 0.255859 0.056641 0.259766 0.052734 0.259766 0.050781 0.257812 0.054688 0.253906
0 0.080078 0.257812 0.080078 0.261719 0.076172 0.261719 0.074219 0.259766 0.078125 0.255859
0 0.048828 0.259766 0.048828 0.263672 0.044922 0.263672 0.042969 0.261719 0.046875 0.257812
0 0.105469 0.259766 0.105469 0.263672 0.101562 0.263672 0.099609 0.261719 0.103516 0.257812
0 0.421875 0.259766 0.421875 0.263672 0.417969 0.263672 0.416016 0.261719 0.419922 0.257812
0 0.410156 0.267578 0.408203 0.267578 0.406250 0.269531 0.402344 0.269531 0.400391 0.267578 0.400391 0.261719 0.402344 0.259766 0.406250 0.259766 0.408203 0.261719 0.410156 0.261719
0 0.343750 0.271484 0.343750 0.275391 0.339844 0.275391 0.337891 0.273438 0.341797 0.269531
0 0.193359 0.273438 0.193359 0.277344 0.189453 0.277344 0.187500 0.275391 0.191406 0.271484
0 0.423828 0.283203 0.423828 0.287109 0.419922 0.287109 0.417969 0.285156 0.421875 0.281250
0 0.470703 0.291016 0.470703 0.294922 0.466797 0.294922 0.464844 0.292969 0.468750 0.289062
0 0.107422 0.292969 0.107422 0.296875 0.103516 0.296875 0.101562 0.294922 0.105469 0.291016
0 0.423828 0.294922 0.423828 0.298828 0.419922 0.298828 0.417969 0.296875 0.421875 0.292969
0 0.433594 0.294922 0.433594 0.298828 0.429688 0.298828 0.427734 0.296875 0.431641 0.292969
0 0.123047 0.300781 0.123047 0.304688 0.119141 0.304688 0.117188 0.302734 0.121094 0.298828
0 0.187500 0.308594 0.187500 0.312500 0.183594 0.312500 0.181641 0.310547 0.185547 0.306641
0 0.083984 0.312500 0.083984 0.316406 0.080078 0.316406 0.078125 0.314453 0.082031 0.310547
0 0.447266 0.322266 0.447266 0.326172 0.443359 0.326172 0.441406 0.324219 0.445312 0.320312
0 0.283203 0.324219 0.283203 0.328125 0.279297 0.328125 0.277344 0.326172 0.281250 0.322266
0 0.320312 0.324219 0.320312 0.328125 0.316406 0.328125 0.314453 0.326172 0.318359 0.322266
0 0.359375 0.324219 0.359375 0.328125 0.355469 0.328125 0.353516 0.326172 0.357422 0.322266
0 0.998047 0.324219 0.998047 0.330078 0.996094 0.330078 0.994141 0.328125
0 0.236328 0.328125 0.236328 0.332031 0.232422 0.332031 0.230469 0.330078 0.234375 0.326172
0 0.726562 0.328125 0.726562 0.332031 0.722656 0.332031 0.720703 0.330078 0.724609 0.326172
0 0.205078 0.332031 0.205078 0.335938 0.201172 0.335938 0.199219 0.333984 0.203125 0.330078
0 0.248047 0.335938 0.248047 0.339844 0.244141 0.339844 0.242188 0.337891 0.246094 0.333984
0 0.123047 0.337891 0.123047 0.341797 0.119141 0.341797 0.117188 0.339844 0.121094 0.335938
0 0.859375 0.339844 0.859375 0.343750 0.855469 0.343750 0.853516 0.341797 0.857422 0.337891
0 0.359375 0.341797 0.359375 0.345703 0.355469 0.345703 0.353516 0.343750 0.357422 0.339844
0 0.298828 0.343750 0.298828 0.347656 0.294922 0.347656 0.292969 0.345703 0.296875 0.341797
0 0.369141 0.343750 0.369141 0.347656 0.365234 0.347656 0.363281 0.345703 0.367188 0.341797
0 0.232422 0.345703 0.232422 0.349609 0.228516 0.349609 0.226562 0.347656 0.230469 0.343750
0 0.125000 0.347656 0.125000 0.351562 0.121094 0.351562 0.119141 0.349609 0.123047 0.345703
0 0.562500 0.351562 0.562500 0.355469 0.558594 0.355469 0.556641 0.353516 0.560547 0.349609
0 0.140625 0.357422 0.140625 0.361328 0.136719 0.361328 0.134766 0.359375 0.138672 0.355469
0 0.226562 0.357422 0.226562 0.361328 0.222656 0.361328 0.220703 0.359375 0.224609 0.355469
0 0.154297 0.361328 0.154297 0.365234 0.150391 0.365234 0.148438 0.363281 0.152344 0.359375
0 0.556641 0.361328 0.556641 0.365234 0.552734 0.365234 0.550781 0.363281 0.554688 0.359375
0 0.347656 0.367188 0.347656 0.371094 0.343750 0.371094 0.341797 0.369141 0.345703 0.365234
0 0.410156 0.371094 0.410156 0.375000 0.406250 0.375000 0.404297 0.373047 0.408203 0.369141
0 0.501953 0.371094 0.501953 0.375000 0.498047 0.375000 0.496094 0.373047 0.500000 0.369141
0 0.259766 0.373047 0.259766 0.376953 0.255859 0.376953 0.253906 0.375000 0.257812 0.371094
0 0.345703 0.375000 0.345703 0.378906 0.341797 0.378906 0.339844 0.376953 0.343750 0.373047
0 0.888672 0.375000 0.888672 0.378906 0.884766 0.378906 0.882812 0.376953 0.886719 0.373047
0 0.185547 0.376953 0.185547 0.380859 0.181641 0.380859 0.179688 0.378906 0.183594 0.375000
0 0.205078 0.376953 0.205078 0.380859 0.201172 0.380859 0.199219 0.378906 0.203125 0.375000
0 0.527344 0.384766 0.527344 0.388672 0.523438 0.388672 0.521484 0.386719 0.525391 0.382812
0 0.703125 0.384766 0.703125 0.388672 0.699219 0.388672 0.697266 0.386719 0.701172 0.382812
0 0.488281 0.386719 0.488281 0.390625 0.484375 0.390625 0.482422 0.388672 0.486328 0.384766
0 0.314453 0.388672 0.314453 0.392578 0.310547 0.392578 0.308594 0.390625 0.312500 0.386719
0 0.324219 0.388672 0.324219 0.392578 0.320312 0.392578 0.318359 0.390625 0.322266 0.386719
0 0.548828 0.388672 0.548828 0.392578 0.544922 0.392578 0.542969 0.390625 0.546875 0.386719
0 0.675781 0.388672 0.675781 0.392578 0.671875 0.392578 0.669922 0.390625 0.673828 0.386719
0 0.681641 0.388672 0.681641 0.392578 0.677734 0.392578 0.675781 0.390625 0.679688 0.386719
0 0.376953 0.390625 0.376953 0.394531 0.373047 0.394531 0.371094 0.392578 0.375000 0.388672
0 0.820312 0.398438 0.820312 0.402344 0.816406 0.402344 0.814453 0.400391 0.818359 0.396484
0 0.351562 0.402344 0.351562 0.406250 0.347656 0.406250 0.345703 0.404297 0.349609 0.400391
0 0.486328 0.404297 0.486328 0.408203 0.482422 0.408203 0.480469 0.406250 0.484375 0.402344
0 0.552734 0.404297 0.552734 0.408203 0.548828 0.408203 0.546875 0.406250 0.550781 0.402344
0 0.591797 0.404297 0.591797 0.408203 0.587891 0.408203 0.585938 0.406250 0.589844 0.402344
0 0.640625 0.408203 0.640625 0.412109 0.636719 0.412109 0.634766 0.410156 0.638672 0.406250
0 0.826172 0.414062 0.826172 0.417969 0.822266 0.417969 0.820312 0.416016 0.824219 0.412109
0 0.818359 0.416016 0.818359 0.419922 0.814453 0.419922 0.812500 0.417969 0.816406 0.414062
0 0.501953 0.419922 0.501953 0.423828 0.498047 0.423828 0.496094 0.421875 0.500000 0.417969
0 0.648438 0.419922 0.648438 0.423828 0.644531 0.423828 0.642578 0.421875 0.646484 0.417969
0 0.552734 0.421875 0.552734 0.425781 0.548828 0.425781 0.546875 0.423828 0.550781 0.419922
0 0.677734 0.427734 0.677734 0.431641 0.673828 0.431641 0.671875 0.429688 0.675781 0.425781
0 0.425781 0.433594 0.425781 0.437500 0.421875 0.437500 0.419922 0.435547 0.423828 0.431641
0 0.625000 0.433594 0.625000 0.437500 0.621094 0.437500 0.619141 0.435547 0.623047 0.431641
0 0.558594 0.435547 0.558594 0.439453 0.554688 0.439453 0.552734 0.437500 0.556641 0.433594
0 0.673828 0.439453 0.673828 0.443359 0.669922 0.443359 0.667969 0.441406 0.671875 0.437500
0 0.912109 0.439453 0.912109 0.443359 0.908203 0.443359 0.906250 0.441406 0.910156 0.437500
0 0.361328 0.449219 0.361328 0.453125 0.357422 0.453125 0.355469 0.451172 0.359375 0.447266
0 0.796875 0.462891 0.796875 0.466797 0.792969 0.466797 0.791016 0.464844 0.794922 0.460938
0 0.458984 0.470703 0.458984 0.474609 0.455078 0.474609 0.453125 0.472656 0.457031 0.468750
0 0.705078 0.476562 0.705078 0.480469 0.701172 0.480469 0.699219 0.478516 0.703125 0.474609
0 0.916016 0.482422 0.914062 0.482422 0.912109 0.484375 0.908203 0.484375 0.906250 0.482422 0.906250 0.476562 0.908203 0.474609 0.912109 0.474609 0.914062 0.476562 0.916016 0.476562
0 0.431641 0.480469 0.431641 0.484375 0.427734 0.484375 0.425781 0.482422 0.429688 0.478516
0 0.468750 0.482422 0.468750 0.486328 0.464844 0.486328 0.462891 0.484375 0.466797 0.480469
0 0.484375 0.482422 0.484375 0.486328 0.480469 0.486328 0.478516 0.484375 0.482422 0.480469
0 0.525391 0.482422 0.525391 0.486328 0.521484 0.486328 0.519531 0.484375 0.523438 0.480469
0 0.769531 0.482422 0.769531 0.486328 0.765625 0.486328 0.763672 0.484375 0.767578 0.480469
0 0.501953 0.484375 0.501953 0.488281 0.498047 0.488281 0.496094 0.486328 0.500000 0.482422
0 0.455078 0.486328 0.455078 0.490234 0.451172 0.490234 0.449219 0.488281 0.453125 0.484375
0 0.484375 0.490234 0.484375 0.494141 0.480469 0.494141 0.478516 0.492188 0.482422 0.488281
0 0.667969 0.492188 0.667969 0.496094 0.664062 0.496094 0.662109 0.494141 0.666016 0.490234
0 0.505859 0.494141 0.505859 0.498047 0.501953 0.498047 0.500000 0.496094 0.503906 0.492188
0 0.492188 0.496094 0.492188 0.500000 0.488281 0.500000 0.486328 0.498047 0.490234 0.494141
0 0.593750 0.496094 0.593750 0.500000 0.589844 0.500000 0.587891 0.498047 0.591797 0.494141
0 0.423828 0.498047 0.423828 0.501953 0.419922 0.501953 0.417969 0.500000 0.421875 0.496094
0 0.728516 0.498047 0.728516 0.501953 0.724609 0.501953 0.722656 0.500000 0.726562 0.496094
0 0.824219 0.500000 0.824219 0.503906 0.820312 0.503906 0.818359 0.501953 0.822266 0.498047
0 0.439453 0.505859 0.439453 0.509766 0.435547 0.509766 0.433594 0.507812 0.437500 0.503906
0 0.433594 0.511719 0.433594 0.515625 0.429688 0.515625 0.427734 0.513672 0.431641 0.509766
0 0.765625 0.511719 0.765625 0.515625 0.761719 0.515625 0.759766 0.513672 0.763672 0.509766
0 0.386719 0.517578 0.384766 0.517578 0.382812 0.519531 0.378906 0.519531 0.376953 0.517578 0.376953 0.511719 0.378906 0.509766 0.382812 0.509766 0.384766 0.511719 0.386719 0.511719
0 0.396484 0.513672 0.396484 0.517578 0.392578 0.517578 0.390625 0.515625 0.394531 0.511719
0 0.441406 0.513672 0.441406 0.517578 0.437500 0.517578 0.435547 0.515625 0.439453 0.511719
0 0.781250 0.513672 0.781250 0.517578 0.777344 0.517578 0.775391 0.515625 0.779297 0.511719
0 0.404297 0.515625 0.404297 0.519531 0.400391 0.519531 0.398438 0.517578 0.402344 0.513672
0 0.447266 0.515625 0.447266 0.519531 0.443359 0.519531 0.441406 0.517578 0.445312 0.513672
0 0.636719 0.517578 0.634766 0.519531 0.634766 0.521484 0.632812 0.523438 0.626953 0.523438 0.625000 0.521484 0.625000 0.519531 0.623047 0.517578 0.623047 0.515625 0.625000 0.513672 0.625000 0.511719 0.626953 0.509766 0.632812 0.509766 0.634766 0.511719 0.634766 0.513672 0.636719 0.515625
0 0.611328 0.521484 0.611328 0.525391 0.607422 0.525391 0.605469 0.523438 0.609375 0.519531
0 0.517578 0.525391 0.517578 0.529297 0.513672 0.529297 0.511719 0.527344 0.515625 0.523438
0 0.888672 0.529297 0.886719 0.529297 0.884766 0.531250 0.880859 0.531250 0.878906 0.529297 0.878906 0.523438 0.880859 0.521484 0.884766 0.521484 0.886719 0.523438 0.888672 0.523438
0 0.406250 0.527344 0.406250 0.531250 0.402344 0.531250 0.400391 0.529297 0.404297 0.525391
0 0.455078 0.527344 0.455078 0.531250 0.451172 0.531250 0.449219 0.529297 0.453125 0.525391
0 0.580078 0.527344 0.580078 0.531250 0.576172 0.531250 0.574219 0.529297 0.578125 0.525391
0 0.689453 0.533203 0.689453 0.537109 0.685547 0.537109 0.683594 0.535156 0.687500 0.531250
0 0.500000 0.535156 0.500000 0.539062 0.496094 0.539062 0.494141 0.537109 0.498047 0.533203
0 0.419922 0.537109 0.419922 0.541016 0.416016 0.541016 0.414062 0.539062 0.417969 0.535156
0 0.392578 0.539062 0.392578 0.542969 0.388672 0.542969 0.386719 0.541016 0.390625 0.537109
0 0.470703 0.539062 0.470703 0.542969 0.466797 0.542969 0.464844 0.541016 0.468750 0.537109
0 0.480469 0.542969 0.480469 0.546875 0.476562 0.546875 0.474609 0.544922 0.478516 0.541016
0 0.507812 0.542969 0.507812 0.546875 0.503906 0.546875 0.501953 0.544922 0.505859 0.541016
0 0.455078 0.544922 0.455078 0.548828 0.451172 0.548828 0.449219 0.546875 0.453125 0.542969
0 0.617188 0.544922 0.617188 0.548828 0.613281 0.548828 0.611328 0.546875 0.615234 0.542969
0 0.531250 0.548828 0.531250 0.552734 0.527344 0.552734 0.525391 0.550781 0.529297 0.546875
0 0.515625 0.558594 0.515625 0.562500 0.511719 0.562500 0.509766 0.560547 0.513672 0.556641
0 0.568359 0.558594 0.568359 0.562500 0.564453 0.562500 0.562500 0.560547 0.566406 0.556641
0 0.605469 0.558594 0.605469 0.562500 0.601562 0.562500 0.599609 0.560547 0.603516 0.556641
0 0.466797 0.560547 0.466797 0.564453 0.462891 0.564453 0.460938 0.562500 0.464844 0.558594
0 0.679688 0.560547 0.679688 0.564453 0.675781 0.564453 0.673828 0.562500 0.677734 0.558594
0 0.509766 0.562500 0.509766 0.566406 0.505859 0.566406 0.503906 0.564453 0.507812 0.560547
0 0.593750 0.562500 0.593750 0.566406 0.589844 0.566406 0.587891 0.564453 0.591797 0.560547
0 0.611328 0.562500 0.611328 0.566406 0.607422 0.566406 0.605469 0.564453 0.609375 0.560547
0 0.876953 0.562500 0.876953 0.566406 0.873047 0.566406 0.871094 0.564453 0.875000 0.560547
0 0.410156 0.568359 0.408203 0.568359 0.406250 0.570312 0.402344 0.570312 0.400391 0.568359 0.400391 0.562500 0.402344 0.560547 0.406250 0.560547 0.408203 0.562500 0.410156 0.562500
0 0.515625 0.566406 0.515625 0.570312 0.511719 0.570312 0.509766 0.568359 0.513672 0.564453
0 0.566406 0.566406 0.566406 0.570312 0.562500 0.570312 0.560547 0.568359 0.564453 0.564453
0 0.439453 0.570312 0.439453 0.574219 0.435547 0.574219 0.433594 0.572266 0.437500 0.568359
0 0.546875 0.574219 0.546875 0.578125 0.542969 0.578125 0.541016 0.576172 0.544922 0.572266
0 0.738281 0.574219 0.738281 0.578125 0.734375 0.578125 0.732422 0.576172 0.736328 0.572266
0 0.896484 0.576172 0.896484 0.580078 0.892578 0.580078 0.890625 0.578125 0.894531 0.574219
0 0.406250 0.578125 0.406250 0.582031 0.402344 0.582031 0.400391 0.580078 0.404297 0.576172
0 0.566406 0.578125 0.566406 0.582031 0.562500 0.582031 0.560547 0.580078 0.564453 0.576172
0 0.574219 0.578125 0.574219 0.582031 0.570312 0.582031 0.568359 0.580078 0.572266 0.576172
0 0.595703 0.578125 0.595703 0.582031 0.591797 0.582031 0.589844 0.580078 0.593750 0.576172
0 0.632812 0.580078 0.632812 0.583984 0.628906 0.583984 0.626953 0.582031 0.630859 0.578125
0 0.687500 0.580078 0.687500 0.583984 0.683594 0.583984 0.681641 0.582031 0.685547 0.578125
0 0.453125 0.585938 0.453125 0.589844 0.449219 0.589844 0.447266 0.587891 0.451172 0.583984
0 0.464844 0.585938 0.464844 0.589844 0.460938 0.589844 0.458984 0.587891 0.462891 0.583984
0 0.646484 0.585938 0.646484 0.589844 0.642578 0.589844 0.640625 0.587891 0.644531 0.583984
0 0.458984 0.591797 0.458984 0.595703 0.455078 0.595703 0.453125 0.593750 0.457031 0.589844
0 0.546875 0.591797 0.546875 0.595703 0.542969 0.595703 0.541016 0.593750 0.544922 0.589844
0 0.789062 0.591797 0.789062 0.595703 0.785156 0.595703 0.783203 0.593750 0.787109 0.589844
0 0.435547 0.595703 0.435547 0.599609 0.431641 0.599609 0.429688 0.597656 0.433594 0.593750
0 0.507812 0.595703 0.507812 0.599609 0.503906 0.599609 0.501953 0.597656 0.505859 0.593750
0 0.355469 0.603516 0.355469 0.607422 0.351562 0.607422 0.349609 0.605469 0.353516 0.601562
0 0.658203 0.605469 0.658203 0.609375 0.654297 0.609375 0.652344 0.607422 0.656250 0.603516
0 0.390625 0.607422 0.390625 0.611328 0.386719 0.611328 0.384766 0.609375 0.388672 0.605469
0 0.398438 0.607422 0.398438 0.611328 0.394531 0.611328 0.392578 0.609375 0.396484 0.605469
0 0.441406 0.607422 0.441406 0.611328 0.437500 0.611328 0.435547 0.609375 0.439453 0.605469
0 0.453125 0.607422 0.453125 0.611328 0.449219 0.611328 0.447266 0.609375 0.451172 0.605469
0 0.609375 0.607422 0.609375 0.611328 0.605469 0.611328 0.603516 0.609375 0.607422 0.605469
0 0.802734 0.611328 0.802734 0.615234 0.798828 0.615234 0.796875 0.613281 0.800781 0.609375
0 0.679688 0.617188 0.677734 0.617188 0.675781 0.619141 0.671875 0.619141 0.669922 0.617188 0.669922 0.611328 0.671875 0.609375 0.675781 0.609375 0.677734 0.611328 0.679688 0.611328
0 0.876953 0.613281 0.876953 0.617188 0.873047 0.617188 0.871094 0.615234 0.875000 0.611328
0 0.564453 0.615234 0.564453 0.619141 0.560547 0.619141 0.558594 0.617188 0.562500 0.613281
0 0.648438 0.617188 0.648438 0.621094 0.644531 0.621094 0.642578 0.619141 0.646484 0.615234
0 0.048828 0.619141 0.048828 0.623047 0.044922 0.623047 0.042969 0.621094 0.046875 0.617188
0 0.558594 0.619141 0.558594 0.623047 0.554688 0.623047 0.552734 0.621094 0.556641 0.617188
0 0.351562 0.623047 0.351562 0.626953 0.347656 0.626953 0.345703 0.625000 0.349609 0.621094
0 0.359375 0.623047 0.359375 0.626953 0.355469 0.626953 0.353516 0.625000 0.357422 0.621094
0 0.367188 0.626953 0.367188 0.630859 0.363281 0.630859 0.361328 0.628906 0.365234 0.625000
0 0.650391 0.626953 0.650391 0.630859 0.646484 0.630859 0.644531 0.628906 0.648438 0.625000
0 0.576172 0.628906 0.576172 0.632812 0.572266 0.632812 0.570312 0.630859 0.574219 0.626953
0 0.376953 0.630859 0.376953 0.634766 0.373047 0.634766 0.371094 0.632812 0.375000 0.628906
0 0.609375 0.630859 0.609375 0.634766 0.605469 0.634766 0.603516 0.632812 0.607422 0.628906
0 0.656250 0.630859 0.656250 0.634766 0.652344 0.634766 0.650391 0.632812 0.654297 0.628906
0 0.531250 0.634766 0.531250 0.638672 0.527344 0.638672 0.525391 0.636719 0.529297 0.632812
0 0.554688 0.636719 0.554688 0.640625 0.550781 0.640625 0.548828 0.638672 0.552734 0.634766
0 0.564453 0.636719 0.564453 0.640625 0.560547 0.640625 0.558594 0.638672 0.562500 0.634766
0 0.667969 0.636719 0.667969 0.640625 0.664062 0.640625 0.662109 0.638672 0.666016 0.634766
0 0.990234 0.636719 0.990234 0.640625 0.986328 0.640625 0.984375 0.638672 0.988281 0.634766
0 0.349609 0.638672 0.349609 0.642578 0.345703 0.642578 0.343750 0.640625 0.347656 0.636719
0 0.355469 0.638672 0.355469 0.642578 0.351562 0.642578 0.349609 0.640625 0.353516 0.636719
0 0.998047 0.636719 0.998047 0.642578 0.996094 0.642578 0.994141 0.640625
0 0.945312 0.642578 0.945312 0.646484 0.941406 0.646484 0.939453 0.644531 0.943359 0.640625
0 0.955078 0.642578 0.955078 0.646484 0.951172 0.646484 0.949219 0.644531 0.953125 0.640625
0 0.515625 0.648438 0.515625 0.652344 0.511719 0.652344 0.509766 0.650391 0.513672 0.646484
0 0.640625 0.648438 0.640625 0.652344 0.636719 0.652344 0.634766 0.650391 0.638672 0.646484
0 0.677734 0.652344 0.675781 0.652344 0.673828 0.654297 0.669922 0.654297 0.667969 0.652344 0.667969 0.646484 0.669922 0.644531 0.673828 0.644531 0.675781 0.646484 0.677734 0.646484
0 0.326172 0.652344 0.326172 0.656250 0.322266 0.656250 0.320312 0.654297 0.324219 0.650391
0 0.597656 0.652344 0.597656 0.656250 0.593750 0.656250 0.591797 0.654297 0.595703 0.650391
0 0.632812 0.652344 0.632812 0.656250 0.628906 0.656250 0.626953 0.654297 0.630859 0.650391
0 0.863281 0.652344 0.863281 0.656250 0.859375 0.656250 0.857422 0.654297 0.861328 0.650391
0 0.064453 0.654297 0.064453 0.658203 0.060547 0.658203 0.058594 0.656250 0.062500 0.652344
0 0.365234 0.654297 0.365234 0.658203 0.361328 0.658203 0.359375 0.656250 0.363281 0.652344
0 0.421875 0.654297 0.421875 0.658203 0.417969 0.658203 0.416016 0.656250 0.419922 0.652344
0 0.617188 0.654297 0.617188 0.658203 0.613281 0.658203 0.611328 0.656250 0.615234 0.652344
0 0.724609 0.654297 0.724609 0.658203 0.720703 0.658203 0.718750 0.656250 0.722656 0.652344
0 0.792969 0.654297 0.792969 0.658203 0.789062 0.658203 0.787109 0.656250 0.791016 0.652344
0 0.921875 0.654297 0.921875 0.658203 0.917969 0.658203 0.916016 0.656250 0.919922 0.652344
0 0.531250 0.656250 0.531250 0.660156 0.527344 0.660156 0.525391 0.658203 0.529297 0.654297
0 0.609375 0.656250 0.609375 0.660156 0.605469 0.660156 0.603516 0.658203 0.607422 0.654297
0 0.736328 0.656250 0.736328 0.660156 0.732422 0.660156 0.730469 0.658203 0.734375 0.654297
0 0.562500 0.660156 0.562500 0.664062 0.558594 0.664062 0.556641 0.662109 0.560547 0.658203
0 0.451172 0.662109 0.451172 0.666016 0.447266 0.666016 0.445312 0.664062 0.449219 0.660156
0 0.453125 0.667969 0.453125 0.671875 0.449219 0.671875 0.447266 0.669922 0.451172 0.666016
0 0.447266 0.669922 0.447266 0.673828 0.443359 0.673828 0.441406 0.671875 0.445312 0.667969
0 0.736328 0.669922 0.736328 0.673828 0.732422 0.673828 0.730469 0.671875 0.734375 0.667969
0 0.441406 0.673828 0.441406 0.677734 0.437500 0.677734 0.435547 0.675781 0.439453 0.671875
0 0.085938 0.675781 0.085938 0.679688 0.082031 0.679688 0.080078 0.677734 0.083984 0.673828
0 0.453125 0.675781 0.453125 0.679688 0.449219 0.679688 0.447266 0.677734 0.451172 0.673828
0 0.464844 0.679688 0.464844 0.683594 0.460938 0.683594 0.458984 0.681641 0.462891 0.677734
0 0.701172 0.683594 0.699219 0.683594 0.697266 0.685547 0.693359 0.685547 0.691406 0.683594 0.691406 0.677734 0.693359 0.675781 0.697266 0.675781 0.699219 0.677734 0.701172 0.677734
0 0.406250 0.681641 0.406250 0.685547 0.402344 0.685547 0.400391 0.683594 0.404297 0.679688
0 0.083984 0.683594 0.083984 0.687500 0.080078 0.687500 0.078125 0.685547 0.082031 0.681641
0 0.316406 0.685547 0.316406 0.689453 0.312500 0.689453 0.310547 0.687500 0.314453 0.683594
0 0.367188 0.685547 0.367188 0.689453 0.363281 0.689453 0.361328 0.687500 0.365234 0.683594
0 0.416016 0.685547 0.416016 0.689453 0.412109 0.689453 0.410156 0.687500 0.414062 0.683594
0 0.552734 0.685547 0.552734 0.689453 0.548828 0.689453 0.546875 0.687500 0.550781 0.683594
0 0.615234 0.685547 0.615234 0.689453 0.611328 0.689453 0.609375 0.687500 0.613281 0.683594
0 0.763672 0.685547 0.763672 0.689453 0.759766 0.689453 0.757812 0.687500 0.761719 0.683594
0 0.441406 0.687500 0.441406 0.691406 0.437500 0.691406 0.435547 0.689453 0.439453 0.685547
0 0.548828 0.691406 0.548828 0.695312 0.544922 0.695312 0.542969 0.693359 0.546875 0.689453
0 0.439453 0.695312 0.439453 0.699219 0.435547 0.699219 0.433594 0.697266 0.437500 0.693359
0 0.687500 0.695312 0.687500 0.699219 0.683594 0.699219 0.681641 0.697266 0.685547 0.693359
0 0.705078 0.695312 0.705078 0.699219 0.701172 0.699219 0.699219 0.697266 0.703125 0.693359
0 0.806641 0.695312 0.806641 0.699219 0.802734 0.699219 0.800781 0.697266 0.804688 0.693359
0 0.654297 0.697266 0.654297 0.701172 0.650391 0.701172 0.648438 0.699219 0.652344 0.695312
0 0.064453 0.699219 0.064453 0.703125 0.060547 0.703125 0.058594 0.701172 0.062500 0.697266
0 0.277344 0.699219 0.277344 0.703125 0.273438 0.703125 0.271484 0.701172 0.275391 0.697266
0 0.375000 0.699219 0.375000 0.703125 0.371094 0.703125 0.369141 0.701172 0.373047 0.697266
0 0.542969 0.699219 0.542969 0.703125 0.539062 0.703125 0.537109 0.701172 0.541016 0.697266
0 0.859375 0.699219 0.859375 0.703125 0.855469 0.703125 0.853516 0.701172 0.857422 0.697266
0 0.361328 0.701172 0.361328 0.705078 0.357422 0.705078 0.355469 0.703125 0.359375 0.699219
0 0.707031 0.701172 0.707031 0.705078 0.703125 0.705078 0.701172 0.703125 0.705078 0.699219
0 0.687500 0.703125 0.687500 0.707031 0.683594 0.707031 0.681641 0.705078 0.685547 0.701172
0 0.080078 0.705078 0.080078 0.708984 0.076172 0.708984 0.074219 0.707031 0.078125 0.703125
0 0.619141 0.705078 0.619141 0.708984 0.615234 0.708984 0.613281 0.707031 0.617188 0.703125
0 0.816406 0.705078 0.816406 0.708984 0.812500 0.708984 0.810547 0.707031 0.814453 0.703125
0 0.357422 0.707031 0.357422 0.710938 0.353516 0.710938 0.351562 0.708984 0.355469 0.705078
0 0.419922 0.708984 0.419922 0.712891 0.416016 0.712891 0.414062 0.710938 0.417969 0.707031
0 0.244141 0.712891 0.244141 0.716797 0.240234 0.716797 0.238281 0.714844 0.242188 0.710938
0 0.748047 0.712891 0.748047 0.716797 0.744141 0.716797 0.742188 0.714844 0.746094 0.710938
0 0.173828 0.714844 0.173828 0.718750 0.169922 0.718750 0.167969 0.716797 0.171875 0.712891
0 0.394531 0.714844 0.394531 0.718750 0.390625 0.718750 0.388672 0.716797 0.392578 0.712891
0 0.400391 0.714844 0.400391 0.718750 0.396484 0.718750 0.394531 0.716797 0.398438 0.712891
0 0.984375 0.714844 0.984375 0.718750 0.980469 0.718750 0.978516 0.716797 0.982422 0.712891
0 0.271484 0.716797 0.271484 0.720703 0.267578 0.720703 0.265625 0.718750 0.269531 0.714844
0 0.277344 0.716797 0.277344 0.720703 0.273438 0.720703 0.271484 0.718750 0.275391 0.714844
0 0.423828 0.716797 0.423828 0.720703 0.419922 0.720703 0.417969 0.718750 0.421875 0.714844
0 0.628906 0.718750 0.628906 0.722656 0.625000 0.722656 0.623047 0.720703 0.626953 0.716797
0 0.066406 0.722656 0.066406 0.726562 0.062500 0.726562 0.060547 0.724609 0.064453 0.720703
0 0.205078 0.726562 0.205078 0.730469 0.201172 0.730469 0.199219 0.728516 0.203125 0.724609
0 0.474609 0.726562 0.474609 0.730469 0.470703 0.730469 0.468750 0.728516 0.472656 0.724609
0 0.882812 0.726562 0.882812 0.730469 0.878906 0.730469 0.876953 0.728516 0.880859 0.724609
0 0.921875 0.726562 0.921875 0.730469 0.917969 0.730469 0.916016 0.728516 0.919922 0.724609
0 0.234375 0.730469 0.234375 0.734375 0.230469 0.734375 0.228516 0.732422 0.232422 0.728516
0 0.425781 0.730469 0.425781 0.734375 0.421875 0.734375 0.419922 0.732422 0.423828 0.728516
0 0.486328 0.730469 0.486328 0.734375 0.482422 0.734375 0.480469 0.732422 0.484375 0.728516
0 0.494141 0.730469 0.494141 0.734375 0.490234 0.734375 0.488281 0.732422 0.492188 0.728516
0 0.609375 0.730469 0.609375 0.734375 0.605469 0.734375 0.603516 0.732422 0.607422 0.728516
0 0.578125 0.732422 0.578125 0.736328 0.574219 0.736328 0.572266 0.734375 0.576172 0.730469
0 0.728516 0.732422 0.728516 0.736328 0.724609 0.736328 0.722656 0.734375 0.726562 0.730469
0 0.947266 0.732422 0.947266 0.736328 0.943359 0.736328 0.941406 0.734375 0.945312 0.730469
0 0.349609 0.734375 0.349609 0.738281 0.345703 0.738281 0.343750 0.736328 0.347656 0.732422
0 0.976562 0.738281 0.974609 0.738281 0.972656 0.740234 0.968750 0.740234 0.966797 0.738281 0.966797 0.732422 0.968750 0.730469 0.972656 0.730469 0.974609 0.732422 0.976562 0.732422
0 0.759766 0.740234 0.759766 0.744141 0.755859 0.744141 0.753906 0.742188 0.757812 0.738281
0 0.144531 0.742188 0.144531 0.746094 0.140625 0.746094 0.138672 0.744141 0.142578 0.740234
0 0.439453 0.742188 0.439453 0.746094 0.435547 0.746094 0.433594 0.744141 0.437500 0.740234
0 0.671875 0.742188 0.671875 0.746094 0.667969 0.746094 0.666016 0.744141 0.669922 0.740234
0 0.125000 0.746094 0.125000 0.750000 0.121094 0.750000 0.119141 0.748047 0.123047 0.744141
0 0.296875 0.746094 0.296875 0.750000 0.292969 0.750000 0.291016 0.748047 0.294922 0.744141
0 0.345703 0.746094 0.345703 0.750000 0.341797 0.750000 0.339844 0.748047 0.343750 0.744141
0 0.462891 0.746094 0.462891 0.750000 0.458984 0.750000 0.457031 0.748047 0.460938 0.744141
0 0.625000 0.746094 0.625000 0.750000 0.621094 0.750000 0.619141 0.748047 0.623047 0.744141
0 0.681641 0.746094 0.681641 0.750000 0.677734 0.750000 0.675781 0.748047 0.679688 0.744141
0 0.861328 0.746094 0.861328 0.750000 0.857422 0.750000 0.855469 0.748047 0.859375 0.744141
0 0.619141 0.748047 0.619141 0.751953 0.615234 0.751953 0.613281 0.750000 0.617188 0.746094
0 0.769531 0.748047 0.769531 0.751953 0.765625 0.751953 0.763672 0.750000 0.767578 0.746094
0 0.779297 0.748047 0.779297 0.751953 0.775391 0.751953 0.773438 0.750000 0.777344 0.746094
0 0.660156 0.753906 0.658203 0.753906 0.656250 0.755859 0.652344 0.755859 0.650391 0.753906 0.650391 0.748047 0.652344 0.746094 0.656250 0.746094 0.658203 0.748047 0.660156 0.748047
0 0.904297 0.750000 0.904297 0.753906 0.900391 0.753906 0.898438 0.751953 0.902344 0.748047
0 0.330078 0.753906 0.330078 0.757812 0.326172 0.757812 0.324219 0.755859 0.328125 0.751953
0 0.386719 0.757812 0.386719 0.761719 0.382812 0.761719 0.380859 0.759766 0.384766 0.755859
0 0.123047 0.761719 0.123047 0.765625 0.119141 0.765625 0.117188 0.763672 0.121094 0.759766
0 0.140625 0.761719 0.140625 0.765625 0.136719 0.765625 0.134766 0.763672 0.138672 0.759766
0 0.691406 0.761719 0.691406 0.765625 0.687500 0.765625 0.685547 0.763672 0.689453 0.759766
0 0.554688 0.763672 0.554688 0.767578 0.550781 0.767578 0.548828 0.765625 0.552734 0.761719
0 0.621094 0.763672 0.621094 0.767578 0.617188 0.767578 0.615234 0.765625 0.619141 0.761719
0 0.800781 0.763672 0.800781 0.767578 0.796875 0.767578 0.794922 0.765625 0.798828 0.761719
0 0.564453 0.767578 0.564453 0.771484 0.560547 0.771484 0.558594 0.769531 0.562500 0.765625
0 0.734375 0.767578 0.734375 0.771484 0.730469 0.771484 0.728516 0.769531 0.732422 0.765625
0 0.810547 0.767578 0.810547 0.771484 0.806641 0.771484 0.804688 0.769531 0.808594 0.765625
0 0.517578 0.769531 0.517578 0.773438 0.513672 0.773438 0.511719 0.771484 0.515625 0.767578
0 0.371094 0.777344 0.369141 0.777344 0.367188 0.779297 0.363281 0.779297 0.361328 0.777344 0.361328 0.771484 0.363281 0.769531 0.367188 0.769531 0.369141 0.771484 0.371094 0.771484
0 0.158203 0.777344 0.158203 0.781250 0.154297 0.781250 0.152344 0.779297 0.156250 0.775391
0 0.261719 0.777344 0.261719 0.781250 0.257812 0.781250 0.255859 0.779297 0.259766 0.775391
0 0.328125 0.777344 0.328125 0.781250 0.324219 0.781250 0.322266 0.779297 0.326172 0.775391
0 0.687500 0.777344 0.687500 0.781250 0.683594 0.781250 0.681641 0.779297 0.685547 0.775391
0 0.722656 0.777344 0.722656 0.781250 0.718750 0.781250 0.716797 0.779297 0.720703 0.775391
0 0.814453 0.779297 0.814453 0.783203 0.810547 0.783203 0.808594 0.781250 0.812500 0.777344
0 0.871094 0.779297 0.871094 0.783203 0.867188 0.783203 0.865234 0.781250 0.869141 0.777344
0 0.578125 0.781250 0.578125 0.785156 0.574219 0.785156 0.572266 0.783203 0.576172 0.779297
0 0.625000 0.781250 0.625000 0.785156 0.621094 0.785156 0.619141 0.783203 0.623047 0.779297
0 0.591797 0.783203 0.591797 0.787109 0.587891 0.787109 0.585938 0.785156 0.589844 0.781250
0 0.433594 0.785156 0.433594 0.789062 0.429688 0.789062 0.427734 0.787109 0.431641 0.783203
0 0.777344 0.787109 0.777344 0.791016 0.773438 0.791016 0.771484 0.789062 0.775391 0.785156
0 0.251953 0.792969 0.251953 0.796875 0.248047 0.796875 0.246094 0.794922 0.250000 0.791016
0 0.601562 0.792969 0.601562 0.796875 0.597656 0.796875 0.595703 0.794922 0.599609 0.791016
0 0.750000 0.792969 0.750000 0.796875 0.746094 0.796875 0.744141 0.794922 0.748047 0.791016
0 0.656250 0.798828 0.656250 0.802734 0.652344 0.802734 0.650391 0.800781 0.654297 0.796875
0 0.365234 0.802734 0.365234 0.806641 0.361328 0.806641 0.359375 0.804688 0.363281 0.800781
0 0.513672 0.806641 0.511719 0.806641 0.509766 0.808594 0.505859 0.808594 0.503906 0.806641 0.503906 0.800781 0.505859 0.798828 0.509766 0.798828 0.511719 0.800781 0.513672 0.800781
0 0.546875 0.804688 0.546875 0.808594 0.542969 0.808594 0.541016 0.806641 0.544922 0.802734
0 0.126953 0.806641 0.126953 0.810547 0.123047 0.810547 0.121094 0.808594 0.125000 0.804688
0 0.158203 0.808594 0.158203 0.812500 0.154297 0.812500 0.152344 0.810547 0.156250 0.806641
0 0.673828 0.808594 0.673828 0.812500 0.669922 0.812500 0.667969 0.810547 0.671875 0.806641
0 0.720703 0.808594 0.720703 0.812500 0.716797 0.812500 0.714844 0.810547 0.718750 0.806641
0 0.750000 0.808594 0.750000 0.812500 0.746094 0.812500 0.744141 0.810547 0.748047 0.806641
0 0.771484 0.808594 0.771484 0.812500 0.767578 0.812500 0.765625 0.810547 0.769531 0.806641
0 0.341797 0.810547 0.341797 0.814453 0.337891 0.814453 0.335938 0.812500 0.339844 0.808594
0 0.443359 0.810547 0.443359 0.814453 0.439453 0.814453 0.437500 0.812500 0.441406 0.808594
0 0.689453 0.810547 0.689453 0.814453 0.685547 0.814453 0.683594 0.812500 0.687500 0.808594
0 0.640625 0.820312 0.640625 0.824219 0.636719 0.824219 0.634766 0.822266 0.638672 0.818359
0 0.812500 0.820312 0.812500 0.824219 0.808594 0.824219 0.806641 0.822266 0.810547 0.818359
0 0.656250 0.822266 0.656250 0.826172 0.652344 0.826172 0.650391 0.824219 0.654297 0.820312
0 0.285156 0.824219 0.285156 0.828125 0.281250 0.828125 0.279297 0.826172 0.283203 0.822266
0 0.337891 0.824219 0.337891 0.828125 0.333984 0.828125 0.332031 0.826172 0.335938 0.822266
0 0.853516 0.824219 0.853516 0.828125 0.849609 0.828125 0.847656 0.826172 0.851562 0.822266
0 0.982422 0.824219 0.982422 0.828125 0.978516 0.828125 0.976562 0.826172 0.980469 0.822266
0 0.314453 0.826172 0.314453 0.830078 0.310547 0.830078 0.308594 0.828125 0.312500 0.824219
0 0.328125 0.826172 0.328125 0.830078 0.324219 0.830078 0.322266 0.828125 0.326172 0.824219
0 0.353516 0.826172 0.353516 0.830078 0.349609 0.830078 0.347656 0.828125 0.351562 0.824219
0 0.578125 0.832031 0.576172 0.832031 0.574219 0.833984 0.570312 0.833984 0.568359 0.832031 0.568359 0.826172 0.570312 0.824219 0.574219 0.824219 0.576172 0.826172 0.578125 0.826172
0 0.589844 0.828125 0.589844 0.832031 0.585938 0.832031 0.583984 0.830078 0.587891 0.826172
0 0.615234 0.828125 0.615234 0.832031 0.611328 0.832031 0.609375 0.830078 0.613281 0.826172
0 0.734375 0.828125 0.734375 0.832031 0.730469 0.832031 0.728516 0.830078 0.732422 0.826172
0 0.945312 0.828125 0.945312 0.832031 0.941406 0.832031 0.939453 0.830078 0.943359 0.826172
0 0.517578 0.830078 0.517578 0.833984 0.513672 0.833984 0.511719 0.832031 0.515625 0.828125
0 0.996094 0.832031 0.996094 0.835938 0.992188 0.835938 0.990234 0.833984 0.994141 0.830078
0 0.593750 0.833984 0.593750 0.837891 0.589844 0.837891 0.587891 0.835938 0.591797 0.832031
0 0.527344 0.835938 0.527344 0.839844 0.523438 0.839844 0.521484 0.837891 0.525391 0.833984
0 0.605469 0.835938 0.605469 0.839844 0.601562 0.839844 0.599609 0.837891 0.603516 0.833984
0 0.736328 0.835938 0.736328 0.839844 0.732422 0.839844 0.730469 0.837891 0.734375 0.833984
0 0.562500 0.839844 0.562500 0.843750 0.558594 0.843750 0.556641 0.841797 0.560547 0.837891
0 0.718750 0.839844 0.718750 0.843750 0.714844 0.843750 0.712891 0.841797 0.716797 0.837891
0 0.865234 0.839844 0.865234 0.843750 0.861328 0.843750 0.859375 0.841797 0.863281 0.837891
0 0.546875 0.841797 0.546875 0.845703 0.542969 0.845703 0.541016 0.843750 0.544922 0.839844
0 0.992188 0.843750 0.992188 0.847656 0.988281 0.847656 0.986328 0.845703 0.990234 0.841797
0 0.783203 0.845703 0.783203 0.849609 0.779297 0.849609 0.777344 0.847656 0.781250 0.843750
0 0.533203 0.847656 0.533203 0.851562 0.529297 0.851562 0.527344 0.849609 0.531250 0.845703
0 0.732422 0.855469 0.732422 0.859375 0.728516 0.859375 0.726562 0.857422 0.730469 0.853516
0 0.783203 0.855469 0.783203 0.859375 0.779297 0.859375 0.777344 0.857422 0.781250 0.853516
0 0.681641 0.857422 0.681641 0.861328 0.677734 0.861328 0.675781 0.859375 0.679688 0.855469
0 0.595703 0.863281 0.595703 0.867188 0.591797 0.867188 0.589844 0.865234 0.593750 0.861328
0 0.609375 0.863281 0.609375 0.867188 0.605469 0.867188 0.603516 0.865234 0.607422 0.861328
0 0.687500 0.863281 0.687500 0.867188 0.683594 0.867188 0.681641 0.865234 0.685547 0.861328
0 0.828125 0.863281 0.828125 0.867188 0.824219 0.867188 0.822266 0.865234 0.826172 0.861328
0 0.798828 0.865234 0.798828 0.869141 0.794922 0.869141 0.792969 0.867188 0.796875 0.863281
0 0.773438 0.871094 0.773438 0.875000 0.769531 0.875000 0.767578 0.873047 0.771484 0.869141
0 0.843750 0.871094 0.843750 0.875000 0.839844 0.875000 0.837891 0.873047 0.841797 0.869141
0 0.144531 0.873047 0.144531 0.876953 0.140625 0.876953 0.138672 0.875000 0.142578 0.871094
0 0.218750 0.873047 0.218750 0.876953 0.214844 0.876953 0.212891 0.875000 0.216797 0.871094
0 0.476562 0.873047 0.476562 0.876953 0.472656 0.876953 0.470703 0.875000 0.474609 0.871094
0 0.509766 0.873047 0.509766 0.876953 0.505859 0.876953 0.503906 0.875000 0.507812 0.871094
0 0.578125 0.873047 0.578125 0.876953 0.574219 0.876953 0.572266 0.875000 0.576172 0.871094
0 0.488281 0.875000 0.488281 0.878906 0.484375 0.878906 0.482422 0.876953 0.486328 0.873047
0 0.595703 0.880859 0.595703 0.884766 0.591797 0.884766 0.589844 0.882812 0.593750 0.878906
0 0.736328 0.882812 0.736328 0.886719 0.732422 0.886719 0.730469 0.884766 0.734375 0.880859
0 0.615234 0.884766 0.615234 0.888672 0.611328 0.888672 0.609375 0.886719 0.613281 0.882812
0 0.701172 0.884766 0.701172 0.888672 0.697266 0.888672 0.695312 0.886719 0.699219 0.882812
0 0.486328 0.886719 0.486328 0.890625 0.482422 0.890625 0.480469 0.888672 0.484375 0.884766
0 0.583984 0.886719 0.583984 0.890625 0.580078 0.890625 0.578125 0.888672 0.582031 0.884766
0 0.628906 0.886719 0.628906 0.890625 0.625000 0.890625 0.623047 0.888672 0.626953 0.884766
0 0.675781 0.888672 0.675781 0.892578 0.671875 0.892578 0.669922 0.890625 0.673828 0.886719
0 0.687500 0.888672 0.687500 0.892578 0.683594 0.892578 0.681641 0.890625 0.685547 0.886719
0 0.861328 0.888672 0.861328 0.892578 0.857422 0.892578 0.855469 0.890625 0.859375 0.886719
0 0.689453 0.900391 0.689453 0.904297 0.685547 0.904297 0.683594 0.902344 0.687500 0.898438
0 0.751953 0.900391 0.751953 0.904297 0.748047 0.904297 0.746094 0.902344 0.750000 0.898438
0 0.757812 0.900391 0.757812 0.904297 0.753906 0.904297 0.751953 0.902344 0.755859 0.898438
0 0.267578 0.902344 0.267578 0.906250 0.263672 0.906250 0.261719 0.904297 0.265625 0.900391
0 0.486328 0.902344 0.486328 0.906250 0.482422 0.906250 0.480469 0.904297 0.484375 0.900391
0 0.523438 0.902344 0.523438 0.906250 0.519531 0.906250 0.517578 0.904297 0.521484 0.900391
0 0.859375 0.904297 0.859375 0.908203 0.855469 0.908203 0.853516 0.906250 0.857422 0.902344
0 0.998047 0.908203 0.998047 0.912109 0.994141 0.912109 0.992188 0.910156 0.996094 0.906250
0 0.314453 0.910156 0.314453 0.914062 0.310547 0.914062 0.308594 0.912109 0.312500 0.908203
0 0.376953 0.914062 0.376953 0.917969 0.373047 0.917969 0.371094 0.916016 0.375000 0.912109
0 0.576172 0.914062 0.576172 0.917969 0.572266 0.917969 0.570312 0.916016 0.574219 0.912109
0 0.683594 0.914062 0.683594 0.917969 0.679688 0.917969 0.677734 0.916016 0.681641 0.912109
0 0.388672 0.917969 0.388672 0.921875 0.384766 0.921875 0.382812 0.919922 0.386719 0.916016
0 0.498047 0.917969 0.498047 0.921875 0.494141 0.921875 0.492188 0.919922 0.496094 0.916016
0 0.146484 0.919922 0.146484 0.923828 0.142578 0.923828 0.140625 0.921875 0.144531 0.917969
0 0.318359 0.919922 0.318359 0.923828 0.314453 0.923828 0.312500 0.921875 0.316406 0.917969
0 0.328125 0.919922 0.328125 0.923828 0.324219 0.923828 0.322266 0.921875 0.326172 0.917969
0 0.576172 0.919922 0.576172 0.923828 0.572266 0.923828 0.570312 0.921875 0.574219 0.917969
0 0.589844 0.919922 0.589844 0.923828 0.585938 0.923828 0.583984 0.921875 0.587891 0.917969
0 0.597656 0.919922 0.597656 0.923828 0.593750 0.923828 0.591797 0.921875 0.595703 0.917969
0 0.812500 0.919922 0.812500 0.923828 0.808594 0.923828 0.806641 0.921875 0.810547 0.917969
0 0.859375 0.919922 0.859375 0.923828 0.855469 0.923828 0.853516 0.921875 0.857422 0.917969
0 0.894531 0.919922 0.894531 0.923828 0.890625 0.923828 0.888672 0.921875 0.892578 0.917969
0 0.603516 0.921875 0.603516 0.925781 0.599609 0.925781 0.597656 0.923828 0.601562 0.919922
0 0.716797 0.921875 0.716797 0.925781 0.712891 0.925781 0.710938 0.923828 0.714844 0.919922
0 0.392578 0.923828 0.392578 0.927734 0.388672 0.927734 0.386719 0.925781 0.390625 0.921875
0 0.736328 0.925781 0.736328 0.929688 0.732422 0.929688 0.730469 0.927734 0.734375 0.923828
0 0.392578 0.929688 0.392578 0.933594 0.388672 0.933594 0.386719 0.931641 0.390625 0.927734
0 0.408203 0.933594 0.408203 0.937500 0.404297 0.937500 0.402344 0.935547 0.406250 0.931641
0 0.568359 0.935547 0.568359 0.939453 0.564453 0.939453 0.562500 0.937500 0.566406 0.933594
0 0.960938 0.939453 0.960938 0.943359 0.957031 0.943359 0.955078 0.941406 0.958984 0.937500
0 0.726562 0.941406 0.726562 0.945312 0.722656 0.945312 0.720703 0.943359 0.724609 0.939453
0 0.742188 0.941406 0.742188 0.945312 0.738281 0.945312 0.736328 0.943359 0.740234 0.939453
0 0.423828 0.947266 0.423828 0.951172 0.419922 0.951172 0.417969 0.949219 0.421875 0.945312
0 0.482422 0.947266 0.482422 0.951172 0.478516 0.951172 0.476562 0.949219 0.480469 0.945312
0 0.498047 0.947266 0.498047 0.951172 0.494141 0.951172 0.492188 0.949219 0.496094 0.945312
0 0.626953 0.947266 0.626953 0.951172 0.623047 0.951172 0.621094 0.949219 0.625000 0.945312
0 0.476562 0.949219 0.476562 0.953125 0.472656 0.953125 0.470703 0.951172 0.474609 0.947266
0 0.568359 0.949219 0.568359 0.953125 0.564453 0.953125 0.562500 0.951172 0.566406 0.947266
0 0.593750 0.949219 0.593750 0.953125 0.589844 0.953125 0.587891 0.951172 0.591797 0.947266
0 0.937500 0.949219 0.937500 0.953125 0.933594 0.953125 0.931641 0.951172 0.935547 0.947266
0 0.640625 0.951172 0.640625 0.955078 0.636719 0.955078 0.634766 0.953125 0.638672 0.949219
0 0.873047 0.957031 0.873047 0.960938 0.869141 0.960938 0.867188 0.958984 0.871094 0.955078
0 0.603516 0.962891 0.603516 0.966797 0.599609 0.966797 0.597656 0.964844 0.601562 0.960938
0 0.525391 0.966797 0.525391 0.970703 0.521484 0.970703 0.519531 0.968750 0.523438 0.964844
0 0.654297 0.966797 0.654297 0.970703 0.650391 0.970703 0.648438 0.968750 0.652344 0.964844
0 0.798828 0.966797 0.798828 0.970703 0.794922 0.970703 0.792969 0.968750 0.796875 0.964844
0 0.839844 0.966797 0.839844 0.970703 0.835938 0.970703 0.833984 0.968750 0.837891 0.964844
0 0.421875 0.968750 0.421875 0.972656 0.417969 0.972656 0.416016 0.970703 0.419922 0.966797
0 0.828125 0.968750 0.828125 0.972656 0.824219 0.972656 0.822266 0.970703 0.826172 0.966797
0 0.578125 0.970703 0.578125 0.974609 0.574219 0.974609 0.572266 0.972656 0.576172 0.968750
0 0.882812 0.972656 0.882812 0.976562 0.878906 0.976562 0.876953 0.974609 0.880859 0.970703
0 0.593750 0.974609 0.593750 0.978516 0.589844 0.978516 0.587891 0.976562 0.591797 0.972656
0 0.861328 0.976562 0.861328 0.980469 0.857422 0.980469 0.855469 0.978516 0.859375 0.974609
0 0.277344 0.978516 0.277344 0.982422 0.273438 0.982422 0.271484 0.980469 0.275391 0.976562
0 0.330078 0.980469 0.330078 0.984375 0.326172 0.984375 0.324219 0.982422 0.328125 0.978516
0 0.730469 0.980469 0.730469 0.984375 0.726562 0.984375 0.724609 0.982422 0.728516 0.978516
0 0.867188 0.980469 0.867188 0.984375 0.863281 0.984375 0.861328 0.982422 0.865234 0.978516
0 0.890625 0.980469 0.890625 0.984375 0.886719 0.984375 0.884766 0.982422 0.888672 0.978516
0 0.595703 0.982422 0.595703 0.986328 0.591797 0.986328 0.589844 0.984375 0.593750 0.980469
0 0.564453 0.990234 0.558594 0.996094 0.552734 0.996094 0.546875 0.990234 0.546875 0.984375 0.552734 0.978516 0.558594 0.978516 0.564453 0.984375
0 0.531250 0.996094 0.531250 0.998047 0.525391 0.998047 0.529297 0.994141
0 0.908203 0.996094 0.908203 0.998047 0.902344 0.998047 0.906250 0.994141
