0 0.074219 0.035156 0.072266 0.037109 0.072266 0.041016 0.076172 0.044922 0.082031 0.044922 0.085938 0.041016 0.085938 0.039062 0.082031 0.035156 0.080078 0.035156 0.078125 0.033203 0.076172 0.035156
0 0.130859 0.062500 0.128906 0.064453 0.128906 0.066406 0.126953 0.068359 0.126953 0.070312 0.128906 0.072266 0.128906 0.074219 0.130859 0.074219 0.132812 0.076172 0.134766 0.074219 0.136719 0.074219 0.136719 0.066406 0.134766 0.064453 0.132812 0.064453
0 0.019531 0.091797 0.019531 0.093750 0.021484 0.095703 0.021484 0.097656 0.023438 0.099609 0.029297 0.093750 0.021484 0.093750
0 0.175781 0.119141 0.175781 0.123047 0.177734 0.123047 0.179688 0.125000 0.181641 0.123047 0.183594 0.123047 0.185547 0.121094 0.185547 0.119141 0.183594 0.117188 0.177734 0.117188
0 0.156250 0.123047 0.154297 0.125000 0.154297 0.128906 0.156250 0.130859 0.160156 0.130859 0.162109 0.128906 0.162109 0.126953 0.158203 0.123047
0 0.232422 0.191406 0.224609 0.191406 0.220703 0.195312 0.220703 0.203125 0.222656 0.205078 0.226562 0.205078 0.232422 0.199219
0 0.650391 0.199219 0.648438 0.201172 0.646484 0.201172 0.646484 0.207031 0.650391 0.210938 0.652344 0.210938 0.656250 0.207031 0.656250 0.201172 0.654297 0.201172 0.652344 0.199219
0 0.548828 0.240234 0.546875 0.242188 0.546875 0.244141 0.548828 0.246094 0.550781 0.244141 0.550781 0.242188
0 0.693359 0.240234 0.691406 0.242188 0.691406 0.244141 0.693359 0.246094 0.695312 0.246094 0.697266 0.244141 0.697266 0.242188 0.695312 0.240234
0 0.408203 0.246094 0.408203 0.248047 0.414062 0.248047 0.412109 0.246094 0.412109 0.244141 0.410156 0.244141
0 0.300781 0.283203 0.300781 0.287109 0.302734 0.287109 0.302734 0.285156
0 0.216797 0.304688 0.214844 0.306641 0.214844 0.308594 0.216797 0.310547 0.218750 0.308594 0.218750 0.306641
0 0.513672 0.306641 0.507812 0.312500 0.507812 0.316406 0.503906 0.320312 0.503906 0.324219 0.507812 0.328125 0.515625 0.343750 0.519531 0.343750 0.531250 0.333984 0.535156 0.333984 0.539062 0.328125 0.535156 0.322266 0.531250 0.322266 0.521484 0.310547
0 0.796875 0.304688 0.794922 0.306641 0.796875 0.308594 0.798828 0.306641
0 0.449219 0.310547 0.447266 0.308594 0.445312 0.308594 0.439453 0.314453 0.439453 0.316406 0.447266 0.316406 0.449219 0.314453
0 0.552734 0.308594 0.548828 0.312500 0.548828 0.318359 0.550781 0.320312 0.556641 0.320312 0.560547 0.316406 0.560547 0.312500 0.556641 0.308594
0 0.873047 0.312500 0.869141 0.312500 0.867188 0.314453 0.869141 0.316406 0.871094 0.316406 0.873047 0.314453
0 0.250000 0.318359 0.248047 0.320312 0.246094 0.320312 0.246094 0.324219 0.248047 0.324219 0.250000 0.322266
0 0.308594 0.316406 0.306641 0.318359 0.308594 0.320312 0.310547 0.318359
0 0.140625 0.326172 0.136719 0.330078 0.136719 0.333984 0.138672 0.335938 0.144531 0.335938 0.146484 0.333984 0.146484 0.330078 0.144531 0.328125 0.142578 0.328125
0 0.271484 0.324219 0.273438 0.326172 0.275391 0.324219
0 0.757812 0.324219 0.755859 0.326172 0.755859 0.328125 0.757812 0.330078 0.759766 0.330078 0.761719 0.328125 0.761719 0.326172 0.759766 0.324219
0 0.277344 0.337891 0.277344 0.341797 0.279297 0.339844
0 0.347656 0.339844 0.347656 0.343750 0.349609 0.341797
0 0.277344 0.347656 0.275391 0.349609 0.275391 0.351562 0.277344 0.351562
0 0.750000 0.355469 0.750000 0.357422 0.751953 0.357422 0.753906 0.359375 0.757812 0.359375 0.757812 0.355469 0.755859 0.355469 0.753906 0.353516 0.751953 0.355469
0 0.279297 0.357422 0.279297 0.361328 0.281250 0.361328 0.281250 0.357422
0 0.511719 0.355469 0.509766 0.357422 0.509766 0.359375 0.513672 0.363281 0.515625 0.363281 0.517578 0.361328 0.517578 0.357422 0.515625 0.355469
0 0.431641 0.363281 0.429688 0.361328 0.427734 0.363281 0.427734 0.365234 0.431641 0.365234
0 0.201172 0.365234 0.193359 0.369141 0.191406 0.373047 0.191406 0.380859 0.197266 0.388672 0.199219 0.388672 0.203125 0.392578 0.207031 0.392578 0.214844 0.388672 0.218750 0.384766 0.220703 0.380859 0.220703 0.375000 0.218750 0.371094 0.216797 0.371094 0.210938 0.365234 0.208984 0.367188
0 0.228516 0.363281 0.226562 0.363281 0.224609 0.365234 0.226562 0.367188 0.228516 0.365234
0 0.273438 0.363281 0.271484 0.365234 0.275391 0.369141 0.277344 0.369141 0.277344 0.365234 0.275391 0.363281
1 0.330078 0.365234 0.328125 0.367188 0.328125 0.371094 0.326172 0.373047 0.328125 0.373047 0.330078 0.371094 0.330078 0.369141 0.332031 0.367188
0 0.814453 0.365234 0.812500 0.367188 0.812500 0.369141 0.814453 0.371094 0.816406 0.371094 0.818359 0.369141 0.818359 0.367188 0.816406 0.365234
1 0.246094 0.369141 0.246094 0.371094 0.248047 0.369141 0.250000 0.371094 0.250000 0.369141
0 0.267578 0.373047 0.267578 0.371094 0.265625 0.369141 0.263672 0.371094 0.261719 0.371094 0.263672 0.373047
1 0.351562 0.371094 0.349609 0.369141 0.347656 0.369141 0.347656 0.371094 0.345703 0.373047 0.345703 0.375000 0.343750 0.376953 0.345703 0.375000 0.347656 0.376953 0.351562 0.373047
0 0.291016 0.371094 0.289062 0.371094 0.287109 0.373047 0.287109 0.375000 0.289062 0.376953 0.291016 0.375000
0 0.376953 0.375000 0.378906 0.375000 0.380859 0.373047 0.376953 0.373047
1 0.242188 0.375000 0.242188 0.376953 0.240234 0.378906 0.242188 0.380859
1 0.279297 0.375000 0.279297 0.380859 0.281250 0.382812 0.283203 0.382812 0.283203 0.378906 0.281250 0.376953 0.281250 0.375000
0 0.710938 0.392578 0.705078 0.398438 0.707031 0.404297 0.708984 0.406250 0.710938 0.404297 0.714844 0.404297 0.718750 0.408203 0.718750 0.414062 0.724609 0.421875 0.726562 0.419922 0.730469 0.419922 0.736328 0.412109 0.736328 0.406250 0.732422 0.402344 0.724609 0.402344 0.720703 0.406250
0 0.519531 0.400391 0.515625 0.396484 0.513672 0.396484 0.511719 0.398438 0.505859 0.398438 0.503906 0.400391 0.498047 0.402344 0.494141 0.408203 0.494141 0.412109 0.496094 0.414062 0.496094 0.416016 0.498047 0.417969 0.503906 0.417969 0.505859 0.416016 0.507812 0.416016 0.509766 0.414062 0.509766 0.410156
0 0.660156 0.402344 0.658203 0.404297 0.658203 0.406250 0.660156 0.406250 0.662109 0.408203 0.664062 0.406250 0.664062 0.404297 0.662109 0.402344
0 0.750000 0.414062 0.750000 0.416016 0.751953 0.417969 0.753906 0.417969 0.755859 0.416016 0.753906 0.414062
0 0.693359 0.421875 0.689453 0.425781 0.689453 0.431641 0.691406 0.433594 0.699219 0.433594 0.701172 0.431641 0.701172 0.425781 0.699219 0.423828 0.697266 0.423828 0.695312 0.421875
0 0.271484 0.427734 0.267578 0.431641 0.267578 0.435547 0.273438 0.435547 0.273438 0.429688
0 0.296875 0.427734 0.300781 0.431641 0.300781 0.433594 0.302734 0.433594 0.304688 0.431641 0.306641 0.431641 0.308594 0.429688 0.310547 0.431641 0.310547 0.429688 0.306641 0.429688 0.302734 0.425781 0.300781 0.427734
0 0.480469 0.427734 0.472656 0.427734 0.464844 0.433594 0.464844 0.437500 0.460938 0.441406 0.460938 0.449219 0.458984 0.453125 0.460938 0.455078 0.460938 0.458984 0.468750 0.464844 0.482422 0.458984 0.488281 0.453125 0.488281 0.435547
0 0.294922 0.433594 0.292969 0.433594 0.291016 0.435547 0.291016 0.437500 0.292969 0.439453 0.292969 0.441406 0.296875 0.437500 0.296875 0.435547
1 0.628906 0.441406 0.628906 0.443359 0.632812 0.447266 0.632812 0.449219 0.630859 0.451172 0.630859 0.460938 0.632812 0.460938 0.636719 0.464844 0.640625 0.464844 0.646484 0.458984 0.642578 0.455078 0.642578 0.453125 0.640625 0.451172 0.634766 0.449219 0.630859 0.445312 0.630859 0.441406
0 0.775391 0.447266 0.773438 0.449219 0.773438 0.453125 0.775391 0.455078 0.779297 0.455078 0.779297 0.453125 0.781250 0.451172 0.779297 0.449219 0.777344 0.449219
0 0.673828 0.453125 0.671875 0.455078 0.671875 0.458984 0.673828 0.460938 0.679688 0.460938 0.679688 0.453125
0 0.517578 0.466797 0.517578 0.470703 0.519531 0.470703 0.523438 0.474609 0.529297 0.474609 0.531250 0.476562 0.535156 0.476562 0.537109 0.474609 0.533203 0.468750 0.533203 0.464844 0.529297 0.460938 0.523438 0.460938
0 0.361328 0.464844 0.359375 0.466797 0.361328 0.468750 0.363281 0.466797
0 0.542969 0.476562 0.542969 0.482422 0.552734 0.490234 0.562500 0.490234 0.568359 0.484375 0.574219 0.486328 0.578125 0.482422 0.576172 0.480469 0.576172 0.476562 0.572266 0.476562 0.568359 0.480469 0.556641 0.468750 0.548828 0.470703
0 0.882812 0.472656 0.882812 0.476562 0.884766 0.478516 0.886719 0.478516 0.888672 0.476562 0.890625 0.476562 0.890625 0.472656 0.888672 0.470703 0.884766 0.470703
1 0.285156 0.480469 0.285156 0.482422 0.287109 0.484375 0.289062 0.482422 0.291016 0.484375 0.291016 0.486328 0.294922 0.486328 0.292969 0.484375 0.292969 0.482422 0.291016 0.484375 0.289062 0.482422 0.289062 0.478516 0.287109 0.478516
0 0.496094 0.484375 0.494141 0.486328 0.494141 0.492188 0.496094 0.494141 0.501953 0.494141 0.503906 0.492188 0.503906 0.486328 0.501953 0.484375
0 0.638672 0.484375 0.636719 0.486328 0.636719 0.494141 0.640625 0.498047 0.648438 0.498047 0.648438 0.496094 0.650391 0.494141 0.650391 0.488281 0.646484 0.484375
0 0.287109 0.496094 0.287109 0.494141 0.285156 0.492188 0.285156 0.488281 0.283203 0.490234 0.281250 0.490234 0.279297 0.492188 0.277344 0.492188 0.275391 0.494141 0.277344 0.496094 0.279297 0.496094 0.281250 0.498047 0.283203 0.496094
0 0.685547 0.494141 0.681641 0.490234 0.679688 0.490234 0.675781 0.494141 0.675781 0.498047 0.681641 0.498047
0 0.767578 0.490234 0.765625 0.488281 0.763672 0.488281 0.761719 0.490234 0.761719 0.494141 0.765625 0.494141 0.767578 0.492188
0 0.570312 0.496094 0.568359 0.498047 0.568359 0.501953 0.570312 0.503906 0.572266 0.503906 0.574219 0.501953 0.574219 0.498047 0.572266 0.496094
0 0.623047 0.498047 0.623047 0.500000 0.621094 0.501953 0.621094 0.505859 0.625000 0.509766 0.626953 0.509766 0.628906 0.511719 0.632812 0.511719 0.634766 0.509766 0.634766 0.503906 0.632812 0.501953 0.632812 0.500000 0.630859 0.498047
0 0.660156 0.503906 0.660156 0.509766 0.664062 0.513672 0.666016 0.513672 0.667969 0.515625 0.669922 0.513672 0.673828 0.513672 0.673828 0.505859 0.671875 0.503906 0.671875 0.501953 0.664062 0.501953 0.662109 0.503906
0 0.445312 0.525391 0.435547 0.527344 0.435547 0.539062 0.431641 0.542969 0.423828 0.541016 0.412109 0.550781 0.406250 0.550781 0.394531 0.564453 0.398438 0.574219 0.410156 0.578125 0.416016 0.572266 0.429688 0.570312 0.439453 0.580078 0.447266 0.572266 0.455078 0.546875 0.449219 0.541016 0.449219 0.531250
0 0.509766 0.525391 0.507812 0.527344 0.507812 0.529297 0.509766 0.531250 0.511719 0.531250 0.511719 0.527344
0 0.638672 0.525391 0.636719 0.525391 0.636719 0.529297 0.638672 0.527344
0 0.675781 0.527344 0.671875 0.531250 0.671875 0.535156 0.673828 0.537109 0.679688 0.537109 0.683594 0.533203 0.683594 0.529297 0.681641 0.527344
0 0.736328 0.535156 0.730469 0.539062 0.730469 0.541016 0.728516 0.542969 0.728516 0.548828 0.732422 0.552734 0.736328 0.552734 0.738281 0.554688 0.740234 0.554688 0.746094 0.548828 0.746094 0.539062 0.742188 0.535156
1 0.800781 0.535156 0.791016 0.544922 0.789062 0.542969 0.787109 0.542969 0.785156 0.544922 0.785156 0.548828 0.779297 0.554688 0.779297 0.556641 0.781250 0.558594 0.781250 0.560547 0.787109 0.566406 0.789062 0.566406 0.791016 0.564453 0.791016 0.560547 0.787109 0.556641 0.787109 0.554688 0.789062 0.552734 0.789062 0.550781 0.791016 0.548828 0.792969 0.548828 0.792969 0.546875 0.800781 0.539062 0.802734 0.539062 0.802734 0.537109
0 0.347656 0.539062 0.343750 0.539062 0.343750 0.542969 0.345703 0.542969 0.347656 0.541016
0 0.517578 0.541016 0.513672 0.544922 0.513672 0.550781 0.515625 0.548828 0.519531 0.548828 0.521484 0.546875 0.521484 0.544922
0 0.853516 0.544922 0.851562 0.546875 0.851562 0.548828 0.853516 0.548828 0.855469 0.550781 0.857422 0.548828 0.857422 0.546875 0.855469 0.544922
0 0.328125 0.548828 0.326172 0.548828 0.324219 0.550781 0.328125 0.550781
1 0.376953 0.552734 0.373047 0.556641 0.369141 0.556641 0.365234 0.560547 0.367188 0.562500 0.369141 0.562500 0.375000 0.568359 0.373047 0.570312 0.373047 0.578125 0.375000 0.578125 0.380859 0.583984 0.380859 0.591797 0.382812 0.593750 0.384766 0.593750 0.386719 0.591797 0.388672 0.591797 0.388672 0.589844 0.392578 0.585938 0.384766 0.578125 0.386719 0.576172 0.384766 0.576172 0.382812 0.574219 0.384766 0.572266 0.384766 0.570312 0.382812 0.568359 0.376953 0.566406 0.373047 0.562500 0.378906 0.556641 0.378906 0.554688
0 0.500000 0.552734 0.496094 0.556641 0.496094 0.558594 0.500000 0.562500 0.498047 0.564453 0.500000 0.566406 0.501953 0.564453 0.507812 0.564453 0.507812 0.562500 0.509766 0.560547 0.509766 0.556641 0.505859 0.552734 0.503906 0.552734 0.501953 0.554688
0 0.326172 0.556641 0.326172 0.558594 0.324219 0.560547 0.326172 0.562500 0.328125 0.562500 0.330078 0.560547 0.328125 0.558594 0.328125 0.556641
0 0.613281 0.556641 0.609375 0.560547 0.609375 0.564453 0.611328 0.564453 0.613281 0.566406 0.619141 0.566406 0.621094 0.564453 0.621094 0.562500 0.623047 0.560547 0.621094 0.558594 0.619141 0.558594 0.617188 0.556641
0 0.638672 0.556641 0.636719 0.558594 0.636719 0.560547 0.634766 0.562500 0.634766 0.566406 0.636719 0.568359 0.636719 0.570312 0.644531 0.570312 0.646484 0.568359 0.646484 0.560547 0.642578 0.556641
0 0.904297 0.556641 0.904297 0.558594 0.902344 0.560547 0.908203 0.560547 0.910156 0.562500 0.910156 0.558594 0.908203 0.556641
0 0.925781 0.554688 0.923828 0.556641 0.923828 0.558594 0.925781 0.560547 0.927734 0.558594 0.927734 0.556641
0 0.490234 0.574219 0.488281 0.576172 0.488281 0.585938 0.492188 0.589844 0.500000 0.589844 0.501953 0.587891 0.501953 0.578125 0.500000 0.578125 0.498047 0.576172 0.498047 0.574219
0 0.544922 0.576172 0.544922 0.578125 0.541016 0.582031 0.541016 0.589844 0.539062 0.591797 0.552734 0.591797 0.552734 0.585938 0.556641 0.582031 0.554688 0.582031 0.552734 0.580078 0.552734 0.578125 0.546875 0.578125
0 0.517578 0.578125 0.515625 0.580078 0.515625 0.585938 0.517578 0.587891 0.519531 0.587891 0.523438 0.583984 0.523438 0.580078 0.521484 0.580078 0.519531 0.578125
0 0.679688 0.578125 0.679688 0.580078 0.677734 0.582031 0.679688 0.583984 0.679688 0.587891 0.685547 0.587891 0.689453 0.583984 0.689453 0.582031 0.685547 0.578125
0 0.851562 0.583984 0.851562 0.589844 0.853516 0.591797 0.855469 0.591797 0.857422 0.589844 0.857422 0.585938 0.855469 0.583984
0 0.718750 0.589844 0.718750 0.595703 0.720703 0.597656 0.728516 0.597656 0.730469 0.595703 0.730469 0.589844 0.728516 0.587891 0.722656 0.587891 0.720703 0.589844
0 0.810547 0.585938 0.810547 0.591797 0.816406 0.591797 0.816406 0.587891 0.814453 0.585938
0 0.367188 0.591797 0.365234 0.589844 0.363281 0.589844 0.361328 0.591797 0.361328 0.595703 0.363281 0.595703 0.365234 0.593750 0.367188 0.593750
0 0.578125 0.593750 0.574219 0.593750 0.572266 0.595703 0.572266 0.597656 0.574219 0.599609 0.576172 0.599609 0.576172 0.597656 0.578125 0.595703
0 0.744141 0.593750 0.742188 0.595703 0.742188 0.599609 0.744141 0.601562 0.744141 0.603516 0.748047 0.603516 0.748047 0.601562 0.751953 0.597656 0.751953 0.595703 0.750000 0.595703 0.748047 0.593750
0 0.347656 0.597656 0.345703 0.599609 0.347656 0.601562 0.349609 0.601562 0.349609 0.599609
0 0.568359 0.603516 0.566406 0.605469 0.566406 0.609375 0.568359 0.611328 0.572266 0.611328 0.572266 0.609375 0.574219 0.607422 0.576172 0.607422 0.574219 0.607422 0.570312 0.603516
0 0.767578 0.601562 0.765625 0.603516 0.765625 0.605469 0.767578 0.607422 0.771484 0.607422 0.773438 0.605469 0.773438 0.603516 0.771484 0.601562
0 0.953125 0.603516 0.949219 0.607422 0.949219 0.611328 0.953125 0.615234 0.955078 0.615234 0.957031 0.617188 0.957031 0.615234 0.958984 0.613281 0.958984 0.605469 0.957031 0.603516
0 0.664062 0.605469 0.664062 0.607422 0.666016 0.607422 0.666016 0.605469
0 0.724609 0.605469 0.722656 0.607422 0.724609 0.609375 0.726562 0.609375 0.728516 0.607422 0.726562 0.605469
0 0.308594 0.611328 0.304688 0.611328 0.302734 0.613281 0.302734 0.617188 0.300781 0.619141 0.300781 0.626953 0.302734 0.628906 0.304688 0.628906 0.310547 0.623047 0.310547 0.613281
0 0.457031 0.609375 0.447266 0.617188 0.443359 0.628906 0.443359 0.634766 0.445312 0.640625 0.453125 0.648438 0.468750 0.648438 0.476562 0.642578 0.478516 0.638672 0.476562 0.636719 0.478516 0.630859 0.474609 0.626953 0.472656 0.619141
0 0.646484 0.611328 0.644531 0.611328 0.640625 0.615234 0.640625 0.617188 0.642578 0.619141 0.646484 0.619141 0.648438 0.617188 0.648438 0.613281
0 0.681641 0.609375 0.677734 0.613281 0.677734 0.621094 0.679688 0.623047 0.679688 0.625000 0.687500 0.625000 0.689453 0.623047 0.689453 0.613281 0.687500 0.611328 0.685547 0.611328 0.683594 0.609375
0 0.583984 0.615234 0.580078 0.619141 0.578125 0.619141 0.576172 0.621094 0.576172 0.628906 0.578125 0.630859 0.578125 0.632812 0.585938 0.640625 0.591797 0.640625 0.597656 0.634766 0.597656 0.621094 0.587891 0.615234
0 0.662109 0.613281 0.658203 0.617188 0.658203 0.623047 0.662109 0.623047 0.664062 0.625000 0.666016 0.625000 0.667969 0.623047 0.667969 0.621094 0.669922 0.619141 0.669922 0.617188 0.666016 0.613281
0 0.818359 0.615234 0.816406 0.617188 0.814453 0.617188 0.814453 0.621094 0.816406 0.623047 0.818359 0.623047 0.820312 0.621094 0.820312 0.617188
0 0.324219 0.619141 0.320312 0.623047 0.322266 0.625000 0.322266 0.626953 0.324219 0.628906 0.324219 0.630859 0.328125 0.634766 0.330078 0.634766 0.330078 0.632812 0.332031 0.630859 0.332031 0.625000 0.326172 0.619141
1 0.777344 0.625000 0.779297 0.626953 0.781250 0.626953 0.783203 0.625000 0.789062 0.625000 0.791016 0.623047 0.787109 0.619141 0.779297 0.619141 0.781250 0.621094 0.779297 0.623047 0.777344 0.623047
0 0.802734 0.617188 0.796875 0.623047 0.798828 0.625000 0.798828 0.626953 0.800781 0.628906 0.806641 0.628906 0.808594 0.626953 0.808594 0.623047 0.810547 0.621094 0.810547 0.619141 0.808594 0.619141 0.806641 0.617188
0 0.533203 0.623047 0.529297 0.626953 0.527344 0.626953 0.527344 0.630859 0.529297 0.632812 0.529297 0.634766 0.527344 0.636719 0.527344 0.640625 0.531250 0.644531 0.533203 0.644531 0.539062 0.648438 0.544922 0.648438 0.548828 0.644531 0.548828 0.640625 0.550781 0.638672 0.550781 0.636719 0.548828 0.634766 0.548828 0.630859 0.539062 0.623047
0 0.619141 0.625000 0.615234 0.625000 0.611328 0.628906 0.611328 0.630859 0.617188 0.636719 0.621094 0.632812 0.621094 0.626953
0 0.125000 0.630859 0.125000 0.634766 0.126953 0.636719 0.128906 0.636719 0.130859 0.634766 0.130859 0.632812 0.128906 0.630859
0 0.490234 0.636719 0.490234 0.640625 0.492188 0.642578 0.492188 0.644531 0.496094 0.648438 0.498047 0.648438 0.500000 0.650391 0.505859 0.650391 0.507812 0.648438 0.509766 0.648438 0.515625 0.642578 0.515625 0.638672 0.513672 0.636719 0.513672 0.634766 0.509766 0.630859 0.496094 0.630859
0 0.654297 0.628906 0.652344 0.628906 0.648438 0.632812 0.648438 0.636719 0.650391 0.638672 0.652344 0.638672 0.656250 0.634766 0.656250 0.630859
0 0.691406 0.630859 0.689453 0.632812 0.685547 0.632812 0.683594 0.634766 0.685547 0.636719 0.685547 0.638672 0.691406 0.638672 0.693359 0.636719 0.693359 0.634766 0.691406 0.632812
0 0.142578 0.632812 0.140625 0.634766 0.140625 0.636719 0.142578 0.638672 0.146484 0.638672 0.146484 0.634766 0.144531 0.632812
0 0.705078 0.634766 0.703125 0.636719 0.703125 0.640625 0.705078 0.642578 0.707031 0.642578 0.708984 0.640625 0.708984 0.638672
0 0.953125 0.632812 0.951172 0.634766 0.951172 0.636719 0.949219 0.638672 0.949219 0.640625 0.951172 0.642578 0.953125 0.642578 0.955078 0.644531 0.958984 0.644531 0.960938 0.642578 0.960938 0.636719 0.957031 0.632812
0 0.419922 0.638672 0.419922 0.640625 0.417969 0.642578 0.419922 0.644531 0.421875 0.644531 0.423828 0.642578 0.423828 0.640625 0.421875 0.638672
0 0.671875 0.638672 0.671875 0.640625 0.673828 0.642578 0.675781 0.642578 0.677734 0.640625 0.675781 0.638672
0 0.794922 0.650391 0.796875 0.648438 0.810547 0.660156 0.824219 0.660156 0.826172 0.664062 0.828125 0.664062 0.833984 0.658203 0.833984 0.654297 0.826172 0.648438 0.824219 0.640625 0.820312 0.636719 0.808594 0.636719 0.806641 0.638672 0.806641 0.642578 0.798828 0.648438 0.796875 0.646484
1 0.318359 0.644531 0.314453 0.640625 0.310547 0.640625 0.308594 0.642578 0.308594 0.644531 0.306641 0.646484 0.306641 0.648438 0.304688 0.650391 0.300781 0.650391 0.298828 0.652344 0.296875 0.652344 0.294922 0.654297 0.291016 0.654297 0.291016 0.656250 0.292969 0.656250 0.294922 0.654297 0.298828 0.654297 0.300781 0.656250 0.302734 0.656250 0.306641 0.652344 0.308594 0.652344 0.310547 0.650391 0.314453 0.650391 0.318359 0.646484
0 0.583984 0.648438 0.580078 0.652344 0.583984 0.656250 0.587891 0.656250 0.591797 0.652344 0.591797 0.650391 0.589844 0.648438
0 0.607422 0.650391 0.605469 0.648438 0.601562 0.648438 0.599609 0.650391 0.599609 0.652344 0.597656 0.654297 0.595703 0.654297 0.599609 0.654297 0.601562 0.656250 0.603516 0.656250 0.605469 0.654297 0.607422 0.654297
0 0.771484 0.654297 0.769531 0.656250 0.769531 0.658203 0.773438 0.662109 0.775391 0.662109 0.777344 0.660156 0.777344 0.656250 0.775391 0.654297
0 0.541016 0.658203 0.537109 0.662109 0.537109 0.664062 0.535156 0.666016 0.537109 0.667969 0.537109 0.669922 0.541016 0.673828 0.542969 0.673828 0.544922 0.675781 0.548828 0.675781 0.554688 0.681641 0.556641 0.681641 0.562500 0.675781 0.562500 0.673828 0.558594 0.669922 0.558594 0.667969 0.556641 0.666016 0.552734 0.666016 0.548828 0.662109 0.546875 0.662109 0.542969 0.658203
0 0.626953 0.658203 0.623047 0.658203 0.623047 0.660156 0.625000 0.662109 0.626953 0.660156
0 0.701172 0.656250 0.699219 0.656250 0.697266 0.658203 0.699219 0.660156 0.701172 0.658203
1 0.744141 0.658203 0.740234 0.662109 0.742188 0.664062 0.740234 0.666016 0.740234 0.669922 0.736328 0.673828 0.730469 0.673828 0.728516 0.671875 0.724609 0.671875 0.720703 0.675781 0.718750 0.675781 0.714844 0.679688 0.710938 0.679688 0.707031 0.683594 0.707031 0.685547 0.703125 0.689453 0.707031 0.693359 0.708984 0.699219 0.710938 0.699219 0.712891 0.701172 0.714844 0.701172 0.716797 0.699219 0.720703 0.703125 0.722656 0.703125 0.726562 0.699219 0.726562 0.691406 0.730469 0.687500 0.730469 0.685547 0.740234 0.675781 0.744141 0.679688 0.746094 0.679688 0.748047 0.677734 0.751953 0.677734 0.753906 0.675781 0.753906 0.673828 0.750000 0.669922 0.750000 0.666016 0.748047 0.664062 0.748047 0.662109
0 0.503906 0.662109 0.501953 0.660156 0.500000 0.660156 0.498047 0.662109 0.498047 0.666016 0.501953 0.666016 0.503906 0.664062
0 0.652344 0.660156 0.650391 0.662109 0.650391 0.666016 0.652344 0.667969 0.658203 0.667969 0.658203 0.666016 0.660156 0.664062 0.660156 0.662109 0.658203 0.660156
0 0.511719 0.667969 0.511719 0.669922 0.517578 0.675781 0.523438 0.675781 0.529297 0.669922 0.527344 0.667969 0.527344 0.666016 0.523438 0.666016 0.521484 0.664062 0.515625 0.664062
0 0.607422 0.669922 0.605469 0.669922 0.605469 0.673828 0.607422 0.671875
0 0.683594 0.673828 0.683594 0.677734 0.685547 0.679688 0.687500 0.679688 0.689453 0.681641 0.693359 0.681641 0.695312 0.679688 0.695312 0.675781 0.691406 0.671875 0.687500 0.671875 0.685547 0.673828
0 0.837891 0.675781 0.832031 0.681641 0.832031 0.695312 0.835938 0.699219 0.835938 0.701172 0.837891 0.701172 0.841797 0.705078 0.843750 0.705078 0.845703 0.703125 0.849609 0.703125 0.853516 0.699219 0.853516 0.697266 0.855469 0.695312 0.855469 0.689453 0.853516 0.687500 0.851562 0.681641 0.847656 0.677734 0.845703 0.677734 0.843750 0.675781
0 0.433594 0.679688 0.431641 0.681641 0.433594 0.683594 0.433594 0.685547 0.433594 0.683594 0.435547 0.681641
0 0.714844 0.714844 0.714844 0.718750 0.720703 0.724609 0.728516 0.724609 0.734375 0.718750 0.726562 0.710938 0.718750 0.710938
0 0.566406 0.714844 0.560547 0.720703 0.562500 0.722656 0.562500 0.730469 0.560547 0.732422 0.564453 0.740234 0.576172 0.750000 0.576172 0.753906 0.580078 0.757812 0.583984 0.755859 0.585938 0.751953 0.582031 0.748047 0.587891 0.738281 0.587891 0.728516 0.585938 0.724609 0.574219 0.714844
1 0.949219 0.718750 0.947266 0.720703 0.947266 0.722656 0.939453 0.730469 0.935547 0.730469 0.931641 0.734375 0.931641 0.736328 0.933594 0.738281 0.935547 0.736328 0.939453 0.740234 0.941406 0.740234 0.941406 0.738281 0.939453 0.736328 0.939453 0.734375 0.943359 0.730469 0.945312 0.732422 0.947266 0.732422 0.949219 0.730469 0.953125 0.730469 0.955078 0.728516 0.955078 0.726562 0.951172 0.722656 0.951172 0.720703
0 0.636719 0.722656 0.634766 0.724609 0.632812 0.724609 0.632812 0.728516 0.634766 0.730469 0.638672 0.730469 0.640625 0.728516 0.640625 0.726562
0 0.880859 0.728516 0.880859 0.730469 0.876953 0.734375 0.878906 0.736328 0.876953 0.738281 0.876953 0.740234 0.878906 0.742188 0.878906 0.746094 0.880859 0.748047 0.880859 0.750000 0.882812 0.751953 0.888672 0.751953 0.890625 0.753906 0.892578 0.751953 0.896484 0.751953 0.900391 0.748047 0.900391 0.738281 0.898438 0.736328 0.898438 0.734375 0.890625 0.728516
1 0.777344 0.730469 0.771484 0.732422 0.771484 0.736328 0.769531 0.738281 0.767578 0.738281 0.767578 0.740234 0.763672 0.746094 0.765625 0.748047 0.765625 0.750000 0.769531 0.753906 0.771484 0.753906 0.775391 0.750000 0.777344 0.750000 0.775391 0.748047 0.775391 0.742188 0.779297 0.738281 0.779297 0.732422
0 0.542969 0.740234 0.542969 0.742188 0.541016 0.744141 0.541016 0.746094 0.544922 0.750000 0.552734 0.750000 0.552734 0.742188 0.550781 0.740234
0 0.753906 0.746094 0.751953 0.748047 0.751953 0.751953 0.753906 0.753906 0.757812 0.753906 0.759766 0.751953 0.759766 0.748047 0.757812 0.746094
0 0.945312 0.751953 0.949219 0.755859 0.953125 0.755859 0.955078 0.753906 0.957031 0.753906 0.964844 0.761719 0.966797 0.761719 0.968750 0.759766 0.968750 0.757812 0.972656 0.753906 0.972656 0.751953 0.966797 0.746094 0.964844 0.746094 0.960938 0.750000 0.958984 0.750000 0.955078 0.746094 0.951172 0.746094
0 0.419922 0.751953 0.417969 0.751953 0.416016 0.753906 0.416016 0.757812 0.417969 0.759766 0.419922 0.757812
0 0.521484 0.750000 0.517578 0.753906 0.517578 0.769531 0.521484 0.773438 0.529297 0.773438 0.531250 0.771484 0.531250 0.767578 0.533203 0.765625 0.533203 0.759766 0.527344 0.753906 0.527344 0.751953
0 0.728516 0.751953 0.726562 0.753906 0.726562 0.759766 0.728516 0.761719 0.732422 0.761719 0.736328 0.757812 0.736328 0.755859 0.734375 0.755859 0.730469 0.751953
0 0.929688 0.750000 0.925781 0.750000 0.925781 0.751953 0.923828 0.753906 0.917969 0.755859 0.914062 0.761719 0.914062 0.767578 0.919922 0.773438 0.921875 0.771484 0.925781 0.771484 0.927734 0.769531 0.927734 0.761719 0.931641 0.757812 0.931641 0.751953
0 0.388672 0.753906 0.386719 0.753906 0.380859 0.759766 0.380859 0.761719 0.378906 0.763672 0.378906 0.769531 0.382812 0.773438 0.390625 0.773438 0.394531 0.767578 0.390625 0.761719 0.390625 0.755859
0 0.839844 0.759766 0.830078 0.759766 0.824219 0.763672 0.824219 0.773438 0.830078 0.777344 0.828125 0.779297 0.830078 0.777344 0.833984 0.777344 0.835938 0.775391 0.839844 0.775391 0.839844 0.773438 0.841797 0.771484 0.843750 0.771484 0.843750 0.769531 0.841797 0.767578 0.841797 0.761719
0 0.408203 0.767578 0.406250 0.769531 0.406250 0.773438 0.408203 0.775391 0.410156 0.775391 0.412109 0.773438 0.412109 0.769531 0.410156 0.767578
0 0.804688 0.767578 0.800781 0.771484 0.798828 0.771484 0.798828 0.777344 0.796875 0.779297 0.802734 0.789062 0.804688 0.789062 0.806641 0.791016 0.812500 0.791016 0.816406 0.787109 0.816406 0.783203 0.818359 0.781250 0.816406 0.779297 0.816406 0.775391 0.814453 0.773438 0.814453 0.771484 0.808594 0.767578
0 0.564453 0.769531 0.562500 0.771484 0.560547 0.771484 0.558594 0.773438 0.558594 0.777344 0.560547 0.779297 0.560547 0.781250 0.562500 0.783203 0.568359 0.783203 0.570312 0.781250 0.570312 0.775391
0 0.716797 0.773438 0.716797 0.777344 0.718750 0.779297 0.722656 0.779297 0.724609 0.777344 0.724609 0.775391 0.722656 0.773438
0 0.859375 0.777344 0.859375 0.785156 0.861328 0.787109 0.867188 0.787109 0.869141 0.785156 0.869141 0.783203 0.871094 0.781250 0.873047 0.781250 0.871094 0.781250 0.867188 0.777344 0.867188 0.775391 0.865234 0.777344 0.863281 0.775391 0.861328 0.777344
0 0.375000 0.779297 0.371094 0.785156 0.371094 0.792969 0.373047 0.794922 0.373047 0.796875 0.382812 0.796875 0.384766 0.794922 0.384766 0.785156 0.380859 0.781250 0.376953 0.781250
0 0.896484 0.777344 0.894531 0.779297 0.894531 0.783203 0.892578 0.785156 0.896484 0.789062 0.896484 0.791016 0.898438 0.792969 0.898438 0.794922 0.902344 0.794922 0.904297 0.792969 0.906250 0.792969 0.904297 0.791016 0.904297 0.781250 0.906250 0.779297 0.904297 0.779297 0.902344 0.777344
0 0.548828 0.783203 0.546875 0.785156 0.546875 0.792969 0.550781 0.792969 0.552734 0.791016 0.552734 0.789062 0.550781 0.787109 0.550781 0.785156
1 0.593750 0.787109 0.589844 0.791016 0.593750 0.794922 0.593750 0.796875 0.597656 0.800781 0.595703 0.802734 0.595703 0.804688 0.599609 0.808594 0.599609 0.818359 0.597656 0.820312 0.601562 0.824219 0.607422 0.818359 0.601562 0.812500 0.613281 0.800781 0.613281 0.798828 0.611328 0.800781 0.607422 0.796875 0.605469 0.796875 0.603516 0.794922 0.601562 0.794922
0 0.427734 0.802734 0.425781 0.804688 0.425781 0.806641 0.427734 0.808594 0.429688 0.806641 0.429688 0.804688
0 0.916016 0.804688 0.914062 0.806641 0.914062 0.812500 0.916016 0.814453 0.917969 0.814453 0.919922 0.812500 0.919922 0.806641 0.917969 0.804688
0 0.962891 0.806641 0.962891 0.810547 0.964844 0.810547 0.966797 0.808594 0.964844 0.806641
0 0.833984 0.808594 0.833984 0.810547 0.835938 0.812500 0.837891 0.810547 0.835938 0.810547
0 0.841797 0.810547 0.845703 0.814453 0.847656 0.812500 0.847656 0.810547
0 0.453125 0.814453 0.453125 0.816406 0.449219 0.820312 0.449219 0.824219 0.455078 0.830078 0.460938 0.830078 0.462891 0.828125 0.462891 0.824219 0.464844 0.822266 0.462891 0.820312 0.462891 0.818359 0.458984 0.814453
0 0.771484 0.812500 0.769531 0.814453 0.767578 0.814453 0.767578 0.818359 0.769531 0.820312 0.771484 0.820312 0.773438 0.822266 0.775391 0.820312 0.775391 0.816406
0 0.537109 0.818359 0.535156 0.820312 0.535156 0.822266 0.537109 0.824219 0.539062 0.824219 0.541016 0.822266 0.541016 0.820312 0.539062 0.818359
0 0.130859 0.822266 0.128906 0.824219 0.128906 0.828125 0.130859 0.830078 0.132812 0.830078 0.134766 0.828125 0.134766 0.824219 0.132812 0.822266
0 0.818359 0.820312 0.816406 0.822266 0.820312 0.826172 0.820312 0.824219 0.822266 0.822266 0.820312 0.820312
1 0.833984 0.824219 0.830078 0.828125 0.828125 0.828125 0.826172 0.830078 0.826172 0.839844 0.830078 0.843750 0.830078 0.847656 0.832031 0.849609 0.832031 0.851562 0.835938 0.855469 0.841797 0.853516 0.843750 0.855469 0.843750 0.861328 0.847656 0.865234 0.853516 0.865234 0.859375 0.859375 0.861328 0.859375 0.863281 0.857422 0.863281 0.855469 0.861328 0.853516 0.861328 0.849609 0.863281 0.847656 0.863281 0.845703 0.859375 0.841797 0.857422 0.843750 0.855469 0.841797 0.849609 0.841797 0.841797 0.833984 0.843750 0.832031 0.843750 0.830078 0.841797 0.828125 0.839844 0.828125 0.835938 0.824219
1 0.437500 0.832031 0.435547 0.830078 0.433594 0.830078 0.431641 0.828125 0.427734 0.832031 0.425781 0.832031 0.421875 0.828125 0.419922 0.828125 0.419922 0.830078 0.417969 0.832031 0.417969 0.833984 0.416016 0.835938 0.414062 0.833984 0.412109 0.833984 0.410156 0.832031 0.408203 0.832031 0.406250 0.830078 0.400391 0.830078 0.396484 0.833984 0.396484 0.835938 0.394531 0.837891 0.392578 0.837891 0.386719 0.843750 0.380859 0.843750 0.376953 0.839844 0.373047 0.839844 0.371094 0.841797 0.384766 0.855469 0.388672 0.851562 0.390625 0.851562 0.390625 0.849609 0.398438 0.841797 0.400391 0.841797 0.402344 0.839844 0.404297 0.839844 0.406250 0.837891 0.408203 0.837891 0.410156 0.835938 0.412109 0.835938 0.414062 0.837891 0.416016 0.837891 0.417969 0.839844 0.421875 0.839844 0.423828 0.841797 0.429688 0.841797 0.437500 0.833984
0 0.505859 0.828125 0.503906 0.830078 0.503906 0.832031 0.505859 0.833984 0.507812 0.833984 0.509766 0.832031 0.509766 0.830078 0.507812 0.828125
0 0.800781 0.828125 0.800781 0.832031 0.804688 0.832031 0.806641 0.830078 0.804688 0.828125
0 0.183594 0.833984 0.181641 0.833984 0.179688 0.835938 0.179688 0.841797 0.183594 0.841797 0.185547 0.839844 0.185547 0.835938
0 0.353516 0.833984 0.351562 0.835938 0.351562 0.837891 0.353516 0.839844 0.355469 0.837891 0.355469 0.835938
0 0.521484 0.832031 0.519531 0.833984 0.517578 0.833984 0.517578 0.835938 0.519531 0.837891 0.521484 0.835938
0 0.882812 0.833984 0.882812 0.837891 0.884766 0.839844 0.886719 0.837891 0.888672 0.839844 0.890625 0.839844 0.892578 0.837891 0.892578 0.833984
0 0.912109 0.841797 0.906250 0.847656 0.906250 0.849609 0.908203 0.851562 0.908203 0.853516 0.910156 0.855469 0.916016 0.855469 0.916016 0.853516 0.917969 0.851562 0.917969 0.845703 0.914062 0.841797
0 0.416016 0.845703 0.412109 0.849609 0.410156 0.849609 0.410156 0.851562 0.412109 0.853516 0.412109 0.855469 0.414062 0.857422 0.416016 0.857422 0.419922 0.853516 0.419922 0.851562 0.416016 0.847656
1 0.365234 0.849609 0.363281 0.849609 0.361328 0.847656 0.361328 0.849609 0.359375 0.851562 0.359375 0.855469 0.357422 0.857422 0.355469 0.857422 0.355469 0.859375 0.353516 0.861328 0.355469 0.863281 0.359375 0.859375 0.363281 0.859375 0.365234 0.857422
0 0.300781 0.853516 0.298828 0.855469 0.296875 0.855469 0.292969 0.859375 0.292969 0.871094 0.300781 0.878906 0.306641 0.878906 0.310547 0.873047 0.310547 0.867188 0.312500 0.865234 0.312500 0.859375 0.308594 0.853516
0 0.335938 0.853516 0.332031 0.853516 0.326172 0.859375 0.326172 0.865234 0.328125 0.867188 0.328125 0.869141 0.330078 0.871094 0.333984 0.871094 0.339844 0.865234 0.339844 0.861328 0.341797 0.859375
0 0.542969 0.851562 0.542969 0.853516 0.544922 0.855469 0.546875 0.855469 0.548828 0.853516 0.546875 0.851562
0 0.734375 0.857422 0.736328 0.859375 0.736328 0.861328 0.738281 0.863281 0.740234 0.863281 0.744141 0.859375 0.742188 0.859375 0.740234 0.857422
0 0.277344 0.861328 0.275391 0.861328 0.273438 0.863281 0.275391 0.865234 0.277344 0.863281
0 0.699219 0.861328 0.699219 0.863281 0.697266 0.865234 0.697266 0.869141 0.699219 0.871094 0.703125 0.871094 0.707031 0.867188 0.707031 0.865234 0.703125 0.861328
0 0.917969 0.859375 0.916016 0.861328 0.916016 0.863281 0.917969 0.863281
1 0.408203 0.880859 0.408203 0.882812 0.410156 0.884766 0.416016 0.884766 0.417969 0.886719 0.416016 0.888672 0.417969 0.886719 0.419922 0.888672 0.421875 0.888672 0.425781 0.884766 0.427734 0.884766 0.429688 0.882812 0.429688 0.880859 0.427734 0.878906 0.423828 0.878906 0.421875 0.876953 0.417969 0.876953 0.416016 0.878906 0.410156 0.878906
0 0.529297 0.875000 0.527344 0.876953 0.527344 0.880859 0.529297 0.882812 0.535156 0.882812 0.537109 0.880859 0.537109 0.876953 0.535156 0.875000
0 0.728516 0.876953 0.724609 0.876953 0.722656 0.878906 0.720703 0.878906 0.718750 0.876953 0.718750 0.875000 0.716797 0.876953 0.712891 0.876953 0.708984 0.880859 0.708984 0.884766 0.707031 0.886719 0.708984 0.886719 0.710938 0.888672 0.718750 0.888672 0.720703 0.886719 0.726562 0.886719 0.728516 0.884766
1 0.916016 0.878906 0.916016 0.876953 0.914062 0.875000 0.912109 0.876953 0.910156 0.876953 0.912109 0.876953 0.914062 0.878906
0 0.960938 0.876953 0.957031 0.876953 0.955078 0.878906 0.955078 0.886719 0.957031 0.888672 0.958984 0.888672 0.960938 0.886719 0.962891 0.886719 0.964844 0.884766 0.964844 0.880859
0 0.859375 0.880859 0.855469 0.884766 0.853516 0.884766 0.853516 0.896484 0.855469 0.896484 0.859375 0.900391 0.863281 0.900391 0.865234 0.898438 0.867188 0.898438 0.867188 0.896484 0.869141 0.894531 0.869141 0.890625 0.867188 0.888672 0.867188 0.886719 0.861328 0.880859
0 0.941406 0.880859 0.939453 0.882812 0.937500 0.882812 0.937500 0.884766 0.939453 0.886719 0.941406 0.886719 0.943359 0.884766 0.943359 0.882812
0 0.560547 0.884766 0.558594 0.886719 0.558594 0.890625 0.560547 0.892578 0.562500 0.892578 0.564453 0.890625 0.564453 0.886719 0.562500 0.884766
0 0.755859 0.884766 0.755859 0.896484 0.759766 0.900391 0.765625 0.902344 0.771484 0.908203 0.777344 0.908203 0.779297 0.910156 0.789062 0.902344 0.787109 0.892578 0.781250 0.886719 0.773438 0.882812 0.771484 0.884766 0.769531 0.882812 0.757812 0.882812
0 0.302734 0.886719 0.298828 0.890625 0.298828 0.892578 0.296875 0.894531 0.300781 0.898438 0.306641 0.898438 0.308594 0.896484 0.308594 0.888672 0.306641 0.886719
0 0.531250 0.888672 0.529297 0.890625 0.527344 0.890625 0.527344 0.892578 0.529297 0.894531 0.531250 0.892578
0 0.474609 0.890625 0.472656 0.892578 0.472656 0.894531 0.474609 0.896484 0.478516 0.896484 0.480469 0.894531 0.476562 0.890625
0 0.652344 0.892578 0.650391 0.894531 0.650391 0.896484 0.652344 0.898438 0.654297 0.898438 0.656250 0.896484 0.656250 0.894531 0.654297 0.892578
0 0.441406 0.894531 0.439453 0.896484 0.439453 0.900391 0.441406 0.902344 0.439453 0.904297 0.443359 0.904297 0.445312 0.902344 0.445312 0.898438
0 0.478516 0.900391 0.480469 0.902344 0.476562 0.906250 0.480469 0.910156 0.482422 0.908203 0.482422 0.904297
0 0.746094 0.904297 0.748047 0.904297 0.750000 0.906250 0.750000 0.904297 0.751953 0.902344 0.755859 0.902344 0.751953 0.902344 0.750000 0.900391 0.750000 0.898438 0.748047 0.898438 0.748047 0.900391 0.746094 0.902344
0 0.931641 0.900391 0.931641 0.902344 0.929688 0.904297 0.929688 0.908203 0.931641 0.910156 0.933594 0.910156 0.935547 0.912109 0.937500 0.910156 0.939453 0.910156 0.939453 0.902344 0.937500 0.900391
0 0.425781 0.904297 0.421875 0.906250 0.417969 0.914062 0.419922 0.917969 0.417969 0.919922 0.419922 0.921875 0.419922 0.925781 0.423828 0.929688 0.429688 0.929688 0.431641 0.931641 0.435547 0.931641 0.441406 0.923828 0.441406 0.914062 0.439453 0.912109 0.439453 0.908203 0.437500 0.908203 0.435547 0.904297 0.433594 0.906250 0.431641 0.904297
0 0.810547 0.906250 0.808594 0.906250 0.806641 0.904297 0.804688 0.906250 0.802734 0.906250 0.802734 0.908203 0.800781 0.910156 0.800781 0.914062 0.802734 0.916016 0.806641 0.916016 0.810547 0.912109
0 0.402344 0.906250 0.400391 0.908203 0.400391 0.912109 0.402344 0.912109 0.404297 0.914062 0.406250 0.912109 0.406250 0.908203 0.404297 0.906250
0 0.685547 0.906250 0.683594 0.908203 0.683594 0.910156 0.685547 0.912109 0.687500 0.912109 0.689453 0.910156 0.689453 0.908203 0.687500 0.906250
0 0.837891 0.908203 0.839844 0.908203 0.841797 0.910156 0.841797 0.912109 0.845703 0.912109 0.847656 0.910156 0.847656 0.908203 0.845703 0.906250 0.841797 0.906250 0.839844 0.908203
0 0.740234 0.931641 0.732422 0.923828 0.728516 0.916016 0.720703 0.921875 0.718750 0.919922 0.716797 0.921875 0.714844 0.919922 0.701172 0.919922 0.697266 0.923828 0.699219 0.943359 0.701172 0.947266 0.710938 0.953125 0.718750 0.947266 0.720703 0.939453 0.726562 0.933594 0.734375 0.939453
0 0.941406 0.916016 0.937500 0.916016 0.935547 0.917969 0.935547 0.919922 0.939453 0.923828 0.943359 0.919922 0.941406 0.917969
0 0.597656 0.917969 0.593750 0.921875 0.593750 0.925781 0.595703 0.927734 0.599609 0.927734 0.601562 0.925781 0.601562 0.919922 0.599609 0.919922
1 0.640625 0.919922 0.642578 0.921875 0.644531 0.921875 0.650391 0.927734 0.650391 0.931641 0.648438 0.933594 0.648438 0.935547 0.650391 0.937500 0.652344 0.937500 0.658203 0.931641 0.658203 0.929688 0.654297 0.925781 0.652344 0.925781 0.650391 0.927734 0.648438 0.925781 0.648438 0.923828 0.644531 0.919922
0 0.351562 0.923828 0.347656 0.927734 0.347656 0.935547 0.349609 0.937500 0.349609 0.939453 0.357422 0.939453 0.359375 0.937500 0.359375 0.935547 0.361328 0.933594 0.361328 0.931641 0.359375 0.929688 0.359375 0.927734 0.355469 0.923828
1 0.761719 0.923828 0.761719 0.925781 0.757812 0.931641 0.757812 0.933594 0.759766 0.935547 0.759766 0.939453 0.761719 0.941406 0.773438 0.941406 0.775391 0.939453 0.779297 0.939453 0.781250 0.941406 0.779297 0.943359 0.779297 0.945312 0.781250 0.947266 0.781250 0.949219 0.779297 0.951172 0.779297 0.953125 0.781250 0.955078 0.779297 0.953125 0.781250 0.951172 0.781250 0.947266 0.783203 0.945312 0.783203 0.939453 0.777344 0.939453 0.775391 0.937500 0.775391 0.931641 0.773438 0.929688 0.773438 0.927734 0.771484 0.927734 0.767578 0.923828
0 0.841797 0.923828 0.837891 0.927734 0.837891 0.929688 0.835938 0.931641 0.837891 0.933594 0.837891 0.939453 0.843750 0.945312 0.853516 0.945312 0.857422 0.941406 0.857422 0.929688 0.855469 0.929688 0.851562 0.925781 0.849609 0.925781 0.847656 0.923828
0 0.466797 0.925781 0.462891 0.929688 0.460938 0.937500 0.453125 0.945312 0.460938 0.949219 0.464844 0.949219 0.466797 0.947266 0.474609 0.955078 0.480469 0.955078 0.484375 0.953125 0.488281 0.945312 0.488281 0.939453 0.486328 0.935547 0.472656 0.925781
0 0.818359 0.925781 0.816406 0.927734 0.816406 0.929688 0.818359 0.931641 0.820312 0.931641 0.822266 0.929688 0.822266 0.927734 0.820312 0.925781
0 0.376953 0.931641 0.376953 0.933594 0.375000 0.935547 0.375000 0.939453 0.376953 0.939453 0.378906 0.941406 0.380859 0.941406 0.384766 0.937500 0.384766 0.935547 0.380859 0.931641
0 0.398438 0.941406 0.394531 0.945312 0.394531 0.951172 0.398438 0.955078 0.404297 0.955078 0.408203 0.951172 0.408203 0.945312 0.404297 0.941406
1 0.693359 0.947266 0.691406 0.947266 0.689453 0.949219 0.687500 0.949219 0.689453 0.949219 0.691406 0.951172 0.693359 0.949219
0 0.578125 0.949219 0.576172 0.951172 0.574219 0.951172 0.574219 0.953125 0.572266 0.955078 0.572266 0.958984 0.570312 0.960938 0.570312 0.964844 0.576172 0.970703 0.576172 0.972656 0.578125 0.970703 0.582031 0.970703 0.583984 0.972656 0.583984 0.970703 0.585938 0.968750 0.585938 0.960938 0.583984 0.958984 0.583984 0.955078 0.582031 0.953125 0.582031 0.951172 0.580078 0.949219
0 0.613281 0.949219 0.609375 0.949219 0.605469 0.953125 0.605469 0.957031 0.607422 0.958984 0.611328 0.958984 0.615234 0.955078 0.615234 0.951172
0 0.734375 0.949219 0.732422 0.951172 0.728516 0.951172 0.728516 0.953125 0.724609 0.957031 0.724609 0.964844 0.728516 0.968750 0.728516 0.970703 0.730469 0.972656 0.728516 0.974609 0.732422 0.980469 0.734375 0.978516 0.738281 0.978516 0.740234 0.976562 0.740234 0.970703 0.744141 0.966797 0.744141 0.955078
0 0.640625 0.957031 0.636719 0.960938 0.636719 0.970703 0.644531 0.978516 0.650391 0.980469 0.654297 0.976562 0.654297 0.962891 0.650391 0.958984 0.648438 0.958984 0.646484 0.957031
0 0.289062 0.962891 0.287109 0.964844 0.287109 0.970703 0.289062 0.972656 0.294922 0.972656 0.294922 0.964844 0.292969 0.962891
0 0.675781 0.966797 0.671875 0.970703 0.671875 0.972656 0.675781 0.976562 0.679688 0.976562 0.681641 0.974609 0.681641 0.968750 0.679688 0.968750 0.677734 0.966797
0 0.562500 0.968750 0.556641 0.974609 0.556641 0.984375 0.562500 0.992188 0.564453 0.992188 0.566406 0.994141 0.568359 0.994141 0.570312 0.992188 0.572266 0.994141 0.580078 0.988281 0.580078 0.982422 0.576172 0.978516 0.576172 0.976562 0.574219 0.976562 0.572266 0.974609 0.572266 0.972656
0 0.548828 0.978516 0.546875 0.980469 0.544922 0.980469 0.546875 0.982422 0.544922 0.984375 0.548828 0.984375 0.550781 0.982422 0.548828 0.980469
0 0.591797 0.980469 0.589844 0.980469 0.587891 0.982422 0.585938 0.982422 0.587891 0.984375 0.587891 0.986328 0.589844 0.988281 0.591797 0.986328 0.593750 0.986328 0.593750 0.982422
0 0.898438 0.982422 0.896484 0.984375 0.896484 0.990234 0.898438 0.990234 0.900391 0.992188 0.902344 0.992188 0.904297 0.990234 0.904297 0.986328 0.906250 0.984375 0.904297 0.982422
0 0.964844 0.986328 0.960938 0.982422 0.958984 0.984375 0.958984 0.988281 0.962891 0.988281
0 0.705078 0.986328 0.701172 0.990234 0.701172 0.996094 0.710938 0.996094 0.712891 0.994141 0.710938 0.992188 0.712891 0.990234 0.710938 0.988281 0.707031 0.988281
0 0.396484 0.990234 0.396484 0.992188 0.398438 0.992188 0.398438 0.990234
0 0.410156 0.990234 0.408203 0.990234 0.406250 0.992188 0.406250 0.998047 0.410156 0.998047 0.412109 0.996094 0.412109 0.992188
0 0.808594 0.988281 0.810547 0.990234 0.810547 0.994141 0.816406 0.994141 0.816406 0.990234 0.814453 0.988281
0 0.488281 0.021484 0.488281 0.025391 0.484375 0.025391 0.482422 0.023438 0.486328 0.019531
0 0.462891 0.037109 0.462891 0.041016 0.458984 0.041016 0.457031 0.039062 0.460938 0.035156
0 0.001953 0.046875 0.000000 0.046875 0.000000 0.041016 0.000000 0.042969 0.001953 0.044922
0 0.859375 0.052734 0.859375 0.056641 0.855469 0.056641 0.853516 0.054688 0.857422 0.050781
0 0.062500 0.054688 0.062500 0.058594 0.058594 0.058594 0.056641 0.056641 0.060547 0.052734
0 0.441406 0.066406 0.441406 0.070312 0.437500 0.070312 0.435547 0.068359 0.439453 0.064453
0 0.853516 0.072266 0.853516 0.076172 0.849609 0.076172 0.847656 0.074219 0.851562 0.070312
0 0.033203 0.083984 0.033203 0.087891 0.029297 0.087891 0.027344 0.085938 0.031250 0.082031
0 0.001953 0.103516 0.000000 0.103516 0.000000 0.085938 0.001953 0.085938 0.007812 0.091797 0.007812 0.097656
0 0.001953 0.109375 0.000000 0.109375 0.000000 0.103516 0.000000 0.105469 0.001953 0.107422
0 0.023438 0.113281 0.023438 0.117188 0.019531 0.117188 0.017578 0.115234 0.021484 0.111328
0 0.009766 0.115234 0.009766 0.119141 0.005859 0.119141 0.003906 0.117188 0.005859 0.115234 0.005859 0.113281
0 0.365234 0.193359 0.365234 0.197266 0.361328 0.197266 0.359375 0.195312 0.363281 0.191406
0 0.806641 0.193359 0.806641 0.197266 0.802734 0.197266 0.800781 0.195312 0.804688 0.191406
0 0.394531 0.197266 0.394531 0.201172 0.390625 0.201172 0.388672 0.199219 0.392578 0.195312
0 0.697266 0.199219 0.697266 0.203125 0.693359 0.203125 0.691406 0.201172 0.695312 0.197266
0 0.345703 0.203125 0.345703 0.207031 0.341797 0.207031 0.339844 0.205078 0.343750 0.201172
0 0.339844 0.212891 0.339844 0.216797 0.335938 0.216797 0.333984 0.214844 0.337891 0.210938
0 0.226562 0.214844 0.226562 0.218750 0.222656 0.218750 0.220703 0.216797 0.224609 0.212891
0 0.261719 0.222656 0.261719 0.226562 0.257812 0.226562 0.255859 0.224609 0.259766 0.220703
0 0.285156 0.222656 0.285156 0.226562 0.281250 0.226562 0.279297 0.224609 0.283203 0.220703
0 0.146484 0.240234 0.146484 0.244141 0.142578 0.244141 0.140625 0.242188 0.144531 0.238281
0 0.316406 0.246094 0.316406 0.250000 0.312500 0.250000 0.310547 0.248047 0.314453 0.244141
0 0.171875 0.250000 0.171875 0.253906 0.167969 0.253906 0.166016 0.251953 0.169922 0.248047
0 0.730469 0.253906 0.730469 0.257812 0.726562 0.257812 0.724609 0.255859 0.728516 0.251953
0 0.412109 0.257812 0.412109 0.261719 0.408203 0.261719 0.406250 0.259766 0.410156 0.255859
0 0.105469 0.259766 0.105469 0.263672 0.101562 0.263672 0.099609 0.261719 0.103516 0.257812
0 0.207031 0.259766 0.207031 0.263672 0.203125 0.263672 0.201172 0.261719 0.205078 0.257812
0 0.277344 0.261719 0.277344 0.265625 0.273438 0.265625 0.271484 0.263672 0.275391 0.259766
0 0.322266 0.261719 0.322266 0.265625 0.318359 0.265625 0.316406 0.263672 0.320312 0.259766
0 0.312500 0.263672 0.312500 0.267578 0.308594 0.267578 0.306641 0.265625 0.310547 0.261719
0 0.359375 0.263672 0.359375 0.267578 0.355469 0.267578 0.353516 0.265625 0.357422 0.261719
0 0.378906 0.263672 0.378906 0.267578 0.375000 0.267578 0.373047 0.265625 0.376953 0.261719
0 0.171875 0.267578 0.171875 0.271484 0.167969 0.271484 0.166016 0.269531 0.169922 0.265625
0 0.242188 0.269531 0.242188 0.273438 0.238281 0.273438 0.236328 0.271484 0.240234 0.267578
0 0.193359 0.273438 0.193359 0.277344 0.189453 0.277344 0.187500 0.275391 0.191406 0.271484
0 0.257812 0.275391 0.257812 0.279297 0.253906 0.279297 0.251953 0.277344 0.255859 0.273438
0 0.421875 0.277344 0.421875 0.281250 0.417969 0.281250 0.416016 0.279297 0.419922 0.275391
0 0.216797 0.281250 0.216797 0.285156 0.212891 0.285156 0.210938 0.283203 0.214844 0.279297
0 0.242188 0.285156 0.242188 0.289062 0.238281 0.289062 0.236328 0.287109 0.240234 0.283203
0 0.292969 0.285156 0.292969 0.289062 0.289062 0.289062 0.287109 0.287109 0.291016 0.283203
0 0.720703 0.285156 0.720703 0.289062 0.716797 0.289062 0.714844 0.287109 0.718750 0.283203
0 0.437500 0.287109 0.437500 0.291016 0.433594 0.291016 0.431641 0.289062 0.435547 0.285156
0 0.449219 0.287109 0.449219 0.291016 0.445312 0.291016 0.443359 0.289062 0.447266 0.285156
0 0.474609 0.289062 0.474609 0.292969 0.470703 0.292969 0.468750 0.291016 0.472656 0.287109
0 0.500000 0.291016 0.500000 0.294922 0.496094 0.294922 0.494141 0.292969 0.498047 0.289062
0 0.417969 0.292969 0.417969 0.296875 0.414062 0.296875 0.412109 0.294922 0.416016 0.291016
0 0.480469 0.292969 0.480469 0.296875 0.476562 0.296875 0.474609 0.294922 0.478516 0.291016
0 0.265625 0.294922 0.265625 0.298828 0.261719 0.298828 0.259766 0.296875 0.263672 0.292969
0 0.357422 0.294922 0.357422 0.298828 0.353516 0.298828 0.351562 0.296875 0.355469 0.292969
0 0.730469 0.294922 0.730469 0.298828 0.726562 0.298828 0.724609 0.296875 0.728516 0.292969
0 0.250000 0.296875 0.250000 0.300781 0.246094 0.300781 0.244141 0.298828 0.248047 0.294922
0 0.376953 0.298828 0.376953 0.302734 0.373047 0.302734 0.371094 0.300781 0.375000 0.296875
0 0.324219 0.300781 0.324219 0.304688 0.320312 0.304688 0.318359 0.302734 0.322266 0.298828
0 0.234375 0.304688 0.234375 0.308594 0.230469 0.308594 0.228516 0.306641 0.232422 0.302734
0 0.351562 0.304688 0.351562 0.308594 0.347656 0.308594 0.345703 0.306641 0.349609 0.302734
0 0.314453 0.306641 0.314453 0.310547 0.310547 0.310547 0.308594 0.308594 0.312500 0.304688
0 0.833984 0.306641 0.833984 0.310547 0.830078 0.310547 0.828125 0.308594 0.832031 0.304688
0 0.345703 0.308594 0.345703 0.312500 0.341797 0.312500 0.339844 0.310547 0.343750 0.306641
0 0.183594 0.310547 0.183594 0.314453 0.179688 0.314453 0.177734 0.312500 0.181641 0.308594
0 0.199219 0.312500 0.199219 0.316406 0.195312 0.316406 0.193359 0.314453 0.197266 0.310547
0 0.494141 0.312500 0.494141 0.316406 0.490234 0.316406 0.488281 0.314453 0.492188 0.310547
0 0.166016 0.314453 0.166016 0.318359 0.162109 0.318359 0.160156 0.316406 0.164062 0.312500
0 0.292969 0.316406 0.292969 0.320312 0.289062 0.320312 0.287109 0.318359 0.291016 0.314453
0 0.460938 0.324219 0.460938 0.328125 0.457031 0.328125 0.455078 0.326172 0.458984 0.322266
0 0.167969 0.326172 0.167969 0.330078 0.164062 0.330078 0.162109 0.328125 0.166016 0.324219
0 0.318359 0.326172 0.318359 0.330078 0.314453 0.330078 0.312500 0.328125 0.316406 0.324219
0 0.833984 0.333984 0.832031 0.333984 0.830078 0.335938 0.826172 0.335938 0.824219 0.333984 0.824219 0.328125 0.826172 0.326172 0.830078 0.326172 0.832031 0.328125 0.833984 0.328125
0 0.177734 0.332031 0.177734 0.335938 0.173828 0.335938 0.171875 0.333984 0.175781 0.330078
0 0.322266 0.333984 0.322266 0.337891 0.318359 0.337891 0.316406 0.335938 0.320312 0.332031
0 0.498047 0.339844 0.498047 0.343750 0.494141 0.343750 0.492188 0.341797 0.496094 0.337891
0 0.564453 0.339844 0.564453 0.343750 0.560547 0.343750 0.558594 0.341797 0.562500 0.337891
0 0.197266 0.341797 0.197266 0.345703 0.193359 0.345703 0.191406 0.343750 0.195312 0.339844
0 0.408203 0.341797 0.408203 0.345703 0.404297 0.345703 0.402344 0.343750 0.406250 0.339844
0 0.292969 0.343750 0.292969 0.347656 0.289062 0.347656 0.287109 0.345703 0.291016 0.341797
0 0.470703 0.347656 0.470703 0.351562 0.466797 0.351562 0.464844 0.349609 0.468750 0.345703
0 0.314453 0.349609 0.314453 0.353516 0.310547 0.353516 0.308594 0.351562 0.312500 0.347656
0 0.531250 0.351562 0.531250 0.355469 0.527344 0.355469 0.525391 0.353516 0.529297 0.349609
0 0.257812 0.357422 0.257812 0.361328 0.253906 0.361328 0.251953 0.359375 0.255859 0.355469
0 0.345703 0.357422 0.345703 0.361328 0.341797 0.361328 0.339844 0.359375 0.343750 0.355469
0 0.140625 0.359375 0.140625 0.363281 0.136719 0.363281 0.134766 0.361328 0.138672 0.357422
0 0.148438 0.363281 0.148438 0.367188 0.144531 0.367188 0.142578 0.365234 0.146484 0.361328
0 0.302734 0.363281 0.302734 0.367188 0.298828 0.367188 0.296875 0.365234 0.300781 0.361328
0 0.388672 0.371094 0.388672 0.375000 0.384766 0.375000 0.382812 0.373047 0.386719 0.369141
0 0.771484 0.373047 0.771484 0.376953 0.767578 0.376953 0.765625 0.375000 0.769531 0.371094
0 0.185547 0.378906 0.185547 0.382812 0.181641 0.382812 0.179688 0.380859 0.183594 0.376953
0 0.373047 0.382812 0.373047 0.386719 0.369141 0.386719 0.367188 0.384766 0.371094 0.380859
0 0.347656 0.384766 0.347656 0.388672 0.343750 0.388672 0.341797 0.386719 0.345703 0.382812
0 0.503906 0.384766 0.503906 0.388672 0.500000 0.388672 0.498047 0.386719 0.501953 0.382812
0 0.892578 0.386719 0.892578 0.390625 0.888672 0.390625 0.886719 0.388672 0.890625 0.384766
0 0.164062 0.388672 0.164062 0.392578 0.160156 0.392578 0.158203 0.390625 0.162109 0.386719
0 0.513672 0.388672 0.513672 0.392578 0.509766 0.392578 0.507812 0.390625 0.511719 0.386719
0 0.183594 0.390625 0.183594 0.394531 0.179688 0.394531 0.177734 0.392578 0.181641 0.388672
0 0.173828 0.396484 0.173828 0.400391 0.169922 0.400391 0.167969 0.398438 0.171875 0.394531
0 0.484375 0.396484 0.484375 0.400391 0.480469 0.400391 0.478516 0.398438 0.482422 0.394531
0 0.562500 0.400391 0.562500 0.404297 0.558594 0.404297 0.556641 0.402344 0.560547 0.398438
0 0.750000 0.400391 0.750000 0.404297 0.746094 0.404297 0.744141 0.402344 0.748047 0.398438
0 0.416016 0.406250 0.416016 0.410156 0.412109 0.410156 0.410156 0.408203 0.414062 0.404297
0 0.400391 0.416016 0.400391 0.419922 0.396484 0.419922 0.394531 0.417969 0.398438 0.414062
0 0.455078 0.419922 0.455078 0.423828 0.451172 0.423828 0.449219 0.421875 0.453125 0.417969
0 0.423828 0.433594 0.423828 0.437500 0.419922 0.437500 0.417969 0.435547 0.421875 0.431641
0 0.369141 0.439453 0.369141 0.443359 0.365234 0.443359 0.363281 0.441406 0.367188 0.437500
0 0.757812 0.439453 0.757812 0.443359 0.753906 0.443359 0.751953 0.441406 0.755859 0.437500
0 0.396484 0.443359 0.396484 0.447266 0.392578 0.447266 0.390625 0.445312 0.394531 0.441406
0 0.441406 0.447266 0.441406 0.451172 0.437500 0.451172 0.435547 0.449219 0.439453 0.445312
0 0.355469 0.455078 0.355469 0.458984 0.351562 0.458984 0.349609 0.457031 0.353516 0.453125
0 0.419922 0.460938 0.419922 0.464844 0.416016 0.464844 0.414062 0.462891 0.417969 0.458984
0 0.925781 0.462891 0.925781 0.466797 0.921875 0.466797 0.919922 0.464844 0.923828 0.460938
0 0.408203 0.464844 0.408203 0.468750 0.404297 0.468750 0.402344 0.466797 0.406250 0.462891
0 0.501953 0.464844 0.501953 0.468750 0.498047 0.468750 0.496094 0.466797 0.500000 0.462891
0 0.574219 0.466797 0.574219 0.470703 0.570312 0.470703 0.568359 0.468750 0.572266 0.464844
0 0.343750 0.478516 0.343750 0.482422 0.339844 0.482422 0.337891 0.480469 0.341797 0.476562
0 0.388672 0.486328 0.388672 0.490234 0.384766 0.490234 0.382812 0.488281 0.386719 0.484375
0 0.455078 0.488281 0.455078 0.492188 0.451172 0.492188 0.449219 0.490234 0.453125 0.486328
0 0.484375 0.490234 0.484375 0.494141 0.480469 0.494141 0.478516 0.492188 0.482422 0.488281
0 0.806641 0.494141 0.804688 0.494141 0.802734 0.496094 0.798828 0.496094 0.796875 0.494141 0.796875 0.488281 0.798828 0.486328 0.802734 0.486328 0.804688 0.488281 0.806641 0.488281
0 0.335938 0.496094 0.335938 0.500000 0.332031 0.500000 0.330078 0.498047 0.333984 0.494141
0 0.595703 0.496094 0.595703 0.500000 0.591797 0.500000 0.589844 0.498047 0.593750 0.494141
0 0.398438 0.498047 0.398438 0.501953 0.394531 0.501953 0.392578 0.500000 0.396484 0.496094
0 0.363281 0.501953 0.363281 0.505859 0.359375 0.505859 0.357422 0.503906 0.361328 0.500000
0 0.101562 0.509766 0.101562 0.513672 0.097656 0.513672 0.095703 0.511719 0.099609 0.507812
0 0.433594 0.511719 0.433594 0.515625 0.429688 0.515625 0.427734 0.513672 0.431641 0.509766
0 0.595703 0.513672 0.595703 0.517578 0.591797 0.517578 0.589844 0.515625 0.593750 0.511719
0 0.648438 0.513672 0.648438 0.517578 0.644531 0.517578 0.642578 0.515625 0.646484 0.511719
0 0.716797 0.517578 0.714844 0.517578 0.712891 0.519531 0.708984 0.519531 0.707031 0.517578 0.707031 0.511719 0.708984 0.509766 0.712891 0.509766 0.714844 0.511719 0.716797 0.511719
0 0.359375 0.515625 0.359375 0.519531 0.355469 0.519531 0.353516 0.517578 0.357422 0.513672
0 0.957031 0.515625 0.957031 0.519531 0.953125 0.519531 0.951172 0.517578 0.955078 0.513672
0 0.796875 0.519531 0.796875 0.523438 0.792969 0.523438 0.791016 0.521484 0.794922 0.517578
0 0.500000 0.521484 0.500000 0.525391 0.496094 0.525391 0.494141 0.523438 0.498047 0.519531
0 0.345703 0.525391 0.345703 0.529297 0.341797 0.529297 0.339844 0.527344 0.343750 0.523438
0 0.093750 0.527344 0.093750 0.531250 0.089844 0.531250 0.087891 0.529297 0.091797 0.525391
0 0.328125 0.527344 0.328125 0.531250 0.324219 0.531250 0.322266 0.529297 0.326172 0.525391
0 0.376953 0.527344 0.376953 0.531250 0.373047 0.531250 0.371094 0.529297 0.375000 0.525391
0 0.359375 0.529297 0.359375 0.533203 0.355469 0.533203 0.353516 0.531250 0.357422 0.527344
0 0.408203 0.531250 0.408203 0.535156 0.404297 0.535156 0.402344 0.533203 0.406250 0.529297
0 0.468750 0.535156 0.468750 0.539062 0.464844 0.539062 0.462891 0.537109 0.466797 0.533203
0 0.714844 0.535156 0.714844 0.539062 0.710938 0.539062 0.708984 0.537109 0.712891 0.533203
0 0.845703 0.537109 0.845703 0.541016 0.841797 0.541016 0.839844 0.539062 0.843750 0.535156
0 0.300781 0.542969 0.300781 0.546875 0.296875 0.546875 0.294922 0.544922 0.298828 0.541016
0 0.363281 0.544922 0.363281 0.548828 0.359375 0.548828 0.357422 0.546875 0.361328 0.542969
0 0.310547 0.546875 0.310547 0.550781 0.306641 0.550781 0.304688 0.548828 0.308594 0.544922
0 0.386719 0.548828 0.386719 0.552734 0.382812 0.552734 0.380859 0.550781 0.384766 0.546875
0 0.302734 0.550781 0.302734 0.554688 0.298828 0.554688 0.296875 0.552734 0.300781 0.548828
0 0.673828 0.550781 0.673828 0.554688 0.669922 0.554688 0.667969 0.552734 0.671875 0.548828
0 0.880859 0.558594 0.880859 0.562500 0.876953 0.562500 0.875000 0.560547 0.878906 0.556641
0 0.466797 0.560547 0.466797 0.564453 0.462891 0.564453 0.460938 0.562500 0.464844 0.558594
0 0.343750 0.566406 0.343750 0.570312 0.339844 0.570312 0.337891 0.568359 0.341797 0.564453
0 0.328125 0.570312 0.328125 0.574219 0.324219 0.574219 0.322266 0.572266 0.326172 0.568359
0 0.134766 0.574219 0.134766 0.578125 0.130859 0.578125 0.128906 0.576172 0.132812 0.572266
0 0.865234 0.574219 0.865234 0.578125 0.861328 0.578125 0.859375 0.576172 0.863281 0.572266
0 0.119141 0.576172 0.119141 0.580078 0.115234 0.580078 0.113281 0.578125 0.117188 0.574219
0 0.326172 0.576172 0.326172 0.580078 0.322266 0.580078 0.320312 0.578125 0.324219 0.574219
0 0.480469 0.576172 0.480469 0.580078 0.476562 0.580078 0.474609 0.578125 0.478516 0.574219
0 0.701172 0.576172 0.701172 0.580078 0.697266 0.580078 0.695312 0.578125 0.699219 0.574219
0 0.337891 0.582031 0.337891 0.585938 0.333984 0.585938 0.332031 0.583984 0.335938 0.580078
0 0.351562 0.582031 0.351562 0.585938 0.347656 0.585938 0.345703 0.583984 0.349609 0.580078
0 0.923828 0.587891 0.923828 0.591797 0.919922 0.591797 0.917969 0.589844 0.921875 0.585938
0 0.406250 0.589844 0.406250 0.593750 0.402344 0.593750 0.400391 0.591797 0.404297 0.587891
0 0.468750 0.591797 0.468750 0.595703 0.464844 0.595703 0.462891 0.593750 0.466797 0.589844
0 0.630859 0.591797 0.630859 0.595703 0.626953 0.595703 0.625000 0.593750 0.628906 0.589844
0 0.125000 0.593750 0.125000 0.597656 0.121094 0.597656 0.119141 0.595703 0.123047 0.591797
0 0.320312 0.595703 0.320312 0.599609 0.316406 0.599609 0.314453 0.597656 0.318359 0.593750
0 0.261719 0.597656 0.261719 0.601562 0.257812 0.601562 0.255859 0.599609 0.259766 0.595703
0 0.453125 0.597656 0.453125 0.601562 0.449219 0.601562 0.447266 0.599609 0.451172 0.595703
0 0.468750 0.597656 0.468750 0.601562 0.464844 0.601562 0.462891 0.599609 0.466797 0.595703
0 0.037109 0.599609 0.037109 0.603516 0.033203 0.603516 0.031250 0.601562 0.035156 0.597656
0 0.511719 0.601562 0.511719 0.605469 0.507812 0.605469 0.505859 0.603516 0.509766 0.599609
0 0.302734 0.603516 0.302734 0.607422 0.298828 0.607422 0.296875 0.605469 0.300781 0.601562
0 0.388672 0.605469 0.388672 0.609375 0.384766 0.609375 0.382812 0.607422 0.386719 0.603516
0 0.322266 0.607422 0.322266 0.611328 0.318359 0.611328 0.316406 0.609375 0.320312 0.605469
0 0.351562 0.607422 0.351562 0.611328 0.347656 0.611328 0.345703 0.609375 0.349609 0.605469
0 0.484375 0.607422 0.484375 0.611328 0.480469 0.611328 0.478516 0.609375 0.482422 0.605469
0 0.531250 0.607422 0.531250 0.611328 0.527344 0.611328 0.525391 0.609375 0.529297 0.605469
0 0.125000 0.609375 0.125000 0.613281 0.121094 0.613281 0.119141 0.611328 0.123047 0.607422
0 0.134766 0.609375 0.134766 0.613281 0.130859 0.613281 0.128906 0.611328 0.132812 0.607422
0 0.892578 0.611328 0.892578 0.615234 0.888672 0.615234 0.886719 0.613281 0.890625 0.609375
0 0.142578 0.621094 0.142578 0.625000 0.138672 0.625000 0.136719 0.623047 0.140625 0.619141
0 0.005859 0.626953 0.001953 0.626953 0.000000 0.625000 0.000000 0.623047 0.001953 0.621094 0.005859 0.623047
0 0.486328 0.623047 0.486328 0.626953 0.482422 0.626953 0.480469 0.625000 0.484375 0.621094
0 0.396484 0.628906 0.396484 0.632812 0.392578 0.632812 0.390625 0.630859 0.394531 0.626953
0 0.343750 0.630859 0.343750 0.634766 0.339844 0.634766 0.337891 0.632812 0.341797 0.628906
0 0.718750 0.630859 0.718750 0.634766 0.714844 0.634766 0.712891 0.632812 0.716797 0.628906
0 0.339844 0.636719 0.339844 0.640625 0.335938 0.640625 0.333984 0.638672 0.337891 0.634766
0 0.558594 0.636719 0.558594 0.640625 0.554688 0.640625 0.552734 0.638672 0.556641 0.634766
0 0.251953 0.638672 0.251953 0.642578 0.248047 0.642578 0.246094 0.640625 0.250000 0.636719
0 0.349609 0.640625 0.349609 0.644531 0.345703 0.644531 0.343750 0.642578 0.347656 0.638672
0 0.408203 0.640625 0.408203 0.644531 0.404297 0.644531 0.402344 0.642578 0.406250 0.638672
0 0.486328 0.642578 0.486328 0.646484 0.482422 0.646484 0.480469 0.644531 0.484375 0.640625
0 0.144531 0.644531 0.144531 0.648438 0.140625 0.648438 0.138672 0.646484 0.142578 0.642578
0 0.285156 0.644531 0.285156 0.648438 0.281250 0.648438 0.279297 0.646484 0.283203 0.642578
0 0.064453 0.652344 0.064453 0.656250 0.060547 0.656250 0.058594 0.654297 0.062500 0.650391
0 0.357422 0.652344 0.357422 0.656250 0.353516 0.656250 0.351562 0.654297 0.355469 0.650391
0 0.410156 0.652344 0.410156 0.656250 0.406250 0.656250 0.404297 0.654297 0.408203 0.650391
0 0.433594 0.652344 0.433594 0.656250 0.429688 0.656250 0.427734 0.654297 0.431641 0.650391
0 0.527344 0.652344 0.527344 0.656250 0.523438 0.656250 0.521484 0.654297 0.525391 0.650391
0 0.863281 0.652344 0.863281 0.656250 0.859375 0.656250 0.857422 0.654297 0.861328 0.650391
0 0.484375 0.654297 0.484375 0.658203 0.480469 0.658203 0.478516 0.656250 0.482422 0.652344
0 0.617188 0.654297 0.617188 0.658203 0.613281 0.658203 0.611328 0.656250 0.615234 0.652344
0 0.421875 0.656250 0.421875 0.660156 0.417969 0.660156 0.416016 0.658203 0.419922 0.654297
0 0.687500 0.660156 0.687500 0.664062 0.683594 0.664062 0.681641 0.662109 0.685547 0.658203
0 0.392578 0.662109 0.392578 0.666016 0.388672 0.666016 0.386719 0.664062 0.390625 0.660156
0 0.720703 0.662109 0.720703 0.666016 0.716797 0.666016 0.714844 0.664062 0.718750 0.660156
0 0.445312 0.664062 0.445312 0.667969 0.441406 0.667969 0.439453 0.666016 0.443359 0.662109
0 0.478516 0.664062 0.478516 0.667969 0.474609 0.667969 0.472656 0.666016 0.476562 0.662109
0 0.324219 0.666016 0.324219 0.669922 0.320312 0.669922 0.318359 0.667969 0.322266 0.664062
0 0.453125 0.667969 0.453125 0.671875 0.449219 0.671875 0.447266 0.669922 0.451172 0.666016
0 0.636719 0.667969 0.636719 0.671875 0.632812 0.671875 0.630859 0.669922 0.634766 0.666016
0 0.671875 0.667969 0.671875 0.671875 0.667969 0.671875 0.666016 0.669922 0.669922 0.666016
0 0.908203 0.667969 0.908203 0.671875 0.904297 0.671875 0.902344 0.669922 0.906250 0.666016
0 0.064453 0.669922 0.064453 0.673828 0.060547 0.673828 0.058594 0.671875 0.062500 0.667969
0 0.310547 0.669922 0.310547 0.673828 0.306641 0.673828 0.304688 0.671875 0.308594 0.667969
0 0.464844 0.669922 0.464844 0.673828 0.460938 0.673828 0.458984 0.671875 0.462891 0.667969
0 0.578125 0.669922 0.578125 0.673828 0.574219 0.673828 0.572266 0.671875 0.576172 0.667969
0 0.832031 0.669922 0.832031 0.673828 0.828125 0.673828 0.826172 0.671875 0.830078 0.667969
0 0.484375 0.671875 0.484375 0.675781 0.480469 0.675781 0.478516 0.673828 0.482422 0.669922
0 0.406250 0.673828 0.406250 0.677734 0.402344 0.677734 0.400391 0.675781 0.404297 0.671875
0 0.658203 0.679688 0.658203 0.683594 0.654297 0.683594 0.652344 0.681641 0.656250 0.677734
0 0.673828 0.679688 0.673828 0.683594 0.669922 0.683594 0.667969 0.681641 0.671875 0.677734
0 0.533203 0.683594 0.533203 0.687500 0.529297 0.687500 0.527344 0.685547 0.531250 0.681641
0 0.498047 0.685547 0.498047 0.689453 0.494141 0.689453 0.492188 0.687500 0.496094 0.683594
0 0.507812 0.685547 0.507812 0.689453 0.503906 0.689453 0.501953 0.687500 0.505859 0.683594
0 0.611328 0.691406 0.611328 0.695312 0.607422 0.695312 0.605469 0.693359 0.609375 0.689453
0 0.742188 0.693359 0.742188 0.697266 0.738281 0.697266 0.736328 0.695312 0.740234 0.691406
0 0.314453 0.697266 0.314453 0.701172 0.310547 0.701172 0.308594 0.699219 0.312500 0.695312
0 0.652344 0.699219 0.650391 0.701172 0.650391 0.703125 0.648438 0.705078 0.642578 0.705078 0.640625 0.703125 0.640625 0.701172 0.638672 0.699219 0.638672 0.697266 0.640625 0.695312 0.640625 0.693359 0.642578 0.691406 0.648438 0.691406 0.650391 0.693359 0.650391 0.695312 0.652344 0.697266
0 0.126953 0.699219 0.126953 0.703125 0.123047 0.703125 0.121094 0.701172 0.125000 0.697266
0 0.261719 0.699219 0.261719 0.703125 0.257812 0.703125 0.255859 0.701172 0.259766 0.697266
0 0.300781 0.701172 0.300781 0.705078 0.296875 0.705078 0.294922 0.703125 0.298828 0.699219
0 0.796875 0.712891 0.796875 0.716797 0.792969 0.716797 0.791016 0.714844 0.794922 0.710938
0 0.126953 0.714844 0.126953 0.718750 0.123047 0.718750 0.121094 0.716797 0.125000 0.712891
0 0.238281 0.714844 0.238281 0.718750 0.234375 0.718750 0.232422 0.716797 0.236328 0.712891
0 0.378906 0.714844 0.378906 0.718750 0.375000 0.718750 0.373047 0.716797 0.376953 0.712891
0 0.535156 0.714844 0.535156 0.718750 0.531250 0.718750 0.529297 0.716797 0.533203 0.712891
0 0.925781 0.714844 0.925781 0.718750 0.921875 0.718750 0.919922 0.716797 0.923828 0.712891
0 0.228516 0.716797 0.228516 0.720703 0.224609 0.720703 0.222656 0.718750 0.226562 0.714844
0 0.251953 0.716797 0.251953 0.720703 0.248047 0.720703 0.246094 0.718750 0.250000 0.714844
0 0.654297 0.716797 0.654297 0.720703 0.650391 0.720703 0.648438 0.718750 0.652344 0.714844
0 0.751953 0.716797 0.751953 0.720703 0.748047 0.720703 0.746094 0.718750 0.750000 0.714844
0 0.933594 0.716797 0.933594 0.720703 0.929688 0.720703 0.927734 0.718750 0.931641 0.714844
0 0.593750 0.718750 0.593750 0.722656 0.589844 0.722656 0.587891 0.720703 0.591797 0.716797
0 0.220703 0.720703 0.220703 0.724609 0.216797 0.724609 0.214844 0.722656 0.218750 0.718750
0 0.375000 0.722656 0.375000 0.726562 0.371094 0.726562 0.369141 0.724609 0.373047 0.720703
0 0.203125 0.726562 0.203125 0.730469 0.199219 0.730469 0.197266 0.728516 0.201172 0.724609
0 0.220703 0.730469 0.220703 0.734375 0.216797 0.734375 0.214844 0.732422 0.218750 0.728516
0 0.359375 0.730469 0.359375 0.734375 0.355469 0.734375 0.353516 0.732422 0.357422 0.728516
0 0.718750 0.730469 0.718750 0.734375 0.714844 0.734375 0.712891 0.732422 0.716797 0.728516
0 0.826172 0.730469 0.826172 0.734375 0.822266 0.734375 0.820312 0.732422 0.824219 0.728516
0 0.144531 0.732422 0.144531 0.736328 0.140625 0.736328 0.138672 0.734375 0.142578 0.730469
0 0.421875 0.732422 0.421875 0.736328 0.417969 0.736328 0.416016 0.734375 0.419922 0.730469
0 0.523438 0.732422 0.523438 0.736328 0.519531 0.736328 0.517578 0.734375 0.521484 0.730469
0 0.605469 0.732422 0.605469 0.736328 0.601562 0.736328 0.599609 0.734375 0.603516 0.730469
0 0.755859 0.732422 0.755859 0.736328 0.751953 0.736328 0.750000 0.734375 0.753906 0.730469
0 0.984375 0.732422 0.984375 0.736328 0.980469 0.736328 0.978516 0.734375 0.982422 0.730469
0 0.378906 0.734375 0.378906 0.738281 0.375000 0.738281 0.373047 0.736328 0.376953 0.732422
0 0.625000 0.736328 0.625000 0.740234 0.621094 0.740234 0.619141 0.738281 0.623047 0.734375
0 0.910156 0.744141 0.910156 0.748047 0.906250 0.748047 0.904297 0.746094 0.908203 0.742188
0 0.349609 0.746094 0.349609 0.750000 0.345703 0.750000 0.343750 0.748047 0.347656 0.744141
0 0.824219 0.746094 0.824219 0.750000 0.820312 0.750000 0.818359 0.748047 0.822266 0.744141
0 0.193359 0.748047 0.193359 0.751953 0.189453 0.751953 0.187500 0.750000 0.191406 0.746094
0 0.203125 0.748047 0.203125 0.751953 0.199219 0.751953 0.197266 0.750000 0.201172 0.746094
0 0.457031 0.748047 0.457031 0.751953 0.453125 0.751953 0.451172 0.750000 0.455078 0.746094
0 0.570312 0.761719 0.570312 0.765625 0.566406 0.765625 0.564453 0.763672 0.568359 0.759766
0 0.607422 0.761719 0.607422 0.765625 0.603516 0.765625 0.601562 0.763672 0.605469 0.759766
0 0.818359 0.761719 0.818359 0.765625 0.814453 0.765625 0.812500 0.763672 0.816406 0.759766
0 0.984375 0.761719 0.984375 0.765625 0.980469 0.765625 0.978516 0.763672 0.982422 0.759766
0 0.621094 0.763672 0.621094 0.767578 0.617188 0.767578 0.615234 0.765625 0.619141 0.761719
0 0.544922 0.765625 0.544922 0.769531 0.541016 0.769531 0.539062 0.767578 0.542969 0.763672
0 0.775391 0.765625 0.775391 0.769531 0.771484 0.769531 0.769531 0.767578 0.773438 0.763672
0 0.343750 0.769531 0.343750 0.773438 0.339844 0.773438 0.337891 0.771484 0.341797 0.767578
0 0.595703 0.773438 0.595703 0.777344 0.591797 0.777344 0.589844 0.775391 0.593750 0.771484
0 0.615234 0.773438 0.615234 0.777344 0.611328 0.777344 0.609375 0.775391 0.613281 0.771484
0 0.492188 0.775391 0.492188 0.779297 0.488281 0.779297 0.486328 0.777344 0.490234 0.773438
0 0.937500 0.775391 0.937500 0.779297 0.933594 0.779297 0.931641 0.777344 0.935547 0.773438
0 0.607422 0.777344 0.607422 0.781250 0.603516 0.781250 0.601562 0.779297 0.605469 0.775391
0 0.625000 0.777344 0.625000 0.781250 0.621094 0.781250 0.619141 0.779297 0.623047 0.775391
0 0.783203 0.777344 0.783203 0.781250 0.779297 0.781250 0.777344 0.779297 0.781250 0.775391
0 0.585938 0.779297 0.585938 0.783203 0.582031 0.783203 0.580078 0.781250 0.583984 0.777344
0 0.634766 0.779297 0.634766 0.783203 0.630859 0.783203 0.628906 0.781250 0.632812 0.777344
0 0.464844 0.791016 0.464844 0.794922 0.460938 0.794922 0.458984 0.792969 0.462891 0.789062
0 0.478516 0.794922 0.478516 0.798828 0.474609 0.798828 0.472656 0.796875 0.476562 0.792969
0 0.632812 0.794922 0.632812 0.798828 0.628906 0.798828 0.626953 0.796875 0.630859 0.792969
0 0.744141 0.794922 0.744141 0.798828 0.740234 0.798828 0.738281 0.796875 0.742188 0.792969
0 0.632812 0.802734 0.632812 0.806641 0.628906 0.806641 0.626953 0.804688 0.630859 0.800781
0 0.560547 0.804688 0.560547 0.808594 0.556641 0.808594 0.554688 0.806641 0.558594 0.802734
0 0.685547 0.804688 0.685547 0.808594 0.681641 0.808594 0.679688 0.806641 0.683594 0.802734
0 0.126953 0.806641 0.126953 0.810547 0.123047 0.810547 0.121094 0.808594 0.125000 0.804688
0 0.693359 0.812500 0.693359 0.816406 0.689453 0.816406 0.687500 0.814453 0.691406 0.810547
0 0.681641 0.816406 0.681641 0.820312 0.677734 0.820312 0.675781 0.818359 0.679688 0.814453
0 0.689453 0.820312 0.689453 0.824219 0.685547 0.824219 0.683594 0.822266 0.687500 0.818359
0 0.187500 0.822266 0.187500 0.826172 0.183594 0.826172 0.181641 0.824219 0.185547 0.820312
0 0.376953 0.824219 0.376953 0.828125 0.373047 0.828125 0.371094 0.826172 0.375000 0.822266
0 0.445312 0.824219 0.445312 0.828125 0.441406 0.828125 0.439453 0.826172 0.443359 0.822266
0 0.486328 0.824219 0.486328 0.828125 0.482422 0.828125 0.480469 0.826172 0.484375 0.822266
0 0.494141 0.824219 0.494141 0.828125 0.490234 0.828125 0.488281 0.826172 0.492188 0.822266
0 0.853516 0.824219 0.853516 0.828125 0.849609 0.828125 0.847656 0.826172 0.851562 0.822266
0 0.873047 0.835938 0.871094 0.835938 0.869141 0.837891 0.865234 0.837891 0.863281 0.835938 0.863281 0.830078 0.865234 0.828125 0.869141 0.828125 0.871094 0.830078 0.873047 0.830078
0 0.593750 0.833984 0.593750 0.837891 0.589844 0.837891 0.587891 0.835938 0.591797 0.832031
0 0.685547 0.839844 0.685547 0.843750 0.681641 0.843750 0.679688 0.841797 0.683594 0.837891
0 0.533203 0.841797 0.533203 0.845703 0.529297 0.845703 0.527344 0.843750 0.531250 0.839844
0 0.695312 0.841797 0.695312 0.845703 0.691406 0.845703 0.689453 0.843750 0.693359 0.839844
0 0.751953 0.843750 0.751953 0.847656 0.748047 0.847656 0.746094 0.845703 0.750000 0.841797
0 0.640625 0.849609 0.640625 0.853516 0.636719 0.853516 0.634766 0.851562 0.638672 0.847656
0 0.351562 0.851562 0.351562 0.855469 0.347656 0.855469 0.345703 0.853516 0.349609 0.849609
0 0.765625 0.851562 0.765625 0.855469 0.761719 0.855469 0.759766 0.853516 0.763672 0.849609
0 0.652344 0.855469 0.652344 0.859375 0.648438 0.859375 0.646484 0.857422 0.650391 0.853516
0 0.205078 0.857422 0.205078 0.861328 0.201172 0.861328 0.199219 0.859375 0.203125 0.855469
0 0.933594 0.865234 0.933594 0.869141 0.929688 0.869141 0.927734 0.867188 0.931641 0.863281
0 0.548828 0.867188 0.548828 0.871094 0.544922 0.871094 0.542969 0.869141 0.546875 0.865234
0 0.492188 0.869141 0.492188 0.873047 0.488281 0.873047 0.486328 0.871094 0.490234 0.867188
0 0.449219 0.871094 0.449219 0.875000 0.445312 0.875000 0.443359 0.873047 0.447266 0.869141
0 0.595703 0.871094 0.595703 0.875000 0.591797 0.875000 0.589844 0.873047 0.593750 0.869141
0 0.859375 0.871094 0.859375 0.875000 0.855469 0.875000 0.853516 0.873047 0.857422 0.869141
0 0.904297 0.875000 0.902344 0.875000 0.900391 0.876953 0.896484 0.876953 0.894531 0.875000 0.894531 0.869141 0.896484 0.867188 0.900391 0.867188 0.902344 0.869141 0.904297 0.869141
0 0.578125 0.873047 0.578125 0.876953 0.574219 0.876953 0.572266 0.875000 0.576172 0.871094
0 0.757812 0.873047 0.757812 0.876953 0.753906 0.876953 0.751953 0.875000 0.755859 0.871094
0 0.468750 0.878906 0.468750 0.882812 0.464844 0.882812 0.462891 0.880859 0.466797 0.876953
0 0.457031 0.884766 0.457031 0.888672 0.453125 0.888672 0.451172 0.886719 0.455078 0.882812
0 0.701172 0.884766 0.701172 0.888672 0.697266 0.888672 0.695312 0.886719 0.699219 0.882812
0 0.212891 0.886719 0.212891 0.890625 0.208984 0.890625 0.207031 0.888672 0.210938 0.884766
0 0.687500 0.888672 0.687500 0.892578 0.683594 0.892578 0.681641 0.890625 0.685547 0.886719
0 0.742188 0.888672 0.742188 0.892578 0.738281 0.892578 0.736328 0.890625 0.740234 0.886719
0 0.705078 0.890625 0.705078 0.894531 0.701172 0.894531 0.699219 0.892578 0.703125 0.888672
0 0.796875 0.894531 0.796875 0.898438 0.792969 0.898438 0.791016 0.896484 0.794922 0.892578
0 0.400391 0.900391 0.398438 0.900391 0.396484 0.902344 0.392578 0.902344 0.390625 0.900391 0.390625 0.894531 0.392578 0.892578 0.396484 0.892578 0.398438 0.894531 0.400391 0.894531
0 0.669922 0.902344 0.669922 0.906250 0.666016 0.906250 0.664062 0.904297 0.667969 0.900391
0 0.728516 0.902344 0.728516 0.906250 0.724609 0.906250 0.722656 0.904297 0.726562 0.900391
0 0.833984 0.902344 0.833984 0.906250 0.830078 0.906250 0.828125 0.904297 0.832031 0.900391
0 0.650391 0.908203 0.650391 0.912109 0.646484 0.912109 0.644531 0.910156 0.648438 0.906250
0 0.718750 0.908203 0.718750 0.912109 0.714844 0.912109 0.712891 0.910156 0.716797 0.906250
0 0.531250 0.910156 0.531250 0.914062 0.527344 0.914062 0.525391 0.912109 0.529297 0.908203
0 0.994141 0.916016 0.992188 0.916016 0.990234 0.917969 0.986328 0.917969 0.984375 0.916016 0.984375 0.910156 0.986328 0.908203 0.990234 0.908203 0.992188 0.910156 0.994141 0.910156
0 0.328125 0.914062 0.328125 0.917969 0.324219 0.917969 0.322266 0.916016 0.326172 0.912109
0 0.298828 0.917969 0.298828 0.921875 0.294922 0.921875 0.292969 0.919922 0.296875 0.916016
0 0.451172 0.917969 0.451172 0.921875 0.447266 0.921875 0.445312 0.919922 0.449219 0.916016
0 0.615234 0.917969 0.615234 0.921875 0.611328 0.921875 0.609375 0.919922 0.613281 0.916016
0 0.457031 0.919922 0.457031 0.923828 0.453125 0.923828 0.451172 0.921875 0.455078 0.917969
0 0.416016 0.931641 0.416016 0.935547 0.412109 0.935547 0.410156 0.933594 0.414062 0.929688
0 0.691406 0.933594 0.691406 0.937500 0.687500 0.937500 0.685547 0.935547 0.689453 0.931641
0 0.449219 0.935547 0.449219 0.939453 0.445312 0.939453 0.443359 0.937500 0.447266 0.933594
0 0.689453 0.939453 0.689453 0.943359 0.685547 0.943359 0.683594 0.941406 0.687500 0.937500
0 0.443359 0.943359 0.443359 0.947266 0.439453 0.947266 0.437500 0.945312 0.441406 0.941406
0 0.498047 0.943359 0.498047 0.947266 0.494141 0.947266 0.492188 0.945312 0.496094 0.941406
0 0.560547 0.945312 0.560547 0.949219 0.556641 0.949219 0.554688 0.947266 0.558594 0.943359
0 0.816406 0.951172 0.816406 0.955078 0.812500 0.955078 0.810547 0.953125 0.814453 0.949219
0 0.966797 0.953125 0.966797 0.957031 0.962891 0.957031 0.960938 0.955078 0.964844 0.951172
0 0.445312 0.957031 0.445312 0.960938 0.441406 0.960938 0.439453 0.958984 0.443359 0.955078
0 0.537109 0.957031 0.537109 0.960938 0.533203 0.960938 0.531250 0.958984 0.535156 0.955078
0 0.550781 0.960938 0.550781 0.964844 0.546875 0.964844 0.544922 0.962891 0.548828 0.958984
0 0.279297 0.964844 0.279297 0.968750 0.275391 0.968750 0.273438 0.966797 0.277344 0.962891
0 0.437500 0.964844 0.437500 0.968750 0.433594 0.968750 0.431641 0.966797 0.435547 0.962891
0 0.876953 0.964844 0.876953 0.968750 0.873047 0.968750 0.871094 0.966797 0.875000 0.962891
0 0.222656 0.966797 0.222656 0.970703 0.218750 0.970703 0.216797 0.968750 0.220703 0.964844
0 0.416016 0.970703 0.416016 0.974609 0.412109 0.974609 0.410156 0.972656 0.414062 0.968750
0 0.373047 0.976562 0.373047 0.980469 0.369141 0.980469 0.367188 0.978516 0.371094 0.974609
0 0.533203 0.976562 0.533203 0.980469 0.529297 0.980469 0.527344 0.978516 0.531250 0.974609
0 0.220703 0.980469 0.220703 0.984375 0.216797 0.984375 0.214844 0.982422 0.218750 0.978516
0 0.505859 0.980469 0.505859 0.984375 0.501953 0.984375 0.500000 0.982422 0.503906 0.978516
0 0.835938 0.980469 0.835938 0.984375 0.832031 0.984375 0.830078 0.982422 0.833984 0.978516
0 0.621094 0.984375 0.621094 0.988281 0.617188 0.988281 0.615234 0.986328 0.619141 0.982422
0 0.634766 0.984375 0.634766 0.988281 0.630859 0.988281 0.628906 0.986328 0.632812 0.982422
0 0.390625 0.996094 0.390625 0.998047 0.384766 0.998047 0.388672 0.994141
0 0.439453 0.996094 0.439453 0.998047 0.433594 0.998047 0.437500 0.994141
0 0.457031 0.998047 0.447266 0.998047 0.447266 0.994141 0.449219 0.992188 0.453125 0.992188 0.455078 0.994141 0.457031 0.994141
0 0.611328 0.998047 0.597656 0.998047 0.597656 0.996094 0.599609 0.994141 0.599609 0.992188 0.601562 0.990234 0.607422 0.990234 0.609375 0.992188 0.609375 0.994141 0.611328 0.996094
0 0.714844 0.998047 0.697266 0.998047 0.697266 0.994141 0.703125 0.988281 0.708984 0.988281 0.714844 0.994141
0 0.730469 0.996094 0.730469 0.998047 0.724609 0.998047 0.728516 0.994141
