0 0.074219 0.031250 0.070312 0.035156 0.070312 0.039062 0.072266 0.041016 0.076172 0.041016 0.078125 0.042969 0.082031 0.039062 0.082031 0.035156 0.078125 0.031250
0 0.173828 0.117188 0.169922 0.121094 0.169922 0.123047 0.171875 0.125000 0.177734 0.125000 0.179688 0.123047 0.179688 0.119141 0.177734 0.117188
0 0.228516 0.187500 0.222656 0.187500 0.220703 0.189453 0.218750 0.189453 0.218750 0.199219 0.220703 0.201172 0.224609 0.201172 0.228516 0.197266 0.230469 0.197266 0.230469 0.195312 0.232422 0.193359 0.232422 0.191406
0 0.642578 0.199219 0.640625 0.201172 0.640625 0.207031 0.642578 0.208984 0.648438 0.208984 0.652344 0.205078 0.652344 0.203125 0.648438 0.199219
0 0.539062 0.240234 0.537109 0.242188 0.539062 0.244141 0.541016 0.242188
0 0.689453 0.242188 0.687500 0.240234 0.685547 0.242188 0.683594 0.242188 0.681641 0.244141 0.683594 0.246094 0.687500 0.246094 0.689453 0.244141
0 0.400391 0.242188 0.398438 0.244141 0.398438 0.246094 0.400391 0.248047 0.402344 0.248047 0.404297 0.246094 0.404297 0.244141 0.402344 0.242188
0 0.431641 0.275391 0.429688 0.277344 0.431641 0.279297 0.433594 0.277344
1 0.298828 0.291016 0.298828 0.292969 0.296875 0.294922 0.296875 0.296875 0.298828 0.294922
0 0.410156 0.289062 0.410156 0.292969 0.412109 0.292969 0.414062 0.291016 0.412109 0.291016
0 0.507812 0.302734 0.498047 0.310547 0.500000 0.330078 0.507812 0.339844 0.517578 0.339844 0.525391 0.332031 0.529297 0.332031 0.531250 0.330078 0.531250 0.322266 0.519531 0.312500 0.517578 0.306641
0 0.246094 0.304688 0.244141 0.306641 0.246094 0.308594 0.248047 0.306641
0 0.783203 0.304688 0.785156 0.306641 0.787109 0.304688
0 0.445312 0.308594 0.441406 0.308594 0.439453 0.310547 0.439453 0.312500 0.443359 0.316406 0.445312 0.314453
0 0.546875 0.308594 0.544922 0.310547 0.544922 0.312500 0.542969 0.314453 0.546875 0.318359 0.550781 0.318359 0.552734 0.320312 0.552734 0.318359 0.554688 0.316406 0.554688 0.310547 0.552734 0.308594
0 0.216797 0.312500 0.214844 0.314453 0.216797 0.316406 0.218750 0.314453
0 0.861328 0.314453 0.863281 0.316406 0.867188 0.316406 0.867188 0.314453 0.865234 0.312500 0.863281 0.312500
0 0.138672 0.324219 0.136719 0.326172 0.136719 0.332031 0.138672 0.333984 0.144531 0.333984 0.146484 0.332031 0.146484 0.326172 0.144531 0.324219
0 0.248047 0.324219 0.246094 0.324219 0.244141 0.326172 0.242188 0.326172 0.242188 0.328125 0.246094 0.328125 0.248047 0.326172
0 0.304688 0.324219 0.306641 0.326172 0.308594 0.326172 0.308594 0.324219
0 0.271484 0.328125 0.271484 0.332031 0.273438 0.332031 0.273438 0.328125
0 0.279297 0.343750 0.277344 0.341797 0.275391 0.343750
0 0.273438 0.349609 0.271484 0.351562 0.271484 0.353516 0.273438 0.355469 0.273438 0.353516 0.275391 0.351562
0 0.310547 0.353516 0.308594 0.355469 0.310547 0.357422 0.312500 0.357422 0.312500 0.355469
0 0.507812 0.355469 0.505859 0.357422 0.505859 0.359375 0.507812 0.361328 0.511719 0.361328 0.513672 0.359375 0.513672 0.357422 0.511719 0.355469
0 0.191406 0.361328 0.183594 0.369141 0.185547 0.371094 0.187500 0.378906 0.195312 0.386719 0.193359 0.388672 0.195312 0.386719 0.205078 0.386719 0.208984 0.388672 0.208984 0.384766 0.214844 0.375000 0.212891 0.367188 0.208984 0.363281 0.201172 0.359375
0 0.273438 0.361328 0.271484 0.363281 0.271484 0.367188 0.275391 0.367188 0.275391 0.363281
0 0.224609 0.363281 0.222656 0.365234 0.224609 0.367188 0.226562 0.367188 0.228516 0.365234 0.226562 0.363281
0 0.802734 0.363281 0.800781 0.365234 0.800781 0.367188 0.802734 0.369141 0.804688 0.369141 0.806641 0.367188 0.806641 0.365234 0.804688 0.363281
0 0.263672 0.367188 0.263672 0.369141 0.261719 0.371094 0.261719 0.373047 0.265625 0.373047 0.265625 0.369141
0 0.419922 0.367188 0.417969 0.369141 0.417969 0.371094 0.419922 0.373047 0.421875 0.373047 0.423828 0.371094 0.423828 0.369141 0.421875 0.367188
0 0.328125 0.371094 0.326172 0.373047 0.324219 0.373047 0.324219 0.375000 0.326172 0.376953 0.326172 0.378906 0.328125 0.378906 0.330078 0.376953 0.330078 0.373047
0 0.175781 0.375000 0.171875 0.378906 0.173828 0.380859 0.175781 0.380859
0 0.236328 0.375000 0.236328 0.378906 0.238281 0.380859 0.240234 0.380859 0.240234 0.375000
0 0.345703 0.376953 0.343750 0.376953 0.341797 0.378906 0.341797 0.380859 0.343750 0.382812 0.347656 0.378906
0 0.697266 0.396484 0.697266 0.398438 0.701172 0.402344 0.707031 0.402344 0.708984 0.400391 0.708984 0.394531 0.707031 0.394531 0.705078 0.392578 0.703125 0.392578 0.701172 0.394531 0.699219 0.394531
0 0.511719 0.402344 0.507812 0.398438 0.505859 0.398438 0.503906 0.396484 0.501953 0.396484 0.500000 0.398438 0.496094 0.398438 0.490234 0.402344 0.490234 0.412109 0.494141 0.416016 0.500000 0.416016 0.509766 0.406250 0.509766 0.404297
0 0.726562 0.400391 0.718750 0.400391 0.712891 0.406250 0.712891 0.416016 0.716797 0.419922 0.720703 0.419922 0.728516 0.412109 0.728516 0.402344
0 0.652344 0.406250 0.650391 0.408203 0.652344 0.410156 0.654297 0.410156 0.656250 0.408203 0.654297 0.406250
0 0.740234 0.412109 0.738281 0.414062 0.738281 0.416016 0.740234 0.417969 0.742188 0.417969 0.744141 0.416016 0.744141 0.414062 0.742188 0.412109
0 0.986328 0.410156 0.986328 0.412109 0.988281 0.412109 0.988281 0.410156
0 0.685547 0.417969 0.683594 0.419922 0.681641 0.419922 0.679688 0.421875 0.679688 0.425781 0.685547 0.431641 0.687500 0.431641 0.691406 0.427734 0.691406 0.421875 0.689453 0.419922 0.687500 0.419922
0 0.472656 0.423828 0.464844 0.425781 0.457031 0.433594 0.457031 0.437500 0.453125 0.441406 0.455078 0.443359 0.453125 0.447266 0.455078 0.455078 0.462891 0.460938 0.466797 0.460938 0.476562 0.455078 0.482422 0.447266 0.482422 0.433594 0.480469 0.429688
0 0.298828 0.431641 0.296875 0.433594 0.298828 0.435547 0.298828 0.437500 0.302734 0.437500 0.304688 0.439453 0.304688 0.431641
0 0.927734 0.431641 0.925781 0.433594 0.927734 0.435547 0.929688 0.433594
1 0.281250 0.439453 0.279297 0.439453 0.277344 0.441406 0.277344 0.445312 0.279297 0.447266 0.279297 0.443359 0.281250 0.441406
0 0.621094 0.437500 0.619141 0.439453 0.619141 0.443359 0.621094 0.445312 0.621094 0.447266 0.619141 0.449219 0.619141 0.453125 0.625000 0.458984 0.626953 0.458984 0.628906 0.460938 0.636719 0.460938 0.638672 0.458984 0.638672 0.451172 0.634766 0.447266 0.632812 0.447266 0.628906 0.443359 0.626953 0.443359
0 0.761719 0.449219 0.763672 0.451172 0.767578 0.451172 0.767578 0.449219 0.765625 0.447266 0.763672 0.447266
0 0.664062 0.449219 0.662109 0.451172 0.662109 0.455078 0.666016 0.458984 0.667969 0.458984 0.671875 0.455078 0.671875 0.451172 0.669922 0.451172 0.667969 0.449219
0 0.513672 0.457031 0.513672 0.458984 0.511719 0.460938 0.511719 0.462891 0.513672 0.464844 0.511719 0.466797 0.511719 0.470703 0.519531 0.470703 0.521484 0.468750 0.525391 0.472656 0.525391 0.474609 0.527344 0.474609 0.529297 0.472656 0.525391 0.468750 0.525391 0.458984 0.521484 0.455078 0.519531 0.455078 0.517578 0.457031
0 0.353516 0.466797 0.351562 0.468750 0.355469 0.472656 0.357422 0.470703 0.357422 0.468750 0.355469 0.466797
0 0.537109 0.476562 0.544922 0.486328 0.550781 0.486328 0.558594 0.478516 0.562500 0.478516 0.564453 0.480469 0.568359 0.480469 0.570312 0.478516 0.568359 0.476562 0.560547 0.476562 0.552734 0.468750 0.548828 0.468750 0.546875 0.466797 0.544922 0.466797
0 0.875000 0.466797 0.869141 0.472656 0.873047 0.476562 0.875000 0.476562 0.878906 0.472656 0.878906 0.468750 0.876953 0.468750
0 0.632812 0.478516 0.628906 0.482422 0.628906 0.490234 0.630859 0.492188 0.630859 0.494141 0.638672 0.494141 0.642578 0.490234 0.642578 0.484375 0.638672 0.480469 0.636719 0.480469 0.634766 0.478516
0 0.490234 0.480469 0.488281 0.482422 0.488281 0.490234 0.496094 0.490234 0.500000 0.486328 0.498047 0.484375 0.498047 0.482422 0.496094 0.480469
0 0.669922 0.484375 0.666016 0.488281 0.666016 0.492188 0.669922 0.496094 0.673828 0.496094 0.677734 0.492188 0.677734 0.488281 0.673828 0.484375
0 0.753906 0.484375 0.751953 0.484375 0.751953 0.486328 0.750000 0.488281 0.750000 0.490234 0.753906 0.490234 0.755859 0.488281 0.753906 0.486328
0 0.566406 0.494141 0.564453 0.494141 0.562500 0.492188 0.560547 0.494141 0.560547 0.500000 0.564453 0.500000 0.566406 0.498047
0 0.615234 0.496094 0.615234 0.503906 0.619141 0.507812 0.625000 0.507812 0.625000 0.505859 0.626953 0.503906 0.626953 0.501953 0.625000 0.500000 0.625000 0.498047 0.621094 0.494141 0.619141 0.494141 0.617188 0.496094
0 0.656250 0.494141 0.652344 0.498047 0.652344 0.507812 0.656250 0.511719 0.656250 0.513672 0.662109 0.513672 0.666016 0.509766 0.666016 0.505859 0.667969 0.503906 0.664062 0.500000 0.664062 0.498047 0.662109 0.496094 0.658203 0.496094
0 0.212891 0.501953 0.212891 0.507812 0.214844 0.509766 0.216797 0.507812 0.216797 0.503906 0.214844 0.503906
0 0.443359 0.523438 0.431641 0.521484 0.431641 0.533203 0.425781 0.539062 0.417969 0.537109 0.404297 0.548828 0.394531 0.550781 0.390625 0.556641 0.390625 0.566406 0.398438 0.572266 0.419922 0.566406 0.425781 0.572266 0.425781 0.578125 0.441406 0.568359 0.449219 0.548828 0.447266 0.541016 0.445312 0.544922 0.441406 0.539062
0 0.503906 0.523438 0.501953 0.525391 0.501953 0.527344 0.503906 0.529297 0.505859 0.527344 0.505859 0.525391
0 0.675781 0.527344 0.671875 0.523438 0.669922 0.523438 0.667969 0.525391 0.666016 0.525391 0.664062 0.527344 0.662109 0.527344 0.662109 0.531250 0.664062 0.533203 0.671875 0.533203 0.675781 0.529297
0 0.726562 0.529297 0.722656 0.533203 0.722656 0.535156 0.716797 0.541016 0.718750 0.542969 0.718750 0.544922 0.722656 0.544922 0.726562 0.548828 0.732422 0.548828 0.736328 0.544922 0.736328 0.541016 0.738281 0.539062 0.736328 0.537109 0.736328 0.533203 0.734375 0.531250 0.732422 0.531250 0.730469 0.529297
1 0.791016 0.533203 0.789062 0.533203 0.787109 0.535156 0.785156 0.535156 0.783203 0.537109 0.777344 0.537109 0.775391 0.539062 0.775391 0.546875 0.769531 0.552734 0.769531 0.554688 0.773438 0.558594 0.773438 0.562500 0.775391 0.564453 0.779297 0.564453 0.781250 0.562500 0.781250 0.558594 0.779297 0.556641 0.779297 0.554688 0.777344 0.552734 0.777344 0.546875 0.779297 0.544922 0.781250 0.544922 0.789062 0.537109 0.791016 0.537109 0.792969 0.535156
0 0.337891 0.537109 0.335938 0.539062 0.335938 0.541016 0.337891 0.542969 0.339844 0.542969 0.341797 0.541016 0.341797 0.539062 0.339844 0.537109
0 0.513672 0.537109 0.509766 0.537109 0.505859 0.541016 0.505859 0.546875 0.507812 0.546875 0.509766 0.548828 0.511719 0.548828 0.515625 0.544922 0.515625 0.539062
0 0.318359 0.544922 0.316406 0.546875 0.318359 0.548828 0.320312 0.548828 0.322266 0.546875 0.320312 0.544922
0 0.847656 0.542969 0.845703 0.542969 0.843750 0.544922 0.843750 0.546875 0.847656 0.546875
1 0.371094 0.548828 0.369141 0.550781 0.363281 0.552734 0.363281 0.554688 0.361328 0.556641 0.373047 0.564453 0.371094 0.566406 0.369141 0.566406 0.369141 0.572266 0.371094 0.572266 0.373047 0.574219 0.373047 0.576172 0.375000 0.578125 0.373047 0.583984 0.375000 0.583984 0.378906 0.587891 0.378906 0.589844 0.382812 0.585938 0.382812 0.578125 0.376953 0.572266 0.378906 0.570312 0.380859 0.570312 0.380859 0.564453 0.378906 0.564453 0.376953 0.562500 0.375000 0.562500 0.373047 0.564453 0.371094 0.562500 0.371094 0.560547 0.369141 0.558594 0.375000 0.552734 0.375000 0.550781 0.373047 0.550781
0 0.492188 0.546875 0.492188 0.548828 0.488281 0.554688 0.488281 0.558594 0.486328 0.560547 0.488281 0.560547 0.490234 0.562500 0.490234 0.564453 0.492188 0.562500 0.496094 0.562500 0.498047 0.564453 0.503906 0.560547 0.503906 0.552734 0.501953 0.552734 0.500000 0.550781 0.500000 0.548828 0.496094 0.548828 0.494141 0.546875
0 0.320312 0.552734 0.318359 0.554688 0.318359 0.556641 0.320312 0.558594 0.322266 0.558594 0.324219 0.556641 0.324219 0.554688 0.322266 0.554688
0 0.605469 0.550781 0.601562 0.554688 0.601562 0.558594 0.609375 0.566406 0.609375 0.564453 0.613281 0.560547 0.611328 0.558594 0.611328 0.554688 0.607422 0.550781
0 0.632812 0.550781 0.630859 0.552734 0.628906 0.552734 0.626953 0.554688 0.626953 0.560547 0.628906 0.562500 0.628906 0.564453 0.630859 0.566406 0.634766 0.566406 0.638672 0.562500 0.638672 0.556641
0 0.916016 0.554688 0.914062 0.552734 0.912109 0.554688 0.912109 0.556641 0.916016 0.556641
0 0.482422 0.572266 0.480469 0.574219 0.480469 0.583984 0.484375 0.587891 0.492188 0.587891 0.494141 0.585938 0.494141 0.576172 0.490234 0.572266
0 0.515625 0.578125 0.511719 0.574219 0.509766 0.576172 0.507812 0.576172 0.507812 0.582031 0.513672 0.582031 0.515625 0.580078
0 0.531250 0.578125 0.531250 0.580078 0.533203 0.582031 0.533203 0.587891 0.535156 0.587891 0.539062 0.591797 0.542969 0.591797 0.546875 0.585938 0.546875 0.580078 0.544922 0.578125 0.544922 0.576172 0.535156 0.576172 0.533203 0.578125
0 0.677734 0.574219 0.673828 0.574219 0.671875 0.576172 0.669922 0.576172 0.669922 0.582031 0.673828 0.585938 0.675781 0.585938 0.679688 0.582031 0.679688 0.576172
0 0.847656 0.580078 0.845703 0.580078 0.843750 0.582031 0.843750 0.587891 0.847656 0.587891 0.849609 0.585938 0.849609 0.582031
0 0.714844 0.582031 0.710938 0.585938 0.710938 0.587891 0.708984 0.589844 0.712891 0.593750 0.716797 0.593750 0.718750 0.595703 0.718750 0.593750 0.722656 0.589844 0.722656 0.587891 0.716797 0.582031
0 0.798828 0.582031 0.798828 0.587891 0.800781 0.589844 0.802734 0.589844 0.802734 0.587891 0.804688 0.585938 0.804688 0.583984 0.802734 0.582031
0 0.353516 0.585938 0.353516 0.589844 0.351562 0.591797 0.357422 0.591797 0.355469 0.589844 0.357422 0.587891 0.355469 0.585938
0 0.740234 0.587891 0.736328 0.587891 0.734375 0.589844 0.732422 0.589844 0.730469 0.591797 0.730469 0.593750 0.732422 0.595703 0.734375 0.595703 0.736328 0.597656 0.738281 0.597656 0.742188 0.593750 0.742188 0.591797 0.740234 0.589844
1 0.564453 0.591797 0.562500 0.593750 0.562500 0.595703 0.556641 0.601562 0.560547 0.605469 0.562500 0.603516 0.560547 0.601562 0.562500 0.599609 0.562500 0.597656 0.566406 0.593750
0 0.341797 0.595703 0.339844 0.593750 0.337891 0.595703
0 0.757812 0.595703 0.755859 0.597656 0.755859 0.601562 0.757812 0.603516 0.761719 0.603516 0.761719 0.597656 0.759766 0.595703
0 0.652344 0.601562 0.652344 0.611328 0.650391 0.613281 0.650391 0.617188 0.652344 0.619141 0.652344 0.621094 0.654297 0.621094 0.656250 0.619141 0.658203 0.619141 0.662109 0.615234 0.662109 0.613281 0.658203 0.609375 0.656250 0.609375 0.652344 0.605469 0.654297 0.603516
0 0.710938 0.603516 0.708984 0.605469 0.710938 0.607422 0.712891 0.607422 0.714844 0.605469 0.712891 0.603516
0 0.947266 0.601562 0.943359 0.605469 0.943359 0.609375 0.947266 0.613281 0.949219 0.613281 0.953125 0.609375 0.953125 0.605469 0.949219 0.601562
0 0.300781 0.605469 0.296875 0.609375 0.296875 0.611328 0.294922 0.613281 0.298828 0.617188 0.298828 0.621094 0.300781 0.623047 0.302734 0.623047 0.306641 0.619141 0.306641 0.609375 0.302734 0.605469
0 0.677734 0.605469 0.671875 0.605469 0.669922 0.607422 0.669922 0.609375 0.667969 0.611328 0.667969 0.613281 0.669922 0.615234 0.669922 0.617188 0.673828 0.621094 0.675781 0.619141 0.677734 0.619141 0.681641 0.615234 0.681641 0.609375
0 0.445312 0.611328 0.441406 0.619141 0.443359 0.623047 0.437500 0.628906 0.441406 0.632812 0.441406 0.636719 0.451172 0.644531 0.453125 0.642578 0.460938 0.642578 0.462891 0.638672 0.464844 0.640625 0.470703 0.632812 0.466797 0.628906 0.470703 0.623047 0.460938 0.611328 0.457031 0.613281 0.449219 0.613281
0 0.578125 0.609375 0.570312 0.617188 0.570312 0.626953 0.578125 0.634766 0.585938 0.634766 0.587891 0.632812 0.589844 0.632812 0.589844 0.630859 0.591797 0.628906 0.591797 0.621094 0.589844 0.619141 0.589844 0.617188 0.583984 0.611328 0.580078 0.611328
0 0.630859 0.609375 0.628906 0.611328 0.628906 0.613281 0.630859 0.615234 0.630859 0.617188 0.632812 0.617188 0.636719 0.613281 0.632812 0.609375
1 0.808594 0.613281 0.806641 0.611328 0.800781 0.611328 0.798828 0.613281 0.791016 0.613281 0.787109 0.617188 0.787109 0.621094 0.789062 0.623047 0.796875 0.623047 0.802734 0.617188 0.806641 0.617188 0.808594 0.615234
0 0.320312 0.613281 0.318359 0.615234 0.318359 0.619141 0.316406 0.621094 0.316406 0.625000 0.320312 0.628906 0.322266 0.628906 0.324219 0.626953 0.324219 0.625000 0.326172 0.623047 0.326172 0.621094 0.324219 0.619141 0.324219 0.615234 0.322266 0.613281
0 0.773438 0.615234 0.773438 0.619141 0.775391 0.621094 0.777344 0.621094 0.779297 0.619141 0.781250 0.619141 0.777344 0.615234
0 0.519531 0.625000 0.523438 0.630859 0.523438 0.640625 0.525391 0.642578 0.541016 0.642578 0.542969 0.640625 0.542969 0.636719 0.544922 0.634766 0.542969 0.632812 0.542969 0.626953 0.539062 0.623047 0.539062 0.621094 0.537109 0.621094 0.535156 0.619141 0.527344 0.619141
0 0.611328 0.619141 0.607422 0.619141 0.603516 0.623047 0.603516 0.626953 0.605469 0.628906 0.605469 0.630859 0.607422 0.632812 0.609375 0.630859 0.613281 0.630859 0.615234 0.628906 0.615234 0.623047
0 0.128906 0.625000 0.126953 0.626953 0.126953 0.628906 0.128906 0.630859 0.130859 0.628906 0.130859 0.626953
0 0.482422 0.630859 0.484375 0.632812 0.482422 0.634766 0.484375 0.636719 0.484375 0.638672 0.490234 0.644531 0.501953 0.644531 0.507812 0.638672 0.509766 0.638672 0.511719 0.636719 0.511719 0.632812 0.509766 0.630859 0.509766 0.628906 0.507812 0.628906 0.505859 0.626953 0.501953 0.626953 0.500000 0.625000 0.492188 0.625000 0.488281 0.628906
0 0.640625 0.626953 0.638672 0.628906 0.636719 0.628906 0.636719 0.632812 0.638672 0.634766 0.642578 0.634766 0.644531 0.632812 0.644531 0.630859
0 0.683594 0.625000 0.679688 0.625000 0.675781 0.628906 0.673828 0.628906 0.675781 0.630859 0.675781 0.632812 0.677734 0.634766 0.681641 0.634766 0.683594 0.632812
0 0.693359 0.630859 0.691406 0.632812 0.691406 0.634766 0.693359 0.636719 0.695312 0.636719 0.697266 0.634766 0.697266 0.632812 0.695312 0.630859
0 0.947266 0.628906 0.941406 0.628906 0.939453 0.630859 0.939453 0.636719 0.943359 0.640625 0.945312 0.638672 0.947266 0.638672 0.949219 0.636719 0.949219 0.630859
1 0.314453 0.638672 0.310547 0.634766 0.308594 0.636719 0.304688 0.636719 0.304688 0.638672 0.300781 0.642578 0.296875 0.642578 0.294922 0.644531 0.294922 0.648438 0.296875 0.650391 0.304688 0.642578 0.306641 0.644531 0.306641 0.646484 0.308594 0.646484 0.314453 0.640625
0 0.800781 0.634766 0.796875 0.642578 0.798828 0.646484 0.798828 0.650391 0.800781 0.652344 0.798828 0.654297 0.800781 0.652344 0.806641 0.658203 0.818359 0.658203 0.822266 0.656250 0.822266 0.648438 0.818359 0.644531 0.818359 0.636719 0.814453 0.632812 0.804688 0.632812
0 0.414062 0.636719 0.412109 0.638672 0.412109 0.640625 0.414062 0.642578 0.416016 0.642578 0.417969 0.640625 0.417969 0.638672 0.416016 0.636719
0 0.576172 0.646484 0.574219 0.648438 0.574219 0.652344 0.576172 0.654297 0.580078 0.654297 0.582031 0.652344 0.582031 0.648438 0.580078 0.646484
0 0.595703 0.644531 0.591797 0.648438 0.591797 0.654297 0.593750 0.654297 0.595703 0.656250 0.597656 0.654297 0.599609 0.654297 0.599609 0.652344 0.601562 0.650391
0 0.761719 0.648438 0.759766 0.650391 0.759766 0.654297 0.761719 0.656250 0.767578 0.656250 0.767578 0.654297 0.769531 0.652344 0.767578 0.650391 0.767578 0.648438
0 0.533203 0.652344 0.529297 0.656250 0.529297 0.662109 0.531250 0.664062 0.529297 0.666016 0.533203 0.667969 0.531250 0.669922 0.535156 0.667969 0.542969 0.675781 0.548828 0.675781 0.550781 0.677734 0.554688 0.673828 0.554688 0.664062 0.548828 0.658203 0.542969 0.656250 0.539062 0.652344
0 0.615234 0.652344 0.613281 0.654297 0.613281 0.658203 0.617188 0.658203 0.617188 0.654297
0 0.685547 0.652344 0.685547 0.656250 0.689453 0.656250 0.689453 0.652344
1 0.736328 0.652344 0.732422 0.652344 0.728516 0.656250 0.730469 0.664062 0.724609 0.669922 0.722656 0.667969 0.714844 0.667969 0.699219 0.679688 0.699219 0.691406 0.710938 0.701172 0.710938 0.705078 0.708984 0.707031 0.708984 0.714844 0.710938 0.714844 0.716797 0.720703 0.720703 0.716797 0.720703 0.710938 0.712891 0.703125 0.714844 0.701172 0.714844 0.697266 0.718750 0.693359 0.724609 0.681641 0.724609 0.677734 0.730469 0.671875 0.738281 0.671875 0.740234 0.673828 0.744141 0.671875 0.744141 0.666016 0.738281 0.660156 0.738281 0.654297
0 0.318359 0.656250 0.314453 0.656250 0.312500 0.658203 0.312500 0.662109 0.314453 0.664062 0.316406 0.662109 0.318359 0.662109
0 0.494141 0.658203 0.492188 0.660156 0.492188 0.662109 0.494141 0.664062 0.496094 0.662109 0.496094 0.660156
0 0.644531 0.658203 0.642578 0.660156 0.642578 0.664062 0.644531 0.666016 0.648438 0.666016 0.650391 0.664062 0.648438 0.662109 0.648438 0.660156 0.646484 0.658203
0 0.873047 0.658203 0.871094 0.660156 0.873047 0.662109
0 0.503906 0.664062 0.503906 0.667969 0.507812 0.671875 0.507812 0.673828 0.509766 0.675781 0.507812 0.677734 0.509766 0.675781 0.517578 0.675781 0.521484 0.671875 0.523438 0.671875 0.523438 0.666016 0.517578 0.660156 0.507812 0.660156
1 0.595703 0.664062 0.595703 0.669922 0.597656 0.669922 0.597656 0.667969 0.595703 0.666016
0 0.658203 0.666016 0.658203 0.667969 0.660156 0.667969 0.660156 0.666016
0 0.880859 0.664062 0.878906 0.666016 0.878906 0.667969 0.876953 0.669922 0.878906 0.671875 0.878906 0.675781 0.880859 0.677734 0.882812 0.675781 0.884766 0.677734 0.888672 0.673828 0.888672 0.669922 0.882812 0.664062
0 0.675781 0.669922 0.673828 0.671875 0.673828 0.673828 0.677734 0.677734 0.677734 0.679688 0.683594 0.679688 0.685547 0.677734 0.685547 0.675781 0.681641 0.671875 0.681641 0.669922
1 0.425781 0.673828 0.427734 0.675781 0.425781 0.677734 0.427734 0.679688 0.429688 0.677734
0 0.833984 0.671875 0.830078 0.675781 0.828125 0.675781 0.826172 0.679688 0.824219 0.693359 0.832031 0.699219 0.841797 0.701172 0.849609 0.693359 0.849609 0.685547 0.847656 0.681641 0.839844 0.673828 0.835938 0.673828
0 0.867188 0.673828 0.865234 0.675781 0.865234 0.677734 0.867188 0.679688 0.869141 0.679688 0.869141 0.675781
0 0.224609 0.675781 0.222656 0.675781 0.220703 0.677734 0.222656 0.679688 0.224609 0.677734
0 0.558594 0.710938 0.552734 0.718750 0.554688 0.720703 0.554688 0.728516 0.552734 0.732422 0.556641 0.732422 0.558594 0.736328 0.566406 0.742188 0.566406 0.748047 0.568359 0.750000 0.576172 0.751953 0.578125 0.746094 0.576172 0.740234 0.582031 0.732422 0.582031 0.722656 0.578125 0.716797 0.572266 0.714844 0.566406 0.708984 0.564453 0.710938
0 0.681641 0.710938 0.673828 0.716797 0.673828 0.718750 0.671875 0.720703 0.673828 0.722656 0.671875 0.724609 0.671875 0.726562 0.673828 0.728516 0.673828 0.730469 0.679688 0.736328 0.689453 0.736328 0.693359 0.732422 0.695312 0.726562 0.693359 0.724609 0.693359 0.720703 0.691406 0.718750 0.691406 0.716797 0.683594 0.710938
1 0.654297 0.716797 0.652344 0.718750 0.652344 0.720703 0.656250 0.724609 0.656250 0.726562 0.654297 0.728516 0.654297 0.730469 0.656250 0.732422 0.658203 0.732422 0.662109 0.736328 0.664062 0.736328 0.666016 0.734375 0.666016 0.730469 0.662109 0.726562 0.662109 0.724609 0.658203 0.720703 0.658203 0.718750 0.656250 0.716797
0 0.626953 0.718750 0.625000 0.720703 0.625000 0.722656 0.628906 0.726562 0.632812 0.726562 0.632812 0.720703 0.630859 0.718750
1 0.943359 0.720703 0.937500 0.720703 0.931641 0.726562 0.929688 0.724609 0.927734 0.726562 0.931641 0.726562 0.933594 0.728516 0.931641 0.730469 0.927734 0.730469 0.927734 0.732422 0.925781 0.734375 0.925781 0.736328 0.929688 0.740234 0.931641 0.738281 0.931641 0.736328 0.933594 0.734375 0.933594 0.732422 0.935547 0.730469 0.937500 0.730469 0.939453 0.728516 0.943359 0.728516 0.943359 0.726562 0.945312 0.724609 0.945312 0.722656
0 0.869141 0.732422 0.869141 0.738281 0.871094 0.740234 0.871094 0.744141 0.878906 0.750000 0.888672 0.750000 0.890625 0.746094 0.896484 0.746094 0.898438 0.744141 0.898438 0.742188 0.892578 0.736328 0.892578 0.732422 0.884766 0.726562 0.875000 0.724609
0 0.769531 0.728516 0.767578 0.728516 0.761719 0.732422 0.757812 0.732422 0.755859 0.734375 0.753906 0.734375 0.755859 0.736328 0.755859 0.742188 0.753906 0.744141 0.753906 0.746094 0.755859 0.748047 0.759766 0.748047 0.761719 0.746094 0.761719 0.744141 0.771484 0.736328 0.773438 0.738281 0.771484 0.736328 0.771484 0.734375 0.773438 0.732422
0 0.537109 0.734375 0.535156 0.736328 0.535156 0.738281 0.531250 0.742188 0.533203 0.744141 0.533203 0.746094 0.535156 0.744141 0.537109 0.744141 0.539062 0.746094 0.542969 0.746094 0.542969 0.742188 0.544922 0.740234 0.542969 0.740234 0.539062 0.736328 0.539062 0.734375
0 0.943359 0.740234 0.941406 0.742188 0.941406 0.748047 0.939453 0.750000 0.939453 0.751953 0.941406 0.751953 0.943359 0.753906 0.949219 0.751953 0.951172 0.753906 0.953125 0.753906 0.957031 0.757812 0.960938 0.753906 0.962891 0.748047 0.958984 0.744141 0.955078 0.744141 0.955078 0.746094 0.953125 0.748047 0.951172 0.748047
0 0.414062 0.744141 0.408203 0.750000 0.410156 0.751953 0.410156 0.753906 0.414062 0.753906 0.414062 0.750000 0.416016 0.748047 0.416016 0.746094
0 0.746094 0.742188 0.740234 0.742188 0.738281 0.744141 0.738281 0.746094 0.740234 0.748047 0.740234 0.750000 0.742188 0.751953 0.744141 0.750000 0.746094 0.750000 0.748047 0.748047 0.748047 0.744141
0 0.378906 0.748047 0.380859 0.750000 0.380859 0.751953 0.371094 0.759766 0.378906 0.767578 0.380859 0.767578 0.382812 0.769531 0.388672 0.763672 0.388672 0.759766 0.386719 0.759766 0.384766 0.757812 0.384766 0.753906 0.382812 0.751953 0.384766 0.750000 0.382812 0.748047
0 0.513672 0.746094 0.511719 0.748047 0.511719 0.753906 0.509766 0.755859 0.511719 0.757812 0.511719 0.763672 0.517578 0.769531 0.523438 0.769531 0.527344 0.763672 0.527344 0.755859 0.525391 0.753906 0.525391 0.751953 0.519531 0.746094
0 0.726562 0.748047 0.724609 0.750000 0.720703 0.750000 0.718750 0.751953 0.718750 0.757812 0.720703 0.759766 0.724609 0.759766 0.726562 0.757812 0.726562 0.751953 0.724609 0.750000
0 0.914062 0.748047 0.914062 0.750000 0.910156 0.753906 0.910156 0.755859 0.908203 0.757812 0.908203 0.765625 0.914062 0.769531 0.921875 0.769531 0.923828 0.767578 0.923828 0.761719 0.919922 0.755859 0.921875 0.750000 0.919922 0.748047 0.917969 0.750000 0.916016 0.748047
0 0.835938 0.759766 0.832031 0.755859 0.828125 0.755859 0.826172 0.753906 0.824219 0.755859 0.820312 0.755859 0.816406 0.759766 0.816406 0.761719 0.814453 0.763672 0.816406 0.765625 0.816406 0.767578 0.820312 0.771484 0.832031 0.771484 0.833984 0.769531 0.833984 0.767578 0.837891 0.763672 0.835938 0.761719
0 0.402344 0.761719 0.400391 0.763672 0.400391 0.767578 0.402344 0.769531 0.406250 0.769531 0.408203 0.767578 0.408203 0.763672 0.406250 0.761719
0 0.796875 0.763672 0.792969 0.767578 0.792969 0.769531 0.791016 0.771484 0.791016 0.777344 0.792969 0.779297 0.792969 0.783203 0.794922 0.785156 0.798828 0.785156 0.800781 0.787109 0.802734 0.787109 0.804688 0.785156 0.806641 0.785156 0.810547 0.781250 0.810547 0.773438 0.806641 0.767578 0.808594 0.765625 0.798828 0.765625
0 0.554688 0.765625 0.550781 0.769531 0.550781 0.771484 0.556641 0.777344 0.560547 0.777344 0.564453 0.773438 0.564453 0.769531 0.560547 0.765625
0 0.894531 0.771484 0.892578 0.773438 0.888672 0.773438 0.884766 0.777344 0.884766 0.783203 0.886719 0.785156 0.886719 0.791016 0.892578 0.791016 0.894531 0.789062 0.894531 0.785156 0.898438 0.781250 0.898438 0.775391
0 0.375000 0.775391 0.373047 0.775391 0.371094 0.777344 0.369141 0.777344 0.365234 0.783203 0.365234 0.787109 0.369141 0.792969 0.376953 0.792969 0.380859 0.787109 0.380859 0.783203 0.378906 0.781250 0.378906 0.779297
0 0.851562 0.773438 0.849609 0.775391 0.849609 0.781250 0.851562 0.783203 0.851562 0.785156 0.857422 0.785156 0.861328 0.781250 0.861328 0.777344 0.859375 0.775391 0.857422 0.775391 0.855469 0.773438
0 0.906250 0.775391 0.906250 0.779297 0.908203 0.777344
0 0.537109 0.777344 0.537109 0.783203 0.539062 0.785156 0.541016 0.785156 0.542969 0.783203 0.542969 0.779297 0.541016 0.777344
1 0.583984 0.785156 0.583984 0.791016 0.587891 0.794922 0.587891 0.796875 0.591797 0.800781 0.591797 0.810547 0.589844 0.812500 0.591797 0.814453 0.591797 0.816406 0.595703 0.820312 0.599609 0.816406 0.599609 0.806641 0.603516 0.802734 0.603516 0.800781 0.605469 0.798828 0.605469 0.796875 0.603516 0.794922 0.605469 0.792969 0.603516 0.791016 0.603516 0.789062 0.601562 0.789062 0.599609 0.787109 0.597656 0.789062 0.593750 0.789062 0.591797 0.791016 0.589844 0.789062 0.589844 0.787109 0.587891 0.787109 0.585938 0.785156
0 0.972656 0.785156 0.972656 0.787109 0.970703 0.789062 0.972656 0.791016 0.974609 0.791016 0.976562 0.789062 0.976562 0.787109 0.974609 0.787109
0 0.417969 0.798828 0.417969 0.800781 0.423828 0.800781 0.423828 0.798828 0.421875 0.796875 0.419922 0.796875
0 0.902344 0.802734 0.900391 0.804688 0.900391 0.806641 0.902344 0.808594 0.902344 0.810547 0.908203 0.810547 0.910156 0.808594 0.910156 0.806641 0.906250 0.802734
0 0.835938 0.806641 0.835938 0.810547 0.837891 0.812500 0.839844 0.810547 0.841797 0.810547 0.841797 0.808594 0.839844 0.806641
0 0.949219 0.804688 0.947266 0.806641 0.949219 0.808594 0.951172 0.806641
0 0.449219 0.808594 0.445312 0.812500 0.445312 0.820312 0.447266 0.820312 0.449219 0.822266 0.449219 0.824219 0.453125 0.824219 0.455078 0.822266 0.457031 0.822266 0.458984 0.820312 0.458984 0.814453 0.457031 0.812500 0.457031 0.810547 0.455078 0.810547 0.453125 0.808594
0 0.757812 0.808594 0.755859 0.810547 0.755859 0.814453 0.757812 0.816406 0.761719 0.816406 0.761719 0.814453 0.763672 0.812500 0.763672 0.810547 0.761719 0.810547 0.759766 0.808594
0 0.529297 0.812500 0.527344 0.814453 0.527344 0.816406 0.529297 0.818359 0.531250 0.818359 0.533203 0.816406 0.533203 0.814453 0.531250 0.812500
0 0.808594 0.816406 0.808594 0.820312 0.812500 0.820312 0.812500 0.816406
1 0.500000 0.822266 0.496094 0.822266 0.492188 0.826172 0.498047 0.826172 0.498047 0.824219
0 0.792969 0.822266 0.791016 0.824219 0.791016 0.828125 0.794922 0.828125 0.794922 0.824219
1 0.824219 0.820312 0.820312 0.824219 0.822266 0.828125 0.820312 0.841797 0.824219 0.849609 0.830078 0.851562 0.841797 0.861328 0.849609 0.861328 0.861328 0.847656 0.855469 0.839844 0.853516 0.843750 0.851562 0.839844 0.845703 0.837891 0.841797 0.839844 0.837891 0.835938 0.833984 0.826172 0.828125 0.820312
1 0.373047 0.837891 0.375000 0.839844 0.375000 0.843750 0.382812 0.851562 0.384766 0.849609 0.386719 0.843750 0.394531 0.837891 0.396484 0.837891 0.402344 0.832031 0.412109 0.832031 0.414062 0.833984 0.414062 0.835938 0.417969 0.835938 0.419922 0.837891 0.425781 0.837891 0.429688 0.833984 0.429688 0.832031 0.427734 0.830078 0.431641 0.826172 0.425781 0.826172 0.421875 0.830078 0.417969 0.826172 0.416016 0.826172 0.416016 0.828125 0.414062 0.830078 0.404297 0.830078 0.400391 0.826172 0.396484 0.826172 0.394531 0.828125 0.392578 0.828125 0.386719 0.835938 0.380859 0.837891 0.376953 0.833984 0.375000 0.833984 0.373047 0.835938
0 0.507812 0.826172 0.507812 0.828125 0.509766 0.830078 0.511719 0.830078 0.511719 0.826172
0 0.185547 0.830078 0.183594 0.828125 0.181641 0.828125 0.179688 0.830078 0.179688 0.833984 0.183594 0.833984 0.185547 0.832031
0 0.351562 0.828125 0.349609 0.830078 0.349609 0.833984 0.351562 0.835938 0.353516 0.835938 0.355469 0.833984 0.355469 0.830078 0.353516 0.828125
0 0.867188 0.832031 0.867188 0.833984 0.869141 0.835938 0.878906 0.835938 0.880859 0.833984 0.878906 0.832031 0.875000 0.832031 0.871094 0.828125
0 0.414062 0.841797 0.412109 0.843750 0.410156 0.843750 0.410156 0.847656 0.412109 0.849609 0.414062 0.849609 0.416016 0.847656 0.416016 0.845703 0.414062 0.843750
0 0.537109 0.841797 0.535156 0.843750 0.533203 0.843750 0.533203 0.845703 0.535156 0.847656 0.537109 0.845703
1 0.908203 0.839844 0.902344 0.839844 0.900391 0.841797 0.900391 0.851562 0.904297 0.855469 0.904297 0.861328 0.906250 0.859375 0.906250 0.855469 0.910156 0.851562 0.910156 0.843750 0.908203 0.841797
0 0.359375 0.843750 0.357422 0.845703 0.355469 0.843750 0.355469 0.845703 0.353516 0.847656 0.353516 0.851562 0.351562 0.853516 0.351562 0.855469 0.353516 0.857422 0.355469 0.857422 0.361328 0.851562 0.361328 0.845703
0 0.292969 0.849609 0.289062 0.855469 0.289062 0.867188 0.292969 0.873047 0.304688 0.873047 0.310547 0.863281 0.308594 0.861328 0.308594 0.851562 0.306641 0.849609
0 0.333984 0.849609 0.328125 0.849609 0.324219 0.853516 0.324219 0.861328 0.328125 0.865234 0.330078 0.865234 0.332031 0.863281 0.333984 0.863281 0.335938 0.861328 0.335938 0.851562
0 0.726562 0.849609 0.726562 0.851562 0.724609 0.853516 0.724609 0.855469 0.726562 0.855469 0.728516 0.857422 0.730469 0.857422 0.730469 0.853516
0 0.273438 0.855469 0.271484 0.857422 0.273438 0.859375 0.275391 0.857422
0 0.691406 0.857422 0.689453 0.859375 0.689453 0.863281 0.691406 0.865234 0.697266 0.865234 0.699219 0.863281 0.699219 0.861328 0.695312 0.857422
0 0.423828 0.871094 0.421875 0.869141 0.419922 0.869141 0.414062 0.873047 0.406250 0.873047 0.406250 0.878906 0.410156 0.878906 0.414062 0.882812 0.417969 0.882812 0.419922 0.880859 0.421875 0.880859 0.421875 0.876953 0.423828 0.875000
0 0.521484 0.867188 0.519531 0.869141 0.519531 0.873047 0.523438 0.876953 0.525391 0.876953 0.529297 0.873047 0.529297 0.869141 0.527344 0.867188
1 0.697266 0.878906 0.699219 0.880859 0.701172 0.880859 0.703125 0.882812 0.705078 0.882812 0.707031 0.880859 0.708984 0.880859 0.710938 0.878906 0.716797 0.878906 0.718750 0.876953 0.714844 0.873047 0.710938 0.873047 0.708984 0.875000 0.707031 0.873047 0.703125 0.873047
0 0.900391 0.873047 0.900391 0.876953 0.904297 0.876953 0.904297 0.873047
0 0.550781 0.875000 0.548828 0.876953 0.548828 0.880859 0.550781 0.882812 0.552734 0.882812 0.554688 0.880859 0.554688 0.876953 0.552734 0.875000
0 0.753906 0.876953 0.748047 0.882812 0.748047 0.884766 0.750000 0.886719 0.750000 0.888672 0.751953 0.890625 0.751953 0.892578 0.753906 0.892578 0.755859 0.894531 0.757812 0.894531 0.761719 0.898438 0.763672 0.898438 0.769531 0.904297 0.771484 0.904297 0.779297 0.896484 0.779297 0.890625 0.773438 0.884766 0.771484 0.884766 0.769531 0.882812 0.767578 0.882812 0.765625 0.880859 0.761719 0.880859 0.757812 0.876953
0 0.851562 0.876953 0.849609 0.878906 0.847656 0.878906 0.843750 0.882812 0.843750 0.890625 0.849609 0.896484 0.855469 0.896484 0.855469 0.894531 0.857422 0.892578 0.859375 0.892578 0.859375 0.880859 0.855469 0.876953
0 0.949219 0.875000 0.945312 0.878906 0.945312 0.880859 0.949219 0.884766 0.955078 0.884766 0.955078 0.882812 0.957031 0.880859 0.957031 0.878906 0.953125 0.875000
0 0.929688 0.878906 0.927734 0.880859 0.927734 0.882812 0.929688 0.884766 0.931641 0.882812 0.931641 0.880859
0 0.302734 0.882812 0.298828 0.882812 0.294922 0.886719 0.294922 0.892578 0.296875 0.894531 0.300781 0.894531 0.302734 0.892578 0.304688 0.892578 0.304688 0.884766
0 0.517578 0.882812 0.515625 0.884766 0.517578 0.884766 0.519531 0.886719 0.521484 0.884766 0.519531 0.882812
0 0.644531 0.884766 0.642578 0.884766 0.640625 0.882812 0.638672 0.884766 0.638672 0.888672 0.642578 0.888672 0.642578 0.886719
0 0.388672 0.886719 0.386719 0.888672 0.386719 0.894531 0.392578 0.894531 0.392578 0.888672 0.390625 0.888672
0 0.435547 0.888672 0.433594 0.890625 0.433594 0.896484 0.439453 0.896484 0.441406 0.894531 0.441406 0.888672
0 0.476562 0.898438 0.474609 0.896484 0.472656 0.896484 0.470703 0.898438 0.468750 0.898438 0.468750 0.900391 0.470703 0.902344 0.474609 0.902344 0.476562 0.900391
0 0.921875 0.894531 0.919922 0.896484 0.919922 0.902344 0.921875 0.904297 0.927734 0.904297 0.931641 0.900391 0.925781 0.894531
0 0.394531 0.900391 0.392578 0.902344 0.392578 0.908203 0.394531 0.910156 0.396484 0.910156 0.398438 0.908203 0.398438 0.906250 0.400391 0.904297 0.396484 0.900391
0 0.417969 0.898438 0.412109 0.906250 0.414062 0.919922 0.421875 0.925781 0.433594 0.921875 0.433594 0.919922 0.435547 0.917969 0.435547 0.908203 0.433594 0.906250 0.433594 0.904297 0.427734 0.898438
0 0.673828 0.900391 0.671875 0.898438 0.669922 0.898438 0.667969 0.900391 0.667969 0.904297 0.669922 0.902344 0.671875 0.904297 0.673828 0.902344
0 0.794922 0.900391 0.791016 0.904297 0.792969 0.906250 0.791016 0.908203 0.792969 0.910156 0.798828 0.910156 0.800781 0.908203 0.798828 0.906250 0.798828 0.900391
0 0.828125 0.904297 0.828125 0.908203 0.830078 0.910156 0.835938 0.910156 0.835938 0.904297 0.833984 0.904297 0.832031 0.902344 0.830078 0.904297
0 0.988281 0.902344 0.990234 0.904297 0.992188 0.902344
0 0.927734 0.912109 0.925781 0.914062 0.923828 0.914062 0.921875 0.916016 0.923828 0.916016 0.925781 0.917969 0.925781 0.919922 0.929688 0.919922 0.931641 0.917969 0.931641 0.916016
0 0.585938 0.916016 0.585938 0.921875 0.587891 0.923828 0.589844 0.923828 0.593750 0.919922 0.595703 0.921875 0.593750 0.919922 0.593750 0.916016 0.591797 0.914062 0.587891 0.914062
0 0.687500 0.925781 0.691406 0.929688 0.695312 0.943359 0.701172 0.947266 0.705078 0.947266 0.710938 0.943359 0.718750 0.933594 0.728516 0.933594 0.732422 0.929688 0.730469 0.923828 0.726562 0.921875 0.718750 0.923828 0.710938 0.914062 0.707031 0.916016 0.705078 0.914062 0.701172 0.916016 0.697266 0.914062 0.691406 0.917969 0.691406 0.921875
0 0.345703 0.917969 0.341797 0.921875 0.341797 0.929688 0.345703 0.933594 0.351562 0.933594 0.355469 0.929688 0.355469 0.923828 0.353516 0.921875 0.353516 0.919922 0.351562 0.917969
0 0.458984 0.919922 0.455078 0.925781 0.455078 0.929688 0.447266 0.937500 0.451172 0.937500 0.457031 0.943359 0.460938 0.941406 0.468750 0.949219 0.476562 0.947266 0.482422 0.935547 0.478516 0.931641 0.478516 0.927734 0.476562 0.925781 0.474609 0.927734 0.468750 0.921875 0.468750 0.919922 0.464844 0.919922 0.462891 0.921875
0 0.833984 0.919922 0.828125 0.925781 0.828125 0.935547 0.830078 0.937500 0.832031 0.937500 0.835938 0.941406 0.845703 0.941406 0.849609 0.935547 0.849609 0.927734 0.847656 0.925781 0.847656 0.923828 0.843750 0.919922
0 0.642578 0.921875 0.640625 0.923828 0.640625 0.925781 0.638672 0.927734 0.640625 0.929688 0.640625 0.933594 0.642578 0.935547 0.646484 0.935547 0.650391 0.931641 0.650391 0.925781 0.646484 0.921875
0 0.751953 0.921875 0.750000 0.925781 0.750000 0.933594 0.753906 0.937500 0.757812 0.937500 0.759766 0.939453 0.763672 0.937500 0.765625 0.939453 0.763672 0.941406 0.765625 0.943359 0.765625 0.947266 0.769531 0.947266 0.773438 0.941406 0.771484 0.939453 0.771484 0.935547 0.765625 0.923828 0.761719 0.921875
0 0.806641 0.921875 0.804688 0.923828 0.804688 0.925781 0.806641 0.927734 0.808594 0.927734 0.810547 0.925781 0.810547 0.923828 0.808594 0.921875
0 0.371094 0.925781 0.369141 0.927734 0.369141 0.933594 0.371094 0.935547 0.375000 0.935547 0.376953 0.933594 0.376953 0.929688 0.375000 0.927734 0.375000 0.925781
0 0.392578 0.935547 0.392578 0.937500 0.388672 0.941406 0.388672 0.943359 0.390625 0.945312 0.390625 0.947266 0.392578 0.949219 0.398438 0.949219 0.398438 0.947266 0.400391 0.945312 0.400391 0.937500 0.398438 0.935547
0 0.564453 0.945312 0.566406 0.947266 0.564453 0.949219 0.564453 0.953125 0.562500 0.955078 0.562500 0.957031 0.568359 0.962891 0.574219 0.962891 0.576172 0.964844 0.580078 0.960938 0.580078 0.955078 0.576172 0.951172 0.576172 0.947266 0.572266 0.943359 0.570312 0.945312
0 0.601562 0.941406 0.597656 0.945312 0.597656 0.949219 0.599609 0.951172 0.605469 0.951172 0.607422 0.949219 0.607422 0.945312 0.603516 0.941406
0 0.722656 0.947266 0.718750 0.951172 0.718750 0.955078 0.716797 0.957031 0.718750 0.958984 0.716797 0.960938 0.720703 0.964844 0.718750 0.966797 0.720703 0.968750 0.722656 0.974609 0.728516 0.974609 0.732422 0.970703 0.732422 0.968750 0.738281 0.958984 0.738281 0.957031 0.736328 0.955078 0.738281 0.953125 0.732422 0.947266
0 0.628906 0.951172 0.628906 0.953125 0.626953 0.955078 0.626953 0.957031 0.628906 0.958984 0.628906 0.962891 0.636719 0.970703 0.642578 0.970703 0.646484 0.964844 0.646484 0.955078 0.640625 0.949219 0.632812 0.949219 0.630859 0.951172
0 0.285156 0.957031 0.283203 0.958984 0.283203 0.962891 0.287109 0.966797 0.291016 0.966797 0.292969 0.964844 0.292969 0.958984 0.291016 0.957031
0 0.666016 0.958984 0.664062 0.960938 0.664062 0.966797 0.671875 0.966797 0.671875 0.964844 0.673828 0.962891 0.671875 0.960938 0.671875 0.958984
0 0.548828 0.972656 0.552734 0.978516 0.552734 0.982422 0.558594 0.988281 0.562500 0.988281 0.564453 0.990234 0.572266 0.988281 0.576172 0.982422 0.574219 0.980469 0.578125 0.976562 0.580078 0.978516 0.583984 0.976562 0.582031 0.968750 0.582031 0.970703 0.578125 0.974609 0.576172 0.972656 0.574219 0.976562 0.564453 0.964844 0.556641 0.964844 0.552734 0.966797
0 0.343750 0.968750 0.341797 0.970703 0.341797 0.974609 0.343750 0.976562 0.345703 0.976562 0.347656 0.974609 0.347656 0.970703 0.345703 0.968750
0 0.369141 0.970703 0.367188 0.968750 0.365234 0.970703
0 0.544922 0.974609 0.542969 0.974609 0.541016 0.976562 0.541016 0.980469 0.544922 0.980469
0 0.888672 0.974609 0.888672 0.976562 0.886719 0.978516 0.886719 0.984375 0.888672 0.984375 0.890625 0.986328 0.892578 0.986328 0.896484 0.982422 0.896484 0.980469 0.892578 0.976562 0.890625 0.976562
0 0.947266 0.976562 0.945312 0.978516 0.945312 0.980469 0.947266 0.982422 0.951172 0.982422 0.951172 0.978516 0.949219 0.976562
0 0.798828 0.980469 0.798828 0.984375 0.804688 0.984375 0.804688 0.980469
0 0.394531 0.984375 0.392578 0.986328 0.394531 0.988281 0.396484 0.986328
0 0.404297 0.984375 0.402344 0.986328 0.402344 0.990234 0.404297 0.992188 0.408203 0.992188 0.408203 0.986328 0.406250 0.984375
1 0.603516 0.990234 0.601562 0.992188 0.599609 0.990234 0.595703 0.994141 0.593750 0.992188 0.589844 0.996094 0.589844 0.998047 0.603516 0.998047 0.601562 0.996094 0.601562 0.994141 0.603516 0.992188
0 0.521484 0.996094 0.521484 0.998047 0.529297 0.998047 0.525391 0.994141 0.523438 0.994141
0 0.798828 0.996094 0.798828 0.998047 0.806641 0.998047 0.802734 0.994141 0.800781 0.994141
1 0.875000 0.998047 0.873047 0.998047 0.871094 0.996094 0.873047 0.994141 0.871094 0.996094 0.867188 0.996094 0.865234 0.998047
0 0.484375 0.019531 0.484375 0.023438 0.480469 0.023438 0.478516 0.021484 0.482422 0.017578
0 0.007812 0.039062 0.003906 0.039062 0.001953 0.037109 0.001953 0.035156 0.003906 0.033203 0.007812 0.035156
0 0.460938 0.035156 0.460938 0.039062 0.457031 0.039062 0.455078 0.037109 0.458984 0.033203
0 0.011719 0.066406 0.009766 0.066406 0.007812 0.068359 0.003906 0.068359 0.001953 0.066406 0.001953 0.060547 0.003906 0.058594 0.007812 0.058594 0.009766 0.060547 0.011719 0.060547
0 0.439453 0.064453 0.439453 0.068359 0.435547 0.068359 0.433594 0.066406 0.437500 0.062500
0 0.841797 0.072266 0.841797 0.076172 0.837891 0.076172 0.835938 0.074219 0.839844 0.070312
0 0.007812 0.080078 0.003906 0.080078 0.001953 0.078125 0.001953 0.076172 0.003906 0.074219 0.007812 0.076172
0 0.015625 0.115234 0.015625 0.119141 0.011719 0.119141 0.009766 0.117188 0.013672 0.113281
0 0.001953 0.121094 0.000000 0.121094 0.000000 0.115234 0.000000 0.117188 0.001953 0.119141
0 0.392578 0.195312 0.392578 0.199219 0.388672 0.199219 0.386719 0.197266 0.390625 0.193359
0 0.798828 0.195312 0.798828 0.199219 0.794922 0.199219 0.792969 0.197266 0.796875 0.193359
0 0.357422 0.208984 0.357422 0.212891 0.353516 0.212891 0.351562 0.210938 0.355469 0.207031
0 0.339844 0.216797 0.339844 0.220703 0.335938 0.220703 0.333984 0.218750 0.337891 0.214844
0 0.267578 0.220703 0.267578 0.224609 0.263672 0.224609 0.261719 0.222656 0.265625 0.218750
0 0.332031 0.226562 0.332031 0.230469 0.328125 0.230469 0.326172 0.228516 0.330078 0.224609
0 0.224609 0.230469 0.224609 0.234375 0.220703 0.234375 0.218750 0.232422 0.222656 0.228516
0 0.281250 0.234375 0.281250 0.238281 0.277344 0.238281 0.275391 0.236328 0.279297 0.232422
0 0.259766 0.236328 0.259766 0.240234 0.255859 0.240234 0.253906 0.238281 0.257812 0.234375
0 0.152344 0.248047 0.152344 0.251953 0.148438 0.251953 0.146484 0.250000 0.150391 0.246094
0 0.312500 0.248047 0.312500 0.251953 0.308594 0.251953 0.306641 0.250000 0.310547 0.246094
0 0.314453 0.257812 0.314453 0.261719 0.310547 0.261719 0.308594 0.259766 0.312500 0.255859
0 0.718750 0.257812 0.718750 0.261719 0.714844 0.261719 0.712891 0.259766 0.716797 0.255859
0 0.109375 0.261719 0.109375 0.265625 0.105469 0.265625 0.103516 0.263672 0.107422 0.259766
0 0.283203 0.261719 0.283203 0.265625 0.279297 0.265625 0.277344 0.263672 0.281250 0.259766
0 0.302734 0.267578 0.302734 0.271484 0.298828 0.271484 0.296875 0.269531 0.300781 0.265625
0 0.275391 0.271484 0.275391 0.275391 0.271484 0.275391 0.269531 0.273438 0.273438 0.269531
0 0.402344 0.271484 0.402344 0.275391 0.398438 0.275391 0.396484 0.273438 0.400391 0.269531
0 0.308594 0.273438 0.308594 0.277344 0.304688 0.277344 0.302734 0.275391 0.306641 0.271484
0 0.318359 0.273438 0.318359 0.277344 0.314453 0.277344 0.312500 0.275391 0.316406 0.271484
0 0.355469 0.275391 0.355469 0.279297 0.351562 0.279297 0.349609 0.277344 0.353516 0.273438
0 0.175781 0.277344 0.175781 0.281250 0.171875 0.281250 0.169922 0.279297 0.173828 0.275391
0 0.494141 0.277344 0.494141 0.281250 0.490234 0.281250 0.488281 0.279297 0.492188 0.275391
0 0.240234 0.279297 0.240234 0.283203 0.236328 0.283203 0.234375 0.281250 0.238281 0.277344
0 0.195312 0.283203 0.195312 0.287109 0.191406 0.287109 0.189453 0.285156 0.193359 0.281250
0 0.257812 0.283203 0.257812 0.287109 0.253906 0.287109 0.251953 0.285156 0.255859 0.281250
0 0.423828 0.287109 0.423828 0.291016 0.419922 0.291016 0.417969 0.289062 0.421875 0.285156
0 0.708984 0.287109 0.708984 0.291016 0.705078 0.291016 0.703125 0.289062 0.707031 0.285156
0 0.216797 0.289062 0.216797 0.292969 0.212891 0.292969 0.210938 0.291016 0.214844 0.287109
0 0.240234 0.292969 0.240234 0.296875 0.236328 0.296875 0.234375 0.294922 0.238281 0.291016
0 0.289062 0.292969 0.289062 0.296875 0.285156 0.296875 0.283203 0.294922 0.287109 0.291016
0 0.175781 0.294922 0.175781 0.298828 0.171875 0.298828 0.169922 0.296875 0.173828 0.292969
0 0.720703 0.294922 0.720703 0.298828 0.716797 0.298828 0.714844 0.296875 0.718750 0.292969
0 0.423828 0.296875 0.423828 0.300781 0.419922 0.300781 0.417969 0.298828 0.421875 0.294922
0 0.345703 0.298828 0.345703 0.302734 0.341797 0.302734 0.339844 0.300781 0.343750 0.296875
0 0.437500 0.298828 0.437500 0.302734 0.433594 0.302734 0.431641 0.300781 0.435547 0.296875
0 0.361328 0.300781 0.361328 0.304688 0.357422 0.304688 0.355469 0.302734 0.359375 0.298828
0 0.408203 0.300781 0.408203 0.304688 0.404297 0.304688 0.402344 0.302734 0.406250 0.298828
0 0.484375 0.300781 0.484375 0.304688 0.480469 0.304688 0.478516 0.302734 0.482422 0.298828
0 0.468750 0.302734 0.468750 0.306641 0.464844 0.306641 0.462891 0.304688 0.466797 0.300781
0 0.267578 0.304688 0.267578 0.308594 0.263672 0.308594 0.261719 0.306641 0.265625 0.302734
0 0.353516 0.304688 0.353516 0.308594 0.349609 0.308594 0.347656 0.306641 0.351562 0.302734
0 0.312500 0.306641 0.312500 0.310547 0.308594 0.310547 0.306641 0.308594 0.310547 0.304688
0 0.296875 0.308594 0.296875 0.312500 0.292969 0.312500 0.291016 0.310547 0.294922 0.306641
0 0.371094 0.308594 0.371094 0.312500 0.367188 0.312500 0.365234 0.310547 0.369141 0.306641
0 0.820312 0.308594 0.820312 0.312500 0.816406 0.312500 0.814453 0.310547 0.818359 0.306641
0 0.267578 0.310547 0.267578 0.314453 0.263672 0.314453 0.261719 0.312500 0.265625 0.308594
0 0.322266 0.310547 0.322266 0.314453 0.318359 0.314453 0.316406 0.312500 0.320312 0.308594
0 0.345703 0.310547 0.345703 0.314453 0.341797 0.314453 0.339844 0.312500 0.343750 0.308594
0 0.140625 0.314453 0.140625 0.318359 0.136719 0.318359 0.134766 0.316406 0.138672 0.312500
0 0.355469 0.316406 0.355469 0.320312 0.351562 0.320312 0.349609 0.318359 0.353516 0.314453
0 0.183594 0.318359 0.183594 0.322266 0.179688 0.322266 0.177734 0.320312 0.181641 0.316406
0 0.291016 0.320312 0.291016 0.324219 0.287109 0.324219 0.285156 0.322266 0.289062 0.318359
0 0.199219 0.322266 0.199219 0.326172 0.195312 0.326172 0.193359 0.324219 0.197266 0.320312
0 0.429688 0.324219 0.429688 0.328125 0.425781 0.328125 0.423828 0.326172 0.427734 0.322266
0 0.541016 0.324219 0.541016 0.328125 0.537109 0.328125 0.535156 0.326172 0.539062 0.322266
0 0.326172 0.326172 0.326172 0.330078 0.322266 0.330078 0.320312 0.328125 0.324219 0.324219
0 0.236328 0.330078 0.236328 0.333984 0.232422 0.333984 0.230469 0.332031 0.234375 0.328125
0 0.822266 0.333984 0.820312 0.333984 0.818359 0.335938 0.814453 0.335938 0.812500 0.333984 0.812500 0.328125 0.814453 0.326172 0.818359 0.326172 0.820312 0.328125 0.822266 0.328125
0 0.449219 0.332031 0.449219 0.335938 0.445312 0.335938 0.443359 0.333984 0.447266 0.330078
0 0.167969 0.335938 0.167969 0.339844 0.164062 0.339844 0.162109 0.337891 0.166016 0.333984
0 0.177734 0.335938 0.177734 0.339844 0.173828 0.339844 0.171875 0.337891 0.175781 0.333984
0 0.158203 0.339844 0.158203 0.343750 0.154297 0.343750 0.152344 0.341797 0.156250 0.337891
0 0.318359 0.339844 0.318359 0.343750 0.314453 0.343750 0.312500 0.341797 0.316406 0.337891
0 0.335938 0.339844 0.335938 0.343750 0.332031 0.343750 0.330078 0.341797 0.333984 0.337891
0 0.294922 0.347656 0.294922 0.351562 0.291016 0.351562 0.289062 0.349609 0.292969 0.345703
0 0.345703 0.347656 0.345703 0.351562 0.341797 0.351562 0.339844 0.349609 0.343750 0.345703
0 0.470703 0.347656 0.470703 0.351562 0.466797 0.351562 0.464844 0.349609 0.468750 0.345703
0 0.748047 0.355469 0.746094 0.355469 0.744141 0.357422 0.740234 0.357422 0.738281 0.355469 0.738281 0.349609 0.740234 0.347656 0.744141 0.347656 0.746094 0.349609 0.748047 0.349609
0 0.148438 0.357422 0.148438 0.361328 0.144531 0.361328 0.142578 0.359375 0.146484 0.355469
0 0.345703 0.357422 0.345703 0.361328 0.341797 0.361328 0.339844 0.359375 0.343750 0.355469
0 0.298828 0.361328 0.298828 0.365234 0.294922 0.365234 0.292969 0.363281 0.296875 0.359375
0 0.437500 0.361328 0.437500 0.365234 0.433594 0.365234 0.431641 0.363281 0.435547 0.359375
0 0.248047 0.367188 0.248047 0.371094 0.244141 0.371094 0.242188 0.369141 0.246094 0.365234
0 0.302734 0.367188 0.302734 0.371094 0.298828 0.371094 0.296875 0.369141 0.300781 0.365234
0 0.154297 0.369141 0.154297 0.373047 0.150391 0.373047 0.148438 0.371094 0.152344 0.367188
0 0.388672 0.371094 0.388672 0.375000 0.384766 0.375000 0.382812 0.373047 0.386719 0.369141
0 0.759766 0.375000 0.759766 0.378906 0.755859 0.378906 0.753906 0.376953 0.757812 0.373047
0 0.267578 0.382812 0.267578 0.386719 0.263672 0.386719 0.261719 0.384766 0.265625 0.380859
0 0.183594 0.386719 0.183594 0.390625 0.179688 0.390625 0.177734 0.388672 0.181641 0.384766
0 0.496094 0.386719 0.496094 0.390625 0.492188 0.390625 0.490234 0.388672 0.494141 0.384766
0 0.876953 0.386719 0.876953 0.390625 0.873047 0.390625 0.871094 0.388672 0.875000 0.384766
0 0.998047 0.384766 0.998047 0.390625 0.996094 0.390625 0.994141 0.388672
0 0.164062 0.388672 0.164062 0.392578 0.160156 0.392578 0.158203 0.390625 0.162109 0.386719
0 0.220703 0.388672 0.220703 0.392578 0.216797 0.392578 0.214844 0.390625 0.218750 0.386719
0 0.343750 0.388672 0.343750 0.392578 0.339844 0.392578 0.337891 0.390625 0.341797 0.386719
0 0.369141 0.388672 0.369141 0.392578 0.365234 0.392578 0.363281 0.390625 0.367188 0.386719
0 0.515625 0.388672 0.515625 0.392578 0.511719 0.392578 0.509766 0.390625 0.513672 0.386719
0 0.203125 0.390625 0.203125 0.394531 0.199219 0.394531 0.197266 0.392578 0.201172 0.388672
0 0.189453 0.392578 0.189453 0.396484 0.185547 0.396484 0.183594 0.394531 0.187500 0.390625
0 0.435547 0.402344 0.435547 0.406250 0.431641 0.406250 0.429688 0.404297 0.433594 0.400391
0 0.447266 0.402344 0.447266 0.406250 0.443359 0.406250 0.441406 0.404297 0.445312 0.400391
0 0.541016 0.404297 0.541016 0.408203 0.537109 0.408203 0.535156 0.406250 0.539062 0.402344
0 0.392578 0.419922 0.392578 0.423828 0.388672 0.423828 0.386719 0.421875 0.390625 0.417969
0 0.421875 0.427734 0.421875 0.431641 0.417969 0.431641 0.416016 0.429688 0.419922 0.425781
0 0.343750 0.433594 0.343750 0.437500 0.339844 0.437500 0.337891 0.435547 0.341797 0.431641
0 0.746094 0.441406 0.746094 0.445312 0.742188 0.445312 0.740234 0.443359 0.744141 0.439453
0 0.361328 0.443359 0.361328 0.447266 0.357422 0.447266 0.355469 0.445312 0.359375 0.441406
0 0.388672 0.445312 0.388672 0.449219 0.384766 0.449219 0.382812 0.447266 0.386719 0.443359
0 0.427734 0.449219 0.427734 0.453125 0.423828 0.453125 0.421875 0.451172 0.425781 0.447266
0 0.441406 0.449219 0.441406 0.453125 0.437500 0.453125 0.435547 0.451172 0.439453 0.447266
0 0.349609 0.457031 0.349609 0.460938 0.345703 0.460938 0.343750 0.458984 0.347656 0.455078
0 0.611328 0.457031 0.611328 0.460938 0.607422 0.460938 0.605469 0.458984 0.609375 0.455078
0 0.341797 0.464844 0.341797 0.468750 0.337891 0.468750 0.335938 0.466797 0.339844 0.462891
0 0.408203 0.464844 0.408203 0.468750 0.404297 0.468750 0.402344 0.466797 0.406250 0.462891
0 0.488281 0.466797 0.488281 0.470703 0.484375 0.470703 0.482422 0.468750 0.486328 0.464844
0 0.501953 0.466797 0.501953 0.470703 0.498047 0.470703 0.496094 0.468750 0.500000 0.464844
0 0.916016 0.466797 0.916016 0.470703 0.912109 0.470703 0.910156 0.468750 0.914062 0.464844
0 0.996094 0.472656 0.996094 0.476562 0.992188 0.476562 0.990234 0.474609 0.994141 0.470703
0 0.521484 0.476562 0.521484 0.480469 0.517578 0.480469 0.515625 0.478516 0.519531 0.474609
0 0.660156 0.476562 0.660156 0.480469 0.656250 0.480469 0.654297 0.478516 0.658203 0.474609
0 0.470703 0.478516 0.470703 0.482422 0.466797 0.482422 0.464844 0.480469 0.468750 0.476562
0 0.359375 0.480469 0.359375 0.484375 0.355469 0.484375 0.353516 0.482422 0.357422 0.478516
0 0.380859 0.484375 0.380859 0.488281 0.376953 0.488281 0.375000 0.486328 0.378906 0.482422
0 0.441406 0.486328 0.441406 0.490234 0.437500 0.490234 0.435547 0.488281 0.439453 0.484375
0 0.794922 0.496094 0.792969 0.496094 0.791016 0.498047 0.787109 0.498047 0.785156 0.496094 0.785156 0.490234 0.787109 0.488281 0.791016 0.488281 0.792969 0.490234 0.794922 0.490234
0 0.460938 0.496094 0.460938 0.500000 0.457031 0.500000 0.455078 0.498047 0.458984 0.494141
0 0.468750 0.496094 0.468750 0.500000 0.464844 0.500000 0.462891 0.498047 0.466797 0.494141
0 0.390625 0.500000 0.390625 0.503906 0.386719 0.503906 0.384766 0.501953 0.388672 0.498047
0 0.363281 0.501953 0.363281 0.505859 0.359375 0.505859 0.357422 0.503906 0.361328 0.500000
0 0.375000 0.511719 0.375000 0.515625 0.371094 0.515625 0.369141 0.513672 0.373047 0.509766
0 0.703125 0.515625 0.701172 0.515625 0.699219 0.517578 0.695312 0.517578 0.693359 0.515625 0.693359 0.509766 0.695312 0.507812 0.699219 0.507812 0.701172 0.509766 0.703125 0.509766
0 0.765625 0.511719 0.765625 0.515625 0.761719 0.515625 0.759766 0.513672 0.763672 0.509766
0 0.634766 0.515625 0.634766 0.519531 0.630859 0.519531 0.628906 0.517578 0.632812 0.513672
0 0.642578 0.515625 0.642578 0.519531 0.638672 0.519531 0.636719 0.517578 0.640625 0.513672
0 0.306641 0.521484 0.306641 0.525391 0.302734 0.525391 0.300781 0.523438 0.304688 0.519531
0 0.332031 0.521484 0.332031 0.525391 0.328125 0.525391 0.326172 0.523438 0.330078 0.519531
0 0.628906 0.523438 0.628906 0.527344 0.625000 0.527344 0.623047 0.525391 0.626953 0.521484
0 0.343750 0.525391 0.343750 0.529297 0.339844 0.529297 0.337891 0.527344 0.341797 0.523438
0 0.775391 0.525391 0.775391 0.529297 0.771484 0.529297 0.769531 0.527344 0.773438 0.523438
0 0.093750 0.529297 0.093750 0.533203 0.089844 0.533203 0.087891 0.531250 0.091797 0.527344
0 0.365234 0.529297 0.365234 0.533203 0.361328 0.533203 0.359375 0.531250 0.363281 0.527344
0 0.408203 0.531250 0.408203 0.535156 0.404297 0.535156 0.402344 0.533203 0.406250 0.529297
0 0.455078 0.533203 0.455078 0.537109 0.451172 0.537109 0.449219 0.535156 0.453125 0.531250
0 0.689453 0.535156 0.689453 0.539062 0.685547 0.539062 0.683594 0.537109 0.687500 0.533203
0 0.832031 0.535156 0.832031 0.539062 0.828125 0.539062 0.826172 0.537109 0.830078 0.533203
0 0.296875 0.541016 0.296875 0.544922 0.292969 0.544922 0.291016 0.542969 0.294922 0.539062
0 0.751953 0.542969 0.751953 0.546875 0.748047 0.546875 0.746094 0.544922 0.750000 0.541016
0 0.306641 0.544922 0.306641 0.548828 0.302734 0.548828 0.300781 0.546875 0.304688 0.542969
0 0.470703 0.548828 0.470703 0.552734 0.466797 0.552734 0.464844 0.550781 0.468750 0.546875
0 0.664062 0.556641 0.662109 0.556641 0.660156 0.558594 0.656250 0.558594 0.654297 0.556641 0.654297 0.550781 0.656250 0.548828 0.660156 0.548828 0.662109 0.550781 0.664062 0.550781
0 0.896484 0.558594 0.894531 0.558594 0.892578 0.560547 0.888672 0.560547 0.886719 0.558594 0.886719 0.552734 0.888672 0.550781 0.892578 0.550781 0.894531 0.552734 0.896484 0.552734
0 0.865234 0.556641 0.865234 0.560547 0.861328 0.560547 0.859375 0.558594 0.863281 0.554688
0 0.480469 0.560547 0.480469 0.564453 0.476562 0.564453 0.474609 0.562500 0.478516 0.558594
0 0.359375 0.566406 0.359375 0.570312 0.355469 0.570312 0.353516 0.568359 0.357422 0.564453
0 0.851562 0.570312 0.851562 0.574219 0.847656 0.574219 0.845703 0.572266 0.849609 0.568359
0 0.132812 0.574219 0.132812 0.578125 0.128906 0.578125 0.126953 0.576172 0.130859 0.572266
0 0.460938 0.574219 0.460938 0.578125 0.457031 0.578125 0.455078 0.576172 0.458984 0.572266
0 0.613281 0.574219 0.613281 0.578125 0.609375 0.578125 0.607422 0.576172 0.611328 0.572266
0 0.625000 0.576172 0.625000 0.580078 0.621094 0.580078 0.619141 0.578125 0.623047 0.574219
0 0.574219 0.578125 0.574219 0.582031 0.570312 0.582031 0.568359 0.580078 0.572266 0.576172
0 0.343750 0.580078 0.343750 0.583984 0.339844 0.583984 0.337891 0.582031 0.341797 0.578125
0 0.462891 0.580078 0.462891 0.583984 0.458984 0.583984 0.457031 0.582031 0.460938 0.578125
0 0.908203 0.583984 0.908203 0.587891 0.904297 0.587891 0.902344 0.585938 0.906250 0.582031
0 0.453125 0.585938 0.453125 0.589844 0.449219 0.589844 0.447266 0.587891 0.451172 0.583984
0 0.634766 0.589844 0.634766 0.593750 0.630859 0.593750 0.628906 0.591797 0.632812 0.587891
0 0.580078 0.591797 0.580078 0.595703 0.576172 0.595703 0.574219 0.593750 0.578125 0.589844
0 0.617188 0.591797 0.617188 0.595703 0.613281 0.595703 0.611328 0.593750 0.615234 0.589844
0 0.125000 0.593750 0.125000 0.597656 0.121094 0.597656 0.119141 0.595703 0.123047 0.591797
0 0.476562 0.593750 0.476562 0.597656 0.472656 0.597656 0.470703 0.595703 0.474609 0.591797
0 0.042969 0.597656 0.042969 0.601562 0.039062 0.601562 0.037109 0.599609 0.041016 0.595703
0 0.330078 0.597656 0.330078 0.601562 0.326172 0.601562 0.324219 0.599609 0.328125 0.595703
0 0.453125 0.597656 0.453125 0.601562 0.449219 0.601562 0.447266 0.599609 0.451172 0.595703
0 0.468750 0.597656 0.468750 0.601562 0.464844 0.601562 0.462891 0.599609 0.466797 0.595703
0 0.515625 0.597656 0.515625 0.601562 0.511719 0.601562 0.509766 0.599609 0.513672 0.595703
0 0.501953 0.601562 0.501953 0.605469 0.498047 0.605469 0.496094 0.603516 0.500000 0.599609
0 0.333984 0.603516 0.333984 0.607422 0.330078 0.607422 0.328125 0.605469 0.332031 0.601562
0 0.125000 0.605469 0.125000 0.609375 0.121094 0.609375 0.119141 0.607422 0.123047 0.603516
0 0.341797 0.605469 0.341797 0.609375 0.337891 0.609375 0.335938 0.607422 0.339844 0.603516
0 0.388672 0.605469 0.388672 0.609375 0.384766 0.609375 0.382812 0.607422 0.386719 0.603516
0 0.292969 0.607422 0.292969 0.611328 0.289062 0.611328 0.287109 0.609375 0.291016 0.605469
0 0.876953 0.607422 0.876953 0.611328 0.873047 0.611328 0.871094 0.609375 0.875000 0.605469
0 0.371094 0.611328 0.371094 0.615234 0.367188 0.615234 0.365234 0.613281 0.369141 0.609375
0 0.142578 0.617188 0.142578 0.621094 0.138672 0.621094 0.136719 0.619141 0.140625 0.615234
0 0.017578 0.621094 0.017578 0.625000 0.013672 0.625000 0.011719 0.623047 0.015625 0.619141
0 0.421875 0.621094 0.421875 0.625000 0.417969 0.625000 0.416016 0.623047 0.419922 0.619141
0 0.250000 0.623047 0.250000 0.626953 0.246094 0.626953 0.244141 0.625000 0.248047 0.621094
0 0.337891 0.632812 0.337891 0.636719 0.333984 0.636719 0.332031 0.634766 0.335938 0.630859
0 0.291016 0.634766 0.291016 0.638672 0.287109 0.638672 0.285156 0.636719 0.289062 0.632812
0 0.330078 0.636719 0.330078 0.640625 0.326172 0.640625 0.324219 0.638672 0.328125 0.634766
0 0.347656 0.636719 0.347656 0.640625 0.343750 0.640625 0.341797 0.638672 0.345703 0.634766
0 0.404297 0.636719 0.404297 0.640625 0.400391 0.640625 0.398438 0.638672 0.402344 0.634766
0 0.564453 0.636719 0.564453 0.640625 0.560547 0.640625 0.558594 0.638672 0.562500 0.634766
0 0.666016 0.636719 0.666016 0.640625 0.662109 0.640625 0.660156 0.638672 0.664062 0.634766
0 0.611328 0.638672 0.611328 0.642578 0.607422 0.642578 0.605469 0.640625 0.609375 0.636719
0 0.439453 0.644531 0.439453 0.648438 0.435547 0.648438 0.433594 0.646484 0.437500 0.642578
0 0.791016 0.648438 0.789062 0.648438 0.787109 0.650391 0.783203 0.650391 0.781250 0.648438 0.781250 0.642578 0.783203 0.640625 0.787109 0.640625 0.789062 0.642578 0.791016 0.642578
0 0.289062 0.646484 0.289062 0.650391 0.285156 0.650391 0.283203 0.648438 0.287109 0.644531
0 0.326172 0.646484 0.326172 0.650391 0.322266 0.650391 0.320312 0.648438 0.324219 0.644531
0 0.406250 0.648438 0.406250 0.652344 0.402344 0.652344 0.400391 0.650391 0.404297 0.646484
0 0.865234 0.648438 0.865234 0.652344 0.861328 0.652344 0.859375 0.650391 0.863281 0.646484
0 0.400391 0.652344 0.400391 0.656250 0.396484 0.656250 0.394531 0.654297 0.398438 0.650391
0 0.486328 0.652344 0.486328 0.656250 0.482422 0.656250 0.480469 0.654297 0.484375 0.650391
0 0.521484 0.652344 0.521484 0.656250 0.517578 0.656250 0.515625 0.654297 0.519531 0.650391
0 0.636719 0.652344 0.636719 0.656250 0.632812 0.656250 0.630859 0.654297 0.634766 0.650391
0 0.462891 0.654297 0.462891 0.658203 0.458984 0.658203 0.457031 0.656250 0.460938 0.652344
0 0.673828 0.654297 0.673828 0.658203 0.669922 0.658203 0.667969 0.656250 0.671875 0.652344
0 0.390625 0.656250 0.390625 0.660156 0.386719 0.660156 0.384766 0.658203 0.388672 0.654297
0 0.453125 0.660156 0.453125 0.664062 0.449219 0.664062 0.447266 0.662109 0.451172 0.658203
0 0.484375 0.664062 0.484375 0.667969 0.480469 0.667969 0.478516 0.666016 0.482422 0.662109
0 0.476562 0.666016 0.476562 0.669922 0.472656 0.669922 0.470703 0.667969 0.474609 0.664062
0 0.626953 0.666016 0.626953 0.669922 0.623047 0.669922 0.621094 0.667969 0.625000 0.664062
0 0.816406 0.667969 0.816406 0.671875 0.812500 0.671875 0.810547 0.669922 0.814453 0.666016
0 0.447266 0.671875 0.447266 0.675781 0.443359 0.675781 0.441406 0.673828 0.445312 0.669922
0 0.904297 0.677734 0.904297 0.681641 0.900391 0.681641 0.898438 0.679688 0.902344 0.675781
0 0.640625 0.679688 0.640625 0.683594 0.636719 0.683594 0.634766 0.681641 0.638672 0.677734
0 0.556641 0.683594 0.556641 0.687500 0.552734 0.687500 0.550781 0.685547 0.554688 0.681641
0 0.300781 0.685547 0.300781 0.689453 0.296875 0.689453 0.294922 0.687500 0.298828 0.683594
0 0.490234 0.685547 0.490234 0.689453 0.486328 0.689453 0.484375 0.687500 0.488281 0.683594
0 0.515625 0.687500 0.515625 0.691406 0.511719 0.691406 0.509766 0.689453 0.513672 0.685547
0 0.310547 0.689453 0.310547 0.693359 0.306641 0.693359 0.304688 0.691406 0.308594 0.687500
0 0.642578 0.699219 0.640625 0.699219 0.638672 0.701172 0.634766 0.701172 0.632812 0.699219 0.632812 0.693359 0.634766 0.691406 0.638672 0.691406 0.640625 0.693359 0.642578 0.693359
0 0.093750 0.697266 0.093750 0.701172 0.089844 0.701172 0.087891 0.699219 0.091797 0.695312
0 0.253906 0.697266 0.253906 0.701172 0.250000 0.701172 0.248047 0.699219 0.251953 0.695312
0 0.126953 0.699219 0.126953 0.703125 0.123047 0.703125 0.121094 0.701172 0.125000 0.697266
0 0.296875 0.699219 0.296875 0.703125 0.292969 0.703125 0.291016 0.701172 0.294922 0.697266
0 0.515625 0.699219 0.515625 0.703125 0.511719 0.703125 0.509766 0.701172 0.513672 0.697266
0 0.675781 0.699219 0.675781 0.703125 0.671875 0.703125 0.669922 0.701172 0.673828 0.697266
0 0.234375 0.703125 0.234375 0.707031 0.230469 0.707031 0.228516 0.705078 0.232422 0.701172
0 0.375000 0.708984 0.375000 0.712891 0.371094 0.712891 0.369141 0.710938 0.373047 0.707031
0 0.779297 0.708984 0.779297 0.712891 0.775391 0.712891 0.773438 0.710938 0.777344 0.707031
0 0.937500 0.708984 0.937500 0.712891 0.933594 0.712891 0.931641 0.710938 0.935547 0.707031
0 0.410156 0.710938 0.410156 0.714844 0.406250 0.714844 0.404297 0.712891 0.408203 0.708984
0 0.224609 0.712891 0.224609 0.716797 0.220703 0.716797 0.218750 0.714844 0.222656 0.710938
0 0.130859 0.714844 0.130859 0.718750 0.126953 0.718750 0.125000 0.716797 0.128906 0.712891
0 0.373047 0.714844 0.373047 0.718750 0.369141 0.718750 0.367188 0.716797 0.371094 0.712891
0 0.535156 0.714844 0.535156 0.718750 0.531250 0.718750 0.529297 0.716797 0.533203 0.712891
0 0.740234 0.714844 0.740234 0.718750 0.736328 0.718750 0.734375 0.716797 0.738281 0.712891
0 0.912109 0.714844 0.912109 0.718750 0.908203 0.718750 0.906250 0.716797 0.910156 0.712891
0 0.423828 0.716797 0.423828 0.720703 0.419922 0.720703 0.417969 0.718750 0.421875 0.714844
0 0.513672 0.716797 0.513672 0.720703 0.509766 0.720703 0.507812 0.718750 0.511719 0.714844
0 0.767578 0.716797 0.767578 0.720703 0.763672 0.720703 0.761719 0.718750 0.765625 0.714844
0 0.214844 0.720703 0.214844 0.724609 0.210938 0.724609 0.208984 0.722656 0.212891 0.718750
0 0.642578 0.720703 0.642578 0.724609 0.638672 0.724609 0.636719 0.722656 0.640625 0.718750
0 0.208984 0.726562 0.208984 0.730469 0.205078 0.730469 0.203125 0.728516 0.207031 0.724609
0 0.414062 0.726562 0.414062 0.730469 0.410156 0.730469 0.408203 0.728516 0.412109 0.724609
0 0.425781 0.726562 0.425781 0.730469 0.421875 0.730469 0.419922 0.728516 0.423828 0.724609
0 0.193359 0.728516 0.193359 0.732422 0.189453 0.732422 0.187500 0.730469 0.191406 0.726562
0 0.142578 0.730469 0.142578 0.734375 0.138672 0.734375 0.136719 0.732422 0.140625 0.728516
0 0.376953 0.730469 0.376953 0.734375 0.373047 0.734375 0.371094 0.732422 0.375000 0.728516
0 0.589844 0.730469 0.589844 0.734375 0.585938 0.734375 0.583984 0.732422 0.587891 0.728516
0 0.220703 0.732422 0.220703 0.736328 0.216797 0.736328 0.214844 0.734375 0.218750 0.730469
0 0.605469 0.732422 0.605469 0.736328 0.601562 0.736328 0.599609 0.734375 0.603516 0.730469
0 0.523438 0.734375 0.523438 0.738281 0.519531 0.738281 0.517578 0.736328 0.521484 0.732422
0 0.625000 0.736328 0.625000 0.740234 0.621094 0.740234 0.619141 0.738281 0.623047 0.734375
0 0.986328 0.738281 0.986328 0.742188 0.982422 0.742188 0.980469 0.740234 0.984375 0.736328
0 0.779297 0.746094 0.779297 0.750000 0.775391 0.750000 0.773438 0.748047 0.777344 0.744141
0 0.814453 0.748047 0.814453 0.751953 0.810547 0.751953 0.808594 0.750000 0.812500 0.746094
0 0.439453 0.750000 0.439453 0.753906 0.435547 0.753906 0.433594 0.751953 0.437500 0.748047
0 0.332031 0.757812 0.332031 0.761719 0.328125 0.761719 0.326172 0.759766 0.330078 0.755859
0 0.419922 0.761719 0.419922 0.765625 0.416016 0.765625 0.414062 0.763672 0.417969 0.759766
0 0.435547 0.761719 0.435547 0.765625 0.431641 0.765625 0.429688 0.763672 0.433594 0.759766
0 0.945312 0.761719 0.945312 0.765625 0.941406 0.765625 0.939453 0.763672 0.943359 0.759766
0 0.621094 0.763672 0.621094 0.767578 0.617188 0.767578 0.615234 0.765625 0.619141 0.761719
0 0.542969 0.765625 0.542969 0.769531 0.539062 0.769531 0.537109 0.767578 0.541016 0.763672
0 0.775391 0.765625 0.775391 0.769531 0.771484 0.769531 0.769531 0.767578 0.773438 0.763672
0 0.580078 0.769531 0.580078 0.773438 0.576172 0.773438 0.574219 0.771484 0.578125 0.767578
0 0.263672 0.773438 0.263672 0.777344 0.259766 0.777344 0.257812 0.775391 0.261719 0.771484
0 0.484375 0.773438 0.484375 0.777344 0.480469 0.777344 0.478516 0.775391 0.482422 0.771484
0 0.476562 0.777344 0.476562 0.781250 0.472656 0.781250 0.470703 0.779297 0.474609 0.775391
0 0.521484 0.777344 0.521484 0.781250 0.517578 0.781250 0.515625 0.779297 0.519531 0.775391
0 0.576172 0.777344 0.576172 0.781250 0.572266 0.781250 0.570312 0.779297 0.574219 0.775391
0 0.595703 0.777344 0.595703 0.781250 0.591797 0.781250 0.589844 0.779297 0.593750 0.775391
0 0.607422 0.777344 0.607422 0.781250 0.603516 0.781250 0.601562 0.779297 0.605469 0.775391
0 0.619141 0.777344 0.619141 0.781250 0.615234 0.781250 0.613281 0.779297 0.617188 0.775391
0 0.625000 0.777344 0.625000 0.781250 0.621094 0.781250 0.619141 0.779297 0.623047 0.775391
0 0.833984 0.777344 0.833984 0.781250 0.830078 0.781250 0.828125 0.779297 0.832031 0.775391
0 0.630859 0.781250 0.630859 0.785156 0.626953 0.785156 0.625000 0.783203 0.628906 0.779297
0 0.455078 0.789062 0.455078 0.792969 0.451172 0.792969 0.449219 0.791016 0.453125 0.787109
0 0.486328 0.792969 0.486328 0.796875 0.482422 0.796875 0.480469 0.794922 0.484375 0.791016
0 0.130859 0.794922 0.130859 0.798828 0.126953 0.798828 0.125000 0.796875 0.128906 0.792969
0 0.572266 0.796875 0.572266 0.800781 0.568359 0.800781 0.566406 0.798828 0.570312 0.794922
0 0.625000 0.798828 0.625000 0.802734 0.621094 0.802734 0.619141 0.800781 0.623047 0.796875
0 0.582031 0.800781 0.582031 0.804688 0.578125 0.804688 0.576172 0.802734 0.580078 0.798828
0 0.546875 0.802734 0.546875 0.806641 0.542969 0.806641 0.541016 0.804688 0.544922 0.800781
0 0.681641 0.802734 0.681641 0.806641 0.677734 0.806641 0.675781 0.804688 0.679688 0.800781
0 0.828125 0.808594 0.826172 0.808594 0.824219 0.810547 0.820312 0.810547 0.818359 0.808594 0.818359 0.802734 0.820312 0.800781 0.824219 0.800781 0.826172 0.802734 0.828125 0.802734
0 0.130859 0.806641 0.130859 0.810547 0.126953 0.810547 0.125000 0.808594 0.128906 0.804688
0 0.675781 0.808594 0.675781 0.812500 0.671875 0.812500 0.669922 0.810547 0.673828 0.806641
0 0.419922 0.810547 0.419922 0.814453 0.416016 0.814453 0.414062 0.812500 0.417969 0.808594
0 0.468750 0.810547 0.468750 0.814453 0.464844 0.814453 0.462891 0.812500 0.466797 0.808594
0 0.750000 0.812500 0.750000 0.816406 0.746094 0.816406 0.744141 0.814453 0.748047 0.810547
0 0.582031 0.814453 0.582031 0.818359 0.578125 0.818359 0.576172 0.816406 0.580078 0.812500
0 0.681641 0.816406 0.681641 0.820312 0.677734 0.820312 0.675781 0.818359 0.679688 0.814453
0 0.419922 0.820312 0.419922 0.824219 0.416016 0.824219 0.414062 0.822266 0.417969 0.818359
0 0.248047 0.824219 0.248047 0.828125 0.244141 0.828125 0.242188 0.826172 0.246094 0.822266
0 0.330078 0.824219 0.330078 0.828125 0.326172 0.828125 0.324219 0.826172 0.328125 0.822266
0 0.441406 0.824219 0.441406 0.828125 0.437500 0.828125 0.435547 0.826172 0.439453 0.822266
0 0.580078 0.824219 0.580078 0.828125 0.576172 0.828125 0.574219 0.826172 0.578125 0.822266
0 0.462891 0.828125 0.462891 0.832031 0.458984 0.832031 0.457031 0.830078 0.460938 0.826172
0 0.750000 0.830078 0.750000 0.833984 0.746094 0.833984 0.744141 0.832031 0.748047 0.828125
0 0.689453 0.833984 0.689453 0.837891 0.685547 0.837891 0.683594 0.835938 0.687500 0.832031
0 0.365234 0.835938 0.365234 0.839844 0.361328 0.839844 0.359375 0.837891 0.363281 0.833984
0 0.783203 0.837891 0.783203 0.841797 0.779297 0.841797 0.777344 0.839844 0.781250 0.835938
0 0.505859 0.839844 0.505859 0.843750 0.501953 0.843750 0.500000 0.841797 0.503906 0.837891
0 0.500000 0.841797 0.500000 0.845703 0.496094 0.845703 0.494141 0.843750 0.498047 0.839844
0 0.875000 0.841797 0.875000 0.845703 0.871094 0.845703 0.869141 0.843750 0.873047 0.839844
0 0.751953 0.843750 0.751953 0.847656 0.748047 0.847656 0.746094 0.845703 0.750000 0.841797
0 0.640625 0.849609 0.640625 0.853516 0.636719 0.853516 0.634766 0.851562 0.638672 0.847656
0 0.765625 0.851562 0.765625 0.855469 0.761719 0.855469 0.759766 0.853516 0.763672 0.849609
0 0.421875 0.855469 0.421875 0.859375 0.417969 0.859375 0.416016 0.857422 0.419922 0.853516
0 0.457031 0.855469 0.457031 0.859375 0.453125 0.859375 0.451172 0.857422 0.455078 0.853516
0 0.867188 0.855469 0.867188 0.859375 0.863281 0.859375 0.861328 0.857422 0.865234 0.853516
0 0.207031 0.857422 0.207031 0.861328 0.203125 0.861328 0.201172 0.859375 0.205078 0.855469
0 0.498047 0.857422 0.498047 0.861328 0.494141 0.861328 0.492188 0.859375 0.496094 0.855469
0 0.583984 0.861328 0.583984 0.865234 0.580078 0.865234 0.578125 0.863281 0.582031 0.859375
0 0.199219 0.863281 0.199219 0.867188 0.195312 0.867188 0.193359 0.865234 0.197266 0.861328
0 0.921875 0.863281 0.921875 0.867188 0.917969 0.867188 0.916016 0.865234 0.919922 0.861328
0 0.890625 0.869141 0.888672 0.869141 0.886719 0.871094 0.882812 0.871094 0.880859 0.869141 0.880859 0.863281 0.882812 0.861328 0.886719 0.861328 0.888672 0.863281 0.890625 0.863281
0 0.193359 0.871094 0.193359 0.875000 0.189453 0.875000 0.187500 0.873047 0.191406 0.869141
0 0.460938 0.871094 0.460938 0.875000 0.457031 0.875000 0.455078 0.873047 0.458984 0.869141
0 0.845703 0.871094 0.845703 0.875000 0.841797 0.875000 0.839844 0.873047 0.843750 0.869141
0 0.509766 0.873047 0.509766 0.876953 0.505859 0.876953 0.503906 0.875000 0.507812 0.871094
0 0.578125 0.873047 0.578125 0.876953 0.574219 0.876953 0.572266 0.875000 0.576172 0.871094
0 0.453125 0.880859 0.453125 0.884766 0.449219 0.884766 0.447266 0.882812 0.451172 0.878906
0 0.472656 0.884766 0.472656 0.888672 0.468750 0.888672 0.466797 0.886719 0.470703 0.882812
0 0.654297 0.884766 0.654297 0.888672 0.650391 0.888672 0.648438 0.886719 0.652344 0.882812
0 0.736328 0.884766 0.736328 0.888672 0.732422 0.888672 0.730469 0.886719 0.734375 0.882812
0 0.531250 0.886719 0.531250 0.890625 0.527344 0.890625 0.525391 0.888672 0.529297 0.884766
0 0.619141 0.886719 0.619141 0.890625 0.615234 0.890625 0.613281 0.888672 0.617188 0.884766
0 0.416016 0.888672 0.416016 0.892578 0.412109 0.892578 0.410156 0.890625 0.414062 0.886719
0 0.687500 0.888672 0.687500 0.892578 0.683594 0.892578 0.681641 0.890625 0.685547 0.886719
0 0.705078 0.890625 0.705078 0.894531 0.701172 0.894531 0.699219 0.892578 0.703125 0.888672
0 0.742188 0.898438 0.740234 0.898438 0.738281 0.900391 0.734375 0.900391 0.732422 0.898438 0.732422 0.892578 0.734375 0.890625 0.738281 0.890625 0.740234 0.892578 0.742188 0.892578
0 0.525391 0.900391 0.525391 0.904297 0.521484 0.904297 0.519531 0.902344 0.523438 0.898438
0 0.820312 0.900391 0.820312 0.904297 0.816406 0.904297 0.814453 0.902344 0.818359 0.898438
0 0.294922 0.902344 0.294922 0.906250 0.291016 0.906250 0.289062 0.904297 0.292969 0.900391
0 0.453125 0.902344 0.453125 0.906250 0.449219 0.906250 0.447266 0.904297 0.451172 0.900391
0 0.605469 0.904297 0.605469 0.908203 0.601562 0.908203 0.599609 0.906250 0.603516 0.902344
0 0.859375 0.904297 0.859375 0.908203 0.855469 0.908203 0.853516 0.906250 0.857422 0.902344
0 0.980469 0.910156 0.978516 0.910156 0.976562 0.912109 0.972656 0.912109 0.970703 0.910156 0.970703 0.904297 0.972656 0.902344 0.976562 0.902344 0.978516 0.904297 0.980469 0.904297
0 0.718750 0.910156 0.718750 0.914062 0.714844 0.914062 0.712891 0.912109 0.716797 0.908203
0 0.636719 0.916016 0.634766 0.916016 0.632812 0.917969 0.628906 0.917969 0.626953 0.916016 0.626953 0.910156 0.628906 0.908203 0.632812 0.908203 0.634766 0.910156 0.636719 0.910156
0 0.683594 0.914062 0.683594 0.917969 0.679688 0.917969 0.677734 0.916016 0.681641 0.912109
0 0.240234 0.917969 0.240234 0.921875 0.236328 0.921875 0.234375 0.919922 0.238281 0.916016
0 0.296875 0.917969 0.296875 0.921875 0.292969 0.921875 0.291016 0.919922 0.294922 0.916016
0 0.410156 0.921875 0.410156 0.925781 0.406250 0.925781 0.404297 0.923828 0.408203 0.919922
0 0.437500 0.933594 0.437500 0.937500 0.433594 0.937500 0.431641 0.935547 0.435547 0.931641
0 0.494141 0.935547 0.494141 0.939453 0.490234 0.939453 0.488281 0.937500 0.492188 0.933594
0 0.683594 0.941406 0.683594 0.945312 0.679688 0.945312 0.677734 0.943359 0.681641 0.939453
0 0.798828 0.945312 0.798828 0.949219 0.794922 0.949219 0.792969 0.947266 0.796875 0.943359
0 0.458984 0.949219 0.458984 0.953125 0.455078 0.953125 0.453125 0.951172 0.457031 0.947266
0 0.953125 0.949219 0.953125 0.953125 0.949219 0.953125 0.947266 0.951172 0.951172 0.947266
0 0.548828 0.953125 0.548828 0.957031 0.544922 0.957031 0.542969 0.955078 0.546875 0.951172
0 0.445312 0.957031 0.445312 0.960938 0.441406 0.960938 0.439453 0.958984 0.443359 0.955078
0 0.542969 0.958984 0.542969 0.962891 0.539062 0.962891 0.537109 0.960938 0.541016 0.957031
0 0.599609 0.958984 0.599609 0.962891 0.595703 0.962891 0.593750 0.960938 0.597656 0.957031
0 0.861328 0.960938 0.861328 0.964844 0.857422 0.964844 0.855469 0.962891 0.859375 0.958984
0 0.408203 0.964844 0.408203 0.968750 0.404297 0.968750 0.402344 0.966797 0.406250 0.962891
0 0.591797 0.964844 0.591797 0.968750 0.587891 0.968750 0.585938 0.966797 0.589844 0.962891
0 0.533203 0.980469 0.533203 0.984375 0.529297 0.984375 0.527344 0.982422 0.531250 0.978516
0 0.640625 0.980469 0.640625 0.984375 0.636719 0.984375 0.634766 0.982422 0.638672 0.978516
0 0.822266 0.980469 0.822266 0.984375 0.818359 0.984375 0.816406 0.982422 0.820312 0.978516
0 0.621094 0.984375 0.621094 0.988281 0.617188 0.988281 0.615234 0.986328 0.619141 0.982422
0 0.640625 0.988281 0.640625 0.992188 0.636719 0.992188 0.634766 0.990234 0.638672 0.986328
0 0.564453 0.994141 0.564453 0.998047 0.560547 0.998047 0.558594 0.996094 0.562500 0.992188
0 0.390625 0.996094 0.390625 0.998047 0.384766 0.998047 0.388672 0.994141
0 0.580078 0.996094 0.580078 0.998047 0.574219 0.998047 0.578125 0.994141
0 0.707031 0.998047 0.689453 0.998047 0.689453 0.994141 0.695312 0.988281 0.701172 0.988281 0.707031 0.994141
0 0.724609 0.998047 0.714844 0.998047 0.714844 0.994141 0.716797 0.992188 0.720703 0.992188 0.722656 0.994141 0.724609 0.994141
