0 0.103516 0.000000 0.101562 0.001953 0.101562 0.003906 0.103516 0.005859 0.105469 0.005859 0.107422 0.003906 0.107422 0.001953 0.105469 0.000000
0 0.835938 0.056641 0.833984 0.058594 0.833984 0.062500 0.835938 0.064453 0.839844 0.064453 0.841797 0.062500 0.841797 0.058594 0.839844 0.056641
0 0.871094 0.058594 0.869141 0.060547 0.873047 0.064453 0.875000 0.064453 0.876953 0.062500 0.876953 0.060547 0.875000 0.058594
0 0.412109 0.107422 0.412109 0.111328 0.414062 0.111328 0.414062 0.107422
1 0.000000 0.115234 0.000000 0.255859 0.001953 0.250000 0.005859 0.246094 0.007812 0.248047 0.005859 0.246094 0.007812 0.244141 0.007812 0.240234 0.009766 0.238281 0.009766 0.234375 0.011719 0.232422 0.011719 0.226562 0.013672 0.224609 0.013672 0.220703 0.015625 0.218750 0.015625 0.199219 0.017578 0.197266 0.017578 0.187500 0.019531 0.185547 0.017578 0.183594 0.017578 0.169922 0.019531 0.167969 0.021484 0.169922 0.017578 0.166016 0.017578 0.160156 0.015625 0.158203 0.015625 0.146484 0.013672 0.144531 0.013672 0.140625 0.011719 0.138672 0.011719 0.134766 0.009766 0.132812 0.009766 0.126953 0.007812 0.126953 0.005859 0.125000 0.003906 0.119141
1 0.384766 0.119141 0.378906 0.125000 0.378906 0.130859 0.380859 0.132812 0.384766 0.132812 0.388672 0.136719 0.388672 0.138672 0.384766 0.142578 0.384766 0.148438 0.382812 0.150391 0.382812 0.152344 0.386719 0.156250 0.388672 0.156250 0.392578 0.152344 0.394531 0.152344 0.398438 0.148438 0.398438 0.142578 0.394531 0.138672 0.392578 0.138672 0.386719 0.132812 0.390625 0.128906 0.390625 0.123047 0.386719 0.119141
0 0.464844 0.125000 0.462891 0.126953 0.464844 0.128906 0.466797 0.128906 0.468750 0.126953 0.466797 0.125000
0 0.419922 0.132812 0.417969 0.134766 0.417969 0.142578 0.421875 0.146484 0.423828 0.146484 0.425781 0.144531 0.427734 0.144531 0.427734 0.136719 0.423828 0.132812
0 0.365234 0.152344 0.359375 0.158203 0.359375 0.160156 0.363281 0.164062 0.363281 0.166016 0.365234 0.166016 0.369141 0.169922 0.375000 0.169922 0.378906 0.164062 0.378906 0.160156 0.376953 0.158203 0.376953 0.156250 0.373047 0.152344
0 0.361328 0.189453 0.359375 0.191406 0.359375 0.193359 0.361328 0.195312 0.363281 0.193359 0.363281 0.191406
0 0.851562 0.205078 0.851562 0.210938 0.853516 0.212891 0.855469 0.212891 0.857422 0.210938 0.857422 0.207031 0.855469 0.205078
0 0.347656 0.218750 0.345703 0.220703 0.345703 0.224609 0.347656 0.226562 0.349609 0.226562 0.351562 0.224609 0.351562 0.220703 0.349609 0.218750
0 0.281250 0.222656 0.275391 0.228516 0.275391 0.236328 0.281250 0.242188 0.281250 0.244141 0.283203 0.244141 0.285156 0.242188 0.291016 0.242188 0.294922 0.238281 0.294922 0.228516 0.289062 0.222656
0 0.373047 0.240234 0.373047 0.242188 0.371094 0.244141 0.371094 0.246094 0.373047 0.248047 0.380859 0.248047 0.380859 0.242188 0.378906 0.240234
0 0.312500 0.248047 0.312500 0.261719 0.314453 0.263672 0.322266 0.263672 0.324219 0.261719 0.324219 0.259766 0.326172 0.257812 0.326172 0.253906 0.322266 0.250000 0.316406 0.250000 0.314453 0.248047
0 0.357422 0.253906 0.357422 0.257812 0.359375 0.255859
0 0.380859 0.259766 0.376953 0.255859 0.373047 0.255859 0.367188 0.263672 0.361328 0.263672 0.357422 0.265625 0.347656 0.275391 0.355469 0.279297 0.357422 0.283203 0.361328 0.283203 0.363281 0.285156 0.375000 0.285156 0.378906 0.281250 0.378906 0.277344 0.380859 0.275391 0.378906 0.271484 0.378906 0.263672
0 0.007812 0.267578 0.005859 0.265625 0.003906 0.267578 0.003906 0.269531 0.007812 0.269531
0 0.585938 0.267578 0.583984 0.269531 0.583984 0.271484 0.585938 0.273438 0.587891 0.273438 0.589844 0.271484 0.589844 0.269531 0.587891 0.267578
0 0.494141 0.269531 0.492188 0.271484 0.492188 0.277344 0.494141 0.279297 0.496094 0.277344 0.496094 0.271484
0 0.523438 0.271484 0.521484 0.273438 0.521484 0.275391 0.523438 0.277344 0.525391 0.277344 0.527344 0.275391 0.527344 0.273438 0.525391 0.271484
0 0.500000 0.287109 0.496094 0.287109 0.494141 0.289062 0.494141 0.291016 0.498047 0.294922 0.501953 0.291016 0.501953 0.289062
0 0.462891 0.298828 0.458984 0.298828 0.455078 0.294922 0.451172 0.302734 0.447266 0.306641 0.443359 0.306641 0.437500 0.312500 0.435547 0.312500 0.433594 0.320312 0.439453 0.322266 0.443359 0.326172 0.449219 0.320312 0.453125 0.322266 0.458984 0.320312 0.458984 0.316406 0.466797 0.308594 0.466797 0.304688 0.462891 0.300781
0 0.267578 0.298828 0.263672 0.298828 0.261719 0.300781 0.261719 0.302734 0.265625 0.306641 0.269531 0.302734 0.269531 0.300781
0 0.425781 0.298828 0.421875 0.298828 0.421875 0.300781 0.423828 0.302734 0.425781 0.300781
0 0.488281 0.296875 0.488281 0.298828 0.490234 0.300781 0.492188 0.300781 0.494141 0.298828 0.494141 0.296875
0 0.277344 0.306641 0.273438 0.310547 0.273438 0.312500 0.275391 0.314453 0.277344 0.314453 0.279297 0.316406 0.281250 0.314453 0.281250 0.308594 0.279297 0.306641
0 0.476562 0.306641 0.472656 0.310547 0.474609 0.312500 0.474609 0.314453 0.476562 0.316406 0.482422 0.316406 0.484375 0.318359 0.486328 0.316406 0.486328 0.310547 0.482422 0.306641
0 0.533203 0.306641 0.531250 0.308594 0.531250 0.310547 0.533203 0.312500 0.537109 0.312500 0.539062 0.310547 0.539062 0.308594 0.537109 0.306641
0 0.341797 0.310547 0.335938 0.316406 0.335938 0.326172 0.339844 0.330078 0.341797 0.330078 0.343750 0.332031 0.347656 0.332031 0.353516 0.328125 0.353516 0.324219 0.357422 0.320312 0.355469 0.320312 0.353516 0.318359 0.353516 0.314453 0.351562 0.312500 0.349609 0.312500 0.347656 0.310547
0 0.238281 0.312500 0.236328 0.314453 0.234375 0.314453 0.234375 0.316406 0.236328 0.318359 0.238281 0.318359 0.238281 0.316406 0.236328 0.314453
0 0.199219 0.320312 0.197266 0.322266 0.199219 0.324219 0.201172 0.322266
0 0.285156 0.324219 0.283203 0.326172 0.281250 0.326172 0.281250 0.328125 0.283203 0.330078 0.285156 0.330078 0.285156 0.328125 0.287109 0.326172
0 0.072266 0.335938 0.078125 0.335938 0.080078 0.333984 0.078125 0.332031 0.074219 0.332031 0.074219 0.333984
0 0.423828 0.337891 0.421875 0.339844 0.421875 0.343750 0.417969 0.347656 0.417969 0.349609 0.421875 0.353516 0.427734 0.353516 0.429688 0.355469 0.429688 0.353516 0.431641 0.351562 0.433594 0.351562 0.433594 0.349609 0.435547 0.347656 0.435547 0.341797 0.431641 0.337891
0 0.703125 0.349609 0.703125 0.357422 0.707031 0.361328 0.712891 0.361328 0.714844 0.359375 0.714844 0.355469 0.712891 0.353516 0.712891 0.351562 0.710938 0.349609
0 0.298828 0.353516 0.298828 0.355469 0.296875 0.357422 0.300781 0.357422 0.298828 0.355469
0 0.503906 0.351562 0.503906 0.353516 0.505859 0.355469 0.507812 0.355469 0.509766 0.353516 0.507812 0.351562
0 0.136719 0.355469 0.134766 0.355469 0.130859 0.359375 0.128906 0.359375 0.125000 0.363281 0.125000 0.369141 0.128906 0.373047 0.130859 0.373047 0.136719 0.367188 0.136719 0.365234 0.138672 0.363281 0.138672 0.361328 0.140625 0.359375
1 0.146484 0.361328 0.146484 0.363281 0.150391 0.367188 0.152344 0.367188 0.154297 0.365234 0.156250 0.367188 0.158203 0.367188 0.158203 0.365234 0.160156 0.363281 0.158203 0.361328 0.156250 0.361328 0.154297 0.363281 0.152344 0.363281 0.150391 0.361328
1 0.300781 0.361328 0.296875 0.361328 0.294922 0.363281 0.292969 0.363281 0.292969 0.365234 0.294922 0.365234 0.296875 0.363281 0.298828 0.365234 0.300781 0.363281
0 0.476562 0.361328 0.478516 0.363281 0.482422 0.363281 0.482422 0.361328 0.480469 0.359375 0.478516 0.359375
0 0.251953 0.363281 0.251953 0.365234 0.250000 0.367188 0.250000 0.376953 0.251953 0.378906 0.255859 0.378906 0.259766 0.375000 0.259766 0.365234 0.257812 0.363281
0 0.404297 0.369141 0.400391 0.365234 0.398438 0.365234 0.396484 0.367188 0.394531 0.367188 0.394531 0.369141 0.390625 0.373047 0.390625 0.375000 0.400391 0.375000 0.402344 0.373047 0.404297 0.373047 0.402344 0.371094
0 0.308594 0.373047 0.308594 0.375000 0.312500 0.378906 0.320312 0.378906 0.322266 0.376953 0.322266 0.373047 0.318359 0.369141 0.312500 0.369141
0 0.550781 0.371094 0.548828 0.369141 0.546875 0.369141 0.544922 0.371094 0.544922 0.373047 0.548828 0.373047
0 0.460938 0.376953 0.460938 0.380859 0.462891 0.382812 0.464844 0.382812 0.466797 0.384766 0.468750 0.384766 0.472656 0.380859 0.472656 0.376953 0.470703 0.375000 0.464844 0.375000 0.462891 0.376953
0 0.515625 0.375000 0.513672 0.376953 0.513672 0.380859 0.515625 0.382812 0.517578 0.382812 0.519531 0.380859 0.519531 0.378906 0.521484 0.376953 0.519531 0.376953 0.517578 0.375000
0 0.476562 0.382812 0.476562 0.384766 0.478516 0.386719 0.478516 0.388672 0.482422 0.388672 0.484375 0.386719 0.486328 0.388672 0.484375 0.386719 0.484375 0.384766 0.480469 0.380859 0.478516 0.380859
0 0.185547 0.384766 0.181641 0.388672 0.181641 0.392578 0.183594 0.392578 0.185547 0.394531 0.187500 0.394531 0.187500 0.392578 0.189453 0.390625 0.189453 0.388672
0 0.394531 0.382812 0.392578 0.384766 0.392578 0.386719 0.394531 0.388672 0.398438 0.388672 0.398438 0.382812
0 0.884766 0.386719 0.882812 0.384766 0.878906 0.384766 0.876953 0.382812 0.873047 0.386719 0.873047 0.388672 0.867188 0.394531 0.865234 0.394531 0.869141 0.394531 0.871094 0.392578 0.875000 0.396484 0.880859 0.396484 0.884766 0.392578
1 0.304688 0.400391 0.298828 0.394531 0.296875 0.394531 0.294922 0.396484 0.294922 0.400391 0.291016 0.404297 0.287109 0.404297 0.283203 0.408203 0.287109 0.412109 0.289062 0.412109 0.294922 0.406250 0.294922 0.404297 0.296875 0.402344 0.298828 0.404297 0.300781 0.404297
0 0.492188 0.398438 0.490234 0.400391 0.492188 0.402344 0.494141 0.400391
0 0.525391 0.417969 0.523438 0.419922 0.523438 0.423828 0.525391 0.425781 0.525391 0.427734 0.527344 0.429688 0.533203 0.429688 0.537109 0.425781 0.537109 0.421875 0.535156 0.419922 0.535156 0.417969
0 0.267578 0.423828 0.267578 0.427734 0.269531 0.429688 0.273438 0.429688 0.273438 0.427734 0.275391 0.425781 0.273438 0.423828
0 0.488281 0.421875 0.488281 0.423828 0.486328 0.425781 0.488281 0.427734 0.490234 0.427734 0.492188 0.425781 0.492188 0.423828 0.490234 0.421875
0 0.873047 0.421875 0.871094 0.423828 0.871094 0.429688 0.873047 0.431641 0.880859 0.431641 0.882812 0.429688 0.882812 0.425781 0.880859 0.423828 0.880859 0.421875
0 0.902344 0.423828 0.900391 0.425781 0.900391 0.429688 0.902344 0.431641 0.908203 0.431641 0.910156 0.429688 0.910156 0.427734 0.906250 0.423828
0 0.193359 0.427734 0.191406 0.429688 0.191406 0.439453 0.193359 0.441406 0.193359 0.443359 0.195312 0.443359 0.197266 0.445312 0.203125 0.445312 0.205078 0.443359 0.205078 0.431641 0.201172 0.427734
0 0.386719 0.425781 0.384766 0.425781 0.382812 0.427734 0.382812 0.431641 0.384766 0.433594 0.388672 0.429688 0.388672 0.427734
0 0.650391 0.425781 0.648438 0.427734 0.650391 0.429688 0.652344 0.427734
0 0.097656 0.435547 0.097656 0.437500 0.093750 0.443359 0.093750 0.449219 0.095703 0.451172 0.097656 0.451172 0.101562 0.455078 0.105469 0.455078 0.107422 0.453125 0.107422 0.449219 0.105469 0.447266 0.105469 0.437500 0.103516 0.435547
0 0.306641 0.435547 0.302734 0.439453 0.300781 0.445312 0.310547 0.458984 0.312500 0.458984 0.316406 0.462891 0.324219 0.462891 0.330078 0.457031 0.330078 0.445312 0.328125 0.441406 0.326172 0.441406 0.316406 0.433594 0.310547 0.433594
0 0.980469 0.433594 0.978516 0.435547 0.976562 0.435547 0.976562 0.439453 0.980469 0.443359 0.982422 0.441406 0.982422 0.435547
0 0.083984 0.443359 0.082031 0.441406 0.076172 0.441406 0.074219 0.443359 0.072266 0.443359 0.070312 0.445312 0.070312 0.451172 0.072266 0.453125 0.080078 0.453125 0.083984 0.449219
1 0.125000 0.447266 0.128906 0.451172 0.130859 0.451172 0.132812 0.453125 0.134766 0.451172 0.136719 0.453125 0.140625 0.453125 0.142578 0.451172 0.144531 0.451172 0.150391 0.457031 0.152344 0.455078 0.152344 0.453125 0.150391 0.451172 0.146484 0.451172 0.144531 0.449219 0.142578 0.449219 0.134766 0.441406 0.132812 0.443359 0.128906 0.443359
0 0.449219 0.451172 0.445312 0.447266 0.445312 0.445312 0.441406 0.441406 0.435547 0.447266 0.435547 0.449219 0.433594 0.451172 0.431641 0.451172 0.431641 0.453125 0.429688 0.455078 0.429688 0.457031 0.431641 0.457031 0.433594 0.458984 0.437500 0.458984 0.439453 0.457031 0.445312 0.457031 0.449219 0.453125
0 0.583984 0.445312 0.580078 0.445312 0.580078 0.447266 0.582031 0.449219 0.583984 0.447266
0 0.357422 0.449219 0.355469 0.451172 0.355469 0.455078 0.357422 0.457031 0.363281 0.457031 0.365234 0.455078 0.365234 0.453125 0.361328 0.449219
1 0.386719 0.457031 0.388672 0.458984 0.388672 0.462891 0.392578 0.462891 0.396484 0.466797 0.396484 0.470703 0.400391 0.474609 0.400391 0.476562 0.406250 0.482422 0.417969 0.482422 0.419922 0.480469 0.421875 0.482422 0.421875 0.476562 0.419922 0.474609 0.419922 0.470703 0.417969 0.468750 0.417969 0.466797 0.414062 0.462891 0.414062 0.460938 0.412109 0.460938 0.406250 0.455078 0.404297 0.455078 0.398438 0.449219 0.396484 0.449219 0.392578 0.453125 0.390625 0.453125
0 0.458984 0.449219 0.457031 0.451172 0.457031 0.455078 0.458984 0.457031 0.460938 0.455078 0.460938 0.451172
0 0.484375 0.451172 0.482422 0.451172 0.480469 0.453125 0.480469 0.455078 0.482422 0.457031 0.484375 0.455078 0.486328 0.455078 0.486328 0.453125
0 0.179688 0.455078 0.177734 0.457031 0.177734 0.458984 0.179688 0.460938 0.181641 0.460938 0.183594 0.458984 0.183594 0.457031 0.181641 0.455078
0 0.373047 0.453125 0.371094 0.455078 0.371094 0.460938 0.373047 0.462891 0.373047 0.464844 0.375000 0.466797 0.378906 0.466797 0.382812 0.462891 0.382812 0.460938 0.380859 0.458984 0.380859 0.457031 0.376953 0.453125
0 0.496094 0.453125 0.496094 0.457031 0.498047 0.458984 0.500000 0.457031 0.500000 0.455078 0.498047 0.453125
0 0.978516 0.453125 0.978516 0.455078 0.976562 0.457031 0.978516 0.458984 0.982422 0.458984 0.982422 0.457031
0 0.441406 0.464844 0.439453 0.466797 0.439453 0.470703 0.441406 0.472656 0.447266 0.472656 0.449219 0.470703 0.449219 0.468750 0.447266 0.466797 0.443359 0.466797
0 0.597656 0.464844 0.595703 0.464844 0.593750 0.466797 0.595703 0.468750 0.595703 0.470703 0.597656 0.468750
1 0.285156 0.474609 0.285156 0.476562 0.287109 0.476562 0.289062 0.478516 0.289062 0.484375 0.291016 0.486328 0.291016 0.488281 0.294922 0.488281 0.304688 0.498047 0.304688 0.500000 0.306641 0.501953 0.312500 0.496094 0.314453 0.498047 0.316406 0.496094 0.318359 0.496094 0.322266 0.492188 0.322266 0.486328 0.318359 0.486328 0.316406 0.488281 0.312500 0.488281 0.310547 0.486328 0.302734 0.486328 0.298828 0.490234 0.296875 0.490234 0.292969 0.486328 0.292969 0.482422 0.287109 0.476562 0.287109 0.474609
0 0.705078 0.480469 0.701172 0.484375 0.701172 0.488281 0.705078 0.492188 0.710938 0.492188 0.714844 0.488281 0.714844 0.482422 0.712891 0.482422 0.710938 0.480469
0 0.222656 0.484375 0.222656 0.486328 0.220703 0.488281 0.220703 0.490234 0.230469 0.500000 0.228516 0.501953 0.230469 0.503906 0.232422 0.501953 0.232422 0.498047 0.236328 0.494141 0.236328 0.490234 0.232422 0.486328 0.230469 0.486328 0.228516 0.484375
0 0.621094 0.484375 0.621094 0.486328 0.623047 0.488281 0.623047 0.484375
0 0.480469 0.488281 0.478516 0.490234 0.478516 0.494141 0.480469 0.496094 0.482422 0.496094 0.484375 0.494141 0.484375 0.490234 0.482422 0.488281
0 0.890625 0.494141 0.886719 0.498047 0.886719 0.500000 0.890625 0.503906 0.894531 0.503906 0.898438 0.500000 0.898438 0.496094 0.896484 0.494141
0 0.283203 0.498047 0.281250 0.500000 0.281250 0.507812 0.283203 0.509766 0.287109 0.509766 0.287109 0.507812 0.289062 0.505859 0.289062 0.501953 0.285156 0.498047
0 0.166016 0.503906 0.166016 0.507812 0.167969 0.509766 0.169922 0.509766 0.171875 0.511719 0.173828 0.509766 0.175781 0.509766 0.175781 0.505859 0.171875 0.501953 0.167969 0.501953
0 0.835938 0.501953 0.833984 0.501953 0.832031 0.503906 0.828125 0.503906 0.822266 0.509766 0.822266 0.515625 0.828125 0.521484 0.832031 0.521484 0.835938 0.517578 0.837891 0.517578 0.839844 0.515625 0.839844 0.511719 0.841797 0.509766 0.841797 0.507812
0 0.935547 0.501953 0.933594 0.503906 0.933594 0.507812 0.937500 0.511719 0.939453 0.511719 0.941406 0.509766 0.941406 0.507812 0.943359 0.505859 0.943359 0.503906 0.941406 0.501953
1 0.535156 0.505859 0.535156 0.507812 0.533203 0.509766 0.535156 0.511719 0.535156 0.515625 0.537109 0.517578 0.535156 0.519531 0.537109 0.521484 0.539062 0.519531 0.539062 0.515625 0.535156 0.511719 0.535156 0.507812 0.537109 0.505859
0 0.578125 0.505859 0.574219 0.509766 0.574219 0.511719 0.578125 0.515625 0.583984 0.515625 0.585938 0.513672 0.585938 0.509766 0.583984 0.509766 0.582031 0.507812 0.580078 0.507812
0 0.742188 0.505859 0.734375 0.511719 0.728516 0.511719 0.728516 0.513672 0.734375 0.517578 0.732422 0.519531 0.734375 0.525391 0.726562 0.531250 0.722656 0.537109 0.726562 0.544922 0.730469 0.544922 0.734375 0.541016 0.736328 0.535156 0.734375 0.533203 0.738281 0.529297 0.748047 0.529297 0.755859 0.519531 0.755859 0.517578
0 0.416016 0.507812 0.414062 0.509766 0.416016 0.511719 0.417969 0.511719 0.417969 0.509766
0 0.806641 0.509766 0.804688 0.509766 0.800781 0.513672 0.800781 0.515625 0.802734 0.517578 0.804688 0.517578 0.808594 0.513672 0.808594 0.511719
0 0.955078 0.509766 0.951172 0.513672 0.951172 0.515625 0.953125 0.515625 0.955078 0.517578 0.957031 0.517578 0.958984 0.515625 0.958984 0.513672 0.957031 0.511719 0.957031 0.509766
0 0.294922 0.513672 0.292969 0.513672 0.292969 0.515625 0.291016 0.517578 0.289062 0.515625 0.287109 0.515625 0.287109 0.521484 0.291016 0.521484 0.291016 0.517578
0 0.337891 0.513672 0.333984 0.513672 0.332031 0.515625 0.332031 0.517578 0.333984 0.519531 0.335938 0.519531 0.335938 0.515625
0 0.123047 0.515625 0.121094 0.517578 0.121094 0.521484 0.123047 0.523438 0.126953 0.523438 0.128906 0.521484 0.128906 0.519531 0.126953 0.517578 0.126953 0.515625
1 0.416016 0.517578 0.416016 0.519531 0.419922 0.523438 0.421875 0.523438
0 0.568359 0.517578 0.566406 0.517578 0.564453 0.519531 0.564453 0.521484 0.562500 0.523438 0.562500 0.525391 0.564453 0.527344 0.568359 0.527344 0.570312 0.525391 0.572266 0.525391 0.572266 0.521484
0 0.623047 0.515625 0.621094 0.515625 0.619141 0.517578 0.617188 0.517578 0.617188 0.523438 0.619141 0.525391 0.623047 0.525391 0.625000 0.523438 0.625000 0.519531 0.623047 0.517578
0 0.298828 0.521484 0.300781 0.523438 0.302734 0.523438 0.302734 0.521484 0.304688 0.519531 0.298828 0.519531
1 0.425781 0.521484 0.427734 0.521484 0.429688 0.523438 0.433594 0.523438 0.431641 0.521484
0 0.501953 0.523438 0.500000 0.521484 0.498047 0.521484 0.496094 0.523438 0.496094 0.527344 0.500000 0.527344 0.501953 0.525391
0 0.636719 0.519531 0.636719 0.521484 0.638672 0.523438 0.640625 0.523438 0.642578 0.521484 0.640625 0.519531
0 0.933594 0.519531 0.929688 0.523438 0.929688 0.531250 0.933594 0.535156 0.941406 0.535156 0.943359 0.533203 0.943359 0.531250 0.945312 0.529297 0.945312 0.523438 0.941406 0.519531
0 0.525391 0.531250 0.523438 0.533203 0.521484 0.533203 0.521484 0.535156 0.519531 0.537109 0.521484 0.539062 0.523438 0.539062 0.525391 0.541016 0.527344 0.541016 0.529297 0.539062 0.529297 0.535156 0.531250 0.533203 0.529297 0.533203 0.527344 0.531250
0 0.445312 0.535156 0.441406 0.535156 0.441406 0.537109 0.443359 0.539062 0.445312 0.537109
0 0.328125 0.541016 0.330078 0.542969 0.332031 0.542969 0.333984 0.541016 0.335938 0.541016 0.333984 0.539062 0.330078 0.539062
1 0.505859 0.539062 0.503906 0.541016 0.503906 0.544922 0.505859 0.546875 0.505859 0.550781 0.507812 0.552734 0.509766 0.550781 0.509766 0.541016 0.507812 0.539062
0 0.761719 0.544922 0.757812 0.548828 0.757812 0.556641 0.761719 0.560547 0.765625 0.560547 0.767578 0.558594 0.769531 0.558594 0.771484 0.556641 0.771484 0.548828 0.769531 0.546875 0.767578 0.546875 0.765625 0.544922
1 0.945312 0.544922 0.943359 0.544922 0.941406 0.546875 0.941406 0.552734 0.943359 0.554688 0.943359 0.556641 0.939453 0.560547 0.937500 0.560547 0.931641 0.566406 0.935547 0.570312 0.941406 0.570312 0.945312 0.566406 0.947266 0.568359 0.947266 0.562500 0.945312 0.562500 0.943359 0.560547 0.943359 0.556641 0.949219 0.550781 0.949219 0.548828
1 0.212891 0.552734 0.212891 0.556641 0.220703 0.556641 0.218750 0.554688 0.216797 0.554688 0.214844 0.552734
0 0.568359 0.550781 0.564453 0.550781 0.562500 0.552734 0.564453 0.554688 0.566406 0.554688 0.568359 0.552734
0 0.896484 0.550781 0.888672 0.550781 0.884766 0.556641 0.884766 0.564453 0.888672 0.570312 0.900391 0.566406 0.904297 0.560547
0 0.916016 0.554688 0.912109 0.554688 0.910156 0.556641 0.908203 0.556641 0.908203 0.560547 0.910156 0.562500 0.910156 0.564453 0.912109 0.566406 0.910156 0.568359 0.914062 0.564453 0.916016 0.564453 0.917969 0.562500 0.917969 0.556641
0 0.972656 0.556641 0.970703 0.558594 0.966797 0.558594 0.966797 0.560547 0.964844 0.562500 0.966797 0.564453 0.966797 0.570312 0.970703 0.574219 0.972656 0.574219 0.974609 0.572266 0.978516 0.572266 0.982422 0.566406 0.982422 0.562500 0.978516 0.558594 0.974609 0.558594
0 0.451172 0.560547 0.445312 0.560547 0.443359 0.562500 0.441406 0.562500 0.441406 0.564453 0.445312 0.568359 0.447266 0.568359 0.449219 0.566406 0.449219 0.562500
0 0.462891 0.558594 0.460938 0.560547 0.462891 0.562500 0.464844 0.562500 0.466797 0.560547 0.464844 0.558594
0 0.599609 0.560547 0.597656 0.564453 0.597656 0.572266 0.599609 0.576172 0.609375 0.585938 0.613281 0.585938 0.617188 0.587891 0.625000 0.580078 0.625000 0.576172 0.621094 0.568359 0.611328 0.558594 0.603516 0.558594
0 0.640625 0.564453 0.638672 0.564453 0.636719 0.566406 0.634766 0.566406 0.632812 0.568359 0.632812 0.576172 0.634766 0.578125 0.632812 0.580078 0.634766 0.578125 0.642578 0.578125 0.642578 0.576172 0.644531 0.574219 0.644531 0.568359
0 0.291016 0.572266 0.287109 0.572266 0.287109 0.576172 0.289062 0.578125 0.291016 0.576172
0 0.519531 0.574219 0.517578 0.572266 0.515625 0.572266 0.515625 0.574219 0.513672 0.576172 0.515625 0.574219 0.517578 0.576172
0 0.527344 0.574219 0.527344 0.578125 0.529297 0.580078 0.539062 0.580078 0.539062 0.578125 0.541016 0.576172 0.535156 0.570312 0.533203 0.570312 0.531250 0.572266 0.529297 0.572266
1 0.560547 0.572266 0.558594 0.570312 0.558594 0.572266 0.556641 0.574219 0.554688 0.574219 0.552734 0.572266 0.550781 0.574219 0.548828 0.574219 0.546875 0.576172 0.544922 0.576172 0.548828 0.580078 0.554688 0.580078 0.558594 0.576172 0.558594 0.574219
0 0.826172 0.572266 0.822266 0.576172 0.820312 0.576172 0.820312 0.578125 0.816406 0.583984 0.816406 0.587891 0.818359 0.589844 0.816406 0.591797 0.818359 0.591797 0.822266 0.595703 0.832031 0.595703 0.833984 0.593750 0.833984 0.591797 0.837891 0.587891 0.837891 0.578125 0.833984 0.574219 0.828125 0.574219
0 0.369141 0.580078 0.369141 0.587891 0.371094 0.589844 0.375000 0.585938 0.376953 0.585938 0.376953 0.582031 0.371094 0.582031
0 0.935547 0.580078 0.933594 0.582031 0.931641 0.582031 0.931641 0.583984 0.933594 0.585938 0.935547 0.585938 0.937500 0.583984 0.937500 0.582031
0 0.560547 0.583984 0.560547 0.587891 0.564453 0.587891 0.566406 0.585938 0.566406 0.583984
0 0.451172 0.587891 0.455078 0.591797 0.457031 0.591797 0.457031 0.587891
0 0.595703 0.589844 0.589844 0.595703 0.591797 0.597656 0.593750 0.595703 0.595703 0.597656 0.595703 0.595703 0.597656 0.593750 0.597656 0.591797
0 0.503906 0.599609 0.501953 0.601562 0.501953 0.605469 0.505859 0.611328 0.503906 0.613281 0.503906 0.621094 0.509766 0.626953 0.517578 0.626953 0.523438 0.621094 0.523438 0.615234 0.519531 0.609375 0.509766 0.609375 0.505859 0.605469 0.507812 0.603516 0.507812 0.601562 0.505859 0.601562
0 0.906250 0.597656 0.902344 0.601562 0.902344 0.603516 0.900391 0.605469 0.900391 0.613281 0.904297 0.617188 0.908203 0.617188 0.912109 0.613281 0.912109 0.611328 0.914062 0.609375 0.914062 0.603516 0.912109 0.601562 0.910156 0.601562
0 0.923828 0.599609 0.919922 0.603516 0.921875 0.605469 0.921875 0.607422 0.923828 0.605469 0.925781 0.605469 0.925781 0.603516 0.923828 0.601562
0 0.976562 0.601562 0.976562 0.607422 0.978516 0.607422 0.984375 0.613281 0.988281 0.613281 0.994141 0.607422 0.992188 0.605469 0.994141 0.603516 0.992188 0.603516 0.988281 0.599609 0.982422 0.599609 0.980469 0.601562 0.978516 0.599609
0 0.939453 0.615234 0.937500 0.617188 0.937500 0.625000 0.939453 0.626953 0.947266 0.626953 0.949219 0.625000 0.949219 0.619141 0.945312 0.615234
0 0.875000 0.619141 0.873047 0.621094 0.875000 0.623047 0.876953 0.623047 0.878906 0.621094 0.876953 0.619141
1 0.244141 0.623047 0.242188 0.625000 0.242188 0.630859 0.244141 0.632812 0.248047 0.632812 0.251953 0.636719 0.253906 0.636719 0.253906 0.634766 0.255859 0.632812 0.251953 0.632812 0.248047 0.628906 0.248047 0.625000 0.246094 0.623047
1 0.718750 0.623047 0.714844 0.626953 0.714844 0.636719 0.708984 0.642578 0.710938 0.644531 0.708984 0.646484 0.708984 0.650391 0.712891 0.656250 0.718750 0.658203 0.722656 0.662109 0.722656 0.669922 0.720703 0.671875 0.724609 0.677734 0.722656 0.681641 0.724609 0.683594 0.714844 0.695312 0.714844 0.703125 0.722656 0.707031 0.726562 0.703125 0.726562 0.697266 0.732422 0.691406 0.734375 0.693359 0.740234 0.693359 0.746094 0.689453 0.746094 0.681641 0.738281 0.673828 0.738281 0.660156 0.728516 0.658203 0.724609 0.654297 0.724609 0.644531 0.720703 0.636719 0.724609 0.632812 0.724609 0.626953
0 0.500000 0.626953 0.498047 0.626953 0.498047 0.628906 0.496094 0.630859 0.498047 0.632812 0.500000 0.630859 0.501953 0.630859 0.501953 0.628906
0 0.845703 0.625000 0.843750 0.625000 0.841797 0.626953 0.843750 0.628906 0.843750 0.630859 0.845703 0.628906
0 0.765625 0.630859 0.763672 0.632812 0.763672 0.638672 0.769531 0.644531 0.773438 0.644531 0.775391 0.642578 0.775391 0.640625 0.777344 0.638672 0.775391 0.636719 0.775391 0.632812 0.773438 0.630859
0 0.644531 0.632812 0.642578 0.634766 0.642578 0.636719 0.644531 0.638672 0.648438 0.638672 0.650391 0.636719 0.650391 0.632812
0 0.968750 0.632812 0.966797 0.634766 0.966797 0.638672 0.968750 0.640625 0.972656 0.640625 0.974609 0.638672 0.974609 0.634766 0.972656 0.632812
0 0.501953 0.642578 0.501953 0.652344 0.503906 0.654297 0.513672 0.654297 0.519531 0.648438 0.521484 0.648438 0.523438 0.650391 0.523438 0.652344 0.525391 0.652344 0.525391 0.650391 0.523438 0.650391 0.517578 0.644531 0.517578 0.642578 0.513672 0.638672 0.505859 0.638672
0 0.277344 0.642578 0.277344 0.644531 0.281250 0.648438 0.283203 0.646484 0.285156 0.646484 0.287109 0.644531 0.287109 0.642578 0.285156 0.640625 0.279297 0.640625
0 0.833984 0.654297 0.828125 0.660156 0.828125 0.664062 0.830078 0.666016 0.830078 0.671875 0.832031 0.673828 0.841797 0.673828 0.845703 0.667969 0.845703 0.658203 0.841797 0.654297
0 0.664062 0.658203 0.662109 0.660156 0.662109 0.664062 0.666016 0.667969 0.667969 0.667969 0.667969 0.666016 0.669922 0.664062 0.669922 0.660156 0.667969 0.658203
0 0.892578 0.660156 0.892578 0.662109 0.894531 0.664062 0.894531 0.667969 0.892578 0.669922 0.894531 0.671875 0.904297 0.671875 0.906250 0.669922 0.908203 0.669922 0.906250 0.667969 0.908203 0.666016 0.908203 0.662109 0.906250 0.660156 0.902344 0.660156 0.900391 0.662109 0.896484 0.658203 0.894531 0.658203
0 0.292969 0.667969 0.291016 0.669922 0.292969 0.671875 0.292969 0.673828 0.291016 0.675781 0.291016 0.677734 0.285156 0.683594 0.285156 0.685547 0.289062 0.689453 0.296875 0.689453 0.300781 0.685547 0.300781 0.683594 0.302734 0.681641 0.302734 0.677734 0.300781 0.675781 0.298828 0.675781 0.294922 0.671875 0.294922 0.669922
0 0.621094 0.667969 0.611328 0.673828 0.603516 0.693359 0.601562 0.707031 0.607422 0.707031 0.615234 0.712891 0.632812 0.718750 0.642578 0.716797 0.654297 0.705078 0.656250 0.687500 0.644531 0.673828
0 0.681641 0.681641 0.679688 0.683594 0.679688 0.685547 0.681641 0.687500 0.683594 0.687500 0.685547 0.685547 0.685547 0.683594 0.683594 0.681641
0 0.097656 0.685547 0.095703 0.687500 0.093750 0.685547 0.093750 0.687500 0.091797 0.689453 0.091797 0.691406 0.093750 0.693359 0.095703 0.693359 0.099609 0.689453 0.097656 0.687500
0 0.835938 0.685547 0.835938 0.693359 0.841797 0.699219 0.841797 0.701172 0.843750 0.703125 0.845703 0.703125 0.849609 0.707031 0.851562 0.707031 0.853516 0.708984 0.855469 0.708984 0.857422 0.707031 0.859375 0.707031 0.859375 0.705078 0.861328 0.703125 0.861328 0.701172 0.855469 0.695312 0.855469 0.693359 0.851562 0.689453 0.851562 0.687500 0.847656 0.683594 0.839844 0.683594 0.837891 0.685547
0 0.455078 0.691406 0.455078 0.693359 0.457031 0.695312 0.457031 0.697266 0.458984 0.699219 0.460938 0.699219 0.462891 0.697266 0.466797 0.697266 0.470703 0.693359 0.470703 0.691406 0.466797 0.687500 0.458984 0.687500
0 0.556641 0.689453 0.554688 0.691406 0.556641 0.693359 0.558594 0.693359 0.560547 0.691406 0.558594 0.691406
0 0.802734 0.693359 0.802734 0.695312 0.800781 0.697266 0.802734 0.699219 0.802734 0.701172 0.806641 0.701172 0.808594 0.699219 0.808594 0.695312 0.806641 0.693359
0 0.980469 0.695312 0.976562 0.699219 0.976562 0.705078 0.978516 0.707031 0.976562 0.712891 0.978516 0.714844 0.978516 0.716797 0.984375 0.718750 0.990234 0.714844 0.990234 0.707031 0.992188 0.705078 0.992188 0.701172 0.986328 0.695312
0 0.814453 0.707031 0.814453 0.708984 0.812500 0.710938 0.814453 0.712891 0.814453 0.714844 0.816406 0.716797 0.824219 0.716797 0.826172 0.714844 0.826172 0.707031 0.824219 0.705078 0.818359 0.705078 0.816406 0.707031
0 0.921875 0.705078 0.921875 0.707031 0.917969 0.710938 0.917969 0.714844 0.921875 0.718750 0.927734 0.718750 0.931641 0.714844 0.931641 0.708984 0.929688 0.708984 0.927734 0.707031 0.925781 0.707031 0.923828 0.705078
0 0.470703 0.708984 0.468750 0.710938 0.468750 0.718750 0.470703 0.720703 0.474609 0.720703 0.476562 0.722656 0.480469 0.722656 0.484375 0.718750 0.484375 0.714844 0.476562 0.707031 0.474609 0.708984
1 0.564453 0.732422 0.568359 0.732422 0.570312 0.734375 0.572266 0.734375 0.574219 0.736328 0.574219 0.738281 0.582031 0.746094 0.585938 0.746094 0.589844 0.742188 0.591797 0.742188 0.595703 0.746094 0.611328 0.730469 0.611328 0.726562 0.607422 0.722656 0.597656 0.730469 0.585938 0.730469 0.583984 0.732422 0.580078 0.732422 0.576172 0.728516 0.576172 0.726562 0.570312 0.720703 0.566406 0.724609 0.566406 0.728516 0.564453 0.730469
0 0.779297 0.720703 0.777344 0.718750 0.775391 0.718750 0.773438 0.720703 0.773438 0.724609 0.775391 0.724609 0.777344 0.722656 0.779297 0.722656
0 0.876953 0.720703 0.876953 0.722656 0.880859 0.722656 0.878906 0.720703
1 0.998047 0.718750 0.994141 0.722656 0.994141 0.724609 0.996094 0.724609 0.998047 0.726562
0 0.855469 0.728516 0.861328 0.734375 0.863281 0.734375 0.865234 0.736328 0.869141 0.736328 0.873047 0.732422 0.873047 0.730469 0.875000 0.728516 0.875000 0.726562 0.873047 0.724609 0.865234 0.724609 0.861328 0.728516 0.859375 0.728516 0.857422 0.726562
0 0.685547 0.728516 0.681641 0.728516 0.677734 0.732422 0.677734 0.734375 0.679688 0.736328 0.679688 0.738281 0.681641 0.740234 0.683594 0.740234 0.689453 0.734375 0.689453 0.732422
0 0.509766 0.732422 0.511719 0.734375 0.511719 0.736328 0.513672 0.736328 0.515625 0.738281 0.517578 0.738281 0.521484 0.734375 0.521484 0.732422 0.519531 0.732422 0.517578 0.730469 0.513672 0.730469 0.511719 0.732422
0 0.810547 0.740234 0.818359 0.750000 0.824219 0.750000 0.830078 0.742188 0.837891 0.742188 0.841797 0.738281 0.835938 0.732422 0.828125 0.740234 0.822266 0.734375 0.822266 0.732422 0.816406 0.732422 0.810547 0.738281
0 0.982422 0.732422 0.980469 0.730469 0.976562 0.730469 0.976562 0.732422 0.974609 0.734375 0.972656 0.734375 0.972656 0.736328 0.974609 0.738281 0.976562 0.738281 0.980469 0.734375 0.982422 0.734375
0 0.466797 0.736328 0.462891 0.736328 0.462891 0.738281 0.464844 0.740234 0.466797 0.738281
0 0.896484 0.736328 0.892578 0.740234 0.892578 0.744141 0.894531 0.746094 0.894531 0.748047 0.902344 0.748047 0.904297 0.746094 0.904297 0.738281 0.902344 0.736328
0 0.921875 0.736328 0.921875 0.738281 0.923828 0.740234 0.923828 0.736328
0 0.398438 0.740234 0.396484 0.740234 0.392578 0.744141 0.392578 0.746094 0.394531 0.748047 0.398438 0.748047
0 0.669922 0.744141 0.666016 0.748047 0.666016 0.750000 0.671875 0.755859 0.677734 0.755859 0.677734 0.753906 0.679688 0.751953 0.679688 0.744141
0 0.638672 0.753906 0.634766 0.757812 0.634766 0.761719 0.632812 0.763672 0.632812 0.765625 0.634766 0.765625 0.638672 0.769531 0.642578 0.769531 0.648438 0.775391 0.650391 0.773438 0.650391 0.767578 0.648438 0.765625 0.648438 0.763672 0.650391 0.761719 0.650391 0.757812 0.646484 0.753906
0 0.230469 0.759766 0.228516 0.759766 0.226562 0.761719 0.226562 0.763672 0.228516 0.763672 0.230469 0.765625 0.228516 0.767578 0.232422 0.763672 0.232422 0.761719
0 0.257812 0.759766 0.253906 0.763672 0.253906 0.765625 0.257812 0.769531 0.261719 0.769531 0.263672 0.767578 0.263672 0.761719 0.261719 0.759766
0 0.511719 0.765625 0.509766 0.767578 0.509766 0.769531 0.511719 0.771484 0.513672 0.769531 0.513672 0.767578
0 0.859375 0.767578 0.851562 0.767578 0.849609 0.769531 0.847656 0.769531 0.841797 0.775391 0.841797 0.783203 0.843750 0.783203 0.847656 0.787109 0.849609 0.787109 0.851562 0.789062 0.851562 0.787109 0.853516 0.785156 0.855469 0.785156 0.861328 0.779297 0.863281 0.779297 0.863281 0.775391 0.865234 0.773438 0.865234 0.771484
0 0.949219 0.765625 0.947266 0.767578 0.947266 0.775391 0.953125 0.775391 0.955078 0.773438 0.955078 0.769531 0.953125 0.767578 0.953125 0.765625
1 0.800781 0.781250 0.800781 0.785156 0.802734 0.787109 0.802734 0.791016 0.804688 0.791016 0.806641 0.792969 0.812500 0.792969 0.816406 0.796875 0.818359 0.796875 0.820312 0.798828 0.818359 0.800781 0.822266 0.804688 0.824219 0.802734 0.832031 0.812500 0.835938 0.812500 0.845703 0.804688 0.845703 0.800781 0.839844 0.794922 0.832031 0.794922 0.826172 0.798828 0.824219 0.798828 0.822266 0.796875 0.820312 0.798828 0.816406 0.792969 0.816406 0.791016 0.818359 0.789062 0.818359 0.781250 0.816406 0.779297 0.814453 0.779297 0.810547 0.775391 0.808594 0.775391 0.804688 0.779297 0.802734 0.779297
0 0.457031 0.777344 0.455078 0.779297 0.455078 0.781250 0.457031 0.783203 0.460938 0.783203 0.462891 0.781250 0.462891 0.779297 0.460938 0.779297 0.458984 0.777344
0 0.777344 0.777344 0.773438 0.777344 0.771484 0.779297 0.769531 0.779297 0.769531 0.783203 0.771484 0.785156 0.775391 0.785156 0.777344 0.783203
0 0.894531 0.783203 0.890625 0.787109 0.888672 0.787109 0.888672 0.789062 0.886719 0.791016 0.886719 0.796875 0.890625 0.800781 0.892578 0.800781 0.894531 0.802734 0.896484 0.802734 0.898438 0.800781 0.902344 0.800781 0.904297 0.798828 0.904297 0.791016 0.900391 0.785156 0.898438 0.785156 0.896484 0.783203
0 0.720703 0.785156 0.718750 0.787109 0.718750 0.789062 0.720703 0.789062 0.722656 0.791016 0.724609 0.791016 0.726562 0.789062 0.726562 0.787109 0.724609 0.785156
0 0.505859 0.789062 0.503906 0.789062 0.501953 0.791016 0.501953 0.792969 0.503906 0.794922 0.505859 0.792969 0.507812 0.792969 0.507812 0.791016
0 0.611328 0.800781 0.611328 0.804688 0.613281 0.804688 0.615234 0.806641 0.617188 0.804688 0.617188 0.802734 0.615234 0.800781
0 0.794922 0.812500 0.792969 0.814453 0.792969 0.816406 0.794922 0.818359 0.796875 0.818359 0.798828 0.816406 0.798828 0.814453 0.796875 0.812500
0 0.769531 0.818359 0.765625 0.818359 0.763672 0.820312 0.763672 0.822266 0.765625 0.824219 0.767578 0.824219 0.769531 0.822266
0 0.839844 0.822266 0.837891 0.822266 0.835938 0.824219 0.832031 0.824219 0.830078 0.826172 0.830078 0.830078 0.832031 0.832031 0.833984 0.832031 0.835938 0.830078 0.837891 0.830078 0.837891 0.828125 0.839844 0.826172
0 0.617188 0.830078 0.615234 0.828125 0.613281 0.830078
0 0.791016 0.828125 0.789062 0.830078 0.789062 0.835938 0.792969 0.839844 0.794922 0.839844 0.796875 0.841797 0.798828 0.839844 0.798828 0.837891 0.800781 0.835938 0.800781 0.832031 0.798828 0.830078 0.798828 0.828125
0 0.869141 0.828125 0.871094 0.830078 0.873047 0.828125
0 0.382812 0.832031 0.382812 0.833984 0.380859 0.835938 0.380859 0.837891 0.382812 0.839844 0.386719 0.839844 0.388672 0.837891 0.388672 0.835938 0.386719 0.833984 0.384766 0.833984
1 0.585938 0.837891 0.572266 0.837891 0.564453 0.832031 0.554688 0.835938 0.539062 0.835938 0.541016 0.843750 0.562500 0.839844 0.580078 0.869141 0.576172 0.873047 0.578125 0.878906 0.564453 0.890625 0.574219 0.892578 0.560547 0.896484 0.558594 0.902344 0.562500 0.906250 0.550781 0.917969 0.541016 0.912109 0.533203 0.912109 0.521484 0.923828 0.509766 0.943359 0.521484 0.955078 0.533203 0.945312 0.542969 0.949219 0.546875 0.945312 0.546875 0.937500 0.587891 0.900391 0.578125 0.882812 0.593750 0.849609
0 0.714844 0.835938 0.712891 0.833984 0.710938 0.833984 0.707031 0.837891 0.708984 0.839844 0.712891 0.839844 0.714844 0.837891
0 0.814453 0.837891 0.814453 0.839844 0.812500 0.841797 0.816406 0.845703 0.820312 0.845703 0.822266 0.843750 0.822266 0.839844 0.820312 0.837891
0 0.966797 0.839844 0.964844 0.841797 0.964844 0.845703 0.968750 0.849609 0.972656 0.849609 0.974609 0.847656 0.974609 0.841797 0.972656 0.839844
1 0.507812 0.853516 0.503906 0.849609 0.501953 0.851562 0.501953 0.853516 0.498047 0.857422 0.496094 0.855469 0.492188 0.859375 0.494141 0.861328 0.496094 0.861328 0.500000 0.857422 0.501953 0.857422 0.503906 0.855469 0.505859 0.855469
0 0.623047 0.849609 0.621094 0.851562 0.619141 0.851562 0.617188 0.853516 0.617188 0.857422 0.619141 0.859375 0.623047 0.859375 0.623047 0.853516 0.621094 0.851562
0 0.830078 0.849609 0.828125 0.851562 0.828125 0.853516 0.830078 0.855469 0.830078 0.853516 0.832031 0.851562
0 0.445312 0.851562 0.443359 0.853516 0.445312 0.855469 0.447266 0.855469 0.447266 0.851562
0 0.402344 0.855469 0.400391 0.857422 0.400391 0.859375 0.402344 0.861328 0.404297 0.859375 0.404297 0.857422
0 0.550781 0.855469 0.548828 0.857422 0.546875 0.857422 0.539062 0.865234 0.539062 0.875000 0.535156 0.878906 0.535156 0.880859 0.533203 0.882812 0.533203 0.884766 0.535156 0.884766 0.542969 0.892578 0.544922 0.892578 0.550781 0.886719 0.552734 0.886719 0.552734 0.884766 0.554688 0.882812 0.554688 0.876953 0.556641 0.875000 0.556641 0.863281 0.550781 0.857422
0 0.789062 0.863281 0.779297 0.869141 0.775391 0.878906 0.777344 0.886719 0.773438 0.894531 0.781250 0.921875 0.787109 0.925781 0.796875 0.925781 0.806641 0.916016 0.816406 0.916016 0.824219 0.906250 0.816406 0.898438 0.804688 0.892578 0.802734 0.894531 0.796875 0.888672 0.800781 0.865234
0 0.337891 0.869141 0.333984 0.873047 0.335938 0.875000 0.335938 0.876953 0.341797 0.876953 0.345703 0.873047 0.343750 0.873047 0.341797 0.871094 0.341797 0.869141
1 0.912109 0.869141 0.910156 0.871094 0.910156 0.875000 0.914062 0.875000 0.916016 0.876953 0.917969 0.876953 0.919922 0.878906 0.919922 0.880859 0.921875 0.880859 0.923828 0.878906 0.919922 0.878906 0.914062 0.873047 0.914062 0.869141
0 0.400391 0.898438 0.396484 0.894531 0.394531 0.896484 0.390625 0.892578 0.386719 0.896484 0.380859 0.896484 0.376953 0.898438 0.371094 0.904297 0.371094 0.908203 0.378906 0.914062 0.382812 0.914062 0.386719 0.916016 0.396484 0.910156 0.396484 0.908203 0.400391 0.904297 0.398438 0.900391
0 0.888672 0.896484 0.886719 0.894531 0.884766 0.896484 0.884766 0.898438 0.882812 0.900391 0.886719 0.900391 0.888672 0.898438
0 0.451172 0.900391 0.449219 0.902344 0.453125 0.906250 0.455078 0.906250 0.457031 0.904297 0.457031 0.902344 0.455078 0.900391
0 0.914062 0.898438 0.910156 0.902344 0.910156 0.908203 0.914062 0.912109 0.919922 0.912109 0.923828 0.908203 0.923828 0.902344 0.919922 0.898438
0 0.652344 0.910156 0.644531 0.916016 0.640625 0.923828 0.642578 0.929688 0.640625 0.935547 0.644531 0.947266 0.652344 0.955078 0.656250 0.953125 0.660156 0.957031 0.667969 0.957031 0.683594 0.941406 0.689453 0.939453 0.695312 0.931641 0.689453 0.925781 0.677734 0.921875 0.667969 0.910156
0 0.330078 0.916016 0.328125 0.917969 0.328125 0.921875 0.330078 0.923828 0.332031 0.923828 0.333984 0.921875 0.333984 0.917969 0.332031 0.916016
0 0.613281 0.919922 0.613281 0.925781 0.615234 0.927734 0.619141 0.927734 0.621094 0.925781 0.621094 0.921875 0.619141 0.919922
0 0.982422 0.921875 0.955078 0.933594 0.947266 0.945312 0.939453 0.933594 0.925781 0.941406 0.927734 0.945312 0.921875 0.957031 0.937500 0.976562 0.931641 0.996094 0.939453 0.996094 0.941406 0.990234 0.955078 0.992188 0.964844 0.986328 0.970703 0.974609 0.964844 0.957031 0.972656 0.949219 0.972656 0.937500 0.984375 0.931641
0 0.736328 0.933594 0.734375 0.935547 0.734375 0.941406 0.738281 0.945312 0.740234 0.945312 0.744141 0.941406 0.744141 0.935547 0.742188 0.933594
1 0.482422 0.939453 0.480469 0.937500 0.478516 0.939453 0.476562 0.939453 0.476562 0.941406 0.478516 0.939453 0.480469 0.941406
0 0.501953 0.937500 0.501953 0.941406 0.503906 0.939453
0 0.605469 0.943359 0.599609 0.943359 0.597656 0.945312 0.593750 0.945312 0.589844 0.949219 0.589844 0.955078 0.593750 0.958984 0.595703 0.958984 0.597656 0.960938 0.599609 0.958984 0.603516 0.958984 0.609375 0.953125 0.609375 0.949219
0 0.560547 0.945312 0.558594 0.945312 0.552734 0.951172 0.550781 0.951172 0.550781 0.955078 0.552734 0.957031 0.554688 0.957031 0.556641 0.958984 0.558594 0.958984 0.560547 0.957031 0.562500 0.957031 0.562500 0.947266
0 0.857422 0.945312 0.853516 0.949219 0.853516 0.953125 0.857422 0.957031 0.861328 0.957031 0.865234 0.953125 0.865234 0.949219 0.861328 0.945312
0 0.423828 0.949219 0.421875 0.951172 0.419922 0.951172 0.419922 0.953125 0.417969 0.955078 0.417969 0.957031 0.423828 0.962891 0.423828 0.960938 0.427734 0.957031 0.427734 0.953125
0 0.492188 0.955078 0.488281 0.955078 0.486328 0.957031 0.486328 0.960938 0.488281 0.962891 0.490234 0.962891 0.492188 0.960938
0 0.509766 0.957031 0.507812 0.957031 0.505859 0.958984 0.501953 0.958984 0.498047 0.962891 0.498047 0.966797 0.496094 0.968750 0.496094 0.974609 0.498047 0.976562 0.500000 0.982422 0.505859 0.986328 0.513672 0.980469 0.513672 0.978516 0.515625 0.976562 0.515625 0.968750 0.517578 0.966797 0.517578 0.964844 0.513672 0.960938 0.513672 0.958984 0.511719 0.958984
1 0.812500 0.960938 0.812500 0.962891 0.814453 0.964844 0.816406 0.962891 0.818359 0.962891 0.816406 0.962891 0.814453 0.960938
0 0.884766 0.968750 0.875000 0.962891 0.863281 0.968750 0.863281 0.972656 0.851562 0.986328 0.851562 0.996094 0.849609 0.998047 0.882812 0.998047 0.884766 0.990234 0.890625 0.982422 0.884766 0.976562
0 0.830078 0.970703 0.828125 0.968750 0.824219 0.968750 0.822266 0.970703 0.822266 0.976562 0.826172 0.976562 0.830078 0.972656
0 0.460938 0.974609 0.458984 0.976562 0.458984 0.978516 0.460938 0.980469 0.464844 0.980469 0.466797 0.978516 0.466797 0.976562 0.464844 0.974609
0 0.570312 0.974609 0.568359 0.972656 0.566406 0.974609 0.566406 0.976562 0.570312 0.976562
0 0.617188 0.976562 0.619141 0.978516 0.626953 0.978516 0.626953 0.976562 0.625000 0.974609 0.619141 0.974609
0 0.263672 0.976562 0.261719 0.978516 0.261719 0.982422 0.263672 0.984375 0.265625 0.984375 0.267578 0.982422 0.267578 0.978516 0.265625 0.976562
0 0.742188 0.978516 0.742188 0.982422 0.744141 0.984375 0.746094 0.984375 0.748047 0.986328 0.751953 0.982422 0.753906 0.982422 0.751953 0.980469 0.751953 0.978516 0.750000 0.976562 0.744141 0.976562
0 0.992188 0.978516 0.990234 0.980469 0.992188 0.982422 0.994141 0.982422 0.996094 0.980469 0.994141 0.978516
1 0.843750 0.986328 0.841797 0.986328 0.839844 0.984375 0.841797 0.982422 0.839844 0.980469 0.837891 0.982422 0.833984 0.982422 0.832031 0.984375 0.830078 0.982422 0.822266 0.982422 0.820312 0.984375 0.816406 0.984375 0.808594 0.992188 0.808594 0.998047 0.839844 0.998047 0.843750 0.994141
0 0.914062 0.982422 0.912109 0.984375 0.912109 0.988281 0.914062 0.990234 0.916016 0.988281 0.916016 0.986328 0.917969 0.984375 0.916016 0.984375
0 0.417969 0.990234 0.417969 0.994141 0.419922 0.994141 0.419922 0.990234
0 0.539062 0.990234 0.537109 0.992188 0.537109 0.994141 0.539062 0.996094 0.541016 0.996094 0.542969 0.994141 0.542969 0.992188 0.541016 0.990234
0 0.621094 0.996094 0.621094 0.998047 0.634766 0.998047 0.634766 0.994141 0.632812 0.992188 0.625000 0.992188
1 0.470703 0.998047 0.476562 0.998047 0.474609 0.996094 0.472656 0.996094
1 0.888672 0.998047 0.894531 0.998047 0.892578 0.998047 0.890625 0.996094
0 0.021484 0.039062 0.021484 0.042969 0.017578 0.042969 0.015625 0.041016 0.019531 0.037109
0 0.064453 0.052734 0.064453 0.056641 0.060547 0.056641 0.058594 0.054688 0.062500 0.050781
0 0.144531 0.070312 0.144531 0.074219 0.140625 0.074219 0.138672 0.072266 0.142578 0.068359
0 0.460938 0.076172 0.460938 0.080078 0.457031 0.080078 0.455078 0.078125 0.458984 0.074219
0 0.212891 0.095703 0.212891 0.099609 0.208984 0.099609 0.207031 0.097656 0.210938 0.093750
0 0.400391 0.113281 0.400391 0.117188 0.396484 0.117188 0.394531 0.115234 0.398438 0.111328
0 0.257812 0.117188 0.257812 0.121094 0.253906 0.121094 0.251953 0.119141 0.255859 0.115234
0 0.125000 0.121094 0.125000 0.125000 0.121094 0.125000 0.119141 0.123047 0.123047 0.119141
0 0.939453 0.140625 0.939453 0.144531 0.935547 0.144531 0.933594 0.142578 0.937500 0.138672
0 0.498047 0.144531 0.498047 0.148438 0.494141 0.148438 0.492188 0.146484 0.496094 0.142578
0 0.345703 0.146484 0.345703 0.150391 0.341797 0.150391 0.339844 0.148438 0.343750 0.144531
0 0.027344 0.199219 0.027344 0.203125 0.023438 0.203125 0.021484 0.201172 0.025391 0.197266
0 0.304688 0.199219 0.304688 0.203125 0.300781 0.203125 0.298828 0.201172 0.302734 0.197266
0 0.029297 0.214844 0.029297 0.218750 0.025391 0.218750 0.023438 0.216797 0.027344 0.212891
0 0.375000 0.214844 0.375000 0.218750 0.371094 0.218750 0.369141 0.216797 0.373047 0.212891
0 0.076172 0.222656 0.074219 0.222656 0.072266 0.224609 0.068359 0.224609 0.066406 0.222656 0.066406 0.216797 0.068359 0.214844 0.072266 0.214844 0.074219 0.216797 0.076172 0.216797
0 0.087891 0.226562 0.085938 0.226562 0.083984 0.228516 0.080078 0.228516 0.078125 0.226562 0.078125 0.220703 0.080078 0.218750 0.083984 0.218750 0.085938 0.220703 0.087891 0.220703
0 0.046875 0.224609 0.046875 0.228516 0.042969 0.228516 0.041016 0.226562 0.044922 0.222656
0 0.076172 0.228516 0.076172 0.232422 0.072266 0.232422 0.070312 0.230469 0.074219 0.226562
0 0.052734 0.230469 0.052734 0.234375 0.048828 0.234375 0.046875 0.232422 0.050781 0.228516
0 0.039062 0.232422 0.039062 0.236328 0.035156 0.236328 0.033203 0.234375 0.037109 0.230469
0 0.082031 0.234375 0.082031 0.238281 0.078125 0.238281 0.076172 0.236328 0.080078 0.232422
0 0.070312 0.242188 0.068359 0.242188 0.066406 0.244141 0.062500 0.244141 0.060547 0.242188 0.060547 0.236328 0.062500 0.234375 0.066406 0.234375 0.068359 0.236328 0.070312 0.236328
0 0.091797 0.238281 0.091797 0.242188 0.087891 0.242188 0.085938 0.240234 0.089844 0.236328
0 0.046875 0.244141 0.046875 0.248047 0.042969 0.248047 0.041016 0.246094 0.044922 0.242188
0 0.605469 0.246094 0.605469 0.250000 0.601562 0.250000 0.599609 0.248047 0.603516 0.244141
0 0.251953 0.248047 0.251953 0.251953 0.248047 0.251953 0.246094 0.250000 0.250000 0.246094
0 0.070312 0.253906 0.070312 0.257812 0.066406 0.257812 0.064453 0.255859 0.068359 0.251953
0 0.048828 0.259766 0.048828 0.263672 0.044922 0.263672 0.042969 0.261719 0.046875 0.257812
0 0.105469 0.259766 0.105469 0.263672 0.101562 0.263672 0.099609 0.261719 0.103516 0.257812
0 0.480469 0.259766 0.480469 0.263672 0.476562 0.263672 0.474609 0.261719 0.478516 0.257812
0 0.423828 0.263672 0.423828 0.267578 0.419922 0.267578 0.417969 0.265625 0.421875 0.261719
0 0.439453 0.294922 0.439453 0.298828 0.435547 0.298828 0.433594 0.296875 0.437500 0.292969
0 0.523438 0.294922 0.523438 0.298828 0.519531 0.298828 0.517578 0.296875 0.521484 0.292969
0 0.263672 0.308594 0.263672 0.312500 0.259766 0.312500 0.257812 0.310547 0.261719 0.306641
0 0.306641 0.314453 0.306641 0.318359 0.302734 0.318359 0.300781 0.316406 0.304688 0.312500
0 0.365234 0.316406 0.365234 0.320312 0.361328 0.320312 0.359375 0.318359 0.363281 0.314453
0 0.328125 0.326172 0.328125 0.330078 0.324219 0.330078 0.322266 0.328125 0.326172 0.324219
0 0.435547 0.328125 0.435547 0.332031 0.431641 0.332031 0.429688 0.330078 0.433594 0.326172
0 0.044922 0.333984 0.044922 0.337891 0.041016 0.337891 0.039062 0.335938 0.042969 0.332031
0 0.591797 0.335938 0.591797 0.339844 0.587891 0.339844 0.585938 0.337891 0.589844 0.333984
0 0.107422 0.345703 0.107422 0.349609 0.103516 0.349609 0.101562 0.347656 0.105469 0.343750
0 0.410156 0.353516 0.410156 0.357422 0.406250 0.357422 0.404297 0.355469 0.408203 0.351562
0 0.634766 0.353516 0.634766 0.357422 0.630859 0.357422 0.628906 0.355469 0.632812 0.351562
0 0.357422 0.355469 0.357422 0.359375 0.353516 0.359375 0.351562 0.357422 0.355469 0.353516
0 0.324219 0.357422 0.324219 0.361328 0.320312 0.361328 0.318359 0.359375 0.322266 0.355469
0 0.171875 0.365234 0.171875 0.369141 0.167969 0.369141 0.166016 0.367188 0.169922 0.363281
0 0.343750 0.365234 0.343750 0.369141 0.339844 0.369141 0.337891 0.367188 0.341797 0.363281
0 0.964844 0.382812 0.964844 0.386719 0.960938 0.386719 0.958984 0.384766 0.962891 0.380859
0 0.222656 0.384766 0.222656 0.388672 0.218750 0.388672 0.216797 0.386719 0.220703 0.382812
0 0.433594 0.384766 0.433594 0.388672 0.429688 0.388672 0.427734 0.386719 0.431641 0.382812
0 0.107422 0.386719 0.107422 0.390625 0.103516 0.390625 0.101562 0.388672 0.105469 0.384766
0 0.496094 0.386719 0.496094 0.390625 0.492188 0.390625 0.490234 0.388672 0.494141 0.384766
0 0.416016 0.398438 0.416016 0.402344 0.412109 0.402344 0.410156 0.400391 0.414062 0.396484
0 0.505859 0.398438 0.505859 0.402344 0.501953 0.402344 0.500000 0.400391 0.503906 0.396484
0 0.093750 0.402344 0.093750 0.406250 0.089844 0.406250 0.087891 0.404297 0.091797 0.400391
0 0.531250 0.402344 0.531250 0.406250 0.527344 0.406250 0.525391 0.404297 0.529297 0.400391
0 0.923828 0.404297 0.923828 0.408203 0.919922 0.408203 0.917969 0.406250 0.921875 0.402344
0 0.716797 0.414062 0.716797 0.417969 0.712891 0.417969 0.710938 0.416016 0.714844 0.412109
0 0.509766 0.419922 0.509766 0.423828 0.505859 0.423828 0.503906 0.421875 0.507812 0.417969
0 0.220703 0.421875 0.220703 0.425781 0.216797 0.425781 0.214844 0.423828 0.218750 0.419922
0 0.230469 0.421875 0.230469 0.425781 0.226562 0.425781 0.224609 0.423828 0.228516 0.419922
0 0.814453 0.425781 0.814453 0.429688 0.810547 0.429688 0.808594 0.427734 0.812500 0.423828
0 0.218750 0.427734 0.218750 0.431641 0.214844 0.431641 0.212891 0.429688 0.216797 0.425781
0 0.937500 0.427734 0.937500 0.431641 0.933594 0.431641 0.931641 0.429688 0.935547 0.425781
0 0.412109 0.441406 0.412109 0.445312 0.408203 0.445312 0.406250 0.443359 0.410156 0.439453
0 0.533203 0.443359 0.533203 0.447266 0.529297 0.447266 0.527344 0.445312 0.531250 0.441406
0 0.783203 0.445312 0.783203 0.449219 0.779297 0.449219 0.777344 0.447266 0.781250 0.443359
0 0.238281 0.451172 0.238281 0.455078 0.234375 0.455078 0.232422 0.453125 0.236328 0.449219
0 0.345703 0.451172 0.345703 0.455078 0.341797 0.455078 0.339844 0.453125 0.343750 0.449219
0 0.597656 0.451172 0.597656 0.455078 0.593750 0.455078 0.591797 0.453125 0.595703 0.449219
0 0.224609 0.453125 0.224609 0.457031 0.220703 0.457031 0.218750 0.455078 0.222656 0.451172
0 0.283203 0.453125 0.283203 0.457031 0.279297 0.457031 0.277344 0.455078 0.281250 0.451172
0 0.734375 0.453125 0.734375 0.457031 0.730469 0.457031 0.728516 0.455078 0.732422 0.451172
0 0.472656 0.457031 0.472656 0.460938 0.468750 0.460938 0.466797 0.458984 0.470703 0.455078
0 0.566406 0.460938 0.566406 0.464844 0.562500 0.464844 0.560547 0.462891 0.564453 0.458984
0 0.109375 0.464844 0.109375 0.468750 0.105469 0.468750 0.103516 0.466797 0.107422 0.462891
0 0.146484 0.464844 0.146484 0.468750 0.142578 0.468750 0.140625 0.466797 0.144531 0.462891
0 0.152344 0.464844 0.152344 0.468750 0.148438 0.468750 0.146484 0.466797 0.150391 0.462891
0 0.464844 0.464844 0.464844 0.468750 0.460938 0.468750 0.458984 0.466797 0.462891 0.462891
0 0.486328 0.464844 0.486328 0.468750 0.482422 0.468750 0.480469 0.466797 0.484375 0.462891
0 0.884766 0.464844 0.884766 0.468750 0.880859 0.468750 0.878906 0.466797 0.882812 0.462891
0 0.197266 0.466797 0.197266 0.470703 0.193359 0.470703 0.191406 0.468750 0.195312 0.464844
0 0.267578 0.466797 0.267578 0.470703 0.263672 0.470703 0.261719 0.468750 0.265625 0.464844
0 0.199219 0.476562 0.199219 0.480469 0.195312 0.480469 0.193359 0.478516 0.197266 0.474609
0 0.390625 0.480469 0.390625 0.484375 0.386719 0.484375 0.384766 0.482422 0.388672 0.478516
0 0.554688 0.480469 0.554688 0.484375 0.550781 0.484375 0.548828 0.482422 0.552734 0.478516
0 0.146484 0.482422 0.146484 0.486328 0.142578 0.486328 0.140625 0.484375 0.144531 0.480469
0 0.171875 0.482422 0.171875 0.486328 0.167969 0.486328 0.166016 0.484375 0.169922 0.480469
0 0.259766 0.482422 0.259766 0.486328 0.255859 0.486328 0.253906 0.484375 0.257812 0.480469
0 0.501953 0.484375 0.501953 0.488281 0.498047 0.488281 0.496094 0.486328 0.500000 0.482422
0 0.152344 0.486328 0.152344 0.490234 0.148438 0.490234 0.146484 0.488281 0.150391 0.484375
0 0.640625 0.486328 0.640625 0.490234 0.636719 0.490234 0.634766 0.488281 0.638672 0.484375
0 0.205078 0.494141 0.205078 0.498047 0.201172 0.498047 0.199219 0.496094 0.203125 0.492188
0 0.400391 0.496094 0.400391 0.500000 0.396484 0.500000 0.394531 0.498047 0.398438 0.494141
0 0.595703 0.496094 0.595703 0.500000 0.591797 0.500000 0.589844 0.498047 0.593750 0.494141
0 0.423828 0.498047 0.423828 0.501953 0.419922 0.501953 0.417969 0.500000 0.421875 0.496094
0 0.515625 0.501953 0.515625 0.505859 0.511719 0.505859 0.509766 0.503906 0.513672 0.500000
0 0.341797 0.503906 0.341797 0.507812 0.337891 0.507812 0.335938 0.505859 0.339844 0.501953
0 0.402344 0.505859 0.402344 0.509766 0.398438 0.509766 0.396484 0.507812 0.400391 0.503906
0 0.673828 0.505859 0.673828 0.509766 0.669922 0.509766 0.667969 0.507812 0.671875 0.503906
0 0.185547 0.507812 0.185547 0.511719 0.181641 0.511719 0.179688 0.509766 0.183594 0.505859
0 0.328125 0.507812 0.328125 0.511719 0.324219 0.511719 0.322266 0.509766 0.326172 0.505859
0 0.273438 0.509766 0.273438 0.513672 0.269531 0.513672 0.267578 0.511719 0.271484 0.507812
0 0.515625 0.509766 0.515625 0.513672 0.511719 0.513672 0.509766 0.511719 0.513672 0.507812
0 0.906250 0.511719 0.906250 0.515625 0.902344 0.515625 0.900391 0.513672 0.904297 0.509766
0 0.455078 0.513672 0.455078 0.517578 0.451172 0.517578 0.449219 0.515625 0.453125 0.511719
0 0.554688 0.513672 0.554688 0.517578 0.550781 0.517578 0.548828 0.515625 0.552734 0.511719
0 0.783203 0.513672 0.783203 0.517578 0.779297 0.517578 0.777344 0.515625 0.781250 0.511719
0 0.144531 0.517578 0.144531 0.521484 0.140625 0.521484 0.138672 0.519531 0.142578 0.515625
0 0.265625 0.517578 0.265625 0.521484 0.261719 0.521484 0.259766 0.519531 0.263672 0.515625
0 0.447266 0.523438 0.447266 0.527344 0.443359 0.527344 0.441406 0.525391 0.445312 0.521484
0 0.462891 0.525391 0.462891 0.529297 0.458984 0.529297 0.457031 0.527344 0.460938 0.523438
0 0.279297 0.527344 0.279297 0.531250 0.275391 0.531250 0.273438 0.529297 0.277344 0.525391
0 0.330078 0.527344 0.330078 0.531250 0.326172 0.531250 0.324219 0.529297 0.328125 0.525391
0 0.546875 0.527344 0.546875 0.531250 0.542969 0.531250 0.541016 0.529297 0.544922 0.525391
0 0.591797 0.527344 0.591797 0.531250 0.587891 0.531250 0.585938 0.529297 0.589844 0.525391
0 0.824219 0.527344 0.824219 0.531250 0.820312 0.531250 0.818359 0.529297 0.822266 0.525391
0 0.322266 0.529297 0.322266 0.533203 0.318359 0.533203 0.316406 0.531250 0.320312 0.527344
0 0.109375 0.531250 0.109375 0.535156 0.105469 0.535156 0.103516 0.533203 0.107422 0.529297
0 0.132812 0.531250 0.132812 0.535156 0.128906 0.535156 0.126953 0.533203 0.130859 0.529297
0 0.291016 0.531250 0.291016 0.535156 0.287109 0.535156 0.285156 0.533203 0.289062 0.529297
0 0.121094 0.533203 0.121094 0.537109 0.117188 0.537109 0.115234 0.535156 0.119141 0.531250
0 0.703125 0.533203 0.703125 0.537109 0.699219 0.537109 0.697266 0.535156 0.701172 0.531250
0 0.455078 0.535156 0.455078 0.539062 0.451172 0.539062 0.449219 0.537109 0.453125 0.533203
0 0.419922 0.537109 0.419922 0.541016 0.416016 0.541016 0.414062 0.539062 0.417969 0.535156
0 0.482422 0.537109 0.482422 0.541016 0.478516 0.541016 0.476562 0.539062 0.480469 0.535156
0 0.968750 0.537109 0.968750 0.541016 0.964844 0.541016 0.962891 0.539062 0.966797 0.535156
0 0.392578 0.539062 0.392578 0.542969 0.388672 0.542969 0.386719 0.541016 0.390625 0.537109
0 0.873047 0.541016 0.871094 0.542969 0.871094 0.544922 0.869141 0.546875 0.863281 0.546875 0.861328 0.544922 0.861328 0.542969 0.859375 0.541016 0.859375 0.539062 0.861328 0.537109 0.861328 0.535156 0.863281 0.533203 0.869141 0.533203 0.871094 0.535156 0.871094 0.537109 0.873047 0.539062
0 0.406250 0.544922 0.404297 0.544922 0.402344 0.546875 0.398438 0.546875 0.396484 0.544922 0.396484 0.539062 0.398438 0.537109 0.402344 0.537109 0.404297 0.539062 0.406250 0.539062
0 0.583984 0.541016 0.583984 0.544922 0.580078 0.544922 0.578125 0.542969 0.582031 0.539062
0 0.683594 0.542969 0.683594 0.546875 0.679688 0.546875 0.677734 0.544922 0.681641 0.541016
0 0.310547 0.544922 0.310547 0.548828 0.306641 0.548828 0.304688 0.546875 0.308594 0.542969
0 0.390625 0.544922 0.390625 0.548828 0.386719 0.548828 0.384766 0.546875 0.388672 0.542969
0 0.496094 0.548828 0.496094 0.552734 0.492188 0.552734 0.490234 0.550781 0.494141 0.546875
0 0.531250 0.548828 0.531250 0.552734 0.527344 0.552734 0.525391 0.550781 0.529297 0.546875
0 0.658203 0.548828 0.658203 0.552734 0.654297 0.552734 0.652344 0.550781 0.656250 0.546875
0 0.625000 0.550781 0.625000 0.554688 0.621094 0.554688 0.619141 0.552734 0.623047 0.548828
0 0.544922 0.554688 0.544922 0.558594 0.541016 0.558594 0.539062 0.556641 0.542969 0.552734
0 0.187500 0.556641 0.187500 0.560547 0.183594 0.560547 0.181641 0.558594 0.185547 0.554688
0 0.294922 0.560547 0.294922 0.564453 0.291016 0.564453 0.289062 0.562500 0.292969 0.558594
0 0.574219 0.564453 0.574219 0.568359 0.570312 0.568359 0.568359 0.566406 0.572266 0.562500
0 0.177734 0.568359 0.177734 0.572266 0.173828 0.572266 0.171875 0.570312 0.175781 0.566406
0 0.908203 0.570312 0.908203 0.574219 0.904297 0.574219 0.902344 0.572266 0.906250 0.568359
0 0.156250 0.574219 0.156250 0.578125 0.152344 0.578125 0.150391 0.576172 0.154297 0.572266
0 0.453125 0.574219 0.453125 0.578125 0.449219 0.578125 0.447266 0.576172 0.451172 0.572266
0 0.236328 0.580078 0.236328 0.583984 0.232422 0.583984 0.230469 0.582031 0.234375 0.578125
0 0.250000 0.580078 0.250000 0.583984 0.246094 0.583984 0.244141 0.582031 0.248047 0.578125
0 0.468750 0.582031 0.468750 0.585938 0.464844 0.585938 0.462891 0.583984 0.466797 0.580078
0 0.595703 0.582031 0.595703 0.585938 0.591797 0.585938 0.589844 0.583984 0.593750 0.580078
0 0.634766 0.583984 0.634766 0.587891 0.630859 0.587891 0.628906 0.585938 0.632812 0.582031
0 0.960938 0.583984 0.960938 0.587891 0.957031 0.587891 0.955078 0.585938 0.958984 0.582031
0 0.484375 0.585938 0.484375 0.589844 0.480469 0.589844 0.478516 0.587891 0.482422 0.583984
0 0.517578 0.585938 0.517578 0.589844 0.513672 0.589844 0.511719 0.587891 0.515625 0.583984
0 0.546875 0.589844 0.546875 0.593750 0.542969 0.593750 0.541016 0.591797 0.544922 0.587891
0 0.580078 0.591797 0.580078 0.595703 0.576172 0.595703 0.574219 0.593750 0.578125 0.589844
0 0.210938 0.601562 0.210938 0.605469 0.207031 0.605469 0.205078 0.603516 0.208984 0.599609
0 0.203125 0.605469 0.203125 0.609375 0.199219 0.609375 0.197266 0.607422 0.201172 0.603516
0 0.564453 0.605469 0.564453 0.609375 0.560547 0.609375 0.558594 0.607422 0.562500 0.603516
0 0.484375 0.607422 0.484375 0.611328 0.480469 0.611328 0.478516 0.609375 0.482422 0.605469
0 0.537109 0.613281 0.537109 0.617188 0.533203 0.617188 0.531250 0.615234 0.535156 0.611328
0 0.033203 0.621094 0.033203 0.625000 0.029297 0.625000 0.027344 0.623047 0.031250 0.619141
0 0.593750 0.621094 0.593750 0.625000 0.589844 0.625000 0.587891 0.623047 0.591797 0.619141
0 0.218750 0.623047 0.218750 0.626953 0.214844 0.626953 0.212891 0.625000 0.216797 0.621094
0 0.697266 0.625000 0.697266 0.628906 0.693359 0.628906 0.691406 0.626953 0.695312 0.623047
0 0.308594 0.626953 0.308594 0.630859 0.304688 0.630859 0.302734 0.628906 0.306641 0.625000
0 0.234375 0.628906 0.234375 0.632812 0.230469 0.632812 0.228516 0.630859 0.232422 0.626953
0 0.037109 0.630859 0.037109 0.634766 0.033203 0.634766 0.031250 0.632812 0.035156 0.628906
0 0.322266 0.632812 0.322266 0.636719 0.318359 0.636719 0.316406 0.634766 0.320312 0.630859
0 0.593750 0.632812 0.593750 0.636719 0.589844 0.636719 0.587891 0.634766 0.591797 0.630859
0 0.187500 0.634766 0.187500 0.638672 0.183594 0.638672 0.181641 0.636719 0.185547 0.632812
0 0.531250 0.634766 0.531250 0.638672 0.527344 0.638672 0.525391 0.636719 0.529297 0.632812
0 0.667969 0.636719 0.667969 0.640625 0.664062 0.640625 0.662109 0.638672 0.666016 0.634766
0 0.542969 0.638672 0.542969 0.642578 0.539062 0.642578 0.537109 0.640625 0.541016 0.636719
0 0.626953 0.638672 0.626953 0.642578 0.623047 0.642578 0.621094 0.640625 0.625000 0.636719
0 0.408203 0.640625 0.408203 0.644531 0.404297 0.644531 0.402344 0.642578 0.406250 0.638672
0 0.330078 0.642578 0.330078 0.646484 0.326172 0.646484 0.324219 0.644531 0.328125 0.640625
0 0.125000 0.646484 0.125000 0.650391 0.121094 0.650391 0.119141 0.648438 0.123047 0.644531
0 0.539062 0.646484 0.539062 0.650391 0.535156 0.650391 0.533203 0.648438 0.537109 0.644531
0 0.324219 0.656250 0.322266 0.656250 0.320312 0.658203 0.316406 0.658203 0.314453 0.656250 0.314453 0.650391 0.316406 0.648438 0.320312 0.648438 0.322266 0.650391 0.324219 0.650391
0 0.578125 0.652344 0.578125 0.656250 0.574219 0.656250 0.572266 0.654297 0.576172 0.650391
0 0.597656 0.652344 0.597656 0.656250 0.593750 0.656250 0.591797 0.654297 0.595703 0.650391
0 0.615234 0.652344 0.615234 0.656250 0.611328 0.656250 0.609375 0.654297 0.613281 0.650391
0 0.689453 0.652344 0.689453 0.656250 0.685547 0.656250 0.683594 0.654297 0.687500 0.650391
0 0.244141 0.654297 0.244141 0.658203 0.240234 0.658203 0.238281 0.656250 0.242188 0.652344
0 0.287109 0.654297 0.287109 0.658203 0.283203 0.658203 0.281250 0.656250 0.285156 0.652344
0 0.560547 0.654297 0.560547 0.658203 0.556641 0.658203 0.554688 0.656250 0.558594 0.652344
0 0.921875 0.654297 0.921875 0.658203 0.917969 0.658203 0.916016 0.656250 0.919922 0.652344
0 0.437500 0.660156 0.437500 0.664062 0.433594 0.664062 0.431641 0.662109 0.435547 0.658203
0 0.250000 0.662109 0.250000 0.666016 0.246094 0.666016 0.244141 0.664062 0.248047 0.660156
0 0.816406 0.666016 0.814453 0.666016 0.812500 0.667969 0.808594 0.667969 0.806641 0.666016 0.806641 0.660156 0.808594 0.658203 0.812500 0.658203 0.814453 0.660156 0.816406 0.660156
0 0.205078 0.664062 0.205078 0.667969 0.201172 0.667969 0.199219 0.666016 0.203125 0.662109
0 0.330078 0.664062 0.330078 0.667969 0.326172 0.667969 0.324219 0.666016 0.328125 0.662109
0 0.240234 0.667969 0.240234 0.671875 0.236328 0.671875 0.234375 0.669922 0.238281 0.666016
0 0.316406 0.667969 0.316406 0.671875 0.312500 0.671875 0.310547 0.669922 0.314453 0.666016
0 0.710938 0.667969 0.710938 0.671875 0.707031 0.671875 0.705078 0.669922 0.708984 0.666016
0 0.750000 0.667969 0.750000 0.671875 0.746094 0.671875 0.744141 0.669922 0.748047 0.666016
0 0.539062 0.669922 0.539062 0.673828 0.535156 0.673828 0.533203 0.671875 0.537109 0.667969
0 0.798828 0.669922 0.798828 0.673828 0.794922 0.673828 0.792969 0.671875 0.796875 0.667969
0 0.447266 0.671875 0.447266 0.675781 0.443359 0.675781 0.441406 0.673828 0.445312 0.669922
0 0.578125 0.671875 0.578125 0.675781 0.574219 0.675781 0.572266 0.673828 0.576172 0.669922
0 0.203125 0.677734 0.203125 0.681641 0.199219 0.681641 0.197266 0.679688 0.201172 0.675781
0 0.515625 0.677734 0.515625 0.681641 0.511719 0.681641 0.509766 0.679688 0.513672 0.675781
0 0.080078 0.681641 0.080078 0.685547 0.076172 0.685547 0.074219 0.683594 0.078125 0.679688
0 0.326172 0.685547 0.326172 0.689453 0.322266 0.689453 0.320312 0.687500 0.324219 0.683594
0 0.976562 0.685547 0.976562 0.689453 0.972656 0.689453 0.970703 0.687500 0.974609 0.683594
0 0.505859 0.689453 0.505859 0.693359 0.501953 0.693359 0.500000 0.691406 0.503906 0.687500
0 0.595703 0.689453 0.595703 0.693359 0.591797 0.693359 0.589844 0.691406 0.593750 0.687500
0 0.513672 0.691406 0.513672 0.695312 0.509766 0.695312 0.507812 0.693359 0.511719 0.689453
0 0.830078 0.693359 0.830078 0.697266 0.826172 0.697266 0.824219 0.695312 0.828125 0.691406
0 0.189453 0.695312 0.189453 0.699219 0.185547 0.699219 0.183594 0.697266 0.187500 0.693359
0 0.580078 0.699219 0.580078 0.703125 0.576172 0.703125 0.574219 0.701172 0.578125 0.697266
0 0.593750 0.699219 0.593750 0.703125 0.589844 0.703125 0.587891 0.701172 0.591797 0.697266
0 0.533203 0.701172 0.533203 0.705078 0.529297 0.705078 0.527344 0.703125 0.531250 0.699219
0 0.707031 0.701172 0.707031 0.705078 0.703125 0.705078 0.701172 0.703125 0.705078 0.699219
0 0.875000 0.701172 0.875000 0.705078 0.871094 0.705078 0.869141 0.703125 0.873047 0.699219
0 0.455078 0.705078 0.455078 0.708984 0.451172 0.708984 0.449219 0.707031 0.453125 0.703125
0 0.183594 0.714844 0.183594 0.718750 0.179688 0.718750 0.177734 0.716797 0.181641 0.712891
0 0.677734 0.714844 0.677734 0.718750 0.673828 0.718750 0.671875 0.716797 0.675781 0.712891
0 0.857422 0.714844 0.857422 0.718750 0.853516 0.718750 0.851562 0.716797 0.855469 0.712891
0 0.433594 0.716797 0.433594 0.720703 0.429688 0.720703 0.427734 0.718750 0.431641 0.714844
0 0.503906 0.716797 0.503906 0.720703 0.500000 0.720703 0.498047 0.718750 0.501953 0.714844
0 0.539062 0.716797 0.539062 0.720703 0.535156 0.720703 0.533203 0.718750 0.537109 0.714844
0 0.191406 0.720703 0.191406 0.724609 0.187500 0.724609 0.185547 0.722656 0.189453 0.718750
0 0.621094 0.724609 0.621094 0.728516 0.617188 0.728516 0.615234 0.726562 0.619141 0.722656
0 0.189453 0.730469 0.189453 0.734375 0.185547 0.734375 0.183594 0.732422 0.187500 0.728516
0 0.621094 0.732422 0.621094 0.736328 0.617188 0.736328 0.615234 0.734375 0.619141 0.730469
0 0.947266 0.732422 0.947266 0.736328 0.943359 0.736328 0.941406 0.734375 0.945312 0.730469
0 0.144531 0.736328 0.144531 0.740234 0.140625 0.740234 0.138672 0.738281 0.142578 0.734375
0 0.775391 0.736328 0.775391 0.740234 0.771484 0.740234 0.769531 0.738281 0.773438 0.734375
0 0.171875 0.742188 0.169922 0.742188 0.167969 0.744141 0.164062 0.744141 0.162109 0.742188 0.162109 0.736328 0.164062 0.734375 0.167969 0.734375 0.169922 0.736328 0.171875 0.736328
0 0.443359 0.738281 0.443359 0.742188 0.439453 0.742188 0.437500 0.740234 0.441406 0.736328
0 0.884766 0.738281 0.884766 0.742188 0.880859 0.742188 0.878906 0.740234 0.882812 0.736328
0 0.701172 0.740234 0.701172 0.744141 0.697266 0.744141 0.695312 0.742188 0.699219 0.738281
0 0.505859 0.742188 0.505859 0.746094 0.501953 0.746094 0.500000 0.744141 0.503906 0.740234
0 0.566406 0.744141 0.566406 0.748047 0.562500 0.748047 0.560547 0.746094 0.564453 0.742188
0 0.625000 0.746094 0.625000 0.750000 0.621094 0.750000 0.619141 0.748047 0.623047 0.744141
0 0.861328 0.746094 0.861328 0.750000 0.857422 0.750000 0.855469 0.748047 0.859375 0.744141
0 0.451172 0.753906 0.451172 0.757812 0.447266 0.757812 0.445312 0.755859 0.449219 0.751953
0 0.964844 0.755859 0.964844 0.759766 0.960938 0.759766 0.958984 0.757812 0.962891 0.753906
0 0.390625 0.757812 0.390625 0.761719 0.386719 0.761719 0.384766 0.759766 0.388672 0.755859
0 0.191406 0.761719 0.191406 0.765625 0.187500 0.765625 0.185547 0.763672 0.189453 0.759766
0 0.464844 0.761719 0.464844 0.765625 0.460938 0.765625 0.458984 0.763672 0.462891 0.759766
0 0.535156 0.761719 0.535156 0.765625 0.531250 0.765625 0.529297 0.763672 0.533203 0.759766
0 0.570312 0.761719 0.570312 0.765625 0.566406 0.765625 0.564453 0.763672 0.568359 0.759766
0 0.607422 0.761719 0.607422 0.765625 0.603516 0.765625 0.601562 0.763672 0.605469 0.759766
0 0.767578 0.763672 0.767578 0.767578 0.763672 0.767578 0.761719 0.765625 0.765625 0.761719
0 0.986328 0.763672 0.986328 0.767578 0.982422 0.767578 0.980469 0.765625 0.984375 0.761719
0 0.734375 0.767578 0.734375 0.771484 0.730469 0.771484 0.728516 0.769531 0.732422 0.765625
0 0.488281 0.771484 0.488281 0.775391 0.484375 0.775391 0.482422 0.773438 0.486328 0.769531
0 0.615234 0.773438 0.615234 0.777344 0.611328 0.777344 0.609375 0.775391 0.613281 0.771484
0 0.873047 0.773438 0.873047 0.777344 0.869141 0.777344 0.867188 0.775391 0.871094 0.771484
0 0.625000 0.777344 0.625000 0.781250 0.621094 0.781250 0.619141 0.779297 0.623047 0.775391
0 0.177734 0.781250 0.177734 0.785156 0.173828 0.785156 0.171875 0.783203 0.175781 0.779297
0 0.533203 0.783203 0.533203 0.787109 0.529297 0.787109 0.527344 0.785156 0.531250 0.781250
0 0.859375 0.791016 0.859375 0.794922 0.855469 0.794922 0.853516 0.792969 0.857422 0.789062
0 0.666016 0.794922 0.666016 0.798828 0.662109 0.798828 0.660156 0.796875 0.664062 0.792969
0 0.712891 0.802734 0.707031 0.808594 0.701172 0.808594 0.695312 0.802734 0.695312 0.796875 0.701172 0.791016 0.707031 0.791016 0.712891 0.796875
0 0.132812 0.800781 0.132812 0.804688 0.128906 0.804688 0.126953 0.802734 0.130859 0.798828
0 0.806641 0.800781 0.806641 0.804688 0.802734 0.804688 0.800781 0.802734 0.804688 0.798828
0 0.560547 0.802734 0.560547 0.806641 0.556641 0.806641 0.554688 0.804688 0.558594 0.800781
0 0.636719 0.802734 0.636719 0.806641 0.632812 0.806641 0.630859 0.804688 0.634766 0.800781
0 0.546875 0.804688 0.546875 0.808594 0.542969 0.808594 0.541016 0.806641 0.544922 0.802734
0 0.121094 0.810547 0.121094 0.814453 0.117188 0.814453 0.115234 0.812500 0.119141 0.808594
0 0.449219 0.812500 0.449219 0.816406 0.445312 0.816406 0.443359 0.814453 0.447266 0.810547
0 0.611328 0.812500 0.611328 0.816406 0.607422 0.816406 0.605469 0.814453 0.609375 0.810547
0 0.115234 0.814453 0.115234 0.818359 0.111328 0.818359 0.109375 0.816406 0.113281 0.812500
0 0.601562 0.814453 0.601562 0.818359 0.597656 0.818359 0.595703 0.816406 0.599609 0.812500
0 0.439453 0.818359 0.439453 0.822266 0.435547 0.822266 0.433594 0.820312 0.437500 0.816406
0 0.503906 0.820312 0.503906 0.824219 0.500000 0.824219 0.498047 0.822266 0.501953 0.818359
0 0.095703 0.824219 0.095703 0.828125 0.091797 0.828125 0.089844 0.826172 0.093750 0.822266
0 0.390625 0.824219 0.390625 0.828125 0.386719 0.828125 0.384766 0.826172 0.388672 0.822266
0 0.470703 0.826172 0.470703 0.830078 0.466797 0.830078 0.464844 0.828125 0.468750 0.824219
0 0.810547 0.826172 0.810547 0.830078 0.806641 0.830078 0.804688 0.828125 0.808594 0.824219
0 0.970703 0.826172 0.970703 0.830078 0.966797 0.830078 0.964844 0.828125 0.968750 0.824219
0 0.513672 0.833984 0.513672 0.837891 0.509766 0.837891 0.507812 0.835938 0.511719 0.832031
0 0.765625 0.833984 0.765625 0.837891 0.761719 0.837891 0.759766 0.835938 0.763672 0.832031
0 0.908203 0.833984 0.908203 0.837891 0.904297 0.837891 0.902344 0.835938 0.906250 0.832031
0 0.435547 0.839844 0.435547 0.843750 0.431641 0.843750 0.429688 0.841797 0.433594 0.837891
0 0.470703 0.839844 0.470703 0.843750 0.466797 0.843750 0.464844 0.841797 0.468750 0.837891
0 0.726562 0.839844 0.726562 0.843750 0.722656 0.843750 0.720703 0.841797 0.724609 0.837891
0 0.833984 0.839844 0.833984 0.843750 0.830078 0.843750 0.828125 0.841797 0.832031 0.837891
0 0.843750 0.839844 0.843750 0.843750 0.839844 0.843750 0.837891 0.841797 0.841797 0.837891
0 0.953125 0.841797 0.953125 0.845703 0.949219 0.845703 0.947266 0.843750 0.951172 0.839844
0 0.751953 0.843750 0.751953 0.847656 0.748047 0.847656 0.746094 0.845703 0.750000 0.841797
0 0.519531 0.847656 0.519531 0.851562 0.515625 0.851562 0.513672 0.849609 0.517578 0.845703
0 0.658203 0.855469 0.656250 0.855469 0.654297 0.857422 0.650391 0.857422 0.648438 0.855469 0.648438 0.849609 0.650391 0.847656 0.654297 0.847656 0.656250 0.849609 0.658203 0.849609
0 0.765625 0.851562 0.765625 0.855469 0.761719 0.855469 0.759766 0.853516 0.763672 0.849609
0 0.033203 0.855469 0.033203 0.859375 0.029297 0.859375 0.027344 0.857422 0.031250 0.853516
0 0.394531 0.855469 0.394531 0.859375 0.390625 0.859375 0.388672 0.857422 0.392578 0.853516
0 0.732422 0.855469 0.732422 0.859375 0.728516 0.859375 0.726562 0.857422 0.730469 0.853516
0 0.484375 0.863281 0.484375 0.867188 0.480469 0.867188 0.478516 0.865234 0.482422 0.861328
0 0.609375 0.865234 0.609375 0.869141 0.605469 0.869141 0.603516 0.867188 0.607422 0.863281
0 0.767578 0.867188 0.767578 0.871094 0.763672 0.871094 0.761719 0.869141 0.765625 0.865234
0 0.498047 0.871094 0.498047 0.875000 0.494141 0.875000 0.492188 0.873047 0.496094 0.869141
0 0.718750 0.871094 0.718750 0.875000 0.714844 0.875000 0.712891 0.873047 0.716797 0.869141
0 0.750000 0.871094 0.750000 0.875000 0.746094 0.875000 0.744141 0.873047 0.748047 0.869141
0 0.416016 0.873047 0.416016 0.876953 0.412109 0.876953 0.410156 0.875000 0.414062 0.871094
0 0.509766 0.873047 0.509766 0.876953 0.505859 0.876953 0.503906 0.875000 0.507812 0.871094
0 0.736328 0.882812 0.736328 0.886719 0.732422 0.886719 0.730469 0.884766 0.734375 0.880859
0 0.701172 0.884766 0.701172 0.888672 0.697266 0.888672 0.695312 0.886719 0.699219 0.882812
0 0.960938 0.884766 0.960938 0.888672 0.957031 0.888672 0.955078 0.886719 0.958984 0.882812
0 0.515625 0.886719 0.515625 0.890625 0.511719 0.890625 0.509766 0.888672 0.513672 0.884766
0 0.763672 0.886719 0.763672 0.890625 0.759766 0.890625 0.757812 0.888672 0.761719 0.884766
0 0.435547 0.888672 0.435547 0.892578 0.431641 0.892578 0.429688 0.890625 0.433594 0.886719
0 0.687500 0.888672 0.687500 0.892578 0.683594 0.892578 0.681641 0.890625 0.685547 0.886719
0 0.468750 0.890625 0.468750 0.894531 0.464844 0.894531 0.462891 0.892578 0.466797 0.888672
0 0.724609 0.894531 0.724609 0.898438 0.720703 0.898438 0.718750 0.896484 0.722656 0.892578
0 0.708984 0.902344 0.707031 0.902344 0.705078 0.904297 0.701172 0.904297 0.699219 0.902344 0.699219 0.896484 0.701172 0.894531 0.705078 0.894531 0.707031 0.896484 0.708984 0.896484
0 0.644531 0.904297 0.642578 0.904297 0.640625 0.906250 0.636719 0.906250 0.634766 0.904297 0.634766 0.898438 0.636719 0.896484 0.640625 0.896484 0.642578 0.898438 0.644531 0.898438
0 0.757812 0.900391 0.757812 0.904297 0.753906 0.904297 0.751953 0.902344 0.755859 0.898438
0 0.937500 0.902344 0.937500 0.906250 0.933594 0.906250 0.931641 0.904297 0.935547 0.900391
0 0.689453 0.904297 0.689453 0.908203 0.685547 0.908203 0.683594 0.906250 0.687500 0.902344
0 0.998047 0.908203 0.998047 0.912109 0.994141 0.912109 0.992188 0.910156 0.996094 0.906250
0 0.517578 0.912109 0.517578 0.916016 0.513672 0.916016 0.511719 0.914062 0.515625 0.910156
0 0.769531 0.912109 0.769531 0.916016 0.765625 0.916016 0.763672 0.914062 0.767578 0.910156
0 0.859375 0.919922 0.857422 0.919922 0.855469 0.921875 0.851562 0.921875 0.849609 0.919922 0.849609 0.914062 0.851562 0.912109 0.855469 0.912109 0.857422 0.914062 0.859375 0.914062
0 0.468750 0.917969 0.468750 0.921875 0.464844 0.921875 0.462891 0.919922 0.466797 0.916016
0 0.503906 0.919922 0.503906 0.923828 0.500000 0.923828 0.498047 0.921875 0.501953 0.917969
0 0.597656 0.919922 0.597656 0.923828 0.593750 0.923828 0.591797 0.921875 0.595703 0.917969
0 0.404297 0.927734 0.402344 0.927734 0.400391 0.929688 0.396484 0.929688 0.394531 0.927734 0.394531 0.921875 0.396484 0.919922 0.400391 0.919922 0.402344 0.921875 0.404297 0.921875
0 0.488281 0.923828 0.488281 0.927734 0.484375 0.927734 0.482422 0.925781 0.486328 0.921875
0 0.947266 0.927734 0.945312 0.927734 0.943359 0.929688 0.939453 0.929688 0.937500 0.927734 0.937500 0.921875 0.939453 0.919922 0.943359 0.919922 0.945312 0.921875 0.947266 0.921875
0 0.583984 0.925781 0.583984 0.929688 0.580078 0.929688 0.578125 0.927734 0.582031 0.923828
0 0.783203 0.929688 0.783203 0.933594 0.779297 0.933594 0.777344 0.931641 0.781250 0.927734
0 0.562500 0.931641 0.562500 0.935547 0.558594 0.935547 0.556641 0.933594 0.560547 0.929688
0 0.757812 0.931641 0.757812 0.935547 0.753906 0.935547 0.751953 0.933594 0.755859 0.929688
0 0.794922 0.931641 0.794922 0.935547 0.791016 0.935547 0.789062 0.933594 0.792969 0.929688
0 0.570312 0.933594 0.570312 0.937500 0.566406 0.937500 0.564453 0.935547 0.568359 0.931641
0 0.990234 0.937500 0.990234 0.941406 0.986328 0.941406 0.984375 0.939453 0.988281 0.935547
0 0.630859 0.939453 0.630859 0.943359 0.626953 0.943359 0.625000 0.941406 0.628906 0.937500
0 0.998047 0.949219 0.994141 0.949219 0.992188 0.947266 0.992188 0.941406 0.994141 0.939453 0.998047 0.939453
0 0.503906 0.947266 0.503906 0.951172 0.500000 0.951172 0.498047 0.949219 0.501953 0.945312
0 0.576172 0.949219 0.576172 0.953125 0.572266 0.953125 0.570312 0.951172 0.574219 0.947266
0 0.880859 0.949219 0.880859 0.953125 0.876953 0.953125 0.875000 0.951172 0.878906 0.947266
0 0.900391 0.949219 0.900391 0.953125 0.896484 0.953125 0.894531 0.951172 0.898438 0.947266
0 0.531250 0.957031 0.531250 0.960938 0.527344 0.960938 0.525391 0.958984 0.529297 0.955078
0 0.343750 0.958984 0.343750 0.962891 0.339844 0.962891 0.337891 0.960938 0.341797 0.957031
0 0.626953 0.958984 0.626953 0.962891 0.623047 0.962891 0.621094 0.960938 0.625000 0.957031
0 0.845703 0.958984 0.845703 0.962891 0.841797 0.962891 0.839844 0.960938 0.843750 0.957031
0 0.400391 0.960938 0.400391 0.964844 0.396484 0.964844 0.394531 0.962891 0.398438 0.958984
0 0.410156 0.964844 0.410156 0.968750 0.406250 0.968750 0.404297 0.966797 0.408203 0.962891
0 0.554688 0.964844 0.554688 0.968750 0.550781 0.968750 0.548828 0.966797 0.552734 0.962891
0 0.587891 0.964844 0.587891 0.968750 0.583984 0.968750 0.582031 0.966797 0.585938 0.962891
0 0.806641 0.964844 0.806641 0.968750 0.802734 0.968750 0.800781 0.966797 0.804688 0.962891
0 0.470703 0.966797 0.470703 0.970703 0.466797 0.970703 0.464844 0.968750 0.468750 0.964844
0 0.908203 0.968750 0.908203 0.972656 0.904297 0.972656 0.902344 0.970703 0.906250 0.966797
0 0.814453 0.972656 0.814453 0.976562 0.810547 0.976562 0.808594 0.974609 0.812500 0.970703
0 0.982422 0.972656 0.982422 0.976562 0.978516 0.976562 0.976562 0.974609 0.980469 0.970703
0 0.849609 0.978516 0.849609 0.982422 0.845703 0.982422 0.843750 0.980469 0.847656 0.976562
0 0.277344 0.980469 0.277344 0.984375 0.273438 0.984375 0.271484 0.982422 0.275391 0.978516
0 0.605469 0.980469 0.605469 0.984375 0.601562 0.984375 0.599609 0.982422 0.603516 0.978516
0 0.716797 0.986328 0.716797 0.990234 0.712891 0.990234 0.710938 0.988281 0.714844 0.984375
0 0.703125 0.988281 0.703125 0.992188 0.699219 0.992188 0.697266 0.990234 0.701172 0.986328
0 0.562500 0.994141 0.562500 0.998047 0.558594 0.998047 0.556641 0.996094 0.560547 0.992188
0 0.390625 0.996094 0.390625 0.998047 0.384766 0.998047 0.388672 0.994141
0 0.609375 0.996094 0.609375 0.998047 0.603516 0.998047 0.607422 0.994141
0 0.937500 0.998047 0.927734 0.998047 0.927734 0.994141 0.929688 0.992188 0.933594 0.992188 0.935547 0.994141 0.937500 0.994141
0 0.968750 0.996094 0.968750 0.998047 0.962891 0.998047 0.966797 0.994141
